path_ref,path_query,ref_x,ref_y,query_x,query_y
0,0,952.8536010439028,540.3311739697773,956.1,550.5
1,1,952.8536010439028,540.3311739697773,956.1,550.5
2,2,952.8536010439028,540.3311739697773,956.1,550.5
3,3,952.8536010439028,540.3311739697773,956.1,550.5
4,4,952.8536010439028,540.3311739697773,956.1,550.5
5,5,952.8536010439028,540.3311739697773,956.1,550.5
6,6,952.8536010439028,540.3311739697773,956.1,550.5
7,7,952.8536010439028,540.3311739697773,956.1,550.5
8,8,952.8536010439028,540.3311739697773,956.1,550.5
9,9,952.8536010439028,540.3311739697773,956.1,550.5
10,10,952.8536010439028,540.3311739697773,956.1,550.5
11,11,952.8536010439028,540.3311739697773,956.1,550.5
12,12,952.8536010439028,540.3311739697773,956.1,550.5
13,13,952.8536010439028,540.3311739697773,956.1,550.5
14,14,952.8536010439028,540.3311739697773,956.1,550.5
15,15,952.8536010439028,540.3311739697773,956.1,550.5
16,16,952.8536010439028,540.3311739697773,956.1,550.5
17,17,952.8536010439028,540.3311739697773,956.1,550.5
18,18,952.8536010439028,540.3311739697773,956.1,550.5
19,19,952.8536010439028,540.3311739697773,956.1,550.5
20,20,952.8536010439028,540.3311739697773,956.1,550.5
21,21,952.8536010439028,540.3311739697773,956.1,550.5
22,22,952.8536010439028,540.3311739697773,956.1,550.5
23,23,952.8536010439028,540.3311739697773,956.1,550.5
24,24,952.8536010439028,540.3311739697773,956.1,550.5
25,25,952.8536010439028,540.3311739697773,956.1,550.5
26,26,952.8536010439028,540.3311739697773,956.1,550.5
27,27,952.8536010439028,540.3311739697773,956.1,550.5
28,28,952.8536010439028,540.3311739697773,956.1,550.5
29,29,952.8536010439028,540.3311739697773,956.1,550.5
30,30,952.8536010439028,540.3311739697773,956.1,550.5
31,31,952.8536010439028,540.3311739697773,956.1,550.5
32,32,952.8536010439028,540.3311739697773,956.1,550.5
33,33,952.8536010439028,540.3311739697773,956.1,550.5
34,34,952.8536010439028,540.3311739697773,956.1,550.5
35,35,952.8536010439028,540.3311739697773,956.1,550.5
36,36,952.8536010439028,540.3311739697773,956.1,550.5
37,37,952.8536010439028,540.3311739697773,956.1,550.5
38,38,952.8536010439028,540.3311739697773,956.1,550.5
39,39,952.8536010439028,540.3311739697773,956.1,550.5
40,40,952.8536010439028,540.3311739697773,956.1,550.5
41,41,952.8536010439028,540.3311739697773,956.1,550.5
42,42,952.8536010439028,540.3311739697773,956.1,550.5
43,43,952.8536010439028,540.3311739697773,956.1,550.5
44,44,952.8536010439028,540.3311739697773,956.1,550.5
45,45,952.8536010439028,540.3311739697773,956.1,550.5
46,46,952.8536010439028,540.3311739697773,956.1,550.5
47,47,952.8536010439028,540.3311739697773,956.1,550.5
48,48,952.8536010439028,540.3311739697773,956.1,550.5
49,49,952.8536010439028,540.3311739697773,956.1,550.5
50,50,952.8536010439028,540.3311739697773,956.1,550.5
51,51,952.8536010439028,540.3311739697773,956.1,550.5
52,52,952.8536010439028,540.3311739697773,956.1,550.5
53,53,952.8536010439028,540.3311739697773,956.1,550.5
54,54,952.8536010439028,540.3311739697773,956.1,550.5
55,55,952.8536010439028,540.3311739697773,956.1,550.5
56,56,952.8536010439028,540.3311739697773,956.1,550.5
57,57,952.8536010439028,540.3311739697773,956.1,550.5
58,58,952.8536010439028,540.3311739697773,956.1,550.5
59,59,952.8536010439028,540.3311739697773,956.1,550.5
60,60,952.8536010439028,540.3311739697773,956.1,550.5
61,61,952.8536010439028,540.3311739697773,956.1,550.5
62,62,952.8536010439028,540.3311739697773,956.1,550.5
63,63,952.8536010439028,540.3311739697773,956.1,550.5
64,64,952.8536010439028,540.3311739697773,956.1,550.5
65,65,952.8536010439028,540.3311739697773,956.1,550.5
66,66,952.8536010439028,540.3311739697773,956.1,550.5
67,67,952.8536010439028,540.3311739697773,956.1,550.5
68,68,952.8536010439028,540.3311739697773,956.1,550.5
69,69,952.8536010439028,540.3311739697773,956.1,550.5
70,70,952.8536010439028,540.3311739697773,956.1,550.5
71,71,952.8536010439028,540.3311739697773,956.1,550.5
72,72,952.8536010439028,540.3311739697773,956.1,550.5
73,73,952.8536010439028,540.3311739697773,956.1,550.5
74,74,952.8536010439028,540.3311739697773,956.1,550.5
75,75,952.8536010439028,540.3311739697773,956.1,550.5
76,76,952.8536010439028,540.3311739697773,956.1,550.5
77,77,952.8536010439028,540.3311739697773,956.1,550.5
78,78,952.8536010439028,540.3311739697773,956.1,550.5
79,79,952.8536010439028,540.3311739697773,956.1,550.5
80,80,952.8536010439028,540.3311739697773,956.1,550.5
81,81,952.8536010439028,540.3311739697773,956.1,550.5
82,82,952.8536010439028,540.3311739697773,956.1,550.5
83,83,952.8536010439028,540.3311739697773,956.1,550.5
84,84,952.8536010439028,540.3311739697773,956.1,550.5
85,85,952.8536010439028,540.3311739697773,956.1,550.5
86,86,952.8536010439028,540.3311739697773,956.1,550.5
87,87,952.8536010439028,540.3311739697773,956.1,550.5
88,88,952.8536010439028,540.3311739697773,956.1,550.5
89,89,952.8536010439028,540.3311739697773,956.1,550.5
90,90,952.8536010439028,540.3311739697773,956.1,550.5
91,91,952.8536010439028,540.3311739697773,956.1,550.5
92,92,952.8536010439028,540.3311739697773,956.1,550.5
93,93,952.8536010439028,540.3311739697773,956.1,550.5
94,94,952.8536010439028,540.3311739697773,956.1,550.5
95,95,952.8536010439028,540.3311739697773,956.1,550.5
96,96,952.8536010439028,540.3311739697773,956.1,550.5
97,97,952.8536010439028,540.3311739697773,956.1,550.5
98,98,952.8536010439028,540.3311739697773,956.1,550.5
99,99,952.8536010439028,540.3311739697773,956.1,550.5
100,100,952.8536010439028,540.3311739697773,956.1,550.5
101,101,952.8536010439028,540.3311739697773,956.1,550.5
102,102,952.8536010439028,540.3311739697773,956.1,550.5
103,103,952.8536010439028,540.3311739697773,956.1,550.5
104,104,952.8536010439028,540.3311739697773,956.1,550.5
105,105,952.8536010439028,540.3311739697773,956.1,550.5
106,106,952.8536010439028,540.3311739697773,956.1,550.5
107,107,952.8536010439028,540.3311739697773,956.1,550.5
108,108,952.8536010439028,540.3311739697773,956.1,550.5
109,109,952.8536010439028,540.3311739697773,956.1,550.5
110,110,952.8536010439028,540.3311739697773,956.1,550.5
111,111,952.8536010439028,540.3311739697773,956.1,550.5
112,112,952.8536010439028,540.3311739697773,956.1,550.5
113,113,952.8536010439028,540.3311739697773,956.1,550.5
114,114,952.8536010439028,540.3311739697773,956.1,550.5
115,115,952.8536010439028,540.3311739697773,956.1,550.5
116,116,952.8536010439028,540.3311739697773,956.1,550.5
117,117,952.8536010439028,540.3311739697773,956.1,550.5
118,118,952.8536010439028,540.3311739697773,956.1,550.5
119,119,952.8536010439028,540.3311739697773,956.1,550.5
120,120,952.8536010439028,540.3311739697773,956.1,550.5
121,121,952.8536010439028,540.3311739697773,956.1,550.5
122,122,952.8536010439028,540.3311739697773,956.1,550.5
123,123,952.8536010439028,540.3311739697773,956.1,550.5
124,124,952.8536010439028,540.3311739697773,956.1,550.5
125,125,952.8536010439028,540.3311739697773,956.1,550.5
126,126,952.8536010439028,540.3311739697773,956.1,550.5
127,127,952.8536010439028,540.3311739697773,956.1,550.5
128,128,952.8536010439028,540.3311739697773,956.1,550.5
129,129,952.8536010439028,540.3311739697773,956.1,550.5
130,130,952.8536010439028,540.3311739697773,956.1,550.5
131,131,952.8536010439028,540.3311739697773,956.1,550.5
132,132,952.8536010439028,540.3311739697773,956.1,550.5
133,133,952.8536010439028,540.3311739697773,956.1,550.5
134,134,952.8536010439028,540.3311739697773,956.1,550.5
135,135,952.8536010439028,540.3311739697773,956.1,550.5
136,136,952.8536010439028,540.3311739697773,956.1,550.5
137,137,952.8536010439028,540.3311739697773,956.1,550.5
138,138,952.8536010439028,540.3311739697773,956.1,550.5
139,139,952.8536010439028,540.3311739697773,956.1,550.5
140,140,952.8536010439028,540.3311739697773,956.1,550.5
141,141,952.8536010439028,540.3311739697773,956.1,550.5
142,142,952.8536010439028,540.3311739697773,956.1,550.5
143,143,952.8536010439028,540.3311739697773,956.1,550.5
144,144,952.8536010439028,540.3311739697773,956.1,550.5
145,145,952.8536010439028,540.3311739697773,956.1,550.5
146,146,952.8536010439028,540.3311739697773,956.1,550.5
147,147,952.8536010439028,540.3311739697773,956.1,550.5
148,148,952.8536010439028,540.3311739697773,956.1,550.5
149,149,952.8536010439028,540.3311739697773,956.1,550.5
150,150,952.8536010439028,540.3311739697773,956.1,550.5
151,151,952.8536010439028,540.3311739697773,956.1,550.5
152,152,952.8536010439028,540.3311739697773,956.1,550.5
153,153,952.8536010439028,540.3311739697773,956.1,550.5
154,154,952.8536010439028,540.3311739697773,956.1,550.5
155,155,952.8536010439028,540.3311739697773,956.1,550.5
156,156,952.8536010439028,540.3311739697773,956.1,550.5
157,157,952.8536010439028,540.3311739697773,956.1,550.5
158,158,952.8536010439028,540.3311739697773,956.1,550.5
159,159,952.8536010439028,540.3311739697773,956.1,550.5
160,160,952.8536010439028,540.3311739697773,956.1,550.5
161,161,952.8536010439028,540.3311739697773,956.1,550.5
162,162,952.8536010439028,540.3311739697773,956.1,550.5
163,163,952.8536010439028,540.3311739697773,956.1,550.5
164,164,952.8536010439028,540.3311739697773,956.1,550.5
165,165,952.8536010439028,540.3311739697773,956.1,550.5
166,166,952.8536010439028,540.3311739697773,956.1,550.5
167,167,952.8536010439028,540.3311739697773,956.1,550.5
168,168,952.8536010439028,540.3311739697773,956.1,550.5
169,169,952.8536010439028,540.3311739697773,956.1,550.5
170,170,952.8536010439028,540.3311739697773,956.1,550.5
171,171,952.8536010439028,540.3311739697773,956.1,550.5
172,172,952.8536010439028,540.3311739697773,956.1,550.5
173,173,952.8536010439028,540.3311739697773,956.1,550.5
174,174,952.8536010439028,540.3311739697773,956.1,550.5
175,175,952.8536010439028,540.3311739697773,956.1,550.5
176,176,952.8536010439028,540.3311739697773,956.1,550.5
177,177,952.8536010439028,540.3311739697773,956.1,550.5
178,178,952.8536010439028,540.3311739697773,956.1,550.5
179,179,952.8536010439028,540.3311739697773,956.1,550.5
180,180,952.8536010439028,540.3311739697773,956.1,550.5
181,181,952.8536010439028,540.3311739697773,956.1,550.5
182,182,952.8536010439028,540.3311739697773,956.1,550.5
183,183,952.8536010439028,540.3311739697773,956.1,550.5
184,184,952.8536010439028,540.3311739697773,956.1,550.5
185,185,952.8536010439028,540.3311739697773,956.1,550.5
186,186,952.8536010439028,540.3311739697773,956.1,550.5
187,187,952.8536010439028,540.3311739697773,956.1,550.5
188,188,952.8536010439028,540.3311739697773,956.1,550.5
189,189,952.8536010439028,540.3311739697773,956.1,550.5
190,190,952.8536010439028,540.3311739697773,956.1,550.5
191,191,952.8536010439028,540.3311739697773,956.1,550.5
192,192,952.8536010439028,540.3311739697773,956.1,550.5
193,193,952.8536010439028,540.3311739697773,956.1,550.5
194,194,952.8536010439028,540.3311739697773,956.1,550.5
195,195,952.8536010439028,540.3311739697773,956.1,550.5
196,196,952.8536010439028,540.3311739697773,956.1,550.5
197,197,952.8536010439028,540.3311739697773,956.1,550.5
198,198,952.8536010439028,540.3311739697773,956.1,550.5
199,199,952.8536010439028,540.3311739697773,956.1,550.5
200,200,952.8536010439028,540.3311739697773,956.1,550.5
201,201,952.8536010439028,540.3311739697773,956.1,550.5
202,202,952.8536010439028,540.3311739697773,956.1,550.5
203,203,952.8536010439028,540.3311739697773,956.1,550.5
204,204,952.8536010439028,540.3311739697773,956.1,550.5
205,205,952.8536010439028,540.3311739697773,956.1,550.5
206,206,952.8536010439028,540.3311739697773,956.1,550.5
207,207,952.8536010439028,540.3311739697773,956.1,550.5
208,208,952.8536010439028,540.3311739697773,956.1,550.5
209,209,952.8536010439028,540.3311739697773,956.1,550.5
210,210,952.8536010439028,540.3311739697773,956.1,550.5
211,211,952.8536010439028,540.3311739697773,956.1,550.5
212,212,952.8536010439028,540.3311739697773,956.1,550.5
213,213,952.8536010439028,540.3311739697773,956.1,550.5
214,214,952.8536010439028,540.3311739697773,956.1,550.5
215,215,952.8536010439028,540.3311739697773,956.1,550.5
216,216,952.8536010439028,540.3311739697773,956.1,550.5
217,217,952.8536010439028,540.3311739697773,956.1,550.5
218,218,952.8536010439028,540.3311739697773,956.1,550.5
219,219,952.8536010439028,540.3311739697773,956.1,550.5
220,220,952.8536010439028,540.3311739697773,956.1,550.5
221,221,952.8536010439028,540.3311739697773,956.1,550.5
222,222,952.8536010439028,540.3311739697773,956.1,550.5
223,223,952.8536010439028,540.3311739697773,956.1,550.5
224,224,952.8536010439028,540.3311739697773,956.1,550.5
225,225,952.8536010439028,540.3311739697773,956.1,550.5
226,226,952.8536010439028,540.3311739697773,956.1,550.5
227,227,952.8536010439028,540.3311739697773,956.1,550.5
228,228,952.8536010439028,540.3311739697773,956.1,550.5
229,229,952.8536010439028,540.3311739697773,956.1,550.5
230,230,952.8536010439028,540.3311739697773,956.1,550.5
231,231,952.8536010439028,540.3311739697773,956.1,550.5
232,232,952.8536010439028,540.3311739697773,956.1,550.5
233,233,952.8536010439028,540.3311739697773,956.1,550.5
234,234,952.8536010439028,540.3311739697773,956.1,550.5
235,235,952.8536010439028,540.3311739697773,956.1,550.5
236,236,952.8536010439028,540.3311739697773,956.1,550.5
237,237,952.8536010439028,540.3311739697773,956.1,550.5
238,238,952.8536010439028,540.3311739697773,956.1,550.5
239,239,952.8536010439028,540.3311739697773,956.1,550.5
240,240,952.8536010439028,540.3311739697773,956.1,550.5
241,241,952.8536010439028,540.3311739697773,956.1,550.5
242,242,952.8536010439028,540.3311739697773,956.1,550.5
243,243,952.8536010439028,540.3311739697773,956.1,550.5
244,244,952.8536010439028,540.3311739697773,956.1,550.5
245,245,952.8536010439028,540.3311739697773,956.1,550.5
246,246,952.8536010439028,540.3311739697773,956.1,550.5
247,247,952.8536010439028,540.3311739697773,956.1,550.5
248,248,952.8536010439028,540.3311739697773,956.1,550.5
249,249,952.8536010439028,540.3311739697773,956.1,550.5
250,250,952.8536010439028,540.3311739697773,956.1,550.5
251,251,952.8536010439028,540.3311739697773,956.1,550.5
252,252,952.8536010439028,540.3311739697773,956.1,550.5
253,253,952.8536010439028,540.3311739697773,956.1,550.5
254,254,952.8536010439028,540.3311739697773,956.1,550.5
255,255,952.8536010439028,540.3311739697773,956.1,550.5
256,256,952.8536010439028,540.3311739697773,956.1,550.5
257,257,952.8536010439028,540.3311739697773,956.1,550.5
258,258,952.8536010439028,540.3311739697773,956.1,550.5
259,259,952.8536010439028,540.3311739697773,956.1,550.5
260,260,952.8536010439028,540.3311739697773,956.1,550.5
261,261,952.8536010439028,540.3311739697773,956.1,550.5
262,262,952.8536010439028,540.3311739697773,956.1,550.5
263,263,952.8536010439028,540.3311739697773,956.1,550.5
264,264,952.8536010439028,540.3311739697773,956.1,550.5
265,265,952.8536010439028,540.3311739697773,956.1,550.5
266,266,952.8536010439028,540.3311739697773,956.1,550.5
267,267,952.8536010439028,540.3311739697773,956.1,550.5
268,268,952.8536010439028,540.3311739697773,956.1,550.5
269,269,952.8536010439028,540.3311739697773,956.1,550.5
270,270,952.8536010439028,540.3311739697773,956.1,550.5
271,271,952.8536010439028,540.3311739697773,956.1,550.5
272,272,952.8536010439028,540.3311739697773,956.1,550.5
273,273,952.8536010439028,540.3311739697773,956.1,550.5
274,274,952.8536010439028,540.3311739697773,956.1,550.5
275,275,952.8536010439028,540.3311739697773,956.1,550.5
276,276,952.8536010439028,540.3311739697773,956.1,550.5
277,277,952.8536010439028,540.3311739697773,956.1,550.5
278,278,952.8536010439028,540.3311739697773,956.1,550.5
279,279,952.8536010439028,540.3311739697773,956.1,550.5
280,280,952.8536010439028,540.3311739697773,956.1,550.5
281,281,952.8536010439028,540.3311739697773,956.1,550.5
282,282,952.8536010439028,540.3311739697773,956.1,550.5
283,283,952.8536010439028,540.3311739697773,956.1,550.5
284,284,952.8536010439028,540.3311739697773,956.1,550.5
285,285,952.8536010439028,540.3311739697773,956.1,550.5
286,286,952.8536010439028,540.3311739697773,956.1,550.5
287,287,952.8536010439028,540.3311739697773,956.1,550.5
288,288,952.8536010439028,540.3311739697773,956.1,550.5
289,289,952.8536010439028,540.3311739697773,956.1,550.5
290,290,952.8536010439028,540.3311739697773,956.1,550.5
291,291,952.8536010439028,540.3311739697773,956.1,550.5
292,292,952.8536010439028,540.3311739697773,956.1,550.5
293,293,952.8536010439028,540.3311739697773,956.1,550.5
294,294,952.8536010439028,540.3311739697773,956.1,550.5
295,295,952.8536010439028,540.3311739697773,956.1,550.5
296,296,952.8536010439028,540.3311739697773,956.1,550.5
297,297,952.8536010439028,540.3311739697773,956.1,550.5
298,298,952.8536010439028,540.3311739697773,956.1,550.5
299,299,952.8536010439028,540.3311739697773,956.1,550.5
300,300,952.8536010439028,540.3311739697773,956.1,550.5
301,301,952.8536010439028,540.3311739697773,956.1,550.5
302,302,952.8536010439028,540.3311739697773,956.1,550.5
303,303,952.8536010439028,540.3311739697773,956.1,550.5
304,304,952.8536010439028,540.3311739697773,956.1,550.5
305,305,952.8536010439028,540.3311739697773,956.1,550.5
306,306,952.8536010439028,540.3311739697773,956.1,550.5
307,307,952.8536010439028,540.3311739697773,956.1,550.5
308,308,952.8536010439028,540.3311739697773,956.1,550.5
309,309,952.8536010439028,540.3311739697773,956.1,550.5
310,310,952.8536010439028,540.3311739697773,956.1,550.5
311,311,952.8536010439028,540.3311739697773,956.1,550.5
312,312,952.8536010439028,540.3311739697773,956.1,550.5
313,313,952.8536010439028,540.3311739697773,956.1,550.5
314,314,952.8536010439028,540.3311739697773,956.1,550.5
315,315,952.8536010439028,540.3311739697773,956.1,550.5
316,316,952.8536010439028,540.3311739697773,956.1,550.5
317,317,952.8536010439028,540.3311739697773,956.1,550.5
318,318,952.8536010439028,540.3311739697773,956.1,550.5
319,319,952.8536010439028,540.3311739697773,956.1,550.5
320,320,952.8536010439028,540.3311739697773,956.1,550.5
321,321,952.8536010439028,540.3311739697773,956.1,550.5
322,322,952.8536010439028,540.3311739697773,956.1,550.5
323,323,952.8536010439028,540.3311739697773,956.1,550.5
324,324,952.8536010439028,540.3311739697773,956.1,550.5
325,325,952.8536010439028,540.3311739697773,956.1,550.5
326,326,952.8536010439028,540.3311739697773,956.1,550.5
327,327,952.8536010439028,540.3311739697773,956.1,550.5
328,328,952.8536010439028,540.3311739697773,956.1,550.5
329,329,952.8536010439028,540.3311739697773,956.1,550.5
330,330,952.8536010439028,540.3311739697773,956.1,550.5
331,331,952.8536010439028,540.3311739697773,956.1,550.5
332,332,952.8536010439028,540.3311739697773,956.1,550.5
333,333,952.8536010439028,540.3311739697773,956.1,550.5
334,334,952.8536010439028,540.3311739697773,956.1,550.5
335,335,952.8536010439028,540.3311739697773,956.1,550.5
336,336,952.8536010439028,540.3311739697773,956.1,550.5
337,337,952.8536010439028,540.3311739697773,956.1,550.5
338,338,952.8536010439028,540.3311739697773,956.1,550.5
339,339,952.8536010439028,540.3311739697773,956.1,550.5
340,340,952.8536010439028,540.3311739697773,956.1,550.5
341,341,952.8536010439028,540.3311739697773,956.1,550.5
342,342,952.8536010439028,540.3311739697773,956.1,550.5
343,343,952.8536010439028,540.3311739697773,956.1,550.5
344,344,952.8536010439028,540.3311739697773,956.1,550.5
345,345,952.8536010439028,540.3311739697773,956.1,550.5
346,346,952.8536010439028,540.3311739697773,956.1,550.5
347,347,952.8536010439028,540.3311739697773,956.1,550.5
348,348,952.8536010439028,540.3311739697773,956.1,550.5
349,349,952.8536010439028,540.3311739697773,956.1,550.5
350,350,952.8536010439028,540.3311739697773,956.1,550.5
351,351,952.8536010439028,540.3311739697773,956.1,550.5
352,352,952.8536010439028,540.3311739697773,956.1,550.5
353,353,952.8536010439028,540.3311739697773,956.1,550.5
354,354,952.8536010439028,540.3311739697773,956.1,550.5
355,355,952.8536010439028,540.3311739697773,956.1,550.5
356,356,952.8536010439028,540.3311739697773,956.1,550.5
357,357,952.8536010439028,540.3311739697773,956.1,550.5
358,358,952.8536010439028,540.3311739697773,956.1,550.5
359,359,952.8536010439028,540.3311739697773,956.1,550.5
360,360,952.8536010439028,540.3311739697773,956.1,550.5
361,361,952.8536010439028,540.3311739697773,956.1,550.5
362,362,952.8536010439028,540.3311739697773,956.1,550.5
363,363,952.8536010439028,540.3311739697773,956.1,550.5
364,364,952.8536010439028,540.3311739697773,956.1,550.5
365,365,952.8536010439028,540.3311739697773,956.1,550.5
366,366,952.8536010439028,540.3311739697773,956.1,550.5
367,367,952.8536010439028,540.3311739697773,956.1,550.5
368,368,952.8536010439028,540.3311739697773,956.1,550.5
369,369,952.8536010439028,540.3311739697773,956.1,550.5
370,370,952.8536010439028,540.3311739697773,956.1,550.5
371,371,952.8536010439028,540.3311739697773,956.1,550.5
372,372,952.8536010439028,540.3311739697773,956.1,550.5
373,373,952.8536010439028,540.3311739697773,956.1,550.5
374,374,952.8536010439028,540.3311739697773,956.1,550.5
375,375,952.8536010439028,540.3311739697773,956.1,550.5
376,376,952.8536010439028,540.3311739697773,956.1,550.5
377,377,952.8536010439028,540.3311739697773,956.1,550.5
378,378,952.8536010439028,540.3311739697773,956.1,550.5
379,379,952.8536010439028,540.3311739697773,956.1,550.5
380,380,952.8536010439028,540.3311739697773,956.1,550.5
381,381,952.8536010439028,540.3311739697773,956.1,550.5
382,382,952.8536010439028,540.3311739697773,956.1,550.5
383,383,952.8536010439028,540.3311739697773,956.1,550.5
384,384,952.8536010439028,540.3311739697773,956.1,550.5
385,385,952.8536010439028,540.3311739697773,956.1,550.5
386,386,952.8536010439028,540.3311739697773,956.1,550.5
387,387,952.8536010439028,540.3311739697773,956.1,550.5
388,388,952.8536010439028,540.3311739697773,956.1,550.5
389,389,952.8536010439028,540.3311739697773,956.1,550.5
390,390,952.8536010439028,540.3311739697773,956.1,550.5
391,391,952.8536010439028,540.3311739697773,956.1,550.5
392,392,952.8536010439028,540.3311739697773,956.1,550.5
393,393,952.8536010439028,540.3311739697773,956.1,550.5
394,394,952.8536010439028,540.3311739697773,956.1,550.5
395,395,952.8536010439028,540.3311739697773,956.1,550.5
396,396,952.8536010439028,540.3311739697773,956.1,550.5
397,397,952.8536010439028,540.3311739697773,956.1,550.5
398,398,952.8536010439028,540.3311739697773,956.1,550.5
399,399,952.8536010439028,540.3311739697773,956.1,550.5
400,400,952.8536010439028,540.3311739697773,956.1,550.5
401,401,952.8536010439028,540.3311739697773,956.1,550.5
402,402,952.8536010439028,540.3311739697773,956.1,550.5
403,403,952.8536010439028,540.3311739697773,956.1,550.5
404,404,952.8536010439028,540.3311739697773,956.1,550.5
405,405,952.8536010439028,540.3311739697773,956.1,550.5
406,406,952.8536010439028,540.3311739697773,956.1,550.5
407,407,952.8536010439028,540.3311739697773,956.1,550.5
408,408,952.8536010439028,540.3311739697773,956.1,550.5
409,409,952.8536010439028,540.3311739697773,956.1,550.5
410,410,952.8536010439028,540.3311739697773,956.1,550.5
411,411,952.8536010439028,540.3311739697773,956.1,550.5
412,412,952.8536010439028,540.3311739697773,956.1,550.5
413,413,952.8536010439028,540.3311739697773,956.1,550.5
414,414,952.8536010439028,540.3311739697773,956.1,550.5
415,415,952.8536010439028,540.3311739697773,956.1,550.5
416,416,952.8536010439028,540.3311739697773,956.1,550.5
417,417,952.8536010439028,540.3311739697773,956.1,550.5
418,418,952.8536010439028,540.3311739697773,956.1,550.5
419,419,952.8536010439028,540.3311739697773,956.1,550.5
420,420,952.8536010439028,540.3311739697773,956.1,550.5
421,421,952.8536010439028,540.3311739697773,956.1,550.5
422,422,952.8536010439028,540.3311739697773,956.1,550.5
423,423,952.8536010439028,540.3311739697773,956.1,550.5
424,424,952.8536010439028,540.3311739697773,956.1,550.5
425,425,952.8536010439028,540.3311739697773,956.1,550.5
426,426,952.8536010439028,540.3311739697773,956.1,550.5
427,427,952.8536010439028,540.3311739697773,956.1,550.5
428,428,952.8536010439028,540.3311739697773,956.1,550.5
429,429,952.8536010439028,540.3311739697773,956.1,550.5
430,430,952.8536010439028,540.3311739697773,956.1,550.5
431,431,952.8536010439028,540.3311739697773,956.1,550.5
432,432,952.8536010439028,540.3311739697773,956.1,550.5
433,433,952.8536010439028,540.3311739697773,956.1,550.5
434,434,952.8536010439028,540.3311739697773,956.1,550.5
435,435,952.8536010439028,540.3311739697773,956.1,550.5
436,436,952.8536010439028,540.3311739697773,956.1,550.5
437,437,952.8536010439028,540.3311739697773,956.1,550.5
438,438,952.8536010439028,540.3311739697773,956.1,550.5
439,439,952.8536010439028,540.3311739697773,956.1,550.5
440,440,952.8536010439028,540.3311739697773,956.1,550.5
441,441,952.8536010439028,540.3311739697773,956.1,550.5
442,442,952.8536010439028,540.3311739697773,956.1,550.5
443,443,952.8536010439028,540.3311739697773,956.1,550.5
444,444,952.8536010439028,540.3311739697773,956.1,550.5
445,445,952.8536010439028,540.3311739697773,956.1,550.5
446,446,952.8536010439028,540.3311739697773,956.1,550.5
447,447,952.8536010439028,540.3311739697773,956.1,550.5
448,448,952.8536010439028,540.3311739697773,956.1,550.5
449,449,952.8536010439028,540.3311739697773,956.1,550.5
450,450,952.8536010439028,540.3311739697773,956.1,550.5
451,451,952.8536010439028,540.3311739697773,956.1,550.5
452,452,952.8536010439028,540.3311739697773,956.1,550.5
453,453,952.8536010439028,540.3311739697773,956.1,550.5
454,454,952.8536010439028,540.3311739697773,956.1,550.5
455,455,952.8536010439028,540.3311739697773,956.1,550.5
456,456,952.8536010439028,540.3311739697773,956.1,550.5
457,457,952.8536010439028,540.3311739697773,956.1,550.5
458,458,952.8536010439028,540.3311739697773,956.1,550.5
459,459,952.8536010439028,540.3311739697773,956.1,550.5
460,460,952.8536010439028,540.3311739697773,956.1,550.5
461,461,952.8536010439028,540.3311739697773,956.1,550.5
462,462,952.8536010439028,540.3311739697773,956.1,550.5
463,463,952.8536010439028,540.3311739697773,956.1,550.5
464,464,952.8536010439028,540.3311739697773,956.1,550.5
465,465,952.8536010439028,540.3311739697773,956.1,550.5
466,466,952.8536010439028,540.3311739697773,956.1,550.5
467,467,952.8536010439028,540.3311739697773,956.1,550.5
468,468,952.8536010439028,540.3311739697773,956.1,550.5
469,469,952.8536010439028,540.3311739697773,956.1,550.5
470,470,952.8536010439028,540.3311739697773,956.1,550.5
471,471,952.8536010439028,540.3311739697773,956.1,550.5
472,472,952.8536010439028,540.3311739697773,956.1,550.5
473,473,952.8536010439028,540.3311739697773,956.1,550.5
474,474,952.8536010439028,540.3311739697773,956.1,550.5
475,475,952.8536010439028,540.3311739697773,956.1,550.5
476,476,952.8536010439028,540.3311739697773,956.1,550.5
477,477,952.8536010439028,540.3311739697773,956.1,550.5
478,478,952.8536010439028,540.3311739697773,956.1,550.5
479,479,952.8536010439028,540.3311739697773,956.1,550.5
480,480,952.8536010439028,540.3311739697773,956.1,550.5
481,481,952.8536010439028,540.3311739697773,956.1,550.5
482,482,952.8536010439028,540.3311739697773,956.1,550.5
483,483,952.8536010439028,540.3311739697773,956.1,550.5
484,484,952.8536010439028,540.3311739697773,956.1,550.5
485,485,952.8536010439028,540.3311739697773,956.1,550.5
486,486,952.8536010439028,540.3311739697773,956.1,550.5
487,487,952.8536010439028,540.3311739697773,956.1,550.5
488,488,952.8536010439028,540.3311739697773,956.1,550.5
489,489,952.8536010439028,540.3311739697773,956.1,550.5
490,490,952.8536010439028,540.3311739697773,956.1,550.5
491,491,952.8536010439028,540.3311739697773,956.1,550.5
492,492,952.8536010439028,540.3311739697773,956.1,550.5
493,493,952.8536010439028,540.3311739697773,956.1,550.5
494,494,952.8536010439028,540.3311739697773,956.1,550.5
495,495,952.8536010439028,540.3311739697773,956.1,550.5
496,496,952.8536010439028,540.3311739697773,956.1,550.5
497,497,952.8536010439028,540.3311739697773,956.1,550.5
498,498,952.8536010439028,540.3311739697773,956.1,550.5
499,499,952.8536010439028,540.3311739697773,956.1,550.5
500,500,952.8536010439028,540.3311739697773,956.1,550.5
501,501,952.8536010439028,540.3311739697773,956.1,550.5
502,502,952.8536010439028,540.3311739697773,956.1,550.5
503,503,952.8536010439028,540.3311739697773,956.1,550.5
504,504,952.8536010439028,540.3311739697773,956.1,550.5
505,505,952.8536010439028,540.3311739697773,956.1,550.5
506,506,952.8536010439028,540.3311739697773,956.1,550.5
507,507,952.8536010439028,540.3311739697773,956.1,550.5
508,508,952.8536010439028,540.3311739697773,956.1,550.5
509,509,952.8536010439028,540.3311739697773,956.1,550.5
510,510,952.8536010439028,540.3311739697773,956.1,550.5
511,511,952.8536010439028,540.3311739697773,956.1,550.5
512,512,952.8536010439028,540.3311739697773,956.1,550.5
513,513,952.8536010439028,540.3311739697773,956.1,550.5
514,514,952.8536010439028,540.3311739697773,956.1,550.5
515,515,952.8536010439028,540.3311739697773,956.1,550.5
516,516,952.8536010439028,540.3311739697773,956.1,550.5
517,517,952.8536010439028,540.3311739697773,956.1,550.5
518,518,952.8536010439028,540.3311739697773,956.1,550.5
519,519,952.8536010439028,540.3311739697773,956.1,550.5
520,520,952.8536010439028,540.3311739697773,956.1,550.5
521,521,952.8536010439028,540.3311739697773,956.1,550.5
522,522,952.8536010439028,540.3311739697773,956.1,550.5
523,523,952.8536010439028,540.3311739697773,956.1,550.5
524,524,952.8536010439028,540.3311739697773,956.1,550.5
525,525,952.8536010439028,540.3311739697773,956.1,550.5
526,526,952.8536010439028,540.3311739697773,956.1,550.5
527,527,952.8536010439028,540.3311739697773,956.1,550.5
528,528,952.8536010439028,540.3311739697773,956.1,550.5
529,529,952.8536010439028,540.3311739697773,956.1,550.5
530,530,952.8536010439028,540.3311739697773,956.1,550.5
531,531,952.8536010439028,540.3311739697773,956.1,550.5
532,532,952.8536010439028,540.3311739697773,956.1,550.5
533,533,952.8536010439028,540.3311739697773,956.1,550.5
534,534,952.8536010439028,540.3311739697773,956.1,550.5
535,535,952.8536010439028,540.3311739697773,956.1,550.5
536,536,952.8536010439028,540.3311739697773,956.1,550.5
537,537,952.8536010439028,540.3311739697773,956.1,550.5
538,538,952.8536010439028,540.3311739697773,956.1,550.5
539,539,952.8536010439028,540.3311739697773,956.1,550.5
540,540,952.8536010439028,540.3311739697773,956.1,550.5
541,541,952.8536010439028,540.3311739697773,956.1,550.5
542,542,952.8536010439028,540.3311739697773,956.1,550.5
543,543,952.8536010439028,540.3311739697773,956.1,550.5
544,544,952.8536010439028,540.3311739697773,956.1,550.5
545,545,952.8536010439028,540.3311739697773,956.1,550.5
546,546,952.8536010439028,540.3311739697773,956.1,550.5
547,547,952.8536010439028,540.3311739697773,956.1,550.5
548,548,952.8536010439028,540.3311739697773,956.1,550.5
549,549,952.8536010439028,540.3311739697773,956.1,550.5
550,550,952.8536010439028,540.3311739697773,956.1,550.5
551,551,952.8536010439028,540.3311739697773,956.1,550.5
552,552,952.8536010439028,540.3311739697773,956.1,550.5
553,553,952.8536010439028,540.3311739697773,956.1,550.5
554,554,952.8536010439028,540.3311739697773,956.1,550.5
555,555,952.8536010439028,540.3311739697773,956.1,550.5
556,556,952.8536010439028,540.3311739697773,956.1,550.5
557,557,952.8536010439028,540.3311739697773,956.1,550.5
558,558,952.8536010439028,540.3311739697773,956.1,550.5
559,559,952.8536010439028,540.3311739697773,956.1,550.5
560,560,952.8536010439028,540.3311739697773,956.1,550.5
561,561,952.8536010439028,540.3311739697773,956.1,550.5
562,562,952.8536010439028,540.3311739697773,956.1,550.5
563,563,952.8536010439028,540.3311739697773,956.1,550.5
564,564,952.8536010439028,540.3311739697773,956.1,550.5
565,565,952.8536010439028,540.3311739697773,956.1,550.5
566,566,952.8536010439028,540.3311739697773,956.1,550.5
567,567,952.8536010439028,540.3311739697773,956.1,550.5
568,568,952.8536010439028,540.3311739697773,956.1,550.5
569,569,952.8536010439028,540.3311739697773,956.1,550.5
570,570,952.8536010439028,540.3311739697773,956.1,550.5
571,571,952.8536010439028,540.3311739697773,956.1,550.5
572,572,952.8536010439028,540.3311739697773,956.1,550.5
573,573,952.8536010439028,540.3311739697773,956.1,550.5
574,574,952.8536010439028,540.3311739697773,956.1,550.5
575,575,952.8536010439028,540.3311739697773,956.1,550.5
576,576,952.8536010439028,540.3311739697773,956.1,550.5
577,577,952.8536010439028,540.3311739697773,956.1,550.5
578,578,952.8536010439028,540.3311739697773,956.1,550.5
579,579,952.8536010439028,540.3311739697773,956.1,550.5
580,580,952.8536010439028,540.3311739697773,956.1,550.5
581,581,952.8536010439028,540.3311739697773,956.1,550.5
582,582,952.8536010439028,540.3311739697773,956.1,550.5
583,583,952.8536010439028,540.3311739697773,956.1,550.5
584,584,952.8536010439028,540.3311739697773,956.1,550.5
585,585,952.8536010439028,540.3311739697773,956.1,550.5
586,586,952.8536010439028,540.3311739697773,956.1,550.5
587,587,952.8536010439028,540.3311739697773,956.1,550.5
588,588,952.8536010439028,540.3311739697773,956.1,550.5
589,589,952.8536010439028,540.3311739697773,956.1,550.5
590,590,952.8536010439028,540.3311739697773,956.1,550.5
591,591,952.8536010439028,540.3311739697773,956.1,550.5
592,592,952.8536010439028,540.3311739697773,956.1,550.5
593,593,952.8536010439028,540.3311739697773,956.1,550.5
594,594,952.8536010439028,540.3311739697773,956.1,550.5
595,595,952.8536010439028,540.3311739697773,956.1,550.5
596,596,952.8536010439028,540.3311739697773,956.1,550.5
597,597,952.8536010439028,540.3311739697773,956.1,550.5
598,598,952.8536010439028,540.3311739697773,956.1,550.5
599,599,952.8536010439028,540.3311739697773,956.1,550.5
599,600,949.8536010439028,390.3311739697773,956.1,550.5
599,601,949.8536010439028,390.3311739697773,956.1,550.5
599,602,949.8536010439028,390.3311739697773,956.1,550.5
599,603,949.8536010439028,390.3311739697773,956.1,550.5
599,604,949.8536010439028,390.3311739697773,956.1,550.5
599,605,949.8536010439028,390.3311739697773,956.1,550.5
599,606,949.8536010439028,390.3311739697773,956.1,550.5
599,607,949.8536010439028,390.3311739697773,956.1,550.5
599,608,949.8536010439028,390.3311739697773,956.1,550.5
599,609,949.8536010439028,390.3311739697773,956.1,550.5
599,610,949.8536010439028,390.3311739697773,956.1,550.5
599,611,949.8536010439028,390.3311739697773,956.1,550.5
599,612,949.8536010439028,390.3311739697773,956.1,550.5
599,613,949.8536010439028,390.3311739697773,956.1,550.5
599,614,949.8536010439028,390.3311739697773,956.1,550.5
599,615,949.8536010439028,390.3311739697773,956.1,550.5
599,616,949.8536010439028,390.3311739697773,956.1,550.5
599,617,949.8536010439028,390.3311739697773,956.1,550.5
599,618,949.8536010439028,390.3311739697773,956.1,550.5
599,619,949.8536010439028,390.3311739697773,956.1,550.5
599,620,949.8536010439028,390.3311739697773,956.1,550.5
599,621,949.8536010439028,390.3311739697773,956.1,550.5
599,622,949.8536010439028,390.3311739697773,956.1,550.5
599,623,949.8536010439028,390.3311739697773,956.1,550.5
599,624,949.8536010439028,390.3311739697773,956.1,550.5
599,625,949.8536010439028,390.3311739697773,956.1,550.5
599,626,949.8536010439028,390.3311739697773,956.1,550.5
599,627,949.8536010439028,390.3311739697773,956.1,550.5
599,628,949.8536010439028,390.3311739697773,956.1,550.5
599,629,949.8536010439028,390.3311739697773,956.1,550.5
599,630,949.8536010439028,390.3311739697773,956.1,550.5
599,631,949.8536010439028,390.3311739697773,956.1,550.5
599,632,949.8536010439028,390.3311739697773,956.1,550.5
599,633,949.8536010439028,390.3311739697773,956.1,550.5
599,634,946.8536010439028,240.3311739697773,956.1,550.5
599,635,946.8536010439028,240.3311739697773,956.1,550.5
599,636,946.8536010439028,240.3311739697773,956.1,550.5
599,637,946.8536010439028,240.3311739697773,956.1,550.5
599,638,946.8536010439028,240.3311739697773,956.1,550.5
599,639,946.8536010439028,240.3311739697773,956.1,550.5
599,640,946.8536010439028,240.3311739697773,956.1,550.5
599,641,946.8536010439028,240.3311739697773,956.1,550.5
599,642,946.8536010439028,240.3311739697773,956.1,550.5
599,643,946.8536010439028,240.3311739697773,956.1,550.5
599,644,946.8536010439028,240.3311739697773,956.1,550.5
599,645,946.8536010439028,240.3311739697773,956.1,550.5
599,646,946.8536010439028,240.3311739697773,956.1,550.5
599,647,946.8536010439028,240.3311739697773,956.1,550.5
599,648,946.8536010439028,240.3311739697773,956.1,550.5
599,649,946.8536010439028,240.3311739697773,956.1,550.5
599,650,946.8536010439028,240.3311739697773,956.1,550.5
599,651,946.8536010439028,240.3311739697773,956.1,550.5
599,652,946.8536010439028,240.3311739697773,956.1,550.5
599,653,946.8536010439028,240.3311739697773,956.1,550.5
599,654,946.8536010439028,240.3311739697773,956.1,550.5
599,655,946.8536010439028,240.3311739697773,956.1,550.5
599,656,946.8536010439028,240.3311739697773,956.1,550.5
599,657,946.8536010439028,240.3311739697773,956.1,550.5
599,658,946.8536010439028,240.3311739697773,956.1,550.5
599,659,946.8536010439028,240.3311739697773,956.1,550.5
599,660,946.8536010439028,240.3311739697773,956.1,550.5
599,661,946.8536010439028,240.3311739697773,956.1,550.5
599,662,946.8536010439028,240.3311739697773,956.1,550.5
599,663,946.8536010439028,240.3311739697773,956.1,550.5
599,664,946.8536010439028,240.3311739697773,956.1,550.5
599,665,946.8536010439028,240.3311739697773,956.1,550.5
599,666,946.8536010439028,240.3311739697773,956.1,550.5
599,667,946.8536010439028,240.3311739697773,956.1,550.5
599,668,946.8536010439028,240.3311739697773,956.1,550.5
599,669,946.8536010439028,240.3311739697773,956.1,550.5
599,670,946.8536010439028,240.3311739697773,956.1,550.5
599,671,946.8536010439028,240.3311739697773,956.1,550.5
599,672,946.8536010439028,240.3311739697773,956.1,550.5
599,673,946.8536010439028,240.3311739697773,956.1,550.5
599,674,946.8536010439028,240.3311739697773,956.1,550.5
599,675,946.8536010439028,240.3311739697773,956.1,550.5
599,676,946.8536010439028,240.3311739697773,956.1,550.5
599,677,946.8536010439028,240.3311739697773,956.1,550.5
599,678,946.8536010439028,240.3311739697773,956.1,550.5
599,679,946.8536010439028,240.3311739697773,956.1,550.5
599,680,946.8536010439028,240.3311739697773,956.1,550.5
599,681,946.8536010439028,240.3311739697773,956.1,550.5
599,682,946.8536010439028,240.3311739697773,956.1,550.5
599,683,946.8536010439028,240.3311739697773,956.1,550.5
599,684,946.8536010439028,240.3311739697773,956.1,550.5
599,685,946.8536010439028,240.3311739697773,956.1,550.5
599,686,946.8536010439028,240.3311739697773,956.1,550.5
599,687,946.8536010439028,240.3311739697773,956.1,550.5
599,688,946.8536010439028,240.3311739697773,956.1,550.5
599,689,946.8536010439028,240.3311739697773,956.1,550.5
599,690,946.8536010439028,240.3311739697773,956.1,550.5
599,691,946.8536010439028,240.3311739697773,956.1,550.5
599,692,946.8536010439028,240.3311739697773,956.1,550.5
599,693,946.8536010439028,240.3311739697773,956.1,550.5
599,694,946.8536010439028,240.3311739697773,956.1,550.5
599,695,946.8536010439028,240.3311739697773,956.1,550.5
599,696,946.8536010439028,240.3311739697773,956.1,550.5
599,697,946.8536010439028,240.3311739697773,956.1,550.5
599,698,946.8536010439028,240.3311739697773,956.1,550.5
599,699,946.8536010439028,240.3311739697773,956.1,550.5
599,700,796.8536010439028,246.3311739697773,952.3684210526316,534.9578947368421
600,701,796.8536010439028,246.3311739697773,948.6368421052632,519.4157894736842
601,702,796.8536010439028,246.3311739697773,944.9052631578948,503.87368421052633
602,703,796.8536010439028,246.3311739697773,941.1736842105263,488.3315789473684
603,704,796.8536010439028,246.3311739697773,937.4421052631579,472.7894736842105
604,705,796.8536010439028,246.3311739697773,933.7105263157895,457.2473684210526
605,706,796.8536010439028,246.3311739697773,929.9789473684211,441.7052631578947
606,707,796.8536010439028,246.3311739697773,926.2473684210527,426.16315789473686
607,708,796.8536010439028,246.3311739697773,922.5157894736842,410.62105263157895
608,709,796.8536010439028,246.3311739697773,918.7842105263159,395.07894736842104
609,710,796.8536010439028,246.3311739697773,915.0526315789474,379.5368421052632
610,711,796.8536010439028,246.3311739697773,911.3210526315789,363.9947368421052
611,712,796.8536010439028,246.3311739697773,907.5894736842106,348.4526315789474
612,713,796.8536010439028,246.3311739697773,903.8578947368421,332.91052631578947
613,714,796.8536010439028,246.3311739697773,900.1263157894737,317.36842105263156
614,715,796.8536010439028,246.3311739697773,896.3947368421053,301.8263157894737
615,716,796.8536010439028,246.3311739697773,892.6631578947369,286.2842105263158
616,717,796.8536010439028,246.3311739697773,888.9315789473685,270.7421052631579
617,718,796.8536010439028,246.3311739697773,885.2,255.2
618,719,796.8536010439028,246.3311739697773,885.2,255.2
619,720,796.8536010439028,246.3311739697773,885.2,255.2
620,721,796.8536010439028,246.3311739697773,885.2,255.2
621,722,796.8536010439028,246.3311739697773,885.2,255.2
622,723,796.8536010439028,246.3311739697773,885.2,255.2
623,724,796.8536010439028,246.3311739697773,885.2,255.2
624,725,796.8536010439028,246.3311739697773,885.2,255.2
625,726,796.8536010439028,246.3311739697773,885.2,255.2
626,727,796.8536010439028,246.3311739697773,885.2,255.2
627,728,796.8536010439028,246.3311739697773,885.2,255.2
628,729,796.8536010439028,246.3311739697773,885.2,255.2
629,730,796.8536010439028,246.3311739697773,885.2,255.2
630,731,796.8536010439028,246.3311739697773,885.2,255.2
631,732,796.8536010439028,246.3311739697773,885.2,255.2
632,733,796.8536010439028,246.3311739697773,885.2,255.2
633,734,646.8536010439028,252.3311739697773,885.2,255.2
633,735,646.8536010439028,252.3311739697773,885.2,255.2
633,736,646.8536010439028,252.3311739697773,885.2,255.2
633,737,646.8536010439028,252.3311739697773,885.2,255.2
633,738,646.8536010439028,252.3311739697773,885.2,255.2
633,739,646.8536010439028,252.3311739697773,885.2,255.2
633,740,646.8536010439028,252.3311739697773,885.2,255.2
633,741,646.8536010439028,252.3311739697773,885.2,255.2
633,742,646.8536010439028,252.3311739697773,885.2,255.2
633,743,646.8536010439028,252.3311739697773,885.2,255.2
633,744,646.8536010439028,252.3311739697773,885.2,255.2
633,745,646.8536010439028,252.3311739697773,885.2,255.2
633,746,646.8536010439028,252.3311739697773,885.2,255.2
633,747,646.8536010439028,252.3311739697773,885.2,255.2
633,748,646.8536010439028,252.3311739697773,885.2,255.2
633,749,646.8536010439028,252.3311739697773,885.2,255.2
633,750,646.8536010439028,252.3311739697773,885.2,255.2
633,751,646.8536010439028,252.3311739697773,885.2,255.2
633,752,646.8536010439028,252.3311739697773,885.2,255.2
633,753,646.8536010439028,252.3311739697773,885.2,255.2
633,754,646.8536010439028,252.3311739697773,885.2,255.2
633,755,646.8536010439028,252.3311739697773,885.2,255.2
633,756,646.8536010439028,252.3311739697773,885.2,255.2
633,757,646.8536010439028,252.3311739697773,885.2,255.2
634,758,646.8536010439028,252.3311739697773,885.2,255.2
635,759,646.8536010439028,252.3311739697773,885.2,255.2
636,760,646.8536010439028,252.3311739697773,885.2,255.2
637,761,646.8536010439028,252.3311739697773,885.2,255.2
638,762,646.8536010439028,252.3311739697773,885.2,255.2
639,763,646.8536010439028,252.3311739697773,885.2,255.2
640,764,646.8536010439028,252.3311739697773,885.2,255.2
641,765,646.8536010439028,252.3311739697773,885.2,255.2
642,766,646.8536010439028,252.3311739697773,885.2,255.2
643,767,646.8536010439028,252.3311739697773,885.2,255.2
644,768,646.8536010439028,252.3311739697773,885.2,255.2
645,769,646.8536010439028,252.3311739697773,885.2,255.2
646,770,646.8536010439028,252.3311739697773,885.2,255.2
647,771,646.8536010439028,252.3311739697773,885.2,255.2
648,772,646.8536010439028,252.3311739697773,885.2,255.2
649,773,646.8536010439028,252.3311739697773,885.2,255.2
650,774,646.8536010439028,252.3311739697773,885.2,255.2
651,775,646.8536010439028,252.3311739697773,885.2,255.2
652,776,646.8536010439028,252.3311739697773,885.2,255.2
653,777,646.8536010439028,252.3311739697773,885.2,255.2
654,778,646.8536010439028,252.3311739697773,885.2,255.2
655,779,646.8536010439028,252.3311739697773,885.2,255.2
656,780,646.8536010439028,252.3311739697773,885.2,255.2
657,781,646.8536010439028,252.3311739697773,885.2,255.2
658,782,646.8536010439028,252.3311739697773,885.2,255.2
659,783,646.8536010439028,252.3311739697773,885.2,255.2
660,784,646.8536010439028,252.3311739697773,885.2,255.2
661,785,646.8536010439028,252.3311739697773,885.2,255.2
662,786,646.8536010439028,252.3311739697773,885.2,255.2
663,787,646.8536010439028,252.3311739697773,885.2,255.2
664,788,646.8536010439028,252.3311739697773,885.2,255.2
665,789,646.8536010439028,252.3311739697773,885.2,255.2
666,790,646.8536010439028,252.3311739697773,885.2,255.2
667,791,646.8536010439028,252.3311739697773,885.2,255.2
668,792,646.8536010439028,252.3311739697773,885.2,255.2
669,793,646.8536010439028,252.3311739697773,885.2,255.2
670,794,646.8536010439028,252.3311739697773,885.2,255.2
671,795,646.8536010439028,252.3311739697773,885.2,255.2
672,796,646.8536010439028,252.3311739697773,885.2,255.2
673,797,646.8536010439028,252.3311739697773,885.2,255.2
674,798,646.8536010439028,252.3311739697773,885.2,255.2
675,799,646.8536010439028,252.3311739697773,885.2,255.2
676,800,646.8536010439028,252.3311739697773,885.2,255.2
677,801,646.8536010439028,252.3311739697773,885.2,255.2
678,802,646.8536010439028,252.3311739697773,885.2,255.2
679,803,646.8536010439028,252.3311739697773,885.2,255.2
680,804,646.8536010439028,252.3311739697773,885.2,255.2
681,805,646.8536010439028,252.3311739697773,885.2,255.2
682,806,646.8536010439028,252.3311739697773,885.2,255.2
683,807,646.8536010439028,252.3311739697773,885.2,255.2
684,808,646.8536010439028,252.3311739697773,885.2,255.2
685,809,646.8536010439028,252.3311739697773,885.2,255.2
686,810,646.8536010439028,252.3311739697773,885.2,255.2
687,811,646.8536010439028,252.3311739697773,885.2,255.2
688,812,646.8536010439028,252.3311739697773,885.2,255.2
689,813,646.8536010439028,252.3311739697773,885.2,255.2
690,814,646.8536010439028,252.3311739697773,885.2,255.2
691,815,646.8536010439028,252.3311739697773,885.2,255.2
692,816,646.8536010439028,252.3311739697773,885.2,255.2
693,817,646.8536010439028,252.3311739697773,885.2,255.2
694,818,646.8536010439028,252.3311739697773,885.2,255.2
695,819,646.8536010439028,252.3311739697773,885.2,255.2
696,820,646.8536010439028,252.3311739697773,885.2,255.2
697,821,646.8536010439028,252.3311739697773,885.2,255.2
698,822,646.8536010439028,252.3311739697773,885.2,255.2
699,823,646.8536010439028,252.3311739697773,885.2,255.2
699,824,646.8536010439028,252.3311739697773,885.2,255.2
699,825,646.8536010439028,252.3311739697773,885.2,255.2
699,826,646.8536010439028,252.3311739697773,885.2,255.2
699,827,646.8536010439028,252.3311739697773,885.2,255.2
699,828,646.8536010439028,252.3311739697773,885.2,255.2
699,829,646.8536010439028,252.3311739697773,885.2,255.2
699,830,646.8536010439028,252.3311739697773,885.2,255.2
699,831,646.8536010439028,252.3311739697773,885.2,255.2
699,832,646.8536010439028,252.3311739697773,885.2,255.2
699,833,646.8536010439028,252.3311739697773,885.2,255.2
699,834,646.8536010439028,252.3311739697773,885.2,255.2
699,835,646.8536010439028,252.3311739697773,885.2,255.2
699,836,646.8536010439028,252.3311739697773,885.2,255.2
699,837,646.8536010439028,252.3311739697773,885.2,255.2
699,838,646.8536010439028,252.3311739697773,885.2,255.2
699,839,646.8536010439028,252.3311739697773,885.2,255.2
699,840,646.8536010439028,252.3311739697773,885.2,255.2
699,841,646.8536010439028,252.3311739697773,885.2,255.2
699,842,646.8536010439028,252.3311739697773,885.2,255.2
699,843,646.8536010439028,252.3311739697773,885.2,255.2
699,844,646.8536010439028,252.3311739697773,885.2,255.2
699,845,646.8536010439028,252.3311739697773,885.2,255.2
699,846,646.8536010439028,252.3311739697773,885.2,255.2
699,847,646.8536010439028,252.3311739697773,885.2,255.2
699,848,646.8536010439028,252.3311739697773,885.2,255.2
699,849,646.8536010439028,252.3311739697773,885.2,255.2
699,850,646.8536010439028,252.3311739697773,885.2,255.2
699,851,646.8536010439028,252.3311739697773,885.2,255.2
699,852,646.8536010439028,252.3311739697773,885.2,255.2
699,853,646.8536010439028,252.3311739697773,885.2,255.2
699,854,646.8536010439028,252.3311739697773,885.2,255.2
699,855,646.8536010439028,252.3311739697773,885.2,255.2
699,856,646.8536010439028,252.3311739697773,885.2,255.2
699,857,646.8536010439028,252.3311739697773,885.2,255.2
699,858,646.8536010439028,252.3311739697773,885.2,255.2
699,859,646.8536010439028,252.3311739697773,885.2,255.2
699,860,646.8536010439028,252.3311739697773,885.2,255.2
699,861,646.8536010439028,252.3311739697773,885.2,255.2
699,862,646.8536010439028,252.3311739697773,885.2,255.2
699,863,646.8536010439028,252.3311739697773,885.2,255.2
699,864,646.8536010439028,252.3311739697773,885.2,255.2
699,865,646.8536010439028,252.3311739697773,885.2,255.2
699,866,646.8536010439028,252.3311739697773,885.2,255.2
699,867,814.8536010439028,447.3311739697773,885.2,255.2
699,868,814.8536010439028,447.3311739697773,885.2,255.2
699,869,814.8536010439028,447.3311739697773,885.2,255.2
699,870,814.8536010439028,447.3311739697773,885.2,255.2
699,871,814.8536010439028,447.3311739697773,885.2,255.2
699,872,814.8536010439028,447.3311739697773,885.2,255.2
699,873,814.8536010439028,447.3311739697773,885.2,255.2
699,874,814.8536010439028,447.3311739697773,885.2,255.2
699,875,814.8536010439028,447.3311739697773,885.2,255.2
699,876,814.8536010439028,447.3311739697773,885.2,255.2
699,877,814.8536010439028,447.3311739697773,885.2,255.2
699,878,814.8536010439028,447.3311739697773,885.2,255.2
699,879,814.8536010439028,447.3311739697773,885.2,255.2
699,880,814.8536010439028,447.3311739697773,885.2,255.2
699,881,814.8536010439028,447.3311739697773,885.2,255.2
699,882,814.8536010439028,447.3311739697773,885.2,255.2
699,883,814.8536010439028,447.3311739697773,885.2,255.2
699,884,814.8536010439028,447.3311739697773,885.2,255.2
699,885,814.8536010439028,447.3311739697773,885.2,255.2
699,886,814.8536010439028,447.3311739697773,885.2,255.2
699,887,814.8536010439028,447.3311739697773,885.2,255.2
699,888,814.8536010439028,447.3311739697773,885.2,255.2
699,889,814.8536010439028,447.3311739697773,885.2,255.2
699,890,814.8536010439028,447.3311739697773,885.2,255.2
699,891,814.8536010439028,447.3311739697773,885.2,255.2
699,892,814.8536010439028,447.3311739697773,885.2,255.2
699,893,814.8536010439028,447.3311739697773,885.2,255.2
699,894,814.8536010439028,447.3311739697773,885.2,255.2
699,895,814.8536010439028,447.3311739697773,885.2,255.2
699,896,814.8536010439028,447.3311739697773,885.2,255.2
699,897,814.8536010439028,447.3311739697773,885.2,255.2
699,898,814.8536010439028,447.3311739697773,885.2,255.2
699,899,814.8536010439028,447.3311739697773,885.2,255.2
700,900,814.8536010439028,447.3311739697773,874.3631578947369,255.4842105263158
701,901,814.8536010439028,447.3311739697773,863.5263157894738,255.76842105263157
702,902,814.8536010439028,447.3311739697773,852.6894736842105,256.05263157894734
703,903,814.8536010439028,447.3311739697773,841.8526315789474,256.33684210526314
704,904,814.8536010439028,447.3311739697773,831.0157894736842,256.62105263157895
705,905,814.8536010439028,447.3311739697773,820.1789473684211,256.90526315789475
706,906,814.8536010439028,447.3311739697773,809.3421052631579,257.18947368421055
707,907,814.8536010439028,447.3311739697773,798.5052631578948,257.4736842105263
708,907,983.8536010439028,642.3311739697773,787.6684210526316,257.7578947368421
709,907,983.8536010439028,642.3311739697773,776.8315789473684,258.0421052631579
710,907,983.8536010439028,642.3311739697773,765.9947368421052,258.3263157894737
711,907,983.8536010439028,642.3311739697773,755.1578947368421,258.61052631578946
712,907,983.8536010439028,642.3311739697773,744.3210526315789,258.89473684210526
713,907,983.8536010439028,642.3311739697773,733.4842105263158,259.17894736842106
714,907,983.8536010439028,642.3311739697773,722.6473684210526,259.46315789473687
715,907,983.8536010439028,642.3311739697773,711.8105263157895,259.74736842105267
716,907,983.8536010439028,642.3311739697773,700.9736842105262,260.0315789473684
717,907,983.8536010439028,642.3311739697773,690.1368421052631,260.3157894736842
718,907,983.8536010439028,642.3311739697773,679.3,260.6
719,907,983.8536010439028,642.3311739697773,679.3,260.6
720,907,983.8536010439028,642.3311739697773,679.3,260.6
721,907,983.8536010439028,642.3311739697773,679.3,260.6
722,907,983.8536010439028,642.3311739697773,679.3,260.6
723,907,983.8536010439028,642.3311739697773,679.3,260.6
724,907,983.8536010439028,642.3311739697773,679.3,260.6
725,907,983.8536010439028,642.3311739697773,679.3,260.6
726,907,983.8536010439028,642.3311739697773,679.3,260.6
727,907,983.8536010439028,642.3311739697773,679.3,260.6
728,907,983.8536010439028,642.3311739697773,679.3,260.6
729,908,983.8536010439028,642.3311739697773,679.3,260.6
730,909,983.8536010439028,642.3311739697773,679.3,260.6
731,910,983.8536010439028,642.3311739697773,679.3,260.6
732,911,983.8536010439028,642.3311739697773,679.3,260.6
733,912,983.8536010439028,642.3311739697773,679.3,260.6
734,913,983.8536010439028,642.3311739697773,679.3,260.6
735,914,983.8536010439028,642.3311739697773,679.3,260.6
736,915,983.8536010439028,642.3311739697773,679.3,260.6
737,916,983.8536010439028,642.3311739697773,679.3,260.6
738,917,983.8536010439028,642.3311739697773,679.3,260.6
739,918,983.8536010439028,642.3311739697773,679.3,260.6
740,919,983.8536010439028,642.3311739697773,679.3,260.6
741,920,983.8536010439028,642.3311739697773,679.3,260.6
742,921,983.8536010439028,642.3311739697773,679.3,260.6
743,922,983.8536010439028,642.3311739697773,679.3,260.6
744,923,983.8536010439028,642.3311739697773,679.3,260.6
745,924,983.8536010439028,642.3311739697773,679.3,260.6
746,925,983.8536010439028,642.3311739697773,679.3,260.6
747,926,983.8536010439028,642.3311739697773,679.3,260.6
748,927,983.8536010439028,642.3311739697773,679.3,260.6
749,928,983.8536010439028,642.3311739697773,679.3,260.6
750,929,983.8536010439028,642.3311739697773,679.3,260.6
751,930,983.8536010439028,642.3311739697773,679.3,260.6
752,931,983.8536010439028,642.3311739697773,679.3,260.6
753,932,983.8536010439028,642.3311739697773,679.3,260.6
754,933,983.8536010439028,642.3311739697773,679.3,260.6
755,934,983.8536010439028,642.3311739697773,679.3,260.6
756,935,983.8536010439028,642.3311739697773,679.3,260.6
757,936,983.8536010439028,642.3311739697773,679.3,260.6
758,937,983.8536010439028,642.3311739697773,679.3,260.6
759,938,983.8536010439028,642.3311739697773,679.3,260.6
760,939,983.8536010439028,642.3311739697773,679.3,260.6
761,940,983.8536010439028,642.3311739697773,679.3,260.6
762,941,983.8536010439028,642.3311739697773,679.3,260.6
763,942,983.8536010439028,642.3311739697773,679.3,260.6
764,943,983.8536010439028,642.3311739697773,679.3,260.6
765,944,983.8536010439028,642.3311739697773,679.3,260.6
766,945,983.8536010439028,642.3311739697773,679.3,260.6
767,946,1000.8536010439028,641.3311739697773,679.3,260.6
768,947,1000.8536010439028,641.3311739697773,679.3,260.6
769,948,1000.8536010439028,641.3311739697773,679.3,260.6
770,949,1000.8536010439028,641.3311739697773,679.3,260.6
771,950,1000.8536010439028,641.3311739697773,679.3,260.6
772,951,1000.8536010439028,641.3311739697773,679.3,260.6
773,952,1000.8536010439028,641.3311739697773,679.3,260.6
774,953,1000.8536010439028,641.3311739697773,679.3,260.6
775,954,1000.8536010439028,641.3311739697773,679.3,260.6
776,955,1000.8536010439028,641.3311739697773,679.3,260.6
777,956,1000.8536010439028,641.3311739697773,679.3,260.6
778,957,1000.8536010439028,641.3311739697773,679.3,260.6
779,958,1000.8536010439028,641.3311739697773,679.3,260.6
780,959,1000.8536010439028,641.3311739697773,679.3,260.6
781,960,1000.8536010439028,641.3311739697773,679.3,260.6
782,961,1000.8536010439028,641.3311739697773,679.3,260.6
783,962,1000.8536010439028,641.3311739697773,679.3,260.6
784,963,1000.8536010439028,641.3311739697773,679.3,260.6
785,964,1000.8536010439028,641.3311739697773,679.3,260.6
786,965,1000.8536010439028,641.3311739697773,679.3,260.6
787,966,1000.8536010439028,641.3311739697773,679.3,260.6
788,967,1000.8536010439028,641.3311739697773,679.3,260.6
789,968,1000.8536010439028,641.3311739697773,679.3,260.6
790,969,1000.8536010439028,641.3311739697773,679.3,260.6
791,970,1000.8536010439028,641.3311739697773,679.3,260.6
792,971,1000.8536010439028,641.3311739697773,679.3,260.6
793,972,1000.8536010439028,641.3311739697773,679.3,260.6
794,973,1000.8536010439028,641.3311739697773,679.3,260.6
795,974,1000.8536010439028,641.3311739697773,679.3,260.6
796,975,1000.8536010439028,641.3311739697773,679.3,260.6
797,976,1000.8536010439028,641.3311739697773,679.3,260.6
798,977,1000.8536010439028,641.3311739697773,679.3,260.6
799,978,1000.8536010439028,641.3311739697773,679.3,260.6
800,979,1017.8536010439028,640.3311739697773,679.3,260.6
801,980,1017.8536010439028,640.3311739697773,679.3,260.6
802,981,1017.8536010439028,640.3311739697773,679.3,260.6
803,982,1017.8536010439028,640.3311739697773,679.3,260.6
804,983,1017.8536010439028,640.3311739697773,679.3,260.6
805,984,1017.8536010439028,640.3311739697773,679.3,260.6
806,985,1017.8536010439028,640.3311739697773,679.3,260.6
807,986,1017.8536010439028,640.3311739697773,679.3,260.6
808,987,1017.8536010439028,640.3311739697773,679.3,260.6
809,988,1017.8536010439028,640.3311739697773,679.3,260.6
810,989,1017.8536010439028,640.3311739697773,679.3,260.6
811,990,1017.8536010439028,640.3311739697773,679.3,260.6
812,991,1017.8536010439028,640.3311739697773,679.3,260.6
813,992,1017.8536010439028,640.3311739697773,679.3,260.6
814,993,1017.8536010439028,640.3311739697773,679.3,260.6
815,994,1017.8536010439028,640.3311739697773,679.3,260.6
816,995,1017.8536010439028,640.3311739697773,679.3,260.6
817,996,1017.8536010439028,640.3311739697773,679.3,260.6
818,997,1017.8536010439028,640.3311739697773,679.3,260.6
819,998,1017.8536010439028,640.3311739697773,679.3,260.6
820,999,1017.8536010439028,640.3311739697773,679.3,260.6
821,1000,1017.8536010439028,640.3311739697773,679.3,260.6
822,1001,1017.8536010439028,640.3311739697773,679.3,260.6
823,1002,1017.8536010439028,640.3311739697773,679.3,260.6
824,1003,1017.8536010439028,640.3311739697773,679.3,260.6
825,1004,1017.8536010439028,640.3311739697773,679.3,260.6
826,1005,1017.8536010439028,640.3311739697773,679.3,260.6
827,1006,1017.8536010439028,640.3311739697773,679.3,260.6
828,1007,1017.8536010439028,640.3311739697773,679.3,260.6
829,1008,1017.8536010439028,640.3311739697773,679.3,260.6
830,1009,1017.8536010439028,640.3311739697773,679.3,260.6
831,1010,1017.8536010439028,640.3311739697773,679.3,260.6
832,1011,1017.8536010439028,640.3311739697773,679.3,260.6
833,1012,1034.853601043903,639.3311739697773,679.3,260.6
834,1013,1034.853601043903,639.3311739697773,679.3,260.6
835,1014,1034.853601043903,639.3311739697773,679.3,260.6
836,1015,1034.853601043903,639.3311739697773,679.3,260.6
837,1016,1034.853601043903,639.3311739697773,679.3,260.6
838,1017,1034.853601043903,639.3311739697773,679.3,260.6
839,1018,1034.853601043903,639.3311739697773,679.3,260.6
840,1019,1034.853601043903,639.3311739697773,679.3,260.6
841,1020,1034.853601043903,639.3311739697773,679.3,260.6
842,1021,1034.853601043903,639.3311739697773,679.3,260.6
843,1022,1034.853601043903,639.3311739697773,679.3,260.6
844,1023,1034.853601043903,639.3311739697773,679.3,260.6
845,1024,1034.853601043903,639.3311739697773,679.3,260.6
846,1025,1034.853601043903,639.3311739697773,679.3,260.6
847,1026,1034.853601043903,639.3311739697773,679.3,260.6
848,1027,1034.853601043903,639.3311739697773,679.3,260.6
849,1028,1034.853601043903,639.3311739697773,679.3,260.6
850,1029,1034.853601043903,639.3311739697773,679.3,260.6
851,1030,1034.853601043903,639.3311739697773,679.3,260.6
852,1031,1034.853601043903,639.3311739697773,679.3,260.6
853,1032,1034.853601043903,639.3311739697773,679.3,260.6
854,1033,1034.853601043903,639.3311739697773,679.3,260.6
855,1034,1034.853601043903,639.3311739697773,679.3,260.6
856,1035,1034.853601043903,639.3311739697773,679.3,260.6
857,1036,1034.853601043903,639.3311739697773,679.3,260.6
858,1037,1034.853601043903,639.3311739697773,679.3,260.6
859,1038,1034.853601043903,639.3311739697773,679.3,260.6
860,1039,1034.853601043903,639.3311739697773,679.3,260.6
861,1040,1034.853601043903,639.3311739697773,679.3,260.6
862,1041,1034.853601043903,639.3311739697773,679.3,260.6
863,1042,1034.853601043903,639.3311739697773,679.3,260.6
864,1043,1034.853601043903,639.3311739697773,679.3,260.6
865,1044,1034.853601043903,639.3311739697773,679.3,260.6
866,1045,1034.853601043903,639.3311739697773,679.3,260.6
866,1046,1051.853601043903,638.3311739697773,679.3,260.6
866,1047,1051.853601043903,638.3311739697773,679.3,260.6
866,1048,1051.853601043903,638.3311739697773,679.3,260.6
866,1049,1051.853601043903,638.3311739697773,679.3,260.6
866,1050,1051.853601043903,638.3311739697773,679.3,260.6
866,1051,1051.853601043903,638.3311739697773,679.3,260.6
866,1052,1051.853601043903,638.3311739697773,679.3,260.6
866,1053,1051.853601043903,638.3311739697773,679.3,260.6
866,1054,1051.853601043903,638.3311739697773,679.3,260.6
866,1055,1051.853601043903,638.3311739697773,679.3,260.6
866,1056,1051.853601043903,638.3311739697773,679.3,260.6
866,1057,1051.853601043903,638.3311739697773,679.3,260.6
866,1058,1051.853601043903,638.3311739697773,679.3,260.6
866,1059,1051.853601043903,638.3311739697773,679.3,260.6
866,1060,1051.853601043903,638.3311739697773,679.3,260.6
866,1061,1051.853601043903,638.3311739697773,679.3,260.6
866,1062,1051.853601043903,638.3311739697773,679.3,260.6
866,1063,1051.853601043903,638.3311739697773,679.3,260.6
866,1064,1051.853601043903,638.3311739697773,679.3,260.6
866,1065,1051.853601043903,638.3311739697773,679.3,260.6
866,1066,1051.853601043903,638.3311739697773,679.3,260.6
866,1067,1051.853601043903,638.3311739697773,679.3,260.6
866,1068,1051.853601043903,638.3311739697773,679.3,260.6
866,1069,1051.853601043903,638.3311739697773,679.3,260.6
866,1070,1051.853601043903,638.3311739697773,679.3,260.6
866,1071,1051.853601043903,638.3311739697773,679.3,260.6
866,1072,1051.853601043903,638.3311739697773,679.3,260.6
866,1073,1051.853601043903,638.3311739697773,679.3,260.6
866,1074,1051.853601043903,638.3311739697773,679.3,260.6
866,1075,1051.853601043903,638.3311739697773,679.3,260.6
866,1076,1051.853601043903,638.3311739697773,679.3,260.6
866,1077,1051.853601043903,638.3311739697773,679.3,260.6
866,1078,1051.853601043903,638.3311739697773,679.3,260.6
866,1079,1068.853601043903,637.3311739697773,679.3,260.6
866,1080,1068.853601043903,637.3311739697773,679.3,260.6
866,1081,1068.853601043903,637.3311739697773,679.3,260.6
866,1082,1068.853601043903,637.3311739697773,679.3,260.6
866,1083,1068.853601043903,637.3311739697773,679.3,260.6
866,1084,1068.853601043903,637.3311739697773,679.3,260.6
866,1085,1068.853601043903,637.3311739697773,679.3,260.6
866,1086,1068.853601043903,637.3311739697773,679.3,260.6
866,1087,1068.853601043903,637.3311739697773,679.3,260.6
866,1088,1068.853601043903,637.3311739697773,679.3,260.6
866,1089,1068.853601043903,637.3311739697773,679.3,260.6
866,1090,1068.853601043903,637.3311739697773,679.3,260.6
866,1091,1068.853601043903,637.3311739697773,679.3,260.6
866,1092,1068.853601043903,637.3311739697773,679.3,260.6
866,1093,1068.853601043903,637.3311739697773,679.3,260.6
866,1094,1068.853601043903,637.3311739697773,679.3,260.6
866,1095,1068.853601043903,637.3311739697773,679.3,260.6
866,1096,1068.853601043903,637.3311739697773,679.3,260.6
866,1097,1068.853601043903,637.3311739697773,679.3,260.6
866,1098,1068.853601043903,637.3311739697773,679.3,260.6
866,1099,1068.853601043903,637.3311739697773,679.3,260.6
866,1100,1068.853601043903,637.3311739697773,679.3,260.6
866,1101,1068.853601043903,637.3311739697773,679.3,260.6
866,1102,1068.853601043903,637.3311739697773,679.3,260.6
866,1103,1068.853601043903,637.3311739697773,679.3,260.6
866,1104,1068.853601043903,637.3311739697773,679.3,260.6
866,1105,1068.853601043903,637.3311739697773,679.3,260.6
866,1106,1068.853601043903,637.3311739697773,679.3,260.6
866,1107,1068.853601043903,637.3311739697773,679.3,260.6
866,1108,1068.853601043903,637.3311739697773,679.3,260.6
866,1109,1068.853601043903,637.3311739697773,679.3,260.6
866,1110,1068.853601043903,637.3311739697773,679.3,260.6
866,1111,1068.853601043903,637.3311739697773,679.3,260.6
866,1112,1085.853601043903,637.3311739697773,679.3,260.6
866,1113,1085.853601043903,637.3311739697773,679.3,260.6
866,1114,1085.853601043903,637.3311739697773,679.3,260.6
866,1115,1085.853601043903,637.3311739697773,679.3,260.6
866,1116,1085.853601043903,637.3311739697773,679.3,260.6
866,1117,1085.853601043903,637.3311739697773,679.3,260.6
866,1118,1085.853601043903,637.3311739697773,679.3,260.6
866,1119,1085.853601043903,637.3311739697773,679.3,260.6
866,1120,1085.853601043903,637.3311739697773,679.3,260.6
866,1121,1085.853601043903,637.3311739697773,679.3,260.6
866,1122,1085.853601043903,637.3311739697773,679.3,260.6
866,1123,1085.853601043903,637.3311739697773,679.3,260.6
866,1124,1085.853601043903,637.3311739697773,679.3,260.6
866,1125,1085.853601043903,637.3311739697773,679.3,260.6
866,1126,1085.853601043903,637.3311739697773,679.3,260.6
866,1127,1085.853601043903,637.3311739697773,679.3,260.6
866,1128,1085.853601043903,637.3311739697773,679.3,260.6
866,1129,1085.853601043903,637.3311739697773,679.3,260.6
866,1130,1085.853601043903,637.3311739697773,679.3,260.6
866,1131,1085.853601043903,637.3311739697773,679.3,260.6
866,1132,1085.853601043903,637.3311739697773,679.3,260.6
866,1133,1085.853601043903,637.3311739697773,679.3,260.6
866,1134,1085.853601043903,637.3311739697773,679.3,260.6
866,1135,1085.853601043903,637.3311739697773,679.3,260.6
866,1136,1085.853601043903,637.3311739697773,679.3,260.6
866,1137,1085.853601043903,637.3311739697773,679.3,260.6
866,1138,1085.853601043903,637.3311739697773,679.3,260.6
866,1139,1085.853601043903,637.3311739697773,679.3,260.6
866,1140,1085.853601043903,637.3311739697773,679.3,260.6
866,1141,1085.853601043903,637.3311739697773,679.3,260.6
866,1142,1085.853601043903,637.3311739697773,679.3,260.6
866,1143,1085.853601043903,637.3311739697773,679.3,260.6
866,1144,1085.853601043903,637.3311739697773,679.3,260.6
866,1145,1103.853601043903,637.3311739697773,679.3,260.6
866,1146,1103.853601043903,637.3311739697773,679.3,260.6
866,1147,1103.853601043903,637.3311739697773,679.3,260.6
866,1148,1103.853601043903,637.3311739697773,679.3,260.6
866,1149,1103.853601043903,637.3311739697773,679.3,260.6
866,1150,1103.853601043903,637.3311739697773,679.3,260.6
866,1151,1103.853601043903,637.3311739697773,679.3,260.6
866,1152,1103.853601043903,637.3311739697773,679.3,260.6
866,1153,1103.853601043903,637.3311739697773,679.3,260.6
866,1154,1103.853601043903,637.3311739697773,679.6709677419354,260.57096774193553
866,1155,1103.853601043903,637.3311739697773,680.0419354838709,260.541935483871
866,1156,1103.853601043903,637.3311739697773,680.4129032258064,260.5129032258065
866,1157,1103.853601043903,637.3311739697773,680.7838709677419,260.48387096774195
866,1158,1103.853601043903,637.3311739697773,681.1548387096774,260.45483870967746
866,1159,1103.853601043903,637.3311739697773,681.5258064516129,260.4258064516129
866,1160,1103.853601043903,637.3311739697773,681.8967741935484,260.3967741935484
866,1161,1103.853601043903,637.3311739697773,682.2677419354839,260.3677419354839
866,1162,1103.853601043903,637.3311739697773,682.6387096774193,260.3387096774194
866,1163,1103.853601043903,637.3311739697773,683.0096774193548,260.30967741935484
866,1164,1103.853601043903,637.3311739697773,683.3806451612903,260.28064516129035
866,1165,1103.853601043903,637.3311739697773,683.7516129032258,260.2516129032258
866,1166,1103.853601043903,637.3311739697773,684.1225806451613,260.2225806451613
866,1167,1103.853601043903,637.3311739697773,684.4935483870968,260.19354838709677
866,1168,1103.853601043903,637.3311739697773,684.8645161290323,260.1645161290323
866,1169,1103.853601043903,637.3311739697773,685.2354838709676,260.13548387096773
866,1170,1103.853601043903,637.3311739697773,685.6064516129031,260.10645161290324
866,1171,1103.853601043903,637.3311739697773,685.9774193548386,260.0774193548387
866,1172,1103.853601043903,637.3311739697773,686.3483870967741,260.0483870967742
866,1173,1103.853601043903,637.3311739697773,686.7193548387096,260.0193548387097
866,1174,1103.853601043903,637.3311739697773,687.0903225806451,259.99032258064517
866,1175,1103.853601043903,637.3311739697773,687.4612903225806,259.9612903225807
866,1176,1103.853601043903,637.3311739697773,687.832258064516,259.93225806451613
866,1177,1103.853601043903,637.3311739697773,688.2032258064515,259.90322580645164
866,1178,1103.853601043903,637.3311739697773,688.574193548387,259.8741935483871
866,1179,1121.853601043903,637.3311739697773,688.9451612903225,259.8451612903226
866,1180,1121.853601043903,637.3311739697773,689.316129032258,259.81612903225806
866,1181,1121.853601043903,637.3311739697773,689.6870967741935,259.78709677419357
866,1182,1121.853601043903,637.3311739697773,690.058064516129,259.758064516129
866,1183,1121.853601043903,637.3311739697773,690.4290322580645,259.72903225806454
866,1184,1121.853601043903,637.3311739697773,690.8,259.7
866,1185,1121.853601043903,637.3311739697773,691.1709677419354,259.6709677419355
866,1186,1121.853601043903,637.3311739697773,691.5419354838709,259.64193548387095
866,1187,1121.853601043903,637.3311739697773,691.9129032258064,259.61290322580646
866,1188,1121.853601043903,637.3311739697773,692.2838709677419,259.5838709677419
866,1189,1121.853601043903,637.3311739697773,692.6548387096774,259.5548387096774
866,1190,1121.853601043903,637.3311739697773,693.0258064516129,259.5258064516129
866,1191,1121.853601043903,637.3311739697773,693.3967741935484,259.4967741935484
866,1192,1121.853601043903,637.3311739697773,693.7677419354839,259.4677419354839
866,1193,1121.853601043903,637.3311739697773,694.1387096774193,259.43870967741935
866,1194,1121.853601043903,637.3311739697773,694.5096774193548,259.40967741935486
866,1195,1121.853601043903,637.3311739697773,694.8806451612903,259.3806451612903
866,1196,1121.853601043903,637.3311739697773,695.2516129032258,259.3516129032258
866,1197,1121.853601043903,637.3311739697773,695.6225806451613,259.3225806451613
866,1198,1121.853601043903,637.3311739697773,695.9935483870968,259.2935483870968
866,1199,1121.853601043903,637.3311739697773,696.3645161290323,259.26451612903224
866,1200,1121.853601043903,637.3311739697773,696.7354838709678,259.23548387096776
866,1201,1121.853601043903,637.3311739697773,697.1064516129031,259.2064516129032
866,1202,1121.853601043903,637.3311739697773,697.4774193548386,259.1774193548387
866,1203,1121.853601043903,637.3311739697773,697.8483870967741,259.1483870967742
866,1204,1121.853601043903,637.3311739697773,698.2193548387096,259.1193548387097
866,1205,1121.853601043903,637.3311739697773,698.5903225806451,259.09032258064514
866,1206,1121.853601043903,637.3311739697773,698.9612903225806,259.06129032258065
866,1207,1121.853601043903,637.3311739697773,699.332258064516,259.0322580645161
866,1208,1121.853601043903,637.3311739697773,699.7032258064515,259.0032258064516
866,1209,1121.853601043903,637.3311739697773,700.074193548387,258.9741935483871
866,1210,1121.853601043903,637.3311739697773,700.4451612903225,258.9451612903226
866,1211,1121.853601043903,637.3311739697773,700.816129032258,258.9161290322581
866,1212,1121.853601043903,637.3311739697773,701.1870967741935,258.88709677419354
866,1213,1139.853601043903,637.3311739697773,701.558064516129,258.85806451612905
866,1214,1139.853601043903,637.3311739697773,701.9290322580645,258.8290322580645
866,1215,1139.853601043903,637.3311739697773,702.3,258.8
866,1216,1139.853601043903,637.3311739697773,702.6709677419354,258.77096774193546
866,1217,1139.853601043903,637.3311739697773,703.0419354838709,258.741935483871
866,1218,1139.853601043903,637.3311739697773,703.4129032258064,258.71290322580643
866,1219,1139.853601043903,637.3311739697773,703.7838709677419,258.68387096774194
866,1220,1139.853601043903,637.3311739697773,704.1548387096774,258.6548387096774
866,1221,1139.853601043903,637.3311739697773,704.5258064516129,258.6258064516129
866,1222,1139.853601043903,637.3311739697773,704.8967741935484,258.59677419354836
866,1223,1139.853601043903,637.3311739697773,705.2677419354839,258.56774193548387
866,1224,1139.853601043903,637.3311739697773,705.6387096774193,258.5387096774193
866,1225,1139.853601043903,637.3311739697773,706.0096774193548,258.50967741935483
866,1226,1139.853601043903,637.3311739697773,706.3806451612903,258.4806451612903
866,1227,1139.853601043903,637.3311739697773,706.7516129032258,258.4516129032258
866,1228,1139.853601043903,637.3311739697773,707.1225806451613,258.4225806451613
866,1229,1139.853601043903,637.3311739697773,707.4935483870968,258.39354838709676
866,1230,1139.853601043903,637.3311739697773,707.8645161290323,258.36451612903227
866,1231,1139.853601043903,637.3311739697773,708.2354838709678,258.3354838709677
866,1232,1139.853601043903,637.3311739697773,708.6064516129031,258.30645161290323
866,1233,1139.853601043903,637.3311739697773,708.9774193548386,258.2774193548387
866,1234,1139.853601043903,637.3311739697773,709.3483870967741,258.2483870967742
866,1235,1139.853601043903,637.3311739697773,709.7193548387096,258.21935483870965
866,1236,1139.853601043903,637.3311739697773,710.0903225806451,258.19032258064516
866,1237,1139.853601043903,637.3311739697773,710.4612903225806,258.1612903225806
866,1238,1139.853601043903,637.3311739697773,710.832258064516,258.1322580645161
866,1239,1139.853601043903,637.3311739697773,711.2032258064515,258.1032258064516
866,1240,1139.853601043903,637.3311739697773,711.574193548387,258.0741935483871
866,1241,1139.853601043903,637.3311739697773,711.9451612903225,258.04516129032254
866,1242,1139.853601043903,637.3311739697773,712.316129032258,258.01612903225805
866,1243,1139.853601043903,637.3311739697773,712.6870967741935,257.9870967741935
866,1244,1139.853601043903,637.3311739697773,713.058064516129,257.958064516129
866,1245,1139.853601043903,637.3311739697773,713.4290322580645,257.92903225806447
866,1246,1139.853601043903,637.3311739697773,713.8,257.9
866,1247,1139.853601043903,637.3311739697773,713.8,257.9
866,1248,1139.853601043903,637.3311739697773,713.8,257.9
866,1249,1139.853601043903,637.3311739697773,713.8,257.9
866,1250,1139.853601043903,637.3311739697773,713.8,257.9
866,1251,1139.853601043903,637.3311739697773,713.8,257.9
866,1252,1139.853601043903,637.3311739697773,713.8,257.9
866,1253,1139.853601043903,637.3311739697773,713.8,257.9
866,1254,1139.853601043903,637.3311739697773,713.8,257.9
866,1255,1139.853601043903,637.3311739697773,713.8,257.9
866,1256,1139.853601043903,637.3311739697773,713.8,257.9
866,1257,1139.853601043903,637.3311739697773,713.8,257.9
866,1258,1139.853601043903,637.3311739697773,713.8,257.9
866,1259,1139.853601043903,637.3311739697773,713.8,257.9
866,1260,1139.853601043903,637.3311739697773,713.8,257.9
866,1261,1139.853601043903,637.3311739697773,713.8,257.9
866,1262,1139.853601043903,637.3311739697773,713.8,257.9
866,1263,1139.853601043903,637.3311739697773,713.8,257.9
866,1264,1139.853601043903,637.3311739697773,713.8,257.9
866,1265,1139.853601043903,637.3311739697773,713.8,257.9
866,1266,1139.853601043903,637.3311739697773,713.8,257.9
866,1267,1139.853601043903,637.3311739697773,713.8,257.9
866,1268,1139.853601043903,637.3311739697773,713.8,257.9
866,1269,1139.853601043903,637.3311739697773,713.8,257.9
866,1270,1139.853601043903,637.3311739697773,713.8,257.9
866,1271,1139.853601043903,637.3311739697773,713.8,257.9
866,1272,1139.853601043903,637.3311739697773,713.8,257.9
866,1273,1139.853601043903,637.3311739697773,713.8,257.9
866,1274,1139.853601043903,637.3311739697773,713.8,257.9
866,1275,1139.853601043903,637.3311739697773,713.8,257.9
866,1276,1139.853601043903,637.3311739697773,713.8,257.9
866,1277,1139.853601043903,637.3311739697773,713.8,257.9
866,1278,1139.853601043903,637.3311739697773,713.8,257.9
866,1279,1075.853601043903,434.3311739697773,713.8,257.9
866,1280,1075.853601043903,434.3311739697773,713.8,257.9
866,1281,1075.853601043903,434.3311739697773,713.8,257.9
866,1282,1075.853601043903,434.3311739697773,713.8,257.9
866,1283,1075.853601043903,434.3311739697773,713.8,257.9
866,1284,1075.853601043903,434.3311739697773,713.8,257.9
866,1285,1075.853601043903,434.3311739697773,713.8,257.9
866,1286,1075.853601043903,434.3311739697773,713.8,257.9
866,1287,1075.853601043903,434.3311739697773,713.8,257.9
866,1288,1075.853601043903,434.3311739697773,713.8,257.9
866,1289,1075.853601043903,434.3311739697773,713.8,257.9
866,1290,1075.853601043903,434.3311739697773,713.8,257.9
866,1291,1075.853601043903,434.3311739697773,713.8,257.9
866,1292,1075.853601043903,434.3311739697773,713.8,257.9
866,1293,1075.853601043903,434.3311739697773,713.8,257.9
866,1294,1075.853601043903,434.3311739697773,713.8,257.9
866,1295,1075.853601043903,434.3311739697773,713.8,257.9
866,1296,1075.853601043903,434.3311739697773,713.8,257.9
866,1297,1075.853601043903,434.3311739697773,713.8,257.9
866,1298,1075.853601043903,434.3311739697773,713.8,257.9
866,1299,1075.853601043903,434.3311739697773,713.8,257.9
866,1300,1075.853601043903,434.3311739697773,713.8,257.9
866,1301,1075.853601043903,434.3311739697773,713.8,257.9
866,1302,1075.853601043903,434.3311739697773,713.8,257.9
866,1303,1075.853601043903,434.3311739697773,713.8,257.9
866,1304,1075.853601043903,434.3311739697773,713.8,257.9
866,1305,1075.853601043903,434.3311739697773,713.8,257.9
866,1306,1075.853601043903,434.3311739697773,713.8,257.9
866,1307,1075.853601043903,434.3311739697773,713.8,257.9
866,1308,1075.853601043903,434.3311739697773,713.8,257.9
866,1309,1075.853601043903,434.3311739697773,713.8,257.9
866,1310,1075.853601043903,434.3311739697773,713.8,257.9
866,1311,1075.853601043903,434.3311739697773,713.8,257.9
866,1312,1011.8536010439028,231.3311739697773,713.8,257.9
866,1313,1011.8536010439028,231.3311739697773,713.8,257.9
866,1314,1011.8536010439028,231.3311739697773,713.8,257.9
866,1315,1011.8536010439028,231.3311739697773,713.8,257.9
866,1316,1011.8536010439028,231.3311739697773,713.8,257.9
866,1317,1011.8536010439028,231.3311739697773,713.8,257.9
866,1318,1011.8536010439028,231.3311739697773,713.8,257.9
866,1319,1011.8536010439028,231.3311739697773,713.8,257.9
866,1320,1011.8536010439028,231.3311739697773,713.8,257.9
866,1321,1011.8536010439028,231.3311739697773,713.8,257.9
866,1322,1011.8536010439028,231.3311739697773,713.8,257.9
866,1323,1011.8536010439028,231.3311739697773,713.8,257.9
866,1324,1011.8536010439028,231.3311739697773,713.8,257.9
866,1325,1011.8536010439028,231.3311739697773,713.8,257.9
866,1326,1011.8536010439028,231.3311739697773,713.8,257.9
866,1327,1011.8536010439028,231.3311739697773,713.8,257.9
866,1328,1011.8536010439028,231.3311739697773,713.8,257.9
866,1329,1011.8536010439028,231.3311739697773,713.8,257.9
866,1330,1011.8536010439028,231.3311739697773,713.8,257.9
866,1331,1011.8536010439028,231.3311739697773,713.8,257.9
866,1332,1011.8536010439028,231.3311739697773,713.8,257.9
866,1333,1011.8536010439028,231.3311739697773,713.8,257.9
866,1334,1011.8536010439028,231.3311739697773,713.8,257.9
866,1335,1011.8536010439028,231.3311739697773,713.8,257.9
866,1336,1011.8536010439028,231.3311739697773,713.8,257.9
866,1337,1011.8536010439028,231.3311739697773,713.8,257.9
866,1338,1011.8536010439028,231.3311739697773,713.8,257.9
866,1339,1011.8536010439028,231.3311739697773,713.8,257.9
866,1340,1011.8536010439028,231.3311739697773,713.8,257.9
866,1341,1011.8536010439028,231.3311739697773,713.8,257.9
866,1342,1011.8536010439028,231.3311739697773,713.8,257.9
866,1343,1011.8536010439028,231.3311739697773,713.8,257.9
866,1344,1011.8536010439028,231.3311739697773,713.8,257.9
866,1345,1011.8536010439028,231.3311739697773,713.8,257.9
866,1346,1011.8536010439028,231.3311739697773,713.8,257.9
866,1347,1011.8536010439028,231.3311739697773,713.8,257.9
866,1348,1011.8536010439028,231.3311739697773,713.8,257.9
866,1349,1011.8536010439028,231.3311739697773,713.8,257.9
866,1350,1011.8536010439028,231.3311739697773,713.8,257.9
866,1351,1011.8536010439028,231.3311739697773,713.8,257.9
866,1352,1011.8536010439028,231.3311739697773,713.8,257.9
866,1353,1011.8536010439028,231.3311739697773,713.8,257.9
866,1354,1011.8536010439028,231.3311739697773,713.8,257.9
866,1355,1011.8536010439028,231.3311739697773,713.8,257.9
866,1356,1011.8536010439028,231.3311739697773,713.8,257.9
866,1357,1011.8536010439028,231.3311739697773,713.8,257.9
866,1358,1011.8536010439028,231.3311739697773,713.8,257.9
866,1359,1011.8536010439028,231.3311739697773,713.8,257.9
866,1360,1011.8536010439028,231.3311739697773,713.8,257.9
866,1361,1011.8536010439028,231.3311739697773,713.8,257.9
866,1362,1011.8536010439028,231.3311739697773,713.8,257.9
866,1363,1011.8536010439028,231.3311739697773,713.8,257.9
866,1364,1011.8536010439028,231.3311739697773,713.8,257.9
866,1365,1011.8536010439028,231.3311739697773,713.8,257.9
866,1366,1011.8536010439028,231.3311739697773,713.8,257.9
866,1367,1011.8536010439028,231.3311739697773,713.8,257.9
866,1368,1011.8536010439028,231.3311739697773,713.8,257.9
866,1369,1011.8536010439028,231.3311739697773,713.8,257.9
866,1370,1011.8536010439028,231.3311739697773,713.8,257.9
866,1371,1011.8536010439028,231.3311739697773,713.8,257.9
866,1372,1011.8536010439028,231.3311739697773,713.8,257.9
866,1373,1011.8536010439028,231.3311739697773,713.8,257.9
866,1374,1011.8536010439028,231.3311739697773,713.8,257.9
866,1375,1011.8536010439028,231.3311739697773,713.8,257.9
866,1376,1011.8536010439028,231.3311739697773,713.8,257.9
866,1377,1011.8536010439028,231.3311739697773,713.8,257.9
866,1378,1011.8536010439028,231.3311739697773,713.8,257.9
866,1379,975.8536010439028,231.3311739697773,713.8,257.9
866,1380,975.8536010439028,231.3311739697773,713.8,257.9
866,1381,975.8536010439028,231.3311739697773,713.8,257.9
866,1382,975.8536010439028,231.3311739697773,713.8,257.9
866,1383,975.8536010439028,231.3311739697773,713.8,257.9
866,1384,975.8536010439028,231.3311739697773,713.8,257.9
866,1385,975.8536010439028,231.3311739697773,713.8,257.9
866,1386,975.8536010439028,231.3311739697773,713.8,257.9
866,1387,975.8536010439028,231.3311739697773,713.8,257.9
866,1388,975.8536010439028,231.3311739697773,713.8,257.9
866,1389,975.8536010439028,231.3311739697773,713.8,257.9
866,1390,975.8536010439028,231.3311739697773,713.8,257.9
866,1391,975.8536010439028,231.3311739697773,713.8,257.9
866,1392,975.8536010439028,231.3311739697773,713.8,257.9
866,1393,975.8536010439028,231.3311739697773,713.8,257.9
866,1394,975.8536010439028,231.3311739697773,713.8,257.9
866,1395,975.8536010439028,231.3311739697773,713.8,257.9
866,1396,975.8536010439028,231.3311739697773,713.8,257.9
866,1397,975.8536010439028,231.3311739697773,713.8,257.9
866,1398,975.8536010439028,231.3311739697773,713.8,257.9
866,1399,975.8536010439028,231.3311739697773,713.8,257.9
866,1400,975.8536010439028,231.3311739697773,713.8,257.9
866,1401,975.8536010439028,231.3311739697773,713.8,257.9
866,1402,975.8536010439028,231.3311739697773,713.8,257.9
866,1403,975.8536010439028,231.3311739697773,713.8,257.9
866,1404,975.8536010439028,231.3311739697773,713.8,257.9
866,1405,975.8536010439028,231.3311739697773,713.8,257.9
866,1406,975.8536010439028,231.3311739697773,713.8,257.9
866,1407,975.8536010439028,231.3311739697773,713.8,257.9
866,1408,975.8536010439028,231.3311739697773,713.8,257.9
866,1409,975.8536010439028,231.3311739697773,713.8,257.9
866,1410,975.8536010439028,231.3311739697773,713.8,257.9
866,1411,975.8536010439028,231.3311739697773,713.8,257.9
866,1412,940.8536010439028,231.3311739697773,713.8,257.9
866,1413,940.8536010439028,231.3311739697773,713.8,257.9
866,1414,940.8536010439028,231.3311739697773,713.8,257.9
866,1415,940.8536010439028,231.3311739697773,713.8,257.9
866,1416,940.8536010439028,231.3311739697773,713.8,257.9
866,1417,940.8536010439028,231.3311739697773,713.8,257.9
866,1418,940.8536010439028,231.3311739697773,713.8,257.9
866,1419,940.8536010439028,231.3311739697773,713.8,257.9
866,1420,940.8536010439028,231.3311739697773,713.8,257.9
866,1421,940.8536010439028,231.3311739697773,713.8,257.9
866,1422,940.8536010439028,231.3311739697773,713.8,257.9
866,1423,940.8536010439028,231.3311739697773,713.8,257.9
866,1424,940.8536010439028,231.3311739697773,713.8,257.9
866,1425,940.8536010439028,231.3311739697773,713.8,257.9
866,1426,940.8536010439028,231.3311739697773,713.8,257.9
866,1427,940.8536010439028,231.3311739697773,713.8,257.9
866,1428,940.8536010439028,231.3311739697773,713.8,257.9
866,1429,940.8536010439028,231.3311739697773,713.8,257.9
866,1430,940.8536010439028,231.3311739697773,713.8,257.9
866,1431,940.8536010439028,231.3311739697773,713.8,257.9
866,1432,940.8536010439028,231.3311739697773,706.9727272727272,258.1545454545454
866,1433,940.8536010439028,231.3311739697773,700.1454545454545,258.4090909090909
866,1434,940.8536010439028,231.3311739697773,693.3181818181818,258.66363636363633
866,1435,940.8536010439028,231.3311739697773,686.4909090909091,258.9181818181818
866,1436,940.8536010439028,231.3311739697773,679.6636363636363,259.17272727272723
866,1437,940.8536010439028,231.3311739697773,672.8363636363637,259.42727272727274
866,1438,940.8536010439028,231.3311739697773,666.0090909090909,259.6818181818182
866,1439,940.8536010439028,231.3311739697773,659.1818181818182,259.93636363636364
866,1440,940.8536010439028,231.3311739697773,652.3545454545455,260.1909090909091
866,1441,940.8536010439028,231.3311739697773,645.5272727272727,260.44545454545454
866,1442,940.8536010439028,231.3311739697773,638.7,260.7
866,1443,940.8536010439028,231.3311739697773,638.7,260.7
866,1444,940.8536010439028,231.3311739697773,638.7,260.7
866,1445,940.8536010439028,231.3311739697773,638.7,260.7
866,1446,940.8536010439028,231.3311739697773,638.7,260.7
866,1447,940.8536010439028,231.3311739697773,638.7,260.7
866,1448,940.8536010439028,231.3311739697773,638.7,260.7
866,1449,940.8536010439028,231.3311739697773,638.7,260.7
866,1450,940.8536010439028,231.3311739697773,638.7,260.7
866,1451,940.8536010439028,231.3311739697773,638.7,260.7
866,1452,940.8536010439028,231.3311739697773,638.7,260.7
866,1453,940.8536010439028,231.3311739697773,638.7,260.7
866,1454,940.8536010439028,231.3311739697773,638.7,260.7
866,1455,940.8536010439028,231.3311739697773,638.7,260.7
866,1456,940.8536010439028,231.3311739697773,638.7,260.7
866,1457,940.8536010439028,231.3311739697773,638.7,260.7
866,1458,940.8536010439028,231.3311739697773,638.7,260.7
866,1459,940.8536010439028,231.3311739697773,638.7,260.7
866,1460,940.8536010439028,231.3311739697773,638.7,260.7
866,1461,940.8536010439028,231.3311739697773,638.7,260.7
866,1462,940.8536010439028,231.3311739697773,638.7,260.7
866,1463,940.8536010439028,231.3311739697773,638.7,260.7
866,1464,940.8536010439028,231.3311739697773,638.7,260.7
866,1465,940.8536010439028,231.3311739697773,638.7,260.7
866,1466,940.8536010439028,231.3311739697773,638.7,260.7
866,1467,940.8536010439028,231.3311739697773,638.7,260.7
866,1468,940.8536010439028,231.3311739697773,638.7,260.7
866,1469,940.8536010439028,231.3311739697773,638.7,260.7
866,1470,940.8536010439028,231.3311739697773,638.7,260.7
866,1471,940.8536010439028,231.3311739697773,638.7,260.7
866,1472,940.8536010439028,231.3311739697773,638.7,260.7
866,1473,940.8536010439028,231.3311739697773,638.7,260.7
866,1474,940.8536010439028,231.3311739697773,638.7,260.7
866,1475,940.8536010439028,231.3311739697773,638.7,260.7
866,1476,940.8536010439028,231.3311739697773,638.7,260.7
866,1477,940.8536010439028,231.3311739697773,638.7,260.7
866,1478,940.8536010439028,231.3311739697773,638.7,260.7
866,1479,940.8536010439028,231.3311739697773,638.7,260.7
866,1480,940.8536010439028,231.3311739697773,638.7,260.7
866,1481,940.8536010439028,231.3311739697773,638.7,260.7
866,1482,940.8536010439028,231.3311739697773,638.7,260.7
866,1483,940.8536010439028,231.3311739697773,638.7,260.7
866,1484,940.8536010439028,231.3311739697773,638.7,260.7
866,1485,940.8536010439028,231.3311739697773,638.7,260.7
866,1486,940.8536010439028,231.3311739697773,638.7,260.7
866,1487,940.8536010439028,231.3311739697773,638.7,260.7
866,1488,940.8536010439028,231.3311739697773,638.7,260.7
866,1489,940.8536010439028,231.3311739697773,638.7,260.7
866,1490,940.8536010439028,231.3311739697773,638.7,260.7
866,1491,940.8536010439028,231.3311739697773,638.7,260.7
866,1492,940.8536010439028,231.3311739697773,638.7,260.7
866,1493,940.8536010439028,231.3311739697773,638.7,260.7
866,1494,940.8536010439028,231.3311739697773,638.7,260.7
866,1495,940.8536010439028,231.3311739697773,638.7,260.7
866,1496,940.8536010439028,231.3311739697773,638.7,260.7
866,1497,940.8536010439028,231.3311739697773,638.7,260.7
866,1498,940.8536010439028,231.3311739697773,638.7,260.7
866,1499,940.8536010439028,231.3311739697773,638.7,260.7
866,1500,940.8536010439028,231.3311739697773,638.7,260.7
866,1501,940.8536010439028,231.3311739697773,638.7,260.7
866,1502,940.8536010439028,231.3311739697773,638.7,260.7
866,1503,940.8536010439028,231.3311739697773,638.7,260.7
866,1504,940.8536010439028,231.3311739697773,638.7,260.7
866,1505,940.8536010439028,231.3311739697773,638.7,260.7
866,1506,940.8536010439028,231.3311739697773,638.7,260.7
866,1507,940.8536010439028,231.3311739697773,638.7,260.7
866,1508,940.8536010439028,231.3311739697773,638.7,260.7
866,1509,940.8536010439028,231.3311739697773,638.7,260.7
866,1510,940.8536010439028,231.3311739697773,638.7,260.7
866,1511,940.8536010439028,231.3311739697773,638.7,260.7
866,1512,940.8536010439028,231.3311739697773,638.7,260.7
866,1513,940.8536010439028,231.3311739697773,638.7,260.7
866,1514,940.8536010439028,231.3311739697773,638.7,260.7
866,1515,940.8536010439028,231.3311739697773,638.7,260.7
866,1516,940.8536010439028,231.3311739697773,638.7,260.7
866,1517,940.8536010439028,231.3311739697773,638.7,260.7
866,1518,940.8536010439028,231.3311739697773,638.7,260.7
866,1519,940.8536010439028,231.3311739697773,638.7,260.7
866,1520,940.8536010439028,231.3311739697773,638.7,260.7
866,1521,940.8536010439028,231.3311739697773,638.7,260.7
866,1522,940.8536010439028,231.3311739697773,638.7,260.7
866,1523,940.8536010439028,231.3311739697773,638.7,260.7
866,1524,940.8536010439028,231.3311739697773,638.7,260.7
866,1525,940.8536010439028,231.3311739697773,638.7,260.7
866,1526,940.8536010439028,231.3311739697773,638.7,260.7
866,1527,940.8536010439028,231.3311739697773,638.7,260.7
866,1528,940.8536010439028,231.3311739697773,638.7,260.7
866,1529,940.8536010439028,231.3311739697773,638.7,260.7
866,1530,940.8536010439028,231.3311739697773,638.7,260.7
866,1531,940.8536010439028,231.3311739697773,638.7,260.7
866,1532,940.8536010439028,231.3311739697773,638.7,260.7
866,1533,940.8536010439028,231.3311739697773,638.7,260.7
866,1534,940.8536010439028,231.3311739697773,638.7,260.7
866,1535,940.8536010439028,231.3311739697773,638.7,260.7
866,1536,940.8536010439028,231.3311739697773,638.7,260.7
866,1537,940.8536010439028,231.3311739697773,638.7,260.7
866,1538,940.8536010439028,231.3311739697773,638.7,260.7
866,1539,940.8536010439028,231.3311739697773,638.7,260.7
866,1540,940.8536010439028,231.3311739697773,638.7,260.7
866,1541,940.8536010439028,231.3311739697773,638.7,260.7
866,1542,940.8536010439028,231.3311739697773,638.7,260.7
866,1543,940.8536010439028,231.3311739697773,638.7,260.7
866,1544,940.8536010439028,231.3311739697773,638.7,260.7
866,1545,940.8536010439028,231.3311739697773,638.7,260.7
866,1546,940.8536010439028,231.3311739697773,638.7,260.7
866,1547,940.8536010439028,231.3311739697773,638.7,260.7
866,1548,940.8536010439028,231.3311739697773,638.7,260.7
866,1549,940.8536010439028,231.3311739697773,638.7,260.7
866,1550,940.8536010439028,231.3311739697773,638.7,260.7
866,1551,940.8536010439028,231.3311739697773,638.7,260.7
866,1552,940.8536010439028,231.3311739697773,638.7,260.7
866,1553,940.8536010439028,231.3311739697773,638.7,260.7
866,1554,940.8536010439028,231.3311739697773,638.7,260.7
866,1555,940.8536010439028,231.3311739697773,638.7,260.7
866,1556,940.8536010439028,231.3311739697773,638.7,260.7
866,1557,940.8536010439028,231.3311739697773,638.7,260.7
866,1558,940.8536010439028,231.3311739697773,638.7,260.7
866,1559,940.8536010439028,231.3311739697773,638.7,260.7
866,1560,940.8536010439028,231.3311739697773,638.7,260.7
866,1561,940.8536010439028,231.3311739697773,638.7,260.7
866,1562,940.8536010439028,231.3311739697773,638.7,260.7
866,1563,940.8536010439028,231.3311739697773,638.7,260.7
866,1564,940.8536010439028,231.3311739697773,638.7,260.7
866,1565,940.8536010439028,231.3311739697773,638.7,260.7
866,1566,940.8536010439028,231.3311739697773,638.7,260.7
866,1567,940.8536010439028,231.3311739697773,638.7,260.7
866,1568,940.8536010439028,231.3311739697773,638.7,260.7
866,1569,940.8536010439028,231.3311739697773,649.4454545454546,260.78181818181815
866,1570,940.8536010439028,231.3311739697773,660.1909090909091,260.8636363636364
866,1571,940.8536010439028,231.3311739697773,670.9363636363637,260.94545454545454
866,1572,940.8536010439028,231.3311739697773,681.6818181818182,261.0272727272727
866,1573,940.8536010439028,231.3311739697773,692.4272727272728,261.1090909090909
866,1574,940.8536010439028,231.3311739697773,703.1727272727273,261.1909090909091
866,1575,940.8536010439028,231.3311739697773,713.9181818181818,261.2727272727273
866,1576,940.8536010439028,231.3311739697773,724.6636363636363,261.3545454545455
866,1577,940.8536010439028,231.3311739697773,735.4090909090909,261.43636363636364
866,1578,940.8536010439028,231.3311739697773,746.1545454545454,261.51818181818186
866,1579,992.8536010439028,210.3311739697773,756.9,261.6
866,1580,992.8536010439028,210.3311739697773,756.9,261.6
866,1581,992.8536010439028,210.3311739697773,756.9,261.6
866,1582,992.8536010439028,210.3311739697773,756.9,261.6
866,1583,992.8536010439028,210.3311739697773,756.9,261.6
866,1584,992.8536010439028,210.3311739697773,756.9,261.6
866,1585,992.8536010439028,210.3311739697773,756.9,261.6
866,1586,992.8536010439028,210.3311739697773,756.9,261.6
866,1587,992.8536010439028,210.3311739697773,756.9,261.6
866,1588,992.8536010439028,210.3311739697773,756.9,261.6
866,1589,992.8536010439028,210.3311739697773,756.9,261.6
866,1590,992.8536010439028,210.3311739697773,756.9,261.6
866,1591,992.8536010439028,210.3311739697773,756.9,261.6
866,1592,992.8536010439028,210.3311739697773,756.9,261.6
866,1593,992.8536010439028,210.3311739697773,756.9,261.6
866,1594,992.8536010439028,210.3311739697773,756.9,261.6
866,1595,992.8536010439028,210.3311739697773,756.9,261.6
866,1596,992.8536010439028,210.3311739697773,756.9,261.6
866,1597,992.8536010439028,210.3311739697773,756.9,261.6
866,1598,992.8536010439028,210.3311739697773,756.9,261.6
866,1599,992.8536010439028,210.3311739697773,756.9,261.6
866,1600,992.8536010439028,210.3311739697773,756.9,261.6
866,1601,992.8536010439028,210.3311739697773,756.9,261.6
866,1602,992.8536010439028,210.3311739697773,756.9,261.6
866,1603,992.8536010439028,210.3311739697773,756.9,261.6
866,1604,992.8536010439028,210.3311739697773,756.9,261.6
866,1605,992.8536010439028,210.3311739697773,756.9,261.6
866,1606,992.8536010439028,210.3311739697773,756.9,261.6
866,1607,992.8536010439028,210.3311739697773,756.9,261.6
866,1608,992.8536010439028,210.3311739697773,756.9,261.6
866,1609,992.8536010439028,210.3311739697773,756.9,261.6
866,1610,992.8536010439028,210.3311739697773,756.9,261.6
866,1611,992.8536010439028,210.3311739697773,756.9,261.6
866,1612,992.8536010439028,210.3311739697773,756.9,261.6
866,1613,992.8536010439028,210.3311739697773,756.9,261.6
866,1614,992.8536010439028,210.3311739697773,756.9,261.6
866,1615,992.8536010439028,210.3311739697773,756.9,261.6
866,1616,992.8536010439028,210.3311739697773,756.9,261.6
866,1617,992.8536010439028,210.3311739697773,756.9,261.6
866,1618,992.8536010439028,210.3311739697773,756.9,261.6
866,1619,992.8536010439028,210.3311739697773,756.9,261.6
866,1620,992.8536010439028,210.3311739697773,756.9,261.6
866,1621,992.8536010439028,210.3311739697773,756.9,261.6
866,1622,992.8536010439028,210.3311739697773,756.9,261.6
866,1623,992.8536010439028,210.3311739697773,756.9,261.6
866,1624,992.8536010439028,210.3311739697773,756.9,261.6
866,1625,992.8536010439028,210.3311739697773,756.9,261.6
866,1626,992.8536010439028,210.3311739697773,756.9,261.6
866,1627,992.8536010439028,210.3311739697773,756.9,261.6
866,1628,992.8536010439028,210.3311739697773,756.9,261.6
866,1629,992.8536010439028,210.3311739697773,756.9,261.6
866,1630,992.8536010439028,210.3311739697773,756.9,261.6
866,1631,992.8536010439028,210.3311739697773,756.9,261.6
866,1632,992.8536010439028,210.3311739697773,756.9,261.6
866,1633,992.8536010439028,210.3311739697773,756.9,261.6
866,1634,992.8536010439028,210.3311739697773,756.9,261.6
866,1635,992.8536010439028,210.3311739697773,756.9,261.6
866,1636,992.8536010439028,210.3311739697773,756.9,261.6
866,1637,992.8536010439028,210.3311739697773,756.9,261.6
866,1638,992.8536010439028,210.3311739697773,756.9,261.6
866,1639,992.8536010439028,210.3311739697773,756.9,261.6
866,1640,992.8536010439028,210.3311739697773,756.9,261.6
866,1641,992.8536010439028,210.3311739697773,756.9,261.6
866,1642,992.8536010439028,210.3311739697773,756.9,261.6
866,1643,992.8536010439028,210.3311739697773,756.9,261.6
866,1644,992.8536010439028,210.3311739697773,756.9,261.6
866,1645,992.8536010439028,210.3311739697773,756.9,261.6
866,1646,992.8536010439028,210.3311739697773,756.9,261.6
866,1647,992.8536010439028,210.3311739697773,756.9,261.6
866,1648,992.8536010439028,210.3311739697773,756.9,261.6
866,1649,992.8536010439028,210.3311739697773,756.9,261.6
866,1650,992.8536010439028,210.3311739697773,756.9,261.6
866,1651,992.8536010439028,210.3311739697773,756.9,261.6
866,1652,992.8536010439028,210.3311739697773,756.9,261.6
866,1653,992.8536010439028,210.3311739697773,756.9,261.6
866,1654,992.8536010439028,210.3311739697773,756.9,261.6
866,1655,992.8536010439028,210.3311739697773,756.9,261.6
866,1656,992.8536010439028,210.3311739697773,756.9,261.6
866,1657,992.8536010439028,210.3311739697773,756.9,261.6
866,1658,992.8536010439028,210.3311739697773,756.9,261.6
866,1659,992.8536010439028,210.3311739697773,756.9,261.6
866,1660,992.8536010439028,210.3311739697773,756.9,261.6
866,1661,992.8536010439028,210.3311739697773,756.9,261.6
866,1662,992.8536010439028,210.3311739697773,756.9,261.6
866,1663,992.8536010439028,210.3311739697773,756.9,261.6
866,1664,992.8536010439028,210.3311739697773,756.9,261.6
866,1665,992.8536010439028,210.3311739697773,756.9,261.6
866,1666,992.8536010439028,210.3311739697773,756.9,261.6
866,1667,992.8536010439028,210.3311739697773,756.9,261.6
866,1668,992.8536010439028,210.3311739697773,756.9,261.6
866,1669,992.8536010439028,210.3311739697773,756.9,261.6
866,1670,992.8536010439028,210.3311739697773,756.9,261.6
866,1671,992.8536010439028,210.3311739697773,756.9,261.6
866,1672,992.8536010439028,210.3311739697773,756.9,261.6
866,1673,992.8536010439028,210.3311739697773,756.9,261.6
866,1674,992.8536010439028,210.3311739697773,756.9,261.6
866,1675,992.8536010439028,210.3311739697773,756.9,261.6
866,1676,992.8536010439028,210.3311739697773,756.9,261.6
866,1677,992.8536010439028,210.3311739697773,756.9,261.6
866,1678,992.8536010439028,210.3311739697773,756.9,261.6
866,1679,992.8536010439028,210.3311739697773,756.9,261.6
866,1680,992.8536010439028,210.3311739697773,756.9,261.6
866,1681,992.8536010439028,210.3311739697773,756.9,261.6
866,1682,992.8536010439028,210.3311739697773,756.9,261.6
866,1683,992.8536010439028,210.3311739697773,756.9,261.6
866,1684,992.8536010439028,210.3311739697773,756.9,261.6
866,1685,992.8536010439028,210.3311739697773,756.9,261.6
866,1686,992.8536010439028,210.3311739697773,756.9,261.6
866,1687,992.8536010439028,210.3311739697773,756.9,261.6
866,1688,992.8536010439028,210.3311739697773,756.9,261.6
866,1689,992.8536010439028,210.3311739697773,756.9,261.6
866,1690,992.8536010439028,210.3311739697773,756.9,261.6
866,1691,992.8536010439028,210.3311739697773,756.9,261.6
866,1692,992.8536010439028,210.3311739697773,756.9,261.6
866,1693,992.8536010439028,210.3311739697773,756.9,261.6
866,1694,992.8536010439028,210.3311739697773,756.9,261.6
866,1695,992.8536010439028,210.3311739697773,756.9,261.6
866,1696,992.8536010439028,210.3311739697773,756.9,261.6
866,1697,992.8536010439028,210.3311739697773,756.9,261.6
866,1698,992.8536010439028,210.3311739697773,756.9,261.6
866,1699,992.8536010439028,210.3311739697773,756.9,261.6
866,1700,992.8536010439028,210.3311739697773,756.9,261.6
866,1701,992.8536010439028,210.3311739697773,756.9,261.6
866,1702,992.8536010439028,210.3311739697773,756.9,261.6
866,1703,992.8536010439028,210.3311739697773,756.9,261.6
866,1704,992.8536010439028,210.3311739697773,756.9,261.6
866,1705,992.8536010439028,210.3311739697773,756.9,261.6
866,1706,992.8536010439028,210.3311739697773,756.9,261.6
866,1707,992.8536010439028,210.3311739697773,756.9,261.6
866,1708,992.8536010439028,210.3311739697773,756.9,261.6
866,1709,992.8536010439028,210.3311739697773,756.9,261.6
866,1710,992.8536010439028,210.3311739697773,756.9,261.6
866,1711,992.8536010439028,210.3311739697773,756.9,261.6
866,1712,992.8536010439028,210.3311739697773,756.9,261.6
866,1713,992.8536010439028,210.3311739697773,756.9,261.6
866,1714,992.8536010439028,210.3311739697773,756.9,261.6
866,1715,992.8536010439028,210.3311739697773,756.9,261.6
866,1716,992.8536010439028,210.3311739697773,756.9,261.6
866,1717,992.8536010439028,210.3311739697773,756.9,261.6
866,1718,992.8536010439028,210.3311739697773,756.9,261.6
866,1719,992.8536010439028,210.3311739697773,756.9,261.6
866,1720,992.8536010439028,210.3311739697773,756.9,261.6
866,1721,992.8536010439028,210.3311739697773,756.9,261.6
866,1722,992.8536010439028,210.3311739697773,756.9,261.6
866,1723,992.8536010439028,210.3311739697773,756.9,261.6
866,1724,992.8536010439028,210.3311739697773,756.9,261.6
866,1725,992.8536010439028,210.3311739697773,756.9,261.6
866,1726,992.8536010439028,210.3311739697773,756.9,261.6
866,1727,992.8536010439028,210.3311739697773,756.9,261.6
866,1728,992.8536010439028,210.3311739697773,756.9,261.6
866,1729,992.8536010439028,210.3311739697773,756.9,261.6
866,1730,992.8536010439028,210.3311739697773,756.9,261.6
866,1731,992.8536010439028,210.3311739697773,756.9,261.6
866,1732,992.8536010439028,210.3311739697773,756.9,261.6
866,1733,992.8536010439028,210.3311739697773,756.9,261.6
866,1734,992.8536010439028,210.3311739697773,756.9,261.6
866,1735,992.8536010439028,210.3311739697773,756.9,261.6
866,1736,992.8536010439028,210.3311739697773,756.9,261.6
866,1737,992.8536010439028,210.3311739697773,756.9,261.6
866,1738,992.8536010439028,210.3311739697773,756.9,261.6
866,1739,992.8536010439028,210.3311739697773,756.9,261.6
866,1740,992.8536010439028,210.3311739697773,756.9,261.6
866,1741,992.8536010439028,210.3311739697773,756.9,261.6
866,1742,992.8536010439028,210.3311739697773,756.9,261.6
866,1743,992.8536010439028,210.3311739697773,756.9,261.6
866,1744,992.8536010439028,210.3311739697773,756.9,261.6
866,1745,992.8536010439028,210.3311739697773,756.9,261.6
866,1746,981.8536010439028,408.3311739697773,756.9,261.6
866,1747,981.8536010439028,408.3311739697773,756.9,261.6
866,1748,981.8536010439028,408.3311739697773,756.9,261.6
866,1749,981.8536010439028,408.3311739697773,756.9,261.6
866,1750,981.8536010439028,408.3311739697773,756.9,261.6
866,1751,981.8536010439028,408.3311739697773,756.9,261.6
866,1752,981.8536010439028,408.3311739697773,756.9,261.6
866,1753,981.8536010439028,408.3311739697773,756.9,261.6
866,1754,981.8536010439028,408.3311739697773,756.9,261.6
866,1755,981.8536010439028,408.3311739697773,756.9,261.6
866,1756,981.8536010439028,408.3311739697773,756.9,261.6
866,1757,981.8536010439028,408.3311739697773,756.9,261.6
866,1758,981.8536010439028,408.3311739697773,756.9,261.6
866,1759,981.8536010439028,408.3311739697773,756.9,261.6
866,1760,981.8536010439028,408.3311739697773,756.9,261.6
866,1761,981.8536010439028,408.3311739697773,756.9,261.6
866,1762,981.8536010439028,408.3311739697773,756.9,261.6
866,1763,981.8536010439028,408.3311739697773,756.9,261.6
866,1764,981.8536010439028,408.3311739697773,756.9,261.6
866,1765,981.8536010439028,408.3311739697773,756.9,261.6
866,1766,981.8536010439028,408.3311739697773,756.9,261.6
866,1767,981.8536010439028,408.3311739697773,756.9,261.6
866,1768,981.8536010439028,408.3311739697773,756.9,261.6
866,1769,981.8536010439028,408.3311739697773,756.9,261.6
866,1770,981.8536010439028,408.3311739697773,756.9,261.6
866,1771,981.8536010439028,408.3311739697773,756.9,261.6
866,1772,981.8536010439028,408.3311739697773,756.9,261.6
866,1773,981.8536010439028,408.3311739697773,756.9,261.6
866,1774,981.8536010439028,408.3311739697773,756.9,261.6
866,1775,981.8536010439028,408.3311739697773,756.9,261.6
866,1776,981.8536010439028,408.3311739697773,756.9,261.6
866,1777,981.8536010439028,408.3311739697773,756.9,261.6
866,1778,981.8536010439028,408.3311739697773,756.9,261.6
866,1779,970.8536010439028,605.3311739697773,756.9,261.6
866,1780,970.8536010439028,605.3311739697773,756.9,261.6
866,1781,970.8536010439028,605.3311739697773,756.9,261.6
866,1782,970.8536010439028,605.3311739697773,756.9,261.6
866,1783,970.8536010439028,605.3311739697773,756.9,261.6
866,1784,970.8536010439028,605.3311739697773,756.9,261.6
866,1785,970.8536010439028,605.3311739697773,756.9,261.6
866,1786,970.8536010439028,605.3311739697773,756.9,261.6
866,1787,970.8536010439028,605.3311739697773,756.9,261.6
866,1788,970.8536010439028,605.3311739697773,756.9,261.6
866,1789,970.8536010439028,605.3311739697773,756.9,261.6
866,1790,970.8536010439028,605.3311739697773,756.9,261.6
866,1791,970.8536010439028,605.3311739697773,756.9,261.6
866,1792,970.8536010439028,605.3311739697773,756.9,261.6
866,1793,970.8536010439028,605.3311739697773,756.9,261.6
866,1794,970.8536010439028,605.3311739697773,756.9,261.6
866,1795,970.8536010439028,605.3311739697773,756.9,261.6
866,1796,970.8536010439028,605.3311739697773,756.9,261.6
866,1797,970.8536010439028,605.3311739697773,756.9,261.6
866,1798,970.8536010439028,605.3311739697773,756.9,261.6
866,1799,970.8536010439028,605.3311739697773,756.9,261.6
866,1800,970.8536010439028,605.3311739697773,756.9,261.6
866,1801,970.8536010439028,605.3311739697773,756.9,261.6
866,1802,970.8536010439028,605.3311739697773,756.9,261.6
866,1803,970.8536010439028,605.3311739697773,756.9,261.6
866,1804,970.8536010439028,605.3311739697773,756.9,261.6
866,1805,970.8536010439028,605.3311739697773,756.9,261.6
866,1806,970.8536010439028,605.3311739697773,756.9,261.6
866,1807,970.8536010439028,605.3311739697773,756.9,261.6
866,1808,970.8536010439028,605.3311739697773,756.9,261.6
866,1809,970.8536010439028,605.3311739697773,756.9,261.6
866,1810,970.8536010439028,605.3311739697773,756.9,261.6
866,1811,970.8536010439028,605.3311739697773,756.9,261.6
866,1812,970.8536010439028,605.3311739697773,756.9,261.6
866,1813,970.8536010439028,605.3311739697773,756.9,261.6
866,1814,970.8536010439028,605.3311739697773,756.9,261.6
866,1815,970.8536010439028,605.3311739697773,756.9,261.6
866,1816,970.8536010439028,605.3311739697773,756.9,261.6
866,1817,970.8536010439028,605.3311739697773,756.9,261.6
866,1818,970.8536010439028,605.3311739697773,756.9,261.6
866,1819,970.8536010439028,605.3311739697773,756.9,261.6
866,1820,970.8536010439028,605.3311739697773,756.9,261.6
866,1821,970.8536010439028,605.3311739697773,756.9,261.6
866,1822,970.8536010439028,605.3311739697773,756.9,261.6
866,1823,970.8536010439028,605.3311739697773,756.9,261.6
866,1824,970.8536010439028,605.3311739697773,756.9,261.6
866,1825,970.8536010439028,605.3311739697773,756.9,261.6
866,1826,970.8536010439028,605.3311739697773,756.9,261.6
866,1827,970.8536010439028,605.3311739697773,756.9,261.6
866,1828,970.8536010439028,605.3311739697773,756.9,261.6
866,1829,970.8536010439028,605.3311739697773,756.9,261.6
866,1830,970.8536010439028,605.3311739697773,756.9,261.6
866,1831,970.8536010439028,605.3311739697773,756.9,261.6
866,1832,970.8536010439028,605.3311739697773,756.9,261.6
866,1833,970.8536010439028,605.3311739697773,756.9,261.6
866,1834,970.8536010439028,605.3311739697773,756.9,261.6
866,1835,970.8536010439028,605.3311739697773,756.9,261.6
866,1836,970.8536010439028,605.3311739697773,756.9,261.6
866,1837,970.8536010439028,605.3311739697773,756.9,261.6
866,1838,970.8536010439028,605.3311739697773,756.9,261.6
866,1839,970.8536010439028,605.3311739697773,756.9,261.6
866,1840,970.8536010439028,605.3311739697773,756.9,261.6
866,1841,970.8536010439028,605.3311739697773,756.9,261.6
866,1842,970.8536010439028,605.3311739697773,756.9,261.6
866,1843,970.8536010439028,605.3311739697773,756.9,261.6
866,1844,970.8536010439028,605.3311739697773,756.9,261.6
866,1845,970.8536010439028,605.3311739697773,756.9,261.6
866,1846,970.8536010439028,605.3311739697773,756.9,261.6
866,1847,970.8536010439028,605.3311739697773,756.9,261.6
866,1848,970.8536010439028,605.3311739697773,756.9,261.6
866,1849,970.8536010439028,605.3311739697773,756.9,261.6
866,1850,970.8536010439028,605.3311739697773,756.9,261.6
866,1851,970.8536010439028,605.3311739697773,756.9,261.6
866,1852,970.8536010439028,605.3311739697773,756.9,261.6
866,1853,970.8536010439028,605.3311739697773,756.9,261.6
866,1854,970.8536010439028,605.3311739697773,756.9,261.6
866,1855,970.8536010439028,605.3311739697773,756.9,261.6
866,1856,970.8536010439028,605.3311739697773,756.9,261.6
866,1857,970.8536010439028,605.3311739697773,756.9,261.6
866,1858,970.8536010439028,605.3311739697773,756.9,261.6
866,1859,970.8536010439028,605.3311739697773,756.9,261.6
866,1860,970.8536010439028,605.3311739697773,756.9,261.6
866,1861,970.8536010439028,605.3311739697773,756.9,261.6
866,1862,970.8536010439028,605.3311739697773,756.9,261.6
866,1863,970.8536010439028,605.3311739697773,756.9,261.6
866,1864,970.8536010439028,605.3311739697773,756.9,261.6
866,1865,970.8536010439028,605.3311739697773,756.9,261.6
866,1866,970.8536010439028,605.3311739697773,756.9,261.6
866,1867,970.8536010439028,605.3311739697773,756.9,261.6
866,1868,970.8536010439028,605.3311739697773,756.9,261.6
866,1869,970.8536010439028,605.3311739697773,756.9,261.6
866,1870,970.8536010439028,605.3311739697773,756.9,261.6
866,1871,970.8536010439028,605.3311739697773,756.9,261.6
866,1872,970.8536010439028,605.3311739697773,756.9,261.6
866,1873,970.8536010439028,605.3311739697773,756.9,261.6
866,1874,970.8536010439028,605.3311739697773,756.9,261.6
866,1875,970.8536010439028,605.3311739697773,756.9,261.6
866,1876,970.8536010439028,605.3311739697773,756.9,261.6
866,1877,970.8536010439028,605.3311739697773,756.9,261.6
866,1878,970.8536010439028,605.3311739697773,756.9,261.6
866,1879,970.8536010439028,605.3311739697773,756.9,261.6
866,1880,970.8536010439028,605.3311739697773,756.9,261.6
866,1881,970.8536010439028,605.3311739697773,766.025,279.1416666666667
866,1882,970.8536010439028,605.3311739697773,775.15,296.68333333333334
866,1883,970.8536010439028,605.3311739697773,784.275,314.225
866,1884,970.8536010439028,605.3311739697773,793.4,331.7666666666667
866,1885,970.8536010439028,605.3311739697773,802.525,349.3083333333334
866,1886,970.8536010439028,605.3311739697773,811.65,366.85
866,1887,970.8536010439028,605.3311739697773,820.775,384.3916666666667
866,1888,970.8536010439028,605.3311739697773,829.9,401.9333333333334
866,1889,970.8536010439028,605.3311739697773,839.025,419.475
866,1890,970.8536010439028,605.3311739697773,848.15,437.0166666666667
866,1891,970.8536010439028,605.3311739697773,857.275,454.5583333333334
866,1892,970.8536010439028,605.3311739697773,866.4,472.1
866,1893,970.8536010439028,605.3311739697773,875.525,489.6416666666667
866,1894,970.8536010439028,605.3311739697773,884.65,507.1833333333334
866,1895,970.8536010439028,605.3311739697773,893.775,524.725
866,1896,970.8536010439028,605.3311739697773,902.9,542.2666666666667
866,1897,970.8536010439028,605.3311739697773,912.025,559.8083333333334
866,1898,970.8536010439028,605.3311739697773,921.15,577.35
866,1899,970.8536010439028,605.3311739697773,930.275,594.8916666666667
866,1900,970.8536010439028,605.3311739697773,939.4,612.4333333333334
866,1901,970.8536010439028,605.3311739697773,948.525,629.975
866,1902,970.8536010439028,605.3311739697773,957.65,647.5166666666667
867,1903,970.8536010439028,605.3311739697773,966.775,665.0583333333334
868,1904,970.8536010439028,605.3311739697773,975.9,682.6
869,1905,970.8536010439028,605.3311739697773,975.9,682.6
870,1906,970.8536010439028,605.3311739697773,975.9,682.6
871,1907,970.8536010439028,605.3311739697773,975.9,682.6
872,1908,970.8536010439028,605.3311739697773,975.9,682.6
873,1909,970.8536010439028,605.3311739697773,975.9,682.6
874,1910,970.8536010439028,605.3311739697773,975.9,682.6
875,1911,970.8536010439028,605.3311739697773,975.9,682.6
876,1912,970.8536010439028,605.3311739697773,975.9,682.6
877,1913,970.8536010439028,605.3311739697773,975.9,682.6
878,1914,970.8536010439028,605.3311739697773,975.9,682.6
879,1914,970.8536010439028,605.3311739697773,975.9,682.6
880,1914,970.8536010439028,605.3311739697773,975.9,682.6
881,1914,970.8536010439028,605.3311739697773,975.9,682.6
882,1914,970.8536010439028,605.3311739697773,975.9,682.6
883,1914,970.8536010439028,605.3311739697773,975.9,682.6
884,1914,970.8536010439028,605.3311739697773,975.9,682.6
885,1914,970.8536010439028,605.3311739697773,975.9,682.6
886,1914,970.8536010439028,605.3311739697773,975.9,682.6
887,1914,970.8536010439028,605.3311739697773,975.9,682.6
888,1914,970.8536010439028,605.3311739697773,975.9,682.6
889,1914,970.8536010439028,605.3311739697773,975.9,682.6
890,1914,970.8536010439028,605.3311739697773,975.9,682.6
891,1914,970.8536010439028,605.3311739697773,975.9,682.6
892,1914,970.8536010439028,605.3311739697773,975.9,682.6
893,1914,970.8536010439028,605.3311739697773,975.9,682.6
894,1914,970.8536010439028,605.3311739697773,975.9,682.6
895,1914,970.8536010439028,605.3311739697773,975.9,682.6
896,1914,970.8536010439028,605.3311739697773,975.9,682.6
897,1914,970.8536010439028,605.3311739697773,975.9,682.6
898,1914,970.8536010439028,605.3311739697773,975.9,682.6
899,1914,970.8536010439028,605.3311739697773,975.9,682.6
900,1914,970.8536010439028,605.3311739697773,975.9,682.6
901,1914,970.8536010439028,605.3311739697773,975.9,682.6
902,1914,970.8536010439028,605.3311739697773,975.9,682.6
903,1914,970.8536010439028,605.3311739697773,975.9,682.6
904,1915,970.8536010439028,605.3311739697773,975.9,682.6
905,1916,970.8536010439028,605.3311739697773,975.9,682.6
906,1917,970.8536010439028,605.3311739697773,975.9,682.6
907,1918,970.8536010439028,605.3311739697773,975.9,682.6
908,1919,970.8536010439028,605.3311739697773,975.9,682.6
909,1920,970.8536010439028,605.3311739697773,975.9,682.6
910,1921,970.8536010439028,605.3311739697773,975.9,682.6
911,1922,970.8536010439028,605.3311739697773,975.9,682.6
912,1923,970.8536010439028,605.3311739697773,975.9,682.6
913,1924,970.8536010439028,605.3311739697773,975.9,682.6
914,1925,970.8536010439028,605.3311739697773,975.9,682.6
915,1926,970.8536010439028,605.3311739697773,975.9,682.6
916,1927,970.8536010439028,605.3311739697773,975.9,682.6
917,1928,970.8536010439028,605.3311739697773,975.9,682.6
918,1929,970.8536010439028,605.3311739697773,975.9,682.6
919,1930,970.8536010439028,605.3311739697773,975.9,682.6
920,1931,970.8536010439028,605.3311739697773,975.9,682.6
921,1932,970.8536010439028,605.3311739697773,975.9,682.6
922,1933,970.8536010439028,605.3311739697773,975.9,682.6
923,1934,970.8536010439028,605.3311739697773,975.9,682.6
924,1935,970.8536010439028,605.3311739697773,975.9,682.6
925,1936,970.8536010439028,605.3311739697773,975.9,682.6
926,1937,970.8536010439028,605.3311739697773,975.9,682.6
927,1938,970.8536010439028,605.3311739697773,975.9,682.6
928,1939,970.8536010439028,605.3311739697773,975.9,682.6
929,1940,970.8536010439028,605.3311739697773,975.9,682.6
930,1941,970.8536010439028,605.3311739697773,975.9,682.6
931,1942,970.8536010439028,605.3311739697773,975.9,682.6
932,1943,970.8536010439028,605.3311739697773,975.9,682.6
933,1944,970.8536010439028,605.3311739697773,975.9,682.6
934,1945,970.8536010439028,605.3311739697773,975.9,682.6
935,1946,970.8536010439028,605.3311739697773,975.9,682.6
936,1947,970.8536010439028,605.3311739697773,975.9,682.6
937,1948,970.8536010439028,605.3311739697773,975.9,682.6
938,1949,970.8536010439028,605.3311739697773,978.9538461538461,689.4769230769231
939,1950,970.8536010439028,605.3311739697773,982.0076923076923,696.3538461538461
940,1951,970.8536010439028,605.3311739697773,985.0615384615385,703.2307692307693
941,1952,970.8536010439028,605.3311739697773,988.1153846153846,710.1076923076923
942,1953,970.8536010439028,605.3311739697773,991.1692307692308,716.9846153846154
943,1954,854.8536010439028,449.3311739697773,994.223076923077,723.8615384615384
944,1955,854.8536010439028,449.3311739697773,997.276923076923,730.7384615384616
945,1956,854.8536010439028,449.3311739697773,1000.3307692307692,737.6153846153846
946,1957,854.8536010439028,449.3311739697773,1003.3846153846154,744.4923076923077
947,1958,854.8536010439028,449.3311739697773,1006.4384615384615,751.3692307692307
948,1959,854.8536010439028,449.3311739697773,1009.4923076923077,758.2461538461539
949,1960,854.8536010439028,449.3311739697773,1012.5461538461539,765.123076923077
950,1961,854.8536010439028,449.3311739697773,1015.6,772.0
951,1962,854.8536010439028,449.3311739697773,1015.6,772.0
952,1963,854.8536010439028,449.3311739697773,1015.6,772.0
953,1964,854.8536010439028,449.3311739697773,1015.6,772.0
954,1965,854.8536010439028,449.3311739697773,1015.6,772.0
955,1966,854.8536010439028,449.3311739697773,1015.6,772.0
956,1967,854.8536010439028,449.3311739697773,1015.6,772.0
957,1968,854.8536010439028,449.3311739697773,1015.6,772.0
958,1969,854.8536010439028,449.3311739697773,1015.6,772.0
959,1970,854.8536010439028,449.3311739697773,1015.6,772.0
960,1971,854.8536010439028,449.3311739697773,1015.6,772.0
961,1972,854.8536010439028,449.3311739697773,1015.6,772.0
962,1973,854.8536010439028,449.3311739697773,1015.6,772.0
963,1974,854.8536010439028,449.3311739697773,1015.6,772.0
964,1975,854.8536010439028,449.3311739697773,1015.6,772.0
965,1976,854.8536010439028,449.3311739697773,1015.6,772.0
966,1977,854.8536010439028,449.3311739697773,1015.6,772.0
966,1978,854.8536010439028,449.3311739697773,1015.6,772.0
966,1979,854.8536010439028,449.3311739697773,1015.6,772.0
966,1980,854.8536010439028,449.3311739697773,1015.6,772.0
966,1981,854.8536010439028,449.3311739697773,1015.6,772.0
966,1982,854.8536010439028,449.3311739697773,1015.6,772.0
966,1983,854.8536010439028,449.3311739697773,1015.6,772.0
966,1984,854.8536010439028,449.3311739697773,1015.6,772.0
966,1985,854.8536010439028,449.3311739697773,1015.6,772.0
966,1986,854.8536010439028,449.3311739697773,1015.6,772.0
966,1987,738.8536010439028,293.3311739697773,1015.6,772.0
966,1988,738.8536010439028,293.3311739697773,1015.6,772.0
966,1989,738.8536010439028,293.3311739697773,1015.6,772.0
966,1990,738.8536010439028,293.3311739697773,1015.6,772.0
966,1991,738.8536010439028,293.3311739697773,1015.6,772.0
966,1992,738.8536010439028,293.3311739697773,1015.6,772.0
966,1993,738.8536010439028,293.3311739697773,1015.6,772.0
966,1994,738.8536010439028,293.3311739697773,1015.6,772.0
966,1995,738.8536010439028,293.3311739697773,1015.6,772.0
966,1996,738.8536010439028,293.3311739697773,1015.6,772.0
966,1997,738.8536010439028,293.3311739697773,1015.6,772.0
966,1998,738.8536010439028,293.3311739697773,1015.6,772.0
966,1999,738.8536010439028,293.3311739697773,1015.6,772.0
966,2000,738.8536010439028,293.3311739697773,1015.6,772.0
966,2001,738.8536010439028,293.3311739697773,1015.6,772.0
966,2002,738.8536010439028,293.3311739697773,1015.6,772.0
966,2003,738.8536010439028,293.3311739697773,1015.6,772.0
966,2004,738.8536010439028,293.3311739697773,1015.6,772.0
966,2005,738.8536010439028,293.3311739697773,1015.6,772.0
966,2006,738.8536010439028,293.3311739697773,1015.6,772.0
966,2007,738.8536010439028,293.3311739697773,1015.6,772.0
966,2008,738.8536010439028,293.3311739697773,1015.6,772.0
966,2009,738.8536010439028,293.3311739697773,1015.6,772.0
966,2010,738.8536010439028,293.3311739697773,1015.6,772.0
966,2011,738.8536010439028,293.3311739697773,1015.6,772.0
966,2012,738.8536010439028,293.3311739697773,1015.6,772.0
966,2013,738.8536010439028,293.3311739697773,1015.6,772.0
966,2014,738.8536010439028,293.3311739697773,1015.6,772.0
966,2015,738.8536010439028,293.3311739697773,1015.6,772.0
966,2016,738.8536010439028,293.3311739697773,1015.6,772.0
966,2017,738.8536010439028,293.3311739697773,1015.6,772.0
966,2018,738.8536010439028,293.3311739697773,1015.6,772.0
966,2019,738.8536010439028,293.3311739697773,1015.6,772.0
966,2020,738.8536010439028,293.3311739697773,1015.6,772.0
966,2021,738.8536010439028,293.3311739697773,1015.6,772.0
966,2022,738.8536010439028,293.3311739697773,1015.6,772.0
966,2023,738.8536010439028,293.3311739697773,1015.6,772.0
966,2024,738.8536010439028,293.3311739697773,1015.6,772.0
966,2025,738.8536010439028,293.3311739697773,1015.6,772.0
966,2026,738.8536010439028,293.3311739697773,1015.6,772.0
966,2027,738.8536010439028,293.3311739697773,1015.6,772.0
966,2028,738.8536010439028,293.3311739697773,1015.6,772.0
966,2029,738.8536010439028,293.3311739697773,1015.6,772.0
966,2030,738.8536010439028,293.3311739697773,1015.6,772.0
966,2031,738.8536010439028,293.3311739697773,1015.6,772.0
966,2032,738.8536010439028,293.3311739697773,1015.6,772.0
966,2033,738.8536010439028,293.3311739697773,1015.6,772.0
966,2034,738.8536010439028,293.3311739697773,1015.6,772.0
966,2035,738.8536010439028,293.3311739697773,1015.6,772.0
966,2036,738.8536010439028,293.3311739697773,1015.6,772.0
966,2037,738.8536010439028,293.3311739697773,1015.6,772.0
966,2038,738.8536010439028,293.3311739697773,1015.6,772.0
966,2039,738.8536010439028,293.3311739697773,1015.6,772.0
966,2040,738.8536010439028,293.3311739697773,1015.6,772.0
966,2041,738.8536010439028,293.3311739697773,1015.6,772.0
966,2042,738.8536010439028,293.3311739697773,1015.6,772.0
966,2043,738.8536010439028,293.3311739697773,1015.6,772.0
966,2044,738.8536010439028,293.3311739697773,1015.6,772.0
966,2045,738.8536010439028,293.3311739697773,1015.6,772.0
966,2046,738.8536010439028,293.3311739697773,1015.6,772.0
966,2047,738.8536010439028,293.3311739697773,1015.6,772.0
966,2048,738.8536010439028,293.3311739697773,1015.6,772.0
966,2049,738.8536010439028,293.3311739697773,1015.6,772.0
966,2050,738.8536010439028,293.3311739697773,1015.6,772.0
966,2051,738.8536010439028,293.3311739697773,1015.6,772.0
966,2052,738.8536010439028,293.3311739697773,1015.6,772.0
966,2053,738.8536010439028,293.3311739697773,1015.6,772.0
966,2054,939.8536010439028,229.3311739697773,1015.6,772.0
966,2055,939.8536010439028,229.3311739697773,1015.6,772.0
966,2056,939.8536010439028,229.3311739697773,1015.6,772.0
966,2057,939.8536010439028,229.3311739697773,1015.6,772.0
966,2058,939.8536010439028,229.3311739697773,1015.6,772.0
966,2059,939.8536010439028,229.3311739697773,1015.6,772.0
966,2060,939.8536010439028,229.3311739697773,1015.6,772.0
966,2061,939.8536010439028,229.3311739697773,1015.6,772.0
966,2062,939.8536010439028,229.3311739697773,1015.6,772.0
966,2063,939.8536010439028,229.3311739697773,1015.6,772.0
966,2064,939.8536010439028,229.3311739697773,1015.6,772.0
966,2065,939.8536010439028,229.3311739697773,1015.6,772.0
966,2066,939.8536010439028,229.3311739697773,1015.6,772.0
966,2067,939.8536010439028,229.3311739697773,1015.6,772.0
966,2068,939.8536010439028,229.3311739697773,1015.6,772.0
966,2069,939.8536010439028,229.3311739697773,1015.6,772.0
966,2070,939.8536010439028,229.3311739697773,1015.6,772.0
966,2071,939.8536010439028,229.3311739697773,1015.6,772.0
966,2072,939.8536010439028,229.3311739697773,1015.6,772.0
966,2073,939.8536010439028,229.3311739697773,1015.6,772.0
966,2074,939.8536010439028,229.3311739697773,1015.6,772.0
966,2075,939.8536010439028,229.3311739697773,1015.6,772.0
966,2076,939.8536010439028,229.3311739697773,1015.6,772.0
966,2077,939.8536010439028,229.3311739697773,1015.6,772.0
966,2078,939.8536010439028,229.3311739697773,1015.6,772.0
966,2079,939.8536010439028,229.3311739697773,1015.6,772.0
966,2080,939.8536010439028,229.3311739697773,1015.6,772.0
966,2081,939.8536010439028,229.3311739697773,1015.6,772.0
966,2082,939.8536010439028,229.3311739697773,1015.6,772.0
966,2083,939.8536010439028,229.3311739697773,1015.6,772.0
966,2084,939.8536010439028,229.3311739697773,1015.6,772.0
966,2085,939.8536010439028,229.3311739697773,1015.6,772.0
966,2086,939.8536010439028,229.3311739697773,1015.6,772.0
966,2087,939.8536010439028,229.3311739697773,1015.6,772.0
966,2088,939.8536010439028,229.3311739697773,1015.6,772.0
966,2089,939.8536010439028,229.3311739697773,1015.6,772.0
966,2090,939.8536010439028,229.3311739697773,1015.6,772.0
966,2091,939.8536010439028,229.3311739697773,1015.6,772.0
966,2092,939.8536010439028,229.3311739697773,1015.6,772.0
966,2093,939.8536010439028,229.3311739697773,1015.6,772.0
966,2094,939.8536010439028,229.3311739697773,1015.6,772.0
966,2095,939.8536010439028,229.3311739697773,1015.6,772.0
966,2096,939.8536010439028,229.3311739697773,1015.6,772.0
966,2097,939.8536010439028,229.3311739697773,1015.6,772.0
966,2098,939.8536010439028,229.3311739697773,1015.6,772.0
966,2099,939.8536010439028,229.3311739697773,1015.6,772.0
966,2100,939.8536010439028,229.3311739697773,1015.6,772.0
966,2101,939.8536010439028,229.3311739697773,1015.6,772.0
966,2102,939.8536010439028,229.3311739697773,1015.6,772.0
966,2103,939.8536010439028,229.3311739697773,1015.6,772.0
966,2104,939.8536010439028,229.3311739697773,1015.6,772.0
966,2105,939.8536010439028,229.3311739697773,1015.6,772.0
966,2106,939.8536010439028,229.3311739697773,1015.6,772.0
966,2107,939.8536010439028,229.3311739697773,1015.6,772.0
966,2108,939.8536010439028,229.3311739697773,1015.6,772.0
966,2109,939.8536010439028,229.3311739697773,1015.6,772.0
966,2110,939.8536010439028,229.3311739697773,1015.6,772.0
966,2111,939.8536010439028,229.3311739697773,1015.6,772.0
966,2112,939.8536010439028,229.3311739697773,1015.6,772.0
966,2113,939.8536010439028,229.3311739697773,1015.6,772.0
966,2114,939.8536010439028,229.3311739697773,1015.6,772.0
966,2115,939.8536010439028,229.3311739697773,1015.6,772.0
966,2116,939.8536010439028,229.3311739697773,1015.6,772.0
966,2117,939.8536010439028,229.3311739697773,1015.6,772.0
966,2118,939.8536010439028,229.3311739697773,1015.6,772.0
966,2119,939.8536010439028,229.3311739697773,1015.6,772.0
966,2120,939.8536010439028,229.3311739697773,1015.6,772.0
966,2121,939.8536010439028,229.3311739697773,1015.6,772.0
966,2122,939.8536010439028,229.3311739697773,1015.6,772.0
966,2123,939.8536010439028,229.3311739697773,1015.6,772.0
966,2124,939.8536010439028,229.3311739697773,1015.6,772.0
966,2125,939.8536010439028,229.3311739697773,1015.6,772.0
966,2126,939.8536010439028,229.3311739697773,1015.6,772.0
966,2127,939.8536010439028,229.3311739697773,1015.6,772.0
966,2128,939.8536010439028,229.3311739697773,1015.6,772.0
966,2129,939.8536010439028,229.3311739697773,1015.6,772.0
966,2130,939.8536010439028,229.3311739697773,1015.6,772.0
966,2131,939.8536010439028,229.3311739697773,1015.6,772.0
966,2132,939.8536010439028,229.3311739697773,1015.6,772.0
966,2133,939.8536010439028,229.3311739697773,1015.6,772.0
966,2134,939.8536010439028,229.3311739697773,1015.6,772.0
966,2135,939.8536010439028,229.3311739697773,1015.6,772.0
966,2136,939.8536010439028,229.3311739697773,1015.6,772.0
966,2137,939.8536010439028,229.3311739697773,1015.6,772.0
966,2138,939.8536010439028,229.3311739697773,1015.6,772.0
966,2139,939.8536010439028,229.3311739697773,1015.6,772.0
966,2140,939.8536010439028,229.3311739697773,1015.6,772.0
966,2141,939.8536010439028,229.3311739697773,1015.6,772.0
966,2142,939.8536010439028,229.3311739697773,1015.6,772.0
966,2143,939.8536010439028,229.3311739697773,1015.6,772.0
966,2144,939.8536010439028,229.3311739697773,1015.6,772.0
966,2145,939.8536010439028,229.3311739697773,1015.6,772.0
966,2146,939.8536010439028,229.3311739697773,1015.6,772.0
966,2147,939.8536010439028,229.3311739697773,1015.6,772.0
966,2148,939.8536010439028,229.3311739697773,1015.6,772.0
966,2149,939.8536010439028,229.3311739697773,1015.6,772.0
966,2150,939.8536010439028,229.3311739697773,1015.6,772.0
966,2151,939.8536010439028,229.3311739697773,1015.6,772.0
966,2152,939.8536010439028,229.3311739697773,1015.6,772.0
966,2153,939.8536010439028,229.3311739697773,1015.6,772.0
966,2154,939.8536010439028,229.3311739697773,1015.6,772.0
966,2155,939.8536010439028,229.3311739697773,1015.6,772.0
966,2156,939.8536010439028,229.3311739697773,1015.6,772.0
966,2157,939.8536010439028,229.3311739697773,1015.6,772.0
966,2158,939.8536010439028,229.3311739697773,1015.6,772.0
966,2159,939.8536010439028,229.3311739697773,1015.6,772.0
966,2160,939.8536010439028,229.3311739697773,1015.6,772.0
966,2161,939.8536010439028,229.3311739697773,1015.6,772.0
966,2162,939.8536010439028,229.3311739697773,1015.6,772.0
966,2163,939.8536010439028,229.3311739697773,1015.6,772.0
966,2164,939.8536010439028,229.3311739697773,1015.6,772.0
966,2165,939.8536010439028,229.3311739697773,1015.6,772.0
966,2166,939.8536010439028,229.3311739697773,1015.6,772.0
966,2167,939.8536010439028,229.3311739697773,1015.6,772.0
966,2168,939.8536010439028,229.3311739697773,1015.6,772.0
966,2169,939.8536010439028,229.3311739697773,1015.6,772.0
966,2170,939.8536010439028,229.3311739697773,1015.6,772.0
966,2171,939.8536010439028,229.3311739697773,1015.6,772.0
966,2172,939.8536010439028,229.3311739697773,1015.6,772.0
966,2173,939.8536010439028,229.3311739697773,1015.6,772.0
966,2174,939.8536010439028,229.3311739697773,1015.6,772.0
966,2175,939.8536010439028,229.3311739697773,1015.6,772.0
966,2176,939.8536010439028,229.3311739697773,1015.6,772.0
966,2177,939.8536010439028,229.3311739697773,1015.6,772.0
966,2178,939.8536010439028,229.3311739697773,1015.6,772.0
966,2179,939.8536010439028,229.3311739697773,1015.6,772.0
966,2180,939.8536010439028,229.3311739697773,1015.6,772.0
966,2181,939.8536010439028,229.3311739697773,1015.6,772.0
966,2182,939.8536010439028,229.3311739697773,1015.6,772.0
966,2183,939.8536010439028,229.3311739697773,1015.6,772.0
966,2184,939.8536010439028,229.3311739697773,1015.6,772.0
966,2185,939.8536010439028,229.3311739697773,1015.6,772.0
966,2186,939.8536010439028,229.3311739697773,1015.6,772.0
966,2187,939.8536010439028,229.3311739697773,1015.6,772.0
966,2188,939.8536010439028,229.3311739697773,1015.6,772.0
966,2189,939.8536010439028,229.3311739697773,1015.6,772.0
966,2190,939.8536010439028,229.3311739697773,1015.6,772.0
966,2191,939.8536010439028,229.3311739697773,1015.6,772.0
966,2192,939.8536010439028,229.3311739697773,1015.6,772.0
966,2193,939.8536010439028,229.3311739697773,1015.6,772.0
966,2194,939.8536010439028,229.3311739697773,1015.6,772.0
966,2195,939.8536010439028,229.3311739697773,1015.6,772.0
966,2196,939.8536010439028,229.3311739697773,1015.6,772.0
966,2197,939.8536010439028,229.3311739697773,1015.6,772.0
966,2198,939.8536010439028,229.3311739697773,1015.6,772.0
966,2199,939.8536010439028,229.3311739697773,1015.6,772.0
966,2200,939.8536010439028,229.3311739697773,1015.6,772.0
966,2201,939.8536010439028,229.3311739697773,1015.6,772.0
966,2202,939.8536010439028,229.3311739697773,1015.6,772.0
966,2203,939.8536010439028,229.3311739697773,1015.6,772.0
966,2204,939.8536010439028,229.3311739697773,1015.6,772.0
966,2205,939.8536010439028,229.3311739697773,1015.6,772.0
966,2206,939.8536010439028,229.3311739697773,1015.6,772.0
966,2207,939.8536010439028,229.3311739697773,1015.6,772.0
966,2208,939.8536010439028,229.3311739697773,1015.6,772.0
966,2209,939.8536010439028,229.3311739697773,1015.6,772.0
966,2210,939.8536010439028,229.3311739697773,1015.6,772.0
966,2211,939.8536010439028,229.3311739697773,1015.6,772.0
966,2212,939.8536010439028,229.3311739697773,1015.6,772.0
966,2213,939.8536010439028,229.3311739697773,1015.6,772.0
966,2214,939.8536010439028,229.3311739697773,1015.6,772.0
966,2215,939.8536010439028,229.3311739697773,1015.6,772.0
966,2216,939.8536010439028,229.3311739697773,1015.6,772.0
966,2217,939.8536010439028,229.3311739697773,1015.6,772.0
966,2218,939.8536010439028,229.3311739697773,1015.6,772.0
966,2219,939.8536010439028,229.3311739697773,1015.6,772.0
966,2220,939.8536010439028,229.3311739697773,1015.6,772.0
966,2221,944.8536010439028,424.3311739697773,1015.6,772.0
966,2222,944.8536010439028,424.3311739697773,1015.6,772.0
966,2223,944.8536010439028,424.3311739697773,1015.6,772.0
966,2224,944.8536010439028,424.3311739697773,1015.6,772.0
966,2225,944.8536010439028,424.3311739697773,1015.6,772.0
966,2226,944.8536010439028,424.3311739697773,1015.6,772.0
966,2227,944.8536010439028,424.3311739697773,1015.6,772.0
966,2228,944.8536010439028,424.3311739697773,1015.6,772.0
966,2229,944.8536010439028,424.3311739697773,1015.6,772.0
966,2230,944.8536010439028,424.3311739697773,1015.6,772.0
966,2231,944.8536010439028,424.3311739697773,1015.6,772.0
966,2232,944.8536010439028,424.3311739697773,1015.6,772.0
966,2233,944.8536010439028,424.3311739697773,1015.6,772.0
966,2234,944.8536010439028,424.3311739697773,1015.6,772.0
966,2235,944.8536010439028,424.3311739697773,1015.6,772.0
966,2236,944.8536010439028,424.3311739697773,1015.6,772.0
966,2237,944.8536010439028,424.3311739697773,1015.6,772.0
966,2238,944.8536010439028,424.3311739697773,1015.6,772.0
966,2239,944.8536010439028,424.3311739697773,1015.6,772.0
966,2240,944.8536010439028,424.3311739697773,1015.6,772.0
966,2241,944.8536010439028,424.3311739697773,1015.6,772.0
966,2242,944.8536010439028,424.3311739697773,1015.6,772.0
966,2243,944.8536010439028,424.3311739697773,1015.6,772.0
966,2244,944.8536010439028,424.3311739697773,1015.6,772.0
966,2245,944.8536010439028,424.3311739697773,1015.6,772.0
966,2246,944.8536010439028,424.3311739697773,1015.6,772.0
966,2247,944.8536010439028,424.3311739697773,1015.6,772.0
966,2248,944.8536010439028,424.3311739697773,1015.6,772.0
966,2249,944.8536010439028,424.3311739697773,1015.6,772.0
966,2250,944.8536010439028,424.3311739697773,1015.6,772.0
966,2251,944.8536010439028,424.3311739697773,1015.6,772.0
966,2252,944.8536010439028,424.3311739697773,1015.6,772.0
966,2253,944.8536010439028,424.3311739697773,1015.6,772.0
966,2254,948.8536010439028,618.3311739697773,1015.6,772.0
966,2255,948.8536010439028,618.3311739697773,1015.6,772.0
966,2256,948.8536010439028,618.3311739697773,1015.6,772.0
966,2257,948.8536010439028,618.3311739697773,1015.6,772.0
966,2258,948.8536010439028,618.3311739697773,1015.6,772.0
966,2259,948.8536010439028,618.3311739697773,1015.6,772.0
966,2260,948.8536010439028,618.3311739697773,1015.6,772.0
966,2261,948.8536010439028,618.3311739697773,1015.6,772.0
966,2262,948.8536010439028,618.3311739697773,1015.6,772.0
966,2263,948.8536010439028,618.3311739697773,1015.6,772.0
966,2264,948.8536010439028,618.3311739697773,1015.6,772.0
966,2265,948.8536010439028,618.3311739697773,1015.6,772.0
966,2266,948.8536010439028,618.3311739697773,1015.6,772.0
966,2267,948.8536010439028,618.3311739697773,1015.6,772.0
966,2268,948.8536010439028,618.3311739697773,1015.6,772.0
966,2269,948.8536010439028,618.3311739697773,1015.6,772.0
966,2270,948.8536010439028,618.3311739697773,1015.6,772.0
966,2271,948.8536010439028,618.3311739697773,1015.6,772.0
966,2272,948.8536010439028,618.3311739697773,1015.6,772.0
966,2273,948.8536010439028,618.3311739697773,1015.6,772.0
966,2274,948.8536010439028,618.3311739697773,1015.6,772.0
966,2275,948.8536010439028,618.3311739697773,1015.6,772.0
966,2276,948.8536010439028,618.3311739697773,1015.6,772.0
966,2277,948.8536010439028,618.3311739697773,1015.6,772.0
966,2278,948.8536010439028,618.3311739697773,1015.6,772.0
966,2279,948.8536010439028,618.3311739697773,1015.6,772.0
966,2280,948.8536010439028,618.3311739697773,1015.6,772.0
966,2281,948.8536010439028,618.3311739697773,1015.6,772.0
966,2282,948.8536010439028,618.3311739697773,1015.6,772.0
966,2283,948.8536010439028,618.3311739697773,1015.6,772.0
966,2284,948.8536010439028,618.3311739697773,1015.6,772.0
966,2285,948.8536010439028,618.3311739697773,1015.6,772.0
966,2286,948.8536010439028,618.3311739697773,1015.6,772.0
966,2287,948.8536010439028,618.3311739697773,1015.6,772.0
966,2288,948.8536010439028,618.3311739697773,1015.6,772.0
966,2289,948.8536010439028,618.3311739697773,1015.6,772.0
966,2290,948.8536010439028,618.3311739697773,1015.6,772.0
966,2291,948.8536010439028,618.3311739697773,1015.6,772.0
966,2292,948.8536010439028,618.3311739697773,1015.6,772.0
966,2293,948.8536010439028,618.3311739697773,1015.6,772.0
966,2294,948.8536010439028,618.3311739697773,1015.6,772.0
966,2295,948.8536010439028,618.3311739697773,1015.6,772.0
966,2296,948.8536010439028,618.3311739697773,1015.6,772.0
966,2297,948.8536010439028,618.3311739697773,1015.6,772.0
966,2298,948.8536010439028,618.3311739697773,1015.6,772.0
966,2299,948.8536010439028,618.3311739697773,1015.6,772.0
966,2300,948.8536010439028,618.3311739697773,1015.6,772.0
966,2301,948.8536010439028,618.3311739697773,1015.6,772.0
966,2302,948.8536010439028,618.3311739697773,1015.6,772.0
966,2303,948.8536010439028,618.3311739697773,1015.6,772.0
966,2304,948.8536010439028,618.3311739697773,1015.6,772.0
966,2305,948.8536010439028,618.3311739697773,1015.6,772.0
966,2306,948.8536010439028,618.3311739697773,1015.6,772.0
966,2307,948.8536010439028,618.3311739697773,1015.6,772.0
966,2308,948.8536010439028,618.3311739697773,1015.6,772.0
966,2309,948.8536010439028,618.3311739697773,1015.6,772.0
966,2310,948.8536010439028,618.3311739697773,1015.6,772.0
966,2311,948.8536010439028,618.3311739697773,1015.6,772.0
966,2312,948.8536010439028,618.3311739697773,1015.6,772.0
966,2313,948.8536010439028,618.3311739697773,1015.6,772.0
966,2314,948.8536010439028,618.3311739697773,1015.6,772.0
966,2315,948.8536010439028,618.3311739697773,1015.6,772.0
966,2316,948.8536010439028,618.3311739697773,1015.6,772.0
966,2317,948.8536010439028,618.3311739697773,1015.6,772.0
966,2318,948.8536010439028,618.3311739697773,1015.6,772.0
966,2319,948.8536010439028,618.3311739697773,1015.6,772.0
966,2320,938.8536010439028,436.3311739697773,1015.6,772.0
966,2321,938.8536010439028,436.3311739697773,1015.6,772.0
966,2322,938.8536010439028,436.3311739697773,1015.6,772.0
966,2323,938.8536010439028,436.3311739697773,1015.6,772.0
966,2324,938.8536010439028,436.3311739697773,1015.6,772.0
966,2325,938.8536010439028,436.3311739697773,1015.6,772.0
966,2326,938.8536010439028,436.3311739697773,1015.6,772.0
966,2327,938.8536010439028,436.3311739697773,1015.6,772.0
966,2328,938.8536010439028,436.3311739697773,1015.6,772.0
966,2329,938.8536010439028,436.3311739697773,1015.6,772.0
966,2330,938.8536010439028,436.3311739697773,1015.6,772.0
966,2331,938.8536010439028,436.3311739697773,1015.6,772.0
966,2332,938.8536010439028,436.3311739697773,1015.6,772.0
966,2333,938.8536010439028,436.3311739697773,1015.6,772.0
966,2334,938.8536010439028,436.3311739697773,1015.6,772.0
966,2335,938.8536010439028,436.3311739697773,1015.6,772.0
966,2336,938.8536010439028,436.3311739697773,1015.6,772.0
966,2337,938.8536010439028,436.3311739697773,1015.6,772.0
966,2338,938.8536010439028,436.3311739697773,1015.6,772.0
966,2339,938.8536010439028,436.3311739697773,1015.6,772.0
966,2340,938.8536010439028,436.3311739697773,1015.6,772.0
966,2341,938.8536010439028,436.3311739697773,1015.6,772.0
966,2342,938.8536010439028,436.3311739697773,1015.6,772.0
966,2343,938.8536010439028,436.3311739697773,1015.6,772.0
966,2344,938.8536010439028,436.3311739697773,1015.6,772.0
966,2345,938.8536010439028,436.3311739697773,1015.6,772.0
966,2346,938.8536010439028,436.3311739697773,1015.6,772.0
966,2347,938.8536010439028,436.3311739697773,1015.6,772.0
966,2348,938.8536010439028,436.3311739697773,1015.6,772.0
966,2349,938.8536010439028,436.3311739697773,1015.6,772.0
966,2350,938.8536010439028,436.3311739697773,1015.6,772.0
966,2351,938.8536010439028,436.3311739697773,1015.6,772.0
966,2352,938.8536010439028,436.3311739697773,1015.6,772.0
966,2353,938.8536010439028,436.3311739697773,1015.6,772.0
966,2354,927.8536010439028,254.3311739697773,1015.6,772.0
966,2355,927.8536010439028,254.3311739697773,1015.6,772.0
966,2356,927.8536010439028,254.3311739697773,1015.6,772.0
966,2357,927.8536010439028,254.3311739697773,1015.6,772.0
966,2358,927.8536010439028,254.3311739697773,1015.6,772.0
966,2359,927.8536010439028,254.3311739697773,1015.6,772.0
966,2360,927.8536010439028,254.3311739697773,1015.6,772.0
966,2361,927.8536010439028,254.3311739697773,1015.6,772.0
966,2362,927.8536010439028,254.3311739697773,1015.6,772.0
966,2363,927.8536010439028,254.3311739697773,1015.6,772.0
966,2364,927.8536010439028,254.3311739697773,1015.6,772.0
966,2365,927.8536010439028,254.3311739697773,1015.6,772.0
966,2366,927.8536010439028,254.3311739697773,1015.6,772.0
966,2367,927.8536010439028,254.3311739697773,1015.6,772.0
966,2368,927.8536010439028,254.3311739697773,1015.6,772.0
966,2369,927.8536010439028,254.3311739697773,1015.6,772.0
966,2370,927.8536010439028,254.3311739697773,1015.6,772.0
966,2371,927.8536010439028,254.3311739697773,1015.6,772.0
966,2372,927.8536010439028,254.3311739697773,1015.6,772.0
966,2373,927.8536010439028,254.3311739697773,1015.6,772.0
966,2374,927.8536010439028,254.3311739697773,1015.6,772.0
966,2375,927.8536010439028,254.3311739697773,1015.6,772.0
966,2376,927.8536010439028,254.3311739697773,1015.6,772.0
966,2377,927.8536010439028,254.3311739697773,1015.6,772.0
966,2378,927.8536010439028,254.3311739697773,1015.6,772.0
966,2379,927.8536010439028,254.3311739697773,1015.6,772.0
966,2380,927.8536010439028,254.3311739697773,1015.6,772.0
966,2381,927.8536010439028,254.3311739697773,1015.6,772.0
966,2382,927.8536010439028,254.3311739697773,1015.6,772.0
966,2383,927.8536010439028,254.3311739697773,1015.6,772.0
966,2384,927.8536010439028,254.3311739697773,1015.6,772.0
966,2385,927.8536010439028,254.3311739697773,1015.6,772.0
966,2386,927.8536010439028,254.3311739697773,1015.6,772.0
966,2387,927.8536010439028,254.3311739697773,1015.6,772.0
966,2388,927.8536010439028,254.3311739697773,1015.6,772.0
966,2389,927.8536010439028,254.3311739697773,1015.6,772.0
966,2390,927.8536010439028,254.3311739697773,1015.6,772.0
966,2391,927.8536010439028,254.3311739697773,1015.6,772.0
966,2392,927.8536010439028,254.3311739697773,1015.6,772.0
966,2393,927.8536010439028,254.3311739697773,1015.6,772.0
966,2394,927.8536010439028,254.3311739697773,1015.6,772.0
966,2395,927.8536010439028,254.3311739697773,1015.6,772.0
966,2396,927.8536010439028,254.3311739697773,1015.6,772.0
966,2397,927.8536010439028,254.3311739697773,1015.6,772.0
966,2398,927.8536010439028,254.3311739697773,1015.6,772.0
966,2399,927.8536010439028,254.3311739697773,1015.6,772.0
966,2400,927.8536010439028,254.3311739697773,1015.6,772.0
966,2401,927.8536010439028,254.3311739697773,1015.6,772.0
966,2402,927.8536010439028,254.3311739697773,1015.6,772.0
966,2403,927.8536010439028,254.3311739697773,1015.6,772.0
966,2404,927.8536010439028,254.3311739697773,1015.6,772.0
966,2405,927.8536010439028,254.3311739697773,1015.6,772.0
966,2406,927.8536010439028,254.3311739697773,1015.6,772.0
966,2407,927.8536010439028,254.3311739697773,1015.6,772.0
966,2408,927.8536010439028,254.3311739697773,1015.6,772.0
966,2409,927.8536010439028,254.3311739697773,1015.6,772.0
966,2410,927.8536010439028,254.3311739697773,1015.6,772.0
966,2411,927.8536010439028,254.3311739697773,1015.6,772.0
966,2412,927.8536010439028,254.3311739697773,1015.6,772.0
966,2413,927.8536010439028,254.3311739697773,1015.6,772.0
966,2414,927.8536010439028,254.3311739697773,1015.6,772.0
966,2415,927.8536010439028,254.3311739697773,1015.6,772.0
966,2416,927.8536010439028,254.3311739697773,1015.6,772.0
966,2417,927.8536010439028,254.3311739697773,1015.6,772.0
966,2418,927.8536010439028,254.3311739697773,1015.6,772.0
966,2419,927.8536010439028,254.3311739697773,1015.6,772.0
966,2420,927.8536010439028,254.3311739697773,1015.6,772.0
966,2421,927.8536010439028,254.3311739697773,1015.6,772.0
966,2422,927.8536010439028,254.3311739697773,1015.6,772.0
966,2423,927.8536010439028,254.3311739697773,1015.6,772.0
966,2424,927.8536010439028,254.3311739697773,1015.6,772.0
966,2425,927.8536010439028,254.3311739697773,1015.6,772.0
966,2426,927.8536010439028,254.3311739697773,1015.6,772.0
966,2427,927.8536010439028,254.3311739697773,1015.6,772.0
966,2428,927.8536010439028,254.3311739697773,1015.6,772.0
966,2429,927.8536010439028,254.3311739697773,1015.6,772.0
966,2430,927.8536010439028,254.3311739697773,1015.6,772.0
966,2431,927.8536010439028,254.3311739697773,1015.6,772.0
966,2432,927.8536010439028,254.3311739697773,1015.6,772.0
966,2433,927.8536010439028,254.3311739697773,1015.6,772.0
966,2434,927.8536010439028,254.3311739697773,1015.6,772.0
966,2435,927.8536010439028,254.3311739697773,1015.6,772.0
966,2436,927.8536010439028,254.3311739697773,1015.6,772.0
966,2437,927.8536010439028,254.3311739697773,1015.6,772.0
966,2438,927.8536010439028,254.3311739697773,1015.6,772.0
966,2439,927.8536010439028,254.3311739697773,1015.6,772.0
966,2440,927.8536010439028,254.3311739697773,1015.6,772.0
966,2441,927.8536010439028,254.3311739697773,1015.6,772.0
966,2442,927.8536010439028,254.3311739697773,1015.6,772.0
966,2443,927.8536010439028,254.3311739697773,1015.6,772.0
966,2444,927.8536010439028,254.3311739697773,1015.6,772.0
966,2445,927.8536010439028,254.3311739697773,1015.6,772.0
966,2446,927.8536010439028,254.3311739697773,1015.6,772.0
966,2447,927.8536010439028,254.3311739697773,1015.6,772.0
966,2448,927.8536010439028,254.3311739697773,1015.6,772.0
966,2449,927.8536010439028,254.3311739697773,1015.6,772.0
966,2450,927.8536010439028,254.3311739697773,1015.6,772.0
966,2451,927.8536010439028,254.3311739697773,1015.6,772.0
966,2452,927.8536010439028,254.3311739697773,1015.6,772.0
966,2453,927.8536010439028,254.3311739697773,1015.6,772.0
966,2454,927.8536010439028,254.3311739697773,1015.6,772.0
966,2455,927.8536010439028,254.3311739697773,1015.6,772.0
966,2456,927.8536010439028,254.3311739697773,1015.6,772.0
966,2457,927.8536010439028,254.3311739697773,1015.6,772.0
966,2458,927.8536010439028,254.3311739697773,1015.6,772.0
966,2459,927.8536010439028,254.3311739697773,1015.6,772.0
966,2460,927.8536010439028,254.3311739697773,1015.6,772.0
966,2461,927.8536010439028,254.3311739697773,1015.6,772.0
966,2462,927.8536010439028,254.3311739697773,1015.6,772.0
966,2463,927.8536010439028,254.3311739697773,1015.6,772.0
966,2464,927.8536010439028,254.3311739697773,1015.6,772.0
966,2465,927.8536010439028,254.3311739697773,1015.6,772.0
966,2466,927.8536010439028,254.3311739697773,1015.6,772.0
966,2467,927.8536010439028,254.3311739697773,1015.6,772.0
966,2468,927.8536010439028,254.3311739697773,1015.6,772.0
966,2469,927.8536010439028,254.3311739697773,1015.6,772.0
966,2470,927.8536010439028,254.3311739697773,1015.6,772.0
966,2471,927.8536010439028,254.3311739697773,1015.6,772.0
966,2472,927.8536010439028,254.3311739697773,1015.6,772.0
966,2473,927.8536010439028,254.3311739697773,1015.6,772.0
966,2474,927.8536010439028,254.3311739697773,1015.6,772.0
966,2475,927.8536010439028,254.3311739697773,1015.6,772.0
966,2476,927.8536010439028,254.3311739697773,1015.6,772.0
966,2477,927.8536010439028,254.3311739697773,1015.6,772.0
966,2478,927.8536010439028,254.3311739697773,1015.6,772.0
966,2479,927.8536010439028,254.3311739697773,1015.6,772.0
966,2480,927.8536010439028,254.3311739697773,1015.6,772.0
966,2481,927.8536010439028,254.3311739697773,1015.6,772.0
966,2482,927.8536010439028,254.3311739697773,1015.6,772.0
966,2483,927.8536010439028,254.3311739697773,1015.6,772.0
966,2484,927.8536010439028,254.3311739697773,1015.6,772.0
966,2485,927.8536010439028,254.3311739697773,1015.6,772.0
966,2486,927.8536010439028,254.3311739697773,1015.6,772.0
966,2487,927.8536010439028,254.3311739697773,1015.6,772.0
966,2488,927.8536010439028,254.3311739697773,1015.6,772.0
966,2489,927.8536010439028,254.3311739697773,1015.6,772.0
966,2490,927.8536010439028,254.3311739697773,1015.6,772.0
966,2491,927.8536010439028,254.3311739697773,1015.6,772.0
966,2492,927.8536010439028,254.3311739697773,1015.6,772.0
966,2493,927.8536010439028,254.3311739697773,1015.6,772.0
966,2494,927.8536010439028,254.3311739697773,1015.6,772.0
966,2495,927.8536010439028,254.3311739697773,1015.6,772.0
966,2496,927.8536010439028,254.3311739697773,1015.6,772.0
966,2497,927.8536010439028,254.3311739697773,1015.6,772.0
966,2498,927.8536010439028,254.3311739697773,1015.6,772.0
966,2499,927.8536010439028,254.3311739697773,1015.6,772.0
966,2500,927.8536010439028,254.3311739697773,1015.6,772.0
966,2501,927.8536010439028,254.3311739697773,1015.6,772.0
966,2502,927.8536010439028,254.3311739697773,1015.6,772.0
966,2503,927.8536010439028,254.3311739697773,1015.6,772.0
966,2504,927.8536010439028,254.3311739697773,1015.6,772.0
966,2505,927.8536010439028,254.3311739697773,1015.6,772.0
966,2506,927.8536010439028,254.3311739697773,1015.6,772.0
966,2507,927.8536010439028,254.3311739697773,1015.6,772.0
966,2508,927.8536010439028,254.3311739697773,1015.6,772.0
966,2509,927.8536010439028,254.3311739697773,1015.6,772.0
966,2510,927.8536010439028,254.3311739697773,1015.6,772.0
966,2511,927.8536010439028,254.3311739697773,1015.6,772.0
966,2512,927.8536010439028,254.3311739697773,1015.6,772.0
966,2513,927.8536010439028,254.3311739697773,1015.6,772.0
966,2514,927.8536010439028,254.3311739697773,1015.6,772.0
966,2515,927.8536010439028,254.3311739697773,1015.6,772.0
966,2516,927.8536010439028,254.3311739697773,1015.6,772.0
966,2517,927.8536010439028,254.3311739697773,1015.6,772.0
966,2518,927.8536010439028,254.3311739697773,1015.6,772.0
966,2519,927.8536010439028,254.3311739697773,1015.6,772.0
966,2520,927.8536010439028,254.3311739697773,1015.6,772.0
966,2521,927.8536010439028,254.3311739697773,1015.6,772.0
966,2522,927.8536010439028,254.3311739697773,1015.6,772.0
966,2523,927.8536010439028,254.3311739697773,1015.6,772.0
966,2524,927.8536010439028,254.3311739697773,1015.6,772.0
966,2525,927.8536010439028,254.3311739697773,1015.6,772.0
966,2526,927.8536010439028,254.3311739697773,1015.6,772.0
966,2527,927.8536010439028,254.3311739697773,1015.6,772.0
966,2528,927.8536010439028,254.3311739697773,1015.6,772.0
966,2529,927.8536010439028,254.3311739697773,1015.6,772.0
966,2530,927.8536010439028,254.3311739697773,1015.6,772.0
966,2531,927.8536010439028,254.3311739697773,1015.6,772.0
966,2532,927.8536010439028,254.3311739697773,1015.6,772.0
966,2533,927.8536010439028,254.3311739697773,1015.6,772.0
966,2534,927.8536010439028,254.3311739697773,1015.6,772.0
966,2535,927.8536010439028,254.3311739697773,1015.6,772.0
966,2536,927.8536010439028,254.3311739697773,1015.6,772.0
966,2537,927.8536010439028,254.3311739697773,1015.6,772.0
966,2538,927.8536010439028,254.3311739697773,1015.6,772.0
966,2539,927.8536010439028,254.3311739697773,1015.6,772.0
966,2540,927.8536010439028,254.3311739697773,1015.6,772.0
966,2541,927.8536010439028,254.3311739697773,1015.6,772.0
966,2542,927.8536010439028,254.3311739697773,1015.6,772.0
966,2543,927.8536010439028,254.3311739697773,1015.6,772.0
966,2544,927.8536010439028,254.3311739697773,1015.6,772.0
966,2545,927.8536010439028,254.3311739697773,1015.6,772.0
966,2546,927.8536010439028,254.3311739697773,1015.6,772.0
966,2547,927.8536010439028,254.3311739697773,1015.6,772.0
966,2548,927.8536010439028,254.3311739697773,1015.6,772.0
966,2549,927.8536010439028,254.3311739697773,1015.6,772.0
966,2550,927.8536010439028,254.3311739697773,1015.6,772.0
966,2551,927.8536010439028,254.3311739697773,1015.6,772.0
966,2552,927.8536010439028,254.3311739697773,1015.6,772.0
966,2553,927.8536010439028,254.3311739697773,1015.6,772.0
966,2554,637.8536010439028,247.3311739697773,1015.6,772.0
966,2555,637.8536010439028,247.3311739697773,1015.6,772.0
966,2556,637.8536010439028,247.3311739697773,1015.6,772.0
966,2557,637.8536010439028,247.3311739697773,1015.6,772.0
966,2558,637.8536010439028,247.3311739697773,1015.6,772.0
966,2559,637.8536010439028,247.3311739697773,1015.6,772.0
966,2560,637.8536010439028,247.3311739697773,1015.6,772.0
966,2561,637.8536010439028,247.3311739697773,1015.6,772.0
966,2562,637.8536010439028,247.3311739697773,1015.6,772.0
966,2563,637.8536010439028,247.3311739697773,1015.6,772.0
966,2564,637.8536010439028,247.3311739697773,1015.6,772.0
966,2565,637.8536010439028,247.3311739697773,1015.6,772.0
966,2566,637.8536010439028,247.3311739697773,1015.6,772.0
966,2567,637.8536010439028,247.3311739697773,1015.6,772.0
966,2568,637.8536010439028,247.3311739697773,1015.6,772.0
966,2569,637.8536010439028,247.3311739697773,1015.6,772.0
966,2570,637.8536010439028,247.3311739697773,1015.6,772.0
966,2571,637.8536010439028,247.3311739697773,1015.6,772.0
966,2572,637.8536010439028,247.3311739697773,1015.6,772.0
966,2573,637.8536010439028,247.3311739697773,1015.6,772.0
966,2574,637.8536010439028,247.3311739697773,1015.6,772.0
966,2575,637.8536010439028,247.3311739697773,1015.6,772.0
966,2576,637.8536010439028,247.3311739697773,1015.6,772.0
966,2577,637.8536010439028,247.3311739697773,1015.6,772.0
966,2578,637.8536010439028,247.3311739697773,1015.6,772.0
966,2579,637.8536010439028,247.3311739697773,1015.6,772.0
966,2580,637.8536010439028,247.3311739697773,1015.6,772.0
966,2581,637.8536010439028,247.3311739697773,1015.6,772.0
966,2582,637.8536010439028,247.3311739697773,1015.6,772.0
966,2583,637.8536010439028,247.3311739697773,1015.6,772.0
966,2584,637.8536010439028,247.3311739697773,1015.6,772.0
966,2585,637.8536010439028,247.3311739697773,1015.6,772.0
966,2586,637.8536010439028,247.3311739697773,1015.6,772.0
966,2587,637.8536010439028,247.3311739697773,1015.6,772.0
966,2588,637.8536010439028,247.3311739697773,1015.6,772.0
966,2589,637.8536010439028,247.3311739697773,1015.6,772.0
966,2590,637.8536010439028,247.3311739697773,1015.6,772.0
966,2591,637.8536010439028,247.3311739697773,1015.6,772.0
966,2592,637.8536010439028,247.3311739697773,1015.6,772.0
966,2593,637.8536010439028,247.3311739697773,1015.6,772.0
966,2594,637.8536010439028,247.3311739697773,1015.6,772.0
966,2595,637.8536010439028,247.3311739697773,1015.6,772.0
966,2596,637.8536010439028,247.3311739697773,1015.6,772.0
966,2597,637.8536010439028,247.3311739697773,1015.6,772.0
966,2598,637.8536010439028,247.3311739697773,1015.6,772.0
966,2599,637.8536010439028,247.3311739697773,1015.6,772.0
966,2600,637.8536010439028,247.3311739697773,1015.6,772.0
966,2601,637.8536010439028,247.3311739697773,1015.6,772.0
966,2602,637.8536010439028,247.3311739697773,1015.6,772.0
966,2603,637.8536010439028,247.3311739697773,1015.6,772.0
966,2604,637.8536010439028,247.3311739697773,1015.6,772.0
966,2605,637.8536010439028,247.3311739697773,1015.6,772.0
966,2606,637.8536010439028,247.3311739697773,1015.6,772.0
966,2607,637.8536010439028,247.3311739697773,1015.6,772.0
966,2608,637.8536010439028,247.3311739697773,1015.6,772.0
966,2609,637.8536010439028,247.3311739697773,1015.6,772.0
966,2610,637.8536010439028,247.3311739697773,1015.6,772.0
966,2611,637.8536010439028,247.3311739697773,1015.6,772.0
966,2612,637.8536010439028,247.3311739697773,1015.6,772.0
966,2613,637.8536010439028,247.3311739697773,1015.6,772.0
966,2614,637.8536010439028,247.3311739697773,1015.6,772.0
966,2615,637.8536010439028,247.3311739697773,1015.6,772.0
966,2616,637.8536010439028,247.3311739697773,1015.6,772.0
966,2617,637.8536010439028,247.3311739697773,1015.6,772.0
966,2618,637.8536010439028,247.3311739697773,1015.6,772.0
966,2619,637.8536010439028,247.3311739697773,1015.6,772.0
966,2620,637.8536010439028,247.3311739697773,1015.6,772.0
966,2621,782.8536010439028,392.3311739697773,1015.6,772.0
966,2622,782.8536010439028,392.3311739697773,1015.6,772.0
966,2623,782.8536010439028,392.3311739697773,1015.6,772.0
966,2624,782.8536010439028,392.3311739697773,1015.6,772.0
966,2625,782.8536010439028,392.3311739697773,1015.6,772.0
966,2626,782.8536010439028,392.3311739697773,1015.6,772.0
966,2627,782.8536010439028,392.3311739697773,1015.6,772.0
966,2628,782.8536010439028,392.3311739697773,1015.6,772.0
966,2629,782.8536010439028,392.3311739697773,1015.6,772.0
966,2630,782.8536010439028,392.3311739697773,1015.6,772.0
966,2631,782.8536010439028,392.3311739697773,1015.6,772.0
966,2632,782.8536010439028,392.3311739697773,1015.6,772.0
966,2633,782.8536010439028,392.3311739697773,1015.6,772.0
966,2634,782.8536010439028,392.3311739697773,1015.6,772.0
966,2635,782.8536010439028,392.3311739697773,1015.6,772.0
966,2636,782.8536010439028,392.3311739697773,1015.6,772.0
966,2637,782.8536010439028,392.3311739697773,1015.6,772.0
966,2638,782.8536010439028,392.3311739697773,1015.6,772.0
966,2639,782.8536010439028,392.3311739697773,1015.6,772.0
966,2640,782.8536010439028,392.3311739697773,1015.6,772.0
966,2641,782.8536010439028,392.3311739697773,1015.6,772.0
966,2642,782.8536010439028,392.3311739697773,1015.6,772.0
966,2643,782.8536010439028,392.3311739697773,1015.6,772.0
966,2644,782.8536010439028,392.3311739697773,1015.6,772.0
966,2645,782.8536010439028,392.3311739697773,1015.6,772.0
966,2646,782.8536010439028,392.3311739697773,1015.6,772.0
966,2647,782.8536010439028,392.3311739697773,1015.6,772.0
966,2648,782.8536010439028,392.3311739697773,1015.6,772.0
966,2649,782.8536010439028,392.3311739697773,1015.6,772.0
966,2650,782.8536010439028,392.3311739697773,1015.6,772.0
966,2651,782.8536010439028,392.3311739697773,1015.6,772.0
966,2652,782.8536010439028,392.3311739697773,1015.6,772.0
966,2653,782.8536010439028,392.3311739697773,1015.6,772.0
966,2654,928.8536010439028,538.3311739697773,1015.6,772.0
966,2655,928.8536010439028,538.3311739697773,1015.6,772.0
966,2656,928.8536010439028,538.3311739697773,1015.6,772.0
966,2657,928.8536010439028,538.3311739697773,1015.6,772.0
966,2658,928.8536010439028,538.3311739697773,1015.6,772.0
966,2659,928.8536010439028,538.3311739697773,1015.6,772.0
966,2660,928.8536010439028,538.3311739697773,1015.6,772.0
966,2661,928.8536010439028,538.3311739697773,1015.6,772.0
966,2662,928.8536010439028,538.3311739697773,1015.6,772.0
966,2663,928.8536010439028,538.3311739697773,1015.6,772.0
966,2664,928.8536010439028,538.3311739697773,1015.6,772.0
966,2665,928.8536010439028,538.3311739697773,1015.6,772.0
966,2666,928.8536010439028,538.3311739697773,1015.6,772.0
966,2667,928.8536010439028,538.3311739697773,1015.6,772.0
966,2668,928.8536010439028,538.3311739697773,1015.6,772.0
966,2669,928.8536010439028,538.3311739697773,1015.6,772.0
966,2670,928.8536010439028,538.3311739697773,1015.6,772.0
966,2671,928.8536010439028,538.3311739697773,1015.6,772.0
966,2672,928.8536010439028,538.3311739697773,1015.6,772.0
966,2673,928.8536010439028,538.3311739697773,1015.6,772.0
966,2674,928.8536010439028,538.3311739697773,1015.6,772.0
966,2675,928.8536010439028,538.3311739697773,1015.6,772.0
966,2676,928.8536010439028,538.3311739697773,1015.6,772.0
966,2677,928.8536010439028,538.3311739697773,1015.6,772.0
966,2678,928.8536010439028,538.3311739697773,1015.6,772.0
966,2679,928.8536010439028,538.3311739697773,1015.6,772.0
966,2680,928.8536010439028,538.3311739697773,1015.6,772.0
966,2681,928.8536010439028,538.3311739697773,1015.6,772.0
966,2682,928.8536010439028,538.3311739697773,1015.6,772.0
966,2683,928.8536010439028,538.3311739697773,1015.6,772.0
966,2684,928.8536010439028,538.3311739697773,1015.6,772.0
966,2685,928.8536010439028,538.3311739697773,1015.6,772.0
966,2686,928.8536010439028,538.3311739697773,1015.6,772.0
966,2687,928.8536010439028,538.3311739697773,1015.6,772.0
966,2688,928.8536010439028,538.3311739697773,1015.6,772.0
966,2689,928.8536010439028,538.3311739697773,1015.6,772.0
966,2690,928.8536010439028,538.3311739697773,1015.6,772.0
966,2691,928.8536010439028,538.3311739697773,1015.6,772.0
966,2692,928.8536010439028,538.3311739697773,1015.6,772.0
966,2693,928.8536010439028,538.3311739697773,1015.6,772.0
966,2694,928.8536010439028,538.3311739697773,1015.6,772.0
966,2695,928.8536010439028,538.3311739697773,1015.6,772.0
966,2696,928.8536010439028,538.3311739697773,1015.6,772.0
966,2697,928.8536010439028,538.3311739697773,1015.6,772.0
966,2698,928.8536010439028,538.3311739697773,1015.6,772.0
966,2699,928.8536010439028,538.3311739697773,1015.6,772.0
966,2700,928.8536010439028,538.3311739697773,1015.6,772.0
966,2701,928.8536010439028,538.3311739697773,1015.6,772.0
966,2702,928.8536010439028,538.3311739697773,1015.6,772.0
966,2703,928.8536010439028,538.3311739697773,1015.6,772.0
966,2704,928.8536010439028,538.3311739697773,1015.6,772.0
966,2705,928.8536010439028,538.3311739697773,1015.6,772.0
966,2706,928.8536010439028,538.3311739697773,1015.6,772.0
966,2707,928.8536010439028,538.3311739697773,1015.6,772.0
966,2708,928.8536010439028,538.3311739697773,1015.6,772.0
966,2709,928.8536010439028,538.3311739697773,1015.6,772.0
966,2710,928.8536010439028,538.3311739697773,1015.6,772.0
966,2711,928.8536010439028,538.3311739697773,1015.6,772.0
966,2712,928.8536010439028,538.3311739697773,1015.6,772.0
966,2713,928.8536010439028,538.3311739697773,1015.6,772.0
966,2714,928.8536010439028,538.3311739697773,1015.6,772.0
966,2715,928.8536010439028,538.3311739697773,1015.6,772.0
966,2716,928.8536010439028,538.3311739697773,1015.6,772.0
966,2717,928.8536010439028,538.3311739697773,1015.6,772.0
966,2718,928.8536010439028,538.3311739697773,1015.6,772.0
966,2719,928.8536010439028,538.3311739697773,1015.6,772.0
966,2720,928.8536010439028,538.3311739697773,1015.6,772.0
966,2721,780.8536010439028,400.3311739697773,1015.6,772.0
966,2722,780.8536010439028,400.3311739697773,1015.6,772.0
966,2723,780.8536010439028,400.3311739697773,1015.6,772.0
966,2724,780.8536010439028,400.3311739697773,1015.6,772.0
966,2725,780.8536010439028,400.3311739697773,1015.6,772.0
966,2726,780.8536010439028,400.3311739697773,1015.6,772.0
966,2727,780.8536010439028,400.3311739697773,1015.6,772.0
966,2728,780.8536010439028,400.3311739697773,1015.6,772.0
966,2729,780.8536010439028,400.3311739697773,1015.6,772.0
966,2730,780.8536010439028,400.3311739697773,1015.6,772.0
966,2731,780.8536010439028,400.3311739697773,1028.355,769.695
966,2732,780.8536010439028,400.3311739697773,1041.1100000000001,767.39
966,2733,780.8536010439028,400.3311739697773,1053.865,765.085
966,2734,780.8536010439028,400.3311739697773,1066.6200000000001,762.78
966,2735,780.8536010439028,400.3311739697773,1079.375,760.475
966,2736,780.8536010439028,400.3311739697773,1092.13,758.17
966,2737,780.8536010439028,400.3311739697773,1104.885,755.865
966,2738,780.8536010439028,400.3311739697773,1117.64,753.56
966,2739,780.8536010439028,400.3311739697773,1130.395,751.255
966,2740,780.8536010439028,400.3311739697773,1143.15,748.95
966,2741,780.8536010439028,400.3311739697773,1155.905,746.645
966,2742,780.8536010439028,400.3311739697773,1168.66,744.34
966,2743,780.8536010439028,400.3311739697773,1181.415,742.035
966,2744,780.8536010439028,400.3311739697773,1194.17,739.73
966,2745,780.8536010439028,400.3311739697773,1206.925,737.425
966,2746,780.8536010439028,400.3311739697773,1219.68,735.12
966,2747,780.8536010439028,400.3311739697773,1232.435,732.8149999999999
966,2748,780.8536010439028,400.3311739697773,1245.19,730.51
966,2749,780.8536010439028,400.3311739697773,1257.9450000000002,728.2049999999999
966,2750,780.8536010439028,400.3311739697773,1270.7,725.9
966,2751,780.8536010439028,400.3311739697773,1270.7,725.9
966,2752,780.8536010439028,400.3311739697773,1270.7,725.9
966,2753,780.8536010439028,400.3311739697773,1270.7,725.9
966,2754,632.8536010439028,262.3311739697773,1270.7,725.9
966,2755,632.8536010439028,262.3311739697773,1270.7,725.9
966,2756,632.8536010439028,262.3311739697773,1270.7,725.9
966,2757,632.8536010439028,262.3311739697773,1270.7,725.9
966,2758,632.8536010439028,262.3311739697773,1270.7,725.9
966,2759,632.8536010439028,262.3311739697773,1270.7,725.9
966,2760,632.8536010439028,262.3311739697773,1270.7,725.9
966,2761,632.8536010439028,262.3311739697773,1270.7,725.9
966,2762,632.8536010439028,262.3311739697773,1270.7,725.9
966,2763,632.8536010439028,262.3311739697773,1270.7,725.9
966,2764,632.8536010439028,262.3311739697773,1270.7,725.9
966,2765,632.8536010439028,262.3311739697773,1270.7,725.9
966,2766,632.8536010439028,262.3311739697773,1270.7,725.9
966,2767,632.8536010439028,262.3311739697773,1270.7,725.9
966,2768,632.8536010439028,262.3311739697773,1270.7,725.9
966,2769,632.8536010439028,262.3311739697773,1270.7,725.9
966,2770,632.8536010439028,262.3311739697773,1270.7,725.9
966,2771,632.8536010439028,262.3311739697773,1270.7,725.9
966,2772,632.8536010439028,262.3311739697773,1270.7,725.9
966,2773,632.8536010439028,262.3311739697773,1270.7,725.9
966,2774,632.8536010439028,262.3311739697773,1270.7,725.9
966,2775,632.8536010439028,262.3311739697773,1270.7,725.9
966,2776,632.8536010439028,262.3311739697773,1270.7,725.9
966,2777,632.8536010439028,262.3311739697773,1270.7,725.9
967,2778,632.8536010439028,262.3311739697773,1270.7,725.9
968,2779,632.8536010439028,262.3311739697773,1270.7,725.9
969,2779,632.8536010439028,262.3311739697773,1270.7,725.9
970,2779,632.8536010439028,262.3311739697773,1270.7,725.9
971,2779,632.8536010439028,262.3311739697773,1270.7,725.9
972,2779,632.8536010439028,262.3311739697773,1270.7,725.9
973,2779,632.8536010439028,262.3311739697773,1270.7,725.9
974,2779,632.8536010439028,262.3311739697773,1270.7,725.9
975,2779,632.8536010439028,262.3311739697773,1270.7,725.9
976,2779,632.8536010439028,262.3311739697773,1270.7,725.9
977,2779,632.8536010439028,262.3311739697773,1270.7,725.9
978,2779,632.8536010439028,262.3311739697773,1270.7,725.9
979,2779,632.8536010439028,262.3311739697773,1270.7,725.9
980,2779,632.8536010439028,262.3311739697773,1270.7,725.9
981,2779,632.8536010439028,262.3311739697773,1270.7,725.9
982,2779,632.8536010439028,262.3311739697773,1270.7,725.9
983,2779,632.8536010439028,262.3311739697773,1270.7,725.9
984,2779,632.8536010439028,262.3311739697773,1270.7,725.9
985,2779,632.8536010439028,262.3311739697773,1270.7,725.9
986,2779,632.8536010439028,262.3311739697773,1270.7,725.9
987,2779,632.8536010439028,262.3311739697773,1270.7,725.9
988,2779,632.8536010439028,262.3311739697773,1270.7,725.9
989,2779,632.8536010439028,262.3311739697773,1270.7,725.9
990,2779,632.8536010439028,262.3311739697773,1270.7,725.9
991,2779,632.8536010439028,262.3311739697773,1270.7,725.9
992,2779,632.8536010439028,262.3311739697773,1270.7,725.9
993,2779,632.8536010439028,262.3311739697773,1270.7,725.9
994,2779,632.8536010439028,262.3311739697773,1270.7,725.9
995,2779,632.8536010439028,262.3311739697773,1270.7,725.9
996,2779,632.8536010439028,262.3311739697773,1270.7,725.9
997,2779,632.8536010439028,262.3311739697773,1270.7,725.9
998,2779,632.8536010439028,262.3311739697773,1270.7,725.9
999,2780,632.8536010439028,262.3311739697773,1270.7,725.9
1000,2781,632.8536010439028,262.3311739697773,1270.7,725.9
1001,2782,632.8536010439028,262.3311739697773,1270.7,725.9
1002,2782,632.8536010439028,262.3311739697773,1270.7,725.9
1003,2782,632.8536010439028,262.3311739697773,1270.7,725.9
1004,2782,632.8536010439028,262.3311739697773,1270.7,725.9
1005,2782,632.8536010439028,262.3311739697773,1270.7,725.9
1006,2782,632.8536010439028,262.3311739697773,1270.7,725.9
1007,2782,632.8536010439028,262.3311739697773,1270.7,725.9
1008,2782,632.8536010439028,262.3311739697773,1270.7,725.9
1009,2782,632.8536010439028,262.3311739697773,1270.7,725.9
1010,2782,632.8536010439028,262.3311739697773,1270.7,725.9
1011,2782,632.8536010439028,262.3311739697773,1270.7,725.9
1012,2782,632.8536010439028,262.3311739697773,1270.7,725.9
1013,2782,632.8536010439028,262.3311739697773,1270.7,725.9
1014,2782,632.8536010439028,262.3311739697773,1270.7,725.9
1015,2782,632.8536010439028,262.3311739697773,1270.7,725.9
1016,2782,632.8536010439028,262.3311739697773,1270.7,725.9
1017,2782,632.8536010439028,262.3311739697773,1270.7,725.9
1018,2782,632.8536010439028,262.3311739697773,1270.7,725.9
1019,2782,632.8536010439028,262.3311739697773,1270.7,725.9
1020,2782,632.8536010439028,262.3311739697773,1270.7,725.9
1021,2782,632.8536010439028,262.3311739697773,1270.7,725.9
1022,2782,632.8536010439028,262.3311739697773,1270.7,725.9
1023,2782,632.8536010439028,262.3311739697773,1270.7,725.9
1024,2782,632.8536010439028,262.3311739697773,1270.7,725.9
1025,2782,632.8536010439028,262.3311739697773,1270.7,725.9
1026,2782,632.8536010439028,262.3311739697773,1270.7,725.9
1027,2782,632.8536010439028,262.3311739697773,1270.7,725.9
1028,2782,632.8536010439028,262.3311739697773,1270.7,725.9
1029,2782,632.8536010439028,262.3311739697773,1270.7,725.9
1030,2782,632.8536010439028,262.3311739697773,1270.7,725.9
1031,2782,632.8536010439028,262.3311739697773,1270.7,725.9
1032,2782,632.8536010439028,262.3311739697773,1270.7,725.9
1033,2783,632.8536010439028,262.3311739697773,1270.7,725.9
1034,2784,632.8536010439028,262.3311739697773,1270.7,725.9
1035,2784,632.8536010439028,262.3311739697773,1270.7,725.9
1036,2784,632.8536010439028,262.3311739697773,1270.7,725.9
1037,2784,632.8536010439028,262.3311739697773,1270.7,725.9
1038,2784,632.8536010439028,262.3311739697773,1270.7,725.9
1039,2784,632.8536010439028,262.3311739697773,1270.7,725.9
1040,2784,632.8536010439028,262.3311739697773,1270.7,725.9
1041,2784,632.8536010439028,262.3311739697773,1270.7,725.9
1042,2784,632.8536010439028,262.3311739697773,1270.7,725.9
1043,2784,632.8536010439028,262.3311739697773,1270.7,725.9
1044,2784,632.8536010439028,262.3311739697773,1270.7,725.9
1045,2784,632.8536010439028,262.3311739697773,1270.7,725.9
1046,2784,632.8536010439028,262.3311739697773,1270.7,725.9
1047,2784,632.8536010439028,262.3311739697773,1270.7,725.9
1048,2784,632.8536010439028,262.3311739697773,1270.7,725.9
1049,2784,632.8536010439028,262.3311739697773,1270.7,725.9
1050,2784,632.8536010439028,262.3311739697773,1270.7,725.9
1051,2784,632.8536010439028,262.3311739697773,1270.7,725.9
1052,2784,632.8536010439028,262.3311739697773,1270.7,725.9
1053,2784,632.8536010439028,262.3311739697773,1270.7,725.9
1054,2784,632.8536010439028,262.3311739697773,1270.7,725.9
1055,2784,632.8536010439028,262.3311739697773,1270.7,725.9
1056,2784,632.8536010439028,262.3311739697773,1270.7,725.9
1057,2784,632.8536010439028,262.3311739697773,1270.7,725.9
1058,2784,632.8536010439028,262.3311739697773,1270.7,725.9
1059,2784,632.8536010439028,262.3311739697773,1270.7,725.9
1060,2784,632.8536010439028,262.3311739697773,1270.7,725.9
1061,2784,632.8536010439028,262.3311739697773,1270.7,725.9
1062,2784,632.8536010439028,262.3311739697773,1270.7,725.9
1063,2784,632.8536010439028,262.3311739697773,1270.7,725.9
1064,2784,632.8536010439028,262.3311739697773,1270.7,725.9
1065,2784,632.8536010439028,262.3311739697773,1270.7,725.9
1066,2785,632.8536010439028,262.3311739697773,1270.7,725.9
1067,2786,632.8536010439028,262.3311739697773,1270.7,725.9
1068,2787,632.8536010439028,262.3311739697773,1270.7,725.9
1069,2787,632.8536010439028,262.3311739697773,1270.7,725.9
1070,2787,632.8536010439028,262.3311739697773,1270.7,725.9
1071,2787,632.8536010439028,262.3311739697773,1270.7,725.9
1072,2787,632.8536010439028,262.3311739697773,1270.7,725.9
1073,2787,632.8536010439028,262.3311739697773,1270.7,725.9
1074,2787,632.8536010439028,262.3311739697773,1270.7,725.9
1075,2787,632.8536010439028,262.3311739697773,1270.7,725.9
1076,2787,801.8536010439028,425.3311739697773,1270.7,725.9
1077,2787,801.8536010439028,425.3311739697773,1270.7,725.9
1078,2787,801.8536010439028,425.3311739697773,1270.7,725.9
1079,2787,801.8536010439028,425.3311739697773,1270.7,725.9
1080,2787,801.8536010439028,425.3311739697773,1270.7,725.9
1081,2787,801.8536010439028,425.3311739697773,1270.7,725.9
1082,2787,801.8536010439028,425.3311739697773,1270.7,725.9
1083,2787,801.8536010439028,425.3311739697773,1270.7,725.9
1084,2787,801.8536010439028,425.3311739697773,1270.7,725.9
1085,2787,801.8536010439028,425.3311739697773,1270.7,725.9
1086,2787,801.8536010439028,425.3311739697773,1270.7,725.9
1087,2787,801.8536010439028,425.3311739697773,1270.7,725.9
1088,2787,801.8536010439028,425.3311739697773,1270.7,725.9
1089,2787,801.8536010439028,425.3311739697773,1270.7,725.9
1090,2787,801.8536010439028,425.3311739697773,1270.7,725.9
1091,2787,801.8536010439028,425.3311739697773,1270.7,725.9
1092,2787,801.8536010439028,425.3311739697773,1270.7,725.9
1093,2787,801.8536010439028,425.3311739697773,1270.7,725.9
1094,2787,801.8536010439028,425.3311739697773,1270.7,725.9
1095,2787,801.8536010439028,425.3311739697773,1270.7,725.9
1096,2787,801.8536010439028,425.3311739697773,1270.7,725.9
1097,2787,801.8536010439028,425.3311739697773,1270.7,725.9
1098,2787,801.8536010439028,425.3311739697773,1270.7,725.9
1099,2787,801.8536010439028,425.3311739697773,1270.7,725.9
1100,2788,801.8536010439028,425.3311739697773,1270.7,725.9
1101,2789,801.8536010439028,425.3311739697773,1270.7,725.9
1102,2789,801.8536010439028,425.3311739697773,1270.7,725.9
1103,2789,801.8536010439028,425.3311739697773,1270.7,725.9
1104,2789,801.8536010439028,425.3311739697773,1276.0666666666666,727.4666666666667
1105,2789,801.8536010439028,425.3311739697773,1281.4333333333334,729.0333333333333
1106,2789,801.8536010439028,425.3311739697773,1286.8000000000002,730.5999999999999
1107,2789,801.8536010439028,425.3311739697773,1292.1666666666667,732.1666666666666
1108,2789,801.8536010439028,425.3311739697773,1297.5333333333333,733.7333333333333
1109,2789,801.8536010439028,425.3311739697773,1302.9,735.3
1110,2789,971.8536010439028,588.3311739697773,1302.9,735.3
1111,2789,971.8536010439028,588.3311739697773,1302.9,735.3
1112,2789,971.8536010439028,588.3311739697773,1302.9,735.3
1113,2789,971.8536010439028,588.3311739697773,1302.9,735.3
1114,2789,971.8536010439028,588.3311739697773,1302.9,735.3
1115,2789,971.8536010439028,588.3311739697773,1302.9,735.3
1116,2789,971.8536010439028,588.3311739697773,1302.9,735.3
1117,2789,971.8536010439028,588.3311739697773,1302.9,735.3
1118,2789,971.8536010439028,588.3311739697773,1302.9,735.3
1119,2789,971.8536010439028,588.3311739697773,1302.9,735.3
1120,2789,971.8536010439028,588.3311739697773,1302.9,735.3
1121,2789,971.8536010439028,588.3311739697773,1302.9,735.3
1122,2789,971.8536010439028,588.3311739697773,1302.9,735.3
1123,2789,971.8536010439028,588.3311739697773,1302.9,735.3
1124,2789,971.8536010439028,588.3311739697773,1302.9,735.3
1125,2789,971.8536010439028,588.3311739697773,1302.9,735.3
1126,2789,971.8536010439028,588.3311739697773,1302.9,735.3
1127,2789,971.8536010439028,588.3311739697773,1302.9,735.3
1128,2789,971.8536010439028,588.3311739697773,1302.9,735.3
1129,2789,971.8536010439028,588.3311739697773,1302.9,735.3
1130,2789,971.8536010439028,588.3311739697773,1302.9,735.3
1131,2789,971.8536010439028,588.3311739697773,1302.9,735.3
1132,2790,971.8536010439028,588.3311739697773,1302.9,735.3
1133,2791,971.8536010439028,588.3311739697773,1302.9,735.3
1134,2792,971.8536010439028,588.3311739697773,1302.9,735.3
1135,2792,971.8536010439028,588.3311739697773,1302.9,735.3
1136,2792,971.8536010439028,588.3311739697773,1302.9,735.3
1137,2792,971.8536010439028,588.3311739697773,1302.9,735.3
1138,2792,971.8536010439028,588.3311739697773,1302.9,735.3
1139,2792,971.8536010439028,588.3311739697773,1302.9,735.3
1140,2792,971.8536010439028,588.3311739697773,1302.9,735.3
1141,2792,971.8536010439028,588.3311739697773,1302.9,735.3
1142,2792,971.8536010439028,588.3311739697773,1302.9,735.3
1143,2792,971.8536010439028,588.3311739697773,1302.9,735.3
1144,2792,971.8536010439028,588.3311739697773,1302.9,735.3
1145,2792,971.8536010439028,588.3311739697773,1302.9,735.3
1146,2792,971.8536010439028,588.3311739697773,1302.9,735.3
1147,2792,971.8536010439028,588.3311739697773,1302.9,735.3
1148,2792,971.8536010439028,588.3311739697773,1302.9,735.3
1149,2792,971.8536010439028,588.3311739697773,1302.9,735.3
1150,2792,971.8536010439028,588.3311739697773,1302.9,735.3
1151,2792,971.8536010439028,588.3311739697773,1302.9,735.3
1152,2792,971.8536010439028,588.3311739697773,1302.9,735.3
1153,2792,971.8536010439028,588.3311739697773,1302.9,735.3
1154,2792,971.8536010439028,588.3311739697773,1302.9,735.3
1155,2792,971.8536010439028,588.3311739697773,1302.9,735.3
1156,2792,971.8536010439028,588.3311739697773,1302.9,735.3
1157,2792,971.8536010439028,588.3311739697773,1302.9,735.3
1158,2792,971.8536010439028,588.3311739697773,1302.9,735.3
1159,2792,971.8536010439028,588.3311739697773,1302.9,735.3
1160,2792,971.8536010439028,588.3311739697773,1302.9,735.3
1161,2792,971.8536010439028,588.3311739697773,1302.9,735.3
1162,2792,971.8536010439028,588.3311739697773,1302.9,735.3
1163,2792,971.8536010439028,588.3311739697773,1302.9,735.3
1164,2792,971.8536010439028,588.3311739697773,1302.9,735.3
1165,2793,971.8536010439028,588.3311739697773,1302.9,735.3
1166,2794,971.8536010439028,588.3311739697773,1302.9,735.3
1167,2795,971.8536010439028,588.3311739697773,1302.9,735.3
1168,2796,971.8536010439028,588.3311739697773,1302.9,735.3
1169,2797,971.8536010439028,588.3311739697773,1302.9,735.3
1170,2798,971.8536010439028,588.3311739697773,1302.9,735.3
1171,2799,971.8536010439028,588.3311739697773,1302.9,735.3
1172,2800,971.8536010439028,588.3311739697773,1302.9,735.3
1173,2801,971.8536010439028,588.3311739697773,1302.9,735.3
1174,2802,971.8536010439028,588.3311739697773,1302.9,735.3
1175,2803,971.8536010439028,588.3311739697773,1302.9,735.3
1176,2804,971.8536010439028,588.3311739697773,1302.9,735.3
1177,2805,971.8536010439028,588.3311739697773,1302.9,735.3
1178,2806,971.8536010439028,588.3311739697773,1302.9,735.3
1179,2807,971.8536010439028,588.3311739697773,1302.9,735.3
1180,2808,971.8536010439028,588.3311739697773,1302.9,735.3
1181,2809,971.8536010439028,588.3311739697773,1302.9,735.3
1182,2810,971.8536010439028,588.3311739697773,1302.9,735.3
1183,2811,971.8536010439028,588.3311739697773,1302.9,735.3
1184,2812,971.8536010439028,588.3311739697773,1302.9,735.3
1185,2813,971.8536010439028,588.3311739697773,1302.9,735.3
1186,2814,971.8536010439028,588.3311739697773,1302.9,735.3
1187,2815,971.8536010439028,588.3311739697773,1302.9,735.3
1188,2816,971.8536010439028,588.3311739697773,1302.9,735.3
1189,2817,971.8536010439028,588.3311739697773,1302.9,735.3
1190,2818,971.8536010439028,588.3311739697773,1302.9,735.3
1191,2819,971.8536010439028,588.3311739697773,1302.9,735.3
1192,2820,971.8536010439028,588.3311739697773,1302.9,735.3
1193,2821,971.8536010439028,588.3311739697773,1302.9,735.3
1194,2822,971.8536010439028,588.3311739697773,1302.9,735.3
1195,2823,971.8536010439028,588.3311739697773,1296.5600000000002,737.76
1196,2824,971.8536010439028,588.3311739697773,1290.22,740.22
1197,2825,971.8536010439028,588.3311739697773,1283.88,742.68
1198,2826,971.8536010439028,588.3311739697773,1277.54,745.14
1199,2827,971.8536010439028,588.3311739697773,1271.2,747.6
1199,2828,971.8536010439028,588.3311739697773,1271.2,747.6
1199,2829,971.8536010439028,588.3311739697773,1271.2,747.6
1199,2830,971.8536010439028,588.3311739697773,1271.2,747.6
1199,2831,971.8536010439028,588.3311739697773,1271.2,747.6
1199,2832,971.8536010439028,588.3311739697773,1271.2,747.6
1199,2833,971.8536010439028,588.3311739697773,1271.2,747.6
1199,2834,971.8536010439028,588.3311739697773,1271.2,747.6
1199,2835,971.8536010439028,588.3311739697773,1271.2,747.6
1199,2836,971.8536010439028,588.3311739697773,1271.2,747.6
1199,2837,971.8536010439028,588.3311739697773,1271.2,747.6
1199,2838,971.8536010439028,588.3311739697773,1271.2,747.6
1199,2839,971.8536010439028,588.3311739697773,1271.2,747.6
1199,2840,971.8536010439028,588.3311739697773,1271.2,747.6
1199,2841,971.8536010439028,588.3311739697773,1271.2,747.6
1199,2842,971.8536010439028,588.3311739697773,1271.2,747.6
1199,2843,971.8536010439028,588.3311739697773,1271.2,747.6
1199,2844,971.8536010439028,588.3311739697773,1271.2,747.6
1199,2845,971.8536010439028,588.3311739697773,1271.2,747.6
1199,2846,971.8536010439028,588.3311739697773,1271.2,747.6
1199,2847,971.8536010439028,588.3311739697773,1271.2,747.6
1199,2848,971.8536010439028,588.3311739697773,1271.2,747.6
1199,2849,971.8536010439028,588.3311739697773,1271.2,747.6
1199,2850,971.8536010439028,588.3311739697773,1271.2,747.6
1199,2851,971.8536010439028,588.3311739697773,1271.2,747.6
1199,2852,971.8536010439028,588.3311739697773,1271.2,747.6
1199,2853,971.8536010439028,588.3311739697773,1271.2,747.6
1199,2854,971.8536010439028,588.3311739697773,1271.2,747.6
1199,2855,971.8536010439028,588.3311739697773,1271.2,747.6
1199,2856,971.8536010439028,588.3311739697773,1271.2,747.6
1199,2857,971.8536010439028,588.3311739697773,1271.2,747.6
1199,2858,971.8536010439028,588.3311739697773,1271.2,747.6
1199,2859,971.8536010439028,588.3311739697773,1271.2,747.6
1199,2860,971.8536010439028,588.3311739697773,1271.2,747.6
1199,2861,971.8536010439028,588.3311739697773,1271.2,747.6
1199,2862,971.8536010439028,588.3311739697773,1271.2,747.6
1199,2863,971.8536010439028,588.3311739697773,1271.2,747.6
1199,2864,971.8536010439028,588.3311739697773,1271.2,747.6
1199,2865,971.8536010439028,588.3311739697773,1271.2,747.6
1199,2866,971.8536010439028,588.3311739697773,1271.2,747.6
1199,2867,971.8536010439028,588.3311739697773,1271.2,747.6
1199,2868,971.8536010439028,588.3311739697773,1271.2,747.6
1199,2869,971.8536010439028,588.3311739697773,1271.2,747.6
1199,2870,971.8536010439028,588.3311739697773,1271.2,747.6
1199,2871,971.8536010439028,588.3311739697773,1271.2,747.6
1199,2872,971.8536010439028,588.3311739697773,1271.2,747.6
1199,2873,971.8536010439028,588.3311739697773,1271.2,747.6
1199,2874,971.8536010439028,588.3311739697773,1271.2,747.6
1199,2875,971.8536010439028,588.3311739697773,1271.2,747.6
1199,2876,971.8536010439028,588.3311739697773,1271.2,747.6
1199,2877,971.8536010439028,588.3311739697773,1271.2,747.6
1199,2878,971.8536010439028,588.3311739697773,1271.2,747.6
1199,2879,971.8536010439028,588.3311739697773,1271.2,747.6
1199,2880,971.8536010439028,588.3311739697773,1271.2,747.6
1199,2881,971.8536010439028,588.3311739697773,1271.2,747.6
1199,2882,971.8536010439028,588.3311739697773,1271.2,747.6
1199,2883,971.8536010439028,588.3311739697773,1271.2,747.6
1199,2884,971.8536010439028,588.3311739697773,1271.2,747.6
1199,2885,971.8536010439028,588.3311739697773,1271.2,747.6
1199,2886,971.8536010439028,588.3311739697773,1271.2,747.6
1199,2887,971.8536010439028,588.3311739697773,1271.2,747.6
1199,2888,971.8536010439028,588.3311739697773,1271.2,747.6
1199,2889,971.8536010439028,588.3311739697773,1271.2,747.6
1199,2890,971.8536010439028,588.3311739697773,1271.2,747.6
1199,2891,971.8536010439028,588.3311739697773,1271.2,747.6
1199,2892,971.8536010439028,588.3311739697773,1271.2,747.6
1199,2893,971.8536010439028,588.3311739697773,1271.2,747.6
1199,2894,971.8536010439028,588.3311739697773,1271.2,747.6
1199,2895,971.8536010439028,588.3311739697773,1271.2,747.6
1199,2896,971.8536010439028,588.3311739697773,1271.2,747.6
1199,2897,971.8536010439028,588.3311739697773,1271.2,747.6
1199,2898,971.8536010439028,588.3311739697773,1271.2,747.6
1199,2899,971.8536010439028,588.3311739697773,1271.2,747.6
1199,2900,971.8536010439028,588.3311739697773,1271.2,747.6
1199,2901,971.8536010439028,588.3311739697773,1271.2,747.6
1199,2902,971.8536010439028,588.3311739697773,1271.2,747.6
1199,2903,971.8536010439028,588.3311739697773,1271.2,747.6
1199,2904,964.8536010439028,620.3311739697773,1271.2,747.6
1199,2905,964.8536010439028,620.3311739697773,1271.2,747.6
1199,2906,964.8536010439028,620.3311739697773,1271.2,747.6
1199,2907,964.8536010439028,620.3311739697773,1271.2,747.6
1199,2908,964.8536010439028,620.3311739697773,1271.2,747.6
1199,2909,964.8536010439028,620.3311739697773,1271.2,747.6
1199,2910,964.8536010439028,620.3311739697773,1271.2,747.6
1199,2911,964.8536010439028,620.3311739697773,1271.2,747.6
1199,2912,964.8536010439028,620.3311739697773,1271.2,747.6
1199,2913,964.8536010439028,620.3311739697773,1271.2,747.6
1199,2914,964.8536010439028,620.3311739697773,1271.2,747.6
1199,2915,964.8536010439028,620.3311739697773,1271.2,747.6
1199,2916,964.8536010439028,620.3311739697773,1271.2,747.6
1199,2917,964.8536010439028,620.3311739697773,1271.2,747.6
1199,2918,964.8536010439028,620.3311739697773,1271.2,747.6
1199,2919,964.8536010439028,620.3311739697773,1271.2,747.6
1199,2920,964.8536010439028,620.3311739697773,1271.2,747.6
1199,2921,964.8536010439028,620.3311739697773,1271.2,747.6
1199,2922,964.8536010439028,620.3311739697773,1271.2,747.6
1199,2923,964.8536010439028,620.3311739697773,1271.2,747.6
1199,2924,964.8536010439028,620.3311739697773,1271.2,747.6
1199,2925,964.8536010439028,620.3311739697773,1271.2,747.6
1199,2926,964.8536010439028,620.3311739697773,1271.2,747.6
1199,2927,964.8536010439028,620.3311739697773,1271.2,747.6
1199,2928,964.8536010439028,620.3311739697773,1271.2,747.6
1199,2929,964.8536010439028,620.3311739697773,1271.2,747.6
1199,2930,964.8536010439028,620.3311739697773,1271.2,747.6
1199,2931,964.8536010439028,620.3311739697773,1271.2,747.6
1199,2932,964.8536010439028,620.3311739697773,1271.2,747.6
1199,2933,964.8536010439028,620.3311739697773,1271.2,747.6
1199,2934,964.8536010439028,620.3311739697773,1271.2,747.6
1199,2935,964.8536010439028,620.3311739697773,1271.2,747.6
1199,2936,964.8536010439028,620.3311739697773,1271.2,747.6
1199,2937,964.8536010439028,620.3311739697773,1271.2,747.6
1199,2938,958.8536010439028,651.3311739697773,1271.2,747.6
1199,2939,958.8536010439028,651.3311739697773,1271.2,747.6
1199,2940,958.8536010439028,651.3311739697773,1271.2,747.6
1199,2941,958.8536010439028,651.3311739697773,1271.2,747.6
1199,2942,958.8536010439028,651.3311739697773,1271.2,747.6
1199,2943,958.8536010439028,651.3311739697773,1271.2,747.6
1199,2944,958.8536010439028,651.3311739697773,1271.2,747.6
1199,2945,958.8536010439028,651.3311739697773,1271.2,747.6
1199,2946,958.8536010439028,651.3311739697773,1271.2,747.6
1199,2947,958.8536010439028,651.3311739697773,1271.2,747.6
1199,2948,958.8536010439028,651.3311739697773,1271.2,747.6
1199,2949,958.8536010439028,651.3311739697773,1271.2,747.6
1199,2950,958.8536010439028,651.3311739697773,1271.2,747.6
1199,2951,958.8536010439028,651.3311739697773,1271.2,747.6
1199,2952,958.8536010439028,651.3311739697773,1271.2,747.6
1199,2953,958.8536010439028,651.3311739697773,1271.2,747.6
1199,2954,958.8536010439028,651.3311739697773,1271.2,747.6
1199,2955,958.8536010439028,651.3311739697773,1271.2,747.6
1199,2956,958.8536010439028,651.3311739697773,1271.2,747.6
1199,2957,958.8536010439028,651.3311739697773,1271.2,747.6
1199,2958,958.8536010439028,651.3311739697773,1271.2,747.6
1199,2959,958.8536010439028,651.3311739697773,1271.2,747.6
1199,2960,958.8536010439028,651.3311739697773,1271.2,747.6
1199,2961,958.8536010439028,651.3311739697773,1271.2,747.6
1199,2962,958.8536010439028,651.3311739697773,1271.2,747.6
1199,2963,958.8536010439028,651.3311739697773,1271.2,747.6
1199,2964,958.8536010439028,651.3311739697773,1271.2,747.6
1199,2965,958.8536010439028,651.3311739697773,1271.2,747.6
1199,2966,958.8536010439028,651.3311739697773,1271.2,747.6
1199,2967,958.8536010439028,651.3311739697773,1271.2,747.6
1199,2968,958.8536010439028,651.3311739697773,1271.2,747.6
1199,2969,958.8536010439028,651.3311739697773,1271.2,747.6
1199,2970,958.8536010439028,651.3311739697773,1271.2,747.6
1199,2971,958.8536010439028,651.3311739697773,1271.2,747.6
1199,2972,958.8536010439028,651.3311739697773,1271.2,747.6
1199,2973,958.8536010439028,651.3311739697773,1271.2,747.6
1199,2974,958.8536010439028,651.3311739697773,1271.2,747.6
1199,2975,958.8536010439028,651.3311739697773,1271.2,747.6
1199,2976,958.8536010439028,651.3311739697773,1271.2,747.6
1199,2977,958.8536010439028,651.3311739697773,1271.2,747.6
1199,2978,958.8536010439028,651.3311739697773,1271.2,747.6
1199,2979,958.8536010439028,651.3311739697773,1271.2,747.6
1199,2980,958.8536010439028,651.3311739697773,1271.2,747.6
1199,2981,958.8536010439028,651.3311739697773,1271.2,747.6
1199,2982,958.8536010439028,651.3311739697773,1271.2,747.6
1199,2983,958.8536010439028,651.3311739697773,1271.2,747.6
1199,2984,958.8536010439028,651.3311739697773,1271.2,747.6
1199,2985,958.8536010439028,651.3311739697773,1271.2,747.6
1199,2986,958.8536010439028,651.3311739697773,1271.2,747.6
1199,2987,958.8536010439028,651.3311739697773,1271.2,747.6
1199,2988,958.8536010439028,651.3311739697773,1271.2,747.6
1199,2989,958.8536010439028,651.3311739697773,1271.2,747.6
1199,2990,958.8536010439028,651.3311739697773,1271.2,747.6
1199,2991,958.8536010439028,651.3311739697773,1271.2,747.6
1199,2992,958.8536010439028,651.3311739697773,1271.2,747.6
1199,2993,958.8536010439028,651.3311739697773,1271.2,747.6
1199,2994,958.8536010439028,651.3311739697773,1271.2,747.6
1199,2995,958.8536010439028,651.3311739697773,1271.2,747.6
1199,2996,958.8536010439028,651.3311739697773,1271.2,747.6
1199,2997,958.8536010439028,651.3311739697773,1271.2,747.6
1199,2998,958.8536010439028,651.3311739697773,1271.2,747.6
1199,2999,958.8536010439028,651.3311739697773,1271.2,747.6
1199,3000,958.8536010439028,651.3311739697773,1271.2,747.6
1199,3001,958.8536010439028,651.3311739697773,1271.2,747.6
1199,3002,958.8536010439028,651.3311739697773,1271.2,747.6
1199,3003,958.8536010439028,651.3311739697773,1271.2,747.6
1199,3004,924.8536010439028,456.3311739697773,1271.2,747.6
1199,3005,924.8536010439028,456.3311739697773,1271.2,747.6
1199,3006,924.8536010439028,456.3311739697773,1271.2,747.6
1199,3007,924.8536010439028,456.3311739697773,1271.2,747.6
1199,3008,924.8536010439028,456.3311739697773,1271.2,747.6
1199,3009,924.8536010439028,456.3311739697773,1271.2,747.6
1199,3010,924.8536010439028,456.3311739697773,1271.2,747.6
1199,3011,924.8536010439028,456.3311739697773,1271.2,747.6
1199,3012,924.8536010439028,456.3311739697773,1271.2,747.6
1199,3013,924.8536010439028,456.3311739697773,1271.2,747.6
1199,3014,924.8536010439028,456.3311739697773,1271.2,747.6
1199,3015,924.8536010439028,456.3311739697773,1271.2,747.6
1199,3016,924.8536010439028,456.3311739697773,1271.2,747.6
1199,3017,924.8536010439028,456.3311739697773,1271.2,747.6
1199,3018,924.8536010439028,456.3311739697773,1271.2,747.6
1199,3019,924.8536010439028,456.3311739697773,1271.2,747.6
1199,3020,924.8536010439028,456.3311739697773,1271.2,747.6
1199,3021,924.8536010439028,456.3311739697773,1271.2,747.6
1199,3022,924.8536010439028,456.3311739697773,1271.2,747.6
1199,3023,924.8536010439028,456.3311739697773,1271.2,747.6
1199,3024,924.8536010439028,456.3311739697773,1271.2,747.6
1199,3025,924.8536010439028,456.3311739697773,1271.2,747.6
1199,3026,924.8536010439028,456.3311739697773,1271.2,747.6
1199,3027,924.8536010439028,456.3311739697773,1271.2,747.6
1199,3028,924.8536010439028,456.3311739697773,1271.2,747.6
1199,3029,924.8536010439028,456.3311739697773,1271.2,747.6
1199,3030,924.8536010439028,456.3311739697773,1271.2,747.6
1199,3031,924.8536010439028,456.3311739697773,1271.2,747.6
1199,3032,924.8536010439028,456.3311739697773,1271.2,747.6
1199,3033,924.8536010439028,456.3311739697773,1271.2,747.6
1199,3034,924.8536010439028,456.3311739697773,1271.2,747.6
1199,3035,924.8536010439028,456.3311739697773,1271.2,747.6
1199,3036,924.8536010439028,456.3311739697773,1271.2,747.6
1199,3037,924.8536010439028,456.3311739697773,1271.2,747.6
1199,3038,890.8536010439028,262.3311739697773,1271.2,747.6
1199,3039,890.8536010439028,262.3311739697773,1271.2,747.6
1199,3040,890.8536010439028,262.3311739697773,1271.2,747.6
1199,3041,890.8536010439028,262.3311739697773,1271.2,747.6
1199,3042,890.8536010439028,262.3311739697773,1271.2,747.6
1199,3043,890.8536010439028,262.3311739697773,1271.2,747.6
1199,3044,890.8536010439028,262.3311739697773,1271.2,747.6
1199,3045,890.8536010439028,262.3311739697773,1271.2,747.6
1199,3046,890.8536010439028,262.3311739697773,1271.2,747.6
1199,3047,890.8536010439028,262.3311739697773,1271.2,747.6
1199,3048,890.8536010439028,262.3311739697773,1271.2,747.6
1199,3049,890.8536010439028,262.3311739697773,1271.2,747.6
1199,3050,890.8536010439028,262.3311739697773,1271.2,747.6
1199,3051,890.8536010439028,262.3311739697773,1271.2,747.6
1199,3052,890.8536010439028,262.3311739697773,1271.2,747.6
1199,3053,890.8536010439028,262.3311739697773,1271.2,747.6
1199,3054,890.8536010439028,262.3311739697773,1271.2,747.6
1199,3055,890.8536010439028,262.3311739697773,1271.2,747.6
1199,3056,890.8536010439028,262.3311739697773,1271.2,747.6
1199,3057,890.8536010439028,262.3311739697773,1271.2,747.6
1199,3058,890.8536010439028,262.3311739697773,1271.2,747.6
1199,3059,890.8536010439028,262.3311739697773,1271.2,747.6
1199,3060,890.8536010439028,262.3311739697773,1271.2,747.6
1199,3061,890.8536010439028,262.3311739697773,1271.2,747.6
1199,3062,890.8536010439028,262.3311739697773,1271.2,747.6
1199,3063,890.8536010439028,262.3311739697773,1271.2,747.6
1199,3064,890.8536010439028,262.3311739697773,1271.2,747.6
1199,3065,890.8536010439028,262.3311739697773,1271.2,747.6
1199,3066,890.8536010439028,262.3311739697773,1271.2,747.6
1199,3067,890.8536010439028,262.3311739697773,1271.2,747.6
1199,3068,890.8536010439028,262.3311739697773,1271.2,747.6
1199,3069,890.8536010439028,262.3311739697773,1271.2,747.6
1199,3070,890.8536010439028,262.3311739697773,1271.2,747.6
1199,3071,890.8536010439028,262.3311739697773,1271.2,747.6
1199,3072,890.8536010439028,262.3311739697773,1271.2,747.6
1199,3073,890.8536010439028,262.3311739697773,1271.2,747.6
1199,3074,890.8536010439028,262.3311739697773,1271.2,747.6
1199,3075,890.8536010439028,262.3311739697773,1271.2,747.6
1199,3076,890.8536010439028,262.3311739697773,1271.2,747.6
1199,3077,890.8536010439028,262.3311739697773,1271.2,747.6
1199,3078,890.8536010439028,262.3311739697773,1271.2,747.6
1199,3079,890.8536010439028,262.3311739697773,1271.2,747.6
1199,3080,890.8536010439028,262.3311739697773,1271.2,747.6
1199,3081,890.8536010439028,262.3311739697773,1271.2,747.6
1199,3082,890.8536010439028,262.3311739697773,1271.2,747.6
1199,3083,890.8536010439028,262.3311739697773,1271.2,747.6
1199,3084,890.8536010439028,262.3311739697773,1271.2,747.6
1199,3085,890.8536010439028,262.3311739697773,1271.2,747.6
1199,3086,890.8536010439028,262.3311739697773,1271.2,747.6
1199,3087,890.8536010439028,262.3311739697773,1271.2,747.6
1199,3088,890.8536010439028,262.3311739697773,1271.2,747.6
1199,3089,890.8536010439028,262.3311739697773,1271.2,747.6
1199,3090,890.8536010439028,262.3311739697773,1271.2,747.6
1199,3091,890.8536010439028,262.3311739697773,1271.2,747.6
1199,3092,890.8536010439028,262.3311739697773,1271.2,747.6
1199,3093,890.8536010439028,262.3311739697773,1271.2,747.6
1199,3094,890.8536010439028,262.3311739697773,1271.2,747.6
1199,3095,890.8536010439028,262.3311739697773,1271.2,747.6
1199,3096,890.8536010439028,262.3311739697773,1271.2,747.6
1199,3097,890.8536010439028,262.3311739697773,1271.2,747.6
1199,3098,890.8536010439028,262.3311739697773,1271.2,747.6
1199,3099,890.8536010439028,262.3311739697773,1271.2,747.6
1199,3100,890.8536010439028,262.3311739697773,1271.2,747.6
1199,3101,890.8536010439028,262.3311739697773,1271.2,747.6
1199,3102,890.8536010439028,262.3311739697773,1271.2,747.6
1199,3103,890.8536010439028,262.3311739697773,1271.2,747.6
1199,3104,653.8536010439028,258.3311739697773,1271.2,747.6
1199,3105,653.8536010439028,258.3311739697773,1271.2,747.6
1199,3106,653.8536010439028,258.3311739697773,1271.2,747.6
1199,3107,653.8536010439028,258.3311739697773,1271.2,747.6
1199,3108,653.8536010439028,258.3311739697773,1271.2,747.6
1199,3109,653.8536010439028,258.3311739697773,1271.2,747.6
1199,3110,653.8536010439028,258.3311739697773,1271.2,747.6
1199,3111,653.8536010439028,258.3311739697773,1271.2,747.6
1199,3112,653.8536010439028,258.3311739697773,1271.2,747.6
1199,3113,653.8536010439028,258.3311739697773,1271.2,747.6
1199,3114,653.8536010439028,258.3311739697773,1271.2,747.6
1199,3115,653.8536010439028,258.3311739697773,1271.2,747.6
1199,3116,653.8536010439028,258.3311739697773,1271.2,747.6
1199,3117,653.8536010439028,258.3311739697773,1271.2,747.6
1199,3118,653.8536010439028,258.3311739697773,1271.2,747.6
1199,3119,653.8536010439028,258.3311739697773,1271.2,747.6
1199,3120,653.8536010439028,258.3311739697773,1271.2,747.6
1199,3121,653.8536010439028,258.3311739697773,1271.2,747.6
1199,3122,653.8536010439028,258.3311739697773,1271.2,747.6
1199,3123,653.8536010439028,258.3311739697773,1271.2,747.6
1199,3124,653.8536010439028,258.3311739697773,1271.2,747.6
1199,3125,653.8536010439028,258.3311739697773,1271.2,747.6
1199,3126,653.8536010439028,258.3311739697773,1271.2,747.6
1199,3127,653.8536010439028,258.3311739697773,1271.2,747.6
1199,3128,653.8536010439028,258.3311739697773,1271.2,747.6
1199,3129,653.8536010439028,258.3311739697773,1271.2,747.6
1199,3130,653.8536010439028,258.3311739697773,1271.2,747.6
1199,3131,653.8536010439028,258.3311739697773,1271.2,747.6
1199,3132,653.8536010439028,258.3311739697773,1271.2,747.6
1199,3133,653.8536010439028,258.3311739697773,1271.2,747.6
1199,3134,653.8536010439028,258.3311739697773,1271.2,747.6
1199,3135,653.8536010439028,258.3311739697773,1271.2,747.6
1199,3136,653.8536010439028,258.3311739697773,1271.2,747.6
1199,3137,653.8536010439028,258.3311739697773,1271.2,747.6
1199,3138,653.8536010439028,258.3311739697773,1271.2,747.6
1199,3139,653.8536010439028,258.3311739697773,1271.2,747.6
1199,3140,653.8536010439028,258.3311739697773,1271.2,747.6
1199,3141,653.8536010439028,258.3311739697773,1271.2,747.6
1199,3142,653.8536010439028,258.3311739697773,1271.2,747.6
1199,3143,653.8536010439028,258.3311739697773,1271.2,747.6
1199,3144,653.8536010439028,258.3311739697773,1271.2,747.6
1199,3145,653.8536010439028,258.3311739697773,1271.2,747.6
1199,3146,653.8536010439028,258.3311739697773,1271.2,747.6
1199,3147,653.8536010439028,258.3311739697773,1271.2,747.6
1199,3148,653.8536010439028,258.3311739697773,1271.2,747.6
1199,3149,653.8536010439028,258.3311739697773,1271.2,747.6
1199,3150,653.8536010439028,258.3311739697773,1271.2,747.6
1199,3151,653.8536010439028,258.3311739697773,1271.2,747.6
1199,3152,653.8536010439028,258.3311739697773,1271.2,747.6
1199,3153,653.8536010439028,258.3311739697773,1271.2,747.6
1199,3154,653.8536010439028,258.3311739697773,1271.2,747.6
1199,3155,653.8536010439028,258.3311739697773,1271.2,747.6
1199,3156,653.8536010439028,258.3311739697773,1271.2,747.6
1199,3157,653.8536010439028,258.3311739697773,1271.2,747.6
1199,3158,653.8536010439028,258.3311739697773,1271.2,747.6
1199,3159,653.8536010439028,258.3311739697773,1271.2,747.6
1199,3160,653.8536010439028,258.3311739697773,1271.2,747.6
1199,3161,653.8536010439028,258.3311739697773,1271.2,747.6
1199,3162,653.8536010439028,258.3311739697773,1271.2,747.6
1199,3163,653.8536010439028,258.3311739697773,1271.2,747.6
1199,3164,653.8536010439028,258.3311739697773,1271.2,747.6
1199,3165,653.8536010439028,258.3311739697773,1271.2,747.6
1199,3166,653.8536010439028,258.3311739697773,1271.2,747.6
1199,3167,653.8536010439028,258.3311739697773,1271.2,747.6
1199,3168,653.8536010439028,258.3311739697773,1271.2,747.6
1199,3169,653.8536010439028,258.3311739697773,1271.2,747.6
1199,3170,653.8536010439028,258.3311739697773,1271.2,747.6
1199,3171,653.8536010439028,258.3311739697773,1271.2,747.6
1199,3172,653.8536010439028,258.3311739697773,1271.2,747.6
1199,3173,653.8536010439028,258.3311739697773,1271.2,747.6
1199,3174,653.8536010439028,258.3311739697773,1271.2,747.6
1199,3175,653.8536010439028,258.3311739697773,1271.2,747.6
1199,3176,653.8536010439028,258.3311739697773,1271.2,747.6
1199,3177,653.8536010439028,258.3311739697773,1271.2,747.6
1199,3178,653.8536010439028,258.3311739697773,1271.2,747.6
1199,3179,653.8536010439028,258.3311739697773,1271.2,747.6
1199,3180,653.8536010439028,258.3311739697773,1271.2,747.6
1199,3181,653.8536010439028,258.3311739697773,1271.2,747.6
1199,3182,653.8536010439028,258.3311739697773,1271.2,747.6
1199,3183,653.8536010439028,258.3311739697773,1271.2,747.6
1199,3184,653.8536010439028,258.3311739697773,1271.2,747.6
1199,3185,653.8536010439028,258.3311739697773,1271.2,747.6
1199,3186,653.8536010439028,258.3311739697773,1271.2,747.6
1199,3187,653.8536010439028,258.3311739697773,1271.2,747.6
1199,3188,653.8536010439028,258.3311739697773,1271.2,747.6
1199,3189,653.8536010439028,258.3311739697773,1271.2,747.6
1199,3190,653.8536010439028,258.3311739697773,1271.2,747.6
1199,3191,653.8536010439028,258.3311739697773,1271.2,747.6
1199,3192,653.8536010439028,258.3311739697773,1271.2,747.6
1199,3193,653.8536010439028,258.3311739697773,1271.2,747.6
1199,3194,653.8536010439028,258.3311739697773,1271.2,747.6
1199,3195,653.8536010439028,258.3311739697773,1271.2,747.6
1199,3196,653.8536010439028,258.3311739697773,1271.2,747.6
1199,3197,653.8536010439028,258.3311739697773,1271.2,747.6
1199,3198,653.8536010439028,258.3311739697773,1271.2,747.6
1199,3199,653.8536010439028,258.3311739697773,1271.2,747.6
1199,3200,653.8536010439028,258.3311739697773,1271.2,747.6
1199,3201,653.8536010439028,258.3311739697773,1271.2,747.6
1199,3202,653.8536010439028,258.3311739697773,1271.2,747.6
1199,3203,653.8536010439028,258.3311739697773,1271.2,747.6
1199,3204,653.8536010439028,258.3311739697773,1271.2,747.6
1199,3205,653.8536010439028,258.3311739697773,1271.2,747.6
1199,3206,653.8536010439028,258.3311739697773,1271.2,747.6
1199,3207,653.8536010439028,258.3311739697773,1271.2,747.6
1199,3208,653.8536010439028,258.3311739697773,1271.2,747.6
1199,3209,653.8536010439028,258.3311739697773,1271.2,747.6
1199,3210,653.8536010439028,258.3311739697773,1271.2,747.6
1199,3211,653.8536010439028,258.3311739697773,1271.2,747.6
1199,3212,653.8536010439028,258.3311739697773,1271.2,747.6
1199,3213,653.8536010439028,258.3311739697773,1271.2,747.6
1199,3214,653.8536010439028,258.3311739697773,1271.2,747.6
1199,3215,653.8536010439028,258.3311739697773,1271.2,747.6
1199,3216,653.8536010439028,258.3311739697773,1271.2,747.6
1199,3217,653.8536010439028,258.3311739697773,1271.2,747.6
1199,3218,653.8536010439028,258.3311739697773,1271.2,747.6
1199,3219,653.8536010439028,258.3311739697773,1271.2,747.6
1199,3220,653.8536010439028,258.3311739697773,1271.2,747.6
1199,3221,653.8536010439028,258.3311739697773,1271.2,747.6
1199,3222,653.8536010439028,258.3311739697773,1271.2,747.6
1199,3223,653.8536010439028,258.3311739697773,1271.2,747.6
1199,3224,653.8536010439028,258.3311739697773,1271.2,747.6
1199,3225,653.8536010439028,258.3311739697773,1271.2,747.6
1199,3226,653.8536010439028,258.3311739697773,1271.2,747.6
1199,3227,653.8536010439028,258.3311739697773,1271.2,747.6
1199,3228,653.8536010439028,258.3311739697773,1271.2,747.6
1199,3229,653.8536010439028,258.3311739697773,1271.2,747.6
1199,3230,653.8536010439028,258.3311739697773,1271.2,747.6
1199,3231,653.8536010439028,258.3311739697773,1271.2,747.6
1199,3232,653.8536010439028,258.3311739697773,1271.2,747.6
1199,3233,653.8536010439028,258.3311739697773,1271.2,747.6
1199,3234,653.8536010439028,258.3311739697773,1271.2,747.6
1199,3235,653.8536010439028,258.3311739697773,1271.2,747.6
1199,3236,653.8536010439028,258.3311739697773,1271.2,747.6
1199,3237,653.8536010439028,258.3311739697773,1271.2,747.6
1199,3238,653.8536010439028,258.3311739697773,1271.2,747.6
1199,3239,653.8536010439028,258.3311739697773,1271.2,747.6
1199,3240,653.8536010439028,258.3311739697773,1271.2,747.6
1199,3241,653.8536010439028,258.3311739697773,1271.2,747.6
1199,3242,653.8536010439028,258.3311739697773,1271.2,747.6
1199,3243,653.8536010439028,258.3311739697773,1271.2,747.6
1199,3244,653.8536010439028,258.3311739697773,1271.2,747.6
1199,3245,653.8536010439028,258.3311739697773,1271.2,747.6
1199,3246,653.8536010439028,258.3311739697773,1271.2,747.6
1199,3247,653.8536010439028,258.3311739697773,1271.2,747.6
1199,3248,653.8536010439028,258.3311739697773,1271.2,747.6
1199,3249,653.8536010439028,258.3311739697773,1271.2,747.6
1199,3250,653.8536010439028,258.3311739697773,1271.2,747.6
1199,3251,653.8536010439028,258.3311739697773,1271.2,747.6
1199,3252,653.8536010439028,258.3311739697773,1271.2,747.6
1199,3253,653.8536010439028,258.3311739697773,1271.2,747.6
1199,3254,653.8536010439028,258.3311739697773,1271.2,747.6
1199,3255,653.8536010439028,258.3311739697773,1271.2,747.6
1199,3256,653.8536010439028,258.3311739697773,1271.2,747.6
1199,3257,653.8536010439028,258.3311739697773,1271.2,747.6
1199,3258,653.8536010439028,258.3311739697773,1271.2,747.6
1199,3259,653.8536010439028,258.3311739697773,1271.2,747.6
1199,3260,653.8536010439028,258.3311739697773,1271.2,747.6
1199,3261,653.8536010439028,258.3311739697773,1271.2,747.6
1199,3262,653.8536010439028,258.3311739697773,1271.2,747.6
1199,3263,653.8536010439028,258.3311739697773,1271.2,747.6
1199,3264,653.8536010439028,258.3311739697773,1271.2,747.6
1199,3265,653.8536010439028,258.3311739697773,1271.2,747.6
1199,3266,653.8536010439028,258.3311739697773,1271.2,747.6
1199,3267,653.8536010439028,258.3311739697773,1271.2,747.6
1199,3268,653.8536010439028,258.3311739697773,1271.2,747.6
1199,3269,653.8536010439028,258.3311739697773,1271.2,747.6
1199,3270,653.8536010439028,258.3311739697773,1271.2,747.6
1199,3271,678.8536010439028,430.3311739697773,1271.2,747.6
1199,3272,678.8536010439028,430.3311739697773,1271.2,747.6
1199,3273,678.8536010439028,430.3311739697773,1271.2,747.6
1199,3274,678.8536010439028,430.3311739697773,1271.2,747.6
1199,3275,678.8536010439028,430.3311739697773,1271.2,747.6
1199,3276,678.8536010439028,430.3311739697773,1271.2,747.6
1199,3277,678.8536010439028,430.3311739697773,1271.2,747.6
1199,3278,678.8536010439028,430.3311739697773,1271.2,747.6
1199,3279,678.8536010439028,430.3311739697773,1271.2,747.6
1199,3280,678.8536010439028,430.3311739697773,1271.2,747.6
1199,3281,678.8536010439028,430.3311739697773,1271.2,747.6
1199,3282,678.8536010439028,430.3311739697773,1271.2,747.6
1199,3283,678.8536010439028,430.3311739697773,1271.2,747.6
1199,3284,678.8536010439028,430.3311739697773,1271.2,747.6
1199,3285,678.8536010439028,430.3311739697773,1271.2,747.6
1199,3286,678.8536010439028,430.3311739697773,1271.2,747.6
1199,3287,678.8536010439028,430.3311739697773,1271.2,747.6
1199,3288,678.8536010439028,430.3311739697773,1271.2,747.6
1199,3289,678.8536010439028,430.3311739697773,1271.2,747.6
1199,3290,678.8536010439028,430.3311739697773,1271.2,747.6
1199,3291,678.8536010439028,430.3311739697773,1271.2,747.6
1199,3292,678.8536010439028,430.3311739697773,1271.2,747.6
1199,3293,678.8536010439028,430.3311739697773,1271.2,747.6
1199,3294,678.8536010439028,430.3311739697773,1271.2,747.6
1199,3295,678.8536010439028,430.3311739697773,1271.2,747.6
1199,3296,678.8536010439028,430.3311739697773,1271.2,747.6
1199,3297,678.8536010439028,430.3311739697773,1271.2,747.6
1199,3298,678.8536010439028,430.3311739697773,1271.2,747.6
1199,3299,678.8536010439028,430.3311739697773,1271.2,747.6
1199,3300,678.8536010439028,430.3311739697773,1271.2,747.6
1199,3301,678.8536010439028,430.3311739697773,1271.2,747.6
1199,3302,678.8536010439028,430.3311739697773,1271.2,747.6
1199,3303,678.8536010439028,430.3311739697773,1271.2,747.6
1199,3304,703.8536010439028,603.3311739697773,1271.2,747.6
1199,3305,703.8536010439028,603.3311739697773,1271.2,747.6
1199,3306,703.8536010439028,603.3311739697773,1271.2,747.6
1199,3307,703.8536010439028,603.3311739697773,1271.2,747.6
1199,3308,703.8536010439028,603.3311739697773,1271.2,747.6
1199,3309,703.8536010439028,603.3311739697773,1271.2,747.6
1199,3310,703.8536010439028,603.3311739697773,1271.2,747.6
1199,3311,703.8536010439028,603.3311739697773,1271.2,747.6
1199,3312,703.8536010439028,603.3311739697773,1271.2,747.6
1199,3313,703.8536010439028,603.3311739697773,1271.2,747.6
1199,3314,703.8536010439028,603.3311739697773,1271.2,747.6
1199,3315,703.8536010439028,603.3311739697773,1271.2,747.6
1199,3316,703.8536010439028,603.3311739697773,1271.2,747.6
1199,3317,703.8536010439028,603.3311739697773,1271.2,747.6
1199,3318,703.8536010439028,603.3311739697773,1271.2,747.6
1199,3319,703.8536010439028,603.3311739697773,1271.2,747.6
1199,3320,703.8536010439028,603.3311739697773,1271.2,747.6
1199,3321,703.8536010439028,603.3311739697773,1271.2,747.6
1199,3322,703.8536010439028,603.3311739697773,1271.2,747.6
1199,3323,703.8536010439028,603.3311739697773,1271.2,747.6
1199,3324,703.8536010439028,603.3311739697773,1271.2,747.6
1199,3325,703.8536010439028,603.3311739697773,1271.2,747.6
1199,3326,703.8536010439028,603.3311739697773,1271.2,747.6
1199,3327,703.8536010439028,603.3311739697773,1271.2,747.6
1199,3328,703.8536010439028,603.3311739697773,1271.2,747.6
1199,3329,703.8536010439028,603.3311739697773,1271.2,747.6
1199,3330,703.8536010439028,603.3311739697773,1271.2,747.6
1199,3331,703.8536010439028,603.3311739697773,1271.2,747.6
1199,3332,703.8536010439028,603.3311739697773,1271.2,747.6
1199,3333,703.8536010439028,603.3311739697773,1271.2,747.6
1199,3334,703.8536010439028,603.3311739697773,1271.2,747.6
1199,3335,703.8536010439028,603.3311739697773,1271.2,747.6
1199,3336,703.8536010439028,603.3311739697773,1271.2,747.6
1199,3337,703.8536010439028,603.3311739697773,1271.2,747.6
1199,3338,703.8536010439028,603.3311739697773,1271.2,747.6
1199,3339,703.8536010439028,603.3311739697773,1271.2,747.6
1199,3340,703.8536010439028,603.3311739697773,1271.2,747.6
1199,3341,703.8536010439028,603.3311739697773,1271.2,747.6
1199,3342,703.8536010439028,603.3311739697773,1271.2,747.6
1199,3343,703.8536010439028,603.3311739697773,1271.2,747.6
1199,3344,703.8536010439028,603.3311739697773,1271.2,747.6
1199,3345,703.8536010439028,603.3311739697773,1271.2,747.6
1199,3346,703.8536010439028,603.3311739697773,1271.2,747.6
1199,3347,703.8536010439028,603.3311739697773,1271.2,747.6
1199,3348,703.8536010439028,603.3311739697773,1271.2,747.6
1199,3349,703.8536010439028,603.3311739697773,1271.2,747.6
1199,3350,703.8536010439028,603.3311739697773,1271.2,747.6
1199,3351,703.8536010439028,603.3311739697773,1271.2,747.6
1199,3352,703.8536010439028,603.3311739697773,1271.2,747.6
1199,3353,703.8536010439028,603.3311739697773,1271.2,747.6
1199,3354,703.8536010439028,603.3311739697773,1271.2,747.6
1199,3355,703.8536010439028,603.3311739697773,1271.2,747.6
1199,3356,703.8536010439028,603.3311739697773,1271.2,747.6
1199,3357,703.8536010439028,603.3311739697773,1271.2,747.6
1199,3358,703.8536010439028,603.3311739697773,1271.2,747.6
1199,3359,703.8536010439028,603.3311739697773,1271.2,747.6
1199,3360,703.8536010439028,603.3311739697773,1271.2,747.6
1199,3361,703.8536010439028,603.3311739697773,1271.2,747.6
1199,3362,703.8536010439028,603.3311739697773,1271.2,747.6
1199,3363,703.8536010439028,603.3311739697773,1271.2,747.6
1199,3364,703.8536010439028,603.3311739697773,1271.2,747.6
1199,3365,703.8536010439028,603.3311739697773,1271.2,747.6
1199,3366,703.8536010439028,603.3311739697773,1271.2,747.6
1199,3367,703.8536010439028,603.3311739697773,1271.2,747.6
1199,3368,703.8536010439028,603.3311739697773,1271.2,747.6
1199,3369,703.8536010439028,603.3311739697773,1271.2,747.6
1199,3370,703.8536010439028,603.3311739697773,1271.2,747.6
1199,3371,703.8536010439028,603.3311739697773,1271.2,747.6
1199,3372,703.8536010439028,603.3311739697773,1271.2,747.6
1199,3373,703.8536010439028,603.3311739697773,1271.2,747.6
1199,3374,703.8536010439028,603.3311739697773,1271.2,747.6
1199,3375,703.8536010439028,603.3311739697773,1271.2,747.6
1199,3376,703.8536010439028,603.3311739697773,1271.2,747.6
1199,3377,703.8536010439028,603.3311739697773,1271.2,747.6
1199,3378,703.8536010439028,603.3311739697773,1271.2,747.6
1199,3379,703.8536010439028,603.3311739697773,1271.2,747.6
1199,3380,703.8536010439028,603.3311739697773,1271.2,747.6
1199,3381,703.8536010439028,603.3311739697773,1271.2,747.6
1199,3382,703.8536010439028,603.3311739697773,1271.2,747.6
1199,3383,703.8536010439028,603.3311739697773,1271.2,747.6
1199,3384,703.8536010439028,603.3311739697773,1271.2,747.6
1199,3385,703.8536010439028,603.3311739697773,1271.2,747.6
1199,3386,703.8536010439028,603.3311739697773,1271.2,747.6
1199,3387,703.8536010439028,603.3311739697773,1271.2,747.6
1199,3388,703.8536010439028,603.3311739697773,1271.2,747.6
1199,3389,703.8536010439028,603.3311739697773,1271.2,747.6
1199,3390,703.8536010439028,603.3311739697773,1271.2,747.6
1199,3391,703.8536010439028,603.3311739697773,1271.2,747.6
1199,3392,703.8536010439028,603.3311739697773,1271.2,747.6
1199,3393,703.8536010439028,603.3311739697773,1271.2,747.6
1199,3394,703.8536010439028,603.3311739697773,1271.2,747.6
1199,3395,703.8536010439028,603.3311739697773,1271.2,747.6
1199,3396,703.8536010439028,603.3311739697773,1271.2,747.6
1199,3397,703.8536010439028,603.3311739697773,1271.2,747.6
1199,3398,703.8536010439028,603.3311739697773,1271.2,747.6
1199,3399,703.8536010439028,603.3311739697773,1271.2,747.6
1199,3400,703.8536010439028,603.3311739697773,1271.2,747.6
1199,3401,703.8536010439028,603.3311739697773,1271.2,747.6
1199,3402,703.8536010439028,603.3311739697773,1271.2,747.6
1199,3403,703.8536010439028,603.3311739697773,1271.2,747.6
1199,3404,900.8536010439028,610.3311739697773,1271.2,747.6
1199,3405,900.8536010439028,610.3311739697773,1271.2,747.6
1199,3406,900.8536010439028,610.3311739697773,1271.2,747.6
1199,3407,900.8536010439028,610.3311739697773,1271.2,747.6
1199,3408,900.8536010439028,610.3311739697773,1271.2,747.6
1199,3409,900.8536010439028,610.3311739697773,1271.2,747.6
1199,3410,900.8536010439028,610.3311739697773,1271.2,747.6
1199,3411,900.8536010439028,610.3311739697773,1271.2,747.6
1199,3412,900.8536010439028,610.3311739697773,1271.2,747.6
1199,3413,900.8536010439028,610.3311739697773,1271.2,747.6
1199,3414,900.8536010439028,610.3311739697773,1271.2,747.6
1199,3415,900.8536010439028,610.3311739697773,1271.2,747.6
1199,3416,900.8536010439028,610.3311739697773,1271.2,747.6
1199,3417,900.8536010439028,610.3311739697773,1271.2,747.6
1199,3418,900.8536010439028,610.3311739697773,1271.2,747.6
1199,3419,900.8536010439028,610.3311739697773,1271.2,747.6
1199,3420,900.8536010439028,610.3311739697773,1271.2,747.6
1199,3421,900.8536010439028,610.3311739697773,1271.2,747.6
1199,3422,900.8536010439028,610.3311739697773,1271.2,747.6
1199,3423,900.8536010439028,610.3311739697773,1271.2,747.6
1199,3424,900.8536010439028,610.3311739697773,1258.7692307692307,746.7384615384616
1199,3425,900.8536010439028,610.3311739697773,1246.3384615384616,745.876923076923
1199,3426,900.8536010439028,610.3311739697773,1233.9076923076923,745.0153846153846
1199,3427,900.8536010439028,610.3311739697773,1221.4769230769232,744.1538461538462
1199,3428,900.8536010439028,610.3311739697773,1209.0461538461539,743.2923076923078
1199,3429,900.8536010439028,610.3311739697773,1196.6153846153848,742.4307692307692
1199,3430,900.8536010439028,610.3311739697773,1184.1846153846154,741.5692307692308
1199,3431,900.8536010439028,610.3311739697773,1171.753846153846,740.7076923076924
1199,3432,900.8536010439028,610.3311739697773,1159.323076923077,739.8461538461539
1199,3433,900.8536010439028,610.3311739697773,1146.8923076923077,738.9846153846154
1199,3434,900.8536010439028,610.3311739697773,1134.4615384615386,738.123076923077
1199,3435,900.8536010439028,610.3311739697773,1122.0307692307692,737.2615384615385
1199,3436,900.8536010439028,610.3311739697773,1109.6,736.4000000000001
1199,3437,900.8536010439028,610.3311739697773,1097.1692307692308,735.5384615384615
1199,3438,900.8536010439028,610.3311739697773,1084.7384615384615,734.6769230769231
1199,3439,900.8536010439028,610.3311739697773,1072.3076923076924,733.8153846153847
1199,3440,900.8536010439028,610.3311739697773,1059.876923076923,732.9538461538461
1199,3441,900.8536010439028,610.3311739697773,1047.446153846154,732.0923076923077
1199,3442,900.8536010439028,610.3311739697773,1035.0153846153846,731.2307692307693
1199,3443,900.8536010439028,610.3311739697773,1022.5846153846154,730.3692307692309
1199,3444,900.8536010439028,610.3311739697773,1010.1538461538462,729.5076923076923
1199,3445,900.8536010439028,610.3311739697773,997.7230769230769,728.6461538461539
1199,3446,900.8536010439028,610.3311739697773,985.2923076923078,727.7846153846154
1199,3447,900.8536010439028,610.3311739697773,972.8615384615384,726.923076923077
1199,3448,900.8536010439028,610.3311739697773,960.4307692307692,726.0615384615385
1199,3449,900.8536010439028,610.3311739697773,948.0,725.2
1199,3450,900.8536010439028,610.3311739697773,948.0,725.2
1199,3451,900.8536010439028,610.3311739697773,948.0,725.2
1199,3452,900.8536010439028,610.3311739697773,948.0,725.2
1199,3453,900.8536010439028,610.3311739697773,948.0,725.2
1199,3454,900.8536010439028,610.3311739697773,948.0,725.2
1199,3455,900.8536010439028,610.3311739697773,948.0,725.2
1199,3456,900.8536010439028,610.3311739697773,948.0,725.2
1199,3457,900.8536010439028,610.3311739697773,948.0,725.2
1199,3458,900.8536010439028,610.3311739697773,948.0,725.2
1199,3459,900.8536010439028,610.3311739697773,948.0,725.2
1199,3460,900.8536010439028,610.3311739697773,948.0,725.2
1199,3461,900.8536010439028,610.3311739697773,948.0,725.2
1199,3462,900.8536010439028,610.3311739697773,948.0,725.2
1199,3463,900.8536010439028,610.3311739697773,948.0,725.2
1199,3464,900.8536010439028,610.3311739697773,948.0,725.2
1199,3465,900.8536010439028,610.3311739697773,948.0,725.2
1199,3466,900.8536010439028,610.3311739697773,948.0,725.2
1199,3467,900.8536010439028,610.3311739697773,948.0,725.2
1199,3468,900.8536010439028,610.3311739697773,948.0,725.2
1199,3469,900.8536010439028,610.3311739697773,948.0,725.2
1199,3470,900.8536010439028,610.3311739697773,948.0,725.2
1199,3471,911.8536010439028,206.3311739697773,948.0,725.2
1199,3472,911.8536010439028,206.3311739697773,948.0,725.2
1199,3473,911.8536010439028,206.3311739697773,948.0,725.2
1199,3474,911.8536010439028,206.3311739697773,948.0,725.2
1199,3475,911.8536010439028,206.3311739697773,948.0,725.2
1199,3476,911.8536010439028,206.3311739697773,948.0,725.2
1199,3477,911.8536010439028,206.3311739697773,948.0,725.2
1199,3478,911.8536010439028,206.3311739697773,948.0,725.2
1199,3479,911.8536010439028,206.3311739697773,948.0,725.2
1199,3480,911.8536010439028,206.3311739697773,948.0,725.2
1199,3481,911.8536010439028,206.3311739697773,948.0,725.2
1199,3482,911.8536010439028,206.3311739697773,948.0,725.2
1199,3483,911.8536010439028,206.3311739697773,948.0,725.2
1199,3484,911.8536010439028,206.3311739697773,948.0,725.2
1199,3485,911.8536010439028,206.3311739697773,948.0,725.2
1199,3486,911.8536010439028,206.3311739697773,948.0,725.2
1199,3487,911.8536010439028,206.3311739697773,948.0,725.2
1199,3488,911.8536010439028,206.3311739697773,948.0,725.2
1199,3489,911.8536010439028,206.3311739697773,948.0,725.2
1199,3490,911.8536010439028,206.3311739697773,948.0,725.2
1199,3491,911.8536010439028,206.3311739697773,948.0,725.2
1199,3492,911.8536010439028,206.3311739697773,948.0,725.2
1199,3493,911.8536010439028,206.3311739697773,948.0,725.2
1199,3494,911.8536010439028,206.3311739697773,948.0,725.2
1199,3495,911.8536010439028,206.3311739697773,948.0,725.2
1199,3496,911.8536010439028,206.3311739697773,948.0,725.2
1199,3497,911.8536010439028,206.3311739697773,948.0,725.2
1199,3498,911.8536010439028,206.3311739697773,948.0,725.2
1199,3499,911.8536010439028,206.3311739697773,948.0,725.2
1199,3500,911.8536010439028,206.3311739697773,948.0,725.2
1199,3501,911.8536010439028,206.3311739697773,948.0,725.2
1199,3502,911.8536010439028,206.3311739697773,948.0,725.2
1199,3503,911.8536010439028,206.3311739697773,948.0,725.2
1199,3504,911.8536010439028,206.3311739697773,948.0,725.2
1199,3505,911.8536010439028,206.3311739697773,948.0,725.2
1199,3506,911.8536010439028,206.3311739697773,948.0,725.2
1199,3507,911.8536010439028,206.3311739697773,948.0,725.2
1199,3508,911.8536010439028,206.3311739697773,948.0,725.2
1199,3509,911.8536010439028,206.3311739697773,948.0,725.2
1199,3510,911.8536010439028,206.3311739697773,948.0,725.2
1199,3511,911.8536010439028,206.3311739697773,948.0,725.2
1199,3512,911.8536010439028,206.3311739697773,948.0,725.2
1199,3513,911.8536010439028,206.3311739697773,948.0,725.2
1199,3514,911.8536010439028,206.3311739697773,948.0,725.2
1199,3515,911.8536010439028,206.3311739697773,948.0,725.2
1199,3516,911.8536010439028,206.3311739697773,948.0,725.2
1199,3517,911.8536010439028,206.3311739697773,948.0,725.2
1199,3518,911.8536010439028,206.3311739697773,948.0,725.2
1199,3519,911.8536010439028,206.3311739697773,948.0,725.2
1199,3520,911.8536010439028,206.3311739697773,948.0,725.2
1199,3521,911.8536010439028,206.3311739697773,948.0,725.2
1199,3522,911.8536010439028,206.3311739697773,948.0,725.2
1199,3523,911.8536010439028,206.3311739697773,948.0,725.2
1199,3524,911.8536010439028,206.3311739697773,948.0,725.2
1199,3525,911.8536010439028,206.3311739697773,948.0,725.2
1199,3526,911.8536010439028,206.3311739697773,948.0,725.2
1199,3527,911.8536010439028,206.3311739697773,948.0,725.2
1199,3528,911.8536010439028,206.3311739697773,948.0,725.2
1199,3529,911.8536010439028,206.3311739697773,948.0,725.2
1199,3530,911.8536010439028,206.3311739697773,948.0,725.2
1199,3531,911.8536010439028,206.3311739697773,948.0,725.2
1199,3532,911.8536010439028,206.3311739697773,948.0,725.2
1199,3533,911.8536010439028,206.3311739697773,948.0,725.2
1199,3534,911.8536010439028,206.3311739697773,948.0,725.2
1199,3535,911.8536010439028,206.3311739697773,948.0,725.2
1199,3536,911.8536010439028,206.3311739697773,948.0,725.2
1199,3537,911.8536010439028,206.3311739697773,948.0,725.2
1199,3538,911.8536010439028,206.3311739697773,948.0,725.2
1199,3539,911.8536010439028,206.3311739697773,948.0,725.2
1199,3540,911.8536010439028,206.3311739697773,948.0,725.2
1199,3541,911.8536010439028,206.3311739697773,948.0,725.2
1199,3542,911.8536010439028,206.3311739697773,948.0,725.2
1199,3543,911.8536010439028,206.3311739697773,948.0,725.2
1199,3544,911.8536010439028,206.3311739697773,948.0,725.2
1199,3545,911.8536010439028,206.3311739697773,948.0,725.2
1199,3546,911.8536010439028,206.3311739697773,948.0,725.2
1199,3547,911.8536010439028,206.3311739697773,948.0,725.2
1199,3548,911.8536010439028,206.3311739697773,948.0,725.2
1199,3549,911.8536010439028,206.3311739697773,948.0,725.2
1199,3550,911.8536010439028,206.3311739697773,948.0,725.2
1199,3551,911.8536010439028,206.3311739697773,948.0,725.2
1199,3552,911.8536010439028,206.3311739697773,948.0,725.2
1199,3553,911.8536010439028,206.3311739697773,948.0,725.2
1199,3554,911.8536010439028,206.3311739697773,948.0,725.2
1199,3555,911.8536010439028,206.3311739697773,948.0,725.2
1199,3556,911.8536010439028,206.3311739697773,948.0,725.2
1199,3557,911.8536010439028,206.3311739697773,948.0,725.2
1199,3558,911.8536010439028,206.3311739697773,948.0,725.2
1199,3559,911.8536010439028,206.3311739697773,948.0,725.2
1199,3560,911.8536010439028,206.3311739697773,948.0,725.2
1199,3561,911.8536010439028,206.3311739697773,948.0,725.2
1199,3562,911.8536010439028,206.3311739697773,948.0,725.2
1199,3563,911.8536010439028,206.3311739697773,948.0,725.2
1199,3564,911.8536010439028,206.3311739697773,948.0,725.2
1199,3565,911.8536010439028,206.3311739697773,948.0,725.2
1199,3566,911.8536010439028,206.3311739697773,948.0,725.2
1199,3567,911.8536010439028,206.3311739697773,948.0,725.2
1199,3568,911.8536010439028,206.3311739697773,948.0,725.2
1199,3569,911.8536010439028,206.3311739697773,948.0,725.2
1199,3570,911.8536010439028,206.3311739697773,948.0,725.2
1199,3571,911.8536010439028,206.3311739697773,948.0,725.2
1199,3572,911.8536010439028,206.3311739697773,948.0,725.2
1199,3573,911.8536010439028,206.3311739697773,948.0,725.2
1199,3574,911.8536010439028,206.3311739697773,948.0,725.2
1199,3575,911.8536010439028,206.3311739697773,948.0,725.2
1199,3576,911.8536010439028,206.3311739697773,948.0,725.2
1199,3577,911.8536010439028,206.3311739697773,948.0,725.2
1199,3578,911.8536010439028,206.3311739697773,948.0,725.2
1199,3579,911.8536010439028,206.3311739697773,948.0,725.2
1199,3580,911.8536010439028,206.3311739697773,948.0,725.2
1199,3581,911.8536010439028,206.3311739697773,948.0,725.2
1199,3582,911.8536010439028,206.3311739697773,948.0,725.2
1199,3583,911.8536010439028,206.3311739697773,948.0,725.2
1199,3584,911.8536010439028,206.3311739697773,948.0,725.2
1199,3585,911.8536010439028,206.3311739697773,948.0,725.2
1199,3586,911.8536010439028,206.3311739697773,948.0,725.2
1199,3587,911.8536010439028,206.3311739697773,948.0,725.2
1199,3588,911.8536010439028,206.3311739697773,948.0,725.2
1199,3589,911.8536010439028,206.3311739697773,934.0444444444445,723.6333333333333
1199,3590,911.8536010439028,206.3311739697773,920.0888888888888,722.0666666666667
1199,3591,911.8536010439028,206.3311739697773,906.1333333333333,720.5
1199,3592,911.8536010439028,206.3311739697773,892.1777777777778,718.9333333333334
1199,3593,911.8536010439028,206.3311739697773,878.2222222222222,717.3666666666667
1199,3594,911.8536010439028,206.3311739697773,864.2666666666667,715.8000000000001
1199,3595,911.8536010439028,206.3311739697773,850.3111111111111,714.2333333333333
1199,3596,911.8536010439028,206.3311739697773,836.3555555555555,712.6666666666667
1199,3597,911.8536010439028,206.3311739697773,822.4,711.1
1199,3598,911.8536010439028,206.3311739697773,808.4444444444445,709.5333333333333
1199,3599,911.8536010439028,206.3311739697773,794.4888888888888,707.9666666666667
1199,3600,911.8536010439028,206.3311739697773,780.5333333333333,706.4
1199,3601,911.8536010439028,206.3311739697773,766.5777777777778,704.8333333333334
1199,3602,911.8536010439028,206.3311739697773,752.6222222222223,703.2666666666667
1199,3603,911.8536010439028,206.3311739697773,738.6666666666666,701.7
1199,3604,911.8536010439028,206.3311739697773,724.7111111111111,700.1333333333333
1199,3605,911.8536010439028,206.3311739697773,710.7555555555555,698.5666666666667
1199,3606,911.8536010439028,206.3311739697773,696.8,697.0
1199,3607,911.8536010439028,206.3311739697773,696.8,697.0
1199,3608,911.8536010439028,206.3311739697773,696.8,697.0
1199,3609,911.8536010439028,206.3311739697773,696.8,697.0
1199,3610,911.8536010439028,206.3311739697773,696.8,697.0
1199,3611,911.8536010439028,206.3311739697773,696.8,697.0
1199,3612,913.8536010439028,396.3311739697773,696.8,697.0
1199,3613,913.8536010439028,396.3311739697773,696.8,697.0
1199,3614,913.8536010439028,396.3311739697773,696.8,697.0
1199,3615,913.8536010439028,396.3311739697773,696.8,697.0
1199,3616,913.8536010439028,396.3311739697773,696.8,697.0
1199,3617,913.8536010439028,396.3311739697773,696.8,697.0
1199,3618,913.8536010439028,396.3311739697773,696.8,697.0
1199,3619,913.8536010439028,396.3311739697773,696.8,697.0
1199,3620,913.8536010439028,396.3311739697773,696.8,697.0
1199,3621,913.8536010439028,396.3311739697773,696.8,697.0
1199,3622,913.8536010439028,396.3311739697773,696.8,697.0
1199,3623,913.8536010439028,396.3311739697773,696.8,697.0
1199,3624,913.8536010439028,396.3311739697773,696.8,697.0
1199,3625,913.8536010439028,396.3311739697773,696.8,697.0
1199,3626,913.8536010439028,396.3311739697773,696.8,697.0
1199,3627,913.8536010439028,396.3311739697773,696.8,697.0
1199,3628,913.8536010439028,396.3311739697773,696.8,697.0
1199,3629,913.8536010439028,396.3311739697773,696.8,697.0
1199,3630,913.8536010439028,396.3311739697773,696.8,697.0
1199,3631,913.8536010439028,396.3311739697773,696.8,697.0
1199,3632,913.8536010439028,396.3311739697773,696.8,697.0
1199,3633,913.8536010439028,396.3311739697773,696.8,697.0
1199,3634,913.8536010439028,396.3311739697773,696.8,697.0
1199,3635,913.8536010439028,396.3311739697773,696.8,697.0
1199,3636,913.8536010439028,396.3311739697773,696.8,697.0
1199,3637,913.8536010439028,396.3311739697773,696.8,697.0
1199,3638,916.8536010439028,587.3311739697773,696.8,697.0
1199,3639,916.8536010439028,587.3311739697773,696.8,697.0
1199,3640,916.8536010439028,587.3311739697773,696.8,697.0
1199,3641,916.8536010439028,587.3311739697773,696.8,697.0
1199,3642,916.8536010439028,587.3311739697773,696.8,697.0
1199,3643,916.8536010439028,587.3311739697773,696.8,697.0
1199,3644,916.8536010439028,587.3311739697773,696.8,697.0
1199,3645,916.8536010439028,587.3311739697773,696.8,697.0
1199,3646,916.8536010439028,587.3311739697773,696.8,697.0
1199,3647,916.8536010439028,587.3311739697773,696.8,697.0
1199,3648,916.8536010439028,587.3311739697773,696.8,697.0
1199,3649,916.8536010439028,587.3311739697773,696.8,697.0
1199,3650,916.8536010439028,587.3311739697773,696.8,697.0
1199,3651,916.8536010439028,587.3311739697773,696.8,697.0
1199,3652,916.8536010439028,587.3311739697773,696.8,697.0
1199,3653,916.8536010439028,587.3311739697773,696.8,697.0
1199,3654,916.8536010439028,587.3311739697773,696.8,697.0
1199,3655,916.8536010439028,587.3311739697773,696.8,697.0
1199,3656,916.8536010439028,587.3311739697773,696.8,697.0
1199,3657,916.8536010439028,587.3311739697773,696.8,697.0
1199,3658,916.8536010439028,587.3311739697773,696.8,697.0
1199,3659,916.8536010439028,587.3311739697773,696.8,697.0
1199,3660,916.8536010439028,587.3311739697773,696.8,697.0
1199,3661,916.8536010439028,587.3311739697773,696.8,697.0
1199,3662,916.8536010439028,587.3311739697773,696.8,697.0
1199,3663,916.8536010439028,587.3311739697773,696.8,697.0
1199,3664,916.8536010439028,587.3311739697773,696.8,697.0
1199,3665,916.8536010439028,587.3311739697773,696.8,697.0
1199,3666,916.8536010439028,587.3311739697773,696.8,697.0
1199,3667,916.8536010439028,587.3311739697773,696.8,697.0
1199,3668,916.8536010439028,587.3311739697773,696.8,697.0
1199,3669,916.8536010439028,587.3311739697773,696.8,697.0
1199,3670,916.8536010439028,587.3311739697773,696.8,697.0
1199,3671,916.8536010439028,587.3311739697773,696.8,697.0
1199,3672,916.8536010439028,587.3311739697773,696.8,697.0
1199,3673,916.8536010439028,587.3311739697773,696.8,697.0
1199,3674,916.8536010439028,587.3311739697773,696.8,697.0
1199,3675,916.8536010439028,587.3311739697773,696.8,697.0
1199,3676,916.8536010439028,587.3311739697773,696.8,697.0
1199,3677,916.8536010439028,587.3311739697773,696.8,697.0
1199,3678,916.8536010439028,587.3311739697773,696.8,697.0
1199,3679,916.8536010439028,587.3311739697773,704.3,696.7363636363636
1199,3680,916.8536010439028,587.3311739697773,711.8,696.4727272727273
1199,3681,916.8536010439028,587.3311739697773,719.3,696.209090909091
1199,3682,916.8536010439028,587.3311739697773,726.8,695.9454545454546
1199,3683,916.8536010439028,587.3311739697773,734.3,695.6818181818182
1199,3684,916.8536010439028,587.3311739697773,741.8,695.4181818181818
1199,3685,916.8536010439028,587.3311739697773,749.3,695.1545454545454
1199,3686,916.8536010439028,587.3311739697773,756.8,694.8909090909091
1199,3687,916.8536010439028,587.3311739697773,764.3,694.6272727272727
1199,3688,916.8536010439028,587.3311739697773,771.8,694.3636363636364
1199,3689,916.8536010439028,587.3311739697773,779.3,694.1
1199,3690,916.8536010439028,587.3311739697773,779.3,694.1
1199,3691,916.8536010439028,587.3311739697773,779.3,694.1
1199,3692,916.8536010439028,587.3311739697773,779.3,694.1
1199,3693,916.8536010439028,587.3311739697773,779.3,694.1
1199,3694,916.8536010439028,587.3311739697773,779.3,694.1
1199,3695,916.8536010439028,587.3311739697773,779.3,694.1
1199,3696,916.8536010439028,587.3311739697773,779.3,694.1
1199,3697,916.8536010439028,587.3311739697773,779.3,694.1
1199,3698,916.8536010439028,587.3311739697773,779.3,694.1
1199,3699,916.8536010439028,587.3311739697773,779.3,694.1
1199,3700,916.8536010439028,587.3311739697773,779.3,694.1
1199,3701,916.8536010439028,587.3311739697773,779.3,694.1
1199,3702,916.8536010439028,587.3311739697773,779.3,694.1
1199,3703,916.8536010439028,587.3311739697773,779.3,694.1
1199,3704,921.8536010439028,402.3311739697773,779.3,694.1
1199,3705,921.8536010439028,402.3311739697773,779.3,694.1
1199,3706,921.8536010439028,402.3311739697773,779.3,694.1
1199,3707,921.8536010439028,402.3311739697773,779.3,694.1
1199,3708,921.8536010439028,402.3311739697773,779.3,694.1
1199,3709,921.8536010439028,402.3311739697773,779.3,694.1
1199,3710,921.8536010439028,402.3311739697773,779.3,694.1
1199,3711,921.8536010439028,402.3311739697773,779.3,694.1
1199,3712,921.8536010439028,402.3311739697773,779.3,694.1
1199,3713,921.8536010439028,402.3311739697773,779.3,694.1
1199,3714,921.8536010439028,402.3311739697773,779.3,694.1
1199,3715,921.8536010439028,402.3311739697773,779.3,694.1
1199,3716,921.8536010439028,402.3311739697773,779.3,694.1
1199,3717,921.8536010439028,402.3311739697773,779.3,694.1
1199,3718,921.8536010439028,402.3311739697773,779.3,694.1
1199,3719,921.8536010439028,402.3311739697773,779.3,694.1
1199,3720,921.8536010439028,402.3311739697773,779.3,694.1
1199,3721,921.8536010439028,402.3311739697773,779.3,694.1
1199,3722,921.8536010439028,402.3311739697773,779.3,694.1
1199,3723,921.8536010439028,402.3311739697773,779.3,694.1
1199,3724,921.8536010439028,402.3311739697773,779.3,694.1
1199,3725,921.8536010439028,402.3311739697773,779.3,694.1
1199,3726,921.8536010439028,402.3311739697773,779.3,694.1
1199,3727,921.8536010439028,402.3311739697773,779.3,694.1
1199,3728,921.8536010439028,402.3311739697773,779.3,694.1
1199,3729,921.8536010439028,402.3311739697773,779.3,694.1
1199,3730,921.8536010439028,402.3311739697773,779.3,694.1
1199,3731,921.8536010439028,402.3311739697773,779.3,694.1
1199,3732,921.8536010439028,402.3311739697773,779.3,694.1
1199,3733,921.8536010439028,402.3311739697773,779.3,694.1
1199,3734,921.8536010439028,402.3311739697773,779.3,694.1
1199,3735,921.8536010439028,402.3311739697773,779.3,694.1
1199,3736,921.8536010439028,402.3311739697773,779.3,694.1
1199,3737,921.8536010439028,402.3311739697773,779.3,694.1
1199,3738,927.8536010439028,217.3311739697773,779.3,694.1
1199,3739,927.8536010439028,217.3311739697773,779.3,694.1
1199,3740,927.8536010439028,217.3311739697773,779.3,694.1
1199,3741,927.8536010439028,217.3311739697773,779.3,694.1
1199,3742,927.8536010439028,217.3311739697773,779.3,694.1
1199,3743,927.8536010439028,217.3311739697773,779.3,694.1
1199,3744,927.8536010439028,217.3311739697773,779.3,694.1
1199,3745,927.8536010439028,217.3311739697773,779.3,694.1
1199,3746,927.8536010439028,217.3311739697773,779.3,694.1
1199,3747,927.8536010439028,217.3311739697773,779.3,694.1
1199,3748,927.8536010439028,217.3311739697773,779.3,694.1
1199,3749,927.8536010439028,217.3311739697773,779.3,694.1
1199,3750,927.8536010439028,217.3311739697773,779.3,694.1
1199,3751,927.8536010439028,217.3311739697773,779.3,694.1
1199,3752,927.8536010439028,217.3311739697773,779.3,694.1
1199,3753,927.8536010439028,217.3311739697773,779.3,694.1
1199,3754,927.8536010439028,217.3311739697773,779.3,694.1
1199,3755,927.8536010439028,217.3311739697773,779.3,694.1
1199,3756,927.8536010439028,217.3311739697773,779.3,694.1
1199,3757,927.8536010439028,217.3311739697773,779.3,694.1
1199,3758,927.8536010439028,217.3311739697773,779.3,694.1
1199,3759,927.8536010439028,217.3311739697773,779.3,694.1
1199,3760,927.8536010439028,217.3311739697773,779.3,694.1
1199,3761,927.8536010439028,217.3311739697773,779.3,694.1
1199,3762,927.8536010439028,217.3311739697773,779.3,694.1
1199,3763,927.8536010439028,217.3311739697773,779.3,694.1
1199,3764,927.8536010439028,217.3311739697773,779.3,694.1
1199,3765,927.8536010439028,217.3311739697773,779.3,694.1
1199,3766,927.8536010439028,217.3311739697773,779.3,694.1
1199,3767,927.8536010439028,217.3311739697773,779.3,694.1
1199,3768,927.8536010439028,217.3311739697773,779.3,694.1
1199,3769,927.8536010439028,217.3311739697773,793.2058823529411,693.1411764705882
1199,3770,927.8536010439028,217.3311739697773,807.1117647058824,692.1823529411765
1199,3771,927.8536010439028,217.3311739697773,821.0176470588235,691.2235294117647
1199,3772,927.8536010439028,217.3311739697773,834.9235294117647,690.2647058823529
1199,3773,927.8536010439028,217.3311739697773,848.8294117647058,689.3058823529411
1199,3774,927.8536010439028,217.3311739697773,862.7352941176471,688.3470588235294
1199,3775,927.8536010439028,217.3311739697773,876.6411764705882,687.3882352941176
1199,3776,927.8536010439028,217.3311739697773,890.5470588235294,686.4294117647058
1199,3777,927.8536010439028,217.3311739697773,904.4529411764706,685.4705882352941
1199,3778,927.8536010439028,217.3311739697773,918.3588235294118,684.5117647058823
1199,3779,927.8536010439028,217.3311739697773,932.2647058823529,683.5529411764705
1199,3780,927.8536010439028,217.3311739697773,946.1705882352942,682.5941176470589
1199,3781,927.8536010439028,217.3311739697773,960.0764705882353,681.635294117647
1199,3782,927.8536010439028,217.3311739697773,973.9823529411765,680.6764705882352
1199,3783,927.8536010439028,217.3311739697773,987.8882352941177,679.7176470588234
1199,3784,927.8536010439028,217.3311739697773,1001.7941176470589,678.7588235294118
1199,3785,927.8536010439028,217.3311739697773,1015.7,677.8
1199,3786,927.8536010439028,217.3311739697773,1015.7,677.8
1199,3787,927.8536010439028,217.3311739697773,1015.7,677.8
1199,3788,927.8536010439028,217.3311739697773,1015.7,677.8
1199,3789,927.8536010439028,217.3311739697773,1015.7,677.8
1199,3790,927.8536010439028,217.3311739697773,1015.7,677.8
1199,3791,927.8536010439028,217.3311739697773,1015.7,677.8
1199,3792,927.8536010439028,217.3311739697773,1015.7,677.8
1199,3793,927.8536010439028,217.3311739697773,1015.7,677.8
1199,3794,927.8536010439028,217.3311739697773,1015.7,677.8
1199,3795,927.8536010439028,217.3311739697773,1015.7,677.8
1199,3796,927.8536010439028,217.3311739697773,1015.7,677.8
1199,3797,927.8536010439028,217.3311739697773,1015.7,677.8
1199,3798,927.8536010439028,217.3311739697773,1015.7,677.8
1199,3799,927.8536010439028,217.3311739697773,1015.7,677.8
1199,3800,927.8536010439028,217.3311739697773,1015.7,677.8
1199,3801,927.8536010439028,217.3311739697773,1015.7,677.8
1199,3802,927.8536010439028,217.3311739697773,1015.7,677.8
1199,3803,927.8536010439028,217.3311739697773,1015.7,677.8
1199,3804,927.8536010439028,217.3311739697773,1015.7,677.8
1199,3805,927.8536010439028,217.3311739697773,1015.7,677.8
1199,3806,927.8536010439028,217.3311739697773,1015.7,677.8
1199,3807,927.8536010439028,217.3311739697773,1015.7,677.8
1199,3808,927.8536010439028,217.3311739697773,1015.7,677.8
1199,3809,927.8536010439028,217.3311739697773,1015.7,677.8
1199,3810,927.8536010439028,217.3311739697773,1015.7,677.8
1199,3811,927.8536010439028,217.3311739697773,1015.7,677.8
1199,3812,927.8536010439028,217.3311739697773,1015.7,677.8
1199,3813,927.8536010439028,217.3311739697773,1015.7,677.8
1199,3814,927.8536010439028,217.3311739697773,1015.7,677.8
1199,3815,927.8536010439028,217.3311739697773,1015.7,677.8
1199,3816,927.8536010439028,217.3311739697773,1015.7,677.8
1199,3817,927.8536010439028,217.3311739697773,1015.7,677.8
1199,3818,927.8536010439028,217.3311739697773,1015.7,677.8
1199,3819,927.8536010439028,217.3311739697773,1015.7,677.8
1199,3820,927.8536010439028,217.3311739697773,1015.7,677.8
1199,3821,927.8536010439028,217.3311739697773,1015.7,677.8
1199,3822,927.8536010439028,217.3311739697773,1015.7,677.8
1199,3823,927.8536010439028,217.3311739697773,1015.7,677.8
1199,3824,927.8536010439028,217.3311739697773,1015.7,677.8
1199,3825,927.8536010439028,217.3311739697773,1015.7,677.8
1199,3826,927.8536010439028,217.3311739697773,1015.7,677.8
1199,3827,927.8536010439028,217.3311739697773,1015.7,677.8
1199,3828,927.8536010439028,217.3311739697773,1015.7,677.8
1199,3829,927.8536010439028,217.3311739697773,1015.7,677.8
1199,3830,927.8536010439028,217.3311739697773,1015.7,677.8
1199,3831,927.8536010439028,217.3311739697773,1015.7,677.8
1199,3832,927.8536010439028,217.3311739697773,1015.7,677.8
1199,3833,927.8536010439028,217.3311739697773,1015.7,677.8
1199,3834,927.8536010439028,217.3311739697773,1015.7,677.8
1199,3835,927.8536010439028,217.3311739697773,1015.7,677.8
1199,3836,927.8536010439028,217.3311739697773,1015.7,677.8
1199,3837,927.8536010439028,217.3311739697773,1015.7,677.8
1199,3838,927.8536010439028,217.3311739697773,1015.7,677.8
1199,3839,927.8536010439028,217.3311739697773,1015.7,677.8
1199,3840,927.8536010439028,217.3311739697773,1015.7,677.8
1199,3841,927.8536010439028,217.3311739697773,1015.7,677.8
1199,3842,927.8536010439028,217.3311739697773,1015.7,677.8
1199,3843,927.8536010439028,217.3311739697773,1015.7,677.8
1199,3844,927.8536010439028,217.3311739697773,1015.7,677.8
1199,3845,927.8536010439028,217.3311739697773,1015.7,677.8
1199,3846,927.8536010439028,217.3311739697773,1015.7,677.8
1199,3847,927.8536010439028,217.3311739697773,1015.7,677.8
1199,3848,927.8536010439028,217.3311739697773,1015.7,677.8
1199,3849,927.8536010439028,217.3311739697773,1015.7,677.8
1199,3850,927.8536010439028,217.3311739697773,1015.7,677.8
1199,3851,927.8536010439028,217.3311739697773,1015.7,677.8
1199,3852,927.8536010439028,217.3311739697773,1015.7,677.8
1199,3853,927.8536010439028,217.3311739697773,1015.7,677.8
1199,3854,927.8536010439028,217.3311739697773,1015.7,677.8
1199,3855,927.8536010439028,217.3311739697773,1015.7,677.8
1199,3856,927.8536010439028,217.3311739697773,1015.7,677.8
1199,3857,927.8536010439028,217.3311739697773,1015.7,677.8
1199,3858,927.8536010439028,217.3311739697773,1015.7,677.8
1199,3859,927.8536010439028,217.3311739697773,1015.7,677.8
1199,3860,927.8536010439028,217.3311739697773,1015.7,677.8
1199,3861,927.8536010439028,217.3311739697773,1015.7,677.8
1199,3862,927.8536010439028,217.3311739697773,1015.7,677.8
1199,3863,927.8536010439028,217.3311739697773,1015.7,677.8
1199,3864,927.8536010439028,217.3311739697773,1015.7,677.8
1199,3865,927.8536010439028,217.3311739697773,1015.7,677.8
1199,3866,927.8536010439028,217.3311739697773,1015.7,677.8
1199,3867,927.8536010439028,217.3311739697773,1015.7,677.8
1199,3868,927.8536010439028,217.3311739697773,1015.7,677.8
1199,3869,927.8536010439028,217.3311739697773,1015.7,677.8
1199,3870,927.8536010439028,217.3311739697773,1015.7,677.8
1199,3871,900.8536010439028,392.3311739697773,1015.7,677.8
1199,3872,900.8536010439028,392.3311739697773,1015.7,677.8
1199,3873,900.8536010439028,392.3311739697773,1015.7,677.8
1199,3874,900.8536010439028,392.3311739697773,1015.7,677.8
1199,3875,900.8536010439028,392.3311739697773,1015.7,677.8
1199,3876,900.8536010439028,392.3311739697773,1015.7,677.8
1199,3877,900.8536010439028,392.3311739697773,1015.7,677.8
1199,3878,900.8536010439028,392.3311739697773,1015.7,677.8
1199,3879,900.8536010439028,392.3311739697773,1015.7,677.8
1199,3880,900.8536010439028,392.3311739697773,1015.7,677.8
1199,3881,900.8536010439028,392.3311739697773,1015.7,677.8
1199,3882,900.8536010439028,392.3311739697773,1015.7,677.8
1199,3883,900.8536010439028,392.3311739697773,1015.7,677.8
1199,3884,900.8536010439028,392.3311739697773,1015.7,677.8
1199,3885,900.8536010439028,392.3311739697773,1015.7,677.8
1199,3886,900.8536010439028,392.3311739697773,1015.7,677.8
1199,3887,900.8536010439028,392.3311739697773,1015.7,677.8
1199,3888,900.8536010439028,392.3311739697773,1015.7,677.8
1199,3889,900.8536010439028,392.3311739697773,1015.7,677.8
1199,3890,900.8536010439028,392.3311739697773,1015.7,677.8
1199,3891,900.8536010439028,392.3311739697773,1015.7,677.8
1199,3892,900.8536010439028,392.3311739697773,1015.7,677.8
1199,3893,900.8536010439028,392.3311739697773,1015.7,677.8
1199,3894,900.8536010439028,392.3311739697773,1015.7,677.8
1199,3895,900.8536010439028,392.3311739697773,1015.7,677.8
1199,3896,900.8536010439028,392.3311739697773,1015.7,677.8
1199,3897,900.8536010439028,392.3311739697773,1015.7,677.8
1199,3898,900.8536010439028,392.3311739697773,1015.7,677.8
1199,3899,900.8536010439028,392.3311739697773,1015.7,677.8
1199,3900,900.8536010439028,392.3311739697773,1015.7,677.8
1199,3901,900.8536010439028,392.3311739697773,1015.7,677.8
1199,3902,900.8536010439028,392.3311739697773,1015.7,677.8
1199,3903,900.8536010439028,392.3311739697773,1015.7,677.8
1199,3904,873.8536010439028,567.3311739697773,1015.7,677.8
1199,3905,873.8536010439028,567.3311739697773,1015.7,677.8
1199,3906,873.8536010439028,567.3311739697773,1015.7,677.8
1199,3907,873.8536010439028,567.3311739697773,1015.7,677.8
1199,3908,873.8536010439028,567.3311739697773,1015.7,677.8
1199,3909,873.8536010439028,567.3311739697773,1015.7,677.8
1199,3910,873.8536010439028,567.3311739697773,1015.7,677.8
1199,3911,873.8536010439028,567.3311739697773,1015.7,677.8
1199,3912,873.8536010439028,567.3311739697773,1015.7,677.8
1199,3913,873.8536010439028,567.3311739697773,1015.7,677.8
1199,3914,873.8536010439028,567.3311739697773,1015.7,677.8
1199,3915,873.8536010439028,567.3311739697773,1015.7,677.8
1199,3916,873.8536010439028,567.3311739697773,1015.7,677.8
1199,3917,873.8536010439028,567.3311739697773,1015.7,677.8
1199,3918,873.8536010439028,567.3311739697773,1015.7,677.8
1199,3919,873.8536010439028,567.3311739697773,1015.7,677.8
1199,3920,873.8536010439028,567.3311739697773,1015.7,677.8
1199,3921,873.8536010439028,567.3311739697773,1015.7,677.8
1199,3922,873.8536010439028,567.3311739697773,1015.7,677.8
1199,3923,873.8536010439028,567.3311739697773,1015.7,677.8
1199,3924,873.8536010439028,567.3311739697773,1015.7,677.8
1199,3925,873.8536010439028,567.3311739697773,1015.7,677.8
1199,3926,873.8536010439028,567.3311739697773,1015.7,677.8
1199,3927,873.8536010439028,567.3311739697773,1015.7,677.8
1199,3928,873.8536010439028,567.3311739697773,1015.7,677.8
1199,3929,873.8536010439028,567.3311739697773,1015.7,677.8
1199,3930,873.8536010439028,567.3311739697773,1015.7,677.8
1199,3931,873.8536010439028,567.3311739697773,1015.7,677.8
1199,3932,873.8536010439028,567.3311739697773,1015.7,677.8
1199,3933,873.8536010439028,567.3311739697773,1015.7,677.8
1199,3934,873.8536010439028,567.3311739697773,1015.7,677.8
1199,3935,873.8536010439028,567.3311739697773,1015.7,677.8
1199,3936,873.8536010439028,567.3311739697773,1015.7,677.8
1199,3937,873.8536010439028,567.3311739697773,1015.7,677.8
1199,3938,873.8536010439028,567.3311739697773,1015.7,677.8
1199,3939,873.8536010439028,567.3311739697773,1015.7,677.8
1199,3940,873.8536010439028,567.3311739697773,1015.7,677.8
1199,3941,873.8536010439028,567.3311739697773,1015.7,677.8
1199,3942,873.8536010439028,567.3311739697773,1015.7,677.8
1199,3943,873.8536010439028,567.3311739697773,1015.7,677.8
1199,3944,873.8536010439028,567.3311739697773,1015.7,677.8
1199,3945,873.8536010439028,567.3311739697773,1015.7,677.8
1199,3946,873.8536010439028,567.3311739697773,1015.7,677.8
1199,3947,873.8536010439028,567.3311739697773,1015.7,677.8
1199,3948,873.8536010439028,567.3311739697773,1015.7,677.8
1199,3949,873.8536010439028,567.3311739697773,1015.7,677.8
1199,3950,873.8536010439028,567.3311739697773,1015.7,677.8
1199,3951,873.8536010439028,567.3311739697773,1015.7,677.8
1199,3952,873.8536010439028,567.3311739697773,1015.7,677.8
1199,3953,873.8536010439028,567.3311739697773,1015.7,677.8
1199,3954,873.8536010439028,567.3311739697773,1015.7,677.8
1199,3955,873.8536010439028,567.3311739697773,1015.7,677.8
1199,3956,873.8536010439028,567.3311739697773,1015.7,677.8
1199,3957,873.8536010439028,567.3311739697773,1015.7,677.8
1199,3958,873.8536010439028,567.3311739697773,1015.7,677.8
1199,3959,873.8536010439028,567.3311739697773,1015.7,677.8
1199,3960,873.8536010439028,567.3311739697773,1015.7,677.8
1199,3961,873.8536010439028,567.3311739697773,1015.7,677.8
1199,3962,873.8536010439028,567.3311739697773,1015.7,677.8
1199,3963,873.8536010439028,567.3311739697773,1015.7,677.8
1199,3964,873.8536010439028,567.3311739697773,1015.7,677.8
1199,3965,873.8536010439028,567.3311739697773,1015.7,677.8
1199,3966,873.8536010439028,567.3311739697773,1015.7,677.8
1199,3967,873.8536010439028,567.3311739697773,1015.7,677.8
1199,3968,873.8536010439028,567.3311739697773,1015.7,677.8
1199,3969,873.8536010439028,567.3311739697773,1015.7,677.8
1199,3970,873.8536010439028,567.3311739697773,1015.7,677.8
1199,3971,873.8536010439028,567.3311739697773,1015.7,677.8
1199,3972,873.8536010439028,567.3311739697773,1015.7,677.8
1199,3973,873.8536010439028,567.3311739697773,1015.7,677.8
1199,3974,873.8536010439028,567.3311739697773,1015.7,677.8
1199,3975,873.8536010439028,567.3311739697773,1011.0400000000001,677.99
1199,3976,873.8536010439028,567.3311739697773,1006.38,678.18
1199,3977,873.8536010439028,567.3311739697773,1001.72,678.37
1199,3978,873.8536010439028,567.3311739697773,997.0600000000001,678.56
1199,3979,873.8536010439028,567.3311739697773,992.4000000000001,678.75
1199,3980,873.8536010439028,567.3311739697773,987.74,678.94
1199,3981,873.8536010439028,567.3311739697773,983.08,679.13
1199,3982,873.8536010439028,567.3311739697773,978.4200000000001,679.32
1199,3983,873.8536010439028,567.3311739697773,973.76,679.51
1199,3984,873.8536010439028,567.3311739697773,969.1,679.7
1199,3985,873.8536010439028,567.3311739697773,969.1,679.7
1199,3986,873.8536010439028,567.3311739697773,969.1,679.7
1199,3987,873.8536010439028,567.3311739697773,969.1,679.7
1199,3988,873.8536010439028,567.3311739697773,969.1,679.7
1199,3989,873.8536010439028,567.3311739697773,969.1,679.7
1199,3990,873.8536010439028,567.3311739697773,969.1,679.7
1199,3991,873.8536010439028,567.3311739697773,969.1,679.7
1199,3992,873.8536010439028,567.3311739697773,969.1,679.7
1199,3993,873.8536010439028,567.3311739697773,969.1,679.7
1199,3994,873.8536010439028,567.3311739697773,969.1,679.7
1199,3995,873.8536010439028,567.3311739697773,969.1,679.7
1199,3996,873.8536010439028,567.3311739697773,969.1,679.7
1199,3997,873.8536010439028,567.3311739697773,969.1,679.7
1199,3998,873.8536010439028,567.3311739697773,969.1,679.7
1199,3999,873.8536010439028,567.3311739697773,969.1,679.7
1199,4000,873.8536010439028,567.3311739697773,969.1,679.7
1199,4001,873.8536010439028,567.3311739697773,969.1,679.7
1199,4002,873.8536010439028,567.3311739697773,969.1,679.7
1199,4003,873.8536010439028,567.3311739697773,969.1,679.7
1199,4004,690.8536010439028,644.3311739697773,969.1,679.7
1199,4005,690.8536010439028,644.3311739697773,969.1,679.7
1199,4006,690.8536010439028,644.3311739697773,969.1,679.7
1199,4007,690.8536010439028,644.3311739697773,969.1,679.7
1199,4008,690.8536010439028,644.3311739697773,969.1,679.7
1199,4009,690.8536010439028,644.3311739697773,969.1,679.7
1199,4010,690.8536010439028,644.3311739697773,969.1,679.7
1199,4011,690.8536010439028,644.3311739697773,969.1,679.7
1199,4012,690.8536010439028,644.3311739697773,969.1,679.7
1199,4013,690.8536010439028,644.3311739697773,969.1,679.7
1199,4014,690.8536010439028,644.3311739697773,969.1,679.7
1199,4015,690.8536010439028,644.3311739697773,969.1,679.7
1199,4016,690.8536010439028,644.3311739697773,969.1,679.7
1199,4017,690.8536010439028,644.3311739697773,969.1,679.7
1199,4018,690.8536010439028,644.3311739697773,969.1,679.7
1199,4019,690.8536010439028,644.3311739697773,969.1,679.7
1199,4020,690.8536010439028,644.3311739697773,969.1,679.7
1199,4021,690.8536010439028,644.3311739697773,969.1,679.7
1199,4022,690.8536010439028,644.3311739697773,969.1,679.7
1199,4023,690.8536010439028,644.3311739697773,969.1,679.7
1199,4024,690.8536010439028,644.3311739697773,969.1,679.7
1199,4025,690.8536010439028,644.3311739697773,969.1,679.7
1199,4026,690.8536010439028,644.3311739697773,969.1,679.7
1199,4027,690.8536010439028,644.3311739697773,969.1,679.7
1199,4028,690.8536010439028,644.3311739697773,969.1,679.7
1199,4029,690.8536010439028,644.3311739697773,969.1,679.7
1199,4030,690.8536010439028,644.3311739697773,969.1,679.7
1199,4031,690.8536010439028,644.3311739697773,969.1,679.7
1199,4032,690.8536010439028,644.3311739697773,969.1,679.7
1199,4033,690.8536010439028,644.3311739697773,969.1,679.7
1199,4034,690.8536010439028,644.3311739697773,969.1,679.7
1199,4035,690.8536010439028,644.3311739697773,969.1,679.7
1199,4036,690.8536010439028,644.3311739697773,969.1,679.7
1199,4037,690.8536010439028,644.3311739697773,969.1,679.7
1199,4038,690.8536010439028,644.3311739697773,969.1,679.7
1199,4039,690.8536010439028,644.3311739697773,969.1,679.7
1199,4040,690.8536010439028,644.3311739697773,969.1,679.7
1199,4041,690.8536010439028,644.3311739697773,969.1,679.7
1199,4042,690.8536010439028,644.3311739697773,969.1,679.7
1199,4043,690.8536010439028,644.3311739697773,969.1,679.7
1199,4044,690.8536010439028,644.3311739697773,969.1,679.7
1199,4045,690.8536010439028,644.3311739697773,969.1,679.7
1199,4046,690.8536010439028,644.3311739697773,969.1,679.7
1199,4047,690.8536010439028,644.3311739697773,969.1,679.7
1199,4048,690.8536010439028,644.3311739697773,969.1,679.7
1199,4049,690.8536010439028,644.3311739697773,969.1,679.7
1199,4050,690.8536010439028,644.3311739697773,969.1,679.7
1199,4051,690.8536010439028,644.3311739697773,969.1,679.7
1199,4052,690.8536010439028,644.3311739697773,969.1,679.7
1199,4053,690.8536010439028,644.3311739697773,969.1,679.7
1199,4054,690.8536010439028,644.3311739697773,969.1,679.7
1199,4055,690.8536010439028,644.3311739697773,969.1,679.7
1199,4056,690.8536010439028,644.3311739697773,969.1,679.7
1199,4057,690.8536010439028,644.3311739697773,969.1,679.7
1199,4058,690.8536010439028,644.3311739697773,969.1,679.7
1199,4059,690.8536010439028,644.3311739697773,969.1,679.7
1199,4060,690.8536010439028,644.3311739697773,969.1,679.7
1199,4061,690.8536010439028,644.3311739697773,969.1,679.7
1199,4062,690.8536010439028,644.3311739697773,969.1,679.7
1199,4063,690.8536010439028,644.3311739697773,969.1,679.7
1199,4064,690.8536010439028,644.3311739697773,969.1,679.7
1199,4065,690.8536010439028,644.3311739697773,969.1,679.7
1199,4066,690.8536010439028,644.3311739697773,969.1,679.7
1199,4067,690.8536010439028,644.3311739697773,969.1,679.7
1199,4068,690.8536010439028,644.3311739697773,969.1,679.7
1199,4069,690.8536010439028,644.3311739697773,969.1,679.7
1199,4070,690.8536010439028,644.3311739697773,969.1,679.7
1199,4071,690.8536010439028,644.3311739697773,969.1,679.7
1199,4072,690.8536010439028,644.3311739697773,969.1,679.7
1199,4073,690.8536010439028,644.3311739697773,969.1,679.7
1199,4074,690.8536010439028,644.3311739697773,969.1,679.7
1199,4075,690.8536010439028,644.3311739697773,969.1,679.7
1199,4076,690.8536010439028,644.3311739697773,969.1,679.7
1199,4077,690.8536010439028,644.3311739697773,969.1,679.7
1199,4078,690.8536010439028,644.3311739697773,969.1,679.7
1199,4079,690.8536010439028,644.3311739697773,969.1,679.7
1199,4080,690.8536010439028,644.3311739697773,969.1,679.7
1199,4081,690.8536010439028,644.3311739697773,969.1,679.7
1199,4082,690.8536010439028,644.3311739697773,969.1,679.7
1199,4083,690.8536010439028,644.3311739697773,969.1,679.7
1199,4084,690.8536010439028,644.3311739697773,969.1,679.7
1199,4085,690.8536010439028,644.3311739697773,969.1,679.7
1199,4086,690.8536010439028,644.3311739697773,969.1,679.7
1199,4087,690.8536010439028,644.3311739697773,969.1,679.7
1199,4088,690.8536010439028,644.3311739697773,969.1,679.7
1199,4089,690.8536010439028,644.3311739697773,969.1,679.7
1199,4090,690.8536010439028,644.3311739697773,969.1,679.7
1199,4091,690.8536010439028,644.3311739697773,969.1,679.7
1199,4092,690.8536010439028,644.3311739697773,969.1,679.7
1199,4093,690.8536010439028,644.3311739697773,969.1,679.7
1199,4094,690.8536010439028,644.3311739697773,969.1,679.7
1199,4095,690.8536010439028,644.3311739697773,969.1,679.7
1199,4096,690.8536010439028,644.3311739697773,969.1,679.7
1199,4097,690.8536010439028,644.3311739697773,969.1,679.7
1199,4098,690.8536010439028,644.3311739697773,969.1,679.7
1199,4099,690.8536010439028,644.3311739697773,969.1,679.7
1199,4100,690.8536010439028,644.3311739697773,969.1,679.7
1199,4101,690.8536010439028,644.3311739697773,969.1,679.7
1199,4102,690.8536010439028,644.3311739697773,969.1,679.7
1199,4103,690.8536010439028,644.3311739697773,969.1,679.7
1199,4104,690.8536010439028,644.3311739697773,969.1,679.7
1199,4105,690.8536010439028,644.3311739697773,969.1,679.7
1199,4106,690.8536010439028,644.3311739697773,969.1,679.7
1199,4107,690.8536010439028,644.3311739697773,969.1,679.7
1199,4108,690.8536010439028,644.3311739697773,969.1,679.7
1199,4109,690.8536010439028,644.3311739697773,969.1,679.7
1199,4110,690.8536010439028,644.3311739697773,969.1,679.7
1199,4111,690.8536010439028,644.3311739697773,969.1,679.7
1199,4112,690.8536010439028,644.3311739697773,969.1,679.7
1199,4113,690.8536010439028,644.3311739697773,969.1,679.7
1199,4114,690.8536010439028,644.3311739697773,969.1,679.7
1199,4115,690.8536010439028,644.3311739697773,969.1,679.7
1199,4116,690.8536010439028,644.3311739697773,969.1,679.7
1199,4117,690.8536010439028,644.3311739697773,969.1,679.7
1199,4118,690.8536010439028,644.3311739697773,969.1,679.7
1199,4119,690.8536010439028,644.3311739697773,969.1,679.7
1199,4120,690.8536010439028,644.3311739697773,969.1,679.7
1199,4121,690.8536010439028,644.3311739697773,969.1,679.7
1199,4122,690.8536010439028,644.3311739697773,969.1,679.7
1199,4123,690.8536010439028,644.3311739697773,969.1,679.7
1199,4124,690.8536010439028,644.3311739697773,969.1,679.7
1199,4125,690.8536010439028,644.3311739697773,969.1,679.7
1199,4126,690.8536010439028,644.3311739697773,969.1,679.7
1199,4127,690.8536010439028,644.3311739697773,969.1,679.7
1199,4128,690.8536010439028,644.3311739697773,969.1,679.7
1199,4129,690.8536010439028,644.3311739697773,969.1,679.7
1199,4130,690.8536010439028,644.3311739697773,969.1,679.7
1199,4131,690.8536010439028,644.3311739697773,969.1,679.7
1199,4132,690.8536010439028,644.3311739697773,969.1,679.7
1199,4133,690.8536010439028,644.3311739697773,969.1,679.7
1199,4134,690.8536010439028,644.3311739697773,969.1,679.7
1199,4135,690.8536010439028,644.3311739697773,969.1,679.7
1199,4136,690.8536010439028,644.3311739697773,969.1,679.7
1199,4137,792.8536010439028,646.3311739697773,969.1,679.7
1199,4138,792.8536010439028,646.3311739697773,969.1,679.7
1199,4139,792.8536010439028,646.3311739697773,969.1,679.7
1199,4140,792.8536010439028,646.3311739697773,969.1,679.7
1199,4141,792.8536010439028,646.3311739697773,969.1,679.7
1199,4142,792.8536010439028,646.3311739697773,969.1,679.7
1199,4143,792.8536010439028,646.3311739697773,969.1,679.7
1199,4144,792.8536010439028,646.3311739697773,969.1,679.7
1199,4145,792.8536010439028,646.3311739697773,969.1,679.7
1199,4146,792.8536010439028,646.3311739697773,969.1,679.7
1199,4147,792.8536010439028,646.3311739697773,953.0833333333334,677.0277777777778
1199,4148,792.8536010439028,646.3311739697773,937.0666666666667,674.3555555555556
1199,4149,792.8536010439028,646.3311739697773,921.05,671.6833333333334
1199,4150,792.8536010439028,646.3311739697773,905.0333333333333,669.0111111111112
1199,4151,792.8536010439028,646.3311739697773,889.0166666666667,666.338888888889
1199,4152,792.8536010439028,646.3311739697773,873.0,663.6666666666667
1199,4153,792.8536010439028,646.3311739697773,856.9833333333333,660.9944444444445
1199,4154,792.8536010439028,646.3311739697773,840.9666666666667,658.3222222222223
1199,4155,792.8536010439028,646.3311739697773,824.95,655.6500000000001
1199,4156,792.8536010439028,646.3311739697773,808.9333333333334,652.9777777777778
1199,4157,792.8536010439028,646.3311739697773,792.9166666666666,650.3055555555555
1199,4158,792.8536010439028,646.3311739697773,776.9,647.6333333333333
1199,4159,792.8536010439028,646.3311739697773,760.8833333333333,644.9611111111111
1199,4160,792.8536010439028,646.3311739697773,744.8666666666667,642.2888888888889
1199,4161,792.8536010439028,646.3311739697773,728.85,639.6166666666667
1199,4162,792.8536010439028,646.3311739697773,712.8333333333333,636.9444444444445
1199,4163,792.8536010439028,646.3311739697773,696.8166666666666,634.2722222222222
1199,4164,792.8536010439028,646.3311739697773,680.8,631.6
1199,4165,792.8536010439028,646.3311739697773,680.8,631.6
1199,4166,792.8536010439028,646.3311739697773,680.8,631.6
1199,4167,792.8536010439028,646.3311739697773,680.8,631.6
1199,4168,792.8536010439028,646.3311739697773,680.8,631.6
1199,4169,792.8536010439028,646.3311739697773,680.8,631.6
1199,4170,792.8536010439028,646.3311739697773,680.8,631.6
1199,4171,894.8536010439028,648.3311739697773,680.8,631.6
1199,4172,894.8536010439028,648.3311739697773,680.8,631.6
1199,4173,894.8536010439028,648.3311739697773,680.8,631.6
1199,4174,894.8536010439028,648.3311739697773,680.8,631.6
1199,4175,894.8536010439028,648.3311739697773,680.8,631.6
1199,4176,894.8536010439028,648.3311739697773,680.8,631.6
1199,4177,894.8536010439028,648.3311739697773,680.8,631.6
1199,4178,894.8536010439028,648.3311739697773,680.8,631.6
1199,4179,894.8536010439028,648.3311739697773,680.8,631.6
1199,4180,894.8536010439028,648.3311739697773,680.8,631.6
1199,4181,894.8536010439028,648.3311739697773,680.8,631.6
1199,4182,894.8536010439028,648.3311739697773,680.8,631.6
1199,4183,894.8536010439028,648.3311739697773,680.8,631.6
1199,4184,894.8536010439028,648.3311739697773,680.8,631.6
1199,4185,894.8536010439028,648.3311739697773,680.8,631.6
1199,4186,894.8536010439028,648.3311739697773,680.8,631.6
1199,4187,894.8536010439028,648.3311739697773,680.8,631.6
1199,4188,894.8536010439028,648.3311739697773,680.8,631.6
1199,4189,894.8536010439028,648.3311739697773,680.8,631.6
1199,4190,894.8536010439028,648.3311739697773,680.8,631.6
1199,4191,894.8536010439028,648.3311739697773,680.8,631.6
1199,4192,894.8536010439028,648.3311739697773,680.8,631.6
1199,4193,894.8536010439028,648.3311739697773,680.8,631.6
1199,4194,894.8536010439028,648.3311739697773,680.8,631.6
1199,4195,894.8536010439028,648.3311739697773,680.8,631.6
1199,4196,894.8536010439028,648.3311739697773,680.8,631.6
1199,4197,894.8536010439028,648.3311739697773,680.8,631.6
1199,4198,894.8536010439028,648.3311739697773,680.8,631.6
1199,4199,894.8536010439028,648.3311739697773,680.8,631.6
1199,4200,894.8536010439028,648.3311739697773,680.8,631.6
1199,4201,894.8536010439028,648.3311739697773,680.8,631.6
1199,4202,894.8536010439028,648.3311739697773,680.8,631.6
1199,4203,894.8536010439028,648.3311739697773,680.8,631.6
1199,4204,894.8536010439028,648.3311739697773,680.8,631.6
1199,4205,894.8536010439028,648.3311739697773,680.8,631.6
1199,4206,894.8536010439028,648.3311739697773,680.8,631.6
1199,4207,894.8536010439028,648.3311739697773,680.8,631.6
1199,4208,894.8536010439028,648.3311739697773,680.8,631.6
1199,4209,894.8536010439028,648.3311739697773,680.8,631.6
1199,4210,894.8536010439028,648.3311739697773,680.8,631.6
1199,4211,894.8536010439028,648.3311739697773,680.8,631.6
1199,4212,894.8536010439028,648.3311739697773,680.8,631.6
1199,4213,894.8536010439028,648.3311739697773,680.8,631.6
1199,4214,894.8536010439028,648.3311739697773,680.8,631.6
1199,4215,894.8536010439028,648.3311739697773,680.8,631.6
1199,4216,894.8536010439028,648.3311739697773,680.8,631.6
1199,4217,894.8536010439028,648.3311739697773,680.8,631.6
1199,4218,894.8536010439028,648.3311739697773,680.8,631.6
1199,4219,894.8536010439028,648.3311739697773,680.8,631.6
1199,4220,894.8536010439028,648.3311739697773,680.8,631.6
1199,4221,894.8536010439028,648.3311739697773,680.8,631.6
1199,4222,894.8536010439028,648.3311739697773,680.8,631.6
1199,4223,894.8536010439028,648.3311739697773,680.8,631.6
1199,4224,894.8536010439028,648.3311739697773,680.8,631.6
1199,4225,894.8536010439028,648.3311739697773,680.8,631.6
1199,4226,894.8536010439028,648.3311739697773,680.8,631.6
1199,4227,894.8536010439028,648.3311739697773,680.8,631.6
1199,4228,894.8536010439028,648.3311739697773,680.8,631.6
1199,4229,894.8536010439028,648.3311739697773,680.8,631.6
1199,4230,894.8536010439028,648.3311739697773,680.8,631.6
1199,4231,894.8536010439028,648.3311739697773,680.8,631.6
1199,4232,894.8536010439028,648.3311739697773,680.8,631.6
1199,4233,894.8536010439028,648.3311739697773,680.8,631.6
1199,4234,894.8536010439028,648.3311739697773,680.8,631.6
1199,4235,894.8536010439028,648.3311739697773,680.8,631.6
1199,4236,894.8536010439028,648.3311739697773,680.8,631.6
1199,4237,894.8536010439028,648.3311739697773,680.8,631.6
1199,4238,894.8536010439028,648.3311739697773,680.8,631.6
1199,4239,894.8536010439028,648.3311739697773,680.8,631.6
1199,4240,894.8536010439028,648.3311739697773,680.8,631.6
1199,4241,894.8536010439028,648.3311739697773,680.8,631.6
1199,4242,894.8536010439028,648.3311739697773,680.8,631.6
1199,4243,894.8536010439028,648.3311739697773,680.8,631.6
1199,4244,894.8536010439028,648.3311739697773,680.8,631.6
1199,4245,894.8536010439028,648.3311739697773,680.8,631.6
1199,4246,894.8536010439028,648.3311739697773,680.8,631.6
1199,4247,894.8536010439028,648.3311739697773,680.8,631.6
1199,4248,894.8536010439028,648.3311739697773,680.8,631.6
1199,4249,894.8536010439028,648.3311739697773,680.8,631.6
1199,4250,894.8536010439028,648.3311739697773,680.8,631.6
1199,4251,894.8536010439028,648.3311739697773,680.8,631.6
1199,4252,894.8536010439028,648.3311739697773,680.8,631.6
1199,4253,894.8536010439028,648.3311739697773,680.8,631.6
1199,4254,894.8536010439028,648.3311739697773,680.8,631.6
1199,4255,894.8536010439028,648.3311739697773,680.8,631.6
1199,4256,894.8536010439028,648.3311739697773,680.8,631.6
1199,4257,894.8536010439028,648.3311739697773,680.8,631.6
1199,4258,894.8536010439028,648.3311739697773,680.8,631.6
1199,4259,894.8536010439028,648.3311739697773,680.8,631.6
1199,4260,894.8536010439028,648.3311739697773,680.8,631.6
1199,4261,894.8536010439028,648.3311739697773,680.8,631.6
1199,4262,894.8536010439028,648.3311739697773,680.8,631.6
1199,4263,894.8536010439028,648.3311739697773,680.8,631.6
1199,4264,894.8536010439028,648.3311739697773,680.8,631.6
1199,4265,894.8536010439028,648.3311739697773,680.8,631.6
1199,4266,894.8536010439028,648.3311739697773,680.8,631.6
1199,4267,894.8536010439028,648.3311739697773,680.8,631.6
1199,4268,894.8536010439028,648.3311739697773,680.8,631.6
1199,4269,894.8536010439028,648.3311739697773,680.8,631.6
1199,4270,894.8536010439028,648.3311739697773,680.8,631.6
1199,4271,894.8536010439028,648.3311739697773,680.8,631.6
1199,4272,894.8536010439028,648.3311739697773,680.8,631.6
1199,4273,894.8536010439028,648.3311739697773,680.8,631.6
1199,4274,894.8536010439028,648.3311739697773,680.8,631.6
1199,4275,894.8536010439028,648.3311739697773,680.8,631.6
1199,4276,894.8536010439028,648.3311739697773,680.8,631.6
1199,4277,894.8536010439028,648.3311739697773,680.8,631.6
1199,4278,894.8536010439028,648.3311739697773,680.8,631.6
1199,4279,894.8536010439028,648.3311739697773,693.1157894736841,615.7315789473685
1199,4280,894.8536010439028,648.3311739697773,705.4315789473684,599.8631578947369
1199,4281,894.8536010439028,648.3311739697773,717.7473684210526,583.9947368421053
1199,4282,894.8536010439028,648.3311739697773,730.0631578947368,568.1263157894737
1199,4283,894.8536010439028,648.3311739697773,742.378947368421,552.2578947368421
1199,4284,894.8536010439028,648.3311739697773,754.6947368421052,536.3894736842105
1199,4285,894.8536010439028,648.3311739697773,767.0105263157894,520.521052631579
1199,4286,894.8536010439028,648.3311739697773,779.3263157894736,504.6526315789474
1199,4287,894.8536010439028,648.3311739697773,791.6421052631579,488.7842105263158
1200,4288,894.8536010439028,648.3311739697773,803.957894736842,472.91578947368424
1201,4289,894.8536010439028,648.3311739697773,816.2736842105263,457.0473684210526
1202,4290,894.8536010439028,648.3311739697773,828.5894736842105,441.17894736842106
1203,4291,894.8536010439028,648.3311739697773,840.9052631578948,425.3105263157895
1204,4292,894.8536010439028,648.3311739697773,853.2210526315789,409.44210526315794
1205,4293,894.8536010439028,648.3311739697773,865.5368421052631,393.5736842105264
1206,4294,894.8536010439028,648.3311739697773,877.8526315789474,377.70526315789476
1207,4295,894.8536010439028,648.3311739697773,890.1684210526315,361.8368421052632
1208,4296,894.8536010439028,648.3311739697773,902.4842105263158,345.9684210526316
1209,4297,894.8536010439028,648.3311739697773,914.8,330.1
1210,4298,894.8536010439028,648.3311739697773,914.8,330.1
1211,4299,894.8536010439028,648.3311739697773,914.8,330.1
1212,4300,894.8536010439028,648.3311739697773,914.8,330.1
1213,4301,894.8536010439028,648.3311739697773,914.8,330.1
1214,4302,894.8536010439028,648.3311739697773,914.8,330.1
1215,4303,894.8536010439028,648.3311739697773,914.8,330.1
1216,4304,894.8536010439028,648.3311739697773,914.8,330.1
1217,4305,894.8536010439028,648.3311739697773,914.8,330.1
1218,4306,894.8536010439028,648.3311739697773,914.8,330.1
1219,4307,894.8536010439028,648.3311739697773,914.8,330.1
1220,4308,894.8536010439028,648.3311739697773,914.8,330.1
1221,4309,894.8536010439028,648.3311739697773,914.8,330.1
1222,4310,894.8536010439028,648.3311739697773,914.8,330.1
1223,4311,894.8536010439028,648.3311739697773,914.8,330.1
1224,4312,894.8536010439028,648.3311739697773,914.8,330.1
1225,4313,894.8536010439028,648.3311739697773,914.8,330.1
1226,4314,894.8536010439028,648.3311739697773,914.8,330.1
1227,4315,894.8536010439028,648.3311739697773,914.8,330.1
1228,4316,894.8536010439028,648.3311739697773,914.8,330.1
1229,4317,894.8536010439028,648.3311739697773,914.8,330.1
1230,4318,894.8536010439028,648.3311739697773,914.8,330.1
1231,4319,894.8536010439028,648.3311739697773,914.8,330.1
1232,4320,894.8536010439028,648.3311739697773,914.8,330.1
1233,4321,894.8536010439028,648.3311739697773,914.8,330.1
1234,4322,894.8536010439028,648.3311739697773,914.8,330.1
1235,4323,894.8536010439028,648.3311739697773,914.8,330.1
1236,4324,894.8536010439028,648.3311739697773,914.8,330.1
1237,4325,894.8536010439028,648.3311739697773,914.8,330.1
1238,4326,894.8536010439028,648.3311739697773,914.8,330.1
1239,4327,894.8536010439028,648.3311739697773,914.8,330.1
1240,4328,894.8536010439028,648.3311739697773,914.8,330.1
1241,4329,894.8536010439028,648.3311739697773,914.8,330.1
1242,4330,894.8536010439028,648.3311739697773,914.8,330.1
1243,4331,894.8536010439028,648.3311739697773,914.8,330.1
1244,4332,894.8536010439028,648.3311739697773,914.8,330.1
1245,4333,894.8536010439028,648.3311739697773,914.8,330.1
1246,4334,894.8536010439028,648.3311739697773,914.8,330.1
1247,4335,894.8536010439028,648.3311739697773,914.8,330.1
1248,4336,894.8536010439028,648.3311739697773,914.8,330.1
1249,4337,894.8536010439028,648.3311739697773,914.8,330.1
1250,4338,952.8536010439028,633.3311739697773,914.8,330.1
1251,4339,952.8536010439028,633.3311739697773,914.8,330.1
1252,4340,952.8536010439028,633.3311739697773,914.8,330.1
1253,4341,952.8536010439028,633.3311739697773,914.8,330.1
1254,4342,952.8536010439028,633.3311739697773,914.8,330.1
1255,4343,952.8536010439028,633.3311739697773,914.8,330.1
1256,4344,952.8536010439028,633.3311739697773,914.8,330.1
1257,4345,952.8536010439028,633.3311739697773,914.8,330.1
1258,4346,952.8536010439028,633.3311739697773,914.8,330.1
1259,4347,952.8536010439028,633.3311739697773,914.8,330.1
1260,4348,952.8536010439028,633.3311739697773,914.8,330.1
1261,4349,952.8536010439028,633.3311739697773,914.8,330.1
1262,4350,952.8536010439028,633.3311739697773,914.8,330.1
1263,4351,952.8536010439028,633.3311739697773,914.8,330.1
1264,4352,952.8536010439028,633.3311739697773,914.8,330.1
1265,4353,952.8536010439028,633.3311739697773,914.8,330.1
1266,4354,952.8536010439028,633.3311739697773,914.8,330.1
1267,4355,952.8536010439028,633.3311739697773,914.8,330.1
1268,4356,952.8536010439028,633.3311739697773,914.8,330.1
1269,4357,952.8536010439028,633.3311739697773,914.8,330.1
1270,4358,952.8536010439028,633.3311739697773,914.8,330.1
1271,4359,952.8536010439028,633.3311739697773,914.8,330.1
1272,4360,952.8536010439028,633.3311739697773,914.8,330.1
1273,4361,952.8536010439028,633.3311739697773,914.8,330.1
1274,4362,952.8536010439028,633.3311739697773,914.8,330.1
1275,4363,952.8536010439028,633.3311739697773,914.8,330.1
1276,4364,952.8536010439028,633.3311739697773,914.8,330.1
1277,4365,952.8536010439028,633.3311739697773,914.8,330.1
1278,4366,952.8536010439028,633.3311739697773,914.8,330.1
1279,4367,952.8536010439028,633.3311739697773,914.8,330.1
1280,4368,952.8536010439028,633.3311739697773,914.8,330.1
1281,4369,952.8536010439028,633.3311739697773,914.8,330.1
1282,4370,952.8536010439028,633.3311739697773,914.8,330.1
1283,4371,952.8536010439028,633.3311739697773,914.8,330.1
1284,4372,952.8536010439028,633.3311739697773,914.8,330.1
1285,4373,952.8536010439028,633.3311739697773,914.8,330.1
1286,4374,952.8536010439028,633.3311739697773,914.8,330.1
1287,4375,952.8536010439028,633.3311739697773,914.8,330.1
1288,4376,952.8536010439028,633.3311739697773,914.8,330.1
1289,4377,952.8536010439028,633.3311739697773,914.8,330.1
1290,4378,952.8536010439028,633.3311739697773,914.8,330.1
1291,4379,952.8536010439028,633.3311739697773,914.8,330.1
1292,4380,952.8536010439028,633.3311739697773,914.8,330.1
1293,4381,952.8536010439028,633.3311739697773,914.8,330.1
1294,4382,952.8536010439028,633.3311739697773,914.8,330.1
1295,4383,952.8536010439028,633.3311739697773,914.8,330.1
1296,4384,952.8536010439028,633.3311739697773,914.8,330.1
1297,4385,952.8536010439028,633.3311739697773,914.8,330.1
1298,4386,952.8536010439028,633.3311739697773,914.8,330.1
1299,4387,952.8536010439028,633.3311739697773,914.8,330.1
1300,4388,952.8536010439028,633.3311739697773,914.8,330.1
1301,4389,952.8536010439028,633.3311739697773,914.8,330.1
1302,4390,952.8536010439028,633.3311739697773,914.8,330.1
1303,4391,952.8536010439028,633.3311739697773,914.8,330.1
1304,4392,952.8536010439028,633.3311739697773,914.8,330.1
1305,4393,952.8536010439028,633.3311739697773,914.8,330.1
1306,4394,952.8536010439028,633.3311739697773,914.8,330.1
1307,4395,952.8536010439028,633.3311739697773,914.8,330.1
1308,4396,952.8536010439028,633.3311739697773,914.8,330.1
1309,4397,952.8536010439028,633.3311739697773,914.8,330.1
1310,4398,952.8536010439028,633.3311739697773,914.8,330.1
1311,4399,952.8536010439028,633.3311739697773,914.8,330.1
1312,4400,952.8536010439028,633.3311739697773,914.8,330.1
1313,4401,952.8536010439028,633.3311739697773,914.8,330.1
1314,4402,952.8536010439028,633.3311739697773,914.8,330.1
1315,4403,952.8536010439028,633.3311739697773,914.8,330.1
1316,4404,952.8536010439028,633.3311739697773,914.8,330.1
1317,4405,952.8536010439028,633.3311739697773,914.8,330.1
1318,4406,952.8536010439028,633.3311739697773,914.8,330.1
1319,4407,952.8536010439028,633.3311739697773,914.8,330.1
1320,4408,952.8536010439028,633.3311739697773,914.8,330.1
1321,4409,952.8536010439028,633.3311739697773,914.8,330.1
1322,4410,952.8536010439028,633.3311739697773,914.8,330.1
1323,4411,952.8536010439028,633.3311739697773,914.8,330.1
1324,4412,952.8536010439028,633.3311739697773,914.8,330.1
1325,4413,952.8536010439028,633.3311739697773,914.8,330.1
1326,4414,952.8536010439028,633.3311739697773,914.8,330.1
1327,4415,952.8536010439028,633.3311739697773,914.8,330.1
1328,4416,952.8536010439028,633.3311739697773,914.8,330.1
1329,4417,952.8536010439028,633.3311739697773,914.8,330.1
1330,4418,952.8536010439028,633.3311739697773,914.8,330.1
1331,4419,952.8536010439028,633.3311739697773,914.8,330.1
1332,4420,952.8536010439028,633.3311739697773,914.8,330.1
1333,4421,952.8536010439028,633.3311739697773,914.8,330.1
1334,4422,952.8536010439028,633.3311739697773,914.8,330.1
1335,4423,952.8536010439028,633.3311739697773,914.8,330.1
1336,4424,952.8536010439028,633.3311739697773,914.8,330.1
1337,4425,952.8536010439028,633.3311739697773,914.8,330.1
1338,4426,952.8536010439028,633.3311739697773,914.8,330.1
1339,4427,952.8536010439028,633.3311739697773,914.8,330.1
1340,4428,952.8536010439028,633.3311739697773,914.8,330.1
1341,4429,952.8536010439028,633.3311739697773,914.8,330.1
1342,4430,952.8536010439028,633.3311739697773,914.8,330.1
1343,4431,952.8536010439028,633.3311739697773,914.8,330.1
1344,4432,952.8536010439028,633.3311739697773,914.8,330.1
1345,4433,952.8536010439028,633.3311739697773,914.8,330.1
1346,4434,952.8536010439028,633.3311739697773,914.8,330.1
1347,4435,952.8536010439028,633.3311739697773,914.8,330.1
1348,4436,952.8536010439028,633.3311739697773,914.8,330.1
1349,4437,952.8536010439028,633.3311739697773,914.8,330.1
1350,4438,952.8536010439028,633.3311739697773,914.8,330.1
1351,4439,952.8536010439028,633.3311739697773,914.8,330.1
1352,4440,952.8536010439028,633.3311739697773,914.8,330.1
1353,4441,952.8536010439028,633.3311739697773,914.8,330.1
1354,4442,952.8536010439028,633.3311739697773,914.8,330.1
1355,4443,952.8536010439028,633.3311739697773,914.8,330.1
1356,4444,952.8536010439028,633.3311739697773,914.8,330.1
1357,4445,952.8536010439028,633.3311739697773,914.8,330.1
1358,4446,952.8536010439028,633.3311739697773,914.8,330.1
1359,4447,952.8536010439028,633.3311739697773,914.8,330.1
1360,4448,952.8536010439028,633.3311739697773,914.8,330.1
1361,4449,952.8536010439028,633.3311739697773,917.7624999999999,326.6125
1362,4450,952.8536010439028,633.3311739697773,920.7249999999999,323.125
1363,4451,952.8536010439028,633.3311739697773,923.6875,319.6375
1364,4452,952.8536010439028,633.3311739697773,926.65,316.15
1365,4453,952.8536010439028,633.3311739697773,929.6125,312.6625
1366,4454,952.8536010439028,633.3311739697773,932.575,309.175
1367,4455,952.8536010439028,633.3311739697773,935.5375,305.6875
1368,4456,952.8536010439028,633.3311739697773,938.5,302.2
1369,4457,952.8536010439028,633.3311739697773,938.5,302.2
1370,4458,952.8536010439028,633.3311739697773,938.5,302.2
1371,4459,952.8536010439028,633.3311739697773,938.5,302.2
1372,4460,952.8536010439028,633.3311739697773,938.5,302.2
1373,4461,952.8536010439028,633.3311739697773,938.5,302.2
1374,4462,952.8536010439028,633.3311739697773,938.5,302.2
1375,4463,952.8536010439028,633.3311739697773,938.5,302.2
1376,4464,952.8536010439028,633.3311739697773,938.5,302.2
1377,4465,952.8536010439028,633.3311739697773,938.5,302.2
1378,4466,952.8536010439028,633.3311739697773,938.5,302.2
1379,4467,952.8536010439028,633.3311739697773,938.5,302.2
1380,4468,952.8536010439028,633.3311739697773,938.5,302.2
1381,4469,952.8536010439028,633.3311739697773,938.5,302.2
1382,4470,952.8536010439028,633.3311739697773,938.5,302.2
1383,4471,944.8536010439028,455.3311739697773,938.5,302.2
1384,4472,944.8536010439028,455.3311739697773,938.5,302.2
1385,4473,944.8536010439028,455.3311739697773,938.5,302.2
1386,4474,944.8536010439028,455.3311739697773,938.5,302.2
1387,4475,944.8536010439028,455.3311739697773,938.5,302.2
1388,4476,944.8536010439028,455.3311739697773,938.5,302.2
1389,4477,944.8536010439028,455.3311739697773,938.5,302.2
1390,4478,944.8536010439028,455.3311739697773,938.5,302.2
1391,4479,944.8536010439028,455.3311739697773,938.5,302.2
1392,4480,944.8536010439028,455.3311739697773,938.5,302.2
1393,4481,944.8536010439028,455.3311739697773,938.5,302.2
1394,4482,944.8536010439028,455.3311739697773,938.5,302.2
1395,4483,944.8536010439028,455.3311739697773,938.5,302.2
1396,4484,944.8536010439028,455.3311739697773,938.5,302.2
1397,4485,944.8536010439028,455.3311739697773,938.5,302.2
1398,4486,944.8536010439028,455.3311739697773,938.5,302.2
1399,4487,944.8536010439028,455.3311739697773,938.5,302.2
1400,4488,944.8536010439028,455.3311739697773,938.5,302.2
1401,4489,944.8536010439028,455.3311739697773,938.5,302.2
1402,4490,944.8536010439028,455.3311739697773,938.5,302.2
1403,4491,944.8536010439028,455.3311739697773,938.5,302.2
1404,4492,944.8536010439028,455.3311739697773,938.5,302.2
1405,4493,944.8536010439028,455.3311739697773,938.5,302.2
1406,4494,944.8536010439028,455.3311739697773,938.5,302.2
1407,4495,944.8536010439028,455.3311739697773,938.5,302.2
1408,4496,944.8536010439028,455.3311739697773,938.5,302.2
1409,4497,944.8536010439028,455.3311739697773,938.5,302.2
1410,4498,944.8536010439028,455.3311739697773,938.5,302.2
1411,4499,944.8536010439028,455.3311739697773,938.5,302.2
1412,4500,944.8536010439028,455.3311739697773,938.5,302.2
1413,4501,944.8536010439028,455.3311739697773,938.5,302.2
1414,4502,944.8536010439028,455.3311739697773,938.5,302.2
1415,4503,944.8536010439028,455.3311739697773,938.5,302.2
1416,4504,937.8536010439028,278.3311739697773,938.5,302.2
1417,4505,937.8536010439028,278.3311739697773,938.5,302.2
1418,4506,937.8536010439028,278.3311739697773,938.5,302.2
1419,4507,937.8536010439028,278.3311739697773,938.5,302.2
1420,4508,937.8536010439028,278.3311739697773,938.5,302.2
1421,4509,937.8536010439028,278.3311739697773,938.5,302.2
1422,4510,937.8536010439028,278.3311739697773,938.5,302.2
1423,4511,937.8536010439028,278.3311739697773,938.5,302.2
1424,4512,937.8536010439028,278.3311739697773,938.5,302.2
1425,4513,937.8536010439028,278.3311739697773,938.5,302.2
1426,4514,937.8536010439028,278.3311739697773,938.5,302.2
1427,4515,937.8536010439028,278.3311739697773,938.5,302.2
1428,4516,937.8536010439028,278.3311739697773,938.5,302.2
1429,4517,937.8536010439028,278.3311739697773,938.5,302.2
1430,4518,937.8536010439028,278.3311739697773,938.5,302.2
1431,4519,937.8536010439028,278.3311739697773,938.5,302.2
1432,4520,937.8536010439028,278.3311739697773,938.5,302.2
1433,4521,937.8536010439028,278.3311739697773,938.5,302.2
1434,4522,937.8536010439028,278.3311739697773,938.5,302.2
1435,4523,937.8536010439028,278.3311739697773,938.5,302.2
1436,4524,937.8536010439028,278.3311739697773,938.5,302.2
1437,4525,937.8536010439028,278.3311739697773,938.5,302.2
1438,4526,937.8536010439028,278.3311739697773,938.5,302.2
1439,4527,937.8536010439028,278.3311739697773,938.5,302.2
1440,4528,937.8536010439028,278.3311739697773,938.5,302.2
1441,4529,937.8536010439028,278.3311739697773,938.5,302.2
1442,4530,937.8536010439028,278.3311739697773,938.5,302.2
1443,4531,937.8536010439028,278.3311739697773,938.5,302.2
1444,4532,937.8536010439028,278.3311739697773,938.5,302.2
1445,4533,937.8536010439028,278.3311739697773,938.5,302.2
1446,4534,937.8536010439028,278.3311739697773,938.5,302.2
1447,4535,937.8536010439028,278.3311739697773,938.5,302.2
1448,4536,937.8536010439028,278.3311739697773,938.5,302.2
1449,4537,937.8536010439028,278.3311739697773,938.5,302.2
1450,4538,937.8536010439028,278.3311739697773,938.5,302.2
1451,4539,937.8536010439028,278.3311739697773,938.5,302.2
1452,4540,937.8536010439028,278.3311739697773,938.5,302.2
1453,4541,937.8536010439028,278.3311739697773,938.5,302.2
1454,4542,937.8536010439028,278.3311739697773,938.5,302.2
1455,4543,937.8536010439028,278.3311739697773,938.5,302.2
1456,4544,937.8536010439028,278.3311739697773,938.5,302.2
1457,4545,937.8536010439028,278.3311739697773,938.5,302.2
1458,4546,937.8536010439028,278.3311739697773,938.5,302.2
1459,4547,937.8536010439028,278.3311739697773,938.5,302.2
1460,4548,937.8536010439028,278.3311739697773,938.5,302.2
1461,4549,937.8536010439028,278.3311739697773,938.5,302.2
1462,4550,937.8536010439028,278.3311739697773,938.5,302.2
1463,4551,937.8536010439028,278.3311739697773,938.5,302.2
1464,4552,937.8536010439028,278.3311739697773,938.5,302.2
1465,4553,937.8536010439028,278.3311739697773,938.5,302.2
1466,4554,937.8536010439028,278.3311739697773,938.5,302.2
1467,4555,937.8536010439028,278.3311739697773,938.5,302.2
1468,4556,937.8536010439028,278.3311739697773,938.5,302.2
1469,4557,937.8536010439028,278.3311739697773,938.5,302.2
1470,4558,937.8536010439028,278.3311739697773,938.5,302.2
1471,4559,937.8536010439028,278.3311739697773,938.5,302.2
1472,4560,937.8536010439028,278.3311739697773,938.5,302.2
1473,4561,937.8536010439028,278.3311739697773,938.5,302.2
1474,4562,937.8536010439028,278.3311739697773,938.5,302.2
1475,4563,937.8536010439028,278.3311739697773,938.5,302.2
1476,4564,937.8536010439028,278.3311739697773,938.5,302.2
1477,4565,937.8536010439028,278.3311739697773,938.5,302.2
1478,4566,937.8536010439028,278.3311739697773,938.5,302.2
1479,4567,937.8536010439028,278.3311739697773,938.5,302.2
1480,4568,937.8536010439028,278.3311739697773,938.5,302.2
1481,4569,937.8536010439028,278.3311739697773,938.5,302.2
1482,4570,937.8536010439028,278.3311739697773,938.5,302.2
1483,4571,937.8536010439028,278.3311739697773,938.5,302.2
1484,4572,937.8536010439028,278.3311739697773,938.5,302.2
1485,4573,937.8536010439028,278.3311739697773,938.5,302.2
1486,4574,937.8536010439028,278.3311739697773,938.5,302.2
1487,4575,937.8536010439028,278.3311739697773,938.5,302.2
1488,4576,937.8536010439028,278.3311739697773,938.5,302.2
1489,4577,937.8536010439028,278.3311739697773,938.5,302.2
1490,4578,937.8536010439028,278.3311739697773,938.5,302.2
1491,4579,937.8536010439028,278.3311739697773,938.5,302.2
1492,4580,937.8536010439028,278.3311739697773,938.5,302.2
1493,4581,937.8536010439028,278.3311739697773,938.5,302.2
1494,4582,937.8536010439028,278.3311739697773,938.5,302.2
1495,4583,937.8536010439028,278.3311739697773,938.5,302.2
1496,4584,937.8536010439028,278.3311739697773,938.5,302.2
1497,4585,937.8536010439028,278.3311739697773,938.5,302.2
1498,4586,937.8536010439028,278.3311739697773,938.5,302.2
1499,4587,937.8536010439028,278.3311739697773,938.5,302.2
1500,4588,937.8536010439028,278.3311739697773,938.5,302.2
1501,4589,937.8536010439028,278.3311739697773,938.5,302.2
1502,4590,937.8536010439028,278.3311739697773,938.5,302.2
1503,4591,937.8536010439028,278.3311739697773,938.5,302.2
1504,4592,937.8536010439028,278.3311739697773,938.5,302.2
1505,4593,937.8536010439028,278.3311739697773,938.5,302.2
1506,4594,937.8536010439028,278.3311739697773,938.5,302.2
1507,4595,937.8536010439028,278.3311739697773,938.5,302.2
1508,4596,937.8536010439028,278.3311739697773,938.5,302.2
1509,4597,937.8536010439028,278.3311739697773,938.5,302.2
1510,4598,937.8536010439028,278.3311739697773,938.5,302.2
1511,4599,937.8536010439028,278.3311739697773,938.5,302.2
1512,4600,937.8536010439028,278.3311739697773,938.5,302.2
1513,4601,937.8536010439028,278.3311739697773,938.5,302.2
1514,4602,937.8536010439028,278.3311739697773,938.5,302.2
1515,4603,937.8536010439028,278.3311739697773,938.5,302.2
1516,4604,937.8536010439028,278.3311739697773,938.5,302.2
1517,4605,937.8536010439028,278.3311739697773,938.5,302.2
1518,4606,937.8536010439028,278.3311739697773,938.5,302.2
1519,4607,937.8536010439028,278.3311739697773,938.5,302.2
1520,4608,937.8536010439028,278.3311739697773,938.5,302.2
1521,4609,937.8536010439028,278.3311739697773,938.5,302.2
1522,4610,937.8536010439028,278.3311739697773,938.7285714285714,296.42857142857144
1523,4611,937.8536010439028,278.3311739697773,938.9571428571429,290.65714285714284
1524,4612,937.8536010439028,278.3311739697773,939.1857142857143,284.8857142857143
1525,4613,937.8536010439028,278.3311739697773,939.4142857142857,279.1142857142857
1526,4614,937.8536010439028,278.3311739697773,939.6428571428571,273.34285714285716
1527,4615,937.8536010439028,278.3311739697773,939.8714285714286,267.57142857142856
1528,4616,937.8536010439028,278.3311739697773,940.1,261.8
1529,4617,937.8536010439028,278.3311739697773,940.1,261.8
1530,4618,937.8536010439028,278.3311739697773,940.1,261.8
1531,4619,937.8536010439028,278.3311739697773,940.1,261.8
1532,4620,937.8536010439028,278.3311739697773,940.1,261.8
1533,4621,937.8536010439028,278.3311739697773,940.1,261.8
1534,4622,937.8536010439028,278.3311739697773,940.1,261.8
1535,4623,937.8536010439028,278.3311739697773,940.1,261.8
1536,4624,937.8536010439028,278.3311739697773,940.1,261.8
1537,4625,937.8536010439028,278.3311739697773,940.1,261.8
1538,4626,937.8536010439028,278.3311739697773,940.1,261.8
1539,4627,937.8536010439028,278.3311739697773,940.1,261.8
1540,4628,937.8536010439028,278.3311739697773,940.1,261.8
1541,4629,937.8536010439028,278.3311739697773,940.1,261.8
1542,4630,937.8536010439028,278.3311739697773,940.1,261.8
1543,4631,937.8536010439028,278.3311739697773,940.1,261.8
1544,4632,937.8536010439028,278.3311739697773,940.1,261.8
1545,4633,937.8536010439028,278.3311739697773,940.1,261.8
1546,4634,937.8536010439028,278.3311739697773,940.1,261.8
1547,4635,937.8536010439028,278.3311739697773,940.1,261.8
1548,4636,937.8536010439028,278.3311739697773,940.1,261.8
1549,4637,937.8536010439028,278.3311739697773,940.1,261.8
1550,4638,937.8536010439028,278.3311739697773,940.1,261.8
1551,4639,937.8536010439028,278.3311739697773,940.1,261.8
1552,4640,937.8536010439028,278.3311739697773,940.1,261.8
1553,4641,937.8536010439028,278.3311739697773,940.1,261.8
1554,4642,937.8536010439028,278.3311739697773,940.1,261.8
1555,4643,937.8536010439028,278.3311739697773,940.1,261.8
1556,4644,937.8536010439028,278.3311739697773,940.1,261.8
1557,4645,937.8536010439028,278.3311739697773,940.1,261.8
1558,4646,937.8536010439028,278.3311739697773,940.1,261.8
1559,4647,937.8536010439028,278.3311739697773,940.1,261.8
1560,4648,937.8536010439028,278.3311739697773,940.1,261.8
1561,4649,937.8536010439028,278.3311739697773,940.1,261.8
1562,4650,937.8536010439028,278.3311739697773,940.1,261.8
1563,4651,937.8536010439028,278.3311739697773,940.1,261.8
1564,4652,937.8536010439028,278.3311739697773,940.1,261.8
1565,4653,937.8536010439028,278.3311739697773,940.1,261.8
1566,4654,937.8536010439028,278.3311739697773,940.1,261.8
1567,4655,937.8536010439028,278.3311739697773,940.1,261.8
1568,4656,937.8536010439028,278.3311739697773,940.1,261.8
1569,4657,937.8536010439028,278.3311739697773,940.1,261.8
1570,4658,937.8536010439028,278.3311739697773,940.1,261.8
1571,4659,937.8536010439028,278.3311739697773,940.1,261.8
1572,4660,937.8536010439028,278.3311739697773,940.1,261.8
1573,4661,937.8536010439028,278.3311739697773,940.1,261.8
1574,4662,937.8536010439028,278.3311739697773,940.1,261.8
1575,4663,937.8536010439028,278.3311739697773,940.1,261.8
1576,4664,937.8536010439028,278.3311739697773,940.1,261.8
1577,4665,937.8536010439028,278.3311739697773,940.1,261.8
1578,4666,937.8536010439028,278.3311739697773,940.1,261.8
1579,4667,937.8536010439028,278.3311739697773,940.1,261.8
1580,4668,937.8536010439028,278.3311739697773,940.1,261.8
1581,4669,937.8536010439028,278.3311739697773,940.1,261.8
1582,4670,937.8536010439028,278.3311739697773,940.1,261.8
1583,4671,944.8536010439028,219.3311739697773,940.1,261.8
1584,4672,944.8536010439028,219.3311739697773,940.1,261.8
1585,4673,944.8536010439028,219.3311739697773,940.1,261.8
1586,4674,944.8536010439028,219.3311739697773,940.1,261.8
1587,4675,944.8536010439028,219.3311739697773,940.1,261.8
1588,4676,944.8536010439028,219.3311739697773,940.1,261.8
1589,4677,944.8536010439028,219.3311739697773,940.1,261.8
1590,4678,944.8536010439028,219.3311739697773,940.1,261.8
1591,4679,944.8536010439028,219.3311739697773,940.1,261.8
1592,4680,944.8536010439028,219.3311739697773,940.1,261.8
1593,4681,944.8536010439028,219.3311739697773,940.1,261.8
1594,4682,944.8536010439028,219.3311739697773,940.1,261.8
1595,4683,944.8536010439028,219.3311739697773,940.1,261.8
1596,4684,944.8536010439028,219.3311739697773,940.1,261.8
1597,4685,944.8536010439028,219.3311739697773,940.1,261.8
1598,4686,944.8536010439028,219.3311739697773,940.1,261.8
1599,4687,944.8536010439028,219.3311739697773,940.1,261.8
1600,4688,944.8536010439028,219.3311739697773,940.1,261.8
1601,4689,944.8536010439028,219.3311739697773,940.1,261.8
1602,4690,944.8536010439028,219.3311739697773,940.1,261.8
1603,4691,944.8536010439028,219.3311739697773,940.1,261.8
1604,4692,944.8536010439028,219.3311739697773,940.1,261.8
1605,4693,944.8536010439028,219.3311739697773,940.1,261.8
1606,4694,944.8536010439028,219.3311739697773,940.1,261.8
1607,4695,944.8536010439028,219.3311739697773,940.1,261.8
1608,4696,944.8536010439028,219.3311739697773,940.1,261.8
1609,4697,944.8536010439028,219.3311739697773,940.1,261.8
1610,4698,944.8536010439028,219.3311739697773,940.1,261.8
1611,4699,944.8536010439028,219.3311739697773,940.1,261.8
1612,4700,944.8536010439028,219.3311739697773,940.1,261.8
1613,4701,944.8536010439028,219.3311739697773,940.1,261.8
1614,4702,944.8536010439028,219.3311739697773,940.1,261.8
1615,4703,944.8536010439028,219.3311739697773,940.1,261.8
1616,4704,944.8536010439028,219.3311739697773,940.1,261.8
1617,4705,944.8536010439028,219.3311739697773,940.1,261.8
1618,4706,944.8536010439028,219.3311739697773,940.1,261.8
1619,4707,944.8536010439028,219.3311739697773,940.1,261.8
1620,4708,944.8536010439028,219.3311739697773,940.1,261.8
1621,4709,944.8536010439028,219.3311739697773,940.1,261.8
1622,4710,944.8536010439028,219.3311739697773,940.1,261.8
1623,4711,944.8536010439028,219.3311739697773,940.1,261.8
1624,4712,944.8536010439028,219.3311739697773,940.1,261.8
1625,4713,944.8536010439028,219.3311739697773,940.1,261.8
1626,4714,944.8536010439028,219.3311739697773,940.1,261.8
1627,4715,944.8536010439028,219.3311739697773,940.1,261.8
1628,4716,944.8536010439028,219.3311739697773,940.1,261.8
1629,4717,944.8536010439028,219.3311739697773,940.1,261.8
1630,4718,944.8536010439028,219.3311739697773,940.1,261.8
1631,4719,944.8536010439028,219.3311739697773,940.1,261.8
1632,4720,944.8536010439028,219.3311739697773,940.1,261.8
1633,4721,944.8536010439028,219.3311739697773,940.1,261.8
1634,4722,944.8536010439028,219.3311739697773,940.1,261.8
1635,4723,944.8536010439028,219.3311739697773,940.1,261.8
1636,4724,944.8536010439028,219.3311739697773,940.1,261.8
1637,4725,944.8536010439028,219.3311739697773,940.1,261.8
1638,4726,944.8536010439028,219.3311739697773,940.1,261.8
1639,4727,944.8536010439028,219.3311739697773,940.1,261.8
1640,4728,944.8536010439028,219.3311739697773,940.1,261.8
1641,4729,944.8536010439028,219.3311739697773,940.1,261.8
1642,4730,944.8536010439028,219.3311739697773,940.1,261.8
1643,4731,944.8536010439028,219.3311739697773,940.1,261.8
1644,4732,944.8536010439028,219.3311739697773,940.1,261.8
1645,4733,944.8536010439028,219.3311739697773,940.1,261.8
1646,4734,944.8536010439028,219.3311739697773,940.1,261.8
1647,4735,944.8536010439028,219.3311739697773,940.1,261.8
1648,4736,944.8536010439028,219.3311739697773,940.1,261.8
1649,4737,944.8536010439028,219.3311739697773,940.1,261.8
1650,4738,944.8536010439028,219.3311739697773,940.1,261.8
1651,4739,944.8536010439028,219.3311739697773,940.1,261.8
1652,4740,944.8536010439028,219.3311739697773,940.1,261.8
1653,4741,944.8536010439028,219.3311739697773,940.1,261.8
1654,4742,944.8536010439028,219.3311739697773,940.1,261.8
1655,4743,944.8536010439028,219.3311739697773,940.1,261.8
1656,4744,944.8536010439028,219.3311739697773,940.1,261.8
1657,4745,944.8536010439028,219.3311739697773,940.1,261.8
1658,4746,944.8536010439028,219.3311739697773,940.1,261.8
1659,4747,944.8536010439028,219.3311739697773,940.1,261.8
1660,4748,944.8536010439028,219.3311739697773,940.1,261.8
1661,4749,944.8536010439028,219.3311739697773,940.1,261.8
1662,4750,944.8536010439028,219.3311739697773,940.1,261.8
1663,4751,944.8536010439028,219.3311739697773,940.1,261.8
1664,4752,944.8536010439028,219.3311739697773,940.1,261.8
1665,4753,944.8536010439028,219.3311739697773,940.1,261.8
1666,4754,944.8536010439028,219.3311739697773,940.1,261.8
1667,4755,944.8536010439028,219.3311739697773,940.1,261.8
1668,4756,944.8536010439028,219.3311739697773,940.1,261.8
1669,4757,944.8536010439028,219.3311739697773,940.1,261.8
1670,4758,944.8536010439028,219.3311739697773,940.1,261.8
1671,4759,944.8536010439028,219.3311739697773,940.1,261.8
1672,4760,944.8536010439028,219.3311739697773,940.1,261.8
1673,4761,944.8536010439028,219.3311739697773,940.1,261.8
1674,4762,944.8536010439028,219.3311739697773,940.1,261.8
1675,4763,944.8536010439028,219.3311739697773,940.1,261.8
1676,4764,944.8536010439028,219.3311739697773,940.1,261.8
1677,4765,944.8536010439028,219.3311739697773,940.1,261.8
1678,4766,944.8536010439028,219.3311739697773,940.1,261.8
1679,4767,944.8536010439028,219.3311739697773,940.1,261.8
1680,4768,944.8536010439028,219.3311739697773,940.1,261.8
1681,4769,944.8536010439028,219.3311739697773,940.1,261.8
1682,4770,944.8536010439028,219.3311739697773,940.1,261.8
1683,4771,944.8536010439028,219.3311739697773,940.1,261.8
1684,4772,944.8536010439028,219.3311739697773,940.1,261.8
1685,4773,944.8536010439028,219.3311739697773,940.1,261.8
1686,4774,944.8536010439028,219.3311739697773,940.1,261.8
1687,4775,944.8536010439028,219.3311739697773,940.1,261.8
1688,4776,944.8536010439028,219.3311739697773,940.1,261.8
1689,4777,944.8536010439028,219.3311739697773,940.1,261.8
1690,4778,944.8536010439028,219.3311739697773,940.1,261.8
1691,4779,781.8536010439028,401.3311739697773,940.1,261.8
1692,4780,781.8536010439028,401.3311739697773,940.1,261.8
1693,4781,781.8536010439028,401.3311739697773,940.1,261.8
1694,4782,781.8536010439028,401.3311739697773,940.1,261.8
1695,4783,781.8536010439028,401.3311739697773,940.1,261.8
1696,4784,781.8536010439028,401.3311739697773,940.1,261.8
1697,4785,781.8536010439028,401.3311739697773,940.1,261.8
1698,4786,781.8536010439028,401.3311739697773,940.1,261.8
1699,4787,781.8536010439028,401.3311739697773,940.1,261.8
1700,4788,781.8536010439028,401.3311739697773,940.1,261.8
1701,4789,781.8536010439028,401.3311739697773,940.1,261.8
1702,4790,781.8536010439028,401.3311739697773,940.1,261.8
1703,4791,781.8536010439028,401.3311739697773,940.1,261.8
1704,4792,781.8536010439028,401.3311739697773,940.1,261.8
1705,4793,781.8536010439028,401.3311739697773,940.1,261.8
1706,4794,781.8536010439028,401.3311739697773,940.1,261.8
1707,4795,781.8536010439028,401.3311739697773,940.1,261.8
1708,4796,781.8536010439028,401.3311739697773,940.1,261.8
1709,4797,781.8536010439028,401.3311739697773,940.1,261.8
1710,4798,781.8536010439028,401.3311739697773,940.1,261.8
1711,4799,781.8536010439028,401.3311739697773,940.1,261.8
1712,4800,781.8536010439028,401.3311739697773,940.1,261.8
1713,4801,781.8536010439028,401.3311739697773,940.1,261.8
1714,4802,781.8536010439028,401.3311739697773,940.1,261.8
1715,4803,781.8536010439028,401.3311739697773,940.1,261.8
1716,4804,619.8536010439028,584.3311739697773,940.1,261.8
1717,4805,619.8536010439028,584.3311739697773,940.1,261.8
1718,4806,619.8536010439028,584.3311739697773,940.1,261.8
1719,4807,619.8536010439028,584.3311739697773,940.1,261.8
1720,4808,619.8536010439028,584.3311739697773,940.1,261.8
1721,4809,619.8536010439028,584.3311739697773,940.1,261.8
1722,4810,619.8536010439028,584.3311739697773,940.1,261.8
1723,4811,619.8536010439028,584.3311739697773,940.1,261.8
1724,4812,619.8536010439028,584.3311739697773,940.1,261.8
1725,4813,619.8536010439028,584.3311739697773,940.1,261.8
1726,4814,619.8536010439028,584.3311739697773,940.1,261.8
1727,4815,619.8536010439028,584.3311739697773,940.1,261.8
1728,4816,619.8536010439028,584.3311739697773,940.1,261.8
1729,4817,619.8536010439028,584.3311739697773,940.1,261.8
1730,4818,619.8536010439028,584.3311739697773,940.1,261.8
1731,4819,619.8536010439028,584.3311739697773,940.1,261.8
1732,4820,619.8536010439028,584.3311739697773,940.1,261.8
1733,4821,619.8536010439028,584.3311739697773,940.1,261.8
1734,4822,619.8536010439028,584.3311739697773,940.1,261.8
1735,4823,619.8536010439028,584.3311739697773,940.1,261.8
1736,4824,619.8536010439028,584.3311739697773,940.1,261.8
1737,4825,619.8536010439028,584.3311739697773,940.1,261.8
1738,4826,619.8536010439028,584.3311739697773,940.1,261.8
1739,4827,619.8536010439028,584.3311739697773,940.1,261.8
1740,4828,619.8536010439028,584.3311739697773,940.1,261.8
1741,4829,619.8536010439028,584.3311739697773,940.1,261.8
1742,4830,619.8536010439028,584.3311739697773,940.1,261.8
1743,4831,619.8536010439028,584.3311739697773,940.1,261.8
1744,4832,619.8536010439028,584.3311739697773,940.1,261.8
1745,4833,619.8536010439028,584.3311739697773,940.1,261.8
1746,4834,619.8536010439028,584.3311739697773,940.1,261.8
1747,4835,619.8536010439028,584.3311739697773,940.1,261.8
1748,4836,619.8536010439028,584.3311739697773,940.1,261.8
1749,4837,619.8536010439028,584.3311739697773,940.1,261.8
1750,4838,619.8536010439028,584.3311739697773,940.1,261.8
1751,4839,619.8536010439028,584.3311739697773,940.1,261.8
1752,4840,619.8536010439028,584.3311739697773,940.1,261.8
1753,4841,619.8536010439028,584.3311739697773,940.1,261.8
1754,4842,619.8536010439028,584.3311739697773,940.1,261.8
1755,4843,619.8536010439028,584.3311739697773,940.1,261.8
1756,4844,619.8536010439028,584.3311739697773,940.1,261.8
1757,4845,619.8536010439028,584.3311739697773,940.1,261.8
1758,4846,619.8536010439028,584.3311739697773,940.1,261.8
1759,4847,619.8536010439028,584.3311739697773,940.1,261.8
1760,4848,619.8536010439028,584.3311739697773,940.1,261.8
1761,4849,619.8536010439028,584.3311739697773,940.1,261.8
1762,4850,619.8536010439028,584.3311739697773,940.1,261.8
1763,4851,619.8536010439028,584.3311739697773,940.1,261.8
1764,4852,619.8536010439028,584.3311739697773,940.1,261.8
1765,4853,619.8536010439028,584.3311739697773,940.1,261.8
1766,4854,619.8536010439028,584.3311739697773,940.1,261.8
1767,4855,619.8536010439028,584.3311739697773,940.1,261.8
1768,4856,619.8536010439028,584.3311739697773,940.1,261.8
1769,4857,619.8536010439028,584.3311739697773,940.1,261.8
1770,4858,619.8536010439028,584.3311739697773,940.1,261.8
1771,4859,619.8536010439028,584.3311739697773,940.1,261.8
1772,4860,619.8536010439028,584.3311739697773,940.1,261.8
1773,4861,619.8536010439028,584.3311739697773,940.1,261.8
1774,4862,619.8536010439028,584.3311739697773,940.1,261.8
1775,4863,619.8536010439028,584.3311739697773,940.1,261.8
1776,4864,619.8536010439028,584.3311739697773,940.1,261.8
1777,4865,619.8536010439028,584.3311739697773,940.1,261.8
1778,4866,619.8536010439028,584.3311739697773,940.1,261.8
1779,4867,619.8536010439028,584.3311739697773,940.1,261.8
1780,4868,619.8536010439028,584.3311739697773,940.1,261.8
1781,4869,619.8536010439028,584.3311739697773,940.1,261.8
1782,4870,619.8536010439028,584.3311739697773,940.1,261.8
1783,4871,619.8536010439028,584.3311739697773,940.1,261.8
1784,4872,619.8536010439028,584.3311739697773,940.1,261.8
1785,4873,619.8536010439028,584.3311739697773,940.1,261.8
1786,4874,619.8536010439028,584.3311739697773,940.1,261.8
1787,4875,619.8536010439028,584.3311739697773,940.1,261.8
1788,4876,619.8536010439028,584.3311739697773,940.1,261.8
1789,4877,619.8536010439028,584.3311739697773,940.1,261.8
1790,4878,619.8536010439028,584.3311739697773,940.1,261.8
1791,4879,619.8536010439028,584.3311739697773,940.1,261.8
1792,4880,619.8536010439028,584.3311739697773,940.1,261.8
1793,4881,619.8536010439028,584.3311739697773,940.1,261.8
1794,4882,619.8536010439028,584.3311739697773,940.1,261.8
1795,4883,619.8536010439028,584.3311739697773,940.1,261.8
1796,4884,619.8536010439028,584.3311739697773,940.1,261.8
1797,4885,619.8536010439028,584.3311739697773,940.1,261.8
1798,4886,619.8536010439028,584.3311739697773,940.1,261.8
1799,4887,619.8536010439028,584.3311739697773,940.1,261.8
1800,4888,619.8536010439028,584.3311739697773,940.1,261.8
1801,4889,619.8536010439028,584.3311739697773,940.1,261.8
1802,4890,619.8536010439028,584.3311739697773,928.9680000000001,276.112
1803,4891,619.8536010439028,584.3311739697773,917.836,290.42400000000004
1804,4892,619.8536010439028,584.3311739697773,906.7040000000001,304.736
1805,4893,619.8536010439028,584.3311739697773,895.572,319.048
1806,4894,619.8536010439028,584.3311739697773,884.44,333.36
1807,4895,619.8536010439028,584.3311739697773,873.308,347.672
1808,4896,619.8536010439028,584.3311739697773,862.176,361.98400000000004
1809,4897,619.8536010439028,584.3311739697773,851.044,376.29600000000005
1810,4898,619.8536010439028,584.3311739697773,839.912,390.60800000000006
1811,4899,619.8536010439028,584.3311739697773,828.78,404.92
1812,4900,619.8536010439028,584.3311739697773,817.648,419.232
1813,4901,619.8536010439028,584.3311739697773,806.516,433.54400000000004
1814,4902,619.8536010439028,584.3311739697773,795.384,447.856
1815,4903,619.8536010439028,584.3311739697773,784.252,462.168
1816,4904,659.8536010439028,628.3311739697773,773.12,476.48
1817,4905,659.8536010439028,628.3311739697773,761.9879999999999,490.79200000000003
1818,4906,659.8536010439028,628.3311739697773,750.856,505.10400000000004
1819,4907,659.8536010439028,628.3311739697773,739.7239999999999,519.416
1820,4908,659.8536010439028,628.3311739697773,728.592,533.7280000000001
1821,4909,659.8536010439028,628.3311739697773,717.4599999999999,548.04
1822,4910,659.8536010439028,628.3311739697773,706.328,562.3520000000001
1823,4911,659.8536010439028,628.3311739697773,695.1959999999999,576.664
1824,4912,659.8536010439028,628.3311739697773,684.064,590.9760000000001
1825,4913,659.8536010439028,628.3311739697773,672.932,605.288
1826,4914,659.8536010439028,628.3311739697773,661.8,619.6
1827,4915,659.8536010439028,628.3311739697773,661.8,619.6
1828,4916,659.8536010439028,628.3311739697773,661.8,619.6
1829,4917,659.8536010439028,628.3311739697773,661.8,619.6
1830,4918,659.8536010439028,628.3311739697773,661.8,619.6
1831,4919,659.8536010439028,628.3311739697773,661.8,619.6
1832,4920,659.8536010439028,628.3311739697773,661.8,619.6
1833,4921,659.8536010439028,628.3311739697773,661.8,619.6
1834,4922,659.8536010439028,628.3311739697773,661.8,619.6
1835,4923,659.8536010439028,628.3311739697773,661.8,619.6
1836,4924,659.8536010439028,628.3311739697773,661.8,619.6
1837,4925,659.8536010439028,628.3311739697773,661.8,619.6
1838,4926,659.8536010439028,628.3311739697773,661.8,619.6
1839,4927,659.8536010439028,628.3311739697773,661.8,619.6
1840,4928,659.8536010439028,628.3311739697773,661.8,619.6
1841,4929,659.8536010439028,628.3311739697773,661.8,619.6
1842,4930,659.8536010439028,628.3311739697773,661.8,619.6
1843,4931,659.8536010439028,628.3311739697773,661.8,619.6
1844,4932,659.8536010439028,628.3311739697773,661.8,619.6
1845,4933,659.8536010439028,628.3311739697773,661.8,619.6
1846,4934,659.8536010439028,628.3311739697773,661.8,619.6
1847,4935,659.8536010439028,628.3311739697773,661.8,619.6
1848,4936,659.8536010439028,628.3311739697773,661.8,619.6
1849,4937,659.8536010439028,628.3311739697773,661.8,619.6
1850,4938,659.8536010439028,628.3311739697773,661.8,619.6
1851,4939,659.8536010439028,628.3311739697773,661.8,619.6
1852,4940,659.8536010439028,628.3311739697773,661.8,619.6
1853,4941,659.8536010439028,628.3311739697773,661.8,619.6
1854,4942,659.8536010439028,628.3311739697773,661.8,619.6
1855,4943,659.8536010439028,628.3311739697773,661.8,619.6
1856,4944,659.8536010439028,628.3311739697773,661.8,619.6
1857,4945,659.8536010439028,628.3311739697773,661.8,619.6
1858,4946,659.8536010439028,628.3311739697773,661.8,619.6
1859,4947,659.8536010439028,628.3311739697773,661.8,619.6
1860,4948,659.8536010439028,628.3311739697773,661.8,619.6
1861,4949,659.8536010439028,628.3311739697773,661.8,619.6
1862,4950,659.8536010439028,628.3311739697773,661.8,619.6
1863,4951,659.8536010439028,628.3311739697773,661.8,619.6
1864,4952,659.8536010439028,628.3311739697773,661.8,619.6
1865,4953,659.8536010439028,628.3311739697773,661.8,619.6
1866,4954,659.8536010439028,628.3311739697773,661.8,619.6
1867,4955,659.8536010439028,628.3311739697773,661.8,619.6
1868,4956,659.8536010439028,628.3311739697773,661.8,619.6
1869,4957,659.8536010439028,628.3311739697773,661.8,619.6
1870,4958,659.8536010439028,628.3311739697773,661.8,619.6
1871,4959,659.8536010439028,628.3311739697773,661.8,619.6
1872,4960,659.8536010439028,628.3311739697773,661.8,619.6
1873,4961,659.8536010439028,628.3311739697773,661.8,619.6
1874,4962,659.8536010439028,628.3311739697773,661.8,619.6
1875,4963,659.8536010439028,628.3311739697773,661.8,619.6
1876,4964,659.8536010439028,628.3311739697773,661.8,619.6
1877,4965,659.8536010439028,628.3311739697773,661.8,619.6
1878,4966,659.8536010439028,628.3311739697773,661.8,619.6
1879,4967,659.8536010439028,628.3311739697773,661.8,619.6
1880,4968,659.8536010439028,628.3311739697773,661.8,619.6
1881,4969,659.8536010439028,628.3311739697773,661.8,619.6
1882,4970,659.8536010439028,628.3311739697773,661.8,619.6
1883,4971,659.8536010439028,628.3311739697773,661.8,619.6
1884,4972,659.8536010439028,628.3311739697773,661.8,619.6
1885,4973,659.8536010439028,628.3311739697773,661.8,619.6
1886,4974,659.8536010439028,628.3311739697773,661.8,619.6
1887,4975,659.8536010439028,628.3311739697773,661.8,619.6
1888,4976,659.8536010439028,628.3311739697773,661.8,619.6
1889,4977,659.8536010439028,628.3311739697773,661.8,619.6
1890,4978,659.8536010439028,628.3311739697773,661.8,619.6
1891,4979,659.8536010439028,628.3311739697773,661.8,619.6
1892,4980,659.8536010439028,628.3311739697773,661.8,619.6
1893,4981,659.8536010439028,628.3311739697773,661.8,619.6
1894,4982,659.8536010439028,628.3311739697773,661.8,619.6
1895,4983,659.8536010439028,628.3311739697773,661.8,619.6
1896,4984,659.8536010439028,628.3311739697773,661.8,619.6
1897,4985,659.8536010439028,628.3311739697773,661.8,619.6
1898,4986,659.8536010439028,628.3311739697773,661.8,619.6
1899,4987,659.8536010439028,628.3311739697773,661.8,619.6
1900,4988,659.8536010439028,628.3311739697773,661.8,619.6
1901,4989,659.8536010439028,628.3311739697773,661.8,619.6
1902,4990,659.8536010439028,628.3311739697773,661.8,619.6
1903,4991,659.8536010439028,628.3311739697773,661.8,619.6
1904,4992,659.8536010439028,628.3311739697773,661.8,619.6
1905,4993,659.8536010439028,628.3311739697773,661.8,619.6
1906,4994,659.8536010439028,628.3311739697773,661.8,619.6
1907,4995,659.8536010439028,628.3311739697773,661.8,619.6
1908,4996,659.8536010439028,628.3311739697773,661.8,619.6
1909,4997,659.8536010439028,628.3311739697773,661.8,619.6
1910,4998,659.8536010439028,628.3311739697773,661.8,619.6
1911,4999,659.8536010439028,628.3311739697773,661.8,619.6
1912,5000,659.8536010439028,628.3311739697773,661.8,619.6
1913,5001,659.8536010439028,628.3311739697773,661.8,619.6
1914,5002,659.8536010439028,628.3311739697773,661.8,619.6
1915,5003,659.8536010439028,628.3311739697773,661.8,619.6
1916,5004,920.8536010439028,230.3311739697773,661.8,619.6
1917,5005,920.8536010439028,230.3311739697773,661.8,619.6
1918,5006,920.8536010439028,230.3311739697773,661.8,619.6
1919,5007,920.8536010439028,230.3311739697773,661.8,619.6
1920,5008,920.8536010439028,230.3311739697773,661.8,619.6
1921,5009,920.8536010439028,230.3311739697773,661.8,619.6
1922,5010,920.8536010439028,230.3311739697773,661.8,619.6
1923,5011,920.8536010439028,230.3311739697773,661.8,619.6
1924,5012,920.8536010439028,230.3311739697773,661.8,619.6
1925,5013,920.8536010439028,230.3311739697773,661.8,619.6
1926,5014,920.8536010439028,230.3311739697773,661.8,619.6
1927,5015,920.8536010439028,230.3311739697773,661.8,619.6
1928,5016,920.8536010439028,230.3311739697773,661.8,619.6
1929,5017,920.8536010439028,230.3311739697773,661.8,619.6
1930,5018,920.8536010439028,230.3311739697773,661.8,619.6
1931,5019,920.8536010439028,230.3311739697773,661.8,619.6
1932,5020,920.8536010439028,230.3311739697773,661.8,619.6
1933,5021,920.8536010439028,230.3311739697773,661.8,619.6
1934,5022,920.8536010439028,230.3311739697773,661.8,619.6
1935,5023,920.8536010439028,230.3311739697773,661.8,619.6
1936,5024,920.8536010439028,230.3311739697773,661.8,619.6
1937,5025,920.8536010439028,230.3311739697773,661.8,619.6
1938,5026,920.8536010439028,230.3311739697773,661.8,619.6
1939,5027,920.8536010439028,230.3311739697773,661.8,619.6
1940,5028,920.8536010439028,230.3311739697773,661.8,619.6
1941,5029,920.8536010439028,230.3311739697773,661.8,619.6
1942,5030,920.8536010439028,230.3311739697773,661.8,619.6
1943,5031,920.8536010439028,230.3311739697773,661.8,619.6
1944,5032,920.8536010439028,230.3311739697773,661.8,619.6
1945,5033,920.8536010439028,230.3311739697773,661.8,619.6
1946,5034,920.8536010439028,230.3311739697773,661.8,619.6
1947,5035,920.8536010439028,230.3311739697773,661.8,619.6
1948,5036,920.8536010439028,230.3311739697773,661.8,619.6
1949,5037,920.8536010439028,230.3311739697773,661.8,619.6
1950,5038,920.8536010439028,230.3311739697773,661.8,619.6
1951,5039,920.8536010439028,230.3311739697773,661.8,619.6
1952,5040,920.8536010439028,230.3311739697773,661.8,619.6
1953,5041,920.8536010439028,230.3311739697773,661.8,619.6
1954,5042,920.8536010439028,230.3311739697773,661.8,619.6
1955,5043,920.8536010439028,230.3311739697773,661.8,619.6
1956,5044,920.8536010439028,230.3311739697773,661.8,619.6
1957,5045,920.8536010439028,230.3311739697773,661.8,619.6
1958,5046,920.8536010439028,230.3311739697773,661.8,619.6
1959,5047,920.8536010439028,230.3311739697773,661.8,619.6
1960,5048,920.8536010439028,230.3311739697773,661.8,619.6
1961,5049,920.8536010439028,230.3311739697773,661.8,619.6
1962,5050,920.8536010439028,230.3311739697773,661.8,619.6
1963,5051,920.8536010439028,230.3311739697773,661.8,619.6
1964,5052,920.8536010439028,230.3311739697773,661.8,619.6
1965,5053,920.8536010439028,230.3311739697773,661.8,619.6
1966,5054,920.8536010439028,230.3311739697773,661.8,619.6
1967,5055,920.8536010439028,230.3311739697773,661.25,625.4833333333333
1968,5056,920.8536010439028,230.3311739697773,660.6999999999999,631.3666666666667
1969,5057,920.8536010439028,230.3311739697773,660.15,637.25
1970,5058,920.8536010439028,230.3311739697773,659.6,643.1333333333333
1971,5059,920.8536010439028,230.3311739697773,659.05,649.0166666666667
1972,5060,920.8536010439028,230.3311739697773,658.5,654.9
1973,5061,920.8536010439028,230.3311739697773,658.5,654.9
1974,5062,920.8536010439028,230.3311739697773,658.5,654.9
1975,5063,920.8536010439028,230.3311739697773,658.5,654.9
1976,5064,920.8536010439028,230.3311739697773,658.5,654.9
1977,5065,920.8536010439028,230.3311739697773,658.5,654.9
1978,5066,920.8536010439028,230.3311739697773,658.5,654.9
1979,5067,920.8536010439028,230.3311739697773,658.5,654.9
1980,5068,920.8536010439028,230.3311739697773,658.5,654.9
1981,5069,920.8536010439028,230.3311739697773,658.5,654.9
1982,5070,920.8536010439028,230.3311739697773,658.5,654.9
1983,5071,920.8536010439028,230.3311739697773,658.5,654.9
1984,5072,920.8536010439028,230.3311739697773,658.5,654.9
1985,5073,920.8536010439028,230.3311739697773,658.5,654.9
1986,5074,920.8536010439028,230.3311739697773,658.5,654.9
1987,5075,920.8536010439028,230.3311739697773,658.5,654.9
1988,5076,920.8536010439028,230.3311739697773,658.5,654.9
1989,5077,920.8536010439028,230.3311739697773,658.5,654.9
1990,5078,920.8536010439028,230.3311739697773,658.5,654.9
1991,5079,920.8536010439028,230.3311739697773,658.5,654.9
1992,5080,920.8536010439028,230.3311739697773,658.5,654.9
1993,5081,920.8536010439028,230.3311739697773,658.5,654.9
1994,5082,920.8536010439028,230.3311739697773,658.5,654.9
1995,5083,920.8536010439028,230.3311739697773,658.5,654.9
1996,5084,920.8536010439028,230.3311739697773,658.5,654.9
1997,5085,920.8536010439028,230.3311739697773,658.5,654.9
1998,5086,920.8536010439028,230.3311739697773,658.5,654.9
1999,5087,920.8536010439028,230.3311739697773,658.5,654.9
2000,5088,920.8536010439028,230.3311739697773,658.5,654.9
2001,5089,920.8536010439028,230.3311739697773,658.5,654.9
2002,5090,920.8536010439028,230.3311739697773,658.5,654.9
2003,5091,920.8536010439028,230.3311739697773,658.5,654.9
2004,5092,920.8536010439028,230.3311739697773,658.5,654.9
2005,5093,920.8536010439028,230.3311739697773,658.5,654.9
2006,5094,920.8536010439028,230.3311739697773,658.5,654.9
2007,5095,920.8536010439028,230.3311739697773,658.5,654.9
2008,5096,920.8536010439028,230.3311739697773,658.5,654.9
2009,5097,920.8536010439028,230.3311739697773,658.5,654.9
2010,5098,920.8536010439028,230.3311739697773,658.5,654.9
2011,5099,920.8536010439028,230.3311739697773,658.5,654.9
2012,5100,920.8536010439028,230.3311739697773,658.5,654.9
2013,5101,920.8536010439028,230.3311739697773,658.5,654.9
2014,5102,920.8536010439028,230.3311739697773,658.5,654.9
2015,5103,920.8536010439028,230.3311739697773,658.5,654.9
2016,5104,920.8536010439028,230.3311739697773,658.5,654.9
2017,5105,920.8536010439028,230.3311739697773,658.5,654.9
2018,5106,920.8536010439028,230.3311739697773,658.5,654.9
2019,5107,920.8536010439028,230.3311739697773,658.5,654.9
2020,5108,920.8536010439028,230.3311739697773,658.5,654.9
2021,5109,920.8536010439028,230.3311739697773,658.5,654.9
2022,5110,920.8536010439028,230.3311739697773,658.5,654.9
2023,5111,920.8536010439028,230.3311739697773,658.5,654.9
2024,5112,920.8536010439028,230.3311739697773,658.5,654.9
2025,5113,920.8536010439028,230.3311739697773,658.5,654.9
2026,5114,920.8536010439028,230.3311739697773,658.5,654.9
2027,5115,920.8536010439028,230.3311739697773,658.5,654.9
2028,5116,920.8536010439028,230.3311739697773,658.5,654.9
2029,5117,920.8536010439028,230.3311739697773,658.5,654.9
2030,5118,920.8536010439028,230.3311739697773,658.5,654.9
2031,5118,920.8536010439028,230.3311739697773,658.5,654.9
2032,5118,920.8536010439028,230.3311739697773,658.5,654.9
2033,5118,920.8536010439028,230.3311739697773,658.5,654.9
2034,5118,920.8536010439028,230.3311739697773,658.5,654.9
2035,5118,920.8536010439028,230.3311739697773,658.5,654.9
2036,5118,920.8536010439028,230.3311739697773,658.5,654.9
2037,5118,920.8536010439028,230.3311739697773,658.5,654.9
2038,5118,920.8536010439028,230.3311739697773,658.5,654.9
2039,5118,920.8536010439028,230.3311739697773,658.5,654.9
2040,5118,920.8536010439028,230.3311739697773,658.5,654.9
2041,5118,920.8536010439028,230.3311739697773,658.5,654.9
2042,5118,920.8536010439028,230.3311739697773,658.5,654.9
2043,5118,920.8536010439028,230.3311739697773,658.5,654.9
2044,5118,920.8536010439028,230.3311739697773,658.5,654.9
2045,5118,920.8536010439028,230.3311739697773,658.5,654.9
2046,5118,920.8536010439028,230.3311739697773,658.5,654.9
2047,5118,920.8536010439028,230.3311739697773,658.5,654.9
2048,5118,920.8536010439028,230.3311739697773,658.5,654.9
2049,5118,920.8536010439028,230.3311739697773,658.5,654.9
2050,5118,920.8536010439028,230.3311739697773,658.5,654.9
2051,5118,920.8536010439028,230.3311739697773,658.5,654.9
2052,5118,920.8536010439028,230.3311739697773,658.5,654.9
2053,5118,920.8536010439028,230.3311739697773,658.5,654.9
2054,5118,920.8536010439028,230.3311739697773,658.5,654.9
2055,5118,920.8536010439028,230.3311739697773,658.5,654.9
2056,5118,920.8536010439028,230.3311739697773,658.5,654.9
2057,5118,920.8536010439028,230.3311739697773,658.5,654.9
2058,5118,920.8536010439028,230.3311739697773,658.5,654.9
2059,5118,920.8536010439028,230.3311739697773,658.5,654.9
2060,5118,920.8536010439028,230.3311739697773,658.5,654.9
2061,5118,920.8536010439028,230.3311739697773,658.5,654.9
2062,5118,920.8536010439028,230.3311739697773,658.5,654.9
2063,5118,920.8536010439028,230.3311739697773,658.5,654.9
2064,5118,920.8536010439028,230.3311739697773,658.5,654.9
2065,5118,920.8536010439028,230.3311739697773,658.5,654.9
2066,5118,920.8536010439028,230.3311739697773,658.5,654.9
2067,5118,920.8536010439028,230.3311739697773,658.5,654.9
2068,5118,920.8536010439028,230.3311739697773,658.5,654.9
2069,5118,920.8536010439028,230.3311739697773,658.5,654.9
2070,5118,920.8536010439028,230.3311739697773,658.5,654.9
2071,5118,920.8536010439028,230.3311739697773,658.5,654.9
2072,5118,920.8536010439028,230.3311739697773,658.5,654.9
2073,5118,920.8536010439028,230.3311739697773,658.5,654.9
2074,5118,920.8536010439028,230.3311739697773,658.5,654.9
2075,5118,920.8536010439028,230.3311739697773,658.5,654.9
2076,5118,920.8536010439028,230.3311739697773,658.5,654.9
2077,5118,920.8536010439028,230.3311739697773,658.5,654.9
2078,5118,920.8536010439028,230.3311739697773,658.5,654.9
2079,5118,920.8536010439028,230.3311739697773,658.5,654.9
2080,5118,920.8536010439028,230.3311739697773,658.5,654.9
2081,5118,920.8536010439028,230.3311739697773,658.5,654.9
2082,5118,920.8536010439028,230.3311739697773,658.5,654.9
2083,5118,920.8536010439028,230.3311739697773,658.5,654.9
2084,5118,920.8536010439028,230.3311739697773,658.5,654.9
2085,5118,920.8536010439028,230.3311739697773,658.5,654.9
2086,5118,920.8536010439028,230.3311739697773,658.5,654.9
2087,5118,920.8536010439028,230.3311739697773,658.5,654.9
2088,5118,920.8536010439028,230.3311739697773,658.5,654.9
2089,5118,920.8536010439028,230.3311739697773,658.5,654.9
2090,5118,920.8536010439028,230.3311739697773,658.5,654.9
2091,5118,920.8536010439028,230.3311739697773,658.5,654.9
2092,5118,920.8536010439028,230.3311739697773,658.5,654.9
2093,5118,920.8536010439028,230.3311739697773,658.5,654.9
2094,5118,920.8536010439028,230.3311739697773,658.5,654.9
2095,5118,920.8536010439028,230.3311739697773,658.5,654.9
2096,5118,920.8536010439028,230.3311739697773,658.5,654.9
2097,5118,920.8536010439028,230.3311739697773,658.5,654.9
2098,5118,920.8536010439028,230.3311739697773,658.5,654.9
2099,5118,920.8536010439028,230.3311739697773,658.5,654.9
2100,5118,920.8536010439028,230.3311739697773,675.3772727272727,646.8363636363636
2101,5118,920.8536010439028,230.3311739697773,692.2545454545455,638.7727272727273
2102,5118,920.8536010439028,230.3311739697773,709.1318181818182,630.709090909091
2103,5118,920.8536010439028,230.3311739697773,726.0090909090909,622.6454545454545
2104,5118,920.8536010439028,230.3311739697773,742.8863636363636,614.5818181818181
2105,5118,920.8536010439028,230.3311739697773,759.7636363636364,606.5181818181818
2106,5118,920.8536010439028,230.3311739697773,776.6409090909091,598.4545454545455
2107,5118,920.8536010439028,230.3311739697773,793.5181818181818,590.3909090909091
2108,5118,920.8536010439028,230.3311739697773,810.3954545454545,582.3272727272727
2109,5118,920.8536010439028,230.3311739697773,827.2727272727273,574.2636363636364
2110,5118,920.8536010439028,230.3311739697773,844.15,566.2
2111,5118,920.8536010439028,230.3311739697773,861.0272727272727,558.1363636363636
2112,5118,920.8536010439028,230.3311739697773,877.9045454545454,550.0727272727272
2113,5118,920.8536010439028,230.3311739697773,894.7818181818182,542.0090909090909
2114,5118,920.8536010439028,230.3311739697773,911.6590909090909,533.9454545454546
2115,5118,920.8536010439028,230.3311739697773,928.5363636363636,525.8818181818182
2116,5118,920.8536010439028,230.3311739697773,945.4136363636363,517.8181818181818
2117,5118,920.8536010439028,230.3311739697773,962.290909090909,509.75454545454545
2118,5118,920.8536010439028,230.3311739697773,979.1681818181818,501.6909090909091
2119,5118,920.8536010439028,230.3311739697773,996.0454545454545,493.6272727272727
2120,5118,920.8536010439028,230.3311739697773,1012.9227272727272,485.56363636363636
2121,5118,920.8536010439028,230.3311739697773,1029.8,477.5
2122,5118,920.8536010439028,230.3311739697773,1029.8,477.5
2123,5118,920.8536010439028,230.3311739697773,1029.8,477.5
2124,5118,920.8536010439028,230.3311739697773,1029.8,477.5
2125,5118,920.8536010439028,230.3311739697773,1029.8,477.5
2126,5118,920.8536010439028,230.3311739697773,1029.8,477.5
2127,5118,920.8536010439028,230.3311739697773,1029.8,477.5
2128,5118,920.8536010439028,230.3311739697773,1029.8,477.5
2129,5118,920.8536010439028,230.3311739697773,1029.8,477.5
2130,5118,920.8536010439028,230.3311739697773,1029.8,477.5
2131,5118,920.8536010439028,230.3311739697773,1029.8,477.5
2132,5118,920.8536010439028,230.3311739697773,1029.8,477.5
2133,5118,920.8536010439028,230.3311739697773,1029.8,477.5
2134,5118,920.8536010439028,230.3311739697773,1029.8,477.5
2135,5118,920.8536010439028,230.3311739697773,1029.8,477.5
2136,5118,920.8536010439028,230.3311739697773,1029.8,477.5
2137,5118,920.8536010439028,230.3311739697773,1029.8,477.5
2138,5118,920.8536010439028,230.3311739697773,1029.8,477.5
2139,5118,920.8536010439028,230.3311739697773,1029.8,477.5
2140,5118,920.8536010439028,230.3311739697773,1029.8,477.5
2141,5118,920.8536010439028,230.3311739697773,1029.8,477.5
2142,5118,920.8536010439028,230.3311739697773,1029.8,477.5
2143,5118,920.8536010439028,230.3311739697773,1029.8,477.5
2144,5118,920.8536010439028,230.3311739697773,1029.8,477.5
2145,5118,920.8536010439028,230.3311739697773,1029.8,477.5
2146,5118,920.8536010439028,230.3311739697773,1029.8,477.5
2147,5118,920.8536010439028,230.3311739697773,1029.8,477.5
2148,5118,920.8536010439028,230.3311739697773,1029.8,477.5
2149,5118,920.8536010439028,230.3311739697773,1029.8,477.5
2150,5118,920.8536010439028,230.3311739697773,1029.8,477.5
2151,5118,920.8536010439028,230.3311739697773,1029.8,477.5
2152,5118,920.8536010439028,230.3311739697773,1029.8,477.5
2153,5118,920.8536010439028,230.3311739697773,1029.8,477.5
2154,5118,920.8536010439028,230.3311739697773,1029.8,477.5
2155,5118,920.8536010439028,230.3311739697773,1029.8,477.5
2156,5118,920.8536010439028,230.3311739697773,1029.8,477.5
2157,5118,920.8536010439028,230.3311739697773,1029.8,477.5
2158,5118,920.8536010439028,230.3311739697773,1029.8,477.5
2159,5118,920.8536010439028,230.3311739697773,1029.8,477.5
2160,5118,920.8536010439028,230.3311739697773,1029.8,477.5
2161,5118,920.8536010439028,230.3311739697773,1029.8,477.5
2162,5118,920.8536010439028,230.3311739697773,1029.8,477.5
2163,5118,920.8536010439028,230.3311739697773,1029.8,477.5
2164,5118,920.8536010439028,230.3311739697773,1029.8,477.5
2165,5118,920.8536010439028,230.3311739697773,1029.8,477.5
2166,5118,920.8536010439028,230.3311739697773,1029.8,477.5
2167,5118,920.8536010439028,230.3311739697773,1029.8,477.5
2168,5118,920.8536010439028,230.3311739697773,1029.8,477.5
2169,5118,920.8536010439028,230.3311739697773,1029.8,477.5
2170,5118,920.8536010439028,230.3311739697773,1029.8,477.5
2171,5118,920.8536010439028,230.3311739697773,1029.8,477.5
2172,5118,920.8536010439028,230.3311739697773,1029.8,477.5
2173,5118,920.8536010439028,230.3311739697773,1029.8,477.5
2174,5118,920.8536010439028,230.3311739697773,1029.8,477.5
2175,5118,920.8536010439028,230.3311739697773,1029.8,477.5
2176,5118,920.8536010439028,230.3311739697773,1029.8,477.5
2177,5118,920.8536010439028,230.3311739697773,1029.8,477.5
2178,5118,920.8536010439028,230.3311739697773,1029.8,477.5
2179,5118,920.8536010439028,230.3311739697773,1029.8,477.5
2180,5118,920.8536010439028,230.3311739697773,1029.8,477.5
2181,5118,920.8536010439028,230.3311739697773,1029.8,477.5
2182,5118,920.8536010439028,230.3311739697773,1029.8,477.5
2183,5118,920.8536010439028,230.3311739697773,1029.8,477.5
2184,5118,920.8536010439028,230.3311739697773,1029.8,477.5
2185,5118,920.8536010439028,230.3311739697773,1029.8,477.5
2186,5118,920.8536010439028,230.3311739697773,1029.8,477.5
2187,5118,920.8536010439028,230.3311739697773,1029.8,477.5
2188,5118,920.8536010439028,230.3311739697773,1029.8,477.5
2189,5118,920.8536010439028,230.3311739697773,1029.8,477.5
2190,5118,920.8536010439028,230.3311739697773,1029.8,477.5
2191,5118,920.8536010439028,230.3311739697773,1029.8,477.5
2192,5118,920.8536010439028,230.3311739697773,1029.8,477.5
2193,5118,920.8536010439028,230.3311739697773,1029.8,477.5
2194,5118,920.8536010439028,230.3311739697773,1029.8,477.5
2195,5118,920.8536010439028,230.3311739697773,1029.8,477.5
2196,5118,920.8536010439028,230.3311739697773,1029.8,477.5
2197,5118,920.8536010439028,230.3311739697773,1029.8,477.5
2198,5118,920.8536010439028,230.3311739697773,1029.8,477.5
2199,5118,920.8536010439028,230.3311739697773,1029.8,477.5
2200,5118,920.8536010439028,230.3311739697773,1029.8,477.5
2201,5118,920.8536010439028,230.3311739697773,1029.8,477.5
2202,5118,920.8536010439028,230.3311739697773,1029.8,477.5
2203,5118,920.8536010439028,230.3311739697773,1029.8,477.5
2204,5118,920.8536010439028,230.3311739697773,1029.8,477.5
2205,5118,920.8536010439028,230.3311739697773,1029.8,477.5
2206,5118,920.8536010439028,230.3311739697773,1029.8,477.5
2207,5118,920.8536010439028,230.3311739697773,1029.8,477.5
2208,5118,920.8536010439028,230.3311739697773,1029.8,477.5
2209,5118,920.8536010439028,230.3311739697773,1029.8,477.5
2210,5118,920.8536010439028,230.3311739697773,1029.8,477.5
2211,5118,920.8536010439028,230.3311739697773,1029.8,477.5
2212,5118,920.8536010439028,230.3311739697773,1029.8,477.5
2213,5118,920.8536010439028,230.3311739697773,1029.8,477.5
2214,5118,920.8536010439028,230.3311739697773,1029.8,477.5
2215,5118,920.8536010439028,230.3311739697773,1029.8,477.5
2216,5118,920.8536010439028,230.3311739697773,1029.8,477.5
2217,5118,920.8536010439028,230.3311739697773,1029.8,477.5
2218,5118,920.8536010439028,230.3311739697773,1029.8,477.5
2219,5118,920.8536010439028,230.3311739697773,1029.8,477.5
2220,5118,920.8536010439028,230.3311739697773,1029.8,477.5
2221,5118,920.8536010439028,230.3311739697773,1029.8,477.5
2222,5118,920.8536010439028,230.3311739697773,1029.8,477.5
2223,5118,920.8536010439028,230.3311739697773,1029.8,477.5
2224,5118,920.8536010439028,230.3311739697773,1029.8,477.5
2225,5118,920.8536010439028,230.3311739697773,1029.8,477.5
2226,5118,920.8536010439028,230.3311739697773,1029.8,477.5
2227,5118,920.8536010439028,230.3311739697773,1029.8,477.5
2228,5118,920.8536010439028,230.3311739697773,1029.8,477.5
2229,5118,920.8536010439028,230.3311739697773,1029.8,477.5
2230,5118,920.8536010439028,230.3311739697773,1029.8,477.5
2231,5118,920.8536010439028,230.3311739697773,1029.8,477.5
2232,5118,920.8536010439028,230.3311739697773,1029.8,477.5
2233,5118,920.8536010439028,230.3311739697773,1029.8,477.5
2234,5118,920.8536010439028,230.3311739697773,1029.8,477.5
2235,5118,920.8536010439028,230.3311739697773,1029.8,477.5
2236,5118,920.8536010439028,230.3311739697773,1029.8,477.5
2237,5118,920.8536010439028,230.3311739697773,1029.8,477.5
2238,5118,920.8536010439028,230.3311739697773,1029.8,477.5
2239,5118,920.8536010439028,230.3311739697773,1029.8,477.5
2240,5118,920.8536010439028,230.3311739697773,1029.8,477.5
2241,5118,920.8536010439028,230.3311739697773,1029.8,477.5
2242,5118,920.8536010439028,230.3311739697773,1029.8,477.5
2243,5118,920.8536010439028,230.3311739697773,1029.8,477.5
2244,5118,920.8536010439028,230.3311739697773,1029.8,477.5
2245,5118,920.8536010439028,230.3311739697773,1029.8,477.5
2246,5118,920.8536010439028,230.3311739697773,1029.8,477.5
2247,5118,920.8536010439028,230.3311739697773,1029.8,477.5
2248,5118,920.8536010439028,230.3311739697773,1029.8,477.5
2249,5118,920.8536010439028,230.3311739697773,1029.8,477.5
2250,5118,949.8536010439028,206.3311739697773,1029.8,477.5
2251,5118,949.8536010439028,206.3311739697773,1029.8,477.5
2252,5118,949.8536010439028,206.3311739697773,1029.8,477.5
2253,5118,949.8536010439028,206.3311739697773,1029.8,477.5
2254,5118,949.8536010439028,206.3311739697773,1029.8,477.5
2255,5118,949.8536010439028,206.3311739697773,1029.8,477.5
2256,5118,949.8536010439028,206.3311739697773,1029.8,477.5
2257,5118,949.8536010439028,206.3311739697773,1029.8,477.5
2258,5118,949.8536010439028,206.3311739697773,1029.8,477.5
2259,5118,949.8536010439028,206.3311739697773,1029.8,477.5
2260,5118,949.8536010439028,206.3311739697773,1029.8,477.5
2261,5118,949.8536010439028,206.3311739697773,1029.8,477.5
2262,5118,949.8536010439028,206.3311739697773,1029.8,477.5
2263,5118,949.8536010439028,206.3311739697773,1029.8,477.5
2264,5118,949.8536010439028,206.3311739697773,1029.8,477.5
2265,5118,949.8536010439028,206.3311739697773,1029.8,477.5
2266,5118,949.8536010439028,206.3311739697773,1029.8,477.5
2267,5119,949.8536010439028,206.3311739697773,1029.8,477.5
2268,5119,949.8536010439028,206.3311739697773,1029.8,477.5
2269,5119,949.8536010439028,206.3311739697773,1029.8,477.5
2270,5119,949.8536010439028,206.3311739697773,1029.8,477.5
2271,5119,949.8536010439028,206.3311739697773,1029.8,477.5
2272,5119,949.8536010439028,206.3311739697773,1029.8,477.5
2273,5119,949.8536010439028,206.3311739697773,1029.8,477.5
2274,5119,949.8536010439028,206.3311739697773,1029.8,477.5
2275,5119,949.8536010439028,206.3311739697773,1029.8,477.5
2276,5119,949.8536010439028,206.3311739697773,1029.8,477.5
2277,5119,949.8536010439028,206.3311739697773,1029.8,477.5
2278,5119,949.8536010439028,206.3311739697773,1029.8,477.5
2279,5119,949.8536010439028,206.3311739697773,1029.8,477.5
2280,5119,949.8536010439028,206.3311739697773,1029.8,477.5
2281,5119,949.8536010439028,206.3311739697773,1029.8,477.5
2282,5119,949.8536010439028,206.3311739697773,1029.8,477.5
2283,5119,949.8536010439028,206.3311739697773,1029.8,477.5
2284,5119,949.8536010439028,206.3311739697773,1029.8,477.5
2285,5119,949.8536010439028,206.3311739697773,1029.8,477.5
2286,5119,949.8536010439028,206.3311739697773,1029.8,477.5
2287,5119,949.8536010439028,206.3311739697773,1029.8,477.5
2288,5119,949.8536010439028,206.3311739697773,1029.8,477.5
2289,5119,949.8536010439028,206.3311739697773,1029.8,477.5
2290,5119,949.8536010439028,206.3311739697773,1029.8,477.5
2291,5119,949.8536010439028,206.3311739697773,1029.8,477.5
2292,5119,949.8536010439028,206.3311739697773,1029.8,477.5
2293,5119,949.8536010439028,206.3311739697773,1029.8,477.5
2294,5119,949.8536010439028,206.3311739697773,1029.8,477.5
2295,5119,949.8536010439028,206.3311739697773,1029.8,477.5
2296,5119,949.8536010439028,206.3311739697773,1029.8,477.5
2297,5119,949.8536010439028,206.3311739697773,1029.8,477.5
2298,5119,949.8536010439028,206.3311739697773,1029.8,477.5
2299,5119,949.8536010439028,206.3311739697773,1029.8,477.5
2300,5119,949.8536010439028,206.3311739697773,1029.8,477.5
2301,5119,949.8536010439028,206.3311739697773,1029.8,477.5
2302,5119,949.8536010439028,206.3311739697773,1029.8,477.5
2303,5119,949.8536010439028,206.3311739697773,1029.8,477.5
2304,5119,949.8536010439028,206.3311739697773,1029.8,477.5
2305,5119,949.8536010439028,206.3311739697773,1029.8,477.5
2306,5119,949.8536010439028,206.3311739697773,1029.8,477.5
2307,5119,949.8536010439028,206.3311739697773,1029.8,477.5
2308,5119,949.8536010439028,206.3311739697773,1029.8,477.5
2309,5119,949.8536010439028,206.3311739697773,1029.8,477.5
2310,5119,949.8536010439028,206.3311739697773,1029.8,477.5
2311,5119,949.8536010439028,206.3311739697773,1029.8,477.5
2312,5119,949.8536010439028,206.3311739697773,1029.8,477.5
2313,5119,949.8536010439028,206.3311739697773,1029.8,477.5
2314,5119,949.8536010439028,206.3311739697773,1029.8,477.5
2315,5119,949.8536010439028,206.3311739697773,1029.8,477.5
2316,5119,949.8536010439028,206.3311739697773,1029.8,477.5
2317,5119,949.8536010439028,206.3311739697773,1029.8,477.5
2318,5119,949.8536010439028,206.3311739697773,1029.8,477.5
2319,5119,949.8536010439028,206.3311739697773,1029.8,477.5
2320,5119,949.8536010439028,206.3311739697773,1029.8,477.5
2321,5119,949.8536010439028,206.3311739697773,1029.8,477.5
2322,5119,949.8536010439028,206.3311739697773,1029.8,477.5
2323,5119,949.8536010439028,206.3311739697773,1029.8,477.5
2324,5119,949.8536010439028,206.3311739697773,1029.8,477.5
2325,5119,949.8536010439028,206.3311739697773,1029.8,477.5
2326,5119,949.8536010439028,206.3311739697773,1029.8,477.5
2327,5119,949.8536010439028,206.3311739697773,1029.8,477.5
2328,5119,949.8536010439028,206.3311739697773,1029.8,477.5
2329,5119,949.8536010439028,206.3311739697773,1029.8,477.5
2330,5119,949.8536010439028,206.3311739697773,1029.8,477.5
2331,5119,949.8536010439028,206.3311739697773,1029.8,477.5
2332,5119,949.8536010439028,206.3311739697773,1029.8,477.5
2333,5119,949.8536010439028,206.3311739697773,1029.8,477.5
2334,5119,949.8536010439028,206.3311739697773,1029.8,477.5
2335,5119,949.8536010439028,206.3311739697773,1029.8,477.5
2336,5119,949.8536010439028,206.3311739697773,1029.8,477.5
2337,5119,949.8536010439028,206.3311739697773,1029.8,477.5
2338,5119,949.8536010439028,206.3311739697773,1029.8,477.5
2339,5119,949.8536010439028,206.3311739697773,1029.8,477.5
2340,5119,949.8536010439028,206.3311739697773,1029.8,477.5
2341,5119,949.8536010439028,206.3311739697773,1029.8,477.5
2342,5119,949.8536010439028,206.3311739697773,1029.8,477.5
2343,5119,949.8536010439028,206.3311739697773,1029.8,477.5
2344,5119,949.8536010439028,206.3311739697773,1029.8,477.5
2345,5119,949.8536010439028,206.3311739697773,1029.8,477.5
2346,5119,949.8536010439028,206.3311739697773,1029.8,477.5
2347,5119,949.8536010439028,206.3311739697773,1029.8,477.5
2348,5119,949.8536010439028,206.3311739697773,1029.8,477.5
2349,5119,949.8536010439028,206.3311739697773,1029.8,477.5
2350,5119,949.8536010439028,206.3311739697773,1029.8,477.5
2351,5119,949.8536010439028,206.3311739697773,1029.8,477.5
2352,5119,949.8536010439028,206.3311739697773,1029.8,477.5
2353,5119,949.8536010439028,206.3311739697773,1029.8,477.5
2354,5119,949.8536010439028,206.3311739697773,1029.8,477.5
2355,5119,949.8536010439028,206.3311739697773,1029.8,477.5
2356,5119,949.8536010439028,206.3311739697773,1029.8,477.5
2357,5119,949.8536010439028,206.3311739697773,1029.8,477.5
2358,5119,949.8536010439028,206.3311739697773,1029.8,477.5
2359,5119,949.8536010439028,206.3311739697773,1029.8,477.5
2360,5119,949.8536010439028,206.3311739697773,1029.8,477.5
2361,5119,949.8536010439028,206.3311739697773,1029.8,477.5
2362,5119,949.8536010439028,206.3311739697773,1029.8,477.5
2363,5119,949.8536010439028,206.3311739697773,1029.8,477.5
2364,5119,949.8536010439028,206.3311739697773,1029.8,477.5
2365,5119,949.8536010439028,206.3311739697773,1029.8,477.5
2366,5119,949.8536010439028,206.3311739697773,1029.8,477.5
2367,5119,949.8536010439028,206.3311739697773,1029.8,477.5
2368,5119,949.8536010439028,206.3311739697773,1029.8,477.5
2369,5119,949.8536010439028,206.3311739697773,1029.8,477.5
2370,5119,949.8536010439028,206.3311739697773,1029.8,477.5
2371,5119,949.8536010439028,206.3311739697773,1029.8,477.5
2372,5119,949.8536010439028,206.3311739697773,1029.8,477.5
2373,5119,949.8536010439028,206.3311739697773,1029.8,477.5
2374,5119,949.8536010439028,206.3311739697773,1029.8,477.5
2375,5119,949.8536010439028,206.3311739697773,1029.8,477.5
2376,5119,949.8536010439028,206.3311739697773,1029.8,477.5
2377,5119,949.8536010439028,206.3311739697773,1029.8,477.5
2378,5119,949.8536010439028,206.3311739697773,1029.8,477.5
2379,5119,949.8536010439028,206.3311739697773,1029.8,477.5
2380,5119,949.8536010439028,206.3311739697773,1029.8,477.5
2381,5119,949.8536010439028,206.3311739697773,1029.8,477.5
2382,5119,949.8536010439028,206.3311739697773,1029.8,477.5
2383,5119,949.8536010439028,206.3311739697773,1029.8,477.5
2384,5119,949.8536010439028,206.3311739697773,1029.8,477.5
2385,5119,949.8536010439028,206.3311739697773,1029.8,477.5
2386,5119,949.8536010439028,206.3311739697773,1029.8,477.5
2387,5119,949.8536010439028,206.3311739697773,1029.8,477.5
2388,5119,949.8536010439028,206.3311739697773,1029.8,477.5
2389,5119,949.8536010439028,206.3311739697773,1029.8,477.5
2390,5119,949.8536010439028,206.3311739697773,1029.8,477.5
2391,5119,949.8536010439028,206.3311739697773,1029.8,477.5
2392,5119,949.8536010439028,206.3311739697773,1029.8,477.5
2393,5119,949.8536010439028,206.3311739697773,1029.8,477.5
2394,5119,949.8536010439028,206.3311739697773,1029.8,477.5
2395,5119,949.8536010439028,206.3311739697773,1029.8,477.5
2396,5119,949.8536010439028,206.3311739697773,1029.8,477.5
2397,5119,949.8536010439028,206.3311739697773,1029.8,477.5
2398,5119,949.8536010439028,206.3311739697773,1029.8,477.5
2399,5119,949.8536010439028,206.3311739697773,1029.8,477.5
2400,5119,949.8536010439028,206.3311739697773,1029.8,477.5
2401,5119,949.8536010439028,206.3311739697773,1029.8,477.5
2402,5119,949.8536010439028,206.3311739697773,1029.8,477.5
2403,5119,949.8536010439028,206.3311739697773,1029.8,477.5
2404,5119,949.8536010439028,206.3311739697773,1029.8,477.5
2405,5119,949.8536010439028,206.3311739697773,1029.8,477.5
2406,5119,949.8536010439028,206.3311739697773,1029.8,477.5
2407,5119,949.8536010439028,206.3311739697773,1029.8,477.5
2408,5119,949.8536010439028,206.3311739697773,1029.8,477.5
2409,5119,949.8536010439028,206.3311739697773,1029.8,477.5
2410,5119,949.8536010439028,206.3311739697773,1029.8,477.5
2411,5119,949.8536010439028,206.3311739697773,1029.8,477.5
2412,5119,949.8536010439028,206.3311739697773,1029.8,477.5
2413,5119,949.8536010439028,206.3311739697773,1029.8,477.5
2414,5119,949.8536010439028,206.3311739697773,1029.8,477.5
2415,5119,949.8536010439028,206.3311739697773,1029.8,477.5
2416,5119,940.8536010439028,421.3311739697773,1029.8,477.5
2417,5119,940.8536010439028,421.3311739697773,1029.8,477.5
2418,5119,940.8536010439028,421.3311739697773,1029.8,477.5
2419,5119,940.8536010439028,421.3311739697773,1029.8,477.5
2420,5119,940.8536010439028,421.3311739697773,1029.8,477.5
2421,5119,940.8536010439028,421.3311739697773,1029.8,477.5
2422,5119,940.8536010439028,421.3311739697773,1029.8,477.5
2423,5119,940.8536010439028,421.3311739697773,1029.8,477.5
2424,5119,940.8536010439028,421.3311739697773,1029.8,477.5
2425,5119,940.8536010439028,421.3311739697773,1029.8,477.5
2426,5119,940.8536010439028,421.3311739697773,1029.8,477.5
2427,5119,940.8536010439028,421.3311739697773,1029.8,477.5
2428,5119,940.8536010439028,421.3311739697773,1029.8,477.5
2429,5119,940.8536010439028,421.3311739697773,1029.8,477.5
2430,5119,940.8536010439028,421.3311739697773,1029.8,477.5
2431,5119,940.8536010439028,421.3311739697773,1029.8,477.5
2432,5119,940.8536010439028,421.3311739697773,1029.8,477.5
2433,5119,940.8536010439028,421.3311739697773,1029.8,477.5
2434,5119,940.8536010439028,421.3311739697773,1029.8,477.5
2435,5119,940.8536010439028,421.3311739697773,1029.8,477.5
2436,5119,940.8536010439028,421.3311739697773,1029.8,477.5
2437,5119,940.8536010439028,421.3311739697773,1029.8,477.5
2438,5119,940.8536010439028,421.3311739697773,1029.8,477.5
2439,5119,940.8536010439028,421.3311739697773,1029.8,477.5
2440,5119,940.8536010439028,421.3311739697773,1029.8,477.5
2441,5119,940.8536010439028,421.3311739697773,1029.8,477.5
2442,5119,940.8536010439028,421.3311739697773,1029.8,477.5
2443,5119,940.8536010439028,421.3311739697773,1029.8,477.5
2444,5119,940.8536010439028,421.3311739697773,1029.8,477.5
2445,5119,940.8536010439028,421.3311739697773,1029.8,477.5
2446,5119,940.8536010439028,421.3311739697773,1029.8,477.5
2447,5119,940.8536010439028,421.3311739697773,1029.8,477.5
2448,5119,940.8536010439028,421.3311739697773,1029.8,477.5
2449,5119,940.8536010439028,421.3311739697773,1029.8,477.5
2450,5119,940.8536010439028,421.3311739697773,1029.8,477.5
2451,5119,940.8536010439028,421.3311739697773,1029.8,477.5
2452,5119,940.8536010439028,421.3311739697773,1029.8,477.5
2453,5119,940.8536010439028,421.3311739697773,1029.8,477.5
2454,5119,940.8536010439028,421.3311739697773,1029.8,477.5
2455,5119,940.8536010439028,421.3311739697773,1029.8,477.5
2456,5119,940.8536010439028,421.3311739697773,1029.8,477.5
2457,5119,931.8536010439028,636.3311739697773,1029.8,477.5
2458,5119,931.8536010439028,636.3311739697773,1029.8,477.5
2459,5119,931.8536010439028,636.3311739697773,1029.8,477.5
2460,5119,931.8536010439028,636.3311739697773,1029.8,477.5
2461,5119,931.8536010439028,636.3311739697773,1029.8,477.5
2462,5119,931.8536010439028,636.3311739697773,1029.8,477.5
2463,5119,931.8536010439028,636.3311739697773,1029.8,477.5
2464,5119,931.8536010439028,636.3311739697773,1029.8,477.5
2465,5119,931.8536010439028,636.3311739697773,1029.8,477.5
2466,5119,931.8536010439028,636.3311739697773,1029.8,477.5
2467,5119,931.8536010439028,636.3311739697773,1029.8,477.5
2468,5119,931.8536010439028,636.3311739697773,1029.8,477.5
2469,5119,931.8536010439028,636.3311739697773,1029.8,477.5
2470,5119,931.8536010439028,636.3311739697773,1029.8,477.5
2471,5119,931.8536010439028,636.3311739697773,1029.8,477.5
2472,5119,931.8536010439028,636.3311739697773,1029.8,477.5
2473,5119,931.8536010439028,636.3311739697773,1029.8,477.5
2474,5119,931.8536010439028,636.3311739697773,1029.8,477.5
2475,5119,931.8536010439028,636.3311739697773,1029.8,477.5
2476,5119,931.8536010439028,636.3311739697773,1029.8,477.5
2477,5119,931.8536010439028,636.3311739697773,1029.8,477.5
2478,5119,931.8536010439028,636.3311739697773,1029.8,477.5
2479,5119,931.8536010439028,636.3311739697773,1029.8,477.5
2480,5119,931.8536010439028,636.3311739697773,1029.8,477.5
2481,5119,931.8536010439028,636.3311739697773,1029.8,477.5
2482,5119,931.8536010439028,636.3311739697773,1029.8,477.5
2483,5119,931.8536010439028,636.3311739697773,1029.8,477.5
2484,5119,931.8536010439028,636.3311739697773,1029.8,477.5
2485,5119,931.8536010439028,636.3311739697773,1029.8,477.5
2486,5119,931.8536010439028,636.3311739697773,1029.8,477.5
2487,5119,931.8536010439028,636.3311739697773,1029.8,477.5
2488,5119,931.8536010439028,636.3311739697773,1029.8,477.5
2489,5119,931.8536010439028,636.3311739697773,1029.8,477.5
2490,5119,931.8536010439028,636.3311739697773,1029.8,477.5
2491,5119,931.8536010439028,636.3311739697773,1029.8,477.5
2492,5119,931.8536010439028,636.3311739697773,1029.8,477.5
2493,5119,931.8536010439028,636.3311739697773,1029.8,477.5
2494,5119,931.8536010439028,636.3311739697773,1029.8,477.5
2495,5119,931.8536010439028,636.3311739697773,1029.8,477.5
2496,5119,931.8536010439028,636.3311739697773,1029.8,477.5
2497,5119,931.8536010439028,636.3311739697773,1029.8,477.5
2498,5119,931.8536010439028,636.3311739697773,1029.8,477.5
2499,5119,931.8536010439028,636.3311739697773,1029.8,477.5
2500,5119,931.8536010439028,636.3311739697773,1029.8,477.5
2501,5119,931.8536010439028,636.3311739697773,1029.8,477.5
2502,5119,931.8536010439028,636.3311739697773,1029.8,477.5
2503,5119,931.8536010439028,636.3311739697773,1029.8,477.5
2504,5119,931.8536010439028,636.3311739697773,1029.8,477.5
2505,5119,931.8536010439028,636.3311739697773,1029.8,477.5
2506,5119,931.8536010439028,636.3311739697773,1029.8,477.5
2507,5119,931.8536010439028,636.3311739697773,1029.8,477.5
2508,5119,931.8536010439028,636.3311739697773,1029.8,477.5
2509,5119,931.8536010439028,636.3311739697773,1029.8,477.5
2510,5119,931.8536010439028,636.3311739697773,1029.8,477.5
2511,5119,931.8536010439028,636.3311739697773,1029.8,477.5
2512,5119,931.8536010439028,636.3311739697773,1029.8,477.5
2513,5119,931.8536010439028,636.3311739697773,1029.8,477.5
2514,5119,931.8536010439028,636.3311739697773,1029.8,477.5
2515,5119,931.8536010439028,636.3311739697773,1029.8,477.5
2516,5119,931.8536010439028,636.3311739697773,1029.8,477.5
2517,5119,931.8536010439028,636.3311739697773,1029.8,477.5
2518,5119,931.8536010439028,636.3311739697773,1029.8,477.5
2519,5119,931.8536010439028,636.3311739697773,1029.8,477.5
2520,5119,931.8536010439028,636.3311739697773,1029.8,477.5
2521,5119,931.8536010439028,636.3311739697773,1029.8,477.5
2522,5119,931.8536010439028,636.3311739697773,1029.8,477.5
2523,5119,931.8536010439028,636.3311739697773,1029.8,477.5
2524,5119,931.8536010439028,636.3311739697773,1029.8,477.5
2525,5119,931.8536010439028,636.3311739697773,1029.8,477.5
2526,5119,931.8536010439028,636.3311739697773,1029.8,477.5
2527,5119,931.8536010439028,636.3311739697773,1029.8,477.5
2528,5119,931.8536010439028,636.3311739697773,1029.8,477.5
2529,5119,931.8536010439028,636.3311739697773,1029.8,477.5
2530,5119,931.8536010439028,636.3311739697773,1029.8,477.5
2531,5119,931.8536010439028,636.3311739697773,1029.8,477.5
2532,5119,931.8536010439028,636.3311739697773,1029.8,477.5
2533,5119,931.8536010439028,636.3311739697773,1029.8,477.5
2534,5119,931.8536010439028,636.3311739697773,1029.8,477.5
2535,5119,931.8536010439028,636.3311739697773,1029.8,477.5
2536,5119,931.8536010439028,636.3311739697773,1029.8,477.5
2537,5119,931.8536010439028,636.3311739697773,1029.8,477.5
2538,5119,931.8536010439028,636.3311739697773,1029.8,477.5
2539,5119,931.8536010439028,636.3311739697773,1029.8,477.5
2540,5119,931.8536010439028,636.3311739697773,1029.8,477.5
2541,5119,931.8536010439028,636.3311739697773,1029.8,477.5
2542,5119,931.8536010439028,636.3311739697773,1029.8,477.5
2543,5119,931.8536010439028,636.3311739697773,1029.8,477.5
2544,5119,931.8536010439028,636.3311739697773,1029.8,477.5
2545,5119,931.8536010439028,636.3311739697773,1029.8,477.5
2546,5119,931.8536010439028,636.3311739697773,1029.8,477.5
2547,5119,931.8536010439028,636.3311739697773,1029.8,477.5
2548,5119,931.8536010439028,636.3311739697773,1029.8,477.5
2549,5119,931.8536010439028,636.3311739697773,1029.8,477.5
2550,5119,955.8536010439028,380.3311739697773,1029.8,477.5
2551,5119,955.8536010439028,380.3311739697773,1029.8,477.5
2552,5119,955.8536010439028,380.3311739697773,1029.8,477.5
2553,5119,955.8536010439028,380.3311739697773,1029.8,477.5
2554,5119,955.8536010439028,380.3311739697773,1029.8,477.5
2555,5119,955.8536010439028,380.3311739697773,1029.8,477.5
2556,5119,955.8536010439028,380.3311739697773,1029.8,477.5
2557,5119,955.8536010439028,380.3311739697773,1029.8,477.5
2558,5119,955.8536010439028,380.3311739697773,1029.8,477.5
2559,5119,955.8536010439028,380.3311739697773,1029.8,477.5
2560,5119,955.8536010439028,380.3311739697773,1029.8,477.5
2561,5119,955.8536010439028,380.3311739697773,1029.8,477.5
2562,5119,955.8536010439028,380.3311739697773,1029.8,477.5
2563,5119,955.8536010439028,380.3311739697773,1029.8,477.5
2564,5119,955.8536010439028,380.3311739697773,1029.8,477.5
2565,5119,955.8536010439028,380.3311739697773,1029.8,477.5
2566,5119,955.8536010439028,380.3311739697773,1029.8,477.5
2567,5119,955.8536010439028,380.3311739697773,1029.8,477.5
2568,5119,955.8536010439028,380.3311739697773,1029.8,477.5
2569,5119,955.8536010439028,380.3311739697773,1029.8,477.5
2570,5119,955.8536010439028,380.3311739697773,1029.8,477.5
2571,5119,955.8536010439028,380.3311739697773,1029.8,477.5
2572,5119,955.8536010439028,380.3311739697773,1029.8,477.5
2573,5119,955.8536010439028,380.3311739697773,1029.8,477.5
2574,5119,955.8536010439028,380.3311739697773,1029.8,477.5
2575,5119,955.8536010439028,380.3311739697773,1029.8,477.5
2576,5119,955.8536010439028,380.3311739697773,1029.8,477.5
2577,5119,955.8536010439028,380.3311739697773,1029.8,477.5
2578,5119,955.8536010439028,380.3311739697773,1029.8,477.5
2579,5119,955.8536010439028,380.3311739697773,1029.8,477.5
2580,5119,955.8536010439028,380.3311739697773,1029.8,477.5
2581,5119,955.8536010439028,380.3311739697773,1029.8,477.5
2582,5119,955.8536010439028,380.3311739697773,1029.8,477.5
2583,5119,955.8536010439028,380.3311739697773,1029.8,477.5
2584,5119,955.8536010439028,380.3311739697773,1029.8,477.5
2585,5119,955.8536010439028,380.3311739697773,1029.8,477.5
2586,5119,955.8536010439028,380.3311739697773,1029.8,477.5
2587,5119,955.8536010439028,380.3311739697773,1029.8,477.5
2588,5119,955.8536010439028,380.3311739697773,1029.8,477.5
2589,5119,955.8536010439028,380.3311739697773,1029.8,477.5
2590,5119,955.8536010439028,380.3311739697773,1029.8,477.5
2591,5119,955.8536010439028,380.3311739697773,1029.8,477.5
2592,5119,955.8536010439028,380.3311739697773,1029.8,477.5
2593,5119,955.8536010439028,380.3311739697773,1029.8,477.5
2594,5119,955.8536010439028,380.3311739697773,1029.8,477.5
2595,5120,955.8536010439028,380.3311739697773,1029.8,477.5
2596,5121,955.8536010439028,380.3311739697773,1029.8,477.5
2597,5122,955.8536010439028,380.3311739697773,1029.8,477.5
2598,5123,955.8536010439028,380.3311739697773,1029.8,477.5
2599,5124,955.8536010439028,380.3311739697773,1029.8,477.5
2600,5125,955.8536010439028,380.3311739697773,1029.8,477.5
2601,5126,955.8536010439028,380.3311739697773,1029.8,477.5
2602,5127,955.8536010439028,380.3311739697773,1029.8,477.5
2603,5128,955.8536010439028,380.3311739697773,1029.8,477.5
2604,5129,955.8536010439028,380.3311739697773,1029.8,477.5
2605,5129,955.8536010439028,380.3311739697773,1029.8,477.5
2606,5129,955.8536010439028,380.3311739697773,1029.8,477.5
2607,5129,955.8536010439028,380.3311739697773,1029.8,477.5
2608,5129,955.8536010439028,380.3311739697773,1029.8,477.5
2609,5129,955.8536010439028,380.3311739697773,1029.8,477.5
2610,5129,955.8536010439028,380.3311739697773,1029.8,477.5
2611,5129,955.8536010439028,380.3311739697773,1029.8,477.5
2612,5129,955.8536010439028,380.3311739697773,1029.8,477.5
2613,5129,955.8536010439028,380.3311739697773,1029.8,477.5
2614,5129,955.8536010439028,380.3311739697773,1029.8,477.5
2615,5129,955.8536010439028,380.3311739697773,1029.8,477.5
2616,5129,955.8536010439028,380.3311739697773,1029.8,477.5
2617,5129,955.8536010439028,380.3311739697773,1029.8,477.5
2618,5129,955.8536010439028,380.3311739697773,1029.8,477.5
2619,5129,955.8536010439028,380.3311739697773,1029.8,477.5
2620,5129,955.8536010439028,380.3311739697773,1029.8,477.5
2621,5129,955.8536010439028,380.3311739697773,1029.8,477.5
2622,5129,955.8536010439028,380.3311739697773,1029.8,477.5
2623,5129,955.8536010439028,380.3311739697773,1029.8,477.5
2624,5129,955.8536010439028,380.3311739697773,1029.8,477.5
2625,5129,955.8536010439028,380.3311739697773,1029.8,477.5
2626,5129,955.8536010439028,380.3311739697773,1029.8,477.5
2627,5129,955.8536010439028,380.3311739697773,1029.8,477.5
2628,5129,955.8536010439028,380.3311739697773,1029.8,477.5
2629,5129,955.8536010439028,380.3311739697773,1029.8,477.5
2630,5129,955.8536010439028,380.3311739697773,1029.8,477.5
2631,5129,955.8536010439028,380.3311739697773,1029.8,477.5
2632,5129,955.8536010439028,380.3311739697773,1029.8,477.5
2633,5129,955.8536010439028,380.3311739697773,1029.8,477.5
2634,5129,955.8536010439028,380.3311739697773,1029.8,477.5
2635,5129,955.8536010439028,380.3311739697773,1029.8,477.5
2636,5129,955.8536010439028,380.3311739697773,1029.8,477.5
2637,5129,955.8536010439028,380.3311739697773,1029.8,477.5
2638,5129,955.8536010439028,380.3311739697773,1029.8,477.5
2639,5129,955.8536010439028,380.3311739697773,1029.8,477.5
2640,5129,955.8536010439028,380.3311739697773,1029.8,477.5
2641,5129,955.8536010439028,380.3311739697773,1029.8,477.5
2642,5129,955.8536010439028,380.3311739697773,1029.8,477.5
2643,5129,955.8536010439028,380.3311739697773,1029.8,477.5
2644,5129,955.8536010439028,380.3311739697773,1029.8,477.5
2645,5129,955.8536010439028,380.3311739697773,1029.8,477.5
2646,5129,955.8536010439028,380.3311739697773,1029.8,477.5
2647,5129,955.8536010439028,380.3311739697773,1029.8,477.5
2648,5129,955.8536010439028,380.3311739697773,1029.8,477.5
2649,5129,955.8536010439028,380.3311739697773,1029.8,477.5
2650,5129,955.8536010439028,380.3311739697773,1029.8,477.5
2651,5129,955.8536010439028,380.3311739697773,1029.8,477.5
2652,5129,955.8536010439028,380.3311739697773,1029.8,477.5
2653,5129,955.8536010439028,380.3311739697773,1029.8,477.5
2654,5129,955.8536010439028,380.3311739697773,1029.8,477.5
2655,5129,955.8536010439028,380.3311739697773,1029.8,477.5
2656,5129,955.8536010439028,380.3311739697773,1029.8,477.5
2657,5129,955.8536010439028,380.3311739697773,1029.8,477.5
2658,5129,955.8536010439028,380.3311739697773,1029.8,477.5
2659,5129,955.8536010439028,380.3311739697773,1029.8,477.5
2660,5129,955.8536010439028,380.3311739697773,1029.8,477.5
2661,5129,955.8536010439028,380.3311739697773,1029.8,477.5
2662,5129,955.8536010439028,380.3311739697773,1029.8,477.5
2663,5129,955.8536010439028,380.3311739697773,1029.8,477.5
2664,5129,955.8536010439028,380.3311739697773,1029.8,477.5
2665,5129,955.8536010439028,380.3311739697773,1029.8,477.5
2666,5129,955.8536010439028,380.3311739697773,1029.8,477.5
2667,5129,955.8536010439028,380.3311739697773,1029.8,477.5
2668,5129,955.8536010439028,380.3311739697773,1029.8,477.5
2669,5129,955.8536010439028,380.3311739697773,1029.8,477.5
2670,5129,955.8536010439028,380.3311739697773,1029.8,477.5
2671,5129,955.8536010439028,380.3311739697773,1029.8,477.5
2672,5129,955.8536010439028,380.3311739697773,1029.8,477.5
2673,5129,955.8536010439028,380.3311739697773,1029.8,477.5
2674,5129,955.8536010439028,380.3311739697773,1029.8,477.5
2675,5129,955.8536010439028,380.3311739697773,1029.8,477.5
2676,5129,955.8536010439028,380.3311739697773,1029.8,477.5
2677,5129,955.8536010439028,380.3311739697773,1029.8,477.5
2678,5129,955.8536010439028,380.3311739697773,1029.8,477.5
2679,5129,955.8536010439028,380.3311739697773,1029.8,477.5
2680,5129,955.8536010439028,380.3311739697773,1029.8,477.5
2681,5129,955.8536010439028,380.3311739697773,1029.8,477.5
2682,5129,955.8536010439028,380.3311739697773,1029.8,477.5
2683,5129,955.8536010439028,380.3311739697773,1029.8,477.5
2684,5129,955.8536010439028,380.3311739697773,1029.8,477.5
2685,5129,955.8536010439028,380.3311739697773,1029.8,477.5
2686,5129,955.8536010439028,380.3311739697773,1029.8,477.5
2687,5129,955.8536010439028,380.3311739697773,1029.8,477.5
2688,5129,955.8536010439028,380.3311739697773,1029.8,477.5
2689,5129,955.8536010439028,380.3311739697773,1029.8,477.5
2690,5129,955.8536010439028,380.3311739697773,1029.8,477.5
2691,5129,955.8536010439028,380.3311739697773,1029.8,477.5
2692,5129,955.8536010439028,380.3311739697773,1029.8,477.5
2693,5129,955.8536010439028,380.3311739697773,1029.8,477.5
2694,5129,955.8536010439028,380.3311739697773,1029.8,477.5
2695,5129,955.8536010439028,380.3311739697773,1029.8,477.5
2696,5129,955.8536010439028,380.3311739697773,1029.8,477.5
2697,5129,955.8536010439028,380.3311739697773,1029.8,477.5
2698,5129,955.8536010439028,380.3311739697773,1029.8,477.5
2699,5129,955.8536010439028,380.3311739697773,1029.8,477.5
2700,5129,955.8536010439028,380.3311739697773,1029.8,477.5
2701,5129,955.8536010439028,380.3311739697773,1029.8,477.5
2702,5129,955.8536010439028,380.3311739697773,1029.8,477.5
2703,5129,955.8536010439028,380.3311739697773,1029.8,477.5
2704,5129,955.8536010439028,380.3311739697773,1029.8,477.5
2705,5129,955.8536010439028,380.3311739697773,1029.8,477.5
2706,5129,955.8536010439028,380.3311739697773,1029.8,477.5
2707,5129,955.8536010439028,380.3311739697773,1029.8,477.5
2708,5129,955.8536010439028,380.3311739697773,1029.8,477.5
2709,5129,955.8536010439028,380.3311739697773,1029.8,477.5
2710,5129,955.8536010439028,380.3311739697773,1029.8,477.5
2711,5129,955.8536010439028,380.3311739697773,1029.8,477.5
2712,5129,955.8536010439028,380.3311739697773,1029.8,477.5
2713,5129,955.8536010439028,380.3311739697773,1029.8,477.5
2714,5129,955.8536010439028,380.3311739697773,1029.8,477.5
2715,5129,955.8536010439028,380.3311739697773,1028.0210526315789,489.9684210526316
2716,5129,818.8536010439028,502.3311739697773,1026.2421052631578,502.43684210526317
2717,5129,818.8536010439028,502.3311739697773,1024.4631578947367,514.9052631578948
2718,5129,818.8536010439028,502.3311739697773,1022.6842105263157,527.3736842105263
2719,5129,818.8536010439028,502.3311739697773,1020.9052631578948,539.8421052631579
2720,5129,818.8536010439028,502.3311739697773,1019.1263157894737,552.3105263157895
2721,5129,818.8536010439028,502.3311739697773,1017.3473684210526,564.7789473684211
2722,5129,818.8536010439028,502.3311739697773,1015.5684210526316,577.2473684210527
2723,5129,818.8536010439028,502.3311739697773,1013.7894736842105,589.7157894736843
2724,5129,818.8536010439028,502.3311739697773,1012.0105263157894,602.1842105263158
2725,5129,818.8536010439028,502.3311739697773,1010.2315789473683,614.6526315789474
2726,5129,818.8536010439028,502.3311739697773,1008.4526315789474,627.121052631579
2727,5129,818.8536010439028,502.3311739697773,1006.6736842105263,639.5894736842106
2728,5129,818.8536010439028,502.3311739697773,1004.8947368421052,652.0578947368421
2729,5129,818.8536010439028,502.3311739697773,1003.1157894736842,664.5263157894736
2730,5129,818.8536010439028,502.3311739697773,1001.3368421052631,676.9947368421052
2731,5129,818.8536010439028,502.3311739697773,999.5578947368421,689.4631578947368
2732,5129,818.8536010439028,502.3311739697773,997.7789473684211,701.9315789473684
2733,5129,818.8536010439028,502.3311739697773,996.0,714.4
2734,5129,818.8536010439028,502.3311739697773,996.0,714.4
2735,5129,818.8536010439028,502.3311739697773,996.0,714.4
2736,5129,818.8536010439028,502.3311739697773,996.0,714.4
2737,5129,818.8536010439028,502.3311739697773,996.0,714.4
2738,5129,818.8536010439028,502.3311739697773,996.0,714.4
2739,5129,818.8536010439028,502.3311739697773,996.0,714.4
2740,5129,818.8536010439028,502.3311739697773,996.0,714.4
2741,5129,818.8536010439028,502.3311739697773,996.0,714.4
2742,5129,818.8536010439028,502.3311739697773,996.0,714.4
2743,5129,818.8536010439028,502.3311739697773,996.0,714.4
2744,5129,818.8536010439028,502.3311739697773,996.0,714.4
2745,5129,818.8536010439028,502.3311739697773,996.0,714.4
2746,5129,818.8536010439028,502.3311739697773,996.0,714.4
2747,5129,818.8536010439028,502.3311739697773,996.0,714.4
2748,5129,818.8536010439028,502.3311739697773,996.0,714.4
2749,5129,818.8536010439028,502.3311739697773,996.0,714.4
2750,5129,682.8536010439028,624.3311739697773,996.0,714.4
2751,5129,682.8536010439028,624.3311739697773,996.0,714.4
2752,5129,682.8536010439028,624.3311739697773,996.0,714.4
2753,5129,682.8536010439028,624.3311739697773,996.0,714.4
2754,5129,682.8536010439028,624.3311739697773,996.0,714.4
2755,5129,682.8536010439028,624.3311739697773,996.0,714.4
2756,5129,682.8536010439028,624.3311739697773,996.0,714.4
2757,5129,682.8536010439028,624.3311739697773,996.0,714.4
2758,5129,682.8536010439028,624.3311739697773,996.0,714.4
2759,5129,682.8536010439028,624.3311739697773,996.0,714.4
2760,5129,682.8536010439028,624.3311739697773,996.0,714.4
2761,5129,682.8536010439028,624.3311739697773,996.0,714.4
2762,5129,682.8536010439028,624.3311739697773,996.0,714.4
2763,5129,682.8536010439028,624.3311739697773,996.0,714.4
2764,5129,682.8536010439028,624.3311739697773,996.0,714.4
2765,5129,682.8536010439028,624.3311739697773,996.0,714.4
2766,5129,682.8536010439028,624.3311739697773,996.0,714.4
2767,5129,682.8536010439028,624.3311739697773,996.0,714.4
2768,5129,682.8536010439028,624.3311739697773,996.0,714.4
2769,5129,682.8536010439028,624.3311739697773,996.0,714.4
2770,5129,682.8536010439028,624.3311739697773,996.0,714.4
2771,5129,682.8536010439028,624.3311739697773,996.0,714.4
2772,5129,682.8536010439028,624.3311739697773,996.0,714.4
2773,5129,682.8536010439028,624.3311739697773,996.0,714.4
2774,5129,682.8536010439028,624.3311739697773,996.0,714.4
2775,5129,682.8536010439028,624.3311739697773,996.0,714.4
2776,5129,682.8536010439028,624.3311739697773,996.0,714.4
2777,5129,682.8536010439028,624.3311739697773,996.0,714.4
2778,5129,682.8536010439028,624.3311739697773,996.0,714.4
2779,5129,682.8536010439028,624.3311739697773,996.0,714.4
2780,5129,682.8536010439028,624.3311739697773,996.0,714.4
2781,5129,682.8536010439028,624.3311739697773,996.0,714.4
2782,5129,682.8536010439028,624.3311739697773,996.0,714.4
2783,5129,682.8536010439028,624.3311739697773,996.0,714.4
2784,5129,682.8536010439028,624.3311739697773,996.0,714.4
2785,5129,682.8536010439028,624.3311739697773,996.0,714.4
2786,5129,682.8536010439028,624.3311739697773,996.0,714.4
2787,5129,682.8536010439028,624.3311739697773,996.0,714.4
2788,5129,682.8536010439028,624.3311739697773,996.0,714.4
2789,5129,682.8536010439028,624.3311739697773,996.0,714.4
2790,5129,682.8536010439028,624.3311739697773,996.0,714.4
2791,5129,682.8536010439028,624.3311739697773,996.0,714.4
2792,5129,682.8536010439028,624.3311739697773,996.0,714.4
2793,5129,682.8536010439028,624.3311739697773,996.0,714.4
2794,5129,682.8536010439028,624.3311739697773,996.0,714.4
2795,5129,682.8536010439028,624.3311739697773,996.0,714.4
2796,5129,682.8536010439028,624.3311739697773,996.0,714.4
2797,5129,682.8536010439028,624.3311739697773,996.0,714.4
2798,5129,682.8536010439028,624.3311739697773,996.0,714.4
2799,5129,682.8536010439028,624.3311739697773,996.0,714.4
2800,5129,682.8536010439028,624.3311739697773,996.0,714.4
2801,5129,682.8536010439028,624.3311739697773,996.0,714.4
2802,5129,682.8536010439028,624.3311739697773,996.0,714.4
2803,5129,682.8536010439028,624.3311739697773,996.0,714.4
2804,5129,682.8536010439028,624.3311739697773,996.0,714.4
2805,5129,682.8536010439028,624.3311739697773,996.0,714.4
2806,5129,682.8536010439028,624.3311739697773,996.0,714.4
2807,5129,682.8536010439028,624.3311739697773,996.0,714.4
2808,5129,682.8536010439028,624.3311739697773,996.0,714.4
2809,5129,682.8536010439028,624.3311739697773,996.0,714.4
2810,5129,682.8536010439028,624.3311739697773,996.0,714.4
2811,5129,682.8536010439028,624.3311739697773,996.0,714.4
2812,5129,682.8536010439028,624.3311739697773,996.0,714.4
2813,5129,682.8536010439028,624.3311739697773,996.0,714.4
2814,5129,682.8536010439028,624.3311739697773,996.0,714.4
2815,5129,682.8536010439028,624.3311739697773,996.0,714.4
2816,5129,682.8536010439028,624.3311739697773,996.0,714.4
2817,5129,682.8536010439028,624.3311739697773,996.0,714.4
2818,5129,682.8536010439028,624.3311739697773,996.0,714.4
2819,5129,682.8536010439028,624.3311739697773,996.0,714.4
2820,5129,682.8536010439028,624.3311739697773,996.0,714.4
2821,5129,682.8536010439028,624.3311739697773,996.0,714.4
2822,5129,682.8536010439028,624.3311739697773,996.0,714.4
2823,5129,682.8536010439028,624.3311739697773,996.0,714.4
2824,5129,682.8536010439028,624.3311739697773,996.0,714.4
2825,5129,682.8536010439028,624.3311739697773,996.0,714.4
2826,5129,682.8536010439028,624.3311739697773,996.0,714.4
2827,5129,682.8536010439028,624.3311739697773,996.0,714.4
2828,5129,682.8536010439028,624.3311739697773,996.0,714.4
2829,5129,682.8536010439028,624.3311739697773,996.0,714.4
2830,5129,682.8536010439028,624.3311739697773,996.0,714.4
2831,5129,682.8536010439028,624.3311739697773,996.0,714.4
2832,5129,682.8536010439028,624.3311739697773,996.0,714.4
2833,5129,682.8536010439028,624.3311739697773,996.0,714.4
2834,5129,682.8536010439028,624.3311739697773,996.0,714.4
2835,5129,682.8536010439028,624.3311739697773,996.0,714.4
2836,5129,682.8536010439028,624.3311739697773,996.0,714.4
2837,5129,682.8536010439028,624.3311739697773,996.0,714.4
2838,5129,682.8536010439028,624.3311739697773,996.0,714.4
2839,5129,682.8536010439028,624.3311739697773,996.0,714.4
2840,5129,682.8536010439028,624.3311739697773,996.0,714.4
2841,5129,682.8536010439028,624.3311739697773,996.0,714.4
2842,5129,682.8536010439028,624.3311739697773,996.0,714.4
2843,5129,682.8536010439028,624.3311739697773,996.0,714.4
2844,5129,682.8536010439028,624.3311739697773,996.0,714.4
2845,5129,682.8536010439028,624.3311739697773,996.0,714.4
2846,5129,682.8536010439028,624.3311739697773,996.0,714.4
2847,5129,682.8536010439028,624.3311739697773,996.0,714.4
2848,5129,682.8536010439028,624.3311739697773,996.0,714.4
2849,5129,682.8536010439028,624.3311739697773,996.0,714.4
2850,5129,682.8536010439028,624.3311739697773,996.0,714.4
2851,5129,682.8536010439028,624.3311739697773,996.0,714.4
2852,5129,682.8536010439028,624.3311739697773,996.0,714.4
2853,5129,682.8536010439028,624.3311739697773,996.0,714.4
2854,5129,682.8536010439028,624.3311739697773,996.0,714.4
2855,5129,682.8536010439028,624.3311739697773,996.0,714.4
2856,5129,682.8536010439028,624.3311739697773,996.0,714.4
2857,5129,682.8536010439028,624.3311739697773,996.0,714.4
2858,5129,682.8536010439028,624.3311739697773,996.0,714.4
2859,5129,682.8536010439028,624.3311739697773,996.0,714.4
2860,5129,682.8536010439028,624.3311739697773,996.0,714.4
2861,5129,682.8536010439028,624.3311739697773,996.0,714.4
2862,5129,682.8536010439028,624.3311739697773,996.0,714.4
2863,5129,682.8536010439028,624.3311739697773,996.0,714.4
2864,5129,682.8536010439028,624.3311739697773,996.0,714.4
2865,5129,682.8536010439028,624.3311739697773,996.0,714.4
2866,5129,682.8536010439028,624.3311739697773,996.0,714.4
2867,5129,682.8536010439028,624.3311739697773,996.0,714.4
2868,5129,682.8536010439028,624.3311739697773,996.0,714.4
2869,5129,682.8536010439028,624.3311739697773,996.0,714.4
2870,5129,682.8536010439028,624.3311739697773,996.0,714.4
2871,5129,682.8536010439028,624.3311739697773,996.0,714.4
2872,5129,682.8536010439028,624.3311739697773,996.0,714.4
2873,5129,682.8536010439028,624.3311739697773,996.0,714.4
2874,5129,682.8536010439028,624.3311739697773,996.0,714.4
2875,5129,682.8536010439028,624.3311739697773,996.0,714.4
2876,5129,682.8536010439028,624.3311739697773,996.0,714.4
2877,5129,682.8536010439028,624.3311739697773,996.0,714.4
2878,5129,682.8536010439028,624.3311739697773,996.0,714.4
2879,5129,682.8536010439028,624.3311739697773,996.0,714.4
2880,5129,682.8536010439028,624.3311739697773,996.0,714.4
2881,5129,682.8536010439028,624.3311739697773,996.0,714.4
2882,5129,922.8536010439028,647.3311739697773,996.0,714.4
2883,5129,922.8536010439028,647.3311739697773,996.0,714.4
2884,5129,922.8536010439028,647.3311739697773,996.0,714.4
2885,5129,922.8536010439028,647.3311739697773,996.0,714.4
2886,5129,922.8536010439028,647.3311739697773,996.0,714.4
2887,5129,922.8536010439028,647.3311739697773,996.0,714.4
2888,5129,922.8536010439028,647.3311739697773,996.0,714.4
2889,5129,922.8536010439028,647.3311739697773,996.0,714.4
2890,5129,922.8536010439028,647.3311739697773,996.0,714.4
2891,5129,922.8536010439028,647.3311739697773,996.0,714.4
2892,5129,922.8536010439028,647.3311739697773,996.0,714.4
2893,5129,922.8536010439028,647.3311739697773,996.0,714.4
2894,5129,922.8536010439028,647.3311739697773,996.0,714.4
2895,5129,922.8536010439028,647.3311739697773,996.0,714.4
2896,5129,922.8536010439028,647.3311739697773,996.0,714.4
2897,5129,922.8536010439028,647.3311739697773,996.0,714.4
2898,5129,922.8536010439028,647.3311739697773,996.0,714.4
2899,5129,922.8536010439028,647.3311739697773,996.0,714.4
2900,5129,922.8536010439028,647.3311739697773,996.0,714.4
2901,5129,922.8536010439028,647.3311739697773,996.0,714.4
2902,5129,922.8536010439028,647.3311739697773,996.0,714.4
2903,5129,922.8536010439028,647.3311739697773,996.0,714.4
2904,5129,922.8536010439028,647.3311739697773,996.0,714.4
2905,5129,922.8536010439028,647.3311739697773,996.0,714.4
2906,5129,922.8536010439028,647.3311739697773,996.0,714.4
2907,5129,922.8536010439028,647.3311739697773,996.0,714.4
2908,5129,922.8536010439028,647.3311739697773,996.0,714.4
2909,5129,922.8536010439028,647.3311739697773,996.0,714.4
2910,5129,922.8536010439028,647.3311739697773,996.0,714.4
2911,5129,922.8536010439028,647.3311739697773,996.0,714.4
2912,5129,922.8536010439028,647.3311739697773,996.0,714.4
2913,5129,922.8536010439028,647.3311739697773,996.0,714.4
2914,5129,922.8536010439028,647.3311739697773,996.0,714.4
2915,5129,922.8536010439028,647.3311739697773,996.0,714.4
2916,5129,922.8536010439028,647.3311739697773,996.0,714.4
2917,5129,922.8536010439028,647.3311739697773,996.0,714.4
2918,5129,922.8536010439028,647.3311739697773,996.0,714.4
2919,5129,922.8536010439028,647.3311739697773,996.0,714.4
2920,5129,922.8536010439028,647.3311739697773,996.0,714.4
2921,5129,922.8536010439028,647.3311739697773,996.0,714.4
2922,5129,922.8536010439028,647.3311739697773,996.0,714.4
2923,5129,922.8536010439028,647.3311739697773,996.0,714.4
2924,5129,922.8536010439028,647.3311739697773,996.0,714.4
2925,5129,922.8536010439028,647.3311739697773,996.0,714.4
2926,5129,922.8536010439028,647.3311739697773,996.0,714.4
2927,5129,922.8536010439028,647.3311739697773,996.0,714.4
2928,5129,922.8536010439028,647.3311739697773,996.0,714.4
2929,5129,922.8536010439028,647.3311739697773,996.0,714.4
2930,5129,922.8536010439028,647.3311739697773,996.0,714.4
2931,5129,922.8536010439028,647.3311739697773,996.0,714.4
2932,5129,922.8536010439028,647.3311739697773,996.0,714.4
2933,5130,922.8536010439028,647.3311739697773,996.0,714.4
2934,5130,922.8536010439028,647.3311739697773,996.0,714.4
2935,5130,922.8536010439028,647.3311739697773,996.0,714.4
2936,5130,922.8536010439028,647.3311739697773,996.0,714.4
2937,5130,922.8536010439028,647.3311739697773,996.0,714.4
2938,5130,922.8536010439028,647.3311739697773,996.0,714.4
2939,5130,922.8536010439028,647.3311739697773,996.0,714.4
2940,5130,922.8536010439028,647.3311739697773,996.0,714.4
2941,5130,922.8536010439028,647.3311739697773,996.0,714.4
2942,5130,922.8536010439028,647.3311739697773,996.0,714.4
2943,5130,922.8536010439028,647.3311739697773,996.0,714.4
2944,5130,922.8536010439028,647.3311739697773,996.0,714.4
2945,5130,922.8536010439028,647.3311739697773,996.0,714.4
2946,5130,922.8536010439028,647.3311739697773,996.0,714.4
2947,5130,922.8536010439028,647.3311739697773,996.0,714.4
2948,5130,922.8536010439028,647.3311739697773,996.0,714.4
2949,5130,922.8536010439028,647.3311739697773,996.0,714.4
2950,5130,922.8536010439028,647.3311739697773,996.0,714.4
2951,5130,922.8536010439028,647.3311739697773,996.0,714.4
2952,5130,922.8536010439028,647.3311739697773,996.0,714.4
2953,5130,922.8536010439028,647.3311739697773,996.0,714.4
2954,5130,922.8536010439028,647.3311739697773,996.0,714.4
2955,5130,922.8536010439028,647.3311739697773,996.0,714.4
2956,5130,922.8536010439028,647.3311739697773,996.0,714.4
2957,5130,922.8536010439028,647.3311739697773,996.0,714.4
2958,5130,922.8536010439028,647.3311739697773,996.0,714.4
2959,5130,922.8536010439028,647.3311739697773,996.0,714.4
2960,5130,922.8536010439028,647.3311739697773,996.0,714.4
2961,5130,922.8536010439028,647.3311739697773,996.0,714.4
2962,5130,922.8536010439028,647.3311739697773,996.0,714.4
2963,5131,922.8536010439028,647.3311739697773,996.0,714.4
2964,5132,922.8536010439028,647.3311739697773,996.0,714.4
2965,5133,922.8536010439028,647.3311739697773,996.0,714.4
2966,5134,922.8536010439028,647.3311739697773,996.0,714.4
2967,5135,922.8536010439028,647.3311739697773,996.0,714.4
2968,5136,922.8536010439028,647.3311739697773,996.0,714.4
2969,5137,922.8536010439028,647.3311739697773,996.0,714.4
2970,5138,922.8536010439028,647.3311739697773,996.0,714.4
2971,5139,922.8536010439028,647.3311739697773,996.0,714.4
2972,5140,922.8536010439028,647.3311739697773,996.0,714.4
2973,5141,922.8536010439028,647.3311739697773,996.0,714.4
2974,5142,922.8536010439028,647.3311739697773,996.0,714.4
2975,5143,922.8536010439028,647.3311739697773,996.0,714.4
2976,5144,922.8536010439028,647.3311739697773,996.0,714.4
2977,5145,922.8536010439028,647.3311739697773,996.0,714.4
2978,5146,922.8536010439028,647.3311739697773,996.0,714.4
2979,5147,922.8536010439028,647.3311739697773,996.0,714.4
2980,5148,922.8536010439028,647.3311739697773,996.0,714.4
2981,5149,922.8536010439028,647.3311739697773,996.0,714.4
2982,5150,922.8536010439028,647.3311739697773,996.0,714.4
2983,5151,922.8536010439028,647.3311739697773,996.0,714.4
2984,5152,922.8536010439028,647.3311739697773,996.0,714.4
2985,5153,922.8536010439028,647.3311739697773,996.0,714.4
2986,5154,922.8536010439028,647.3311739697773,996.0,714.4
2987,5155,922.8536010439028,647.3311739697773,996.0,714.4
2988,5156,922.8536010439028,647.3311739697773,996.0,714.4
2989,5157,922.8536010439028,647.3311739697773,996.0,714.4
2990,5158,922.8536010439028,647.3311739697773,996.0,714.4
2991,5159,922.8536010439028,647.3311739697773,996.0,714.4
2992,5160,922.8536010439028,647.3311739697773,996.0,714.4
2993,5161,922.8536010439028,647.3311739697773,996.0,714.4
2994,5162,922.8536010439028,647.3311739697773,996.0,714.4
2995,5163,922.8536010439028,647.3311739697773,996.0,714.4
2996,5164,922.8536010439028,647.3311739697773,996.0,714.4
2997,5165,922.8536010439028,647.3311739697773,996.0,714.4
2998,5166,922.8536010439028,647.3311739697773,996.0,714.4
2999,5167,922.8536010439028,647.3311739697773,996.0,714.4
3000,5168,922.8536010439028,647.3311739697773,996.0,714.4
3001,5169,922.8536010439028,647.3311739697773,996.0,714.4
3002,5170,922.8536010439028,647.3311739697773,996.0,714.4
3003,5171,922.8536010439028,647.3311739697773,996.0,714.4
3004,5172,922.8536010439028,647.3311739697773,996.0,714.4
3005,5173,922.8536010439028,647.3311739697773,996.0,714.4
3006,5174,922.8536010439028,647.3311739697773,996.0,714.4
3007,5175,922.8536010439028,647.3311739697773,996.0,714.4
3008,5176,922.8536010439028,647.3311739697773,996.0,714.4
3009,5177,922.8536010439028,647.3311739697773,996.0,714.4
3010,5178,922.8536010439028,647.3311739697773,996.0,714.4
3011,5179,922.8536010439028,647.3311739697773,996.0,714.4
3012,5180,922.8536010439028,647.3311739697773,996.0,714.4
3013,5181,922.8536010439028,647.3311739697773,996.0,714.4
3014,5182,922.8536010439028,647.3311739697773,996.0,714.4
3015,5183,922.8536010439028,647.3311739697773,996.0,714.4
3016,5184,922.8536010439028,647.3311739697773,996.0,714.4
3017,5185,922.8536010439028,647.3311739697773,996.0,714.4
3018,5186,922.8536010439028,647.3311739697773,996.0,714.4
3019,5187,922.8536010439028,647.3311739697773,996.0,714.4
3020,5188,922.8536010439028,647.3311739697773,996.0,714.4
3021,5189,922.8536010439028,647.3311739697773,996.0,714.4
3022,5190,922.8536010439028,647.3311739697773,996.0,714.4
3023,5191,922.8536010439028,647.3311739697773,996.0,714.4
3024,5192,922.8536010439028,647.3311739697773,996.0,714.4
3025,5193,922.8536010439028,647.3311739697773,996.0,714.4
3026,5194,922.8536010439028,647.3311739697773,996.0,714.4
3027,5195,922.8536010439028,647.3311739697773,996.0,714.4
3028,5196,922.8536010439028,647.3311739697773,996.0,714.4
3029,5197,922.8536010439028,647.3311739697773,996.0,714.4
3030,5198,922.8536010439028,647.3311739697773,996.0,714.4
3031,5199,922.8536010439028,647.3311739697773,996.0,714.4
3032,5200,922.8536010439028,647.3311739697773,996.0,714.4
3033,5201,922.8536010439028,647.3311739697773,996.0,714.4
3034,5202,922.8536010439028,647.3311739697773,996.0,714.4
3035,5203,922.8536010439028,647.3311739697773,996.0,714.4
3036,5204,922.8536010439028,647.3311739697773,996.0,714.4
3037,5205,922.8536010439028,647.3311739697773,996.0,714.4
3038,5206,922.8536010439028,647.3311739697773,996.0,714.4
3039,5207,922.8536010439028,647.3311739697773,996.0,714.4
3040,5208,922.8536010439028,647.3311739697773,996.0,714.4
3041,5209,922.8536010439028,647.3311739697773,996.0,714.4
3042,5210,922.8536010439028,647.3311739697773,996.0,714.4
3043,5211,922.8536010439028,647.3311739697773,996.0,714.4
3044,5212,922.8536010439028,647.3311739697773,996.0,714.4
3045,5213,922.8536010439028,647.3311739697773,996.0,714.4
3046,5214,922.8536010439028,647.3311739697773,996.0,714.4
3047,5215,922.8536010439028,647.3311739697773,996.0,714.4
3048,5216,922.8536010439028,647.3311739697773,996.0,714.4
3049,5217,922.8536010439028,647.3311739697773,996.0,714.4
3050,5218,922.8536010439028,647.3311739697773,996.0,714.4
3051,5219,922.8536010439028,647.3311739697773,996.0,714.4
3052,5220,922.8536010439028,647.3311739697773,996.0,714.4
3053,5221,922.8536010439028,647.3311739697773,996.0,714.4
3054,5222,922.8536010439028,647.3311739697773,996.0,714.4
3055,5223,922.8536010439028,647.3311739697773,996.0,714.4
3056,5224,922.8536010439028,647.3311739697773,996.0,714.4
3057,5225,922.8536010439028,647.3311739697773,996.0,714.4
3058,5226,922.8536010439028,647.3311739697773,996.0,714.4
3059,5227,922.8536010439028,647.3311739697773,996.0,714.4
3060,5228,922.8536010439028,647.3311739697773,996.0,714.4
3061,5229,922.8536010439028,647.3311739697773,996.0,714.4
3062,5230,922.8536010439028,647.3311739697773,996.0,714.4
3063,5231,922.8536010439028,647.3311739697773,996.0,714.4
3064,5232,922.8536010439028,647.3311739697773,996.0,714.4
3065,5233,922.8536010439028,647.3311739697773,996.0,714.4
3066,5234,922.8536010439028,647.3311739697773,996.0,714.4
3067,5235,922.8536010439028,647.3311739697773,996.0,714.4
3068,5236,922.8536010439028,647.3311739697773,996.0,714.4
3069,5237,922.8536010439028,647.3311739697773,996.0,714.4
3070,5238,922.8536010439028,647.3311739697773,996.0,714.4
3071,5239,922.8536010439028,647.3311739697773,996.0,714.4
3072,5240,922.8536010439028,647.3311739697773,996.0,714.4
3073,5241,922.8536010439028,647.3311739697773,996.0,714.4
3074,5242,922.8536010439028,647.3311739697773,996.0,714.4
3075,5243,922.8536010439028,647.3311739697773,996.0,714.4
3076,5244,922.8536010439028,647.3311739697773,996.0,714.4
3077,5245,922.8536010439028,647.3311739697773,996.0,714.4
3078,5246,922.8536010439028,647.3311739697773,996.0,714.4
3079,5247,922.8536010439028,647.3311739697773,996.0,714.4
3080,5248,922.8536010439028,647.3311739697773,996.0,714.4
3081,5249,922.8536010439028,647.3311739697773,996.0,714.4
3082,5250,922.8536010439028,647.3311739697773,996.0,714.4
3083,5251,922.8536010439028,647.3311739697773,996.0,714.4
3084,5252,922.8536010439028,647.3311739697773,996.0,714.4
3085,5253,922.8536010439028,647.3311739697773,996.0,714.4
3086,5254,922.8536010439028,647.3311739697773,996.0,714.4
3087,5255,922.8536010439028,647.3311739697773,994.078947368421,697.4052631578948
3088,5256,922.8536010439028,647.3311739697773,992.1578947368421,680.4105263157894
3089,5257,922.8536010439028,647.3311739697773,990.2368421052631,663.4157894736842
3090,5258,922.8536010439028,647.3311739697773,988.3157894736842,646.421052631579
3091,5259,922.8536010439028,647.3311739697773,986.3947368421053,629.4263157894736
3092,5260,922.8536010439028,647.3311739697773,984.4736842105264,612.4315789473684
3093,5261,922.8536010439028,647.3311739697773,982.5526315789474,595.4368421052632
3094,5262,922.8536010439028,647.3311739697773,980.6315789473684,578.4421052631578
3095,5263,922.8536010439028,647.3311739697773,978.7105263157895,561.4473684210526
3096,5264,922.8536010439028,647.3311739697773,976.7894736842105,544.4526315789474
3097,5265,922.8536010439028,647.3311739697773,974.8684210526316,527.457894736842
3098,5266,922.8536010439028,647.3311739697773,972.9473684210526,510.4631578947368
3099,5267,922.8536010439028,647.3311739697773,971.0263157894736,493.4684210526316
3100,5268,922.8536010439028,647.3311739697773,969.1052631578947,476.4736842105263
3101,5269,922.8536010439028,647.3311739697773,967.1842105263158,459.478947368421
3102,5270,922.8536010439028,647.3311739697773,965.2631578947369,442.4842105263158
3103,5271,922.8536010439028,647.3311739697773,963.3421052631579,425.4894736842105
3104,5272,922.8536010439028,647.3311739697773,961.421052631579,408.4947368421053
3105,5273,922.8536010439028,647.3311739697773,959.5,391.5
3106,5274,922.8536010439028,647.3311739697773,959.5,391.5
3107,5275,922.8536010439028,647.3311739697773,959.5,391.5
3108,5276,922.8536010439028,647.3311739697773,959.5,391.5
3109,5277,922.8536010439028,647.3311739697773,959.5,391.5
3110,5278,922.8536010439028,647.3311739697773,959.5,391.5
3111,5279,922.8536010439028,647.3311739697773,959.5,391.5
3112,5280,922.8536010439028,647.3311739697773,959.5,391.5
3113,5281,922.8536010439028,647.3311739697773,959.5,391.5
3114,5282,922.8536010439028,647.3311739697773,959.5,391.5
3115,5283,922.8536010439028,647.3311739697773,959.5,391.5
3116,5283,833.8536010439028,447.3311739697773,959.5,391.5
3117,5283,833.8536010439028,447.3311739697773,959.5,391.5
3118,5283,833.8536010439028,447.3311739697773,959.5,391.5
3119,5283,833.8536010439028,447.3311739697773,959.5,391.5
3120,5283,833.8536010439028,447.3311739697773,959.5,391.5
3121,5283,833.8536010439028,447.3311739697773,959.5,391.5
3122,5283,833.8536010439028,447.3311739697773,959.5,391.5
3123,5283,833.8536010439028,447.3311739697773,959.5,391.5
3124,5283,833.8536010439028,447.3311739697773,959.5,391.5
3125,5283,833.8536010439028,447.3311739697773,959.5,391.5
3126,5283,833.8536010439028,447.3311739697773,959.5,391.5
3127,5283,833.8536010439028,447.3311739697773,959.5,391.5
3128,5283,833.8536010439028,447.3311739697773,959.5,391.5
3129,5283,833.8536010439028,447.3311739697773,959.5,391.5
3130,5283,833.8536010439028,447.3311739697773,959.5,391.5
3131,5283,833.8536010439028,447.3311739697773,959.5,391.5
3132,5283,833.8536010439028,447.3311739697773,959.5,391.5
3133,5283,833.8536010439028,447.3311739697773,959.5,391.5
3134,5283,833.8536010439028,447.3311739697773,959.5,391.5
3135,5283,833.8536010439028,447.3311739697773,959.5,391.5
3136,5283,833.8536010439028,447.3311739697773,959.5,391.5
3137,5283,833.8536010439028,447.3311739697773,959.5,391.5
3138,5283,833.8536010439028,447.3311739697773,959.5,391.5
3139,5283,833.8536010439028,447.3311739697773,959.5,391.5
3140,5283,833.8536010439028,447.3311739697773,959.5,391.5
3141,5283,833.8536010439028,447.3311739697773,959.5,391.5
3142,5283,833.8536010439028,447.3311739697773,959.5,391.5
3143,5283,833.8536010439028,447.3311739697773,959.5,391.5
3144,5283,833.8536010439028,447.3311739697773,959.5,391.5
3145,5283,833.8536010439028,447.3311739697773,959.5,391.5
3146,5283,833.8536010439028,447.3311739697773,959.5,391.5
3147,5283,833.8536010439028,447.3311739697773,959.5,391.5
3148,5283,833.8536010439028,447.3311739697773,959.5,391.5
3149,5283,833.8536010439028,447.3311739697773,959.5,391.5
3150,5283,744.8536010439028,246.3311739697773,959.5,391.5
3151,5283,744.8536010439028,246.3311739697773,959.5,391.5
3152,5283,744.8536010439028,246.3311739697773,959.5,391.5
3153,5283,744.8536010439028,246.3311739697773,959.5,391.5
3154,5283,744.8536010439028,246.3311739697773,959.5,391.5
3155,5283,744.8536010439028,246.3311739697773,959.5,391.5
3156,5283,744.8536010439028,246.3311739697773,959.5,391.5
3157,5283,744.8536010439028,246.3311739697773,959.5,391.5
3158,5283,744.8536010439028,246.3311739697773,959.5,391.5
3159,5283,744.8536010439028,246.3311739697773,959.5,391.5
3160,5283,744.8536010439028,246.3311739697773,959.5,391.5
3161,5283,744.8536010439028,246.3311739697773,959.5,391.5
3162,5283,744.8536010439028,246.3311739697773,959.5,391.5
3163,5283,744.8536010439028,246.3311739697773,959.5,391.5
3164,5283,744.8536010439028,246.3311739697773,959.5,391.5
3165,5283,744.8536010439028,246.3311739697773,959.5,391.5
3166,5283,744.8536010439028,246.3311739697773,959.5,391.5
3167,5283,744.8536010439028,246.3311739697773,959.5,391.5
3168,5283,744.8536010439028,246.3311739697773,959.5,391.5
3169,5283,744.8536010439028,246.3311739697773,959.5,391.5
3170,5283,744.8536010439028,246.3311739697773,959.5,391.5
3171,5283,744.8536010439028,246.3311739697773,959.5,391.5
3172,5283,744.8536010439028,246.3311739697773,959.5,391.5
3173,5283,744.8536010439028,246.3311739697773,959.5,391.5
3174,5283,744.8536010439028,246.3311739697773,959.5,391.5
3175,5283,744.8536010439028,246.3311739697773,959.5,391.5
3176,5283,744.8536010439028,246.3311739697773,959.5,391.5
3177,5283,744.8536010439028,246.3311739697773,959.5,391.5
3178,5283,744.8536010439028,246.3311739697773,959.5,391.5
3179,5283,744.8536010439028,246.3311739697773,959.5,391.5
3180,5283,744.8536010439028,246.3311739697773,959.5,391.5
3181,5283,744.8536010439028,246.3311739697773,959.5,391.5
3182,5283,744.8536010439028,246.3311739697773,959.5,391.5
3183,5283,744.8536010439028,246.3311739697773,959.5,391.5
3184,5283,744.8536010439028,246.3311739697773,959.5,391.5
3185,5283,744.8536010439028,246.3311739697773,959.5,391.5
3186,5283,744.8536010439028,246.3311739697773,959.5,391.5
3187,5283,744.8536010439028,246.3311739697773,959.5,391.5
3188,5283,744.8536010439028,246.3311739697773,959.5,391.5
3189,5283,744.8536010439028,246.3311739697773,959.5,391.5
3190,5283,744.8536010439028,246.3311739697773,959.5,391.5
3191,5283,744.8536010439028,246.3311739697773,959.5,391.5
3192,5283,744.8536010439028,246.3311739697773,959.5,391.5
3193,5283,744.8536010439028,246.3311739697773,959.5,391.5
3194,5283,744.8536010439028,246.3311739697773,959.5,391.5
3195,5283,744.8536010439028,246.3311739697773,959.5,391.5
3196,5283,744.8536010439028,246.3311739697773,959.5,391.5
3197,5283,744.8536010439028,246.3311739697773,959.5,391.5
3198,5283,744.8536010439028,246.3311739697773,959.5,391.5
3199,5283,744.8536010439028,246.3311739697773,959.5,391.5
3200,5283,744.8536010439028,246.3311739697773,959.5,391.5
3201,5283,744.8536010439028,246.3311739697773,959.5,391.5
3202,5283,744.8536010439028,246.3311739697773,959.5,391.5
3203,5283,744.8536010439028,246.3311739697773,959.5,391.5
3204,5283,744.8536010439028,246.3311739697773,959.5,391.5
3205,5283,744.8536010439028,246.3311739697773,959.5,391.5
3206,5283,744.8536010439028,246.3311739697773,959.5,391.5
3207,5283,744.8536010439028,246.3311739697773,959.5,391.5
3208,5283,744.8536010439028,246.3311739697773,959.5,391.5
3209,5283,744.8536010439028,246.3311739697773,959.5,391.5
3210,5283,744.8536010439028,246.3311739697773,959.5,391.5
3211,5283,744.8536010439028,246.3311739697773,959.5,391.5
3212,5283,744.8536010439028,246.3311739697773,959.5,391.5
3213,5283,744.8536010439028,246.3311739697773,959.5,391.5
3214,5283,744.8536010439028,246.3311739697773,959.5,391.5
3215,5283,744.8536010439028,246.3311739697773,959.5,391.5
3216,5283,841.8536010439028,403.3311739697773,959.5,391.5
3217,5283,841.8536010439028,403.3311739697773,959.5,391.5
3218,5283,841.8536010439028,403.3311739697773,959.5,391.5
3219,5283,841.8536010439028,403.3311739697773,959.5,391.5
3220,5283,841.8536010439028,403.3311739697773,959.5,391.5
3221,5283,841.8536010439028,403.3311739697773,959.5,391.5
3222,5283,841.8536010439028,403.3311739697773,959.5,391.5
3223,5283,841.8536010439028,403.3311739697773,959.5,391.5
3224,5283,841.8536010439028,403.3311739697773,959.5,391.5
3225,5283,841.8536010439028,403.3311739697773,959.5,391.5
3226,5283,841.8536010439028,403.3311739697773,959.5,391.5
3227,5283,841.8536010439028,403.3311739697773,959.5,391.5
3228,5283,841.8536010439028,403.3311739697773,959.5,391.5
3229,5283,841.8536010439028,403.3311739697773,959.5,391.5
3230,5283,841.8536010439028,403.3311739697773,959.5,391.5
3231,5283,841.8536010439028,403.3311739697773,959.5,391.5
3232,5283,841.8536010439028,403.3311739697773,959.5,391.5
3233,5283,841.8536010439028,403.3311739697773,959.5,391.5
3234,5283,841.8536010439028,403.3311739697773,959.5,391.5
3235,5283,841.8536010439028,403.3311739697773,959.5,391.5
3236,5283,841.8536010439028,403.3311739697773,959.5,391.5
3237,5283,841.8536010439028,403.3311739697773,959.5,391.5
3238,5283,841.8536010439028,403.3311739697773,959.5,391.5
3239,5283,841.8536010439028,403.3311739697773,959.5,391.5
3240,5283,841.8536010439028,403.3311739697773,959.5,391.5
3241,5283,841.8536010439028,403.3311739697773,959.5,391.5
3242,5283,841.8536010439028,403.3311739697773,959.5,391.5
3243,5283,841.8536010439028,403.3311739697773,959.5,391.5
3244,5283,841.8536010439028,403.3311739697773,959.5,391.5
3245,5283,841.8536010439028,403.3311739697773,959.5,391.5
3246,5283,841.8536010439028,403.3311739697773,959.5,391.5
3247,5283,841.8536010439028,403.3311739697773,959.5,391.5
3248,5283,841.8536010439028,403.3311739697773,959.5,391.5
3249,5283,841.8536010439028,403.3311739697773,959.5,391.5
3250,5283,938.8536010439028,560.3311739697773,959.5,391.5
3251,5283,938.8536010439028,560.3311739697773,959.5,391.5
3252,5283,938.8536010439028,560.3311739697773,959.5,391.5
3253,5283,938.8536010439028,560.3311739697773,959.5,391.5
3254,5283,938.8536010439028,560.3311739697773,959.5,391.5
3255,5283,938.8536010439028,560.3311739697773,959.5,391.5
3256,5283,938.8536010439028,560.3311739697773,959.5,391.5
3257,5283,938.8536010439028,560.3311739697773,959.5,391.5
3258,5283,938.8536010439028,560.3311739697773,959.5,391.5
3259,5283,938.8536010439028,560.3311739697773,959.5,391.5
3260,5283,938.8536010439028,560.3311739697773,959.5,391.5
3261,5283,938.8536010439028,560.3311739697773,959.5,391.5
3262,5283,938.8536010439028,560.3311739697773,959.5,391.5
3263,5283,938.8536010439028,560.3311739697773,959.5,391.5
3264,5283,938.8536010439028,560.3311739697773,959.5,391.5
3265,5283,938.8536010439028,560.3311739697773,959.5,391.5
3266,5283,938.8536010439028,560.3311739697773,959.5,391.5
3267,5283,938.8536010439028,560.3311739697773,959.5,391.5
3268,5283,938.8536010439028,560.3311739697773,959.5,391.5
3269,5283,938.8536010439028,560.3311739697773,959.5,391.5
3270,5283,938.8536010439028,560.3311739697773,959.5,391.5
3271,5283,938.8536010439028,560.3311739697773,959.5,391.5
3272,5283,938.8536010439028,560.3311739697773,959.5,391.5
3273,5283,938.8536010439028,560.3311739697773,959.5,391.5
3274,5283,938.8536010439028,560.3311739697773,959.5,391.5
3275,5283,938.8536010439028,560.3311739697773,959.5,391.5
3276,5283,938.8536010439028,560.3311739697773,959.5,391.5
3277,5283,938.8536010439028,560.3311739697773,959.5,391.5
3278,5283,938.8536010439028,560.3311739697773,959.5,391.5
3279,5283,938.8536010439028,560.3311739697773,959.5,391.5
3280,5283,938.8536010439028,560.3311739697773,959.5,391.5
3281,5283,938.8536010439028,560.3311739697773,959.5,391.5
3282,5283,938.8536010439028,560.3311739697773,959.5,391.5
3283,5283,938.8536010439028,560.3311739697773,959.5,391.5
3284,5283,938.8536010439028,560.3311739697773,959.5,391.5
3285,5283,938.8536010439028,560.3311739697773,959.5,391.5
3286,5283,938.8536010439028,560.3311739697773,959.5,391.5
3287,5283,938.8536010439028,560.3311739697773,959.5,391.5
3288,5283,938.8536010439028,560.3311739697773,959.5,391.5
3289,5283,938.8536010439028,560.3311739697773,959.5,391.5
3290,5283,938.8536010439028,560.3311739697773,959.5,391.5
3291,5283,938.8536010439028,560.3311739697773,959.5,391.5
3292,5283,938.8536010439028,560.3311739697773,959.5,391.5
3293,5283,938.8536010439028,560.3311739697773,959.5,391.5
3294,5283,938.8536010439028,560.3311739697773,959.5,391.5
3295,5283,938.8536010439028,560.3311739697773,959.5,391.5
3296,5283,938.8536010439028,560.3311739697773,959.5,391.5
3297,5283,938.8536010439028,560.3311739697773,959.5,391.5
3298,5283,938.8536010439028,560.3311739697773,959.5,391.5
3299,5283,938.8536010439028,560.3311739697773,959.5,391.5
3300,5283,938.8536010439028,560.3311739697773,959.5,391.5
3301,5283,938.8536010439028,560.3311739697773,959.5,391.5
3302,5283,938.8536010439028,560.3311739697773,959.5,391.5
3303,5283,938.8536010439028,560.3311739697773,959.5,391.5
3304,5283,938.8536010439028,560.3311739697773,959.5,391.5
3305,5283,938.8536010439028,560.3311739697773,959.5,391.5
3306,5283,938.8536010439028,560.3311739697773,959.5,391.5
3307,5283,938.8536010439028,560.3311739697773,959.5,391.5
3308,5283,938.8536010439028,560.3311739697773,959.5,391.5
3309,5283,938.8536010439028,560.3311739697773,959.5,391.5
3310,5283,938.8536010439028,560.3311739697773,959.5,391.5
3311,5283,938.8536010439028,560.3311739697773,959.5,391.5
3312,5283,938.8536010439028,560.3311739697773,959.5,391.5
3313,5283,938.8536010439028,560.3311739697773,959.5,391.5
3314,5283,938.8536010439028,560.3311739697773,959.5,391.5
3315,5283,938.8536010439028,560.3311739697773,959.5,391.5
3316,5283,938.8536010439028,560.3311739697773,959.5,391.5
3317,5283,938.8536010439028,560.3311739697773,959.5,391.5
3318,5283,938.8536010439028,560.3311739697773,959.5,391.5
3319,5283,938.8536010439028,560.3311739697773,959.5,391.5
3320,5283,938.8536010439028,560.3311739697773,959.5,391.5
3321,5283,938.8536010439028,560.3311739697773,959.5,391.5
3322,5283,938.8536010439028,560.3311739697773,959.5,391.5
3323,5283,938.8536010439028,560.3311739697773,959.5,391.5
3324,5283,938.8536010439028,560.3311739697773,959.5,391.5
3325,5283,938.8536010439028,560.3311739697773,959.5,391.5
3326,5283,938.8536010439028,560.3311739697773,959.5,391.5
3327,5283,938.8536010439028,560.3311739697773,959.5,391.5
3328,5283,938.8536010439028,560.3311739697773,959.5,391.5
3329,5283,938.8536010439028,560.3311739697773,959.5,391.5
3330,5283,938.8536010439028,560.3311739697773,959.5,391.5
3331,5283,938.8536010439028,560.3311739697773,959.5,391.5
3332,5283,938.8536010439028,560.3311739697773,959.5,391.5
3333,5283,938.8536010439028,560.3311739697773,959.5,391.5
3334,5283,938.8536010439028,560.3311739697773,959.5,391.5
3335,5283,938.8536010439028,560.3311739697773,959.5,391.5
3336,5283,938.8536010439028,560.3311739697773,959.5,391.5
3337,5283,938.8536010439028,560.3311739697773,959.5,391.5
3338,5283,938.8536010439028,560.3311739697773,959.5,391.5
3339,5283,938.8536010439028,560.3311739697773,959.5,391.5
3340,5283,938.8536010439028,560.3311739697773,959.5,391.5
3341,5283,938.8536010439028,560.3311739697773,959.5,391.5
3342,5283,938.8536010439028,560.3311739697773,959.5,391.5
3343,5283,938.8536010439028,560.3311739697773,959.5,391.5
3344,5283,938.8536010439028,560.3311739697773,959.5,391.5
3345,5283,938.8536010439028,560.3311739697773,959.5,391.5
3346,5283,938.8536010439028,560.3311739697773,959.5,391.5
3347,5283,938.8536010439028,560.3311739697773,959.5,391.5
3348,5283,938.8536010439028,560.3311739697773,959.5,391.5
3349,5283,938.8536010439028,560.3311739697773,959.5,391.5
3350,5283,938.8536010439028,560.3311739697773,959.5,391.5
3351,5283,938.8536010439028,560.3311739697773,959.5,391.5
3352,5283,938.8536010439028,560.3311739697773,959.5,391.5
3353,5283,938.8536010439028,560.3311739697773,959.5,391.5
3354,5283,938.8536010439028,560.3311739697773,959.5,391.5
3355,5283,938.8536010439028,560.3311739697773,959.5,391.5
3356,5283,938.8536010439028,560.3311739697773,959.5,391.5
3357,5283,938.8536010439028,560.3311739697773,959.5,391.5
3358,5283,938.8536010439028,560.3311739697773,959.5,391.5
3359,5283,938.8536010439028,560.3311739697773,959.5,391.5
3360,5283,938.8536010439028,560.3311739697773,959.5,391.5
3361,5283,938.8536010439028,560.3311739697773,959.5,391.5
3362,5283,938.8536010439028,560.3311739697773,959.5,391.5
3363,5283,938.8536010439028,560.3311739697773,959.5,391.5
3364,5283,938.8536010439028,560.3311739697773,959.5,391.5
3365,5283,938.8536010439028,560.3311739697773,959.5,391.5
3366,5283,938.8536010439028,560.3311739697773,959.5,391.5
3367,5283,938.8536010439028,560.3311739697773,959.5,391.5
3368,5283,938.8536010439028,560.3311739697773,959.5,391.5
3369,5283,938.8536010439028,560.3311739697773,959.5,391.5
3370,5283,938.8536010439028,560.3311739697773,959.5,391.5
3371,5283,938.8536010439028,560.3311739697773,959.5,391.5
3372,5283,938.8536010439028,560.3311739697773,959.5,391.5
3373,5283,938.8536010439028,560.3311739697773,959.5,391.5
3374,5283,938.8536010439028,560.3311739697773,959.5,391.5
3375,5283,938.8536010439028,560.3311739697773,959.5,391.5
3376,5283,938.8536010439028,560.3311739697773,959.5,391.5
3377,5283,938.8536010439028,560.3311739697773,959.5,391.5
3378,5283,938.8536010439028,560.3311739697773,959.5,391.5
3379,5283,938.8536010439028,560.3311739697773,959.5,391.5
3380,5283,938.8536010439028,560.3311739697773,959.5,391.5
3381,5283,938.8536010439028,560.3311739697773,959.5,391.5
3382,5283,1259.853601043903,669.3311739697773,959.5,391.5
3383,5283,1259.853601043903,669.3311739697773,959.5,391.5
3384,5283,1259.853601043903,669.3311739697773,959.5,391.5
3385,5283,1259.853601043903,669.3311739697773,959.5,391.5
3386,5283,1259.853601043903,669.3311739697773,959.5,391.5
3387,5283,1259.853601043903,669.3311739697773,959.5,391.5
3388,5283,1259.853601043903,669.3311739697773,959.5,391.5
3389,5283,1259.853601043903,669.3311739697773,959.5,391.5
3390,5283,1259.853601043903,669.3311739697773,959.5,391.5
3391,5283,1259.853601043903,669.3311739697773,959.5,391.5
3392,5283,1259.853601043903,669.3311739697773,959.5,391.5
3393,5283,1259.853601043903,669.3311739697773,959.5,391.5
3394,5283,1259.853601043903,669.3311739697773,959.5,391.5
3395,5283,1259.853601043903,669.3311739697773,959.5,391.5
3396,5283,1259.853601043903,669.3311739697773,959.5,391.5
3397,5283,1259.853601043903,669.3311739697773,959.5,391.5
3398,5283,1259.853601043903,669.3311739697773,959.5,391.5
3399,5283,1259.853601043903,669.3311739697773,959.5,391.5
3400,5283,1259.853601043903,669.3311739697773,959.5,391.5
3401,5283,1259.853601043903,669.3311739697773,959.5,391.5
3402,5283,1259.853601043903,669.3311739697773,959.5,391.5
3403,5283,1259.853601043903,669.3311739697773,959.5,391.5
3404,5283,1259.853601043903,669.3311739697773,959.5,391.5
3405,5283,1259.853601043903,669.3311739697773,959.5,391.5
3406,5283,1259.853601043903,669.3311739697773,959.5,391.5
3407,5283,1259.853601043903,669.3311739697773,959.5,391.5
3408,5283,1259.853601043903,669.3311739697773,959.5,391.5
3409,5283,1259.853601043903,669.3311739697773,959.5,391.5
3410,5283,1259.853601043903,669.3311739697773,959.5,391.5
3411,5283,1259.853601043903,669.3311739697773,959.5,391.5
3412,5283,1259.853601043903,669.3311739697773,959.5,391.5
3413,5283,1259.853601043903,669.3311739697773,959.5,391.5
3414,5283,1259.853601043903,669.3311739697773,959.5,391.5
3415,5283,1259.853601043903,669.3311739697773,959.5,391.5
3416,5283,1259.853601043903,669.3311739697773,959.5,391.5
3417,5283,1259.853601043903,669.3311739697773,959.5,391.5
3418,5283,1259.853601043903,669.3311739697773,959.5,391.5
3419,5283,1259.853601043903,669.3311739697773,959.5,391.5
3420,5283,1259.853601043903,669.3311739697773,959.5,391.5
3421,5283,1259.853601043903,669.3311739697773,959.5,391.5
3422,5283,1259.853601043903,669.3311739697773,959.5,391.5
3423,5283,1259.853601043903,669.3311739697773,959.5,391.5
3424,5283,1259.853601043903,669.3311739697773,959.5,391.5
3425,5283,1259.853601043903,669.3311739697773,959.5,391.5
3426,5283,1259.853601043903,669.3311739697773,959.5,391.5
3427,5283,1259.853601043903,669.3311739697773,959.5,391.5
3428,5283,1259.853601043903,669.3311739697773,959.5,391.5
3429,5283,1259.853601043903,669.3311739697773,959.5,391.5
3430,5283,1259.853601043903,669.3311739697773,959.5,391.5
3431,5283,1259.853601043903,669.3311739697773,959.5,391.5
3432,5283,1259.853601043903,669.3311739697773,959.5,391.5
3433,5283,1259.853601043903,669.3311739697773,959.5,391.5
3434,5283,1259.853601043903,669.3311739697773,959.5,391.5
3435,5283,1259.853601043903,669.3311739697773,959.5,391.5
3436,5283,1259.853601043903,669.3311739697773,959.5,391.5
3437,5283,1259.853601043903,669.3311739697773,959.5,391.5
3438,5283,1259.853601043903,669.3311739697773,959.5,391.5
3439,5283,1259.853601043903,669.3311739697773,959.5,391.5
3440,5283,1259.853601043903,669.3311739697773,959.5,391.5
3441,5283,1259.853601043903,669.3311739697773,959.5,391.5
3442,5283,1259.853601043903,669.3311739697773,959.5,391.5
3443,5283,1259.853601043903,669.3311739697773,959.5,391.5
3444,5283,1259.853601043903,669.3311739697773,959.5,391.5
3445,5283,1259.853601043903,669.3311739697773,959.5,391.5
3446,5283,1259.853601043903,669.3311739697773,959.5,391.5
3447,5283,1259.853601043903,669.3311739697773,959.5,391.5
3448,5283,1259.853601043903,669.3311739697773,959.5,391.5
3449,5283,1259.853601043903,669.3311739697773,959.5,391.5
3450,5283,1259.853601043903,669.3311739697773,959.5,391.5
3451,5283,1259.853601043903,669.3311739697773,959.5,391.5
3452,5283,1259.853601043903,669.3311739697773,959.5,391.5
3453,5283,1259.853601043903,669.3311739697773,959.5,391.5
3454,5283,1259.853601043903,669.3311739697773,959.5,391.5
3455,5283,1259.853601043903,669.3311739697773,959.5,391.5
3456,5283,1259.853601043903,669.3311739697773,959.5,391.5
3457,5283,1259.853601043903,669.3311739697773,959.5,391.5
3458,5283,1259.853601043903,669.3311739697773,959.5,391.5
3459,5283,1259.853601043903,669.3311739697773,959.5,391.5
3460,5283,1259.853601043903,669.3311739697773,959.5,391.5
3461,5283,1259.853601043903,669.3311739697773,959.5,391.5
3462,5283,1259.853601043903,669.3311739697773,959.5,391.5
3463,5283,1259.853601043903,669.3311739697773,959.5,391.5
3464,5283,1259.853601043903,669.3311739697773,959.5,391.5
3465,5283,1259.853601043903,669.3311739697773,959.5,391.5
3466,5283,1259.853601043903,669.3311739697773,959.5,391.5
3467,5283,1259.853601043903,669.3311739697773,959.5,391.5
3468,5283,1259.853601043903,669.3311739697773,959.5,391.5
3469,5283,1259.853601043903,669.3311739697773,959.5,391.5
3470,5283,1259.853601043903,669.3311739697773,959.5,391.5
3471,5283,1259.853601043903,669.3311739697773,959.5,391.5
3472,5283,1259.853601043903,669.3311739697773,959.5,391.5
3473,5283,1259.853601043903,669.3311739697773,959.5,391.5
3474,5283,1259.853601043903,669.3311739697773,959.5,391.5
3475,5283,1259.853601043903,669.3311739697773,959.5,391.5
3476,5283,1259.853601043903,669.3311739697773,959.5,391.5
3477,5283,1259.853601043903,669.3311739697773,959.5,391.5
3478,5283,1259.853601043903,669.3311739697773,959.5,391.5
3479,5283,1259.853601043903,669.3311739697773,959.5,391.5
3480,5283,1259.853601043903,669.3311739697773,959.5,391.5
3481,5283,1259.853601043903,669.3311739697773,959.5,391.5
3482,5283,1259.853601043903,669.3311739697773,959.5,391.5
3483,5283,1259.853601043903,669.3311739697773,959.5,391.5
3484,5283,1259.853601043903,669.3311739697773,959.5,391.5
3485,5283,1259.853601043903,669.3311739697773,959.5,391.5
3486,5283,1259.853601043903,669.3311739697773,959.5,391.5
3487,5283,1259.853601043903,669.3311739697773,959.5,391.5
3488,5283,1259.853601043903,669.3311739697773,959.5,391.5
3489,5283,1259.853601043903,669.3311739697773,959.5,391.5
3490,5283,1259.853601043903,669.3311739697773,959.5,391.5
3491,5283,1259.853601043903,669.3311739697773,959.5,391.5
3492,5283,1259.853601043903,669.3311739697773,959.5,391.5
3493,5283,1259.853601043903,669.3311739697773,959.5,391.5
3494,5283,1259.853601043903,669.3311739697773,959.5,391.5
3495,5283,1259.853601043903,669.3311739697773,959.5,391.5
3496,5283,1259.853601043903,669.3311739697773,959.5,391.5
3497,5283,1259.853601043903,669.3311739697773,959.5,391.5
3498,5283,1259.853601043903,669.3311739697773,959.5,391.5
3499,5283,1259.853601043903,669.3311739697773,959.5,391.5
3500,5283,1259.853601043903,669.3311739697773,959.5,391.5
3501,5283,1259.853601043903,669.3311739697773,959.5,391.5
3502,5283,1259.853601043903,669.3311739697773,959.5,391.5
3503,5283,1259.853601043903,669.3311739697773,959.5,391.5
3504,5283,1259.853601043903,669.3311739697773,959.5,391.5
3505,5283,1259.853601043903,669.3311739697773,959.5,391.5
3506,5283,1259.853601043903,669.3311739697773,959.5,391.5
3507,5283,1259.853601043903,669.3311739697773,959.5,391.5
3508,5283,1259.853601043903,669.3311739697773,959.5,391.5
3509,5283,1259.853601043903,669.3311739697773,959.5,391.5
3510,5283,1259.853601043903,669.3311739697773,959.5,391.5
3511,5283,1259.853601043903,669.3311739697773,959.5,391.5
3512,5283,1259.853601043903,669.3311739697773,959.5,391.5
3513,5283,1259.853601043903,669.3311739697773,959.5,391.5
3514,5283,1259.853601043903,669.3311739697773,959.5,391.5
3515,5283,1259.853601043903,669.3311739697773,959.5,391.5
3516,5283,987.8536010439028,618.3311739697773,959.5,391.5
3517,5283,987.8536010439028,618.3311739697773,959.5,391.5
3518,5283,987.8536010439028,618.3311739697773,959.5,391.5
3519,5283,987.8536010439028,618.3311739697773,959.5,391.5
3520,5283,987.8536010439028,618.3311739697773,959.5,391.5
3521,5283,987.8536010439028,618.3311739697773,959.5,391.5
3522,5283,987.8536010439028,618.3311739697773,959.5,391.5
3523,5283,987.8536010439028,618.3311739697773,959.5,391.5
3524,5283,987.8536010439028,618.3311739697773,959.5,391.5
3525,5283,987.8536010439028,618.3311739697773,959.5,391.5
3526,5283,987.8536010439028,618.3311739697773,959.5,391.5
3527,5283,987.8536010439028,618.3311739697773,959.5,391.5
3528,5283,987.8536010439028,618.3311739697773,959.5,391.5
3529,5283,987.8536010439028,618.3311739697773,959.5,391.5
3530,5283,987.8536010439028,618.3311739697773,959.5,391.5
3531,5283,987.8536010439028,618.3311739697773,959.5,391.5
3532,5283,987.8536010439028,618.3311739697773,959.5,391.5
3533,5283,987.8536010439028,618.3311739697773,959.5,391.5
3534,5283,987.8536010439028,618.3311739697773,959.5,391.5
3535,5283,987.8536010439028,618.3311739697773,959.5,391.5
3536,5283,987.8536010439028,618.3311739697773,959.5,391.5
3537,5283,987.8536010439028,618.3311739697773,959.5,391.5
3538,5283,987.8536010439028,618.3311739697773,959.5,391.5
3539,5283,987.8536010439028,618.3311739697773,959.5,391.5
3540,5283,987.8536010439028,618.3311739697773,959.5,391.5
3541,5283,987.8536010439028,618.3311739697773,959.5,391.5
3542,5283,987.8536010439028,618.3311739697773,959.5,391.5
3543,5283,987.8536010439028,618.3311739697773,959.5,391.5
3544,5283,987.8536010439028,618.3311739697773,959.5,391.5
3545,5283,987.8536010439028,618.3311739697773,959.5,391.5
3546,5283,987.8536010439028,618.3311739697773,959.5,391.5
3547,5283,987.8536010439028,618.3311739697773,959.5,391.5
3548,5283,987.8536010439028,618.3311739697773,959.5,391.5
3549,5283,716.8536010439028,567.3311739697773,959.5,391.5
3550,5283,716.8536010439028,567.3311739697773,959.5,391.5
3551,5283,716.8536010439028,567.3311739697773,959.5,391.5
3552,5283,716.8536010439028,567.3311739697773,959.5,391.5
3553,5283,716.8536010439028,567.3311739697773,959.5,391.5
3554,5283,716.8536010439028,567.3311739697773,959.5,391.5
3555,5283,716.8536010439028,567.3311739697773,959.5,391.5
3556,5284,716.8536010439028,567.3311739697773,959.5,391.5
3557,5285,716.8536010439028,567.3311739697773,959.5,391.5
3558,5286,716.8536010439028,567.3311739697773,959.5,391.5
3559,5287,716.8536010439028,567.3311739697773,959.5,391.5
3560,5288,716.8536010439028,567.3311739697773,959.5,391.5
3561,5289,716.8536010439028,567.3311739697773,959.5,391.5
3562,5290,716.8536010439028,567.3311739697773,959.5,391.5
3563,5291,716.8536010439028,567.3311739697773,959.5,391.5
3564,5292,716.8536010439028,567.3311739697773,959.5,391.5
3565,5293,716.8536010439028,567.3311739697773,959.5,391.5
3566,5294,716.8536010439028,567.3311739697773,959.5,391.5
3567,5295,716.8536010439028,567.3311739697773,959.5,391.5
3568,5296,716.8536010439028,567.3311739697773,959.5,391.5
3569,5297,716.8536010439028,567.3311739697773,959.5,391.5
3570,5298,716.8536010439028,567.3311739697773,959.5,391.5
3571,5299,716.8536010439028,567.3311739697773,959.5,391.5
3572,5300,716.8536010439028,567.3311739697773,959.5,391.5
3573,5301,716.8536010439028,567.3311739697773,959.5,391.5
3574,5302,716.8536010439028,567.3311739697773,959.5,391.5
3575,5303,716.8536010439028,567.3311739697773,959.5,391.5
3576,5304,716.8536010439028,567.3311739697773,959.5,391.5
3577,5305,716.8536010439028,567.3311739697773,959.5,391.5
3578,5306,716.8536010439028,567.3311739697773,959.5,391.5
3579,5307,716.8536010439028,567.3311739697773,959.5,391.5
3580,5308,716.8536010439028,567.3311739697773,959.5,391.5
3581,5309,716.8536010439028,567.3311739697773,959.5,391.5
3582,5310,716.8536010439028,567.3311739697773,959.5,391.5
3583,5311,716.8536010439028,567.3311739697773,959.5,391.5
3584,5312,716.8536010439028,567.3311739697773,959.5,391.5
3585,5313,716.8536010439028,567.3311739697773,959.5,391.5
3586,5314,716.8536010439028,567.3311739697773,959.5,391.5
3587,5315,716.8536010439028,567.3311739697773,959.5,391.5
3588,5316,716.8536010439028,567.3311739697773,959.5,391.5
3589,5317,716.8536010439028,567.3311739697773,959.5,391.5
3590,5318,716.8536010439028,567.3311739697773,959.5,391.5
3591,5319,716.8536010439028,567.3311739697773,959.5,391.5
3592,5320,716.8536010439028,567.3311739697773,959.5,391.5
3593,5321,716.8536010439028,567.3311739697773,959.5,391.5
3594,5322,716.8536010439028,567.3311739697773,959.5,391.5
3595,5323,716.8536010439028,567.3311739697773,959.5,391.5
3596,5324,716.8536010439028,567.3311739697773,959.5,391.5
3597,5325,716.8536010439028,567.3311739697773,959.5,391.5
3598,5326,716.8536010439028,567.3311739697773,959.5,391.5
3599,5327,716.8536010439028,567.3311739697773,959.5,391.5
3600,5328,716.8536010439028,567.3311739697773,959.5,391.5
3601,5329,716.8536010439028,567.3311739697773,959.5,391.5
3602,5330,716.8536010439028,567.3311739697773,959.5,391.5
3603,5331,716.8536010439028,567.3311739697773,959.5,391.5
3604,5332,716.8536010439028,567.3311739697773,959.5,391.5
3605,5333,716.8536010439028,567.3311739697773,959.5,391.5
3606,5334,716.8536010439028,567.3311739697773,959.5,391.5
3607,5335,716.8536010439028,567.3311739697773,959.5,391.5
3608,5336,716.8536010439028,567.3311739697773,959.5,391.5
3609,5337,716.8536010439028,567.3311739697773,959.5,391.5
3610,5338,716.8536010439028,567.3311739697773,959.5,391.5
3611,5339,716.8536010439028,567.3311739697773,959.5,391.5
3612,5340,716.8536010439028,567.3311739697773,959.5,391.5
3613,5341,716.8536010439028,567.3311739697773,959.5,391.5
3614,5342,716.8536010439028,567.3311739697773,959.5,391.5
3615,5343,716.8536010439028,567.3311739697773,959.5,391.5
3616,5344,716.8536010439028,567.3311739697773,959.5,391.5
3617,5345,716.8536010439028,567.3311739697773,959.5,391.5
3618,5346,716.8536010439028,567.3311739697773,959.5,391.5
3619,5347,716.8536010439028,567.3311739697773,959.5,391.5
3620,5348,716.8536010439028,567.3311739697773,959.5,391.5
3621,5349,716.8536010439028,567.3311739697773,959.5,391.5
3622,5350,716.8536010439028,567.3311739697773,959.5,391.5
3623,5351,716.8536010439028,567.3311739697773,959.5,391.5
3624,5352,716.8536010439028,567.3311739697773,959.5,391.5
3625,5353,716.8536010439028,567.3311739697773,959.5,391.5
3626,5354,716.8536010439028,567.3311739697773,959.5,391.5
3627,5355,716.8536010439028,567.3311739697773,959.5,391.5
3628,5356,716.8536010439028,567.3311739697773,959.5,391.5
3629,5357,716.8536010439028,567.3311739697773,959.5,391.5
3630,5358,716.8536010439028,567.3311739697773,959.5,391.5
3631,5359,716.8536010439028,567.3311739697773,959.5,391.5
3632,5360,716.8536010439028,567.3311739697773,959.5,391.5
3632,5361,716.8536010439028,567.3311739697773,959.5,391.5
3632,5362,716.8536010439028,567.3311739697773,959.5,391.5
3632,5363,716.8536010439028,567.3311739697773,959.5,391.5
3632,5364,716.8536010439028,567.3311739697773,959.5,391.5
3632,5365,716.8536010439028,567.3311739697773,959.5,391.5
3633,5366,716.8536010439028,567.3311739697773,959.5,391.5
3634,5367,716.8536010439028,567.3311739697773,959.5,391.5
3635,5368,716.8536010439028,567.3311739697773,959.5,391.5
3636,5369,716.8536010439028,567.3311739697773,959.5,391.5
3637,5370,716.8536010439028,567.3311739697773,959.5,391.5
3638,5371,716.8536010439028,567.3311739697773,959.5,391.5
3639,5372,716.8536010439028,567.3311739697773,959.5,391.5
3640,5373,716.8536010439028,567.3311739697773,959.5,391.5
3641,5374,716.8536010439028,567.3311739697773,959.5,391.5
3642,5375,716.8536010439028,567.3311739697773,959.5,391.5
3643,5376,716.8536010439028,567.3311739697773,959.5,391.5
3644,5377,716.8536010439028,567.3311739697773,959.5,391.5
3645,5378,716.8536010439028,567.3311739697773,959.5,391.5
3646,5379,716.8536010439028,567.3311739697773,959.5,391.5
3647,5380,716.8536010439028,567.3311739697773,959.5,391.5
3648,5381,716.8536010439028,567.3311739697773,959.5,391.5
3649,5382,716.8536010439028,567.3311739697773,959.5,391.5
3650,5383,716.8536010439028,567.3311739697773,959.5,391.5
3651,5384,716.8536010439028,567.3311739697773,959.5,391.5
3652,5385,716.8536010439028,567.3311739697773,959.5,391.5
3653,5386,716.8536010439028,567.3311739697773,959.5,391.5
3654,5387,716.8536010439028,567.3311739697773,959.5,391.5
3655,5388,716.8536010439028,567.3311739697773,959.5,391.5
3656,5389,716.8536010439028,567.3311739697773,959.5,391.5
3657,5390,716.8536010439028,567.3311739697773,959.5,391.5
3658,5391,716.8536010439028,567.3311739697773,959.5,391.5
3659,5392,716.8536010439028,567.3311739697773,959.5,391.5
3660,5393,716.8536010439028,567.3311739697773,959.5,391.5
3661,5394,716.8536010439028,567.3311739697773,959.5,391.5
3662,5395,716.8536010439028,567.3311739697773,959.5,391.5
3663,5396,716.8536010439028,567.3311739697773,959.5,391.5
3664,5397,716.8536010439028,567.3311739697773,959.5,391.5
3665,5398,716.8536010439028,567.3311739697773,959.5,391.5
3666,5399,716.8536010439028,567.3311739697773,959.5,391.5
3667,5400,716.8536010439028,567.3311739697773,959.5,391.5
3668,5401,716.8536010439028,567.3311739697773,959.5,391.5
3669,5402,716.8536010439028,567.3311739697773,959.5,391.5
3670,5403,716.8536010439028,567.3311739697773,959.5,391.5
3671,5404,716.8536010439028,567.3311739697773,959.5,391.5
3672,5405,716.8536010439028,567.3311739697773,959.5,391.5
3673,5406,716.8536010439028,567.3311739697773,959.5,391.5
3674,5407,716.8536010439028,567.3311739697773,959.5,391.5
3675,5408,716.8536010439028,567.3311739697773,959.5,391.5
3676,5409,716.8536010439028,567.3311739697773,959.5,391.5
3677,5410,716.8536010439028,567.3311739697773,959.5,391.5
3678,5411,716.8536010439028,567.3311739697773,959.5,391.5
3679,5412,716.8536010439028,567.3311739697773,959.5,391.5
3680,5413,716.8536010439028,567.3311739697773,959.5,391.5
3681,5414,716.8536010439028,567.3311739697773,959.5,391.5
3682,5415,716.8536010439028,567.3311739697773,959.5,391.5
3683,5416,716.8536010439028,567.3311739697773,959.5,391.5
3684,5417,716.8536010439028,567.3311739697773,959.5,391.5
3685,5418,716.8536010439028,567.3311739697773,959.5,391.5
3686,5419,716.8536010439028,567.3311739697773,959.5,391.5
3687,5420,716.8536010439028,567.3311739697773,959.5,391.5
3688,5421,716.8536010439028,567.3311739697773,959.5,391.5
3689,5422,716.8536010439028,567.3311739697773,959.5,391.5
3690,5423,716.8536010439028,567.3311739697773,959.5,391.5
3691,5424,716.8536010439028,567.3311739697773,959.5,391.5
3692,5425,716.8536010439028,567.3311739697773,959.5,391.5
3693,5426,716.8536010439028,567.3311739697773,959.5,391.5
3694,5427,716.8536010439028,567.3311739697773,959.5,391.5
3695,5428,716.8536010439028,567.3311739697773,959.5,391.5
3696,5429,716.8536010439028,567.3311739697773,959.5,391.5
3697,5430,716.8536010439028,567.3311739697773,959.5,391.5
3698,5431,716.8536010439028,567.3311739697773,959.5,391.5
3699,5432,716.8536010439028,567.3311739697773,959.5,391.5
3700,5433,716.8536010439028,567.3311739697773,959.5,391.5
3701,5434,716.8536010439028,567.3311739697773,959.5,391.5
3702,5435,716.8536010439028,567.3311739697773,959.5,391.5
3703,5436,716.8536010439028,567.3311739697773,959.5,391.5
3704,5437,716.8536010439028,567.3311739697773,959.5,391.5
3705,5438,716.8536010439028,567.3311739697773,959.5,391.5
3706,5439,716.8536010439028,567.3311739697773,959.5,391.5
3707,5440,716.8536010439028,567.3311739697773,959.5,391.5
3708,5441,716.8536010439028,567.3311739697773,959.5,391.5
3709,5442,716.8536010439028,567.3311739697773,959.5,391.5
3710,5443,716.8536010439028,567.3311739697773,959.5,391.5
3711,5444,716.8536010439028,567.3311739697773,959.5,391.5
3712,5445,716.8536010439028,567.3311739697773,959.5,391.5
3713,5446,716.8536010439028,567.3311739697773,959.5,391.5
3714,5447,716.8536010439028,567.3311739697773,959.5,391.5
3715,5448,716.8536010439028,567.3311739697773,959.5,391.5
3716,5449,716.8536010439028,567.3311739697773,959.5,391.5
3717,5450,716.8536010439028,567.3311739697773,959.5,391.5
3718,5451,716.8536010439028,567.3311739697773,959.5,391.5
3719,5452,716.8536010439028,567.3311739697773,959.5,391.5
3720,5453,716.8536010439028,567.3311739697773,959.5,391.5
3721,5454,716.8536010439028,567.3311739697773,959.5,391.5
3722,5455,716.8536010439028,567.3311739697773,959.5,391.5
3723,5456,716.8536010439028,567.3311739697773,959.5,391.5
3724,5457,716.8536010439028,567.3311739697773,959.5,391.5
3725,5458,716.8536010439028,567.3311739697773,959.5,391.5
3726,5459,716.8536010439028,567.3311739697773,959.5,391.5
3727,5460,716.8536010439028,567.3311739697773,959.5,391.5
3728,5461,716.8536010439028,567.3311739697773,959.5,391.5
3729,5462,716.8536010439028,567.3311739697773,959.5,391.5
3730,5463,716.8536010439028,567.3311739697773,959.5,391.5
3731,5464,716.8536010439028,567.3311739697773,959.5,391.5
3732,5465,716.8536010439028,567.3311739697773,959.5,391.5
3733,5466,716.8536010439028,567.3311739697773,959.5,391.5
3734,5467,716.8536010439028,567.3311739697773,959.5,391.5
3735,5468,716.8536010439028,567.3311739697773,959.5,391.5
3736,5469,716.8536010439028,567.3311739697773,959.5,391.5
3737,5470,716.8536010439028,567.3311739697773,959.5,391.5
3738,5471,716.8536010439028,567.3311739697773,959.5,391.5
3739,5472,716.8536010439028,567.3311739697773,959.5,391.5
3740,5473,716.8536010439028,567.3311739697773,959.5,391.5
3741,5474,716.8536010439028,567.3311739697773,959.5,391.5
3742,5475,716.8536010439028,567.3311739697773,959.5,391.5
3743,5476,716.8536010439028,567.3311739697773,959.5,391.5
3744,5477,663.8536010439028,276.3311739697773,959.5,391.5
3745,5478,663.8536010439028,276.3311739697773,959.5,391.5
3746,5479,663.8536010439028,276.3311739697773,959.5,391.5
3747,5480,663.8536010439028,276.3311739697773,959.5,391.5
3748,5481,663.8536010439028,276.3311739697773,959.5,391.5
3749,5482,663.8536010439028,276.3311739697773,959.5,391.5
3750,5483,663.8536010439028,276.3311739697773,959.5,391.5
3751,5484,663.8536010439028,276.3311739697773,959.5,391.5
3752,5485,663.8536010439028,276.3311739697773,959.5,391.5
3753,5486,663.8536010439028,276.3311739697773,959.5,391.5
3754,5487,663.8536010439028,276.3311739697773,959.5,391.5
3755,5488,663.8536010439028,276.3311739697773,959.5,391.5
3756,5489,663.8536010439028,276.3311739697773,959.5,391.5
3757,5490,663.8536010439028,276.3311739697773,959.5,391.5
3758,5491,663.8536010439028,276.3311739697773,959.5,391.5
3759,5492,663.8536010439028,276.3311739697773,959.5,391.5
3760,5493,663.8536010439028,276.3311739697773,959.5,391.5
3761,5494,663.8536010439028,276.3311739697773,959.5,391.5
3762,5495,663.8536010439028,276.3311739697773,959.5,391.5
3763,5496,663.8536010439028,276.3311739697773,959.5,391.5
3764,5497,663.8536010439028,276.3311739697773,959.5,391.5
3765,5498,663.8536010439028,276.3311739697773,959.5,391.5
3766,5499,663.8536010439028,276.3311739697773,959.5,391.5
3767,5500,663.8536010439028,276.3311739697773,959.5,391.5
3768,5501,663.8536010439028,276.3311739697773,959.5,391.5
3769,5502,663.8536010439028,276.3311739697773,959.5,391.5
3770,5503,663.8536010439028,276.3311739697773,959.5,391.5
3771,5504,663.8536010439028,276.3311739697773,959.5,391.5
3772,5505,663.8536010439028,276.3311739697773,959.5,391.5
3773,5506,663.8536010439028,276.3311739697773,959.5,391.5
3774,5507,663.8536010439028,276.3311739697773,959.5,391.5
3775,5508,663.8536010439028,276.3311739697773,959.5,391.5
3776,5509,663.8536010439028,276.3311739697773,959.5,391.5
3777,5510,663.8536010439028,276.3311739697773,959.5,391.5
3778,5511,663.8536010439028,276.3311739697773,959.5,391.5
3779,5512,663.8536010439028,276.3311739697773,959.5,391.5
3780,5513,663.8536010439028,276.3311739697773,959.5,391.5
3781,5514,663.8536010439028,276.3311739697773,959.5,391.5
3782,5515,663.8536010439028,276.3311739697773,946.9857142857143,387.26190476190476
3783,5516,663.8536010439028,276.3311739697773,934.4714285714285,383.0238095238095
3784,5517,663.8536010439028,276.3311739697773,921.9571428571429,378.7857142857143
3785,5518,663.8536010439028,276.3311739697773,909.4428571428572,374.54761904761904
3786,5519,663.8536010439028,276.3311739697773,896.9285714285714,370.3095238095238
3787,5520,663.8536010439028,276.3311739697773,884.4142857142857,366.07142857142856
3788,5521,663.8536010439028,276.3311739697773,871.9,361.8333333333333
3789,5522,663.8536010439028,276.3311739697773,859.3857142857144,357.5952380952381
3790,5523,663.8536010439028,276.3311739697773,846.8714285714286,353.35714285714283
3791,5524,663.8536010439028,276.3311739697773,834.3571428571429,349.1190476190476
3792,5525,663.8536010439028,276.3311739697773,821.8428571428572,344.8809523809524
3793,5526,663.8536010439028,276.3311739697773,809.3285714285714,340.6428571428571
3794,5527,663.8536010439028,276.3311739697773,796.8142857142857,336.4047619047619
3795,5528,663.8536010439028,276.3311739697773,784.3,332.1666666666667
3796,5529,663.8536010439028,276.3311739697773,771.7857142857143,327.92857142857144
3797,5530,663.8536010439028,276.3311739697773,759.2714285714286,323.6904761904762
3798,5531,663.8536010439028,276.3311739697773,746.7571428571429,319.45238095238096
3799,5532,663.8536010439028,276.3311739697773,734.2428571428572,315.2142857142857
3800,5533,663.8536010439028,276.3311739697773,721.7285714285715,310.9761904761905
3801,5534,663.8536010439028,276.3311739697773,709.2142857142858,306.73809523809524
3802,5535,663.8536010439028,276.3311739697773,696.7,302.5
3803,5536,663.8536010439028,276.3311739697773,696.7,302.5
3804,5537,663.8536010439028,276.3311739697773,696.7,302.5
3805,5538,663.8536010439028,276.3311739697773,696.7,302.5
3806,5539,663.8536010439028,276.3311739697773,696.7,302.5
3807,5540,663.8536010439028,276.3311739697773,696.7,302.5
3808,5541,663.8536010439028,276.3311739697773,696.7,302.5
3809,5542,663.8536010439028,276.3311739697773,696.7,302.5
3810,5543,663.8536010439028,276.3311739697773,696.7,302.5
3811,5544,797.8536010439028,262.3311739697773,696.7,302.5
3812,5545,797.8536010439028,262.3311739697773,696.7,302.5
3813,5546,797.8536010439028,262.3311739697773,696.7,302.5
3814,5547,797.8536010439028,262.3311739697773,696.7,302.5
3815,5548,797.8536010439028,262.3311739697773,696.7,302.5
3816,5549,797.8536010439028,262.3311739697773,696.7,302.5
3817,5550,797.8536010439028,262.3311739697773,696.7,302.5
3818,5551,797.8536010439028,262.3311739697773,696.7,302.5
3819,5552,797.8536010439028,262.3311739697773,696.7,302.5
3820,5553,797.8536010439028,262.3311739697773,696.7,302.5
3821,5554,797.8536010439028,262.3311739697773,696.7,302.5
3822,5555,797.8536010439028,262.3311739697773,696.7,302.5
3823,5556,797.8536010439028,262.3311739697773,696.7,302.5
3824,5557,797.8536010439028,262.3311739697773,696.7,302.5
3825,5558,797.8536010439028,262.3311739697773,696.7,302.5
3826,5559,797.8536010439028,262.3311739697773,696.7,302.5
3827,5560,797.8536010439028,262.3311739697773,696.7,302.5
3828,5561,797.8536010439028,262.3311739697773,696.7,302.5
3829,5562,797.8536010439028,262.3311739697773,696.7,302.5
3830,5563,797.8536010439028,262.3311739697773,696.7,302.5
3831,5564,797.8536010439028,262.3311739697773,696.7,302.5
3832,5565,797.8536010439028,262.3311739697773,696.7,302.5
3833,5566,797.8536010439028,262.3311739697773,696.7,302.5
3834,5567,797.8536010439028,262.3311739697773,696.7,302.5
3835,5568,797.8536010439028,262.3311739697773,696.7,302.5
3836,5569,797.8536010439028,262.3311739697773,696.7,302.5
3837,5570,797.8536010439028,262.3311739697773,696.7,302.5
3838,5571,797.8536010439028,262.3311739697773,696.7,302.5
3839,5572,797.8536010439028,262.3311739697773,696.7,302.5
3840,5573,797.8536010439028,262.3311739697773,696.7,302.5
3841,5574,797.8536010439028,262.3311739697773,696.7,302.5
3842,5575,797.8536010439028,262.3311739697773,696.7,302.5
3843,5576,797.8536010439028,262.3311739697773,696.7,302.5
3844,5577,930.8536010439028,247.3311739697773,696.7,302.5
3845,5578,930.8536010439028,247.3311739697773,696.7,302.5
3846,5579,930.8536010439028,247.3311739697773,696.7,302.5
3847,5580,930.8536010439028,247.3311739697773,696.7,302.5
3848,5581,930.8536010439028,247.3311739697773,696.7,302.5
3849,5582,930.8536010439028,247.3311739697773,696.7,302.5
3850,5583,930.8536010439028,247.3311739697773,696.7,302.5
3851,5584,930.8536010439028,247.3311739697773,696.7,302.5
3852,5585,930.8536010439028,247.3311739697773,696.7,302.5
3853,5586,930.8536010439028,247.3311739697773,696.7,302.5
3854,5587,930.8536010439028,247.3311739697773,696.7,302.5
3855,5588,930.8536010439028,247.3311739697773,696.7,302.5
3856,5589,930.8536010439028,247.3311739697773,696.7,302.5
3857,5590,930.8536010439028,247.3311739697773,696.7,302.5
3858,5591,930.8536010439028,247.3311739697773,696.7,302.5
3859,5592,930.8536010439028,247.3311739697773,696.7,302.5
3860,5593,930.8536010439028,247.3311739697773,696.7,302.5
3861,5594,930.8536010439028,247.3311739697773,696.7,302.5
3862,5595,930.8536010439028,247.3311739697773,696.7,302.5
3863,5596,930.8536010439028,247.3311739697773,696.7,302.5
3864,5597,930.8536010439028,247.3311739697773,696.7,302.5
3865,5598,930.8536010439028,247.3311739697773,696.7,302.5
3866,5599,930.8536010439028,247.3311739697773,696.7,302.5
3867,5600,930.8536010439028,247.3311739697773,696.7,302.5
3868,5601,930.8536010439028,247.3311739697773,696.7,302.5
3869,5602,930.8536010439028,247.3311739697773,696.7,302.5
3870,5603,930.8536010439028,247.3311739697773,696.7,302.5
3871,5604,930.8536010439028,247.3311739697773,696.7,302.5
3872,5605,930.8536010439028,247.3311739697773,696.7,302.5
3873,5606,930.8536010439028,247.3311739697773,696.7,302.5
3874,5607,930.8536010439028,247.3311739697773,696.7,302.5
3875,5608,930.8536010439028,247.3311739697773,696.7,302.5
3876,5609,930.8536010439028,247.3311739697773,696.7,302.5
3877,5610,930.8536010439028,247.3311739697773,696.7,302.5
3878,5611,930.8536010439028,247.3311739697773,696.7,302.5
3879,5612,930.8536010439028,247.3311739697773,696.7,302.5
3880,5613,930.8536010439028,247.3311739697773,696.7,302.5
3881,5614,930.8536010439028,247.3311739697773,696.7,302.5
3882,5615,930.8536010439028,247.3311739697773,696.7,302.5
3883,5616,930.8536010439028,247.3311739697773,696.7,302.5
3884,5617,930.8536010439028,247.3311739697773,696.7,302.5
3885,5618,930.8536010439028,247.3311739697773,696.7,302.5
3886,5619,930.8536010439028,247.3311739697773,696.7,302.5
3887,5620,930.8536010439028,247.3311739697773,696.7,302.5
3888,5621,930.8536010439028,247.3311739697773,696.7,302.5
3889,5622,930.8536010439028,247.3311739697773,696.7,302.5
3890,5623,930.8536010439028,247.3311739697773,696.7,302.5
3891,5624,930.8536010439028,247.3311739697773,696.7,302.5
3892,5625,930.8536010439028,247.3311739697773,696.7,302.5
3893,5626,930.8536010439028,247.3311739697773,696.7,302.5
3894,5627,930.8536010439028,247.3311739697773,696.7,302.5
3895,5628,930.8536010439028,247.3311739697773,696.7,302.5
3896,5629,930.8536010439028,247.3311739697773,696.7,302.5
3897,5630,930.8536010439028,247.3311739697773,696.7,302.5
3898,5631,930.8536010439028,247.3311739697773,696.7,302.5
3899,5632,930.8536010439028,247.3311739697773,696.7,302.5
3900,5633,930.8536010439028,247.3311739697773,696.7,302.5
3901,5634,930.8536010439028,247.3311739697773,696.7,302.5
3902,5635,930.8536010439028,247.3311739697773,696.7,302.5
3903,5636,930.8536010439028,247.3311739697773,696.7,302.5
3904,5637,930.8536010439028,247.3311739697773,696.7,302.5
3905,5638,930.8536010439028,247.3311739697773,696.7,302.5
3906,5639,930.8536010439028,247.3311739697773,696.7,302.5
3907,5640,930.8536010439028,247.3311739697773,696.7,302.5
3908,5641,930.8536010439028,247.3311739697773,696.7,302.5
3909,5642,930.8536010439028,247.3311739697773,696.7,302.5
3910,5643,930.8536010439028,247.3311739697773,696.7,302.5
3911,5644,930.8536010439028,247.3311739697773,696.7,302.5
3912,5645,930.8536010439028,247.3311739697773,696.7,302.5
3913,5646,930.8536010439028,247.3311739697773,696.7,302.5
3914,5647,930.8536010439028,247.3311739697773,696.7,302.5
3915,5648,930.8536010439028,247.3311739697773,696.7,302.5
3916,5649,930.8536010439028,247.3311739697773,696.7,302.5
3917,5650,930.8536010439028,247.3311739697773,696.7,302.5
3918,5651,930.8536010439028,247.3311739697773,696.7,302.5
3919,5652,930.8536010439028,247.3311739697773,696.7,302.5
3920,5653,930.8536010439028,247.3311739697773,696.7,302.5
3921,5654,930.8536010439028,247.3311739697773,696.7,302.5
3922,5655,930.8536010439028,247.3311739697773,696.7,302.5
3923,5656,930.8536010439028,247.3311739697773,696.7,302.5
3924,5657,930.8536010439028,247.3311739697773,696.7,302.5
3925,5658,930.8536010439028,247.3311739697773,696.7,302.5
3926,5659,930.8536010439028,247.3311739697773,696.7,302.5
3927,5660,930.8536010439028,247.3311739697773,696.7,302.5
3928,5661,930.8536010439028,247.3311739697773,696.7,302.5
3929,5662,930.8536010439028,247.3311739697773,696.7,302.5
3930,5663,930.8536010439028,247.3311739697773,696.7,302.5
3931,5664,930.8536010439028,247.3311739697773,696.7,302.5
3932,5665,930.8536010439028,247.3311739697773,696.7,302.5
3933,5666,930.8536010439028,247.3311739697773,696.7,302.5
3934,5667,930.8536010439028,247.3311739697773,696.7,302.5
3935,5668,930.8536010439028,247.3311739697773,696.7,302.5
3936,5669,930.8536010439028,247.3311739697773,696.7,302.5
3937,5670,930.8536010439028,247.3311739697773,696.7,302.5
3938,5671,930.8536010439028,247.3311739697773,696.7,302.5
3939,5672,930.8536010439028,247.3311739697773,696.7,302.5
3940,5673,930.8536010439028,247.3311739697773,696.7,302.5
3941,5674,930.8536010439028,247.3311739697773,696.7,302.5
3942,5675,930.8536010439028,247.3311739697773,696.7,302.5
3943,5676,930.8536010439028,247.3311739697773,696.7,302.5
3944,5677,956.8536010439028,612.3311739697773,696.7,302.5
3945,5678,956.8536010439028,612.3311739697773,696.7,302.5
3946,5679,956.8536010439028,612.3311739697773,696.7,302.5
3947,5680,956.8536010439028,612.3311739697773,696.7,302.5
3948,5681,956.8536010439028,612.3311739697773,696.7,302.5
3949,5682,956.8536010439028,612.3311739697773,696.7,302.5
3950,5683,956.8536010439028,612.3311739697773,696.7,302.5
3951,5684,956.8536010439028,612.3311739697773,696.7,302.5
3952,5685,956.8536010439028,612.3311739697773,696.7,302.5
3953,5686,956.8536010439028,612.3311739697773,696.7,302.5
3954,5687,956.8536010439028,612.3311739697773,696.7,302.5
3955,5688,956.8536010439028,612.3311739697773,696.7,302.5
3956,5689,956.8536010439028,612.3311739697773,696.7,302.5
3957,5690,956.8536010439028,612.3311739697773,696.7,302.5
3958,5691,956.8536010439028,612.3311739697773,696.7,302.5
3959,5692,956.8536010439028,612.3311739697773,696.7,302.5
3960,5693,956.8536010439028,612.3311739697773,696.7,302.5
3961,5694,956.8536010439028,612.3311739697773,696.7,302.5
3962,5695,956.8536010439028,612.3311739697773,696.7,302.5
3963,5696,956.8536010439028,612.3311739697773,696.7,302.5
3964,5697,956.8536010439028,612.3311739697773,696.7,302.5
3965,5698,956.8536010439028,612.3311739697773,696.7,302.5
3966,5699,956.8536010439028,612.3311739697773,696.7,302.5
3967,5700,956.8536010439028,612.3311739697773,696.7,302.5
3968,5701,956.8536010439028,612.3311739697773,696.7,302.5
3969,5702,956.8536010439028,612.3311739697773,696.7,302.5
3970,5703,956.8536010439028,612.3311739697773,696.7,302.5
3971,5704,956.8536010439028,612.3311739697773,696.7,302.5
3972,5705,956.8536010439028,612.3311739697773,696.7,302.5
3973,5706,956.8536010439028,612.3311739697773,696.7,302.5
3974,5707,956.8536010439028,612.3311739697773,696.7,302.5
3975,5708,956.8536010439028,612.3311739697773,696.7,302.5
3976,5709,956.8536010439028,612.3311739697773,696.7,302.5
3977,5710,956.8536010439028,612.3311739697773,696.7,302.5
3978,5711,956.8536010439028,612.3311739697773,696.7,302.5
3979,5712,956.8536010439028,612.3311739697773,696.7,302.5
3980,5713,956.8536010439028,612.3311739697773,696.7,302.5
3981,5714,956.8536010439028,612.3311739697773,696.7,302.5
3982,5715,956.8536010439028,612.3311739697773,696.7,302.5
3983,5716,956.8536010439028,612.3311739697773,696.7,302.5
3984,5717,956.8536010439028,612.3311739697773,696.7,302.5
3985,5718,956.8536010439028,612.3311739697773,696.7,302.5
3986,5719,956.8536010439028,612.3311739697773,696.7,302.5
3987,5720,956.8536010439028,612.3311739697773,696.7,302.5
3988,5721,956.8536010439028,612.3311739697773,696.7,302.5
3989,5722,956.8536010439028,612.3311739697773,696.7,302.5
3990,5723,956.8536010439028,612.3311739697773,696.7,302.5
3991,5724,956.8536010439028,612.3311739697773,696.7,302.5
3992,5725,956.8536010439028,612.3311739697773,696.7,302.5
3993,5726,956.8536010439028,612.3311739697773,696.7,302.5
3994,5727,956.8536010439028,612.3311739697773,696.7,302.5
3995,5728,956.8536010439028,612.3311739697773,696.7,302.5
3996,5729,956.8536010439028,612.3311739697773,696.7,302.5
3997,5730,956.8536010439028,612.3311739697773,696.7,302.5
3998,5731,956.8536010439028,612.3311739697773,696.7,302.5
3999,5732,956.8536010439028,612.3311739697773,696.7,302.5
4000,5733,956.8536010439028,612.3311739697773,696.7,302.5
4001,5734,956.8536010439028,612.3311739697773,696.7,302.5
4002,5735,956.8536010439028,612.3311739697773,696.7,302.5
4003,5736,956.8536010439028,612.3311739697773,696.7,302.5
4004,5737,956.8536010439028,612.3311739697773,696.7,302.5
4005,5738,956.8536010439028,612.3311739697773,696.7,302.5
4006,5739,956.8536010439028,612.3311739697773,696.7,302.5
4007,5740,956.8536010439028,612.3311739697773,696.7,302.5
4008,5741,956.8536010439028,612.3311739697773,696.7,302.5
4009,5742,956.8536010439028,612.3311739697773,696.7,302.5
4010,5743,956.8536010439028,612.3311739697773,696.7,302.5
4011,5744,956.8536010439028,612.3311739697773,696.7,302.5
4012,5745,956.8536010439028,612.3311739697773,696.7,302.5
4013,5746,956.8536010439028,612.3311739697773,696.7,302.5
4014,5747,956.8536010439028,612.3311739697773,696.7,302.5
4015,5748,956.8536010439028,612.3311739697773,696.7,302.5
4016,5749,956.8536010439028,612.3311739697773,696.7,302.5
4017,5750,956.8536010439028,612.3311739697773,696.7,302.5
4018,5751,956.8536010439028,612.3311739697773,696.7,302.5
4019,5752,956.8536010439028,612.3311739697773,696.7,302.5
4020,5753,956.8536010439028,612.3311739697773,696.7,302.5
4021,5754,956.8536010439028,612.3311739697773,696.7,302.5
4022,5755,956.8536010439028,612.3311739697773,696.7,302.5
4023,5756,956.8536010439028,612.3311739697773,696.7,302.5
4024,5757,956.8536010439028,612.3311739697773,696.7,302.5
4025,5758,956.8536010439028,612.3311739697773,696.7,302.5
4026,5759,956.8536010439028,612.3311739697773,696.7,302.5
4027,5760,956.8536010439028,612.3311739697773,696.7,302.5
4028,5761,956.8536010439028,612.3311739697773,696.7,302.5
4029,5762,956.8536010439028,612.3311739697773,696.7,302.5
4030,5763,956.8536010439028,612.3311739697773,696.7,302.5
4031,5764,956.8536010439028,612.3311739697773,696.7,302.5
4032,5765,956.8536010439028,612.3311739697773,696.7,302.5
4033,5766,956.8536010439028,612.3311739697773,696.7,302.5
4034,5767,956.8536010439028,612.3311739697773,696.7,302.5
4035,5768,956.8536010439028,612.3311739697773,696.7,302.5
4036,5769,956.8536010439028,612.3311739697773,696.7,302.5
4037,5770,956.8536010439028,612.3311739697773,696.7,302.5
4038,5771,956.8536010439028,612.3311739697773,696.7,302.5
4039,5772,956.8536010439028,612.3311739697773,696.7,302.5
4040,5773,956.8536010439028,612.3311739697773,696.7,302.5
4041,5774,956.8536010439028,612.3311739697773,696.7,302.5
4042,5775,956.8536010439028,612.3311739697773,696.7,302.5
4043,5776,956.8536010439028,612.3311739697773,696.7,302.5
4044,5777,956.8536010439028,612.3311739697773,696.7,302.5
4045,5778,956.8536010439028,612.3311739697773,696.7,302.5
4046,5779,956.8536010439028,612.3311739697773,696.7,302.5
4047,5780,956.8536010439028,612.3311739697773,696.7,302.5
4048,5781,956.8536010439028,612.3311739697773,696.7,302.5
4049,5782,956.8536010439028,612.3311739697773,696.7,302.5
4050,5783,956.8536010439028,612.3311739697773,696.7,302.5
4051,5784,956.8536010439028,612.3311739697773,696.7,302.5
4052,5785,956.8536010439028,612.3311739697773,696.7,302.5
4053,5786,956.8536010439028,612.3311739697773,696.7,302.5
4054,5787,956.8536010439028,612.3311739697773,696.7,302.5
4055,5788,956.8536010439028,612.3311739697773,696.7,302.5
4056,5789,956.8536010439028,612.3311739697773,696.7,302.5
4057,5790,956.8536010439028,612.3311739697773,696.7,302.5
4058,5791,956.8536010439028,612.3311739697773,696.7,302.5
4059,5792,956.8536010439028,612.3311739697773,696.7,302.5
4060,5793,956.8536010439028,612.3311739697773,696.7,302.5
4061,5794,956.8536010439028,612.3311739697773,696.7,302.5
4062,5795,956.8536010439028,612.3311739697773,696.7,302.5
4063,5796,956.8536010439028,612.3311739697773,696.7,302.5
4064,5797,956.8536010439028,612.3311739697773,696.7,302.5
4065,5798,956.8536010439028,612.3311739697773,696.7,302.5
4066,5799,956.8536010439028,612.3311739697773,696.7,302.5
4067,5800,956.8536010439028,612.3311739697773,696.7,302.5
4068,5801,956.8536010439028,612.3311739697773,696.7,302.5
4069,5802,956.8536010439028,612.3311739697773,696.7,302.5
4070,5803,956.8536010439028,612.3311739697773,696.7,302.5
4071,5804,956.8536010439028,612.3311739697773,696.7,302.5
4072,5805,956.8536010439028,612.3311739697773,696.7,302.5
4073,5806,956.8536010439028,612.3311739697773,696.7,302.5
4074,5807,956.8536010439028,612.3311739697773,696.7,302.5
4075,5808,956.8536010439028,612.3311739697773,696.7,302.5
4076,5809,956.8536010439028,612.3311739697773,696.7,302.5
4077,5810,956.8536010439028,612.3311739697773,711.042105263158,315.7736842105263
4078,5811,956.8536010439028,612.3311739697773,725.3842105263159,329.0473684210526
4079,5812,956.8536010439028,612.3311739697773,739.7263157894737,342.32105263157894
4080,5813,956.8536010439028,612.3311739697773,754.0684210526316,355.59473684210525
4081,5814,956.8536010439028,612.3311739697773,768.4105263157895,368.86842105263156
4082,5815,956.8536010439028,612.3311739697773,782.7526315789474,382.1421052631579
4083,5816,956.8536010439028,612.3311739697773,797.0947368421054,395.41578947368424
4084,5817,956.8536010439028,612.3311739697773,811.4368421052632,408.68947368421055
4085,5818,956.8536010439028,612.3311739697773,825.7789473684211,421.96315789473687
4086,5819,956.8536010439028,612.3311739697773,840.121052631579,435.2368421052632
4087,5820,956.8536010439028,612.3311739697773,854.4631578947369,448.5105263157895
4088,5821,956.8536010439028,612.3311739697773,868.8052631578948,461.7842105263158
4089,5822,956.8536010439028,612.3311739697773,883.1473684210526,475.0578947368421
4090,5823,956.8536010439028,612.3311739697773,897.4894736842106,488.3315789473685
4091,5824,956.8536010439028,612.3311739697773,911.8315789473685,501.6052631578948
4092,5825,956.8536010439028,612.3311739697773,926.1736842105264,514.8789473684211
4093,5826,956.8536010439028,612.3311739697773,940.5157894736842,528.1526315789474
4094,5827,956.8536010439028,612.3311739697773,954.8578947368421,541.4263157894737
4095,5828,952.8536010439028,540.3311739697773,969.2,554.7
4096,5829,952.8536010439028,540.3311739697773,969.2,554.7
4097,5830,952.8536010439028,540.3311739697773,969.2,554.7
4098,5831,952.8536010439028,540.3311739697773,969.2,554.7
4099,5832,952.8536010439028,540.3311739697773,969.2,554.7
4099,5833,952.8536010439028,540.3311739697773,969.2,554.7
4099,5834,952.8536010439028,540.3311739697773,969.2,554.7
4099,5835,952.8536010439028,540.3311739697773,969.2,554.7
4099,5836,952.8536010439028,540.3311739697773,969.2,554.7
4099,5837,952.8536010439028,540.3311739697773,969.2,554.7
4099,5838,952.8536010439028,540.3311739697773,969.2,554.7
4099,5839,952.8536010439028,540.3311739697773,969.2,554.7
4099,5840,952.8536010439028,540.3311739697773,969.2,554.7
4099,5841,952.8536010439028,540.3311739697773,969.2,554.7
4099,5842,952.8536010439028,540.3311739697773,969.2,554.7
4099,5843,952.8536010439028,540.3311739697773,969.2,554.7
4099,5844,952.8536010439028,540.3311739697773,969.2,554.7
4099,5845,952.8536010439028,540.3311739697773,969.2,554.7
4099,5846,952.8536010439028,540.3311739697773,969.2,554.7
4099,5847,952.8536010439028,540.3311739697773,969.2,554.7
4099,5848,952.8536010439028,540.3311739697773,969.2,554.7
4099,5849,952.8536010439028,540.3311739697773,969.2,554.7
4099,5850,952.8536010439028,540.3311739697773,969.2,554.7
4099,5851,952.8536010439028,540.3311739697773,969.2,554.7
4099,5852,952.8536010439028,540.3311739697773,969.2,554.7
4099,5853,952.8536010439028,540.3311739697773,969.2,554.7
4099,5854,952.8536010439028,540.3311739697773,969.2,554.7
4099,5855,952.8536010439028,540.3311739697773,969.2,554.7
4099,5856,952.8536010439028,540.3311739697773,969.2,554.7
4099,5857,952.8536010439028,540.3311739697773,969.2,554.7
4099,5858,952.8536010439028,540.3311739697773,969.2,554.7
4099,5859,952.8536010439028,540.3311739697773,969.2,554.7
4099,5860,952.8536010439028,540.3311739697773,969.2,554.7
4099,5861,952.8536010439028,540.3311739697773,969.2,554.7
4099,5862,952.8536010439028,540.3311739697773,969.2,554.7
4099,5863,952.8536010439028,540.3311739697773,969.2,554.7
4099,5864,952.8536010439028,540.3311739697773,969.2,554.7
4099,5865,952.8536010439028,540.3311739697773,969.2,554.7
4099,5866,952.8536010439028,540.3311739697773,969.2,554.7
4099,5867,952.8536010439028,540.3311739697773,969.2,554.7
4099,5868,952.8536010439028,540.3311739697773,969.2,554.7
4099,5869,952.8536010439028,540.3311739697773,969.2,554.7
4099,5870,952.8536010439028,540.3311739697773,969.2,554.7
4099,5871,952.8536010439028,540.3311739697773,969.2,554.7
4099,5872,952.8536010439028,540.3311739697773,969.2,554.7
4099,5873,952.8536010439028,540.3311739697773,969.2,554.7
4099,5874,952.8536010439028,540.3311739697773,969.2,554.7
4099,5875,952.8536010439028,540.3311739697773,969.2,554.7
4099,5876,952.8536010439028,540.3311739697773,969.2,554.7
4099,5877,952.8536010439028,540.3311739697773,969.2,554.7
4099,5878,952.8536010439028,540.3311739697773,969.2,554.7
4099,5879,952.8536010439028,540.3311739697773,969.2,554.7
4099,5880,952.8536010439028,540.3311739697773,969.2,554.7
4099,5881,952.8536010439028,540.3311739697773,969.2,554.7
4099,5882,952.8536010439028,540.3311739697773,969.2,554.7
4099,5883,952.8536010439028,540.3311739697773,969.2,554.7
4099,5884,952.8536010439028,540.3311739697773,969.2,554.7
4099,5885,952.8536010439028,540.3311739697773,969.2,554.7
4099,5886,952.8536010439028,540.3311739697773,969.2,554.7
4099,5887,952.8536010439028,540.3311739697773,969.2,554.7
4099,5888,952.8536010439028,540.3311739697773,969.2,554.7
4099,5889,952.8536010439028,540.3311739697773,969.2,554.7
4099,5890,952.8536010439028,540.3311739697773,969.2,554.7
4099,5891,952.8536010439028,540.3311739697773,969.2,554.7
4099,5892,952.8536010439028,540.3311739697773,969.2,554.7
4099,5893,952.8536010439028,540.3311739697773,969.2,554.7
4099,5894,952.8536010439028,540.3311739697773,969.2,554.7
4099,5895,952.8536010439028,540.3311739697773,969.2,554.7
4099,5896,952.8536010439028,540.3311739697773,969.2,554.7
4099,5897,952.8536010439028,540.3311739697773,969.2,554.7
4099,5898,952.8536010439028,540.3311739697773,969.2,554.7
4099,5899,952.8536010439028,540.3311739697773,969.2,554.7
4099,5900,952.8536010439028,540.3311739697773,969.2,554.7
4099,5901,952.8536010439028,540.3311739697773,969.2,554.7
4099,5902,952.8536010439028,540.3311739697773,969.2,554.7
4099,5903,952.8536010439028,540.3311739697773,969.2,554.7
4099,5904,952.8536010439028,540.3311739697773,969.2,554.7
4099,5905,952.8536010439028,540.3311739697773,969.2,554.7
4099,5906,952.8536010439028,540.3311739697773,969.2,554.7
4099,5907,952.8536010439028,540.3311739697773,969.2,554.7
4099,5908,952.8536010439028,540.3311739697773,969.2,554.7
4099,5909,952.8536010439028,540.3311739697773,969.2,554.7
4099,5910,952.8536010439028,540.3311739697773,969.2,554.7
4099,5911,952.8536010439028,540.3311739697773,969.2,554.7
4099,5912,952.8536010439028,540.3311739697773,969.2,554.7
4099,5913,952.8536010439028,540.3311739697773,969.2,554.7
4099,5914,952.8536010439028,540.3311739697773,969.2,554.7
4099,5915,952.8536010439028,540.3311739697773,969.2,554.7
4099,5916,952.8536010439028,540.3311739697773,969.2,554.7
4099,5917,952.8536010439028,540.3311739697773,969.2,554.7
4099,5918,952.8536010439028,540.3311739697773,969.2,554.7
4099,5919,952.8536010439028,540.3311739697773,969.2,554.7
4099,5920,952.8536010439028,540.3311739697773,969.2,554.7
4099,5921,952.8536010439028,540.3311739697773,969.2,554.7
4099,5922,952.8536010439028,540.3311739697773,969.2,554.7
4099,5923,952.8536010439028,540.3311739697773,969.2,554.7
4099,5924,952.8536010439028,540.3311739697773,969.2,554.7
4099,5925,952.8536010439028,540.3311739697773,969.2,554.7
4099,5926,952.8536010439028,540.3311739697773,969.2,554.7
4099,5927,952.8536010439028,540.3311739697773,969.2,554.7
4099,5928,952.8536010439028,540.3311739697773,969.2,554.7
4099,5929,952.8536010439028,540.3311739697773,969.2,554.7
4099,5930,952.8536010439028,540.3311739697773,969.2,554.7
4099,5931,952.8536010439028,540.3311739697773,969.2,554.7
4099,5932,952.8536010439028,540.3311739697773,969.2,554.7
4099,5933,952.8536010439028,540.3311739697773,969.2,554.7
4099,5934,952.8536010439028,540.3311739697773,969.2,554.7
4099,5935,952.8536010439028,540.3311739697773,969.2,554.7
4099,5936,952.8536010439028,540.3311739697773,969.2,554.7
4099,5937,952.8536010439028,540.3311739697773,969.2,554.7
4099,5938,952.8536010439028,540.3311739697773,969.2,554.7
4099,5939,952.8536010439028,540.3311739697773,969.2,554.7
4099,5940,952.8536010439028,540.3311739697773,969.2,554.7
4099,5941,952.8536010439028,540.3311739697773,969.2,554.7
4099,5942,952.8536010439028,540.3311739697773,969.2,554.7
4099,5943,952.8536010439028,540.3311739697773,969.2,554.7
4099,5944,952.8536010439028,540.3311739697773,969.2,554.7
4099,5945,952.8536010439028,540.3311739697773,969.2,554.7
4099,5946,952.8536010439028,540.3311739697773,969.2,554.7
4099,5947,952.8536010439028,540.3311739697773,969.2,554.7
4099,5948,952.8536010439028,540.3311739697773,969.2,554.7
4099,5949,952.8536010439028,540.3311739697773,969.2,554.7
4099,5950,952.8536010439028,540.3311739697773,969.2,554.7
4099,5951,952.8536010439028,540.3311739697773,969.2,554.7
4099,5952,952.8536010439028,540.3311739697773,969.2,554.7
4099,5953,952.8536010439028,540.3311739697773,969.2,554.7
4099,5954,952.8536010439028,540.3311739697773,969.2,554.7
4099,5955,952.8536010439028,540.3311739697773,969.2,554.7
4099,5956,952.8536010439028,540.3311739697773,969.2,554.7
4099,5957,952.8536010439028,540.3311739697773,969.2,554.7
4099,5958,952.8536010439028,540.3311739697773,969.2,554.7
4099,5959,952.8536010439028,540.3311739697773,969.2,554.7
4099,5960,952.8536010439028,540.3311739697773,969.2,554.7
4099,5961,952.8536010439028,540.3311739697773,969.2,554.7
4099,5962,952.8536010439028,540.3311739697773,969.2,554.7
4099,5963,952.8536010439028,540.3311739697773,969.2,554.7
4099,5964,952.8536010439028,540.3311739697773,969.2,554.7
4099,5965,952.8536010439028,540.3311739697773,969.2,554.7
4099,5966,952.8536010439028,540.3311739697773,969.2,554.7
4099,5967,952.8536010439028,540.3311739697773,969.2,554.7
4099,5968,952.8536010439028,540.3311739697773,969.2,554.7
4099,5969,952.8536010439028,540.3311739697773,969.2,554.7
4099,5970,952.8536010439028,540.3311739697773,965.6500000000001,557.325
4099,5971,952.8536010439028,540.3311739697773,962.1,559.95
4099,5972,952.8536010439028,540.3311739697773,958.55,562.575
4099,5973,952.8536010439028,540.3311739697773,955.0,565.2
4099,5974,952.8536010439028,540.3311739697773,955.0,565.2
4099,5975,952.8536010439028,540.3311739697773,955.0,565.2
4099,5976,952.8536010439028,540.3311739697773,955.0,565.2
4099,5977,952.8536010439028,540.3311739697773,955.0,565.2
4099,5978,952.8536010439028,540.3311739697773,955.0,565.2
4099,5979,952.8536010439028,540.3311739697773,955.0,565.2
4099,5980,952.8536010439028,540.3311739697773,955.0,565.2
4099,5981,952.8536010439028,540.3311739697773,955.0,565.2
4099,5982,952.8536010439028,540.3311739697773,955.0,565.2
4099,5983,952.8536010439028,540.3311739697773,955.0,565.2
4099,5984,952.8536010439028,540.3311739697773,955.0,565.2
4099,5985,952.8536010439028,540.3311739697773,955.0,565.2
4099,5986,952.8536010439028,540.3311739697773,955.0,565.2
4099,5987,952.8536010439028,540.3311739697773,955.0,565.2
4099,5988,952.8536010439028,540.3311739697773,955.0,565.2
4099,5989,952.8536010439028,540.3311739697773,955.0,565.2
4099,5990,952.8536010439028,540.3311739697773,955.0,565.2
4099,5991,952.8536010439028,540.3311739697773,955.0,565.2
4099,5992,952.8536010439028,540.3311739697773,955.0,565.2
4099,5993,952.8536010439028,540.3311739697773,955.0,565.2
4099,5994,952.8536010439028,540.3311739697773,955.0,565.2
4099,5995,952.8536010439028,540.3311739697773,955.0,565.2
4099,5996,952.8536010439028,540.3311739697773,955.0,565.2
4099,5997,952.8536010439028,540.3311739697773,955.0,565.2
4099,5998,952.8536010439028,540.3311739697773,955.0,565.2
4099,5999,952.8536010439028,540.3311739697773,955.0,565.2
4099,6000,952.8536010439028,540.3311739697773,955.0,565.2
4099,6001,952.8536010439028,540.3311739697773,955.0,565.2
4099,6002,952.8536010439028,540.3311739697773,955.0,565.2
4100,6003,952.8536010439028,540.3311739697773,955.0,565.2
4101,6004,952.8536010439028,540.3311739697773,955.0,565.2
4102,6005,952.8536010439028,540.3311739697773,955.0,565.2
4103,6006,952.8536010439028,540.3311739697773,955.0,565.2
4104,6007,952.8536010439028,540.3311739697773,955.0,565.2
4105,6008,952.8536010439028,540.3311739697773,955.0,565.2
4106,6009,952.8536010439028,540.3311739697773,955.0,565.2
4107,6010,952.8536010439028,540.3311739697773,955.0,565.2
4108,6011,952.8536010439028,540.3311739697773,955.0,565.2
4109,6012,952.8536010439028,540.3311739697773,955.0,565.2
4110,6013,952.8536010439028,540.3311739697773,955.0,565.2
4111,6014,952.8536010439028,540.3311739697773,955.0,565.2
4112,6015,952.8536010439028,540.3311739697773,955.0,565.2
4113,6016,952.8536010439028,540.3311739697773,955.0,565.2
4114,6017,952.8536010439028,540.3311739697773,955.0,565.2
4115,6018,952.8536010439028,540.3311739697773,955.0,565.2
4116,6019,952.8536010439028,540.3311739697773,955.0,565.2
4117,6020,952.8536010439028,540.3311739697773,955.0,565.2
4118,6021,952.8536010439028,540.3311739697773,955.0,565.2
4119,6022,952.8536010439028,540.3311739697773,955.0,565.2
4120,6023,952.8536010439028,540.3311739697773,955.0,565.2
4121,6024,952.8536010439028,540.3311739697773,955.0,565.2
4122,6025,952.8536010439028,540.3311739697773,955.0,565.2
4123,6026,952.8536010439028,540.3311739697773,955.0,565.2
4124,6027,952.8536010439028,540.3311739697773,955.0,565.2
4125,6028,952.8536010439028,540.3311739697773,955.0,565.2
4126,6029,952.8536010439028,540.3311739697773,955.0,565.2
4127,6030,952.8536010439028,540.3311739697773,955.0,565.2
4128,6031,952.8536010439028,540.3311739697773,955.0,565.2
4129,6032,952.8536010439028,540.3311739697773,955.0,565.2
4130,6033,952.8536010439028,540.3311739697773,955.0,565.2
4131,6034,952.8536010439028,540.3311739697773,955.0,565.2
4132,6035,952.8536010439028,540.3311739697773,955.0,565.2
4133,6036,952.8536010439028,540.3311739697773,955.0,565.2
4134,6037,952.8536010439028,540.3311739697773,955.0,565.2
4135,6038,952.8536010439028,540.3311739697773,955.0,565.2
4136,6039,952.8536010439028,540.3311739697773,955.0,565.2
4137,6040,952.8536010439028,540.3311739697773,955.0,565.2
4138,6041,952.8536010439028,540.3311739697773,955.0,565.2
4139,6042,952.8536010439028,540.3311739697773,955.0,565.2
4140,6043,952.8536010439028,540.3311739697773,955.0,565.2
4141,6044,952.8536010439028,540.3311739697773,955.0,565.2
4142,6045,952.8536010439028,540.3311739697773,955.0,565.2
4143,6046,952.8536010439028,540.3311739697773,955.0,565.2
4144,6047,952.8536010439028,540.3311739697773,955.0,565.2
4145,6048,952.8536010439028,540.3311739697773,955.0,565.2
4146,6049,952.8536010439028,540.3311739697773,955.0,565.2
4147,6050,952.8536010439028,540.3311739697773,955.0,565.2
4148,6051,952.8536010439028,540.3311739697773,955.0,565.2
4149,6052,952.8536010439028,540.3311739697773,955.0,565.2
4150,6053,952.8536010439028,540.3311739697773,955.0,565.2
4151,6054,952.8536010439028,540.3311739697773,955.0,565.2
4152,6055,952.8536010439028,540.3311739697773,955.0,565.2
4153,6056,952.8536010439028,540.3311739697773,955.0,565.2
4154,6057,952.8536010439028,540.3311739697773,955.0,565.2
4155,6058,952.8536010439028,540.3311739697773,955.0,565.2
4156,6059,952.8536010439028,540.3311739697773,955.0,565.2
4157,6060,952.8536010439028,540.3311739697773,955.0,565.2
4158,6061,952.8536010439028,540.3311739697773,955.0,565.2
4159,6062,952.8536010439028,540.3311739697773,955.0,565.2
4160,6063,952.8536010439028,540.3311739697773,955.0,565.2
4161,6064,952.8536010439028,540.3311739697773,955.0,565.2
4162,6065,952.8536010439028,540.3311739697773,955.0,565.2
4163,6066,952.8536010439028,540.3311739697773,955.0,565.2
4164,6067,952.8536010439028,540.3311739697773,955.0,565.2
4165,6068,952.8536010439028,540.3311739697773,955.0,565.2
4166,6069,952.8536010439028,540.3311739697773,955.0,565.2
4167,6070,952.8536010439028,540.3311739697773,955.0,565.2
4168,6071,952.8536010439028,540.3311739697773,955.0,565.2
4169,6072,952.8536010439028,540.3311739697773,955.0,565.2
4170,6073,952.8536010439028,540.3311739697773,955.0,565.2
4171,6074,952.8536010439028,540.3311739697773,955.0,565.2
4172,6075,952.8536010439028,540.3311739697773,955.0,565.2
4173,6076,952.8536010439028,540.3311739697773,955.0,565.2
4174,6077,952.8536010439028,540.3311739697773,955.0,565.2
4175,6078,952.8536010439028,540.3311739697773,955.0,565.2
4176,6079,952.8536010439028,540.3311739697773,955.0,565.2
4177,6080,952.8536010439028,540.3311739697773,955.0,565.2
4178,6081,952.8536010439028,540.3311739697773,955.0,565.2
4179,6082,952.8536010439028,540.3311739697773,955.0,565.2
4180,6083,952.8536010439028,540.3311739697773,955.0,565.2
4181,6084,952.8536010439028,540.3311739697773,955.0,565.2
4182,6085,952.8536010439028,540.3311739697773,955.0,565.2
4183,6086,952.8536010439028,540.3311739697773,955.0,565.2
4184,6087,952.8536010439028,540.3311739697773,955.0,565.2
4185,6088,952.8536010439028,540.3311739697773,955.0,565.2
4186,6089,952.8536010439028,540.3311739697773,955.0,565.2
4187,6090,952.8536010439028,540.3311739697773,955.0,565.2
4188,6091,952.8536010439028,540.3311739697773,955.0,565.2
4189,6092,952.8536010439028,540.3311739697773,955.0,565.2
4190,6093,952.8536010439028,540.3311739697773,955.0,565.2
4191,6094,952.8536010439028,540.3311739697773,955.0,565.2
4192,6095,952.8536010439028,540.3311739697773,955.0,565.2
4193,6096,952.8536010439028,540.3311739697773,955.0,565.2
4194,6097,952.8536010439028,540.3311739697773,955.0,565.2
4195,6098,952.8536010439028,540.3311739697773,955.0,565.2
4196,6099,952.8536010439028,540.3311739697773,955.0,565.2
4197,6100,952.8536010439028,540.3311739697773,955.0,565.2
4198,6101,952.8536010439028,540.3311739697773,955.0,565.2
4199,6102,952.8536010439028,540.3311739697773,955.0,565.2
4200,6103,952.8536010439028,540.3311739697773,955.0,565.2
4201,6104,952.8536010439028,540.3311739697773,955.0,565.2
4202,6105,952.8536010439028,540.3311739697773,955.0,565.2
4203,6106,952.8536010439028,540.3311739697773,955.0,565.2
4204,6107,952.8536010439028,540.3311739697773,955.0,565.2
4205,6108,952.8536010439028,540.3311739697773,955.0,565.2
4206,6109,952.8536010439028,540.3311739697773,955.0,565.2
4207,6110,952.8536010439028,540.3311739697773,955.0,565.2
4208,6111,952.8536010439028,540.3311739697773,955.0,565.2
4209,6112,952.8536010439028,540.3311739697773,955.0,565.2
4210,6113,952.8536010439028,540.3311739697773,955.0,565.2
4211,6114,952.8536010439028,540.3311739697773,955.0,565.2
4212,6115,952.8536010439028,540.3311739697773,955.0,565.2
4213,6116,952.8536010439028,540.3311739697773,955.0,565.2
4214,6117,952.8536010439028,540.3311739697773,955.0,565.2
4215,6118,952.8536010439028,540.3311739697773,955.0,565.2
4216,6119,952.8536010439028,540.3311739697773,955.0,565.2
4217,6120,952.8536010439028,540.3311739697773,955.0,565.2
4218,6121,952.8536010439028,540.3311739697773,955.0,565.2
4219,6122,952.8536010439028,540.3311739697773,955.0,565.2
4220,6123,952.8536010439028,540.3311739697773,955.0,565.2
4221,6124,952.8536010439028,540.3311739697773,955.0,565.2
4222,6125,952.8536010439028,540.3311739697773,955.0,565.2
4223,6126,952.8536010439028,540.3311739697773,955.0,565.2
4224,6127,952.8536010439028,540.3311739697773,955.0,565.2
4225,6128,952.8536010439028,540.3311739697773,955.0,565.2
4226,6129,952.8536010439028,540.3311739697773,955.0,565.2
4227,6130,952.8536010439028,540.3311739697773,955.0,565.2
4228,6131,952.8536010439028,540.3311739697773,955.0,565.2
4229,6132,952.8536010439028,540.3311739697773,955.0,565.2
4230,6133,952.8536010439028,540.3311739697773,955.0,565.2
4231,6134,952.8536010439028,540.3311739697773,955.0,565.2
4232,6135,952.8536010439028,540.3311739697773,955.0,565.2
4233,6136,952.8536010439028,540.3311739697773,955.0,565.2
4234,6137,952.8536010439028,540.3311739697773,955.0,565.2
4235,6138,952.8536010439028,540.3311739697773,955.0,565.2
4236,6139,952.8536010439028,540.3311739697773,955.0,565.2
4237,6140,952.8536010439028,540.3311739697773,955.0,565.2
4238,6141,952.8536010439028,540.3311739697773,955.0,565.2
4239,6142,952.8536010439028,540.3311739697773,955.0,565.2
4240,6143,952.8536010439028,540.3311739697773,955.0,565.2
4241,6144,952.8536010439028,540.3311739697773,955.0,565.2
4242,6145,952.8536010439028,540.3311739697773,955.0,565.2
4243,6146,952.8536010439028,540.3311739697773,955.0,565.2
4244,6147,952.8536010439028,540.3311739697773,955.0,565.2
4245,6148,952.8536010439028,540.3311739697773,955.0,565.2
4246,6149,952.8536010439028,540.3311739697773,955.0,565.2
4247,6150,952.8536010439028,540.3311739697773,955.0,565.2
4248,6151,952.8536010439028,540.3311739697773,955.0,565.2
4249,6152,952.8536010439028,540.3311739697773,955.0,565.2
4250,6153,952.8536010439028,540.3311739697773,955.0,565.2
4251,6154,952.8536010439028,540.3311739697773,955.0,565.2
4252,6155,952.8536010439028,540.3311739697773,955.0,565.2
4253,6156,952.8536010439028,540.3311739697773,955.0,565.2
4254,6157,952.8536010439028,540.3311739697773,955.0,565.2
4255,6158,952.8536010439028,540.3311739697773,955.0,565.2
4256,6159,952.8536010439028,540.3311739697773,955.0,565.2
4257,6160,952.8536010439028,540.3311739697773,955.0,565.2
4258,6161,952.8536010439028,540.3311739697773,955.0,565.2
4259,6162,952.8536010439028,540.3311739697773,955.0,565.2
4260,6163,952.8536010439028,540.3311739697773,955.0,565.2
4261,6164,952.8536010439028,540.3311739697773,955.0,565.2
4262,6165,952.8536010439028,540.3311739697773,955.0,565.2
4263,6166,952.8536010439028,540.3311739697773,955.0,565.2
4264,6167,952.8536010439028,540.3311739697773,955.0,565.2
4265,6168,952.8536010439028,540.3311739697773,955.0,565.2
4266,6169,952.8536010439028,540.3311739697773,955.0,565.2
4267,6170,952.8536010439028,540.3311739697773,955.0,565.2
4268,6171,952.8536010439028,540.3311739697773,955.0,565.2
4269,6172,952.8536010439028,540.3311739697773,955.0,565.2
4270,6173,952.8536010439028,540.3311739697773,955.0,565.2
4271,6174,952.8536010439028,540.3311739697773,955.0,565.2
4272,6175,952.8536010439028,540.3311739697773,955.0,565.2
4273,6176,952.8536010439028,540.3311739697773,955.0,565.2
4274,6177,952.8536010439028,540.3311739697773,955.0,565.2
4275,6178,952.8536010439028,540.3311739697773,955.0,565.2
4276,6179,952.8536010439028,540.3311739697773,955.0,565.2
4277,6180,952.8536010439028,540.3311739697773,955.0,565.2
4278,6181,952.8536010439028,540.3311739697773,955.0,565.2
4279,6182,952.8536010439028,540.3311739697773,955.0,565.2
4280,6183,952.8536010439028,540.3311739697773,955.0,565.2
4281,6184,952.8536010439028,540.3311739697773,955.0,565.2
4282,6185,952.8536010439028,540.3311739697773,955.0,565.2
4283,6186,952.8536010439028,540.3311739697773,955.0,565.2
4284,6187,952.8536010439028,540.3311739697773,955.0,565.2
4285,6188,952.8536010439028,540.3311739697773,955.0,565.2
4286,6189,952.8536010439028,540.3311739697773,955.0,565.2
4287,6190,952.8536010439028,540.3311739697773,955.0,565.2
4288,6191,952.8536010439028,540.3311739697773,955.0,565.2
4289,6192,952.8536010439028,540.3311739697773,955.0,565.2
4290,6193,952.8536010439028,540.3311739697773,955.0,565.2
4291,6194,952.8536010439028,540.3311739697773,955.0,565.2
4292,6195,952.8536010439028,540.3311739697773,955.0,565.2
4293,6196,952.8536010439028,540.3311739697773,955.0,565.2
4294,6197,952.8536010439028,540.3311739697773,955.0,565.2
4295,6198,952.8536010439028,540.3311739697773,955.0,565.2
4296,6199,952.8536010439028,540.3311739697773,955.0,565.2
4297,6200,952.8536010439028,540.3311739697773,955.0,565.2
4298,6201,952.8536010439028,540.3311739697773,955.0,565.2
4299,6202,952.8536010439028,540.3311739697773,955.0,565.2
4300,6203,952.8536010439028,540.3311739697773,955.0,565.2
4301,6204,952.8536010439028,540.3311739697773,955.0,565.2
4302,6205,952.8536010439028,540.3311739697773,955.0,565.2
4303,6206,952.8536010439028,540.3311739697773,955.0,565.2
4304,6207,952.8536010439028,540.3311739697773,955.0,565.2
4305,6208,952.8536010439028,540.3311739697773,955.0,565.2
4306,6209,952.8536010439028,540.3311739697773,955.0,565.2
4307,6210,952.8536010439028,540.3311739697773,955.0,565.2
4308,6211,952.8536010439028,540.3311739697773,955.0,565.2
4309,6212,952.8536010439028,540.3311739697773,955.0,565.2
4310,6213,952.8536010439028,540.3311739697773,955.0,565.2
4311,6214,952.8536010439028,540.3311739697773,955.0,565.2
4312,6215,952.8536010439028,540.3311739697773,955.0,565.2
4313,6216,952.8536010439028,540.3311739697773,955.0,565.2
4314,6217,952.8536010439028,540.3311739697773,955.0,565.2
4315,6218,952.8536010439028,540.3311739697773,955.0,565.2
4316,6219,952.8536010439028,540.3311739697773,955.0,565.2
4317,6220,952.8536010439028,540.3311739697773,955.0,565.2
4318,6221,952.8536010439028,540.3311739697773,955.0,565.2
4319,6222,952.8536010439028,540.3311739697773,955.0,565.2
4320,6223,952.8536010439028,540.3311739697773,955.0,565.2
4321,6224,952.8536010439028,540.3311739697773,955.0,565.2
4322,6225,952.8536010439028,540.3311739697773,955.0,565.2
4323,6226,952.8536010439028,540.3311739697773,955.0,565.2
4324,6227,952.8536010439028,540.3311739697773,955.0,565.2
4325,6228,952.8536010439028,540.3311739697773,955.0,565.2
4326,6229,952.8536010439028,540.3311739697773,955.0,565.2
4327,6230,952.8536010439028,540.3311739697773,955.0,565.2
4328,6231,952.8536010439028,540.3311739697773,955.0,565.2
4329,6232,952.8536010439028,540.3311739697773,955.0,565.2
4330,6233,952.8536010439028,540.3311739697773,955.0,565.2
4331,6234,952.8536010439028,540.3311739697773,955.0,565.2
4332,6235,952.8536010439028,540.3311739697773,955.0,565.2
4333,6236,952.8536010439028,540.3311739697773,955.0,565.2
4334,6237,952.8536010439028,540.3311739697773,955.0,565.2
4335,6238,952.8536010439028,540.3311739697773,955.0,565.2
4336,6239,952.8536010439028,540.3311739697773,955.0,565.2
4337,6240,952.8536010439028,540.3311739697773,955.0,565.2
4338,6241,952.8536010439028,540.3311739697773,955.0,565.2
4339,6242,952.8536010439028,540.3311739697773,955.0,565.2
4340,6243,952.8536010439028,540.3311739697773,955.0,565.2
4341,6244,952.8536010439028,540.3311739697773,955.0,565.2
4342,6245,952.8536010439028,540.3311739697773,955.0,565.2
4343,6246,952.8536010439028,540.3311739697773,955.0,565.2
4344,6247,952.8536010439028,540.3311739697773,955.0,565.2
4345,6248,952.8536010439028,540.3311739697773,955.0,565.2
4346,6249,952.8536010439028,540.3311739697773,955.0,565.2
4347,6250,952.8536010439028,540.3311739697773,955.0,565.2
4348,6251,952.8536010439028,540.3311739697773,955.0,565.2
4349,6252,952.8536010439028,540.3311739697773,955.0,565.2
4350,6253,952.8536010439028,540.3311739697773,955.0,565.2
4351,6254,952.8536010439028,540.3311739697773,955.0,565.2
4352,6255,952.8536010439028,540.3311739697773,955.0,565.2
4353,6256,952.8536010439028,540.3311739697773,955.0,565.2
4354,6257,952.8536010439028,540.3311739697773,955.0,565.2
4355,6258,952.8536010439028,540.3311739697773,955.0,565.2
4356,6259,952.8536010439028,540.3311739697773,955.0,565.2
4357,6260,952.8536010439028,540.3311739697773,955.0,565.2
4358,6261,952.8536010439028,540.3311739697773,955.0,565.2
4359,6262,952.8536010439028,540.3311739697773,955.0,565.2
4360,6263,952.8536010439028,540.3311739697773,955.0,565.2
4361,6264,952.8536010439028,540.3311739697773,955.0,565.2
4362,6265,952.8536010439028,540.3311739697773,955.0,565.2
4363,6266,952.8536010439028,540.3311739697773,955.0,565.2
4364,6267,952.8536010439028,540.3311739697773,955.0,565.2
4365,6268,952.8536010439028,540.3311739697773,955.0,565.2
4366,6269,952.8536010439028,540.3311739697773,955.0,565.2
4367,6270,952.8536010439028,540.3311739697773,955.0,565.2
4368,6271,952.8536010439028,540.3311739697773,955.0,565.2
4369,6272,952.8536010439028,540.3311739697773,955.0,565.2
4370,6273,952.8536010439028,540.3311739697773,955.0,565.2
4371,6274,952.8536010439028,540.3311739697773,955.0,565.2
4372,6275,952.8536010439028,540.3311739697773,955.0,565.2
4373,6276,952.8536010439028,540.3311739697773,955.0,565.2
4374,6277,952.8536010439028,540.3311739697773,955.0,565.2
4375,6278,952.8536010439028,540.3311739697773,955.0,565.2
4376,6279,952.8536010439028,540.3311739697773,955.0,565.2
4377,6280,952.8536010439028,540.3311739697773,955.0,565.2
4378,6281,952.8536010439028,540.3311739697773,955.0,565.2
4379,6282,952.8536010439028,540.3311739697773,955.0,565.2
4380,6283,952.8536010439028,540.3311739697773,955.0,565.2
4381,6284,952.8536010439028,540.3311739697773,955.0,565.2
4382,6285,952.8536010439028,540.3311739697773,955.0,565.2
4383,6286,952.8536010439028,540.3311739697773,955.0,565.2
4384,6287,952.8536010439028,540.3311739697773,955.0,565.2
4385,6288,952.8536010439028,540.3311739697773,955.0,565.2
4386,6289,952.8536010439028,540.3311739697773,955.0,565.2
4387,6290,952.8536010439028,540.3311739697773,955.0,565.2
4388,6291,952.8536010439028,540.3311739697773,955.0,565.2
4389,6292,952.8536010439028,540.3311739697773,955.0,565.2
4390,6293,952.8536010439028,540.3311739697773,955.0,565.2
4391,6294,952.8536010439028,540.3311739697773,955.0,565.2
4392,6295,952.8536010439028,540.3311739697773,955.0,565.2
4393,6296,952.8536010439028,540.3311739697773,955.0,565.2
4394,6297,952.8536010439028,540.3311739697773,955.0,565.2
4395,6298,952.8536010439028,540.3311739697773,955.0,565.2
4396,6299,952.8536010439028,540.3311739697773,955.0,565.2
4397,6300,952.8536010439028,540.3311739697773,955.0,565.2
4398,6301,952.8536010439028,540.3311739697773,955.0,565.2
4399,6302,952.8536010439028,540.3311739697773,955.0,565.2
4400,6303,952.8536010439028,540.3311739697773,955.0,565.2
4401,6304,952.8536010439028,540.3311739697773,955.0,565.2
4402,6305,952.8536010439028,540.3311739697773,955.0,565.2
4403,6306,952.8536010439028,540.3311739697773,955.0,565.2
4404,6307,952.8536010439028,540.3311739697773,955.0,565.2
4405,6308,952.8536010439028,540.3311739697773,955.0,565.2
4406,6309,952.8536010439028,540.3311739697773,955.0,565.2
4407,6310,952.8536010439028,540.3311739697773,955.0,565.2
4408,6311,952.8536010439028,540.3311739697773,955.0,565.2
4409,6312,952.8536010439028,540.3311739697773,955.0,565.2
4410,6313,952.8536010439028,540.3311739697773,955.0,565.2
4411,6314,952.8536010439028,540.3311739697773,955.0,565.2
4412,6315,952.8536010439028,540.3311739697773,955.0,565.2
4413,6316,952.8536010439028,540.3311739697773,955.0,565.2
4414,6317,952.8536010439028,540.3311739697773,955.0,565.2
4415,6318,952.8536010439028,540.3311739697773,955.0,565.2
4416,6319,952.8536010439028,540.3311739697773,955.0,565.2
4417,6320,952.8536010439028,540.3311739697773,955.0,565.2
4418,6321,952.8536010439028,540.3311739697773,955.0,565.2
4419,6322,952.8536010439028,540.3311739697773,955.0,565.2
4420,6323,952.8536010439028,540.3311739697773,955.0,565.2
4421,6324,952.8536010439028,540.3311739697773,955.0,565.2
4422,6325,952.8536010439028,540.3311739697773,955.0,565.2
4423,6326,952.8536010439028,540.3311739697773,955.0,565.2
4424,6327,952.8536010439028,540.3311739697773,955.0,565.2
4425,6328,952.8536010439028,540.3311739697773,955.0,565.2
4426,6329,952.8536010439028,540.3311739697773,955.0,565.2
4427,6330,952.8536010439028,540.3311739697773,955.0,565.2
4428,6331,952.8536010439028,540.3311739697773,955.0,565.2
4429,6332,952.8536010439028,540.3311739697773,955.0,565.2
4430,6333,952.8536010439028,540.3311739697773,955.0,565.2
4431,6334,952.8536010439028,540.3311739697773,955.0,565.2
4432,6335,952.8536010439028,540.3311739697773,955.0,565.2
4433,6336,952.8536010439028,540.3311739697773,955.0,565.2
4434,6337,952.8536010439028,540.3311739697773,955.0,565.2
4435,6338,952.8536010439028,540.3311739697773,955.0,565.2
4436,6339,952.8536010439028,540.3311739697773,955.0,565.2
4437,6340,952.8536010439028,540.3311739697773,955.0,565.2
4438,6341,952.8536010439028,540.3311739697773,955.0,565.2
4439,6342,952.8536010439028,540.3311739697773,955.0,565.2
4440,6343,952.8536010439028,540.3311739697773,955.0,565.2
4441,6344,952.8536010439028,540.3311739697773,955.0,565.2
4442,6345,952.8536010439028,540.3311739697773,955.0,565.2
4443,6346,952.8536010439028,540.3311739697773,955.0,565.2
4444,6347,952.8536010439028,540.3311739697773,955.0,565.2
4445,6348,952.8536010439028,540.3311739697773,955.0,565.2
4446,6349,952.8536010439028,540.3311739697773,955.0,565.2
4447,6350,952.8536010439028,540.3311739697773,955.0,565.2
4448,6351,952.8536010439028,540.3311739697773,955.0,565.2
4449,6352,952.8536010439028,540.3311739697773,955.0,565.2
4450,6353,952.8536010439028,540.3311739697773,955.0,565.2
4451,6354,952.8536010439028,540.3311739697773,955.0,565.2
4452,6355,952.8536010439028,540.3311739697773,955.0,565.2
4453,6356,952.8536010439028,540.3311739697773,955.0,565.2
4454,6357,952.8536010439028,540.3311739697773,955.0,565.2
4455,6358,952.8536010439028,540.3311739697773,955.0,565.2
4456,6359,952.8536010439028,540.3311739697773,955.0,565.2
4457,6360,952.8536010439028,540.3311739697773,955.0,565.2
4458,6361,952.8536010439028,540.3311739697773,955.0,565.2
4459,6362,952.8536010439028,540.3311739697773,955.0,565.2
4460,6363,952.8536010439028,540.3311739697773,955.0,565.2
4461,6364,952.8536010439028,540.3311739697773,955.0,565.2
4462,6365,952.8536010439028,540.3311739697773,955.0,565.2
4463,6366,952.8536010439028,540.3311739697773,955.0,565.2
4464,6367,952.8536010439028,540.3311739697773,955.0,565.2
4465,6368,952.8536010439028,540.3311739697773,955.0,565.2
4466,6369,952.8536010439028,540.3311739697773,955.0,565.2
4467,6370,952.8536010439028,540.3311739697773,955.0,565.2
4468,6371,952.8536010439028,540.3311739697773,955.0,565.2
4469,6372,952.8536010439028,540.3311739697773,955.0,565.2
4470,6373,952.8536010439028,540.3311739697773,955.0,565.2
4471,6374,952.8536010439028,540.3311739697773,955.0,565.2
4472,6375,952.8536010439028,540.3311739697773,955.0,565.2
4473,6376,952.8536010439028,540.3311739697773,955.0,565.2
4474,6377,952.8536010439028,540.3311739697773,955.0,565.2
4475,6378,952.8536010439028,540.3311739697773,955.0,565.2
4476,6379,952.8536010439028,540.3311739697773,955.0,565.2
4477,6380,952.8536010439028,540.3311739697773,955.0,565.2
4478,6381,952.8536010439028,540.3311739697773,955.0,565.2
4479,6382,952.8536010439028,540.3311739697773,955.0,565.2
4480,6383,952.8536010439028,540.3311739697773,955.0,565.2
4481,6384,952.8536010439028,540.3311739697773,955.0,565.2
4482,6385,952.8536010439028,540.3311739697773,955.0,565.2
4483,6386,952.8536010439028,540.3311739697773,955.0,565.2
4484,6387,952.8536010439028,540.3311739697773,955.0,565.2
4485,6388,952.8536010439028,540.3311739697773,955.0,565.2
4486,6389,952.8536010439028,540.3311739697773,955.0,565.2
4487,6390,952.8536010439028,540.3311739697773,955.0,565.2
4488,6391,952.8536010439028,540.3311739697773,955.0,565.2
4489,6392,952.8536010439028,540.3311739697773,955.0,565.2
4490,6393,952.8536010439028,540.3311739697773,955.0,565.2
4491,6394,952.8536010439028,540.3311739697773,955.0,565.2
4492,6395,952.8536010439028,540.3311739697773,955.0,565.2
4493,6396,952.8536010439028,540.3311739697773,955.0,565.2
4494,6397,952.8536010439028,540.3311739697773,955.0,565.2
4495,6398,952.8536010439028,540.3311739697773,955.0,565.2
4496,6399,952.8536010439028,540.3311739697773,955.0,565.2
4497,6400,952.8536010439028,540.3311739697773,955.0,565.2
4498,6401,952.8536010439028,540.3311739697773,955.0,565.2
4499,6402,952.8536010439028,540.3311739697773,955.0,565.2
4500,6403,952.8536010439028,540.3311739697773,955.0,565.2
4501,6403,952.8536010439028,540.3311739697773,955.0,565.2
4502,6403,952.8536010439028,540.3311739697773,955.0,565.2
4503,6403,952.8536010439028,540.3311739697773,955.0,565.2
4504,6403,952.8536010439028,540.3311739697773,955.0,565.2
4505,6403,952.8536010439028,540.3311739697773,955.0,565.2
4506,6403,952.8536010439028,540.3311739697773,955.0,565.2
4507,6403,952.8536010439028,540.3311739697773,955.0,565.2
4508,6403,952.8536010439028,540.3311739697773,955.0,565.2
4509,6403,952.8536010439028,540.3311739697773,955.0,565.2
4510,6403,952.8536010439028,540.3311739697773,955.0,565.2
4511,6403,952.8536010439028,540.3311739697773,955.0,565.2
4512,6403,952.8536010439028,540.3311739697773,955.0,565.2
4513,6403,952.8536010439028,540.3311739697773,955.0,565.2
4514,6403,952.8536010439028,540.3311739697773,955.0,565.2
4515,6403,952.8536010439028,540.3311739697773,955.0,565.2
4516,6403,952.8536010439028,540.3311739697773,955.0,565.2
4517,6403,952.8536010439028,540.3311739697773,955.0,565.2
4518,6403,952.8536010439028,540.3311739697773,955.0,565.2
4519,6403,952.8536010439028,540.3311739697773,955.0,565.2
4520,6403,952.8536010439028,540.3311739697773,955.0,565.2
4521,6403,952.8536010439028,540.3311739697773,955.0,565.2
4522,6403,952.8536010439028,540.3311739697773,955.0,565.2
4523,6403,952.8536010439028,540.3311739697773,955.0,565.2
4524,6403,952.8536010439028,540.3311739697773,955.0,565.2
4525,6403,949.8536010439028,390.3311739697773,955.0,565.2
4526,6403,949.8536010439028,390.3311739697773,955.0,565.2
4527,6403,949.8536010439028,390.3311739697773,955.0,565.2
4528,6403,949.8536010439028,390.3311739697773,955.0,565.2
4529,6403,949.8536010439028,390.3311739697773,955.0,565.2
4530,6403,949.8536010439028,390.3311739697773,955.0,565.2
4531,6403,949.8536010439028,390.3311739697773,955.0,565.2
4532,6403,949.8536010439028,390.3311739697773,955.0,565.2
4533,6403,949.8536010439028,390.3311739697773,955.0,565.2
4534,6403,949.8536010439028,390.3311739697773,955.0,565.2
4535,6403,949.8536010439028,390.3311739697773,955.0,565.2
4536,6403,949.8536010439028,390.3311739697773,955.0,565.2
4537,6403,949.8536010439028,390.3311739697773,955.0,565.2
4538,6403,949.8536010439028,390.3311739697773,955.0,565.2
4539,6403,949.8536010439028,390.3311739697773,955.0,565.2
4540,6403,949.8536010439028,390.3311739697773,955.0,565.2
4541,6403,949.8536010439028,390.3311739697773,955.0,565.2
4542,6403,949.8536010439028,390.3311739697773,955.0,565.2
4543,6403,949.8536010439028,390.3311739697773,955.0,565.2
4544,6403,949.8536010439028,390.3311739697773,955.0,565.2
4545,6403,949.8536010439028,390.3311739697773,955.0,565.2
4546,6403,949.8536010439028,390.3311739697773,955.0,565.2
4547,6403,949.8536010439028,390.3311739697773,955.0,565.2
4548,6403,949.8536010439028,390.3311739697773,955.0,565.2
4549,6403,949.8536010439028,390.3311739697773,955.0,565.2
4550,6403,949.8536010439028,390.3311739697773,955.0,565.2
4551,6403,949.8536010439028,390.3311739697773,955.0,565.2
4552,6403,949.8536010439028,390.3311739697773,955.0,565.2
4553,6403,949.8536010439028,390.3311739697773,955.0,565.2
4554,6403,949.8536010439028,390.3311739697773,955.0,565.2
4555,6403,949.8536010439028,390.3311739697773,955.0,565.2
4556,6403,949.8536010439028,390.3311739697773,955.0,565.2
4557,6403,949.8536010439028,390.3311739697773,955.0,565.2
4558,6403,949.8536010439028,390.3311739697773,955.0,565.2
4559,6403,946.8536010439028,240.3311739697773,955.0,565.2
4560,6403,946.8536010439028,240.3311739697773,955.0,565.2
4561,6403,946.8536010439028,240.3311739697773,955.0,565.2
4562,6403,946.8536010439028,240.3311739697773,955.0,565.2
4563,6403,946.8536010439028,240.3311739697773,955.0,565.2
4564,6403,946.8536010439028,240.3311739697773,955.0,565.2
4565,6403,946.8536010439028,240.3311739697773,955.0,565.2
4566,6403,946.8536010439028,240.3311739697773,955.0,565.2
4567,6403,946.8536010439028,240.3311739697773,955.0,565.2
4568,6403,946.8536010439028,240.3311739697773,955.0,565.2
4569,6403,946.8536010439028,240.3311739697773,955.0,565.2
4570,6403,946.8536010439028,240.3311739697773,955.0,565.2
4571,6403,946.8536010439028,240.3311739697773,955.0,565.2
4572,6403,946.8536010439028,240.3311739697773,955.0,565.2
4573,6403,946.8536010439028,240.3311739697773,944.0285714285715,550.9857142857144
4574,6403,946.8536010439028,240.3311739697773,933.0571428571428,536.7714285714286
4575,6403,946.8536010439028,240.3311739697773,922.0857142857143,522.5571428571429
4576,6403,946.8536010439028,240.3311739697773,911.1142857142858,508.34285714285716
4577,6403,946.8536010439028,240.3311739697773,900.1428571428571,494.1285714285715
4578,6403,946.8536010439028,240.3311739697773,889.1714285714286,479.9142857142857
4579,6403,946.8536010439028,240.3311739697773,878.2,465.70000000000005
4580,6403,946.8536010439028,240.3311739697773,867.2285714285714,451.4857142857143
4581,6403,946.8536010439028,240.3311739697773,856.2571428571429,437.2714285714286
4582,6403,946.8536010439028,240.3311739697773,845.2857142857143,423.0571428571429
4583,6403,946.8536010439028,240.3311739697773,834.3142857142857,408.84285714285716
4584,6403,946.8536010439028,240.3311739697773,823.3428571428572,394.62857142857143
4585,6403,946.8536010439028,240.3311739697773,812.3714285714286,380.4142857142857
4586,6403,946.8536010439028,240.3311739697773,801.4000000000001,366.20000000000005
4587,6403,946.8536010439028,240.3311739697773,790.4285714285714,351.98571428571427
4588,6403,946.8536010439028,240.3311739697773,779.4571428571429,337.7714285714286
4589,6403,946.8536010439028,240.3311739697773,768.4857142857143,323.5571428571428
4590,6403,946.8536010439028,240.3311739697773,757.5142857142857,309.34285714285716
4591,6403,946.8536010439028,240.3311739697773,746.5428571428572,295.12857142857143
4592,6403,946.8536010439028,240.3311739697773,735.5714285714287,280.9142857142857
4593,6403,946.8536010439028,240.3311739697773,724.6,266.7
4594,6403,946.8536010439028,240.3311739697773,724.6,266.7
4595,6403,946.8536010439028,240.3311739697773,724.6,266.7
4596,6403,946.8536010439028,240.3311739697773,724.6,266.7
4597,6403,946.8536010439028,240.3311739697773,724.6,266.7
4598,6403,946.8536010439028,240.3311739697773,724.6,266.7
4599,6403,946.8536010439028,240.3311739697773,724.6,266.7
4600,6403,946.8536010439028,240.3311739697773,724.6,266.7
4601,6403,946.8536010439028,240.3311739697773,724.6,266.7
4602,6403,946.8536010439028,240.3311739697773,724.6,266.7
4603,6403,946.8536010439028,240.3311739697773,724.6,266.7
4604,6403,946.8536010439028,240.3311739697773,724.6,266.7
4605,6403,946.8536010439028,240.3311739697773,724.6,266.7
4606,6403,946.8536010439028,240.3311739697773,724.6,266.7
4607,6403,946.8536010439028,240.3311739697773,724.6,266.7
4608,6403,946.8536010439028,240.3311739697773,724.6,266.7
4609,6403,946.8536010439028,240.3311739697773,724.6,266.7
4610,6403,946.8536010439028,240.3311739697773,724.6,266.7
4611,6403,946.8536010439028,240.3311739697773,724.6,266.7
4612,6403,946.8536010439028,240.3311739697773,724.6,266.7
4613,6403,946.8536010439028,240.3311739697773,724.6,266.7
4614,6403,946.8536010439028,240.3311739697773,724.6,266.7
4615,6403,946.8536010439028,240.3311739697773,724.6,266.7
4616,6403,946.8536010439028,240.3311739697773,724.6,266.7
4617,6403,946.8536010439028,240.3311739697773,724.6,266.7
4618,6403,946.8536010439028,240.3311739697773,724.6,266.7
4619,6403,946.8536010439028,240.3311739697773,724.6,266.7
4620,6403,946.8536010439028,240.3311739697773,724.6,266.7
4621,6403,946.8536010439028,240.3311739697773,724.6,266.7
4622,6403,946.8536010439028,240.3311739697773,724.6,266.7
4623,6403,946.8536010439028,240.3311739697773,724.6,266.7
4624,6403,946.8536010439028,240.3311739697773,724.6,266.7
4625,6403,796.8536010439028,246.3311739697773,724.6,266.7
4626,6403,796.8536010439028,246.3311739697773,724.6,266.7
4627,6403,796.8536010439028,246.3311739697773,724.6,266.7
4628,6403,796.8536010439028,246.3311739697773,724.6,266.7
4629,6403,796.8536010439028,246.3311739697773,724.6,266.7
4630,6403,796.8536010439028,246.3311739697773,724.6,266.7
4631,6403,796.8536010439028,246.3311739697773,724.6,266.7
4632,6403,796.8536010439028,246.3311739697773,724.6,266.7
4633,6403,796.8536010439028,246.3311739697773,724.6,266.7
4634,6403,796.8536010439028,246.3311739697773,724.6,266.7
4635,6403,796.8536010439028,246.3311739697773,724.6,266.7
4636,6403,796.8536010439028,246.3311739697773,724.6,266.7
4637,6403,796.8536010439028,246.3311739697773,724.6,266.7
4638,6403,796.8536010439028,246.3311739697773,724.6,266.7
4639,6403,796.8536010439028,246.3311739697773,724.6,266.7
4640,6403,796.8536010439028,246.3311739697773,724.6,266.7
4641,6403,796.8536010439028,246.3311739697773,724.6,266.7
4642,6403,796.8536010439028,246.3311739697773,724.6,266.7
4643,6403,796.8536010439028,246.3311739697773,724.6,266.7
4644,6403,796.8536010439028,246.3311739697773,724.6,266.7
4645,6403,796.8536010439028,246.3311739697773,724.6,266.7
4646,6403,796.8536010439028,246.3311739697773,724.6,266.7
4647,6403,796.8536010439028,246.3311739697773,724.6,266.7
4648,6403,796.8536010439028,246.3311739697773,724.6,266.7
4649,6403,796.8536010439028,246.3311739697773,724.6,266.7
4650,6403,796.8536010439028,246.3311739697773,724.6,266.7
4651,6403,796.8536010439028,246.3311739697773,724.6,266.7
4652,6403,796.8536010439028,246.3311739697773,724.6,266.7
4653,6403,796.8536010439028,246.3311739697773,724.6,266.7
4654,6403,796.8536010439028,246.3311739697773,724.6,266.7
4655,6403,796.8536010439028,246.3311739697773,724.6,266.7
4656,6403,796.8536010439028,246.3311739697773,724.6,266.7
4657,6403,796.8536010439028,246.3311739697773,724.6,266.7
4658,6403,646.8536010439028,252.3311739697773,724.6,266.7
4659,6403,646.8536010439028,252.3311739697773,724.6,266.7
4660,6403,646.8536010439028,252.3311739697773,724.6,266.7
4661,6403,646.8536010439028,252.3311739697773,724.6,266.7
4662,6403,646.8536010439028,252.3311739697773,724.6,266.7
4663,6403,646.8536010439028,252.3311739697773,724.6,266.7
4664,6403,646.8536010439028,252.3311739697773,724.6,266.7
4665,6403,646.8536010439028,252.3311739697773,724.6,266.7
4666,6403,646.8536010439028,252.3311739697773,724.6,266.7
4667,6403,646.8536010439028,252.3311739697773,724.6,266.7
4668,6403,646.8536010439028,252.3311739697773,724.6,266.7
4669,6403,646.8536010439028,252.3311739697773,724.6,266.7
4670,6403,646.8536010439028,252.3311739697773,724.6,266.7
4671,6403,646.8536010439028,252.3311739697773,724.6,266.7
4672,6403,646.8536010439028,252.3311739697773,724.6,266.7
4673,6403,646.8536010439028,252.3311739697773,724.6,266.7
4674,6403,646.8536010439028,252.3311739697773,724.6,266.7
4675,6403,646.8536010439028,252.3311739697773,724.6,266.7
4676,6403,646.8536010439028,252.3311739697773,724.6,266.7
4677,6403,646.8536010439028,252.3311739697773,724.6,266.7
4678,6403,646.8536010439028,252.3311739697773,724.6,266.7
4679,6403,646.8536010439028,252.3311739697773,724.6,266.7
4680,6403,646.8536010439028,252.3311739697773,724.6,266.7
4681,6403,646.8536010439028,252.3311739697773,724.6,266.7
4682,6403,646.8536010439028,252.3311739697773,724.6,266.7
4683,6403,646.8536010439028,252.3311739697773,724.6,266.7
4684,6403,646.8536010439028,252.3311739697773,724.6,266.7
4685,6403,646.8536010439028,252.3311739697773,724.6,266.7
4686,6403,646.8536010439028,252.3311739697773,724.6,266.7
4687,6403,646.8536010439028,252.3311739697773,724.6,266.7
4688,6403,646.8536010439028,252.3311739697773,724.6,266.7
4689,6403,646.8536010439028,252.3311739697773,724.6,266.7
4690,6404,646.8536010439028,252.3311739697773,724.6,266.7
4691,6405,646.8536010439028,252.3311739697773,724.6,266.7
4692,6406,646.8536010439028,252.3311739697773,724.6,266.7
4693,6407,646.8536010439028,252.3311739697773,724.6,266.7
4694,6408,646.8536010439028,252.3311739697773,724.6,266.7
4695,6409,646.8536010439028,252.3311739697773,724.6,266.7
4696,6410,646.8536010439028,252.3311739697773,724.6,266.7
4697,6411,646.8536010439028,252.3311739697773,724.6,266.7
4698,6412,646.8536010439028,252.3311739697773,724.6,266.7
4699,6413,646.8536010439028,252.3311739697773,724.6,266.7
4700,6414,646.8536010439028,252.3311739697773,724.6,266.7
4701,6415,646.8536010439028,252.3311739697773,724.6,266.7
4702,6416,646.8536010439028,252.3311739697773,724.6,266.7
4703,6417,646.8536010439028,252.3311739697773,724.6,266.7
4704,6418,646.8536010439028,252.3311739697773,724.6,266.7
4705,6419,646.8536010439028,252.3311739697773,724.6,266.7
4706,6420,646.8536010439028,252.3311739697773,724.6,266.7
4707,6421,646.8536010439028,252.3311739697773,724.6,266.7
4708,6422,646.8536010439028,252.3311739697773,724.6,266.7
4709,6423,646.8536010439028,252.3311739697773,724.6,266.7
4710,6424,646.8536010439028,252.3311739697773,724.6,266.7
4711,6425,646.8536010439028,252.3311739697773,724.6,266.7
4712,6426,646.8536010439028,252.3311739697773,724.6,266.7
4713,6427,646.8536010439028,252.3311739697773,724.6,266.7
4714,6428,646.8536010439028,252.3311739697773,724.6,266.7
4715,6429,646.8536010439028,252.3311739697773,724.6,266.7
4716,6430,646.8536010439028,252.3311739697773,724.6,266.7
4717,6431,646.8536010439028,252.3311739697773,724.6,266.7
4718,6432,646.8536010439028,252.3311739697773,724.6,266.7
4719,6433,646.8536010439028,252.3311739697773,724.6,266.7
4720,6434,646.8536010439028,252.3311739697773,724.6,266.7
4721,6435,646.8536010439028,252.3311739697773,724.6,266.7
4722,6436,646.8536010439028,252.3311739697773,724.6,266.7
4723,6437,646.8536010439028,252.3311739697773,724.6,266.7
4724,6438,646.8536010439028,252.3311739697773,724.6,266.7
4725,6439,646.8536010439028,252.3311739697773,724.6,266.7
4726,6440,646.8536010439028,252.3311739697773,724.6,266.7
4727,6441,646.8536010439028,252.3311739697773,724.6,266.7
4728,6442,646.8536010439028,252.3311739697773,724.6,266.7
4729,6443,646.8536010439028,252.3311739697773,724.6,266.7
4730,6444,646.8536010439028,252.3311739697773,724.6,266.7
4731,6445,646.8536010439028,252.3311739697773,724.6,266.7
4732,6446,646.8536010439028,252.3311739697773,724.6,266.7
4733,6447,646.8536010439028,252.3311739697773,724.6,266.7
4734,6448,646.8536010439028,252.3311739697773,724.6,266.7
4735,6449,646.8536010439028,252.3311739697773,724.6,266.7
4736,6450,646.8536010439028,252.3311739697773,724.6,266.7
4737,6451,646.8536010439028,252.3311739697773,724.6,266.7
4738,6452,646.8536010439028,252.3311739697773,724.6,266.7
4739,6453,646.8536010439028,252.3311739697773,724.6,266.7
4740,6454,646.8536010439028,252.3311739697773,724.6,266.7
4741,6455,646.8536010439028,252.3311739697773,724.6,266.7
4742,6456,646.8536010439028,252.3311739697773,724.6,266.7
4743,6457,646.8536010439028,252.3311739697773,724.6,266.7
4744,6458,646.8536010439028,252.3311739697773,724.6,266.7
4745,6459,646.8536010439028,252.3311739697773,724.6,266.7
4746,6460,646.8536010439028,252.3311739697773,724.6,266.7
4747,6461,646.8536010439028,252.3311739697773,724.6,266.7
4748,6462,646.8536010439028,252.3311739697773,724.6,266.7
4749,6463,646.8536010439028,252.3311739697773,724.6,266.7
4750,6464,646.8536010439028,252.3311739697773,724.6,266.7
4751,6465,646.8536010439028,252.3311739697773,724.6,266.7
4752,6466,646.8536010439028,252.3311739697773,724.6,266.7
4753,6467,646.8536010439028,252.3311739697773,724.6,266.7
4754,6468,646.8536010439028,252.3311739697773,724.6,266.7
4755,6469,646.8536010439028,252.3311739697773,724.6,266.7
4756,6470,646.8536010439028,252.3311739697773,724.6,266.7
4757,6471,646.8536010439028,252.3311739697773,724.6,266.7
4758,6472,646.8536010439028,252.3311739697773,724.6,266.7
4759,6473,646.8536010439028,252.3311739697773,724.6,266.7
4760,6474,646.8536010439028,252.3311739697773,724.6,266.7
4761,6475,646.8536010439028,252.3311739697773,724.6,266.7
4762,6476,646.8536010439028,252.3311739697773,724.6,266.7
4763,6477,646.8536010439028,252.3311739697773,724.6,266.7
4764,6478,646.8536010439028,252.3311739697773,724.6,266.7
4765,6479,646.8536010439028,252.3311739697773,724.6,266.7
4766,6480,646.8536010439028,252.3311739697773,724.6,266.7
4767,6481,646.8536010439028,252.3311739697773,724.6,266.7
4768,6482,646.8536010439028,252.3311739697773,724.6,266.7
4769,6483,646.8536010439028,252.3311739697773,724.6,266.7
4770,6484,646.8536010439028,252.3311739697773,724.6,266.7
4771,6485,646.8536010439028,252.3311739697773,724.6,266.7
4772,6486,646.8536010439028,252.3311739697773,724.6,266.7
4773,6487,646.8536010439028,252.3311739697773,724.6,266.7
4774,6488,646.8536010439028,252.3311739697773,724.6,266.7
4775,6489,646.8536010439028,252.3311739697773,724.6,266.7
4776,6490,646.8536010439028,252.3311739697773,724.6,266.7
4777,6491,646.8536010439028,252.3311739697773,724.6,266.7
4778,6492,646.8536010439028,252.3311739697773,724.6,266.7
4779,6493,646.8536010439028,252.3311739697773,724.6,266.7
4780,6494,646.8536010439028,252.3311739697773,724.6,266.7
4781,6495,646.8536010439028,252.3311739697773,724.6,266.7
4782,6496,646.8536010439028,252.3311739697773,724.6,266.7
4783,6497,646.8536010439028,252.3311739697773,724.6,266.7
4784,6498,646.8536010439028,252.3311739697773,724.6,266.7
4785,6499,646.8536010439028,252.3311739697773,724.6,266.7
4786,6500,646.8536010439028,252.3311739697773,724.6,266.7
4787,6501,646.8536010439028,252.3311739697773,724.6,266.7
4788,6502,646.8536010439028,252.3311739697773,724.6,266.7
4789,6503,646.8536010439028,252.3311739697773,724.6,266.7
4790,6504,646.8536010439028,252.3311739697773,724.6,266.7
4791,6505,646.8536010439028,252.3311739697773,724.6,266.7
4792,6506,814.8536010439028,447.3311739697773,724.6,266.7
4793,6507,814.8536010439028,447.3311739697773,724.6,266.7
4794,6508,814.8536010439028,447.3311739697773,724.6,266.7
4795,6509,814.8536010439028,447.3311739697773,724.6,266.7
4796,6510,814.8536010439028,447.3311739697773,724.6,266.7
4797,6511,814.8536010439028,447.3311739697773,724.6,266.7
4798,6512,814.8536010439028,447.3311739697773,724.6,266.7
4799,6513,814.8536010439028,447.3311739697773,724.6,266.7
4800,6514,814.8536010439028,447.3311739697773,724.6,266.7
4801,6515,814.8536010439028,447.3311739697773,724.6,266.7
4802,6516,814.8536010439028,447.3311739697773,724.6,266.7
4803,6517,814.8536010439028,447.3311739697773,724.6,266.7
4804,6518,814.8536010439028,447.3311739697773,724.6,266.7
4805,6519,814.8536010439028,447.3311739697773,724.6,266.7
4806,6520,814.8536010439028,447.3311739697773,724.6,266.7
4807,6521,814.8536010439028,447.3311739697773,724.6,266.7
4808,6522,814.8536010439028,447.3311739697773,724.6,266.7
4809,6523,814.8536010439028,447.3311739697773,724.6,266.7
4810,6524,814.8536010439028,447.3311739697773,724.6,266.7
4811,6525,814.8536010439028,447.3311739697773,724.6,266.7
4812,6526,814.8536010439028,447.3311739697773,724.6,266.7
4813,6527,814.8536010439028,447.3311739697773,724.6,266.7
4814,6528,814.8536010439028,447.3311739697773,724.6,266.7
4815,6529,814.8536010439028,447.3311739697773,724.6,266.7
4816,6530,814.8536010439028,447.3311739697773,724.6,266.7
4817,6531,814.8536010439028,447.3311739697773,724.6,266.7
4818,6532,814.8536010439028,447.3311739697773,724.6,266.7
4819,6533,814.8536010439028,447.3311739697773,724.6,266.7
4820,6534,814.8536010439028,447.3311739697773,724.6,266.7
4821,6535,814.8536010439028,447.3311739697773,724.6,266.7
4822,6536,814.8536010439028,447.3311739697773,724.6,266.7
4823,6537,814.8536010439028,447.3311739697773,724.6,266.7
4824,6538,814.8536010439028,447.3311739697773,724.6,266.7
4825,6539,814.8536010439028,447.3311739697773,724.6,266.7
4826,6540,814.8536010439028,447.3311739697773,724.6,266.7
4827,6541,814.8536010439028,447.3311739697773,724.6,266.7
4828,6542,814.8536010439028,447.3311739697773,724.6,266.7
4829,6543,814.8536010439028,447.3311739697773,724.6,266.7
4830,6544,814.8536010439028,447.3311739697773,724.6,266.7
4831,6545,814.8536010439028,447.3311739697773,724.6,266.7
4832,6546,814.8536010439028,447.3311739697773,724.6,266.7
4833,6547,983.8536010439028,642.3311739697773,719.5416666666667,266.47499999999997
4834,6548,983.8536010439028,642.3311739697773,714.4833333333333,266.25
4835,6549,983.8536010439028,642.3311739697773,709.425,266.025
4836,6550,983.8536010439028,642.3311739697773,704.3666666666667,265.8
4837,6551,983.8536010439028,642.3311739697773,699.3083333333334,265.575
4838,6552,983.8536010439028,642.3311739697773,694.25,265.35
4839,6553,983.8536010439028,642.3311739697773,689.1916666666666,265.125
4840,6554,983.8536010439028,642.3311739697773,684.1333333333333,264.9
4841,6555,983.8536010439028,642.3311739697773,679.075,264.675
4842,6556,983.8536010439028,642.3311739697773,674.0166666666667,264.45
4843,6557,983.8536010439028,642.3311739697773,668.9583333333333,264.225
4844,6558,983.8536010439028,642.3311739697773,663.9,264.0
4845,6559,983.8536010439028,642.3311739697773,663.9,264.0
4846,6560,983.8536010439028,642.3311739697773,663.9,264.0
4847,6561,983.8536010439028,642.3311739697773,663.9,264.0
4848,6562,983.8536010439028,642.3311739697773,663.9,264.0
4849,6563,983.8536010439028,642.3311739697773,663.9,264.0
4850,6564,983.8536010439028,642.3311739697773,663.9,264.0
4851,6565,983.8536010439028,642.3311739697773,663.9,264.0
4852,6566,983.8536010439028,642.3311739697773,663.9,264.0
4853,6567,983.8536010439028,642.3311739697773,663.9,264.0
4854,6568,983.8536010439028,642.3311739697773,663.9,264.0
4855,6569,983.8536010439028,642.3311739697773,663.9,264.0
4856,6570,983.8536010439028,642.3311739697773,663.9,264.0
4857,6571,983.8536010439028,642.3311739697773,663.9,264.0
4858,6572,983.8536010439028,642.3311739697773,663.9,264.0
4859,6573,983.8536010439028,642.3311739697773,663.9,264.0
4860,6574,983.8536010439028,642.3311739697773,663.9,264.0
4861,6575,983.8536010439028,642.3311739697773,663.9,264.0
4862,6576,983.8536010439028,642.3311739697773,663.9,264.0
4863,6577,983.8536010439028,642.3311739697773,663.9,264.0
4864,6578,983.8536010439028,642.3311739697773,663.9,264.0
4865,6579,983.8536010439028,642.3311739697773,663.9,264.0
4866,6580,983.8536010439028,642.3311739697773,663.9,264.0
4867,6581,983.8536010439028,642.3311739697773,663.9,264.0
4868,6582,983.8536010439028,642.3311739697773,663.9,264.0
4869,6583,983.8536010439028,642.3311739697773,663.9,264.0
4870,6584,983.8536010439028,642.3311739697773,663.9,264.0
4871,6585,983.8536010439028,642.3311739697773,663.9,264.0
4872,6586,983.8536010439028,642.3311739697773,663.9,264.0
4873,6587,983.8536010439028,642.3311739697773,663.9,264.0
4874,6588,983.8536010439028,642.3311739697773,663.9,264.0
4875,6589,983.8536010439028,642.3311739697773,663.9,264.0
4876,6590,983.8536010439028,642.3311739697773,663.9,264.0
4877,6591,983.8536010439028,642.3311739697773,663.9,264.0
4878,6592,983.8536010439028,642.3311739697773,663.9,264.0
4879,6593,983.8536010439028,642.3311739697773,663.9,264.0
4880,6594,983.8536010439028,642.3311739697773,663.9,264.0
4881,6595,983.8536010439028,642.3311739697773,663.9,264.0
4882,6596,983.8536010439028,642.3311739697773,663.9,264.0
4883,6597,983.8536010439028,642.3311739697773,663.9,264.0
4884,6598,983.8536010439028,642.3311739697773,663.9,264.0
4885,6599,983.8536010439028,642.3311739697773,663.9,264.0
4886,6600,983.8536010439028,642.3311739697773,663.9,264.0
4887,6601,983.8536010439028,642.3311739697773,663.9,264.0
4888,6602,983.8536010439028,642.3311739697773,663.9,264.0
4889,6603,983.8536010439028,642.3311739697773,663.9,264.0
4890,6604,983.8536010439028,642.3311739697773,663.9,264.0
4891,6605,1000.8536010439028,641.3311739697773,663.9,264.0
4892,6606,1000.8536010439028,641.3311739697773,663.9,264.0
4893,6607,1000.8536010439028,641.3311739697773,663.9,264.0
4894,6608,1000.8536010439028,641.3311739697773,663.9,264.0
4895,6609,1000.8536010439028,641.3311739697773,663.9,264.0
4896,6610,1000.8536010439028,641.3311739697773,663.9,264.0
4897,6611,1000.8536010439028,641.3311739697773,663.9,264.0
4898,6612,1000.8536010439028,641.3311739697773,663.9,264.0
4899,6613,1000.8536010439028,641.3311739697773,663.9,264.0
4900,6614,1000.8536010439028,641.3311739697773,663.9,264.0
4901,6615,1000.8536010439028,641.3311739697773,663.9,264.0
4902,6616,1000.8536010439028,641.3311739697773,663.9,264.0
4903,6617,1000.8536010439028,641.3311739697773,663.9,264.0
4904,6618,1000.8536010439028,641.3311739697773,663.9,264.0
4905,6619,1000.8536010439028,641.3311739697773,663.9,264.0
4906,6620,1000.8536010439028,641.3311739697773,663.9,264.0
4907,6621,1000.8536010439028,641.3311739697773,663.9,264.0
4908,6622,1000.8536010439028,641.3311739697773,663.9,264.0
4909,6623,1000.8536010439028,641.3311739697773,663.9,264.0
4910,6624,1000.8536010439028,641.3311739697773,663.9,264.0
4911,6625,1000.8536010439028,641.3311739697773,663.9,264.0
4912,6626,1000.8536010439028,641.3311739697773,663.9,264.0
4913,6627,1000.8536010439028,641.3311739697773,663.9,264.0
4914,6628,1000.8536010439028,641.3311739697773,663.9,264.0
4915,6629,1000.8536010439028,641.3311739697773,663.9,264.0
4916,6630,1000.8536010439028,641.3311739697773,663.9,264.0
4917,6631,1000.8536010439028,641.3311739697773,663.9,264.0
4918,6632,1000.8536010439028,641.3311739697773,663.9,264.0
4919,6633,1000.8536010439028,641.3311739697773,663.9,264.0
4920,6634,1000.8536010439028,641.3311739697773,663.9,264.0
4921,6635,1000.8536010439028,641.3311739697773,663.9,264.0
4922,6636,1000.8536010439028,641.3311739697773,663.9,264.0
4923,6637,1017.8536010439028,640.3311739697773,663.9,264.0
4924,6638,1017.8536010439028,640.3311739697773,663.9,264.0
4925,6639,1017.8536010439028,640.3311739697773,663.9,264.0
4926,6640,1017.8536010439028,640.3311739697773,663.9,264.0
4927,6641,1017.8536010439028,640.3311739697773,663.9,264.0
4928,6642,1017.8536010439028,640.3311739697773,663.9,264.0
4929,6643,1017.8536010439028,640.3311739697773,663.9,264.0
4930,6644,1017.8536010439028,640.3311739697773,663.9,264.0
4931,6645,1017.8536010439028,640.3311739697773,663.9,264.0
4932,6646,1017.8536010439028,640.3311739697773,663.9,264.0
4933,6647,1017.8536010439028,640.3311739697773,663.9,264.0
4934,6648,1017.8536010439028,640.3311739697773,663.9,264.0
4935,6649,1017.8536010439028,640.3311739697773,663.9,264.0
4936,6650,1017.8536010439028,640.3311739697773,663.9,264.0
4937,6651,1017.8536010439028,640.3311739697773,663.9,264.0
4938,6652,1017.8536010439028,640.3311739697773,663.9,264.0
4939,6653,1017.8536010439028,640.3311739697773,663.9,264.0
4940,6654,1017.8536010439028,640.3311739697773,663.9,264.0
4941,6655,1034.853601043903,639.3311739697773,663.9,264.0
4942,6656,1034.853601043903,639.3311739697773,663.9,264.0
4943,6657,1034.853601043903,639.3311739697773,663.9,264.0
4944,6658,1034.853601043903,639.3311739697773,663.9,264.0
4945,6659,1034.853601043903,639.3311739697773,663.9,264.0
4946,6660,1034.853601043903,639.3311739697773,663.9,264.0
4947,6661,1034.853601043903,639.3311739697773,663.9,264.0
4948,6662,1034.853601043903,639.3311739697773,663.9,264.0
4949,6663,1034.853601043903,639.3311739697773,663.9,264.0
4950,6664,1034.853601043903,639.3311739697773,663.9,264.0
4951,6665,1034.853601043903,639.3311739697773,663.9,264.0
4952,6666,1034.853601043903,639.3311739697773,663.9,264.0
4953,6667,1034.853601043903,639.3311739697773,663.9,264.0
4954,6668,1034.853601043903,639.3311739697773,663.9,264.0
4955,6669,1034.853601043903,639.3311739697773,663.9,264.0
4956,6670,1034.853601043903,639.3311739697773,663.9,264.0
4957,6671,1034.853601043903,639.3311739697773,663.9,264.0
4958,6672,1034.853601043903,639.3311739697773,663.9,264.0
4959,6673,1034.853601043903,639.3311739697773,663.9,264.0
4960,6674,1034.853601043903,639.3311739697773,663.9,264.0
4961,6675,1034.853601043903,639.3311739697773,663.9,264.0
4962,6676,1034.853601043903,639.3311739697773,663.9,264.0
4963,6677,1034.853601043903,639.3311739697773,663.9,264.0
4964,6678,1034.853601043903,639.3311739697773,663.9,264.0
4965,6679,1034.853601043903,639.3311739697773,663.9,264.0
4966,6680,1034.853601043903,639.3311739697773,663.9,264.0
4967,6681,1034.853601043903,639.3311739697773,663.9,264.0
4968,6682,1034.853601043903,639.3311739697773,663.9,264.0
4969,6683,1034.853601043903,639.3311739697773,663.9,264.0
4970,6684,1034.853601043903,639.3311739697773,663.9,264.0
4971,6685,1034.853601043903,639.3311739697773,663.9,264.0
4972,6686,1034.853601043903,639.3311739697773,663.9,264.0
4973,6687,1034.853601043903,639.3311739697773,663.9,264.0
4974,6688,1034.853601043903,639.3311739697773,663.9,264.0
4975,6689,1051.853601043903,638.3311739697773,663.9,264.0
4976,6690,1051.853601043903,638.3311739697773,663.9,264.0
4977,6691,1051.853601043903,638.3311739697773,663.9,264.0
4978,6692,1051.853601043903,638.3311739697773,663.9,264.0
4979,6693,1051.853601043903,638.3311739697773,663.9,264.0
4980,6694,1051.853601043903,638.3311739697773,663.9,264.0
4981,6695,1051.853601043903,638.3311739697773,663.9,264.0
4982,6696,1051.853601043903,638.3311739697773,663.9,264.0
4983,6697,1051.853601043903,638.3311739697773,663.9,264.0
4984,6698,1051.853601043903,638.3311739697773,663.9,264.0
4985,6699,1051.853601043903,638.3311739697773,663.9,264.0
4986,6700,1051.853601043903,638.3311739697773,663.9,264.0
4987,6701,1051.853601043903,638.3311739697773,663.9,264.0
4988,6702,1051.853601043903,638.3311739697773,663.9,264.0
4989,6703,1051.853601043903,638.3311739697773,663.9,264.0
4990,6704,1051.853601043903,638.3311739697773,676.3296296296296,279.39629629629627
4991,6705,1051.853601043903,638.3311739697773,688.7592592592592,294.7925925925926
4992,6706,1051.853601043903,638.3311739697773,701.1888888888889,310.18888888888887
4993,6707,1051.853601043903,638.3311739697773,713.6185185185185,325.5851851851852
4994,6708,1051.853601043903,638.3311739697773,726.0481481481481,340.98148148148147
4995,6709,1051.853601043903,638.3311739697773,738.4777777777778,356.3777777777778
4996,6710,1051.853601043903,638.3311739697773,750.9074074074074,371.77407407407406
4997,6711,1051.853601043903,638.3311739697773,763.337037037037,387.1703703703704
4998,6712,1051.853601043903,638.3311739697773,775.7666666666667,402.56666666666666
4999,6713,1051.853601043903,638.3311739697773,788.1962962962963,417.96296296296293
5000,6714,1051.853601043903,638.3311739697773,800.6259259259259,433.35925925925926
5001,6715,1051.853601043903,638.3311739697773,813.0555555555555,448.7555555555556
5002,6716,1051.853601043903,638.3311739697773,825.4851851851852,464.15185185185186
5003,6717,1051.853601043903,638.3311739697773,837.9148148148148,479.54814814814813
5004,6718,1051.853601043903,638.3311739697773,850.3444444444444,494.94444444444446
5005,6719,1051.853601043903,638.3311739697773,862.7740740740741,510.3407407407408
5006,6720,1051.853601043903,638.3311739697773,875.2037037037037,525.737037037037
5007,6721,1051.853601043903,638.3311739697773,887.6333333333333,541.1333333333333
5007,6722,1051.853601043903,638.3311739697773,900.062962962963,556.5296296296297
5007,6723,1068.853601043903,637.3311739697773,912.4925925925926,571.9259259259259
5007,6724,1068.853601043903,637.3311739697773,924.9222222222222,587.3222222222223
5007,6725,1068.853601043903,637.3311739697773,937.3518518518518,602.7185185185185
5007,6726,1068.853601043903,637.3311739697773,949.7814814814815,618.1148148148148
5007,6727,1068.853601043903,637.3311739697773,962.2111111111111,633.5111111111112
5007,6728,1068.853601043903,637.3311739697773,974.6407407407407,648.9074074074074
5007,6729,1068.853601043903,637.3311739697773,987.0703703703704,664.3037037037037
5007,6730,1068.853601043903,637.3311739697773,999.5,679.7
5007,6731,1068.853601043903,637.3311739697773,999.5,679.7
5008,6732,1068.853601043903,637.3311739697773,999.5,679.7
5009,6733,1068.853601043903,637.3311739697773,999.5,679.7
5010,6734,1068.853601043903,637.3311739697773,999.5,679.7
5011,6735,1068.853601043903,637.3311739697773,999.5,679.7
5012,6736,1068.853601043903,637.3311739697773,999.5,679.7
5013,6737,1068.853601043903,637.3311739697773,999.5,679.7
5014,6738,1068.853601043903,637.3311739697773,999.5,679.7
5015,6739,1068.853601043903,637.3311739697773,999.5,679.7
5016,6740,1068.853601043903,637.3311739697773,999.5,679.7
5017,6741,1068.853601043903,637.3311739697773,999.5,679.7
5018,6742,1068.853601043903,637.3311739697773,999.5,679.7
5019,6743,1068.853601043903,637.3311739697773,999.5,679.7
5020,6744,1068.853601043903,637.3311739697773,999.5,679.7
5021,6745,1068.853601043903,637.3311739697773,999.5,679.7
5022,6746,1068.853601043903,637.3311739697773,999.5,679.7
5023,6747,1068.853601043903,637.3311739697773,999.5,679.7
5024,6748,1068.853601043903,637.3311739697773,999.5,679.7
5025,6749,1068.853601043903,637.3311739697773,999.5,679.7
5026,6750,1068.853601043903,637.3311739697773,999.5,679.7
5027,6751,1068.853601043903,637.3311739697773,999.5,679.7
5028,6752,1068.853601043903,637.3311739697773,999.5,679.7
5029,6753,1068.853601043903,637.3311739697773,999.5,679.7
5030,6754,1068.853601043903,637.3311739697773,999.5,679.7
5031,6755,1068.853601043903,637.3311739697773,999.5,679.7
5032,6756,1085.853601043903,637.3311739697773,999.5,679.7
5033,6757,1085.853601043903,637.3311739697773,999.5,679.7
5034,6758,1085.853601043903,637.3311739697773,999.5,679.7
5035,6759,1085.853601043903,637.3311739697773,999.5,679.7
5036,6760,1085.853601043903,637.3311739697773,999.5,679.7
5037,6761,1085.853601043903,637.3311739697773,999.5,679.7
5038,6762,1085.853601043903,637.3311739697773,999.5,679.7
5039,6763,1085.853601043903,637.3311739697773,999.5,679.7
5040,6764,1085.853601043903,637.3311739697773,999.5,679.7
5041,6765,1085.853601043903,637.3311739697773,999.5,679.7
5042,6766,1085.853601043903,637.3311739697773,999.5,679.7
5043,6767,1085.853601043903,637.3311739697773,999.5,679.7
5044,6768,1085.853601043903,637.3311739697773,999.5,679.7
5045,6769,1085.853601043903,637.3311739697773,999.5,679.7
5046,6770,1085.853601043903,637.3311739697773,999.5,679.7
5047,6771,1085.853601043903,637.3311739697773,999.5,679.7
5048,6772,1085.853601043903,637.3311739697773,999.5,679.7
5049,6773,1085.853601043903,637.3311739697773,999.5,679.7
5050,6774,1085.853601043903,637.3311739697773,999.5,679.7
5051,6775,1085.853601043903,637.3311739697773,999.5,679.7
5052,6776,1085.853601043903,637.3311739697773,999.5,679.7
5053,6777,1085.853601043903,637.3311739697773,999.5,679.7
5054,6778,1085.853601043903,637.3311739697773,999.5,679.7
5055,6779,1085.853601043903,637.3311739697773,999.5,679.7
5056,6780,1085.853601043903,637.3311739697773,999.5,679.7
5057,6781,1085.853601043903,637.3311739697773,999.5,679.7
5058,6782,1085.853601043903,637.3311739697773,999.5,679.7
5059,6783,1085.853601043903,637.3311739697773,999.5,679.7
5060,6784,1085.853601043903,637.3311739697773,999.5,679.7
5061,6785,1085.853601043903,637.3311739697773,999.5,679.7
5062,6786,1085.853601043903,637.3311739697773,999.5,679.7
5063,6787,1085.853601043903,637.3311739697773,999.5,679.7
5064,6788,1085.853601043903,637.3311739697773,999.5,679.7
5065,6789,1103.853601043903,637.3311739697773,999.5,679.7
5066,6790,1103.853601043903,637.3311739697773,999.5,679.7
5067,6791,1103.853601043903,637.3311739697773,999.5,679.7
5068,6792,1103.853601043903,637.3311739697773,999.5,679.7
5069,6793,1103.853601043903,637.3311739697773,999.5,679.7
5070,6794,1103.853601043903,637.3311739697773,999.5,679.7
5071,6795,1103.853601043903,637.3311739697773,999.5,679.7
5072,6796,1103.853601043903,637.3311739697773,999.5,679.7
5073,6797,1103.853601043903,637.3311739697773,999.5,679.7
5074,6798,1103.853601043903,637.3311739697773,999.5,679.7
5075,6799,1103.853601043903,637.3311739697773,999.5,679.7
5076,6800,1103.853601043903,637.3311739697773,999.5,679.7
5077,6801,1103.853601043903,637.3311739697773,999.5,679.7
5078,6802,1103.853601043903,637.3311739697773,999.5,679.7
5079,6803,1103.853601043903,637.3311739697773,999.5,679.7
5080,6804,1103.853601043903,637.3311739697773,999.5,679.7
5081,6805,1103.853601043903,637.3311739697773,999.5,679.7
5082,6806,1103.853601043903,637.3311739697773,999.5,679.7
5083,6807,1103.853601043903,637.3311739697773,999.5,679.7
5084,6808,1103.853601043903,637.3311739697773,999.5,679.7
5085,6809,1103.853601043903,637.3311739697773,999.5,679.7
5086,6810,1103.853601043903,637.3311739697773,999.5,679.7
5087,6811,1103.853601043903,637.3311739697773,999.5,679.7
5088,6812,1103.853601043903,637.3311739697773,999.5,679.7
5089,6813,1103.853601043903,637.3311739697773,999.5,679.7
5090,6814,1103.853601043903,637.3311739697773,999.5,679.7
5091,6815,1103.853601043903,637.3311739697773,999.5,679.7
5092,6816,1103.853601043903,637.3311739697773,999.5,679.7
5093,6817,1103.853601043903,637.3311739697773,999.5,679.7
5094,6818,1103.853601043903,637.3311739697773,999.5,679.7
5095,6819,1103.853601043903,637.3311739697773,999.5,679.7
5096,6820,1103.853601043903,637.3311739697773,999.5,679.7
5097,6821,1103.853601043903,637.3311739697773,999.5,679.7
5098,6822,1103.853601043903,637.3311739697773,999.5,679.7
5099,6823,1121.853601043903,637.3311739697773,999.5,679.7
5100,6824,1121.853601043903,637.3311739697773,999.5,679.7
5101,6825,1121.853601043903,637.3311739697773,999.5,679.7
5102,6826,1121.853601043903,637.3311739697773,999.5,679.7
5103,6827,1121.853601043903,637.3311739697773,999.5,679.7
5104,6828,1121.853601043903,637.3311739697773,999.5,679.7
5105,6829,1121.853601043903,637.3311739697773,999.5,679.7
5106,6830,1121.853601043903,637.3311739697773,999.5,679.7
5107,6831,1121.853601043903,637.3311739697773,999.5,679.7
5108,6832,1121.853601043903,637.3311739697773,999.5,679.7
5109,6833,1121.853601043903,637.3311739697773,999.5,679.7
5110,6834,1121.853601043903,637.3311739697773,999.5,679.7
5111,6835,1121.853601043903,637.3311739697773,999.5,679.7
5112,6836,1121.853601043903,637.3311739697773,999.5,679.7
5113,6837,1121.853601043903,637.3311739697773,999.5,679.7
5114,6838,1121.853601043903,637.3311739697773,999.5,679.7
5115,6839,1121.853601043903,637.3311739697773,999.5,679.7
5116,6840,1121.853601043903,637.3311739697773,999.5,679.7
5117,6841,1121.853601043903,637.3311739697773,999.5,679.7
5118,6842,1121.853601043903,637.3311739697773,999.5,679.7
5119,6843,1121.853601043903,637.3311739697773,999.5,679.7
5120,6844,1121.853601043903,637.3311739697773,999.5,679.7
5121,6845,1121.853601043903,637.3311739697773,999.5,679.7
5122,6846,1121.853601043903,637.3311739697773,999.5,679.7
5123,6847,1121.853601043903,637.3311739697773,999.5,679.7
5124,6848,1121.853601043903,637.3311739697773,999.5,679.7
5125,6849,1121.853601043903,637.3311739697773,999.5,679.7
5126,6850,1121.853601043903,637.3311739697773,999.5,679.7
5127,6851,1121.853601043903,637.3311739697773,999.5,679.7
5128,6852,1121.853601043903,637.3311739697773,999.5,679.7
5129,6853,1121.853601043903,637.3311739697773,999.5,679.7
5130,6854,1121.853601043903,637.3311739697773,999.5,679.7
5131,6855,1121.853601043903,637.3311739697773,999.5,679.7
5132,6856,1139.853601043903,637.3311739697773,999.5,679.7
5133,6857,1139.853601043903,637.3311739697773,999.5,679.7
5134,6858,1139.853601043903,637.3311739697773,999.5,679.7
5135,6859,1139.853601043903,637.3311739697773,999.5,679.7
5136,6860,1139.853601043903,637.3311739697773,999.5,679.7
5137,6861,1139.853601043903,637.3311739697773,999.5,679.7
5138,6862,1139.853601043903,637.3311739697773,999.5,679.7
5139,6863,1139.853601043903,637.3311739697773,999.5,679.7
5140,6864,1139.853601043903,637.3311739697773,999.5,679.7
5141,6865,1139.853601043903,637.3311739697773,999.5,679.7
5142,6866,1139.853601043903,637.3311739697773,999.5,679.7
5143,6867,1139.853601043903,637.3311739697773,999.5,679.7
5144,6868,1139.853601043903,637.3311739697773,999.5,679.7
5145,6869,1139.853601043903,637.3311739697773,999.5,679.7
5146,6870,1139.853601043903,637.3311739697773,999.5,679.7
5147,6871,1139.853601043903,637.3311739697773,999.5,679.7
5148,6872,1139.853601043903,637.3311739697773,999.5,679.7
5149,6873,1139.853601043903,637.3311739697773,999.5,679.7
5150,6874,1139.853601043903,637.3311739697773,999.5,679.7
5151,6875,1139.853601043903,637.3311739697773,999.5,679.7
5152,6876,1139.853601043903,637.3311739697773,999.5,679.7
5153,6877,1139.853601043903,637.3311739697773,999.5,679.7
5154,6878,1139.853601043903,637.3311739697773,999.5,679.7
5155,6879,1139.853601043903,637.3311739697773,999.5,679.7
5156,6880,1139.853601043903,637.3311739697773,999.5,679.7
5157,6881,1139.853601043903,637.3311739697773,999.5,679.7
5158,6882,1139.853601043903,637.3311739697773,999.5,679.7
5159,6883,1139.853601043903,637.3311739697773,999.5,679.7
5160,6884,1139.853601043903,637.3311739697773,999.5,679.7
5161,6885,1139.853601043903,637.3311739697773,999.5,679.7
5162,6886,1139.853601043903,637.3311739697773,999.5,679.7
5163,6887,1139.853601043903,637.3311739697773,999.5,679.7
5164,6888,1139.853601043903,637.3311739697773,999.5,679.7
5165,6889,1139.853601043903,637.3311739697773,999.5,679.7
5166,6890,1139.853601043903,637.3311739697773,999.5,679.7
5167,6891,1139.853601043903,637.3311739697773,999.5,679.7
5168,6892,1139.853601043903,637.3311739697773,999.5,679.7
5169,6893,1139.853601043903,637.3311739697773,999.5,679.7
5170,6894,1139.853601043903,637.3311739697773,999.4794117647059,667.5852941176471
5171,6895,1139.853601043903,637.3311739697773,999.4588235294118,655.4705882352941
5172,6896,1139.853601043903,637.3311739697773,999.4382352941176,643.3558823529412
5173,6897,1139.853601043903,637.3311739697773,999.4176470588235,631.2411764705882
5174,6898,1139.853601043903,637.3311739697773,999.3970588235294,619.1264705882353
5175,6899,1139.853601043903,637.3311739697773,999.3764705882353,607.0117647058823
5176,6900,1139.853601043903,637.3311739697773,999.3558823529412,594.8970588235295
5177,6901,1139.853601043903,637.3311739697773,999.3352941176471,582.7823529411766
5178,6902,1139.853601043903,637.3311739697773,999.3147058823529,570.6676470588236
5179,6903,1139.853601043903,637.3311739697773,999.2941176470588,558.5529411764707
5180,6904,1139.853601043903,637.3311739697773,999.2735294117647,546.4382352941177
5181,6905,1139.853601043903,637.3311739697773,999.2529411764706,534.3235294117648
5182,6906,1139.853601043903,637.3311739697773,999.2323529411765,522.2088235294118
5183,6907,1139.853601043903,637.3311739697773,999.2117647058824,510.09411764705885
5184,6908,1139.853601043903,637.3311739697773,999.1911764705882,497.9794117647059
5185,6909,1139.853601043903,637.3311739697773,999.1705882352941,485.86470588235295
5186,6910,1139.853601043903,637.3311739697773,999.15,473.75
5187,6911,1139.853601043903,637.3311739697773,999.1294117647059,461.6352941176471
5188,6912,1139.853601043903,637.3311739697773,999.1088235294118,449.52058823529416
5189,6913,1139.853601043903,637.3311739697773,999.0882352941176,437.4058823529412
5190,6914,1139.853601043903,637.3311739697773,999.0676470588235,425.2911764705883
5191,6915,1139.853601043903,637.3311739697773,999.0470588235294,413.1764705882353
5192,6916,1139.853601043903,637.3311739697773,999.0264705882353,401.0617647058824
5193,6917,1139.853601043903,637.3311739697773,999.0058823529412,388.94705882352946
5194,6918,1139.853601043903,637.3311739697773,998.9852941176471,376.8323529411765
5195,6919,1139.853601043903,637.3311739697773,998.9647058823529,364.71764705882356
5196,6920,1139.853601043903,637.3311739697773,998.9441176470588,352.6029411764706
5197,6921,1139.853601043903,637.3311739697773,998.9235294117647,340.48823529411766
5198,6922,1075.853601043903,434.3311739697773,998.9029411764706,328.37352941176476
5199,6923,1075.853601043903,434.3311739697773,998.8823529411765,316.2588235294118
5200,6924,1075.853601043903,434.3311739697773,998.8617647058824,304.14411764705886
5201,6925,1075.853601043903,434.3311739697773,998.8411764705882,292.0294117647059
5202,6926,1075.853601043903,434.3311739697773,998.820588235294,279.91470588235296
5203,6927,1075.853601043903,434.3311739697773,998.8,267.8
5204,6928,1075.853601043903,434.3311739697773,998.8,267.8
5205,6929,1075.853601043903,434.3311739697773,998.8,267.8
5206,6930,1075.853601043903,434.3311739697773,998.8,267.8
5207,6931,1075.853601043903,434.3311739697773,998.8,267.8
5208,6932,1075.853601043903,434.3311739697773,998.8,267.8
5209,6933,1075.853601043903,434.3311739697773,998.8,267.8
5210,6934,1075.853601043903,434.3311739697773,998.8,267.8
5211,6935,1075.853601043903,434.3311739697773,998.8,267.8
5212,6936,1075.853601043903,434.3311739697773,998.8,267.8
5213,6937,1075.853601043903,434.3311739697773,998.8,267.8
5214,6938,1075.853601043903,434.3311739697773,998.8,267.8
5215,6939,1075.853601043903,434.3311739697773,998.8,267.8
5216,6940,1075.853601043903,434.3311739697773,998.8,267.8
5217,6941,1075.853601043903,434.3311739697773,998.8,267.8
5218,6942,1075.853601043903,434.3311739697773,998.8,267.8
5219,6943,1075.853601043903,434.3311739697773,998.8,267.8
5220,6944,1075.853601043903,434.3311739697773,998.8,267.8
5221,6945,1075.853601043903,434.3311739697773,998.8,267.8
5222,6946,1075.853601043903,434.3311739697773,998.8,267.8
5223,6947,1075.853601043903,434.3311739697773,998.8,267.8
5224,6948,1075.853601043903,434.3311739697773,998.8,267.8
5225,6949,1075.853601043903,434.3311739697773,998.8,267.8
5226,6950,1075.853601043903,434.3311739697773,998.8,267.8
5227,6951,1075.853601043903,434.3311739697773,998.8,267.8
5228,6952,1075.853601043903,434.3311739697773,998.8,267.8
5229,6953,1075.853601043903,434.3311739697773,998.8,267.8
5230,6954,1075.853601043903,434.3311739697773,998.8,267.8
5231,6955,1075.853601043903,434.3311739697773,998.8,267.8
5232,6956,1011.8536010439028,231.3311739697773,998.8,267.8
5233,6957,1011.8536010439028,231.3311739697773,998.8,267.8
5234,6958,1011.8536010439028,231.3311739697773,998.8,267.8
5235,6959,1011.8536010439028,231.3311739697773,998.8,267.8
5236,6960,1011.8536010439028,231.3311739697773,998.8,267.8
5237,6961,1011.8536010439028,231.3311739697773,998.8,267.8
5238,6962,1011.8536010439028,231.3311739697773,998.8,267.8
5239,6963,1011.8536010439028,231.3311739697773,998.8,267.8
5240,6964,1011.8536010439028,231.3311739697773,998.8,267.8
5241,6965,1011.8536010439028,231.3311739697773,998.8,267.8
5242,6966,1011.8536010439028,231.3311739697773,998.8,267.8
5243,6967,1011.8536010439028,231.3311739697773,998.8,267.8
5244,6968,1011.8536010439028,231.3311739697773,998.8,267.8
5245,6969,1011.8536010439028,231.3311739697773,998.8,267.8
5246,6970,1011.8536010439028,231.3311739697773,998.8,267.8
5247,6971,1011.8536010439028,231.3311739697773,998.8,267.8
5248,6972,1011.8536010439028,231.3311739697773,998.8,267.8
5249,6973,1011.8536010439028,231.3311739697773,998.8,267.8
5250,6974,1011.8536010439028,231.3311739697773,998.8,267.8
5251,6975,1011.8536010439028,231.3311739697773,998.8,267.8
5252,6976,1011.8536010439028,231.3311739697773,998.8,267.8
5253,6977,1011.8536010439028,231.3311739697773,998.8,267.8
5254,6978,1011.8536010439028,231.3311739697773,998.8,267.8
5255,6979,1011.8536010439028,231.3311739697773,998.8,267.8
5256,6980,1011.8536010439028,231.3311739697773,998.8,267.8
5257,6981,1011.8536010439028,231.3311739697773,998.8,267.8
5258,6982,1011.8536010439028,231.3311739697773,998.8,267.8
5259,6983,1011.8536010439028,231.3311739697773,998.8,267.8
5260,6984,1011.8536010439028,231.3311739697773,998.8,267.8
5261,6985,1011.8536010439028,231.3311739697773,998.8,267.8
5262,6986,1011.8536010439028,231.3311739697773,998.8,267.8
5263,6987,1011.8536010439028,231.3311739697773,998.8,267.8
5264,6988,1011.8536010439028,231.3311739697773,998.8,267.8
5265,6989,1011.8536010439028,231.3311739697773,998.8,267.8
5266,6990,1011.8536010439028,231.3311739697773,998.8,267.8
5267,6991,1011.8536010439028,231.3311739697773,998.8,267.8
5268,6992,1011.8536010439028,231.3311739697773,998.8,267.8
5269,6993,1011.8536010439028,231.3311739697773,998.8,267.8
5270,6994,1011.8536010439028,231.3311739697773,998.8,267.8
5271,6995,1011.8536010439028,231.3311739697773,998.8,267.8
5272,6996,1011.8536010439028,231.3311739697773,998.8,267.8
5273,6997,1011.8536010439028,231.3311739697773,998.8,267.8
5274,6998,1011.8536010439028,231.3311739697773,998.8,267.8
5275,6999,1011.8536010439028,231.3311739697773,998.8,267.8
5276,7000,1011.8536010439028,231.3311739697773,998.8,267.8
5277,7001,1011.8536010439028,231.3311739697773,998.8,267.8
5278,7002,1011.8536010439028,231.3311739697773,998.8,267.8
5279,7003,1011.8536010439028,231.3311739697773,998.8,267.8
5280,7004,1011.8536010439028,231.3311739697773,998.8,267.8
5281,7005,1011.8536010439028,231.3311739697773,998.8,267.8
5282,7006,1011.8536010439028,231.3311739697773,998.8,267.8
5283,7007,1011.8536010439028,231.3311739697773,998.8,267.8
5284,7008,1011.8536010439028,231.3311739697773,998.8,267.8
5285,7009,1011.8536010439028,231.3311739697773,998.8,267.8
5286,7010,1011.8536010439028,231.3311739697773,998.8,267.8
5287,7011,1011.8536010439028,231.3311739697773,998.8,267.8
5288,7012,1011.8536010439028,231.3311739697773,998.8,267.8
5289,7013,1011.8536010439028,231.3311739697773,998.8,267.8
5290,7014,1011.8536010439028,231.3311739697773,998.8,267.8
5291,7015,1011.8536010439028,231.3311739697773,998.8,267.8
5292,7016,1011.8536010439028,231.3311739697773,998.8,267.8
5293,7017,1011.8536010439028,231.3311739697773,998.8,267.8
5294,7018,1011.8536010439028,231.3311739697773,998.8,267.8
5295,7019,1011.8536010439028,231.3311739697773,998.8,267.8
5296,7020,1011.8536010439028,231.3311739697773,998.8,267.8
5297,7021,1011.8536010439028,231.3311739697773,998.8,267.8
5298,7022,975.8536010439028,231.3311739697773,998.8,267.8
5299,7023,975.8536010439028,231.3311739697773,998.8,267.8
5300,7024,975.8536010439028,231.3311739697773,998.8,267.8
5301,7025,975.8536010439028,231.3311739697773,998.8,267.8
5302,7026,975.8536010439028,231.3311739697773,998.8,267.8
5303,7027,975.8536010439028,231.3311739697773,998.8,267.8
5304,7028,975.8536010439028,231.3311739697773,998.8,267.8
5305,7029,975.8536010439028,231.3311739697773,998.8,267.8
5306,7030,975.8536010439028,231.3311739697773,998.8,267.8
5307,7031,975.8536010439028,231.3311739697773,998.8,267.8
5308,7032,975.8536010439028,231.3311739697773,998.8,267.8
5309,7033,975.8536010439028,231.3311739697773,998.8,267.8
5310,7034,975.8536010439028,231.3311739697773,998.8,267.8
5311,7035,975.8536010439028,231.3311739697773,998.8,267.8
5312,7036,975.8536010439028,231.3311739697773,998.8,267.8
5313,7037,975.8536010439028,231.3311739697773,998.8,267.8
5314,7038,975.8536010439028,231.3311739697773,998.8,267.8
5315,7039,975.8536010439028,231.3311739697773,998.8,267.8
5316,7040,975.8536010439028,231.3311739697773,998.8,267.8
5317,7041,975.8536010439028,231.3311739697773,998.8,267.8
5318,7042,975.8536010439028,231.3311739697773,998.8,267.8
5319,7043,975.8536010439028,231.3311739697773,998.8,267.8
5320,7044,975.8536010439028,231.3311739697773,998.8,267.8
5321,7045,975.8536010439028,231.3311739697773,998.8,267.8
5322,7046,975.8536010439028,231.3311739697773,998.8,267.8
5323,7047,975.8536010439028,231.3311739697773,998.8,267.8
5324,7048,975.8536010439028,231.3311739697773,998.8,267.8
5325,7049,975.8536010439028,231.3311739697773,998.8,267.8
5326,7050,975.8536010439028,231.3311739697773,998.8,267.8
5327,7051,975.8536010439028,231.3311739697773,998.8,267.8
5328,7052,975.8536010439028,231.3311739697773,998.8,267.8
5329,7053,975.8536010439028,231.3311739697773,998.8,267.8
5330,7054,975.8536010439028,231.3311739697773,998.8,267.8
5331,7055,975.8536010439028,231.3311739697773,998.8,267.8
5332,7056,940.8536010439028,231.3311739697773,998.8,267.8
5333,7057,940.8536010439028,231.3311739697773,998.8,267.8
5334,7058,940.8536010439028,231.3311739697773,998.8,267.8
5335,7059,940.8536010439028,231.3311739697773,998.8,267.8
5336,7060,940.8536010439028,231.3311739697773,998.8,267.8
5337,7061,940.8536010439028,231.3311739697773,998.8,267.8
5338,7062,940.8536010439028,231.3311739697773,998.8,267.8
5339,7063,940.8536010439028,231.3311739697773,998.8,267.8
5340,7064,940.8536010439028,231.3311739697773,998.8,267.8
5341,7065,940.8536010439028,231.3311739697773,998.8,267.8
5342,7066,940.8536010439028,231.3311739697773,998.8,267.8
5343,7067,940.8536010439028,231.3311739697773,998.8,267.8
5344,7068,940.8536010439028,231.3311739697773,998.8,267.8
5345,7069,940.8536010439028,231.3311739697773,998.8,267.8
5346,7070,940.8536010439028,231.3311739697773,998.8,267.8
5347,7071,940.8536010439028,231.3311739697773,998.8,267.8
5348,7072,940.8536010439028,231.3311739697773,998.8,267.8
5349,7073,940.8536010439028,231.3311739697773,998.8,267.8
5350,7074,940.8536010439028,231.3311739697773,998.8,267.8
5351,7075,940.8536010439028,231.3311739697773,998.8,267.8
5352,7076,940.8536010439028,231.3311739697773,998.8,267.8
5353,7077,940.8536010439028,231.3311739697773,998.8,267.8
5354,7078,940.8536010439028,231.3311739697773,998.8,267.8
5355,7079,940.8536010439028,231.3311739697773,998.8,267.8
5356,7080,940.8536010439028,231.3311739697773,998.8,267.8
5357,7081,940.8536010439028,231.3311739697773,998.8,267.8
5358,7082,940.8536010439028,231.3311739697773,998.8,267.8
5359,7083,940.8536010439028,231.3311739697773,998.8,267.8
5360,7084,940.8536010439028,231.3311739697773,998.8,267.8
5361,7085,940.8536010439028,231.3311739697773,998.8,267.8
5362,7086,940.8536010439028,231.3311739697773,998.8,267.8
5363,7087,940.8536010439028,231.3311739697773,998.8,267.8
5364,7088,940.8536010439028,231.3311739697773,998.8,267.8
5365,7089,940.8536010439028,231.3311739697773,998.8,267.8
5366,7090,940.8536010439028,231.3311739697773,998.8,267.8
5367,7091,940.8536010439028,231.3311739697773,998.8,267.8
5368,7092,940.8536010439028,231.3311739697773,998.8,267.8
5369,7093,940.8536010439028,231.3311739697773,998.8,267.8
5370,7094,940.8536010439028,231.3311739697773,998.8,267.8
5371,7095,940.8536010439028,231.3311739697773,998.8,267.8
5372,7096,940.8536010439028,231.3311739697773,998.8,267.8
5373,7097,940.8536010439028,231.3311739697773,998.8,267.8
5374,7098,940.8536010439028,231.3311739697773,998.8,267.8
5375,7099,940.8536010439028,231.3311739697773,998.8,267.8
5376,7100,940.8536010439028,231.3311739697773,998.8,267.8
5377,7101,940.8536010439028,231.3311739697773,998.8,267.8
5378,7102,940.8536010439028,231.3311739697773,998.8,267.8
5379,7103,940.8536010439028,231.3311739697773,998.8,267.8
5380,7104,940.8536010439028,231.3311739697773,998.8,267.8
5381,7104,940.8536010439028,231.3311739697773,998.8,267.8
5382,7104,940.8536010439028,231.3311739697773,998.8,267.8
5383,7104,940.8536010439028,231.3311739697773,998.8,267.8
5384,7104,940.8536010439028,231.3311739697773,998.8,267.8
5385,7104,940.8536010439028,231.3311739697773,998.8,267.8
5386,7104,940.8536010439028,231.3311739697773,998.8,267.8
5387,7104,940.8536010439028,231.3311739697773,998.8,267.8
5388,7104,940.8536010439028,231.3311739697773,998.8,267.8
5389,7104,940.8536010439028,231.3311739697773,998.8,267.8
5390,7104,940.8536010439028,231.3311739697773,998.8,267.8
5391,7104,940.8536010439028,231.3311739697773,998.8,267.8
5392,7104,940.8536010439028,231.3311739697773,998.8,267.8
5393,7104,940.8536010439028,231.3311739697773,998.8,267.8
5394,7104,940.8536010439028,231.3311739697773,998.8,267.8
5395,7104,940.8536010439028,231.3311739697773,998.8,267.8
5396,7104,940.8536010439028,231.3311739697773,998.8,267.8
5397,7104,940.8536010439028,231.3311739697773,998.8,267.8
5398,7104,940.8536010439028,231.3311739697773,998.8,267.8
5399,7104,940.8536010439028,231.3311739697773,998.8,267.8
5400,7104,940.8536010439028,231.3311739697773,998.8,267.8
5401,7104,940.8536010439028,231.3311739697773,998.8,267.8
5402,7104,940.8536010439028,231.3311739697773,998.8,267.8
5403,7104,940.8536010439028,231.3311739697773,998.8,267.8
5404,7104,940.8536010439028,231.3311739697773,998.8,267.8
5405,7104,940.8536010439028,231.3311739697773,998.8,267.8
5406,7104,940.8536010439028,231.3311739697773,998.8,267.8
5407,7104,940.8536010439028,231.3311739697773,998.8,267.8
5408,7104,940.8536010439028,231.3311739697773,998.8,267.8
5409,7104,940.8536010439028,231.3311739697773,998.8,267.8
5410,7104,940.8536010439028,231.3311739697773,998.8,267.8
5411,7104,940.8536010439028,231.3311739697773,998.8,267.8
5412,7104,940.8536010439028,231.3311739697773,998.8,267.8
5413,7104,940.8536010439028,231.3311739697773,998.8,267.8
5414,7104,940.8536010439028,231.3311739697773,998.8,267.8
5415,7104,940.8536010439028,231.3311739697773,998.8,267.8
5416,7104,940.8536010439028,231.3311739697773,998.8,267.8
5417,7104,940.8536010439028,231.3311739697773,998.8,267.8
5418,7104,940.8536010439028,231.3311739697773,998.8,267.8
5419,7104,940.8536010439028,231.3311739697773,998.8,267.8
5420,7104,940.8536010439028,231.3311739697773,998.8,267.8
5421,7104,940.8536010439028,231.3311739697773,998.8,267.8
5422,7104,940.8536010439028,231.3311739697773,998.8,267.8
5423,7104,940.8536010439028,231.3311739697773,998.8,267.8
5424,7104,940.8536010439028,231.3311739697773,998.8,267.8
5425,7104,940.8536010439028,231.3311739697773,998.8,267.8
5426,7104,940.8536010439028,231.3311739697773,998.8,267.8
5427,7104,940.8536010439028,231.3311739697773,998.8,267.8
5428,7104,940.8536010439028,231.3311739697773,998.8,267.8
5429,7104,940.8536010439028,231.3311739697773,998.8,267.8
5430,7104,940.8536010439028,231.3311739697773,998.8,267.8
5431,7104,940.8536010439028,231.3311739697773,998.8,267.8
5432,7104,940.8536010439028,231.3311739697773,998.8,267.8
5433,7104,940.8536010439028,231.3311739697773,998.8,267.8
5434,7104,940.8536010439028,231.3311739697773,998.8,267.8
5435,7104,940.8536010439028,231.3311739697773,998.8,267.8
5436,7104,940.8536010439028,231.3311739697773,998.8,267.8
5437,7104,940.8536010439028,231.3311739697773,998.8,267.8
5438,7104,940.8536010439028,231.3311739697773,998.8,267.8
5439,7104,940.8536010439028,231.3311739697773,998.8,267.8
5440,7104,940.8536010439028,231.3311739697773,998.8,267.8
5441,7104,940.8536010439028,231.3311739697773,998.8,267.8
5442,7104,940.8536010439028,231.3311739697773,998.8,267.8
5443,7104,940.8536010439028,231.3311739697773,998.8,267.8
5444,7104,940.8536010439028,231.3311739697773,998.8,267.8
5445,7104,940.8536010439028,231.3311739697773,998.8,267.8
5446,7104,940.8536010439028,231.3311739697773,998.8,267.8
5447,7104,940.8536010439028,231.3311739697773,998.8,267.8
5448,7104,940.8536010439028,231.3311739697773,998.8,267.8
5449,7104,940.8536010439028,231.3311739697773,998.8,267.8
5450,7104,940.8536010439028,231.3311739697773,998.8,267.8
5451,7104,940.8536010439028,231.3311739697773,998.8,267.8
5452,7104,940.8536010439028,231.3311739697773,998.8,267.8
5453,7104,940.8536010439028,231.3311739697773,998.8,267.8
5454,7104,940.8536010439028,231.3311739697773,998.8,267.8
5455,7104,940.8536010439028,231.3311739697773,998.8,267.8
5456,7104,940.8536010439028,231.3311739697773,998.8,267.8
5457,7104,940.8536010439028,231.3311739697773,998.8,267.8
5458,7104,940.8536010439028,231.3311739697773,998.8,267.8
5459,7104,940.8536010439028,231.3311739697773,998.8,267.8
5460,7104,940.8536010439028,231.3311739697773,998.8,267.8
5461,7104,940.8536010439028,231.3311739697773,998.8,267.8
5462,7104,940.8536010439028,231.3311739697773,998.8,267.8
5463,7104,940.8536010439028,231.3311739697773,998.8,267.8
5464,7104,940.8536010439028,231.3311739697773,998.8,267.8
5465,7104,940.8536010439028,231.3311739697773,998.8,267.8
5466,7104,940.8536010439028,231.3311739697773,998.8,267.8
5467,7104,940.8536010439028,231.3311739697773,998.8,267.8
5468,7104,940.8536010439028,231.3311739697773,998.8,267.8
5469,7104,940.8536010439028,231.3311739697773,998.8,267.8
5470,7104,940.8536010439028,231.3311739697773,998.8,267.8
5471,7104,940.8536010439028,231.3311739697773,998.8,267.8
5472,7104,940.8536010439028,231.3311739697773,998.8,267.8
5473,7104,940.8536010439028,231.3311739697773,998.8,267.8
5474,7104,940.8536010439028,231.3311739697773,998.8,267.8
5475,7104,940.8536010439028,231.3311739697773,998.8,267.8
5476,7104,940.8536010439028,231.3311739697773,998.8,267.8
5477,7104,940.8536010439028,231.3311739697773,998.8,267.8
5478,7104,940.8536010439028,231.3311739697773,998.8,267.8
5479,7104,940.8536010439028,231.3311739697773,998.8,267.8
5480,7104,940.8536010439028,231.3311739697773,998.8,267.8
5481,7104,940.8536010439028,231.3311739697773,998.8,267.8
5482,7104,940.8536010439028,231.3311739697773,998.8,267.8
5483,7104,940.8536010439028,231.3311739697773,998.8,267.8
5484,7104,940.8536010439028,231.3311739697773,998.8,267.8
5485,7104,940.8536010439028,231.3311739697773,998.8,267.8
5486,7104,940.8536010439028,231.3311739697773,998.8,267.8
5487,7104,940.8536010439028,231.3311739697773,998.8,267.8
5488,7104,940.8536010439028,231.3311739697773,998.8,267.8
5489,7104,940.8536010439028,231.3311739697773,998.8,267.8
5490,7104,940.8536010439028,231.3311739697773,998.8,267.8
5491,7104,940.8536010439028,231.3311739697773,998.8,267.8
5492,7104,940.8536010439028,231.3311739697773,998.8,267.8
5493,7104,940.8536010439028,231.3311739697773,998.8,267.8
5494,7104,940.8536010439028,231.3311739697773,998.8,267.8
5495,7104,940.8536010439028,231.3311739697773,998.8,267.8
5496,7104,940.8536010439028,231.3311739697773,998.8,267.8
5497,7104,940.8536010439028,231.3311739697773,998.8,267.8
5498,7104,992.8536010439028,210.3311739697773,998.8,267.8
5499,7104,992.8536010439028,210.3311739697773,998.8,267.8
5500,7104,992.8536010439028,210.3311739697773,998.8,267.8
5501,7104,992.8536010439028,210.3311739697773,998.8,267.8
5502,7104,992.8536010439028,210.3311739697773,998.8,267.8
5503,7104,992.8536010439028,210.3311739697773,998.8,267.8
5504,7104,992.8536010439028,210.3311739697773,998.8,267.8
5505,7104,992.8536010439028,210.3311739697773,998.8,267.8
5506,7104,992.8536010439028,210.3311739697773,998.8,267.8
5507,7104,992.8536010439028,210.3311739697773,998.8,267.8
5508,7104,992.8536010439028,210.3311739697773,998.8,267.8
5509,7104,992.8536010439028,210.3311739697773,998.8,267.8
5510,7104,992.8536010439028,210.3311739697773,998.8,267.8
5511,7104,992.8536010439028,210.3311739697773,998.8,267.8
5512,7104,992.8536010439028,210.3311739697773,998.8,267.8
5513,7104,992.8536010439028,210.3311739697773,998.8,267.8
5514,7104,992.8536010439028,210.3311739697773,998.8,267.8
5515,7104,992.8536010439028,210.3311739697773,998.8,267.8
5516,7104,992.8536010439028,210.3311739697773,998.8,267.8
5517,7104,992.8536010439028,210.3311739697773,998.8,267.8
5518,7104,992.8536010439028,210.3311739697773,998.8,267.8
5519,7104,992.8536010439028,210.3311739697773,998.8,267.8
5520,7104,992.8536010439028,210.3311739697773,998.8,267.8
5521,7104,992.8536010439028,210.3311739697773,998.8,267.8
5522,7104,992.8536010439028,210.3311739697773,998.8,267.8
5523,7104,992.8536010439028,210.3311739697773,998.8,267.8
5524,7104,992.8536010439028,210.3311739697773,998.8,267.8
5525,7104,992.8536010439028,210.3311739697773,998.8,267.8
5526,7104,992.8536010439028,210.3311739697773,998.8,267.8
5527,7104,992.8536010439028,210.3311739697773,998.8,267.8
5528,7104,992.8536010439028,210.3311739697773,998.8,267.8
5529,7104,992.8536010439028,210.3311739697773,998.8,267.8
5530,7104,992.8536010439028,210.3311739697773,998.8,267.8
5531,7104,992.8536010439028,210.3311739697773,998.8,267.8
5532,7104,992.8536010439028,210.3311739697773,998.8,267.8
5533,7104,992.8536010439028,210.3311739697773,998.8,267.8
5534,7104,992.8536010439028,210.3311739697773,998.8,267.8
5535,7104,992.8536010439028,210.3311739697773,998.8,267.8
5536,7104,992.8536010439028,210.3311739697773,998.8,267.8
5537,7104,992.8536010439028,210.3311739697773,998.8,267.8
5538,7104,992.8536010439028,210.3311739697773,998.8,267.8
5539,7104,992.8536010439028,210.3311739697773,998.8,267.8
5540,7104,992.8536010439028,210.3311739697773,998.8,267.8
5541,7104,992.8536010439028,210.3311739697773,998.8,267.8
5542,7104,992.8536010439028,210.3311739697773,998.8,267.8
5543,7104,992.8536010439028,210.3311739697773,998.8,267.8
5544,7104,992.8536010439028,210.3311739697773,998.8,267.8
5545,7104,992.8536010439028,210.3311739697773,998.8,267.8
5546,7104,992.8536010439028,210.3311739697773,998.8,267.8
5547,7104,992.8536010439028,210.3311739697773,998.8,267.8
5548,7104,992.8536010439028,210.3311739697773,998.8,267.8
5549,7104,992.8536010439028,210.3311739697773,998.8,267.8
5550,7104,992.8536010439028,210.3311739697773,998.8,267.8
5551,7104,992.8536010439028,210.3311739697773,998.8,267.8
5552,7104,992.8536010439028,210.3311739697773,998.8,267.8
5553,7104,992.8536010439028,210.3311739697773,998.8,267.8
5554,7104,992.8536010439028,210.3311739697773,998.8,267.8
5555,7104,992.8536010439028,210.3311739697773,998.8,267.8
5556,7104,992.8536010439028,210.3311739697773,998.8,267.8
5557,7104,992.8536010439028,210.3311739697773,998.8,267.8
5558,7104,992.8536010439028,210.3311739697773,998.8,267.8
5559,7104,992.8536010439028,210.3311739697773,998.8,267.8
5560,7104,992.8536010439028,210.3311739697773,998.8,267.8
5561,7104,992.8536010439028,210.3311739697773,998.8,267.8
5562,7104,992.8536010439028,210.3311739697773,998.8,267.8
5563,7104,992.8536010439028,210.3311739697773,998.8,267.8
5564,7104,992.8536010439028,210.3311739697773,998.8,267.8
5565,7104,992.8536010439028,210.3311739697773,998.8,267.8
5566,7104,992.8536010439028,210.3311739697773,998.8,267.8
5567,7104,992.8536010439028,210.3311739697773,998.8,267.8
5568,7104,992.8536010439028,210.3311739697773,998.8,267.8
5569,7104,992.8536010439028,210.3311739697773,998.8,267.8
5570,7104,992.8536010439028,210.3311739697773,998.8,267.8
5571,7104,992.8536010439028,210.3311739697773,998.8,267.8
5572,7104,992.8536010439028,210.3311739697773,998.8,267.8
5573,7104,992.8536010439028,210.3311739697773,998.8,267.8
5574,7104,992.8536010439028,210.3311739697773,998.8,267.8
5575,7104,992.8536010439028,210.3311739697773,998.8,267.8
5576,7104,992.8536010439028,210.3311739697773,998.8,267.8
5577,7104,992.8536010439028,210.3311739697773,998.8,267.8
5578,7104,992.8536010439028,210.3311739697773,998.8,267.8
5579,7104,992.8536010439028,210.3311739697773,998.8,267.8
5580,7104,992.8536010439028,210.3311739697773,998.8,267.8
5581,7104,992.8536010439028,210.3311739697773,998.8,267.8
5582,7104,992.8536010439028,210.3311739697773,998.8,267.8
5583,7104,992.8536010439028,210.3311739697773,998.8,267.8
5584,7104,992.8536010439028,210.3311739697773,998.8,267.8
5585,7104,992.8536010439028,210.3311739697773,998.8,267.8
5586,7104,992.8536010439028,210.3311739697773,998.8,267.8
5587,7104,992.8536010439028,210.3311739697773,998.8,267.8
5588,7104,992.8536010439028,210.3311739697773,998.8,267.8
5589,7104,992.8536010439028,210.3311739697773,998.8,267.8
5590,7104,992.8536010439028,210.3311739697773,998.8,267.8
5591,7104,992.8536010439028,210.3311739697773,998.8,267.8
5592,7104,992.8536010439028,210.3311739697773,998.8,267.8
5593,7104,992.8536010439028,210.3311739697773,998.8,267.8
5594,7104,992.8536010439028,210.3311739697773,998.8,267.8
5595,7104,992.8536010439028,210.3311739697773,998.8,267.8
5596,7104,992.8536010439028,210.3311739697773,998.8,267.8
5597,7104,992.8536010439028,210.3311739697773,998.8,267.8
5598,7104,992.8536010439028,210.3311739697773,998.8,267.8
5599,7104,992.8536010439028,210.3311739697773,998.8,267.8
5600,7104,992.8536010439028,210.3311739697773,998.8,267.8
5601,7104,992.8536010439028,210.3311739697773,998.8,267.8
5602,7104,992.8536010439028,210.3311739697773,998.8,267.8
5603,7104,992.8536010439028,210.3311739697773,998.8,267.8
5604,7104,992.8536010439028,210.3311739697773,998.8,267.8
5605,7104,992.8536010439028,210.3311739697773,998.8,267.8
5606,7104,992.8536010439028,210.3311739697773,998.8,267.8
5607,7104,992.8536010439028,210.3311739697773,998.8,267.8
5608,7104,992.8536010439028,210.3311739697773,998.8,267.8
5609,7104,992.8536010439028,210.3311739697773,998.8,267.8
5610,7104,992.8536010439028,210.3311739697773,998.8,267.8
5611,7104,992.8536010439028,210.3311739697773,998.8,267.8
5612,7104,992.8536010439028,210.3311739697773,998.8,267.8
5613,7104,992.8536010439028,210.3311739697773,998.8,267.8
5614,7104,992.8536010439028,210.3311739697773,998.8,267.8
5615,7104,992.8536010439028,210.3311739697773,998.8,267.8
5616,7104,992.8536010439028,210.3311739697773,998.8,267.8
5617,7104,992.8536010439028,210.3311739697773,998.8,267.8
5618,7104,992.8536010439028,210.3311739697773,998.8,267.8
5619,7104,992.8536010439028,210.3311739697773,998.8,267.8
5620,7104,992.8536010439028,210.3311739697773,998.8,267.8
5621,7104,992.8536010439028,210.3311739697773,998.8,267.8
5622,7104,992.8536010439028,210.3311739697773,998.8,267.8
5623,7104,992.8536010439028,210.3311739697773,998.8,267.8
5624,7104,992.8536010439028,210.3311739697773,998.8,267.8
5625,7104,992.8536010439028,210.3311739697773,998.8,267.8
5626,7104,992.8536010439028,210.3311739697773,998.8,267.8
5627,7104,992.8536010439028,210.3311739697773,998.8,267.8
5628,7104,992.8536010439028,210.3311739697773,998.8,267.8
5629,7104,992.8536010439028,210.3311739697773,998.8,267.8
5630,7104,992.8536010439028,210.3311739697773,998.8,267.8
5631,7104,992.8536010439028,210.3311739697773,998.8,267.8
5632,7104,992.8536010439028,210.3311739697773,998.8,267.8
5633,7104,992.8536010439028,210.3311739697773,998.8,267.8
5634,7104,992.8536010439028,210.3311739697773,998.8,267.8
5635,7104,992.8536010439028,210.3311739697773,998.8,267.8
5636,7104,992.8536010439028,210.3311739697773,998.8,267.8
5637,7104,992.8536010439028,210.3311739697773,998.8,267.8
5638,7104,992.8536010439028,210.3311739697773,998.8,267.8
5639,7104,992.8536010439028,210.3311739697773,998.8,267.8
5640,7104,992.8536010439028,210.3311739697773,998.8,267.8
5641,7104,992.8536010439028,210.3311739697773,998.8,267.8
5642,7104,992.8536010439028,210.3311739697773,998.8,267.8
5643,7104,992.8536010439028,210.3311739697773,998.8,267.8
5644,7104,992.8536010439028,210.3311739697773,998.8,267.8
5645,7104,992.8536010439028,210.3311739697773,998.8,267.8
5646,7104,992.8536010439028,210.3311739697773,998.8,267.8
5647,7104,992.8536010439028,210.3311739697773,998.8,267.8
5648,7104,992.8536010439028,210.3311739697773,998.8,267.8
5649,7104,992.8536010439028,210.3311739697773,998.8,267.8
5650,7104,992.8536010439028,210.3311739697773,998.8,267.8
5651,7104,992.8536010439028,210.3311739697773,998.8,267.8
5652,7104,992.8536010439028,210.3311739697773,998.8,267.8
5653,7104,992.8536010439028,210.3311739697773,998.8,267.8
5654,7104,992.8536010439028,210.3311739697773,998.8,267.8
5655,7104,992.8536010439028,210.3311739697773,998.8,267.8
5656,7104,992.8536010439028,210.3311739697773,998.8,267.8
5657,7104,992.8536010439028,210.3311739697773,998.8,267.8
5658,7104,992.8536010439028,210.3311739697773,998.8,267.8
5659,7104,992.8536010439028,210.3311739697773,998.8,267.8
5660,7104,992.8536010439028,210.3311739697773,998.8,267.8
5661,7104,992.8536010439028,210.3311739697773,998.8,267.8
5662,7104,992.8536010439028,210.3311739697773,998.8,267.8
5663,7104,992.8536010439028,210.3311739697773,998.8,267.8
5664,7104,992.8536010439028,210.3311739697773,998.8,267.8
5665,7104,981.8536010439028,408.3311739697773,998.8,267.8
5666,7104,981.8536010439028,408.3311739697773,998.8,267.8
5667,7104,981.8536010439028,408.3311739697773,998.8,267.8
5668,7104,981.8536010439028,408.3311739697773,998.8,267.8
5669,7104,981.8536010439028,408.3311739697773,998.8,267.8
5670,7104,981.8536010439028,408.3311739697773,998.8,267.8
5671,7104,981.8536010439028,408.3311739697773,998.8,267.8
5672,7104,981.8536010439028,408.3311739697773,998.8,267.8
5673,7104,981.8536010439028,408.3311739697773,998.8,267.8
5674,7104,981.8536010439028,408.3311739697773,998.8,267.8
5675,7104,981.8536010439028,408.3311739697773,998.8,267.8
5676,7104,981.8536010439028,408.3311739697773,998.8,267.8
5677,7104,981.8536010439028,408.3311739697773,998.8,267.8
5678,7104,981.8536010439028,408.3311739697773,998.8,267.8
5679,7104,981.8536010439028,408.3311739697773,998.8,267.8
5680,7104,981.8536010439028,408.3311739697773,998.8,267.8
5681,7104,981.8536010439028,408.3311739697773,998.8,267.8
5682,7104,981.8536010439028,408.3311739697773,998.8,267.8
5683,7104,981.8536010439028,408.3311739697773,998.8,267.8
5684,7104,981.8536010439028,408.3311739697773,998.8,267.8
5685,7104,981.8536010439028,408.3311739697773,998.8,267.8
5686,7104,981.8536010439028,408.3311739697773,998.8,267.8
5687,7104,981.8536010439028,408.3311739697773,998.8,267.8
5688,7104,981.8536010439028,408.3311739697773,998.8,267.8
5689,7104,981.8536010439028,408.3311739697773,998.8,267.8
5690,7104,981.8536010439028,408.3311739697773,998.8,267.8
5691,7104,981.8536010439028,408.3311739697773,998.8,267.8
5692,7104,981.8536010439028,408.3311739697773,998.8,267.8
5693,7104,981.8536010439028,408.3311739697773,998.8,267.8
5694,7104,981.8536010439028,408.3311739697773,998.8,267.8
5695,7104,981.8536010439028,408.3311739697773,998.8,267.8
5696,7104,981.8536010439028,408.3311739697773,998.8,267.8
5697,7104,981.8536010439028,408.3311739697773,998.8,267.8
5698,7104,970.8536010439028,605.3311739697773,998.8,267.8
5699,7104,970.8536010439028,605.3311739697773,998.8,267.8
5700,7104,970.8536010439028,605.3311739697773,998.8,267.8
5701,7104,970.8536010439028,605.3311739697773,998.8,267.8
5702,7104,970.8536010439028,605.3311739697773,998.8,267.8
5703,7104,970.8536010439028,605.3311739697773,998.8,267.8
5704,7104,970.8536010439028,605.3311739697773,998.8,267.8
5705,7104,970.8536010439028,605.3311739697773,998.8,267.8
5706,7104,970.8536010439028,605.3311739697773,998.8,267.8
5707,7104,970.8536010439028,605.3311739697773,998.8,267.8
5708,7104,970.8536010439028,605.3311739697773,998.8,267.8
5709,7104,970.8536010439028,605.3311739697773,998.8,267.8
5710,7104,970.8536010439028,605.3311739697773,998.8,267.8
5711,7104,970.8536010439028,605.3311739697773,998.8,267.8
5712,7104,970.8536010439028,605.3311739697773,998.8,267.8
5713,7104,970.8536010439028,605.3311739697773,998.8,267.8
5714,7104,970.8536010439028,605.3311739697773,998.8,267.8
5715,7104,970.8536010439028,605.3311739697773,998.8,267.8
5716,7104,970.8536010439028,605.3311739697773,998.8,267.8
5717,7104,970.8536010439028,605.3311739697773,998.8,267.8
5718,7104,970.8536010439028,605.3311739697773,998.8,267.8
5719,7104,970.8536010439028,605.3311739697773,998.8,267.8
5720,7104,970.8536010439028,605.3311739697773,998.8,267.8
5721,7104,970.8536010439028,605.3311739697773,998.8,267.8
5722,7104,970.8536010439028,605.3311739697773,998.8,267.8
5723,7104,970.8536010439028,605.3311739697773,998.8,267.8
5724,7104,970.8536010439028,605.3311739697773,998.8,267.8
5725,7104,970.8536010439028,605.3311739697773,998.8,267.8
5726,7104,970.8536010439028,605.3311739697773,998.8,267.8
5727,7104,970.8536010439028,605.3311739697773,998.8,267.8
5728,7104,970.8536010439028,605.3311739697773,998.8,267.8
5729,7104,970.8536010439028,605.3311739697773,998.8,267.8
5730,7104,970.8536010439028,605.3311739697773,998.8,267.8
5731,7104,970.8536010439028,605.3311739697773,998.8,267.8
5732,7104,970.8536010439028,605.3311739697773,998.8,267.8
5733,7105,970.8536010439028,605.3311739697773,998.8,267.8
5734,7105,970.8536010439028,605.3311739697773,998.8,267.8
5735,7105,970.8536010439028,605.3311739697773,998.8,267.8
5736,7105,970.8536010439028,605.3311739697773,998.8,267.8
5737,7105,970.8536010439028,605.3311739697773,998.8,267.8
5738,7105,970.8536010439028,605.3311739697773,998.8,267.8
5739,7105,970.8536010439028,605.3311739697773,998.8,267.8
5740,7105,970.8536010439028,605.3311739697773,998.8,267.8
5741,7105,970.8536010439028,605.3311739697773,998.8,267.8
5742,7105,970.8536010439028,605.3311739697773,998.8,267.8
5743,7105,970.8536010439028,605.3311739697773,998.8,267.8
5744,7105,970.8536010439028,605.3311739697773,998.8,267.8
5745,7105,970.8536010439028,605.3311739697773,998.8,267.8
5746,7105,970.8536010439028,605.3311739697773,998.8,267.8
5747,7105,970.8536010439028,605.3311739697773,998.8,267.8
5748,7105,970.8536010439028,605.3311739697773,998.8,267.8
5749,7105,970.8536010439028,605.3311739697773,998.8,267.8
5750,7105,970.8536010439028,605.3311739697773,998.8,267.8
5751,7105,970.8536010439028,605.3311739697773,998.8,267.8
5752,7105,970.8536010439028,605.3311739697773,998.8,267.8
5753,7105,970.8536010439028,605.3311739697773,998.8,267.8
5754,7105,970.8536010439028,605.3311739697773,998.8,267.8
5755,7105,970.8536010439028,605.3311739697773,998.8,267.8
5756,7105,970.8536010439028,605.3311739697773,998.8,267.8
5757,7105,970.8536010439028,605.3311739697773,998.8,267.8
5758,7105,970.8536010439028,605.3311739697773,998.8,267.8
5759,7105,970.8536010439028,605.3311739697773,998.8,267.8
5760,7105,970.8536010439028,605.3311739697773,998.8,267.8
5761,7105,970.8536010439028,605.3311739697773,998.8,267.8
5762,7106,970.8536010439028,605.3311739697773,998.8,267.8
5763,7107,970.8536010439028,605.3311739697773,998.8,267.8
5764,7108,970.8536010439028,605.3311739697773,998.8,267.8
5765,7109,970.8536010439028,605.3311739697773,998.8,267.8
5766,7110,970.8536010439028,605.3311739697773,998.8,267.8
5767,7111,970.8536010439028,605.3311739697773,998.8,267.8
5768,7112,970.8536010439028,605.3311739697773,998.8,267.8
5769,7113,970.8536010439028,605.3311739697773,998.8,267.8
5770,7114,970.8536010439028,605.3311739697773,998.8,267.8
5771,7115,970.8536010439028,605.3311739697773,998.8,267.8
5772,7116,970.8536010439028,605.3311739697773,998.8,267.8
5773,7117,970.8536010439028,605.3311739697773,998.8,267.8
5774,7118,970.8536010439028,605.3311739697773,998.8,267.8
5775,7119,970.8536010439028,605.3311739697773,998.8,267.8
5776,7120,970.8536010439028,605.3311739697773,998.8,267.8
5777,7121,970.8536010439028,605.3311739697773,998.8,267.8
5778,7122,970.8536010439028,605.3311739697773,998.8,267.8
5779,7123,970.8536010439028,605.3311739697773,995.3285714285714,267.65714285714284
5780,7124,970.8536010439028,605.3311739697773,991.8571428571428,267.51428571428573
5781,7125,970.8536010439028,605.3311739697773,988.3857142857142,267.37142857142857
5782,7126,970.8536010439028,605.3311739697773,984.9142857142857,267.22857142857146
5783,7127,970.8536010439028,605.3311739697773,981.4428571428572,267.0857142857143
5784,7128,970.8536010439028,605.3311739697773,977.9714285714285,266.9428571428572
5785,7129,970.8536010439028,605.3311739697773,974.5,266.8
5786,7130,970.8536010439028,605.3311739697773,974.5,266.8
5787,7131,970.8536010439028,605.3311739697773,974.5,266.8
5788,7132,970.8536010439028,605.3311739697773,974.5,266.8
5789,7133,970.8536010439028,605.3311739697773,974.5,266.8
5790,7134,970.8536010439028,605.3311739697773,974.5,266.8
5791,7135,970.8536010439028,605.3311739697773,974.5,266.8
5792,7136,970.8536010439028,605.3311739697773,974.5,266.8
5793,7137,970.8536010439028,605.3311739697773,974.5,266.8
5794,7138,970.8536010439028,605.3311739697773,974.5,266.8
5795,7139,970.8536010439028,605.3311739697773,974.5,266.8
5796,7140,970.8536010439028,605.3311739697773,974.5,266.8
5797,7141,970.8536010439028,605.3311739697773,974.5,266.8
5798,7142,970.8536010439028,605.3311739697773,974.5,266.8
5799,7143,970.8536010439028,605.3311739697773,974.5,266.8
5800,7144,970.8536010439028,605.3311739697773,974.5,266.8
5801,7145,970.8536010439028,605.3311739697773,974.5,266.8
5802,7146,970.8536010439028,605.3311739697773,974.5,266.8
5803,7147,970.8536010439028,605.3311739697773,974.5,266.8
5804,7148,970.8536010439028,605.3311739697773,974.5,266.8
5805,7149,970.8536010439028,605.3311739697773,974.5,266.8
5806,7150,970.8536010439028,605.3311739697773,974.5,266.8
5807,7151,970.8536010439028,605.3311739697773,974.5,266.8
5808,7152,970.8536010439028,605.3311739697773,974.5,266.8
5809,7153,970.8536010439028,605.3311739697773,974.5,266.8
5810,7154,970.8536010439028,605.3311739697773,974.5,266.8
5811,7155,970.8536010439028,605.3311739697773,974.5,266.8
5812,7156,970.8536010439028,605.3311739697773,974.5,266.8
5813,7157,970.8536010439028,605.3311739697773,974.5,266.8
5814,7158,970.8536010439028,605.3311739697773,974.5,266.8
5815,7159,970.8536010439028,605.3311739697773,974.5,266.8
5816,7160,970.8536010439028,605.3311739697773,974.5,266.8
5817,7161,970.8536010439028,605.3311739697773,974.5,266.8
5818,7162,970.8536010439028,605.3311739697773,974.5,266.8
5819,7163,970.8536010439028,605.3311739697773,974.5,266.8
5820,7164,970.8536010439028,605.3311739697773,974.5,266.8
5821,7165,970.8536010439028,605.3311739697773,974.5,266.8
5822,7166,970.8536010439028,605.3311739697773,974.5,266.8
5823,7167,970.8536010439028,605.3311739697773,974.5,266.8
5824,7168,970.8536010439028,605.3311739697773,974.5,266.8
5825,7169,970.8536010439028,605.3311739697773,974.5,266.8
5826,7170,970.8536010439028,605.3311739697773,974.5,266.8
5827,7171,970.8536010439028,605.3311739697773,974.5,266.8
5828,7172,970.8536010439028,605.3311739697773,974.5,266.8
5829,7173,970.8536010439028,605.3311739697773,974.5,266.8
5830,7174,970.8536010439028,605.3311739697773,974.5,266.8
5831,7175,970.8536010439028,605.3311739697773,974.5,266.8
5832,7176,970.8536010439028,605.3311739697773,974.5,266.8
5833,7177,970.8536010439028,605.3311739697773,974.5,266.8
5834,7178,970.8536010439028,605.3311739697773,974.5,266.8
5835,7179,970.8536010439028,605.3311739697773,974.5,266.8
5836,7180,970.8536010439028,605.3311739697773,974.5,266.8
5837,7181,970.8536010439028,605.3311739697773,974.5,266.8
5838,7182,970.8536010439028,605.3311739697773,974.5,266.8
5839,7183,970.8536010439028,605.3311739697773,974.5,266.8
5840,7184,970.8536010439028,605.3311739697773,974.5,266.8
5841,7185,970.8536010439028,605.3311739697773,974.5,266.8
5842,7186,970.8536010439028,605.3311739697773,974.5,266.8
5843,7187,970.8536010439028,605.3311739697773,974.5,266.8
5844,7188,970.8536010439028,605.3311739697773,974.5,266.8
5845,7189,970.8536010439028,605.3311739697773,974.5,266.8
5846,7190,970.8536010439028,605.3311739697773,974.5,266.8
5847,7191,970.8536010439028,605.3311739697773,974.5,266.8
5848,7192,970.8536010439028,605.3311739697773,974.5,266.8
5849,7193,970.8536010439028,605.3311739697773,974.5,266.8
5850,7194,970.8536010439028,605.3311739697773,974.5,266.8
5851,7195,970.8536010439028,605.3311739697773,974.5,266.8
5852,7196,970.8536010439028,605.3311739697773,974.5,266.8
5853,7197,970.8536010439028,605.3311739697773,974.5,266.8
5854,7198,970.8536010439028,605.3311739697773,974.5,266.8
5855,7199,970.8536010439028,605.3311739697773,974.5,266.8
5856,7200,970.8536010439028,605.3311739697773,974.5,266.8
5857,7201,970.8536010439028,605.3311739697773,974.5,266.8
5858,7202,970.8536010439028,605.3311739697773,974.5,266.8
5859,7203,970.8536010439028,605.3311739697773,974.5,266.8
5860,7204,970.8536010439028,605.3311739697773,974.5,266.8
5861,7205,970.8536010439028,605.3311739697773,974.5,266.8
5862,7206,970.8536010439028,605.3311739697773,974.5,266.8
5863,7207,970.8536010439028,605.3311739697773,974.5,266.8
5864,7208,970.8536010439028,605.3311739697773,974.5,266.8
5865,7209,970.8536010439028,605.3311739697773,974.5,266.8
5866,7210,970.8536010439028,605.3311739697773,974.5,266.8
5867,7211,970.8536010439028,605.3311739697773,974.5,266.8
5868,7212,970.8536010439028,605.3311739697773,974.5,266.8
5869,7213,970.8536010439028,605.3311739697773,974.5,266.8
5870,7214,970.8536010439028,605.3311739697773,974.5,266.8
5871,7215,970.8536010439028,605.3311739697773,974.5,266.8
5872,7216,970.8536010439028,605.3311739697773,974.5,266.8
5873,7217,970.8536010439028,605.3311739697773,974.5,266.8
5874,7218,970.8536010439028,605.3311739697773,974.5,266.8
5875,7219,970.8536010439028,605.3311739697773,974.5,266.8
5876,7220,970.8536010439028,605.3311739697773,974.5,266.8
5877,7221,970.8536010439028,605.3311739697773,974.5,266.8
5878,7222,970.8536010439028,605.3311739697773,974.5,266.8
5879,7223,970.8536010439028,605.3311739697773,974.5,266.8
5880,7224,970.8536010439028,605.3311739697773,974.5,266.8
5881,7225,970.8536010439028,605.3311739697773,974.5,266.8
5882,7226,970.8536010439028,605.3311739697773,974.5,266.8
5883,7227,970.8536010439028,605.3311739697773,974.5,266.8
5884,7228,970.8536010439028,605.3311739697773,974.5,266.8
5885,7229,970.8536010439028,605.3311739697773,974.5,266.8
5886,7230,970.8536010439028,605.3311739697773,974.5,266.8
5887,7231,970.8536010439028,605.3311739697773,974.5,266.8
5888,7232,970.8536010439028,605.3311739697773,974.5,266.8
5889,7233,970.8536010439028,605.3311739697773,974.5,266.8
5890,7234,970.8536010439028,605.3311739697773,974.5,266.8
5891,7235,970.8536010439028,605.3311739697773,974.5,266.8
5892,7236,970.8536010439028,605.3311739697773,974.5,266.8
5893,7237,970.8536010439028,605.3311739697773,974.5,266.8
5894,7238,970.8536010439028,605.3311739697773,974.5,266.8
5895,7239,970.8536010439028,605.3311739697773,974.5,266.8
5896,7240,970.8536010439028,605.3311739697773,974.5,266.8
5897,7241,970.8536010439028,605.3311739697773,974.5,266.8
5898,7242,854.8536010439028,449.3311739697773,974.5,266.8
5899,7243,854.8536010439028,449.3311739697773,974.5,266.8
5900,7244,854.8536010439028,449.3311739697773,974.5,266.8
5901,7245,854.8536010439028,449.3311739697773,974.5,266.8
5902,7246,854.8536010439028,449.3311739697773,974.5,266.8
5903,7247,854.8536010439028,449.3311739697773,974.5,266.8
5904,7248,854.8536010439028,449.3311739697773,974.5,266.8
5905,7249,854.8536010439028,449.3311739697773,974.5,266.8
5906,7250,854.8536010439028,449.3311739697773,974.5,266.8
5907,7251,854.8536010439028,449.3311739697773,974.5,266.8
5908,7252,854.8536010439028,449.3311739697773,974.5,266.8
5909,7253,854.8536010439028,449.3311739697773,974.5,266.8
5910,7254,854.8536010439028,449.3311739697773,974.5,266.8
5911,7255,854.8536010439028,449.3311739697773,974.5,266.8
5912,7256,854.8536010439028,449.3311739697773,974.5,266.8
5913,7257,854.8536010439028,449.3311739697773,974.5,266.8
5914,7258,854.8536010439028,449.3311739697773,974.5,266.8
5915,7259,854.8536010439028,449.3311739697773,974.5,266.8
5916,7260,854.8536010439028,449.3311739697773,974.5,266.8
5917,7261,854.8536010439028,449.3311739697773,974.5,266.8
5918,7262,854.8536010439028,449.3311739697773,974.5,266.8
5919,7263,854.8536010439028,449.3311739697773,974.5,266.8
5920,7264,854.8536010439028,449.3311739697773,974.5,266.8
5921,7265,854.8536010439028,449.3311739697773,974.5,266.8
5922,7266,854.8536010439028,449.3311739697773,974.5,266.8
5923,7267,854.8536010439028,449.3311739697773,974.5,266.8
5924,7268,854.8536010439028,449.3311739697773,974.5,266.8
5925,7269,854.8536010439028,449.3311739697773,974.5,266.8
5926,7270,854.8536010439028,449.3311739697773,974.5,266.8
5927,7271,854.8536010439028,449.3311739697773,974.5,266.8
5928,7272,854.8536010439028,449.3311739697773,974.5,266.8
5929,7273,854.8536010439028,449.3311739697773,974.5,266.8
5930,7274,854.8536010439028,449.3311739697773,974.5,266.8
5931,7275,738.8536010439028,293.3311739697773,974.5,266.8
5932,7276,738.8536010439028,293.3311739697773,974.5,266.8
5933,7277,738.8536010439028,293.3311739697773,974.5,266.8
5934,7278,738.8536010439028,293.3311739697773,974.5,266.8
5935,7279,738.8536010439028,293.3311739697773,974.5,266.8
5936,7280,738.8536010439028,293.3311739697773,974.5,266.8
5937,7281,738.8536010439028,293.3311739697773,974.5,266.8
5938,7282,738.8536010439028,293.3311739697773,974.5,266.8
5939,7283,738.8536010439028,293.3311739697773,974.5,266.8
5940,7284,738.8536010439028,293.3311739697773,974.5,266.8
5941,7285,738.8536010439028,293.3311739697773,974.5,266.8
5942,7286,738.8536010439028,293.3311739697773,974.5,266.8
5943,7287,738.8536010439028,293.3311739697773,974.5,266.8
5944,7288,738.8536010439028,293.3311739697773,974.5,266.8
5945,7289,738.8536010439028,293.3311739697773,974.5,266.8
5946,7290,738.8536010439028,293.3311739697773,974.5,266.8
5947,7291,738.8536010439028,293.3311739697773,974.5,266.8
5948,7292,738.8536010439028,293.3311739697773,974.5,266.8
5949,7293,738.8536010439028,293.3311739697773,974.5,266.8
5950,7294,738.8536010439028,293.3311739697773,974.5,266.8
5951,7295,738.8536010439028,293.3311739697773,974.5,266.8
5952,7296,738.8536010439028,293.3311739697773,974.5,266.8
5953,7297,738.8536010439028,293.3311739697773,974.5,266.8
5954,7298,738.8536010439028,293.3311739697773,974.5,266.8
5955,7299,738.8536010439028,293.3311739697773,974.5,266.8
5956,7300,738.8536010439028,293.3311739697773,974.5,266.8
5957,7301,738.8536010439028,293.3311739697773,974.5,266.8
5958,7302,738.8536010439028,293.3311739697773,974.5,266.8
5959,7303,738.8536010439028,293.3311739697773,974.5,266.8
5960,7304,738.8536010439028,293.3311739697773,974.5,266.8
5961,7305,738.8536010439028,293.3311739697773,974.5,266.8
5962,7306,738.8536010439028,293.3311739697773,974.5,266.8
5963,7307,738.8536010439028,293.3311739697773,974.5,266.8
5964,7308,738.8536010439028,293.3311739697773,974.5,266.8
5965,7309,738.8536010439028,293.3311739697773,974.5,266.8
5966,7310,738.8536010439028,293.3311739697773,974.5,266.8
5967,7311,738.8536010439028,293.3311739697773,974.5,266.8
5968,7312,738.8536010439028,293.3311739697773,974.5,266.8
5969,7313,738.8536010439028,293.3311739697773,974.5,266.8
5970,7314,738.8536010439028,293.3311739697773,974.5,266.8
5971,7315,738.8536010439028,293.3311739697773,974.5,266.8
5972,7316,738.8536010439028,293.3311739697773,974.5,266.8
5973,7317,738.8536010439028,293.3311739697773,974.5,266.8
5974,7318,738.8536010439028,293.3311739697773,974.5,266.8
5975,7319,738.8536010439028,293.3311739697773,974.5,266.8
5976,7320,738.8536010439028,293.3311739697773,974.5,266.8
5977,7321,738.8536010439028,293.3311739697773,974.5,266.8
5978,7322,738.8536010439028,293.3311739697773,974.5,266.8
5979,7323,738.8536010439028,293.3311739697773,974.5,266.8
5980,7324,738.8536010439028,293.3311739697773,974.5,266.8
5981,7325,738.8536010439028,293.3311739697773,974.5,266.8
5982,7326,738.8536010439028,293.3311739697773,974.5,266.8
5983,7327,738.8536010439028,293.3311739697773,974.5,266.8
5984,7328,738.8536010439028,293.3311739697773,974.5,266.8
5985,7329,738.8536010439028,293.3311739697773,974.5,266.8
5986,7330,738.8536010439028,293.3311739697773,974.5,266.8
5987,7331,738.8536010439028,293.3311739697773,974.5,266.8
5988,7332,738.8536010439028,293.3311739697773,974.5,266.8
5989,7333,738.8536010439028,293.3311739697773,974.5,266.8
5990,7334,738.8536010439028,293.3311739697773,974.5,266.8
5991,7335,738.8536010439028,293.3311739697773,974.5,266.8
5992,7336,738.8536010439028,293.3311739697773,974.5,266.8
5993,7337,738.8536010439028,293.3311739697773,974.5,266.8
5994,7338,738.8536010439028,293.3311739697773,974.5,266.8
5995,7339,738.8536010439028,293.3311739697773,974.5,266.8
5996,7340,738.8536010439028,293.3311739697773,974.5,266.8
5997,7341,738.8536010439028,293.3311739697773,974.5,266.8
5998,7342,939.8536010439028,229.3311739697773,974.5,266.8
5999,7343,939.8536010439028,229.3311739697773,974.5,266.8
6000,7344,939.8536010439028,229.3311739697773,974.5,266.8
6001,7345,939.8536010439028,229.3311739697773,974.5,266.8
6002,7346,939.8536010439028,229.3311739697773,974.5,266.8
6003,7347,939.8536010439028,229.3311739697773,974.5,266.8
6004,7348,939.8536010439028,229.3311739697773,974.5,266.8
6005,7349,939.8536010439028,229.3311739697773,974.5,266.8
6006,7350,939.8536010439028,229.3311739697773,974.5,266.8
6007,7351,939.8536010439028,229.3311739697773,974.5,266.8
6008,7352,939.8536010439028,229.3311739697773,974.5,266.8
6009,7353,939.8536010439028,229.3311739697773,974.5,266.8
6010,7354,939.8536010439028,229.3311739697773,974.5,266.8
6011,7355,939.8536010439028,229.3311739697773,974.5,266.8
6012,7356,939.8536010439028,229.3311739697773,974.5,266.8
6013,7357,939.8536010439028,229.3311739697773,974.5,266.8
6014,7358,939.8536010439028,229.3311739697773,974.5,266.8
6015,7359,939.8536010439028,229.3311739697773,974.5,266.8
6016,7360,939.8536010439028,229.3311739697773,974.5,266.8
6017,7361,939.8536010439028,229.3311739697773,974.5,266.8
6018,7362,939.8536010439028,229.3311739697773,974.5,266.8
6019,7363,939.8536010439028,229.3311739697773,974.5,266.8
6020,7364,939.8536010439028,229.3311739697773,974.5,266.8
6021,7365,939.8536010439028,229.3311739697773,974.5,266.8
6022,7366,939.8536010439028,229.3311739697773,974.5,266.8
6023,7367,939.8536010439028,229.3311739697773,974.5,266.8
6024,7368,939.8536010439028,229.3311739697773,974.5,266.8
6025,7369,939.8536010439028,229.3311739697773,974.5,266.8
6026,7370,939.8536010439028,229.3311739697773,974.5,266.8
6027,7371,939.8536010439028,229.3311739697773,974.5,266.8
6028,7372,939.8536010439028,229.3311739697773,974.5,266.8
6029,7373,939.8536010439028,229.3311739697773,974.5,266.8
6030,7374,939.8536010439028,229.3311739697773,974.5,266.8
6031,7375,939.8536010439028,229.3311739697773,975.1666666666666,279.03939393939396
6032,7376,939.8536010439028,229.3311739697773,975.8333333333334,291.2787878787879
6033,7377,939.8536010439028,229.3311739697773,976.5,303.5181818181818
6034,7378,939.8536010439028,229.3311739697773,977.1666666666666,315.75757575757575
6035,7379,939.8536010439028,229.3311739697773,977.8333333333334,327.9969696969697
6036,7380,939.8536010439028,229.3311739697773,978.5,340.23636363636365
6037,7381,939.8536010439028,229.3311739697773,979.1666666666666,352.4757575757576
6038,7382,939.8536010439028,229.3311739697773,979.8333333333334,364.71515151515155
6039,7383,939.8536010439028,229.3311739697773,980.5,376.9545454545455
6040,7384,939.8536010439028,229.3311739697773,981.1666666666666,389.19393939393944
6041,7385,939.8536010439028,229.3311739697773,981.8333333333334,401.4333333333334
6042,7386,939.8536010439028,229.3311739697773,982.5,413.6727272727273
6043,7387,939.8536010439028,229.3311739697773,983.1666666666666,425.91212121212124
6044,7388,939.8536010439028,229.3311739697773,983.8333333333334,438.1515151515152
6045,7389,939.8536010439028,229.3311739697773,984.5,450.3909090909091
6046,7390,939.8536010439028,229.3311739697773,985.1666666666666,462.630303030303
6047,7391,939.8536010439028,229.3311739697773,985.8333333333334,474.869696969697
6048,7392,939.8536010439028,229.3311739697773,986.5,487.1090909090909
6049,7393,939.8536010439028,229.3311739697773,987.1666666666666,499.3484848484849
6050,7394,939.8536010439028,229.3311739697773,987.8333333333334,511.5878787878788
6051,7395,939.8536010439028,229.3311739697773,988.5,523.8272727272728
6052,7396,939.8536010439028,229.3311739697773,989.1666666666666,536.0666666666667
6053,7397,939.8536010439028,229.3311739697773,989.8333333333334,548.3060606060606
6054,7398,939.8536010439028,229.3311739697773,990.5,560.5454545454545
6055,7399,939.8536010439028,229.3311739697773,991.1666666666666,572.7848484848485
6056,7400,939.8536010439028,229.3311739697773,991.8333333333334,585.0242424242424
6057,7401,939.8536010439028,229.3311739697773,992.5,597.2636363636364
6058,7402,939.8536010439028,229.3311739697773,993.1666666666666,609.5030303030303
6059,7403,939.8536010439028,229.3311739697773,993.8333333333334,621.7424242424242
6060,7404,939.8536010439028,229.3311739697773,994.5,633.9818181818182
6061,7405,939.8536010439028,229.3311739697773,995.1666666666666,646.2212121212121
6062,7406,939.8536010439028,229.3311739697773,995.8333333333334,658.4606060606061
6063,7407,939.8536010439028,229.3311739697773,996.5,670.7
6064,7408,939.8536010439028,229.3311739697773,996.5,670.7
6065,7409,939.8536010439028,229.3311739697773,996.5,670.7
6066,7410,939.8536010439028,229.3311739697773,996.5,670.7
6067,7411,939.8536010439028,229.3311739697773,996.5,670.7
6068,7412,939.8536010439028,229.3311739697773,996.5,670.7
6069,7413,939.8536010439028,229.3311739697773,996.5,670.7
6070,7414,939.8536010439028,229.3311739697773,996.5,670.7
6071,7415,939.8536010439028,229.3311739697773,996.5,670.7
6072,7416,939.8536010439028,229.3311739697773,996.5,670.7
6073,7416,939.8536010439028,229.3311739697773,996.5,670.7
6074,7416,939.8536010439028,229.3311739697773,996.5,670.7
6075,7416,939.8536010439028,229.3311739697773,996.5,670.7
6076,7416,939.8536010439028,229.3311739697773,996.5,670.7
6077,7416,939.8536010439028,229.3311739697773,996.5,670.7
6078,7416,939.8536010439028,229.3311739697773,996.5,670.7
6079,7416,939.8536010439028,229.3311739697773,996.5,670.7
6080,7416,939.8536010439028,229.3311739697773,996.5,670.7
6081,7416,939.8536010439028,229.3311739697773,996.5,670.7
6082,7416,939.8536010439028,229.3311739697773,996.5,670.7
6083,7416,939.8536010439028,229.3311739697773,996.5,670.7
6084,7416,939.8536010439028,229.3311739697773,996.5,670.7
6085,7416,939.8536010439028,229.3311739697773,996.5,670.7
6086,7416,939.8536010439028,229.3311739697773,996.5,670.7
6087,7416,939.8536010439028,229.3311739697773,996.5,670.7
6088,7416,939.8536010439028,229.3311739697773,996.5,670.7
6089,7416,939.8536010439028,229.3311739697773,996.5,670.7
6090,7416,939.8536010439028,229.3311739697773,996.5,670.7
6091,7416,939.8536010439028,229.3311739697773,996.5,670.7
6092,7416,939.8536010439028,229.3311739697773,996.5,670.7
6093,7416,939.8536010439028,229.3311739697773,996.5,670.7
6094,7416,939.8536010439028,229.3311739697773,996.5,670.7
6095,7416,939.8536010439028,229.3311739697773,996.5,670.7
6096,7416,939.8536010439028,229.3311739697773,996.5,670.7
6097,7416,939.8536010439028,229.3311739697773,996.5,670.7
6098,7416,939.8536010439028,229.3311739697773,996.5,670.7
6099,7416,939.8536010439028,229.3311739697773,996.5,670.7
6100,7416,939.8536010439028,229.3311739697773,996.5,670.7
6101,7417,939.8536010439028,229.3311739697773,996.5,670.7
6102,7418,939.8536010439028,229.3311739697773,996.5,670.7
6103,7419,939.8536010439028,229.3311739697773,996.5,670.7
6104,7420,939.8536010439028,229.3311739697773,996.5,670.7
6105,7421,939.8536010439028,229.3311739697773,996.5,670.7
6106,7422,939.8536010439028,229.3311739697773,996.5,670.7
6107,7423,939.8536010439028,229.3311739697773,996.5,670.7
6108,7424,939.8536010439028,229.3311739697773,996.5,670.7
6109,7425,939.8536010439028,229.3311739697773,996.5,670.7
6110,7426,939.8536010439028,229.3311739697773,996.5,670.7
6111,7427,939.8536010439028,229.3311739697773,996.5,670.7
6112,7428,939.8536010439028,229.3311739697773,996.5,670.7
6113,7429,939.8536010439028,229.3311739697773,996.5,670.7
6114,7430,939.8536010439028,229.3311739697773,996.5,670.7
6115,7431,939.8536010439028,229.3311739697773,996.5,670.7
6116,7432,939.8536010439028,229.3311739697773,996.5,670.7
6117,7433,939.8536010439028,229.3311739697773,996.5,670.7
6118,7434,939.8536010439028,229.3311739697773,996.5,670.7
6119,7435,939.8536010439028,229.3311739697773,996.5,670.7
6120,7436,939.8536010439028,229.3311739697773,996.5,670.7
6121,7437,939.8536010439028,229.3311739697773,996.5,670.7
6122,7438,939.8536010439028,229.3311739697773,996.5,670.7
6123,7439,939.8536010439028,229.3311739697773,996.5,670.7
6124,7440,939.8536010439028,229.3311739697773,996.5,670.7
6125,7441,939.8536010439028,229.3311739697773,996.5,670.7
6126,7442,939.8536010439028,229.3311739697773,996.5,670.7
6127,7443,939.8536010439028,229.3311739697773,996.5,670.7
6128,7444,939.8536010439028,229.3311739697773,996.5,670.7
6129,7445,939.8536010439028,229.3311739697773,996.5,670.7
6130,7446,939.8536010439028,229.3311739697773,996.5,670.7
6131,7447,939.8536010439028,229.3311739697773,996.5,670.7
6132,7448,939.8536010439028,229.3311739697773,996.5,670.7
6133,7449,939.8536010439028,229.3311739697773,996.5,670.7
6134,7450,939.8536010439028,229.3311739697773,996.5,670.7
6135,7451,939.8536010439028,229.3311739697773,996.5,670.7
6136,7452,939.8536010439028,229.3311739697773,996.5,670.7
6137,7453,939.8536010439028,229.3311739697773,996.5,670.7
6138,7454,939.8536010439028,229.3311739697773,996.5,670.7
6139,7455,939.8536010439028,229.3311739697773,996.5,670.7
6140,7456,939.8536010439028,229.3311739697773,996.5,670.7
6141,7457,939.8536010439028,229.3311739697773,996.5,670.7
6142,7458,939.8536010439028,229.3311739697773,996.5,670.7
6143,7459,939.8536010439028,229.3311739697773,996.5,670.7
6144,7460,939.8536010439028,229.3311739697773,996.5,670.7
6145,7461,939.8536010439028,229.3311739697773,996.5,670.7
6146,7462,939.8536010439028,229.3311739697773,996.5,670.7
6147,7463,939.8536010439028,229.3311739697773,996.5,670.7
6148,7464,939.8536010439028,229.3311739697773,996.5,670.7
6149,7465,939.8536010439028,229.3311739697773,996.5,670.7
6150,7466,939.8536010439028,229.3311739697773,996.5,670.7
6151,7467,939.8536010439028,229.3311739697773,996.5,670.7
6152,7468,939.8536010439028,229.3311739697773,996.5,670.7
6153,7469,939.8536010439028,229.3311739697773,996.5,670.7
6154,7470,939.8536010439028,229.3311739697773,996.5,670.7
6155,7471,939.8536010439028,229.3311739697773,996.5,670.7
6156,7472,939.8536010439028,229.3311739697773,996.5,670.7
6157,7473,939.8536010439028,229.3311739697773,996.5,670.7
6158,7474,939.8536010439028,229.3311739697773,996.5,670.7
6159,7475,939.8536010439028,229.3311739697773,996.5,670.7
6160,7476,939.8536010439028,229.3311739697773,996.5,670.7
6161,7477,939.8536010439028,229.3311739697773,996.5,670.7
6162,7478,939.8536010439028,229.3311739697773,996.5,670.7
6163,7479,939.8536010439028,229.3311739697773,996.5,670.7
6164,7480,939.8536010439028,229.3311739697773,996.5,670.7
6165,7481,944.8536010439028,424.3311739697773,996.5,670.7
6166,7482,944.8536010439028,424.3311739697773,996.5,670.7
6167,7483,944.8536010439028,424.3311739697773,996.5,670.7
6168,7484,944.8536010439028,424.3311739697773,996.5,670.7
6169,7485,944.8536010439028,424.3311739697773,996.5,670.7
6170,7486,944.8536010439028,424.3311739697773,996.5,670.7
6171,7487,944.8536010439028,424.3311739697773,996.5,670.7
6172,7488,944.8536010439028,424.3311739697773,996.5,670.7
6173,7489,944.8536010439028,424.3311739697773,996.5,670.7
6174,7490,944.8536010439028,424.3311739697773,996.5,670.7
6175,7491,944.8536010439028,424.3311739697773,996.5,670.7
6176,7492,944.8536010439028,424.3311739697773,996.5,670.7
6177,7493,944.8536010439028,424.3311739697773,996.5,670.7
6178,7494,944.8536010439028,424.3311739697773,996.5,670.7
6179,7495,944.8536010439028,424.3311739697773,996.5,670.7
6180,7496,944.8536010439028,424.3311739697773,996.5,670.7
6181,7497,944.8536010439028,424.3311739697773,996.5,670.7
6182,7498,944.8536010439028,424.3311739697773,996.5,670.7
6183,7499,944.8536010439028,424.3311739697773,996.5,670.7
6184,7500,944.8536010439028,424.3311739697773,996.5,670.7
6185,7501,944.8536010439028,424.3311739697773,996.5,670.7
6186,7502,944.8536010439028,424.3311739697773,996.5,670.7
6187,7503,944.8536010439028,424.3311739697773,996.5,670.7
6188,7504,944.8536010439028,424.3311739697773,996.5,670.7
6189,7505,944.8536010439028,424.3311739697773,996.5,670.7
6190,7506,944.8536010439028,424.3311739697773,996.5,670.7
6191,7507,944.8536010439028,424.3311739697773,996.5,670.7
6192,7508,944.8536010439028,424.3311739697773,996.5,670.7
6193,7509,944.8536010439028,424.3311739697773,996.5,670.7
6194,7510,944.8536010439028,424.3311739697773,996.5,670.7
6195,7511,944.8536010439028,424.3311739697773,996.5,670.7
6196,7512,944.8536010439028,424.3311739697773,996.5,670.7
6197,7513,944.8536010439028,424.3311739697773,996.5,670.7
6198,7514,948.8536010439028,618.3311739697773,996.5,670.7
6199,7515,948.8536010439028,618.3311739697773,996.5,670.7
6200,7516,948.8536010439028,618.3311739697773,996.5,670.7
6201,7517,948.8536010439028,618.3311739697773,996.5,670.7
6202,7518,948.8536010439028,618.3311739697773,996.5,670.7
6203,7519,948.8536010439028,618.3311739697773,996.5,670.7
6204,7520,948.8536010439028,618.3311739697773,996.5,670.7
6205,7521,948.8536010439028,618.3311739697773,996.5,670.7
6206,7522,948.8536010439028,618.3311739697773,996.5,670.7
6207,7523,948.8536010439028,618.3311739697773,996.5,670.7
6208,7524,948.8536010439028,618.3311739697773,996.5,670.7
6209,7525,948.8536010439028,618.3311739697773,996.5,670.7
6210,7526,948.8536010439028,618.3311739697773,996.5,670.7
6211,7527,948.8536010439028,618.3311739697773,996.5,670.7
6212,7528,948.8536010439028,618.3311739697773,996.5,670.7
6213,7529,948.8536010439028,618.3311739697773,996.5,670.7
6214,7530,948.8536010439028,618.3311739697773,996.5,670.7
6215,7531,948.8536010439028,618.3311739697773,996.5,670.7
6216,7532,948.8536010439028,618.3311739697773,996.5,670.7
6217,7533,948.8536010439028,618.3311739697773,996.5,670.7
6218,7534,948.8536010439028,618.3311739697773,996.5,670.7
6219,7535,948.8536010439028,618.3311739697773,996.5,670.7
6220,7536,948.8536010439028,618.3311739697773,996.5,670.7
6221,7537,948.8536010439028,618.3311739697773,996.5,670.7
6222,7538,948.8536010439028,618.3311739697773,996.5,670.7
6223,7539,948.8536010439028,618.3311739697773,996.5,670.7
6224,7540,948.8536010439028,618.3311739697773,996.5,670.7
6225,7541,948.8536010439028,618.3311739697773,996.5,670.7
6226,7542,948.8536010439028,618.3311739697773,996.5,670.7
6227,7543,948.8536010439028,618.3311739697773,996.5,670.7
6228,7544,948.8536010439028,618.3311739697773,996.5,670.7
6229,7545,948.8536010439028,618.3311739697773,996.5,670.7
6230,7546,948.8536010439028,618.3311739697773,996.5,670.7
6231,7547,948.8536010439028,618.3311739697773,996.5,670.7
6232,7548,948.8536010439028,618.3311739697773,996.5,670.7
6233,7549,948.8536010439028,618.3311739697773,996.5,670.7
6234,7550,948.8536010439028,618.3311739697773,996.5,670.7
6235,7551,948.8536010439028,618.3311739697773,996.5,670.7
6236,7552,948.8536010439028,618.3311739697773,996.5,670.7
6237,7553,948.8536010439028,618.3311739697773,996.5,670.7
6238,7554,948.8536010439028,618.3311739697773,996.5,670.7
6239,7555,948.8536010439028,618.3311739697773,996.5,670.7
6240,7556,948.8536010439028,618.3311739697773,996.5,670.7
6241,7557,948.8536010439028,618.3311739697773,996.5,670.7
6242,7558,948.8536010439028,618.3311739697773,996.5,670.7
6243,7559,948.8536010439028,618.3311739697773,996.5,670.7
6244,7560,948.8536010439028,618.3311739697773,996.5,670.7
6245,7561,948.8536010439028,618.3311739697773,996.5,670.7
6246,7562,948.8536010439028,618.3311739697773,996.5,670.7
6247,7563,948.8536010439028,618.3311739697773,996.5,670.7
6248,7564,948.8536010439028,618.3311739697773,996.5,670.7
6249,7565,948.8536010439028,618.3311739697773,996.5,670.7
6250,7566,948.8536010439028,618.3311739697773,996.5,670.7
6251,7567,948.8536010439028,618.3311739697773,996.5,670.7
6252,7568,948.8536010439028,618.3311739697773,996.5,670.7
6253,7569,948.8536010439028,618.3311739697773,996.5,670.7
6254,7570,948.8536010439028,618.3311739697773,996.5,670.7
6255,7571,948.8536010439028,618.3311739697773,996.5,670.7
6256,7572,948.8536010439028,618.3311739697773,996.5,670.7
6257,7573,948.8536010439028,618.3311739697773,996.5,670.7
6258,7574,948.8536010439028,618.3311739697773,996.5,670.7
6259,7575,948.8536010439028,618.3311739697773,996.5,670.7
6260,7576,948.8536010439028,618.3311739697773,996.5,670.7
6261,7577,948.8536010439028,618.3311739697773,996.5,670.7
6262,7578,948.8536010439028,618.3311739697773,996.5,670.7
6263,7579,948.8536010439028,618.3311739697773,996.5,670.7
6264,7580,948.8536010439028,618.3311739697773,996.5,670.7
6265,7581,938.8536010439028,436.3311739697773,996.5,670.7
6266,7582,938.8536010439028,436.3311739697773,996.5,670.7
6267,7583,938.8536010439028,436.3311739697773,996.5,670.7
6268,7584,938.8536010439028,436.3311739697773,996.5,670.7
6269,7585,938.8536010439028,436.3311739697773,996.5,670.7
6270,7586,938.8536010439028,436.3311739697773,996.5,670.7
6271,7587,938.8536010439028,436.3311739697773,996.5,670.7
6272,7588,938.8536010439028,436.3311739697773,996.5,670.7
6273,7589,938.8536010439028,436.3311739697773,996.5,670.7
6274,7590,938.8536010439028,436.3311739697773,996.5,670.7
6275,7591,938.8536010439028,436.3311739697773,996.5,670.7
6276,7592,938.8536010439028,436.3311739697773,996.5,670.7
6277,7593,938.8536010439028,436.3311739697773,996.5,670.7
6278,7594,938.8536010439028,436.3311739697773,996.5,670.7
6279,7595,938.8536010439028,436.3311739697773,996.5,670.7
6280,7596,938.8536010439028,436.3311739697773,996.5,670.7
6281,7597,938.8536010439028,436.3311739697773,996.5,670.7
6282,7598,938.8536010439028,436.3311739697773,996.5,670.7
6283,7599,938.8536010439028,436.3311739697773,996.5,670.7
6284,7600,938.8536010439028,436.3311739697773,996.5,670.7
6285,7601,938.8536010439028,436.3311739697773,996.5,670.7
6286,7602,938.8536010439028,436.3311739697773,996.5,670.7
6287,7603,938.8536010439028,436.3311739697773,996.5,670.7
6288,7604,938.8536010439028,436.3311739697773,996.5,670.7
6289,7605,938.8536010439028,436.3311739697773,996.5,670.7
6290,7606,938.8536010439028,436.3311739697773,995.040909090909,651.9772727272727
6291,7607,938.8536010439028,436.3311739697773,993.5818181818182,633.2545454545455
6292,7608,938.8536010439028,436.3311739697773,992.1227272727273,614.5318181818183
6293,7609,938.8536010439028,436.3311739697773,990.6636363636363,595.809090909091
6294,7610,938.8536010439028,436.3311739697773,989.2045454545455,577.0863636363637
6295,7611,938.8536010439028,436.3311739697773,987.7454545454545,558.3636363636364
6296,7612,938.8536010439028,436.3311739697773,986.2863636363636,539.6409090909092
6297,7613,938.8536010439028,436.3311739697773,984.8272727272728,520.9181818181819
6298,7614,927.8536010439028,254.3311739697773,983.3681818181818,502.1954545454546
6299,7615,927.8536010439028,254.3311739697773,981.9090909090909,483.4727272727273
6300,7616,927.8536010439028,254.3311739697773,980.45,464.75000000000006
6301,7617,927.8536010439028,254.3311739697773,978.9909090909091,446.02727272727276
6302,7618,927.8536010439028,254.3311739697773,977.5318181818182,427.3045454545455
6303,7619,927.8536010439028,254.3311739697773,976.0727272727272,408.5818181818182
6304,7620,927.8536010439028,254.3311739697773,974.6136363636364,389.859090909091
6305,7621,927.8536010439028,254.3311739697773,973.1545454545454,371.1363636363637
6306,7622,927.8536010439028,254.3311739697773,971.6954545454545,352.4136363636364
6307,7623,927.8536010439028,254.3311739697773,970.2363636363636,333.69090909090914
6308,7624,927.8536010439028,254.3311739697773,968.7772727272727,314.96818181818185
6309,7625,927.8536010439028,254.3311739697773,967.3181818181818,296.2454545454546
6310,7626,927.8536010439028,254.3311739697773,965.8590909090909,277.5227272727273
6311,7627,927.8536010439028,254.3311739697773,964.4,258.8
6312,7628,927.8536010439028,254.3311739697773,964.4,258.8
6313,7629,927.8536010439028,254.3311739697773,964.4,258.8
6314,7630,927.8536010439028,254.3311739697773,964.4,258.8
6315,7631,927.8536010439028,254.3311739697773,964.4,258.8
6316,7632,927.8536010439028,254.3311739697773,964.4,258.8
6317,7633,927.8536010439028,254.3311739697773,964.4,258.8
6318,7634,927.8536010439028,254.3311739697773,964.4,258.8
6319,7635,927.8536010439028,254.3311739697773,964.4,258.8
6320,7636,927.8536010439028,254.3311739697773,964.4,258.8
6321,7637,927.8536010439028,254.3311739697773,964.4,258.8
6322,7638,927.8536010439028,254.3311739697773,964.4,258.8
6323,7639,927.8536010439028,254.3311739697773,964.4,258.8
6324,7640,927.8536010439028,254.3311739697773,964.4,258.8
6325,7641,927.8536010439028,254.3311739697773,964.4,258.8
6326,7642,927.8536010439028,254.3311739697773,964.4,258.8
6327,7643,927.8536010439028,254.3311739697773,964.4,258.8
6328,7644,927.8536010439028,254.3311739697773,964.4,258.8
6329,7645,927.8536010439028,254.3311739697773,964.4,258.8
6330,7646,927.8536010439028,254.3311739697773,964.4,258.8
6331,7647,927.8536010439028,254.3311739697773,964.4,258.8
6332,7648,927.8536010439028,254.3311739697773,964.4,258.8
6333,7649,927.8536010439028,254.3311739697773,964.4,258.8
6334,7650,927.8536010439028,254.3311739697773,964.4,258.8
6335,7651,927.8536010439028,254.3311739697773,964.4,258.8
6336,7652,927.8536010439028,254.3311739697773,964.4,258.8
6337,7653,927.8536010439028,254.3311739697773,964.4,258.8
6338,7654,927.8536010439028,254.3311739697773,964.4,258.8
6339,7655,927.8536010439028,254.3311739697773,964.4,258.8
6340,7656,927.8536010439028,254.3311739697773,964.4,258.8
6341,7657,927.8536010439028,254.3311739697773,964.4,258.8
6342,7658,927.8536010439028,254.3311739697773,964.4,258.8
6343,7659,927.8536010439028,254.3311739697773,964.4,258.8
6344,7660,927.8536010439028,254.3311739697773,964.4,258.8
6345,7661,927.8536010439028,254.3311739697773,964.4,258.8
6346,7662,927.8536010439028,254.3311739697773,964.4,258.8
6347,7663,927.8536010439028,254.3311739697773,964.4,258.8
6348,7664,927.8536010439028,254.3311739697773,964.4,258.8
6349,7665,927.8536010439028,254.3311739697773,964.4,258.8
6350,7666,927.8536010439028,254.3311739697773,964.4,258.8
6351,7667,927.8536010439028,254.3311739697773,964.4,258.8
6352,7668,927.8536010439028,254.3311739697773,964.4,258.8
6353,7669,927.8536010439028,254.3311739697773,964.4,258.8
6354,7670,927.8536010439028,254.3311739697773,964.4,258.8
6355,7671,927.8536010439028,254.3311739697773,964.4,258.8
6356,7672,927.8536010439028,254.3311739697773,964.4,258.8
6357,7673,927.8536010439028,254.3311739697773,964.4,258.8
6358,7674,927.8536010439028,254.3311739697773,964.4,258.8
6359,7675,927.8536010439028,254.3311739697773,964.4,258.8
6360,7676,927.8536010439028,254.3311739697773,964.4,258.8
6361,7677,927.8536010439028,254.3311739697773,964.4,258.8
6362,7678,927.8536010439028,254.3311739697773,964.4,258.8
6363,7679,927.8536010439028,254.3311739697773,964.4,258.8
6364,7680,927.8536010439028,254.3311739697773,964.4,258.8
6365,7681,927.8536010439028,254.3311739697773,964.4,258.8
6366,7682,927.8536010439028,254.3311739697773,964.4,258.8
6367,7683,927.8536010439028,254.3311739697773,964.4,258.8
6368,7684,927.8536010439028,254.3311739697773,964.4,258.8
6369,7685,927.8536010439028,254.3311739697773,964.4,258.8
6370,7686,927.8536010439028,254.3311739697773,964.4,258.8
6371,7687,927.8536010439028,254.3311739697773,964.4,258.8
6372,7688,927.8536010439028,254.3311739697773,964.4,258.8
6373,7689,927.8536010439028,254.3311739697773,964.4,258.8
6374,7690,927.8536010439028,254.3311739697773,964.4,258.8
6375,7691,927.8536010439028,254.3311739697773,964.4,258.8
6376,7692,927.8536010439028,254.3311739697773,964.4,258.8
6377,7693,927.8536010439028,254.3311739697773,964.4,258.8
6378,7694,927.8536010439028,254.3311739697773,964.4,258.8
6379,7695,927.8536010439028,254.3311739697773,964.4,258.8
6380,7696,927.8536010439028,254.3311739697773,964.4,258.8
6381,7697,927.8536010439028,254.3311739697773,964.4,258.8
6382,7698,927.8536010439028,254.3311739697773,964.4,258.8
6383,7699,927.8536010439028,254.3311739697773,964.4,258.8
6384,7700,927.8536010439028,254.3311739697773,964.4,258.8
6385,7701,927.8536010439028,254.3311739697773,964.4,258.8
6386,7702,927.8536010439028,254.3311739697773,964.4,258.8
6387,7703,927.8536010439028,254.3311739697773,964.4,258.8
6388,7704,927.8536010439028,254.3311739697773,964.4,258.8
6389,7705,927.8536010439028,254.3311739697773,964.4,258.8
6390,7706,927.8536010439028,254.3311739697773,964.4,258.8
6391,7707,927.8536010439028,254.3311739697773,964.4,258.8
6392,7708,927.8536010439028,254.3311739697773,964.4,258.8
6393,7709,927.8536010439028,254.3311739697773,964.4,258.8
6394,7710,927.8536010439028,254.3311739697773,964.4,258.8
6395,7711,927.8536010439028,254.3311739697773,964.4,258.8
6396,7712,927.8536010439028,254.3311739697773,964.4,258.8
6397,7713,927.8536010439028,254.3311739697773,964.4,258.8
6398,7714,927.8536010439028,254.3311739697773,964.4,258.8
6399,7715,927.8536010439028,254.3311739697773,964.4,258.8
6400,7716,927.8536010439028,254.3311739697773,964.4,258.8
6401,7717,927.8536010439028,254.3311739697773,964.4,258.8
6402,7718,927.8536010439028,254.3311739697773,964.4,258.8
6403,7719,927.8536010439028,254.3311739697773,964.4,258.8
6404,7720,927.8536010439028,254.3311739697773,964.4,258.8
6405,7721,927.8536010439028,254.3311739697773,964.4,258.8
6406,7722,927.8536010439028,254.3311739697773,964.4,258.8
6407,7723,927.8536010439028,254.3311739697773,964.4,258.8
6408,7724,927.8536010439028,254.3311739697773,964.4,258.8
6409,7725,927.8536010439028,254.3311739697773,964.4,258.8
6410,7726,927.8536010439028,254.3311739697773,964.4,258.8
6411,7727,927.8536010439028,254.3311739697773,964.4,258.8
6412,7728,927.8536010439028,254.3311739697773,964.4,258.8
6413,7729,927.8536010439028,254.3311739697773,964.4,258.8
6414,7730,927.8536010439028,254.3311739697773,964.4,258.8
6415,7731,927.8536010439028,254.3311739697773,964.4,258.8
6416,7732,927.8536010439028,254.3311739697773,964.4,258.8
6417,7733,927.8536010439028,254.3311739697773,964.4,258.8
6418,7734,927.8536010439028,254.3311739697773,964.4,258.8
6419,7735,927.8536010439028,254.3311739697773,964.4,258.8
6420,7736,927.8536010439028,254.3311739697773,964.4,258.8
6421,7737,927.8536010439028,254.3311739697773,964.4,258.8
6422,7738,927.8536010439028,254.3311739697773,964.4,258.8
6423,7739,927.8536010439028,254.3311739697773,964.4,258.8
6424,7740,927.8536010439028,254.3311739697773,964.4,258.8
6425,7741,927.8536010439028,254.3311739697773,964.4,258.8
6426,7742,927.8536010439028,254.3311739697773,964.4,258.8
6427,7743,927.8536010439028,254.3311739697773,964.4,258.8
6428,7744,927.8536010439028,254.3311739697773,964.4,258.8
6429,7745,927.8536010439028,254.3311739697773,964.4,258.8
6430,7746,927.8536010439028,254.3311739697773,964.4,258.8
6431,7747,927.8536010439028,254.3311739697773,964.4,258.8
6432,7748,927.8536010439028,254.3311739697773,964.4,258.8
6432,7749,927.8536010439028,254.3311739697773,964.4,258.8
6432,7750,927.8536010439028,254.3311739697773,964.4,258.8
6432,7751,927.8536010439028,254.3311739697773,964.4,258.8
6432,7752,927.8536010439028,254.3311739697773,964.4,258.8
6432,7753,927.8536010439028,254.3311739697773,964.4,258.8
6432,7754,927.8536010439028,254.3311739697773,964.4,258.8
6432,7755,927.8536010439028,254.3311739697773,964.4,258.8
6432,7756,927.8536010439028,254.3311739697773,964.4,258.8
6432,7757,927.8536010439028,254.3311739697773,964.4,258.8
6432,7758,927.8536010439028,254.3311739697773,964.4,258.8
6432,7759,927.8536010439028,254.3311739697773,964.4,258.8
6432,7760,927.8536010439028,254.3311739697773,964.4,258.8
6432,7761,927.8536010439028,254.3311739697773,964.4,258.8
6432,7762,927.8536010439028,254.3311739697773,964.4,258.8
6432,7763,927.8536010439028,254.3311739697773,964.4,258.8
6432,7764,927.8536010439028,254.3311739697773,964.4,258.8
6432,7765,927.8536010439028,254.3311739697773,964.4,258.8
6432,7766,927.8536010439028,254.3311739697773,964.4,258.8
6432,7767,927.8536010439028,254.3311739697773,964.4,258.8
6432,7768,927.8536010439028,254.3311739697773,964.4,258.8
6432,7769,927.8536010439028,254.3311739697773,964.4,258.8
6432,7770,927.8536010439028,254.3311739697773,964.4,258.8
6432,7771,927.8536010439028,254.3311739697773,964.4,258.8
6432,7772,927.8536010439028,254.3311739697773,964.4,258.8
6432,7773,927.8536010439028,254.3311739697773,964.4,258.8
6432,7774,927.8536010439028,254.3311739697773,964.4,258.8
6432,7775,927.8536010439028,254.3311739697773,964.4,258.8
6432,7776,927.8536010439028,254.3311739697773,964.4,258.8
6432,7777,927.8536010439028,254.3311739697773,964.4,258.8
6432,7778,927.8536010439028,254.3311739697773,964.4,258.8
6432,7779,927.8536010439028,254.3311739697773,964.4,258.8
6432,7780,927.8536010439028,254.3311739697773,964.4,258.8
6432,7781,927.8536010439028,254.3311739697773,964.4,258.8
6432,7782,927.8536010439028,254.3311739697773,964.4,258.8
6432,7783,927.8536010439028,254.3311739697773,964.4,258.8
6432,7784,927.8536010439028,254.3311739697773,964.4,258.8
6432,7785,927.8536010439028,254.3311739697773,964.4,258.8
6432,7786,927.8536010439028,254.3311739697773,964.4,258.8
6432,7787,927.8536010439028,254.3311739697773,964.4,258.8
6432,7788,927.8536010439028,254.3311739697773,964.4,258.8
6432,7789,927.8536010439028,254.3311739697773,964.4,258.8
6432,7790,927.8536010439028,254.3311739697773,964.4,258.8
6432,7791,927.8536010439028,254.3311739697773,964.4,258.8
6432,7792,927.8536010439028,254.3311739697773,964.4,258.8
6432,7793,927.8536010439028,254.3311739697773,964.4,258.8
6432,7794,927.8536010439028,254.3311739697773,964.4,258.8
6432,7795,927.8536010439028,254.3311739697773,964.4,258.8
6432,7796,927.8536010439028,254.3311739697773,964.4,258.8
6432,7797,927.8536010439028,254.3311739697773,964.4,258.8
6432,7798,927.8536010439028,254.3311739697773,964.4,258.8
6432,7799,927.8536010439028,254.3311739697773,964.4,258.8
6432,7800,927.8536010439028,254.3311739697773,964.4,258.8
6432,7801,927.8536010439028,254.3311739697773,964.4,258.8
6432,7802,927.8536010439028,254.3311739697773,964.4,258.8
6432,7803,927.8536010439028,254.3311739697773,964.4,258.8
6432,7804,927.8536010439028,254.3311739697773,964.4,258.8
6432,7805,927.8536010439028,254.3311739697773,964.4,258.8
6432,7806,927.8536010439028,254.3311739697773,964.4,258.8
6432,7807,927.8536010439028,254.3311739697773,964.4,258.8
6432,7808,927.8536010439028,254.3311739697773,964.4,258.8
6432,7809,927.8536010439028,254.3311739697773,964.4,258.8
6432,7810,927.8536010439028,254.3311739697773,964.4,258.8
6432,7811,927.8536010439028,254.3311739697773,964.4,258.8
6432,7812,927.8536010439028,254.3311739697773,964.4,258.8
6432,7813,927.8536010439028,254.3311739697773,964.4,258.8
6432,7814,637.8536010439028,247.3311739697773,964.4,258.8
6432,7815,637.8536010439028,247.3311739697773,964.4,258.8
6432,7816,637.8536010439028,247.3311739697773,964.4,258.8
6432,7817,637.8536010439028,247.3311739697773,964.4,258.8
6432,7818,637.8536010439028,247.3311739697773,964.4,258.8
6432,7819,637.8536010439028,247.3311739697773,964.4,258.8
6432,7820,637.8536010439028,247.3311739697773,964.4,258.8
6432,7821,637.8536010439028,247.3311739697773,964.4,258.8
6432,7822,637.8536010439028,247.3311739697773,964.4,258.8
6432,7823,637.8536010439028,247.3311739697773,964.4,258.8
6432,7824,637.8536010439028,247.3311739697773,964.4,258.8
6432,7825,637.8536010439028,247.3311739697773,964.4,258.8
6432,7826,637.8536010439028,247.3311739697773,964.4,258.8
6432,7827,637.8536010439028,247.3311739697773,964.4,258.8
6432,7828,637.8536010439028,247.3311739697773,964.4,258.8
6432,7829,637.8536010439028,247.3311739697773,964.4,258.8
6432,7830,637.8536010439028,247.3311739697773,964.4,258.8
6432,7831,637.8536010439028,247.3311739697773,964.4,258.8
6432,7832,637.8536010439028,247.3311739697773,964.4,258.8
6432,7833,637.8536010439028,247.3311739697773,964.4,258.8
6432,7834,637.8536010439028,247.3311739697773,964.4,258.8
6432,7835,637.8536010439028,247.3311739697773,964.4,258.8
6432,7836,637.8536010439028,247.3311739697773,964.4,258.8
6432,7837,637.8536010439028,247.3311739697773,964.4,258.8
6432,7838,637.8536010439028,247.3311739697773,964.4,258.8
6432,7839,637.8536010439028,247.3311739697773,964.4,258.8
6432,7840,637.8536010439028,247.3311739697773,964.4,258.8
6432,7841,637.8536010439028,247.3311739697773,964.4,258.8
6432,7842,637.8536010439028,247.3311739697773,964.4,258.8
6432,7843,637.8536010439028,247.3311739697773,964.4,258.8
6432,7844,637.8536010439028,247.3311739697773,964.4,258.8
6432,7845,637.8536010439028,247.3311739697773,964.4,258.8
6432,7846,637.8536010439028,247.3311739697773,964.4,258.8
6432,7847,637.8536010439028,247.3311739697773,964.4,258.8
6432,7848,637.8536010439028,247.3311739697773,964.4,258.8
6432,7849,637.8536010439028,247.3311739697773,964.4,258.8
6432,7850,637.8536010439028,247.3311739697773,964.4,258.8
6432,7851,637.8536010439028,247.3311739697773,964.4,258.8
6432,7852,637.8536010439028,247.3311739697773,964.4,258.8
6432,7853,637.8536010439028,247.3311739697773,964.4,258.8
6432,7854,637.8536010439028,247.3311739697773,964.4,258.8
6432,7855,637.8536010439028,247.3311739697773,964.4,258.8
6432,7856,637.8536010439028,247.3311739697773,964.4,258.8
6432,7857,637.8536010439028,247.3311739697773,964.4,258.8
6432,7858,637.8536010439028,247.3311739697773,964.4,258.8
6432,7859,637.8536010439028,247.3311739697773,964.4,258.8
6432,7860,637.8536010439028,247.3311739697773,964.4,258.8
6432,7861,637.8536010439028,247.3311739697773,964.4,258.8
6432,7862,637.8536010439028,247.3311739697773,964.4,258.8
6432,7863,637.8536010439028,247.3311739697773,964.4,258.8
6432,7864,637.8536010439028,247.3311739697773,964.4,258.8
6432,7865,637.8536010439028,247.3311739697773,964.4,258.8
6432,7866,637.8536010439028,247.3311739697773,964.4,258.8
6432,7867,637.8536010439028,247.3311739697773,964.4,258.8
6432,7868,637.8536010439028,247.3311739697773,964.4,258.8
6432,7869,637.8536010439028,247.3311739697773,964.4,258.8
6432,7870,637.8536010439028,247.3311739697773,964.4,258.8
6432,7871,637.8536010439028,247.3311739697773,964.4,258.8
6432,7872,637.8536010439028,247.3311739697773,964.4,258.8
6432,7873,637.8536010439028,247.3311739697773,964.4,258.8
6432,7874,637.8536010439028,247.3311739697773,964.4,258.8
6432,7875,637.8536010439028,247.3311739697773,964.4,258.8
6432,7876,637.8536010439028,247.3311739697773,964.4,258.8
6432,7877,637.8536010439028,247.3311739697773,964.4,258.8
6432,7878,637.8536010439028,247.3311739697773,964.4,258.8
6432,7879,637.8536010439028,247.3311739697773,964.4,258.8
6432,7880,637.8536010439028,247.3311739697773,964.4,258.8
6432,7881,637.8536010439028,247.3311739697773,964.4,258.8
6432,7882,637.8536010439028,247.3311739697773,964.4,258.8
6432,7883,637.8536010439028,247.3311739697773,964.4,258.8
6432,7884,637.8536010439028,247.3311739697773,964.4,258.8
6432,7885,637.8536010439028,247.3311739697773,964.4,258.8
6432,7886,637.8536010439028,247.3311739697773,964.4,258.8
6432,7887,637.8536010439028,247.3311739697773,964.4,258.8
6432,7888,637.8536010439028,247.3311739697773,964.4,258.8
6432,7889,782.8536010439028,392.3311739697773,964.4,258.8
6432,7890,782.8536010439028,392.3311739697773,964.4,258.8
6432,7891,782.8536010439028,392.3311739697773,964.4,258.8
6432,7892,782.8536010439028,392.3311739697773,964.4,258.8
6432,7893,782.8536010439028,392.3311739697773,964.4,258.8
6432,7894,782.8536010439028,392.3311739697773,964.4,258.8
6432,7895,782.8536010439028,392.3311739697773,964.4,258.8
6432,7896,782.8536010439028,392.3311739697773,964.4,258.8
6432,7897,782.8536010439028,392.3311739697773,964.4,258.8
6432,7898,782.8536010439028,392.3311739697773,964.4,258.8
6432,7899,782.8536010439028,392.3311739697773,964.4,258.8
6432,7900,782.8536010439028,392.3311739697773,964.4,258.8
6432,7901,782.8536010439028,392.3311739697773,964.4,258.8
6432,7902,782.8536010439028,392.3311739697773,964.4,258.8
6432,7903,782.8536010439028,392.3311739697773,964.4,258.8
6432,7904,782.8536010439028,392.3311739697773,964.4,258.8
6432,7905,782.8536010439028,392.3311739697773,964.4,258.8
6432,7906,782.8536010439028,392.3311739697773,964.4,258.8
6432,7907,782.8536010439028,392.3311739697773,964.4,258.8
6432,7908,782.8536010439028,392.3311739697773,964.4,258.8
6432,7909,782.8536010439028,392.3311739697773,964.4,258.8
6432,7910,782.8536010439028,392.3311739697773,964.4,258.8
6432,7911,782.8536010439028,392.3311739697773,964.4,258.8
6432,7912,782.8536010439028,392.3311739697773,964.4,258.8
6432,7913,782.8536010439028,392.3311739697773,964.4,258.8
6432,7914,928.8536010439028,538.3311739697773,964.4,258.8
6432,7915,928.8536010439028,538.3311739697773,964.4,258.8
6432,7916,928.8536010439028,538.3311739697773,964.4,258.8
6432,7917,928.8536010439028,538.3311739697773,964.4,258.8
6432,7918,928.8536010439028,538.3311739697773,964.4,258.8
6432,7919,928.8536010439028,538.3311739697773,964.4,258.8
6432,7920,928.8536010439028,538.3311739697773,964.4,258.8
6432,7921,928.8536010439028,538.3311739697773,964.4,258.8
6432,7922,928.8536010439028,538.3311739697773,964.4,258.8
6432,7923,928.8536010439028,538.3311739697773,964.4,258.8
6432,7924,928.8536010439028,538.3311739697773,964.4,258.8
6432,7925,928.8536010439028,538.3311739697773,964.4,258.8
6432,7926,928.8536010439028,538.3311739697773,964.4,258.8
6432,7927,928.8536010439028,538.3311739697773,964.4,258.8
6432,7928,928.8536010439028,538.3311739697773,964.4,258.8
6432,7929,928.8536010439028,538.3311739697773,964.4,258.8
6432,7930,928.8536010439028,538.3311739697773,964.4,258.8
6432,7931,928.8536010439028,538.3311739697773,964.4,258.8
6432,7932,928.8536010439028,538.3311739697773,964.4,258.8
6432,7933,928.8536010439028,538.3311739697773,964.4,258.8
6432,7934,928.8536010439028,538.3311739697773,964.4,258.8
6432,7935,928.8536010439028,538.3311739697773,964.4,258.8
6432,7936,928.8536010439028,538.3311739697773,964.4,258.8
6432,7937,928.8536010439028,538.3311739697773,964.4,258.8
6432,7938,928.8536010439028,538.3311739697773,964.4,258.8
6432,7939,928.8536010439028,538.3311739697773,964.4,258.8
6432,7940,928.8536010439028,538.3311739697773,964.4,258.8
6432,7941,928.8536010439028,538.3311739697773,964.4,258.8
6432,7942,928.8536010439028,538.3311739697773,964.4,258.8
6432,7943,928.8536010439028,538.3311739697773,964.4,258.8
6432,7944,928.8536010439028,538.3311739697773,964.4,258.8
6432,7945,928.8536010439028,538.3311739697773,964.4,258.8
6432,7946,928.8536010439028,538.3311739697773,964.4,258.8
6432,7947,928.8536010439028,538.3311739697773,964.4,258.8
6432,7948,928.8536010439028,538.3311739697773,964.4,258.8
6432,7949,928.8536010439028,538.3311739697773,964.4,258.8
6432,7950,928.8536010439028,538.3311739697773,964.4,258.8
6432,7951,928.8536010439028,538.3311739697773,964.4,258.8
6432,7952,928.8536010439028,538.3311739697773,964.4,258.8
6432,7953,928.8536010439028,538.3311739697773,964.4,258.8
6432,7954,928.8536010439028,538.3311739697773,964.4,258.8
6432,7955,928.8536010439028,538.3311739697773,964.4,258.8
6432,7956,928.8536010439028,538.3311739697773,964.4,258.8
6432,7957,928.8536010439028,538.3311739697773,964.4,258.8
6432,7958,928.8536010439028,538.3311739697773,964.4,258.8
6432,7959,928.8536010439028,538.3311739697773,964.4,258.8
6432,7960,928.8536010439028,538.3311739697773,964.4,258.8
6432,7961,928.8536010439028,538.3311739697773,964.4,258.8
6432,7962,928.8536010439028,538.3311739697773,964.4,258.8
6432,7963,928.8536010439028,538.3311739697773,964.4,258.8
6432,7964,928.8536010439028,538.3311739697773,964.4,258.8
6432,7965,928.8536010439028,538.3311739697773,964.4,258.8
6432,7966,928.8536010439028,538.3311739697773,964.4,258.8
6432,7967,928.8536010439028,538.3311739697773,964.4,258.8
6432,7968,928.8536010439028,538.3311739697773,964.4,258.8
6432,7969,928.8536010439028,538.3311739697773,964.4,258.8
6432,7970,928.8536010439028,538.3311739697773,964.4,258.8
6432,7971,928.8536010439028,538.3311739697773,964.4,258.8
6432,7972,928.8536010439028,538.3311739697773,964.4,258.8
6432,7973,928.8536010439028,538.3311739697773,964.4,258.8
6432,7974,928.8536010439028,538.3311739697773,964.4,258.8
6432,7975,928.8536010439028,538.3311739697773,964.4,258.8
6432,7976,928.8536010439028,538.3311739697773,964.4,258.8
6432,7977,928.8536010439028,538.3311739697773,964.4,258.8
6432,7978,928.8536010439028,538.3311739697773,964.4,258.8
6432,7979,928.8536010439028,538.3311739697773,964.4,258.8
6432,7980,928.8536010439028,538.3311739697773,964.4,258.8
6432,7981,780.8536010439028,400.3311739697773,964.4,258.8
6432,7982,780.8536010439028,400.3311739697773,964.4,258.8
6432,7983,780.8536010439028,400.3311739697773,964.4,258.8
6432,7984,780.8536010439028,400.3311739697773,964.4,258.8
6432,7985,780.8536010439028,400.3311739697773,964.4,258.8
6432,7986,780.8536010439028,400.3311739697773,964.4,258.8
6432,7987,780.8536010439028,400.3311739697773,964.4,258.8
6432,7988,780.8536010439028,400.3311739697773,964.4,258.8
6432,7989,780.8536010439028,400.3311739697773,964.4,258.8
6432,7990,780.8536010439028,400.3311739697773,964.4,258.8
6432,7991,780.8536010439028,400.3311739697773,964.4,258.8
6432,7992,780.8536010439028,400.3311739697773,964.4,258.8
6432,7993,780.8536010439028,400.3311739697773,964.4,258.8
6432,7994,780.8536010439028,400.3311739697773,964.4,258.8
6432,7995,780.8536010439028,400.3311739697773,964.4,258.8
6432,7996,780.8536010439028,400.3311739697773,964.4,258.8
6432,7997,780.8536010439028,400.3311739697773,964.4,258.8
6432,7998,780.8536010439028,400.3311739697773,964.4,258.8
6432,7999,780.8536010439028,400.3311739697773,964.4,258.8
6432,8000,780.8536010439028,400.3311739697773,964.4,258.8
6432,8001,780.8536010439028,400.3311739697773,964.4,258.8
6432,8002,780.8536010439028,400.3311739697773,964.4,258.8
6432,8003,780.8536010439028,400.3311739697773,964.4,258.8
6432,8004,780.8536010439028,400.3311739697773,964.4,258.8
6432,8005,780.8536010439028,400.3311739697773,964.4,258.8
6432,8006,780.8536010439028,400.3311739697773,964.4,258.8
6432,8007,780.8536010439028,400.3311739697773,964.4,258.8
6432,8008,780.8536010439028,400.3311739697773,964.4,258.8
6432,8009,780.8536010439028,400.3311739697773,964.4,258.8
6432,8010,780.8536010439028,400.3311739697773,964.4,258.8
6432,8011,780.8536010439028,400.3311739697773,964.4,258.8
6432,8012,780.8536010439028,400.3311739697773,964.4,258.8
6432,8013,780.8536010439028,400.3311739697773,964.4,258.8
6432,8014,632.8536010439028,262.3311739697773,964.4,258.8
6432,8015,632.8536010439028,262.3311739697773,964.4,258.8
6432,8016,632.8536010439028,262.3311739697773,964.4,258.8
6432,8017,632.8536010439028,262.3311739697773,964.4,258.8
6432,8018,632.8536010439028,262.3311739697773,964.4,258.8
6432,8019,632.8536010439028,262.3311739697773,964.4,258.8
6432,8020,632.8536010439028,262.3311739697773,964.4,258.8
6432,8021,632.8536010439028,262.3311739697773,964.4,258.8
6432,8022,632.8536010439028,262.3311739697773,964.4,258.8
6432,8023,632.8536010439028,262.3311739697773,964.4,258.8
6432,8024,632.8536010439028,262.3311739697773,964.4,258.8
6432,8025,632.8536010439028,262.3311739697773,964.4,258.8
6432,8026,632.8536010439028,262.3311739697773,964.4,258.8
6432,8027,632.8536010439028,262.3311739697773,964.4,258.8
6432,8028,632.8536010439028,262.3311739697773,964.4,258.8
6432,8029,632.8536010439028,262.3311739697773,964.4,258.8
6432,8030,632.8536010439028,262.3311739697773,964.4,258.8
6432,8031,632.8536010439028,262.3311739697773,964.4,258.8
6432,8032,632.8536010439028,262.3311739697773,964.4,258.8
6432,8033,632.8536010439028,262.3311739697773,964.4,258.8
6432,8034,632.8536010439028,262.3311739697773,964.4,258.8
6432,8035,632.8536010439028,262.3311739697773,964.4,258.8
6432,8036,632.8536010439028,262.3311739697773,964.4,258.8
6432,8037,632.8536010439028,262.3311739697773,964.4,258.8
6432,8038,632.8536010439028,262.3311739697773,964.4,258.8
6432,8039,632.8536010439028,262.3311739697773,964.4,258.8
6432,8040,632.8536010439028,262.3311739697773,964.4,258.8
6432,8041,632.8536010439028,262.3311739697773,964.4,258.8
6432,8042,632.8536010439028,262.3311739697773,964.4,258.8
6432,8043,632.8536010439028,262.3311739697773,964.4,258.8
6432,8044,632.8536010439028,262.3311739697773,964.4,258.8
6432,8045,632.8536010439028,262.3311739697773,964.4,258.8
6432,8046,632.8536010439028,262.3311739697773,964.4,258.8
6432,8047,632.8536010439028,262.3311739697773,964.4,258.8
6432,8048,632.8536010439028,262.3311739697773,964.4,258.8
6432,8049,632.8536010439028,262.3311739697773,964.4,258.8
6432,8050,632.8536010439028,262.3311739697773,964.4,258.8
6432,8051,632.8536010439028,262.3311739697773,964.4,258.8
6432,8052,632.8536010439028,262.3311739697773,964.4,258.8
6432,8053,632.8536010439028,262.3311739697773,964.4,258.8
6432,8054,632.8536010439028,262.3311739697773,964.4,258.8
6432,8055,632.8536010439028,262.3311739697773,964.4,258.8
6432,8056,632.8536010439028,262.3311739697773,964.4,258.8
6432,8057,632.8536010439028,262.3311739697773,964.4,258.8
6432,8058,632.8536010439028,262.3311739697773,964.4,258.8
6432,8059,632.8536010439028,262.3311739697773,964.4,258.8
6432,8060,632.8536010439028,262.3311739697773,964.4,258.8
6432,8061,632.8536010439028,262.3311739697773,964.4,258.8
6432,8062,632.8536010439028,262.3311739697773,964.4,258.8
6432,8063,632.8536010439028,262.3311739697773,964.4,258.8
6432,8064,632.8536010439028,262.3311739697773,964.4,258.8
6432,8065,632.8536010439028,262.3311739697773,964.4,258.8
6433,8066,632.8536010439028,262.3311739697773,964.4,258.8
6434,8067,632.8536010439028,262.3311739697773,964.4,258.8
6435,8068,632.8536010439028,262.3311739697773,964.4,258.8
6436,8069,632.8536010439028,262.3311739697773,964.4,258.8
6437,8069,632.8536010439028,262.3311739697773,964.4,258.8
6438,8069,632.8536010439028,262.3311739697773,964.4,258.8
6439,8069,632.8536010439028,262.3311739697773,964.4,258.8
6440,8069,632.8536010439028,262.3311739697773,964.4,258.8
6441,8069,632.8536010439028,262.3311739697773,964.4,258.8
6442,8069,632.8536010439028,262.3311739697773,964.4,258.8
6443,8069,632.8536010439028,262.3311739697773,964.4,258.8
6444,8069,632.8536010439028,262.3311739697773,964.4,258.8
6445,8069,632.8536010439028,262.3311739697773,964.4,258.8
6446,8069,632.8536010439028,262.3311739697773,964.4,258.8
6447,8069,632.8536010439028,262.3311739697773,964.4,258.8
6448,8069,632.8536010439028,262.3311739697773,964.4,258.8
6449,8069,632.8536010439028,262.3311739697773,964.4,258.8
6450,8069,632.8536010439028,262.3311739697773,964.4,258.8
6451,8069,632.8536010439028,262.3311739697773,964.4,258.8
6452,8069,632.8536010439028,262.3311739697773,964.4,258.8
6453,8069,632.8536010439028,262.3311739697773,964.4,258.8
6454,8069,632.8536010439028,262.3311739697773,964.4,258.8
6455,8069,632.8536010439028,262.3311739697773,964.4,258.8
6456,8069,632.8536010439028,262.3311739697773,964.4,258.8
6457,8069,632.8536010439028,262.3311739697773,964.4,258.8
6458,8069,632.8536010439028,262.3311739697773,964.4,258.8
6459,8069,632.8536010439028,262.3311739697773,964.4,258.8
6460,8069,632.8536010439028,262.3311739697773,964.4,258.8
6461,8069,632.8536010439028,262.3311739697773,964.4,258.8
6462,8070,632.8536010439028,262.3311739697773,964.4,258.8
6463,8071,632.8536010439028,262.3311739697773,964.4,258.8
6464,8072,632.8536010439028,262.3311739697773,964.4,258.8
6465,8073,632.8536010439028,262.3311739697773,964.4,258.8
6466,8074,632.8536010439028,262.3311739697773,964.4,258.8
6467,8075,632.8536010439028,262.3311739697773,964.4,258.8
6468,8076,632.8536010439028,262.3311739697773,964.4,258.8
6469,8077,632.8536010439028,262.3311739697773,964.4,258.8
6469,8078,632.8536010439028,262.3311739697773,964.4,258.8
6469,8079,632.8536010439028,262.3311739697773,964.4,258.8
6469,8080,632.8536010439028,262.3311739697773,964.4,258.8
6469,8081,632.8536010439028,262.3311739697773,964.4,258.8
6470,8082,632.8536010439028,262.3311739697773,964.4,258.8
6471,8083,632.8536010439028,262.3311739697773,964.4,258.8
6472,8084,632.8536010439028,262.3311739697773,964.4,258.8
6473,8085,632.8536010439028,262.3311739697773,964.4,258.8
6474,8086,632.8536010439028,262.3311739697773,964.4,258.8
6475,8087,632.8536010439028,262.3311739697773,964.4,258.8
6476,8088,632.8536010439028,262.3311739697773,964.4,258.8
6477,8089,632.8536010439028,262.3311739697773,964.4,258.8
6478,8090,632.8536010439028,262.3311739697773,964.4,258.8
6479,8091,632.8536010439028,262.3311739697773,964.4,258.8
6480,8092,632.8536010439028,262.3311739697773,964.4,258.8
6481,8093,632.8536010439028,262.3311739697773,964.4,258.8
6482,8094,632.8536010439028,262.3311739697773,964.4,258.8
6483,8095,632.8536010439028,262.3311739697773,964.4,258.8
6484,8096,632.8536010439028,262.3311739697773,964.4,258.8
6485,8097,632.8536010439028,262.3311739697773,964.4,258.8
6486,8098,632.8536010439028,262.3311739697773,964.4,258.8
6487,8099,632.8536010439028,262.3311739697773,964.4,258.8
6488,8100,632.8536010439028,262.3311739697773,964.4,258.8
6489,8101,632.8536010439028,262.3311739697773,964.4,258.8
6490,8102,632.8536010439028,262.3311739697773,964.4,258.8
6491,8103,632.8536010439028,262.3311739697773,964.4,258.8
6492,8104,632.8536010439028,262.3311739697773,964.4,258.8
6493,8105,632.8536010439028,262.3311739697773,964.4,258.8
6494,8106,632.8536010439028,262.3311739697773,964.4,258.8
6495,8107,632.8536010439028,262.3311739697773,964.4,258.8
6496,8108,632.8536010439028,262.3311739697773,964.4,258.8
6497,8109,632.8536010439028,262.3311739697773,964.4,258.8
6498,8110,632.8536010439028,262.3311739697773,964.4,258.8
6499,8111,632.8536010439028,262.3311739697773,964.4,258.8
6500,8112,632.8536010439028,262.3311739697773,964.4,258.8
6501,8113,632.8536010439028,262.3311739697773,964.4,258.8
6502,8114,632.8536010439028,262.3311739697773,964.4,258.8
6503,8115,632.8536010439028,262.3311739697773,964.4,258.8
6504,8116,632.8536010439028,262.3311739697773,964.4,258.8
6505,8117,632.8536010439028,262.3311739697773,964.4,258.8
6506,8118,632.8536010439028,262.3311739697773,964.4,258.8
6507,8119,632.8536010439028,262.3311739697773,964.4,258.8
6508,8120,632.8536010439028,262.3311739697773,964.4,258.8
6509,8121,632.8536010439028,262.3311739697773,964.4,258.8
6510,8122,801.8536010439028,425.3311739697773,964.4,258.8
6511,8123,801.8536010439028,425.3311739697773,964.4,258.8
6512,8124,801.8536010439028,425.3311739697773,964.4,258.8
6513,8125,801.8536010439028,425.3311739697773,964.4,258.8
6514,8126,801.8536010439028,425.3311739697773,964.4,258.8
6515,8127,801.8536010439028,425.3311739697773,964.4,258.8
6516,8128,801.8536010439028,425.3311739697773,964.4,258.8
6517,8129,801.8536010439028,425.3311739697773,964.4,258.8
6518,8130,801.8536010439028,425.3311739697773,964.4,258.8
6519,8131,801.8536010439028,425.3311739697773,964.4,258.8
6520,8132,801.8536010439028,425.3311739697773,964.4,258.8
6521,8133,801.8536010439028,425.3311739697773,964.4,258.8
6522,8134,801.8536010439028,425.3311739697773,964.4,258.8
6523,8135,801.8536010439028,425.3311739697773,964.4,258.8
6524,8136,801.8536010439028,425.3311739697773,964.4,258.8
6525,8137,801.8536010439028,425.3311739697773,964.4,258.8
6526,8138,801.8536010439028,425.3311739697773,964.4,258.8
6527,8139,801.8536010439028,425.3311739697773,964.4,258.8
6528,8140,801.8536010439028,425.3311739697773,964.4,258.8
6529,8141,801.8536010439028,425.3311739697773,964.4,258.8
6530,8142,801.8536010439028,425.3311739697773,964.4,258.8
6531,8143,801.8536010439028,425.3311739697773,964.4,258.8
6532,8144,801.8536010439028,425.3311739697773,964.4,258.8
6533,8145,801.8536010439028,425.3311739697773,964.4,258.8
6534,8146,801.8536010439028,425.3311739697773,964.4,258.8
6535,8147,801.8536010439028,425.3311739697773,964.4,258.8
6536,8148,801.8536010439028,425.3311739697773,964.4,258.8
6537,8149,801.8536010439028,425.3311739697773,964.4,258.8
6538,8150,801.8536010439028,425.3311739697773,964.4,258.8
6539,8151,801.8536010439028,425.3311739697773,964.4,258.8
6540,8152,801.8536010439028,425.3311739697773,964.4,258.8
6541,8153,801.8536010439028,425.3311739697773,964.4,258.8
6542,8154,801.8536010439028,425.3311739697773,964.4,258.8
6543,8155,801.8536010439028,425.3311739697773,964.4,258.8
6544,8156,971.8536010439028,588.3311739697773,964.4,258.8
6545,8157,971.8536010439028,588.3311739697773,964.4,258.8
6546,8158,971.8536010439028,588.3311739697773,964.4,258.8
6547,8159,971.8536010439028,588.3311739697773,964.4,258.8
6548,8160,971.8536010439028,588.3311739697773,964.4,258.8
6549,8161,971.8536010439028,588.3311739697773,964.4,258.8
6550,8162,971.8536010439028,588.3311739697773,964.4,258.8
6551,8163,971.8536010439028,588.3311739697773,964.4,258.8
6552,8164,971.8536010439028,588.3311739697773,964.4,258.8
6553,8165,971.8536010439028,588.3311739697773,964.4,258.8
6554,8166,971.8536010439028,588.3311739697773,964.4,258.8
6555,8167,971.8536010439028,588.3311739697773,964.4,258.8
6556,8168,971.8536010439028,588.3311739697773,964.4,258.8
6557,8169,971.8536010439028,588.3311739697773,964.4,258.8
6558,8170,971.8536010439028,588.3311739697773,964.4,258.8
6559,8171,971.8536010439028,588.3311739697773,964.4,258.8
6560,8172,971.8536010439028,588.3311739697773,964.4,258.8
6561,8173,971.8536010439028,588.3311739697773,964.4,258.8
6562,8174,971.8536010439028,588.3311739697773,964.4,258.8
6563,8175,971.8536010439028,588.3311739697773,964.4,258.8
6564,8176,971.8536010439028,588.3311739697773,964.4,258.8
6565,8177,971.8536010439028,588.3311739697773,964.4,258.8
6566,8178,971.8536010439028,588.3311739697773,964.4,258.8
6566,8179,971.8536010439028,588.3311739697773,964.4,258.8
6566,8180,971.8536010439028,588.3311739697773,964.4,258.8
6566,8181,971.8536010439028,588.3311739697773,964.4,258.8
6566,8182,971.8536010439028,588.3311739697773,964.4,258.8
6566,8183,971.8536010439028,588.3311739697773,964.4,258.8
6566,8184,971.8536010439028,588.3311739697773,964.4,258.8
6566,8185,971.8536010439028,588.3311739697773,964.4,258.8
6566,8186,971.8536010439028,588.3311739697773,964.4,258.8
6566,8187,971.8536010439028,588.3311739697773,964.4,258.8
6566,8188,971.8536010439028,588.3311739697773,964.4,258.8
6566,8189,971.8536010439028,588.3311739697773,964.4,258.8
6566,8190,971.8536010439028,588.3311739697773,964.4,258.8
6566,8191,971.8536010439028,588.3311739697773,964.4,258.8
6566,8192,971.8536010439028,588.3311739697773,964.4,258.8
6566,8193,971.8536010439028,588.3311739697773,964.4,258.8
6566,8194,971.8536010439028,588.3311739697773,964.4,258.8
6566,8195,971.8536010439028,588.3311739697773,964.4,258.8
6566,8196,971.8536010439028,588.3311739697773,964.4,258.8
6566,8197,971.8536010439028,588.3311739697773,964.4,258.8
6566,8198,971.8536010439028,588.3311739697773,964.4,258.8
6566,8199,971.8536010439028,588.3311739697773,964.4,258.8
6566,8200,971.8536010439028,588.3311739697773,964.4,258.8
6566,8201,971.8536010439028,588.3311739697773,964.4,258.8
6566,8202,971.8536010439028,588.3311739697773,964.4,258.8
6566,8203,971.8536010439028,588.3311739697773,964.4,258.8
6566,8204,971.8536010439028,588.3311739697773,964.4,258.8
6566,8205,971.8536010439028,588.3311739697773,964.4,258.8
6566,8206,971.8536010439028,588.3311739697773,964.4,258.8
6566,8207,971.8536010439028,588.3311739697773,964.4,258.8
6566,8208,971.8536010439028,588.3311739697773,964.4,258.8
6566,8209,971.8536010439028,588.3311739697773,964.4,258.8
6566,8210,971.8536010439028,588.3311739697773,964.4,258.8
6566,8211,971.8536010439028,588.3311739697773,964.4,258.8
6566,8212,971.8536010439028,588.3311739697773,964.4,258.8
6566,8213,971.8536010439028,588.3311739697773,964.4,258.8
6566,8214,971.8536010439028,588.3311739697773,964.4,258.8
6566,8215,971.8536010439028,588.3311739697773,964.4,258.8
6566,8216,971.8536010439028,588.3311739697773,964.4,258.8
6566,8217,971.8536010439028,588.3311739697773,964.4,258.8
6566,8218,971.8536010439028,588.3311739697773,964.4,258.8
6566,8219,971.8536010439028,588.3311739697773,964.4,258.8
6566,8220,971.8536010439028,588.3311739697773,964.4,258.8
6566,8221,971.8536010439028,588.3311739697773,964.4,258.8
6566,8222,971.8536010439028,588.3311739697773,964.4,258.8
6566,8223,971.8536010439028,588.3311739697773,964.4,258.8
6566,8224,971.8536010439028,588.3311739697773,964.4,258.8
6566,8225,971.8536010439028,588.3311739697773,964.4,258.8
6566,8226,971.8536010439028,588.3311739697773,964.4,258.8
6566,8227,971.8536010439028,588.3311739697773,964.4,258.8
6566,8228,971.8536010439028,588.3311739697773,964.4,258.8
6566,8229,971.8536010439028,588.3311739697773,964.4,258.8
6566,8230,971.8536010439028,588.3311739697773,964.4,258.8
6566,8231,971.8536010439028,588.3311739697773,964.4,258.8
6566,8232,971.8536010439028,588.3311739697773,964.4,258.8
6566,8233,971.8536010439028,588.3311739697773,964.4,258.8
6566,8234,971.8536010439028,588.3311739697773,964.4,258.8
6566,8235,971.8536010439028,588.3311739697773,964.4,258.8
6566,8236,971.8536010439028,588.3311739697773,964.4,258.8
6566,8237,971.8536010439028,588.3311739697773,964.4,258.8
6566,8238,971.8536010439028,588.3311739697773,964.4,258.8
6566,8239,971.8536010439028,588.3311739697773,964.4,258.8
6566,8240,971.8536010439028,588.3311739697773,964.4,258.8
6566,8241,971.8536010439028,588.3311739697773,964.4,258.8
6566,8242,971.8536010439028,588.3311739697773,964.4,258.8
6566,8243,971.8536010439028,588.3311739697773,964.4,258.8
6566,8244,971.8536010439028,588.3311739697773,964.4,258.8
6566,8245,971.8536010439028,588.3311739697773,964.4,258.8
6566,8246,971.8536010439028,588.3311739697773,964.4,258.8
6566,8247,971.8536010439028,588.3311739697773,964.4,258.8
6566,8248,971.8536010439028,588.3311739697773,964.4,258.8
6566,8249,971.8536010439028,588.3311739697773,964.4,258.8
6566,8250,971.8536010439028,588.3311739697773,964.4,258.8
6566,8251,971.8536010439028,588.3311739697773,964.4,258.8
6566,8252,971.8536010439028,588.3311739697773,964.4,258.8
6566,8253,971.8536010439028,588.3311739697773,964.4,258.8
6566,8254,971.8536010439028,588.3311739697773,964.4,258.8
6566,8255,971.8536010439028,588.3311739697773,964.4,258.8
6566,8256,971.8536010439028,588.3311739697773,964.4,258.8
6566,8257,971.8536010439028,588.3311739697773,964.4,258.8
6566,8258,971.8536010439028,588.3311739697773,964.4,258.8
6566,8259,971.8536010439028,588.3311739697773,964.4,258.8
6566,8260,971.8536010439028,588.3311739697773,964.4,258.8
6566,8261,971.8536010439028,588.3311739697773,964.4,258.8
6566,8262,971.8536010439028,588.3311739697773,964.4,258.8
6566,8263,971.8536010439028,588.3311739697773,964.4,258.8
6566,8264,971.8536010439028,588.3311739697773,964.4,258.8
6566,8265,971.8536010439028,588.3311739697773,964.4,258.8
6566,8266,971.8536010439028,588.3311739697773,964.4,258.8
6566,8267,971.8536010439028,588.3311739697773,964.4,258.8
6566,8268,971.8536010439028,588.3311739697773,964.4,258.8
6566,8269,971.8536010439028,588.3311739697773,964.4,258.8
6566,8270,971.8536010439028,588.3311739697773,964.4,258.8
6566,8271,971.8536010439028,588.3311739697773,964.4,258.8
6566,8272,971.8536010439028,588.3311739697773,964.4,258.8
6566,8273,971.8536010439028,588.3311739697773,964.4,258.8
6566,8274,971.8536010439028,588.3311739697773,964.4,258.8
6566,8275,971.8536010439028,588.3311739697773,964.4,258.8
6566,8276,971.8536010439028,588.3311739697773,964.4,258.8
6566,8277,971.8536010439028,588.3311739697773,964.4,258.8
6566,8278,971.8536010439028,588.3311739697773,964.4,258.8
6566,8279,971.8536010439028,588.3311739697773,964.4,258.8
6566,8280,971.8536010439028,588.3311739697773,964.4,258.8
6566,8281,971.8536010439028,588.3311739697773,964.4,258.8
6566,8282,971.8536010439028,588.3311739697773,964.4,258.8
6566,8283,971.8536010439028,588.3311739697773,964.4,258.8
6566,8284,971.8536010439028,588.3311739697773,964.4,258.8
6566,8285,971.8536010439028,588.3311739697773,964.4,258.8
6566,8286,971.8536010439028,588.3311739697773,964.4,258.8
6566,8287,971.8536010439028,588.3311739697773,964.4,258.8
6566,8288,971.8536010439028,588.3311739697773,964.4,258.8
6566,8289,971.8536010439028,588.3311739697773,964.4,258.8
6566,8290,971.8536010439028,588.3311739697773,964.4,258.8
6566,8291,971.8536010439028,588.3311739697773,964.4,258.8
6566,8292,971.8536010439028,588.3311739697773,964.4,258.8
6566,8293,971.8536010439028,588.3311739697773,964.4,258.8
6566,8294,971.8536010439028,588.3311739697773,964.4,258.8
6566,8295,971.8536010439028,588.3311739697773,964.4,258.8
6566,8296,971.8536010439028,588.3311739697773,964.4,258.8
6566,8297,971.8536010439028,588.3311739697773,964.4,258.8
6566,8298,971.8536010439028,588.3311739697773,952.5238095238095,258.92857142857144
6566,8299,971.8536010439028,588.3311739697773,940.6476190476191,259.0571428571429
6566,8300,971.8536010439028,588.3311739697773,928.7714285714286,259.1857142857143
6566,8301,971.8536010439028,588.3311739697773,916.895238095238,259.31428571428575
6566,8302,971.8536010439028,588.3311739697773,905.0190476190476,259.4428571428572
6566,8303,971.8536010439028,588.3311739697773,893.1428571428571,259.57142857142856
6566,8304,971.8536010439028,588.3311739697773,881.2666666666667,259.7
6566,8305,971.8536010439028,588.3311739697773,869.3904761904762,259.8285714285714
6566,8306,971.8536010439028,588.3311739697773,857.5142857142857,259.95714285714286
6566,8307,971.8536010439028,588.3311739697773,845.6380952380953,260.0857142857143
6566,8308,971.8536010439028,588.3311739697773,833.7619047619048,260.2142857142857
6566,8309,971.8536010439028,588.3311739697773,821.8857142857142,260.34285714285716
6566,8310,971.8536010439028,588.3311739697773,810.0095238095238,260.4714285714286
6566,8311,971.8536010439028,588.3311739697773,798.1333333333333,260.6
6566,8312,971.8536010439028,588.3311739697773,786.2571428571429,260.72857142857146
6566,8313,971.8536010439028,588.3311739697773,774.3809523809524,260.85714285714283
6566,8314,971.8536010439028,588.3311739697773,762.5047619047618,260.98571428571427
6566,8315,971.8536010439028,588.3311739697773,750.6285714285714,261.1142857142857
6566,8316,971.8536010439028,588.3311739697773,738.7523809523809,261.24285714285713
6566,8317,971.8536010439028,588.3311739697773,726.8761904761905,261.37142857142857
6566,8318,971.8536010439028,588.3311739697773,715.0,261.5
6566,8319,971.8536010439028,588.3311739697773,715.0,261.5
6566,8320,971.8536010439028,588.3311739697773,715.0,261.5
6566,8321,971.8536010439028,588.3311739697773,715.0,261.5
6566,8322,971.8536010439028,588.3311739697773,715.0,261.5
6566,8323,964.8536010439028,620.3311739697773,715.0,261.5
6566,8324,964.8536010439028,620.3311739697773,715.0,261.5
6566,8325,964.8536010439028,620.3311739697773,715.0,261.5
6566,8326,964.8536010439028,620.3311739697773,715.0,261.5
6566,8327,964.8536010439028,620.3311739697773,715.0,261.5
6566,8328,964.8536010439028,620.3311739697773,715.0,261.5
6566,8329,964.8536010439028,620.3311739697773,715.0,261.5
6566,8330,964.8536010439028,620.3311739697773,715.0,261.5
6566,8331,964.8536010439028,620.3311739697773,715.0,261.5
6566,8332,964.8536010439028,620.3311739697773,715.0,261.5
6566,8333,964.8536010439028,620.3311739697773,715.0,261.5
6566,8334,964.8536010439028,620.3311739697773,715.0,261.5
6566,8335,964.8536010439028,620.3311739697773,715.0,261.5
6566,8336,964.8536010439028,620.3311739697773,715.0,261.5
6566,8337,964.8536010439028,620.3311739697773,715.0,261.5
6566,8338,964.8536010439028,620.3311739697773,715.0,261.5
6566,8339,964.8536010439028,620.3311739697773,715.0,261.5
6566,8340,964.8536010439028,620.3311739697773,715.0,261.5
6566,8341,964.8536010439028,620.3311739697773,715.0,261.5
6566,8342,964.8536010439028,620.3311739697773,715.0,261.5
6566,8343,964.8536010439028,620.3311739697773,715.0,261.5
6566,8344,964.8536010439028,620.3311739697773,715.0,261.5
6566,8345,964.8536010439028,620.3311739697773,715.0,261.5
6566,8346,964.8536010439028,620.3311739697773,715.0,261.5
6566,8347,964.8536010439028,620.3311739697773,715.0,261.5
6566,8348,964.8536010439028,620.3311739697773,715.0,261.5
6566,8349,964.8536010439028,620.3311739697773,715.0,261.5
6566,8350,964.8536010439028,620.3311739697773,715.0,261.5
6566,8351,964.8536010439028,620.3311739697773,715.0,261.5
6566,8352,964.8536010439028,620.3311739697773,715.0,261.5
6566,8353,964.8536010439028,620.3311739697773,715.0,261.5
6566,8354,964.8536010439028,620.3311739697773,715.0,261.5
6566,8355,964.8536010439028,620.3311739697773,715.0,261.5
6566,8356,958.8536010439028,651.3311739697773,715.0,261.5
6566,8357,958.8536010439028,651.3311739697773,715.0,261.5
6566,8358,958.8536010439028,651.3311739697773,715.0,261.5
6566,8359,958.8536010439028,651.3311739697773,715.0,261.5
6566,8360,958.8536010439028,651.3311739697773,715.0,261.5
6566,8361,958.8536010439028,651.3311739697773,715.0,261.5
6566,8362,958.8536010439028,651.3311739697773,715.0,261.5
6566,8363,958.8536010439028,651.3311739697773,715.0,261.5
6566,8364,958.8536010439028,651.3311739697773,715.0,261.5
6566,8365,958.8536010439028,651.3311739697773,715.0,261.5
6566,8366,958.8536010439028,651.3311739697773,715.0,261.5
6566,8367,958.8536010439028,651.3311739697773,715.0,261.5
6566,8368,958.8536010439028,651.3311739697773,715.0,261.5
6566,8369,958.8536010439028,651.3311739697773,715.0,261.5
6566,8370,958.8536010439028,651.3311739697773,715.0,261.5
6566,8371,958.8536010439028,651.3311739697773,715.0,261.5
6566,8372,958.8536010439028,651.3311739697773,715.0,261.5
6566,8373,958.8536010439028,651.3311739697773,715.0,261.5
6566,8374,958.8536010439028,651.3311739697773,715.0,261.5
6566,8375,958.8536010439028,651.3311739697773,715.0,261.5
6566,8376,958.8536010439028,651.3311739697773,715.0,261.5
6566,8377,958.8536010439028,651.3311739697773,715.0,261.5
6566,8378,958.8536010439028,651.3311739697773,715.0,261.5
6566,8379,958.8536010439028,651.3311739697773,715.0,261.5
6566,8380,958.8536010439028,651.3311739697773,715.0,261.5
6566,8381,958.8536010439028,651.3311739697773,715.0,261.5
6566,8382,958.8536010439028,651.3311739697773,715.0,261.5
6566,8383,958.8536010439028,651.3311739697773,715.0,261.5
6566,8384,958.8536010439028,651.3311739697773,715.0,261.5
6566,8385,958.8536010439028,651.3311739697773,715.0,261.5
6566,8386,958.8536010439028,651.3311739697773,715.0,261.5
6566,8387,958.8536010439028,651.3311739697773,715.0,261.5
6566,8388,958.8536010439028,651.3311739697773,715.0,261.5
6566,8389,958.8536010439028,651.3311739697773,715.0,261.5
6566,8390,958.8536010439028,651.3311739697773,715.0,261.5
6566,8391,958.8536010439028,651.3311739697773,715.0,261.5
6566,8392,958.8536010439028,651.3311739697773,715.0,261.5
6566,8393,958.8536010439028,651.3311739697773,715.0,261.5
6566,8394,958.8536010439028,651.3311739697773,715.0,261.5
6566,8395,958.8536010439028,651.3311739697773,715.0,261.5
6566,8396,958.8536010439028,651.3311739697773,715.0,261.5
6566,8397,958.8536010439028,651.3311739697773,715.0,261.5
6566,8398,958.8536010439028,651.3311739697773,715.0,261.5
6566,8399,958.8536010439028,651.3311739697773,715.0,261.5
6566,8400,958.8536010439028,651.3311739697773,715.0,261.5
6566,8401,958.8536010439028,651.3311739697773,715.0,261.5
6566,8402,958.8536010439028,651.3311739697773,715.0,261.5
6566,8403,958.8536010439028,651.3311739697773,715.0,261.5
6566,8404,958.8536010439028,651.3311739697773,715.0,261.5
6566,8405,958.8536010439028,651.3311739697773,732.916129032258,276.6548387096774
6566,8406,958.8536010439028,651.3311739697773,750.8322580645162,291.80967741935484
6566,8407,958.8536010439028,651.3311739697773,768.7483870967742,306.96451612903223
6566,8408,958.8536010439028,651.3311739697773,786.6645161290322,322.1193548387097
6566,8409,958.8536010439028,651.3311739697773,804.5806451612904,337.2741935483871
6566,8410,958.8536010439028,651.3311739697773,822.4967741935484,352.42903225806447
6566,8411,958.8536010439028,651.3311739697773,840.4129032258064,367.5838709677419
6566,8412,958.8536010439028,651.3311739697773,858.3290322580646,382.73870967741937
6566,8413,958.8536010439028,651.3311739697773,876.2451612903226,397.89354838709676
6566,8414,958.8536010439028,651.3311739697773,894.1612903225807,413.04838709677415
6566,8415,958.8536010439028,651.3311739697773,912.0774193548388,428.2032258064516
6566,8416,958.8536010439028,651.3311739697773,929.9935483870968,443.358064516129
6566,8417,958.8536010439028,651.3311739697773,947.9096774193549,458.51290322580644
6566,8418,958.8536010439028,651.3311739697773,965.825806451613,473.66774193548383
6566,8419,958.8536010439028,651.3311739697773,983.741935483871,488.8225806451612
6566,8420,958.8536010439028,651.3311739697773,1001.6580645161291,503.9774193548387
6566,8421,958.8536010439028,651.3311739697773,1019.5741935483871,519.132258064516
6566,8422,924.8536010439028,456.3311739697773,1037.4903225806452,534.2870967741935
6566,8423,924.8536010439028,456.3311739697773,1055.4064516129033,549.4419354838709
6566,8424,924.8536010439028,456.3311739697773,1073.3225806451615,564.5967741935483
6566,8425,924.8536010439028,456.3311739697773,1091.2387096774194,579.7516129032258
6566,8426,924.8536010439028,456.3311739697773,1109.1548387096775,594.9064516129032
6566,8427,924.8536010439028,456.3311739697773,1127.0709677419354,610.0612903225806
6566,8428,924.8536010439028,456.3311739697773,1144.9870967741936,625.216129032258
6566,8429,924.8536010439028,456.3311739697773,1162.9032258064517,640.3709677419354
6566,8430,924.8536010439028,456.3311739697773,1180.8193548387098,655.5258064516129
6566,8431,924.8536010439028,456.3311739697773,1198.7354838709678,670.6806451612903
6566,8432,924.8536010439028,456.3311739697773,1216.651612903226,685.8354838709677
6566,8433,924.8536010439028,456.3311739697773,1234.5677419354838,700.9903225806452
6566,8434,924.8536010439028,456.3311739697773,1252.483870967742,716.1451612903224
6566,8435,924.8536010439028,456.3311739697773,1270.4,731.3
6566,8436,924.8536010439028,456.3311739697773,1270.4,731.3
6566,8437,924.8536010439028,456.3311739697773,1270.4,731.3
6566,8438,924.8536010439028,456.3311739697773,1270.4,731.3
6566,8439,924.8536010439028,456.3311739697773,1270.4,731.3
6566,8440,924.8536010439028,456.3311739697773,1270.4,731.3
6566,8441,924.8536010439028,456.3311739697773,1270.4,731.3
6566,8442,924.8536010439028,456.3311739697773,1270.4,731.3
6566,8443,924.8536010439028,456.3311739697773,1270.4,731.3
6566,8444,924.8536010439028,456.3311739697773,1270.4,731.3
6566,8445,924.8536010439028,456.3311739697773,1270.4,731.3
6566,8446,924.8536010439028,456.3311739697773,1270.4,731.3
6566,8447,924.8536010439028,456.3311739697773,1270.4,731.3
6566,8448,924.8536010439028,456.3311739697773,1270.4,731.3
6566,8449,924.8536010439028,456.3311739697773,1270.4,731.3
6566,8450,924.8536010439028,456.3311739697773,1270.4,731.3
6566,8451,924.8536010439028,456.3311739697773,1270.4,731.3
6566,8452,924.8536010439028,456.3311739697773,1270.4,731.3
6566,8453,924.8536010439028,456.3311739697773,1270.4,731.3
6566,8454,924.8536010439028,456.3311739697773,1270.4,731.3
6566,8455,924.8536010439028,456.3311739697773,1270.4,731.3
6566,8456,890.8536010439028,262.3311739697773,1270.4,731.3
6566,8457,890.8536010439028,262.3311739697773,1270.4,731.3
6566,8458,890.8536010439028,262.3311739697773,1270.4,731.3
6566,8459,890.8536010439028,262.3311739697773,1270.4,731.3
6566,8460,890.8536010439028,262.3311739697773,1270.4,731.3
6566,8461,890.8536010439028,262.3311739697773,1270.4,731.3
6566,8462,890.8536010439028,262.3311739697773,1270.4,731.3
6566,8463,890.8536010439028,262.3311739697773,1270.4,731.3
6566,8464,890.8536010439028,262.3311739697773,1270.4,731.3
6566,8465,890.8536010439028,262.3311739697773,1270.4,731.3
6566,8466,890.8536010439028,262.3311739697773,1270.4,731.3
6566,8467,890.8536010439028,262.3311739697773,1270.4,731.3
6566,8468,890.8536010439028,262.3311739697773,1270.4,731.3
6566,8469,890.8536010439028,262.3311739697773,1270.4,731.3
6566,8470,890.8536010439028,262.3311739697773,1270.4,731.3
6566,8471,890.8536010439028,262.3311739697773,1270.4,731.3
6566,8472,890.8536010439028,262.3311739697773,1270.4,731.3
6566,8473,890.8536010439028,262.3311739697773,1270.4,731.3
6566,8474,890.8536010439028,262.3311739697773,1270.4,731.3
6566,8475,890.8536010439028,262.3311739697773,1270.4,731.3
6566,8476,890.8536010439028,262.3311739697773,1270.4,731.3
6566,8477,890.8536010439028,262.3311739697773,1270.4,731.3
6566,8478,890.8536010439028,262.3311739697773,1270.4,731.3
6566,8479,890.8536010439028,262.3311739697773,1270.4,731.3
6566,8480,890.8536010439028,262.3311739697773,1270.4,731.3
6566,8481,890.8536010439028,262.3311739697773,1270.4,731.3
6566,8482,890.8536010439028,262.3311739697773,1270.4,731.3
6566,8483,890.8536010439028,262.3311739697773,1270.4,731.3
6566,8484,890.8536010439028,262.3311739697773,1270.4,731.3
6566,8485,890.8536010439028,262.3311739697773,1270.4,731.3
6566,8486,890.8536010439028,262.3311739697773,1270.4,731.3
6566,8487,890.8536010439028,262.3311739697773,1270.4,731.3
6566,8488,890.8536010439028,262.3311739697773,1270.4,731.3
6566,8489,890.8536010439028,262.3311739697773,1270.4,731.3
6566,8490,890.8536010439028,262.3311739697773,1270.4,731.3
6566,8491,890.8536010439028,262.3311739697773,1270.4,731.3
6566,8492,890.8536010439028,262.3311739697773,1270.4,731.3
6566,8493,890.8536010439028,262.3311739697773,1270.4,731.3
6566,8494,890.8536010439028,262.3311739697773,1270.4,731.3
6566,8495,890.8536010439028,262.3311739697773,1270.4,731.3
6566,8496,890.8536010439028,262.3311739697773,1270.4,731.3
6566,8497,890.8536010439028,262.3311739697773,1270.4,731.3
6566,8498,890.8536010439028,262.3311739697773,1270.4,731.3
6567,8499,890.8536010439028,262.3311739697773,1270.4,731.3
6568,8500,890.8536010439028,262.3311739697773,1270.4,731.3
6569,8501,890.8536010439028,262.3311739697773,1270.4,731.3
6570,8502,890.8536010439028,262.3311739697773,1270.4,731.3
6571,8502,890.8536010439028,262.3311739697773,1270.4,731.3
6572,8502,890.8536010439028,262.3311739697773,1270.4,731.3
6573,8502,890.8536010439028,262.3311739697773,1270.4,731.3
6574,8502,890.8536010439028,262.3311739697773,1270.4,731.3
6575,8502,890.8536010439028,262.3311739697773,1270.4,731.3
6576,8502,890.8536010439028,262.3311739697773,1270.4,731.3
6577,8502,890.8536010439028,262.3311739697773,1270.4,731.3
6578,8502,890.8536010439028,262.3311739697773,1270.4,731.3
6579,8502,890.8536010439028,262.3311739697773,1270.4,731.3
6580,8502,890.8536010439028,262.3311739697773,1270.4,731.3
6581,8502,890.8536010439028,262.3311739697773,1270.4,731.3
6582,8502,890.8536010439028,262.3311739697773,1270.4,731.3
6583,8502,890.8536010439028,262.3311739697773,1270.4,731.3
6584,8502,890.8536010439028,262.3311739697773,1270.4,731.3
6585,8502,890.8536010439028,262.3311739697773,1270.4,731.3
6586,8502,890.8536010439028,262.3311739697773,1270.4,731.3
6587,8502,890.8536010439028,262.3311739697773,1270.4,731.3
6588,8502,890.8536010439028,262.3311739697773,1270.4,731.3
6589,8502,890.8536010439028,262.3311739697773,1270.4,731.3
6590,8502,890.8536010439028,262.3311739697773,1270.4,731.3
6591,8502,653.8536010439028,258.3311739697773,1270.4,731.3
6592,8502,653.8536010439028,258.3311739697773,1270.4,731.3
6593,8502,653.8536010439028,258.3311739697773,1270.4,731.3
6594,8502,653.8536010439028,258.3311739697773,1270.4,731.3
6595,8502,653.8536010439028,258.3311739697773,1270.4,731.3
6596,8502,653.8536010439028,258.3311739697773,1270.4,731.3
6597,8502,653.8536010439028,258.3311739697773,1270.4,731.3
6598,8502,653.8536010439028,258.3311739697773,1270.4,731.3
6599,8502,653.8536010439028,258.3311739697773,1270.4,731.3
6600,8502,653.8536010439028,258.3311739697773,1270.4,731.3
6601,8502,653.8536010439028,258.3311739697773,1270.4,731.3
6602,8502,653.8536010439028,258.3311739697773,1270.4,731.3
6603,8502,653.8536010439028,258.3311739697773,1270.4,731.3
6604,8502,653.8536010439028,258.3311739697773,1270.4,731.3
6605,8502,653.8536010439028,258.3311739697773,1270.4,731.3
6606,8502,653.8536010439028,258.3311739697773,1270.4,731.3
6607,8502,653.8536010439028,258.3311739697773,1270.4,731.3
6608,8502,653.8536010439028,258.3311739697773,1270.4,731.3
6609,8502,653.8536010439028,258.3311739697773,1270.4,731.3
6610,8502,653.8536010439028,258.3311739697773,1270.4,731.3
6611,8502,653.8536010439028,258.3311739697773,1270.4,731.3
6612,8502,653.8536010439028,258.3311739697773,1270.4,731.3
6613,8502,653.8536010439028,258.3311739697773,1270.4,731.3
6614,8502,653.8536010439028,258.3311739697773,1270.4,731.3
6615,8502,653.8536010439028,258.3311739697773,1270.4,731.3
6616,8502,653.8536010439028,258.3311739697773,1270.4,731.3
6617,8502,653.8536010439028,258.3311739697773,1270.4,731.3
6618,8502,653.8536010439028,258.3311739697773,1270.4,731.3
6619,8502,653.8536010439028,258.3311739697773,1270.4,731.3
6620,8502,653.8536010439028,258.3311739697773,1270.4,731.3
6621,8502,653.8536010439028,258.3311739697773,1270.4,731.3
6622,8502,653.8536010439028,258.3311739697773,1270.4,731.3
6623,8502,653.8536010439028,258.3311739697773,1270.4,731.3
6624,8502,653.8536010439028,258.3311739697773,1270.4,731.3
6625,8502,653.8536010439028,258.3311739697773,1270.4,731.3
6626,8502,653.8536010439028,258.3311739697773,1270.4,731.3
6627,8502,653.8536010439028,258.3311739697773,1270.4,731.3
6628,8502,653.8536010439028,258.3311739697773,1270.4,731.3
6629,8502,653.8536010439028,258.3311739697773,1270.4,731.3
6630,8502,653.8536010439028,258.3311739697773,1270.4,731.3
6631,8502,653.8536010439028,258.3311739697773,1270.4,731.3
6632,8502,653.8536010439028,258.3311739697773,1270.4,731.3
6633,8502,653.8536010439028,258.3311739697773,1270.4,731.3
6634,8502,653.8536010439028,258.3311739697773,1270.4,731.3
6635,8502,653.8536010439028,258.3311739697773,1270.4,731.3
6636,8502,653.8536010439028,258.3311739697773,1270.4,731.3
6637,8502,653.8536010439028,258.3311739697773,1270.4,731.3
6638,8502,653.8536010439028,258.3311739697773,1270.4,731.3
6639,8502,653.8536010439028,258.3311739697773,1270.4,731.3
6640,8502,653.8536010439028,258.3311739697773,1270.4,731.3
6641,8502,653.8536010439028,258.3311739697773,1270.4,731.3
6642,8502,653.8536010439028,258.3311739697773,1270.4,731.3
6643,8502,653.8536010439028,258.3311739697773,1270.4,731.3
6644,8502,653.8536010439028,258.3311739697773,1270.4,731.3
6645,8502,653.8536010439028,258.3311739697773,1270.4,731.3
6646,8502,653.8536010439028,258.3311739697773,1270.4,731.3
6647,8502,653.8536010439028,258.3311739697773,1270.4,731.3
6648,8502,653.8536010439028,258.3311739697773,1270.4,731.3
6649,8502,653.8536010439028,258.3311739697773,1270.4,731.3
6650,8502,653.8536010439028,258.3311739697773,1270.4,731.3
6651,8502,653.8536010439028,258.3311739697773,1270.4,731.3
6652,8502,653.8536010439028,258.3311739697773,1270.4,731.3
6653,8502,653.8536010439028,258.3311739697773,1270.4,731.3
6654,8502,653.8536010439028,258.3311739697773,1270.4,731.3
6655,8502,653.8536010439028,258.3311739697773,1270.4,731.3
6656,8502,653.8536010439028,258.3311739697773,1270.4,731.3
6657,8502,653.8536010439028,258.3311739697773,1270.4,731.3
6658,8502,653.8536010439028,258.3311739697773,1270.4,731.3
6659,8502,653.8536010439028,258.3311739697773,1270.4,731.3
6660,8502,653.8536010439028,258.3311739697773,1270.4,731.3
6661,8502,653.8536010439028,258.3311739697773,1270.4,731.3
6662,8502,653.8536010439028,258.3311739697773,1270.4,731.3
6663,8502,653.8536010439028,258.3311739697773,1270.4,731.3
6664,8502,653.8536010439028,258.3311739697773,1270.4,731.3
6665,8502,653.8536010439028,258.3311739697773,1270.4,731.3
6666,8502,653.8536010439028,258.3311739697773,1270.4,731.3
6667,8502,653.8536010439028,258.3311739697773,1270.4,731.3
6668,8502,653.8536010439028,258.3311739697773,1270.4,731.3
6669,8502,653.8536010439028,258.3311739697773,1270.4,731.3
6670,8502,653.8536010439028,258.3311739697773,1270.4,731.3
6671,8502,653.8536010439028,258.3311739697773,1270.4,731.3
6672,8502,653.8536010439028,258.3311739697773,1270.4,731.3
6673,8502,653.8536010439028,258.3311739697773,1270.4,731.3
6674,8502,653.8536010439028,258.3311739697773,1270.4,731.3
6675,8502,653.8536010439028,258.3311739697773,1270.4,731.3
6676,8502,653.8536010439028,258.3311739697773,1270.4,731.3
6677,8502,653.8536010439028,258.3311739697773,1270.4,731.3
6678,8502,653.8536010439028,258.3311739697773,1270.4,731.3
6679,8502,653.8536010439028,258.3311739697773,1270.4,731.3
6680,8502,653.8536010439028,258.3311739697773,1270.4,731.3
6681,8502,653.8536010439028,258.3311739697773,1270.4,731.3
6682,8502,653.8536010439028,258.3311739697773,1270.4,731.3
6683,8502,653.8536010439028,258.3311739697773,1270.4,731.3
6684,8502,653.8536010439028,258.3311739697773,1270.4,731.3
6685,8502,653.8536010439028,258.3311739697773,1270.4,731.3
6686,8502,653.8536010439028,258.3311739697773,1270.4,731.3
6687,8502,653.8536010439028,258.3311739697773,1270.4,731.3
6688,8502,653.8536010439028,258.3311739697773,1270.4,731.3
6689,8502,653.8536010439028,258.3311739697773,1270.4,731.3
6690,8502,653.8536010439028,258.3311739697773,1270.4,731.3
6691,8502,653.8536010439028,258.3311739697773,1270.4,731.3
6692,8502,653.8536010439028,258.3311739697773,1270.4,731.3
6693,8502,653.8536010439028,258.3311739697773,1270.4,731.3
6694,8502,653.8536010439028,258.3311739697773,1270.4,731.3
6695,8502,653.8536010439028,258.3311739697773,1270.4,731.3
6696,8502,653.8536010439028,258.3311739697773,1270.4,731.3
6697,8502,653.8536010439028,258.3311739697773,1270.4,731.3
6698,8503,653.8536010439028,258.3311739697773,1270.4,731.3
6699,8504,653.8536010439028,258.3311739697773,1270.4,731.3
6700,8505,653.8536010439028,258.3311739697773,1270.4,731.3
6701,8506,653.8536010439028,258.3311739697773,1270.4,731.3
6702,8507,653.8536010439028,258.3311739697773,1270.4,731.3
6703,8508,653.8536010439028,258.3311739697773,1270.4,731.3
6704,8509,653.8536010439028,258.3311739697773,1270.4,731.3
6705,8510,653.8536010439028,258.3311739697773,1270.4,731.3
6706,8511,653.8536010439028,258.3311739697773,1270.4,731.3
6707,8512,653.8536010439028,258.3311739697773,1270.4,731.3
6708,8513,653.8536010439028,258.3311739697773,1270.4,731.3
6709,8514,653.8536010439028,258.3311739697773,1270.4,731.3
6710,8515,653.8536010439028,258.3311739697773,1270.4,731.3
6711,8516,653.8536010439028,258.3311739697773,1270.4,731.3
6712,8517,653.8536010439028,258.3311739697773,1270.4,731.3
6713,8518,653.8536010439028,258.3311739697773,1270.4,731.3
6714,8519,653.8536010439028,258.3311739697773,1270.4,731.3
6715,8520,653.8536010439028,258.3311739697773,1270.4,731.3
6716,8521,653.8536010439028,258.3311739697773,1270.4,731.3
6717,8522,653.8536010439028,258.3311739697773,1270.4,731.3
6718,8523,653.8536010439028,258.3311739697773,1270.4,731.3
6719,8524,653.8536010439028,258.3311739697773,1270.4,731.3
6720,8525,653.8536010439028,258.3311739697773,1270.4,731.3
6721,8526,653.8536010439028,258.3311739697773,1270.4,731.3
6722,8527,653.8536010439028,258.3311739697773,1270.4,731.3
6723,8528,653.8536010439028,258.3311739697773,1270.4,731.3
6724,8529,653.8536010439028,258.3311739697773,1270.4,731.3
6725,8530,653.8536010439028,258.3311739697773,1270.4,731.3
6726,8531,653.8536010439028,258.3311739697773,1270.4,731.3
6727,8532,653.8536010439028,258.3311739697773,1270.4,731.3
6728,8533,653.8536010439028,258.3311739697773,1270.4,731.3
6729,8534,653.8536010439028,258.3311739697773,1270.4,731.3
6730,8535,653.8536010439028,258.3311739697773,1270.4,731.3
6731,8536,653.8536010439028,258.3311739697773,1270.4,731.3
6732,8537,653.8536010439028,258.3311739697773,1270.4,731.3
6733,8538,653.8536010439028,258.3311739697773,1270.4,731.3
6734,8539,653.8536010439028,258.3311739697773,1270.4,731.3
6735,8540,653.8536010439028,258.3311739697773,1270.4,731.3
6736,8541,653.8536010439028,258.3311739697773,1270.4,731.3
6737,8542,653.8536010439028,258.3311739697773,1270.4,731.3
6738,8543,653.8536010439028,258.3311739697773,1270.4,731.3
6739,8544,653.8536010439028,258.3311739697773,1270.4,731.3
6740,8545,653.8536010439028,258.3311739697773,1270.4,731.3
6741,8546,653.8536010439028,258.3311739697773,1270.4,731.3
6742,8547,653.8536010439028,258.3311739697773,1270.4,731.3
6743,8548,653.8536010439028,258.3311739697773,1270.4,731.3
6744,8549,653.8536010439028,258.3311739697773,1270.4,731.3
6745,8550,653.8536010439028,258.3311739697773,1270.4,731.3
6746,8551,653.8536010439028,258.3311739697773,1270.4,731.3
6747,8552,653.8536010439028,258.3311739697773,1270.4,731.3
6748,8553,653.8536010439028,258.3311739697773,1270.4,731.3
6749,8554,653.8536010439028,258.3311739697773,1270.4,731.3
6750,8555,653.8536010439028,258.3311739697773,1270.4,731.3
6751,8556,653.8536010439028,258.3311739697773,1270.4,731.3
6752,8557,653.8536010439028,258.3311739697773,1270.4,731.3
6753,8558,653.8536010439028,258.3311739697773,1270.4,731.3
6754,8559,653.8536010439028,258.3311739697773,1270.4,731.3
6755,8560,653.8536010439028,258.3311739697773,1270.4,731.3
6756,8561,653.8536010439028,258.3311739697773,1270.4,731.3
6757,8562,678.8536010439028,430.3311739697773,1270.4,731.3
6758,8563,678.8536010439028,430.3311739697773,1270.4,731.3
6759,8564,678.8536010439028,430.3311739697773,1270.4,731.3
6760,8565,678.8536010439028,430.3311739697773,1270.4,731.3
6761,8566,678.8536010439028,430.3311739697773,1270.4,731.3
6762,8567,678.8536010439028,430.3311739697773,1270.4,731.3
6763,8568,678.8536010439028,430.3311739697773,1270.4,731.3
6764,8569,678.8536010439028,430.3311739697773,1270.4,731.3
6765,8570,678.8536010439028,430.3311739697773,1270.4,731.3
6766,8571,678.8536010439028,430.3311739697773,1270.4,731.3
6767,8572,678.8536010439028,430.3311739697773,1270.4,731.3
6768,8573,678.8536010439028,430.3311739697773,1270.4,731.3
6769,8574,678.8536010439028,430.3311739697773,1270.4,731.3
6770,8575,678.8536010439028,430.3311739697773,1270.4,731.3
6771,8576,678.8536010439028,430.3311739697773,1270.4,731.3
6772,8577,678.8536010439028,430.3311739697773,1270.4,731.3
6773,8578,678.8536010439028,430.3311739697773,1270.4,731.3
6774,8579,678.8536010439028,430.3311739697773,1270.4,731.3
6775,8580,678.8536010439028,430.3311739697773,1270.4,731.3
6776,8581,678.8536010439028,430.3311739697773,1270.4,731.3
6777,8582,678.8536010439028,430.3311739697773,1270.4,731.3
6778,8583,678.8536010439028,430.3311739697773,1270.4,731.3
6779,8584,678.8536010439028,430.3311739697773,1270.4,731.3
6780,8585,678.8536010439028,430.3311739697773,1270.4,731.3
6781,8586,678.8536010439028,430.3311739697773,1270.4,731.3
6782,8587,678.8536010439028,430.3311739697773,1270.4,731.3
6783,8588,678.8536010439028,430.3311739697773,1270.4,731.3
6784,8589,678.8536010439028,430.3311739697773,1270.4,731.3
6785,8590,678.8536010439028,430.3311739697773,1270.4,731.3
6786,8591,678.8536010439028,430.3311739697773,1270.4,731.3
6787,8592,678.8536010439028,430.3311739697773,1270.4,731.3
6788,8593,678.8536010439028,430.3311739697773,1270.4,731.3
6789,8594,678.8536010439028,430.3311739697773,1270.4,731.3
6790,8595,678.8536010439028,430.3311739697773,1270.4,731.3
6791,8596,703.8536010439028,603.3311739697773,1270.4,731.3
6792,8597,703.8536010439028,603.3311739697773,1270.4,731.3
6793,8598,703.8536010439028,603.3311739697773,1270.4,731.3
6794,8599,703.8536010439028,603.3311739697773,1270.4,731.3
6795,8600,703.8536010439028,603.3311739697773,1270.4,731.3
6796,8601,703.8536010439028,603.3311739697773,1270.4,731.3
6797,8602,703.8536010439028,603.3311739697773,1270.4,731.3
6798,8603,703.8536010439028,603.3311739697773,1270.4,731.3
6799,8604,703.8536010439028,603.3311739697773,1270.4,731.3
6800,8605,703.8536010439028,603.3311739697773,1270.4,731.3
6801,8606,703.8536010439028,603.3311739697773,1270.4,731.3
6802,8607,703.8536010439028,603.3311739697773,1270.4,731.3
6803,8608,703.8536010439028,603.3311739697773,1270.4,731.3
6804,8609,703.8536010439028,603.3311739697773,1253.0913043478263,724.9608695652173
6805,8610,703.8536010439028,603.3311739697773,1235.7826086956522,718.6217391304348
6806,8611,703.8536010439028,603.3311739697773,1218.4739130434784,712.2826086956521
6807,8612,703.8536010439028,603.3311739697773,1201.1652173913044,705.9434782608695
6808,8613,703.8536010439028,603.3311739697773,1183.8565217391306,699.604347826087
6809,8614,703.8536010439028,603.3311739697773,1166.5478260869565,693.2652173913043
6810,8615,703.8536010439028,603.3311739697773,1149.2391304347827,686.9260869565217
6811,8616,703.8536010439028,603.3311739697773,1131.9304347826087,680.5869565217391
6812,8617,703.8536010439028,603.3311739697773,1114.621739130435,674.2478260869565
6813,8618,703.8536010439028,603.3311739697773,1097.3130434782609,667.908695652174
6814,8619,703.8536010439028,603.3311739697773,1080.004347826087,661.5695652173913
6815,8620,703.8536010439028,603.3311739697773,1062.695652173913,655.2304347826087
6816,8621,703.8536010439028,603.3311739697773,1045.3869565217392,648.8913043478261
6817,8622,703.8536010439028,603.3311739697773,1028.0782608695652,642.5521739130435
6818,8623,703.8536010439028,603.3311739697773,1010.7695652173913,636.2130434782608
6819,8624,703.8536010439028,603.3311739697773,993.4608695652173,629.8739130434783
6820,8625,703.8536010439028,603.3311739697773,976.1521739130435,623.5347826086957
6821,8626,703.8536010439028,603.3311739697773,958.8434782608695,617.195652173913
6822,8627,703.8536010439028,603.3311739697773,941.5347826086957,610.8565217391305
6823,8628,703.8536010439028,603.3311739697773,924.2260869565216,604.5173913043478
6824,8629,703.8536010439028,603.3311739697773,906.9173913043478,598.1782608695653
6825,8630,703.8536010439028,603.3311739697773,889.6086956521738,591.8391304347826
6826,8631,703.8536010439028,603.3311739697773,872.3,585.5
6827,8632,703.8536010439028,603.3311739697773,872.3,585.5
6828,8633,703.8536010439028,603.3311739697773,872.3,585.5
6829,8634,703.8536010439028,603.3311739697773,872.3,585.5
6830,8635,703.8536010439028,603.3311739697773,872.3,585.5
6831,8636,703.8536010439028,603.3311739697773,872.3,585.5
6832,8637,703.8536010439028,603.3311739697773,872.3,585.5
6833,8638,703.8536010439028,603.3311739697773,872.3,585.5
6834,8639,703.8536010439028,603.3311739697773,872.3,585.5
6835,8640,703.8536010439028,603.3311739697773,872.3,585.5
6836,8641,703.8536010439028,603.3311739697773,872.3,585.5
6837,8642,703.8536010439028,603.3311739697773,872.3,585.5
6838,8643,703.8536010439028,603.3311739697773,872.3,585.5
6839,8644,703.8536010439028,603.3311739697773,872.3,585.5
6840,8645,703.8536010439028,603.3311739697773,872.3,585.5
6841,8646,703.8536010439028,603.3311739697773,872.3,585.5
6842,8647,703.8536010439028,603.3311739697773,872.3,585.5
6843,8648,703.8536010439028,603.3311739697773,872.3,585.5
6844,8649,703.8536010439028,603.3311739697773,872.3,585.5
6845,8650,703.8536010439028,603.3311739697773,872.3,585.5
6846,8651,703.8536010439028,603.3311739697773,872.3,585.5
6847,8652,703.8536010439028,603.3311739697773,872.3,585.5
6848,8653,703.8536010439028,603.3311739697773,872.3,585.5
6849,8654,703.8536010439028,603.3311739697773,872.3,585.5
6850,8655,703.8536010439028,603.3311739697773,872.3,585.5
6851,8656,703.8536010439028,603.3311739697773,872.3,585.5
6852,8657,703.8536010439028,603.3311739697773,872.3,585.5
6853,8658,703.8536010439028,603.3311739697773,872.3,585.5
6854,8659,703.8536010439028,603.3311739697773,872.3,585.5
6855,8660,703.8536010439028,603.3311739697773,872.3,585.5
6856,8661,703.8536010439028,603.3311739697773,872.3,585.5
6857,8662,703.8536010439028,603.3311739697773,872.3,585.5
6858,8663,703.8536010439028,603.3311739697773,872.3,585.5
6859,8664,703.8536010439028,603.3311739697773,872.3,585.5
6860,8665,703.8536010439028,603.3311739697773,872.3,585.5
6861,8666,703.8536010439028,603.3311739697773,872.3,585.5
6862,8667,703.8536010439028,603.3311739697773,872.3,585.5
6863,8668,703.8536010439028,603.3311739697773,872.3,585.5
6864,8669,703.8536010439028,603.3311739697773,872.3,585.5
6865,8670,703.8536010439028,603.3311739697773,872.3,585.5
6865,8671,703.8536010439028,603.3311739697773,872.3,585.5
6865,8672,703.8536010439028,603.3311739697773,872.3,585.5
6865,8673,703.8536010439028,603.3311739697773,872.3,585.5
6865,8674,703.8536010439028,603.3311739697773,872.3,585.5
6865,8675,703.8536010439028,603.3311739697773,872.3,585.5
6865,8676,703.8536010439028,603.3311739697773,872.3,585.5
6865,8677,703.8536010439028,603.3311739697773,872.3,585.5
6865,8678,703.8536010439028,603.3311739697773,872.3,585.5
6865,8679,703.8536010439028,603.3311739697773,872.3,585.5
6865,8680,703.8536010439028,603.3311739697773,872.3,585.5
6865,8681,703.8536010439028,603.3311739697773,872.3,585.5
6865,8682,703.8536010439028,603.3311739697773,872.3,585.5
6865,8683,703.8536010439028,603.3311739697773,872.3,585.5
6866,8684,703.8536010439028,603.3311739697773,872.3,585.5
6867,8685,703.8536010439028,603.3311739697773,872.3,585.5
6868,8686,703.8536010439028,603.3311739697773,872.3,585.5
6869,8687,703.8536010439028,603.3311739697773,872.3,585.5
6870,8688,703.8536010439028,603.3311739697773,872.3,585.5
6871,8689,703.8536010439028,603.3311739697773,872.3,585.5
6872,8690,703.8536010439028,603.3311739697773,872.3,585.5
6873,8691,703.8536010439028,603.3311739697773,872.3,585.5
6874,8692,703.8536010439028,603.3311739697773,872.3,585.5
6875,8693,703.8536010439028,603.3311739697773,872.3,585.5
6876,8694,703.8536010439028,603.3311739697773,872.3,585.5
6877,8695,703.8536010439028,603.3311739697773,872.3,585.5
6878,8696,900.8536010439028,610.3311739697773,872.3,585.5
6879,8697,900.8536010439028,610.3311739697773,872.3,585.5
6880,8698,900.8536010439028,610.3311739697773,872.3,585.5
6881,8699,900.8536010439028,610.3311739697773,872.3,585.5
6882,8700,900.8536010439028,610.3311739697773,872.3,585.5
6883,8701,900.8536010439028,610.3311739697773,872.3,585.5
6884,8702,900.8536010439028,610.3311739697773,872.3,585.5
6885,8703,900.8536010439028,610.3311739697773,872.3,585.5
6886,8704,900.8536010439028,610.3311739697773,872.3,585.5
6887,8705,900.8536010439028,610.3311739697773,872.3,585.5
6888,8706,900.8536010439028,610.3311739697773,872.3,585.5
6889,8707,900.8536010439028,610.3311739697773,872.3,585.5
6890,8708,900.8536010439028,610.3311739697773,872.3,585.5
6891,8709,900.8536010439028,610.3311739697773,872.3,585.5
6892,8710,900.8536010439028,610.3311739697773,872.3,585.5
6893,8711,900.8536010439028,610.3311739697773,872.3,585.5
6894,8712,900.8536010439028,610.3311739697773,872.3,585.5
6895,8713,900.8536010439028,610.3311739697773,872.3,585.5
6896,8714,900.8536010439028,610.3311739697773,872.3,585.5
6897,8715,900.8536010439028,610.3311739697773,872.3,585.5
6898,8716,900.8536010439028,610.3311739697773,872.3,585.5
6899,8717,900.8536010439028,610.3311739697773,872.3,585.5
6900,8718,900.8536010439028,610.3311739697773,872.3,585.5
6901,8719,900.8536010439028,610.3311739697773,872.3,585.5
6902,8720,900.8536010439028,610.3311739697773,872.3,585.5
6903,8721,900.8536010439028,610.3311739697773,872.3,585.5
6904,8722,900.8536010439028,610.3311739697773,872.3,585.5
6905,8723,900.8536010439028,610.3311739697773,872.3,585.5
6906,8724,900.8536010439028,610.3311739697773,872.3,585.5
6907,8725,900.8536010439028,610.3311739697773,872.3,585.5
6908,8726,900.8536010439028,610.3311739697773,872.3,585.5
6909,8727,900.8536010439028,610.3311739697773,872.3,585.5
6910,8728,900.8536010439028,610.3311739697773,872.3,585.5
6911,8729,900.8536010439028,610.3311739697773,872.3,585.5
6912,8730,900.8536010439028,610.3311739697773,872.3,585.5
6913,8731,900.8536010439028,610.3311739697773,872.3,585.5
6914,8732,900.8536010439028,610.3311739697773,872.3,585.5
6915,8733,900.8536010439028,610.3311739697773,872.3,585.5
6916,8734,900.8536010439028,610.3311739697773,872.3,585.5
6917,8735,900.8536010439028,610.3311739697773,872.3,585.5
6918,8736,900.8536010439028,610.3311739697773,872.3,585.5
6919,8737,900.8536010439028,610.3311739697773,872.3,585.5
6920,8738,900.8536010439028,610.3311739697773,872.3,585.5
6921,8739,900.8536010439028,610.3311739697773,872.3,585.5
6922,8740,900.8536010439028,610.3311739697773,872.3,585.5
6923,8741,900.8536010439028,610.3311739697773,872.3,585.5
6924,8742,900.8536010439028,610.3311739697773,872.3,585.5
6925,8743,900.8536010439028,610.3311739697773,872.3,585.5
6926,8744,900.8536010439028,610.3311739697773,872.3,585.5
6927,8745,900.8536010439028,610.3311739697773,872.3,585.5
6928,8746,900.8536010439028,610.3311739697773,872.3,585.5
6929,8747,900.8536010439028,610.3311739697773,872.3,585.5
6930,8748,900.8536010439028,610.3311739697773,872.3,585.5
6931,8749,900.8536010439028,610.3311739697773,872.3,585.5
6932,8750,900.8536010439028,610.3311739697773,872.3,585.5
6933,8751,900.8536010439028,610.3311739697773,872.3,585.5
6934,8752,900.8536010439028,610.3311739697773,872.3,585.5
6935,8753,900.8536010439028,610.3311739697773,872.3,585.5
6936,8754,900.8536010439028,610.3311739697773,872.3,585.5
6937,8755,900.8536010439028,610.3311739697773,872.3,585.5
6938,8756,900.8536010439028,610.3311739697773,872.3,585.5
6939,8757,900.8536010439028,610.3311739697773,872.3,585.5
6940,8758,900.8536010439028,610.3311739697773,872.3,585.5
6941,8759,900.8536010439028,610.3311739697773,872.3,585.5
6942,8760,900.8536010439028,610.3311739697773,872.3,585.5
6943,8761,900.8536010439028,610.3311739697773,872.3,585.5
6944,8762,911.8536010439028,206.3311739697773,872.3,585.5
6945,8763,911.8536010439028,206.3311739697773,872.3,585.5
6946,8764,911.8536010439028,206.3311739697773,872.3,585.5
6947,8765,911.8536010439028,206.3311739697773,872.3,585.5
6948,8766,911.8536010439028,206.3311739697773,872.3,585.5
6949,8767,911.8536010439028,206.3311739697773,872.3,585.5
6950,8768,911.8536010439028,206.3311739697773,872.3,585.5
6951,8769,911.8536010439028,206.3311739697773,872.3,585.5
6952,8770,911.8536010439028,206.3311739697773,872.3,585.5
6953,8771,911.8536010439028,206.3311739697773,872.3,585.5
6954,8772,911.8536010439028,206.3311739697773,872.3,585.5
6955,8773,911.8536010439028,206.3311739697773,872.3,585.5
6956,8774,911.8536010439028,206.3311739697773,872.3,585.5
6957,8775,911.8536010439028,206.3311739697773,872.3,585.5
6958,8776,911.8536010439028,206.3311739697773,872.3,585.5
6959,8777,911.8536010439028,206.3311739697773,872.3,585.5
6960,8778,911.8536010439028,206.3311739697773,872.3,585.5
6961,8779,911.8536010439028,206.3311739697773,872.3,585.5
6962,8780,911.8536010439028,206.3311739697773,872.3,585.5
6963,8781,911.8536010439028,206.3311739697773,872.3,585.5
6964,8782,911.8536010439028,206.3311739697773,872.3,585.5
6965,8783,911.8536010439028,206.3311739697773,872.3,585.5
6966,8784,911.8536010439028,206.3311739697773,872.3,585.5
6967,8785,911.8536010439028,206.3311739697773,872.3,585.5
6968,8786,911.8536010439028,206.3311739697773,872.3,585.5
6969,8787,911.8536010439028,206.3311739697773,872.3,585.5
6970,8788,911.8536010439028,206.3311739697773,872.3,585.5
6971,8789,911.8536010439028,206.3311739697773,872.3,585.5
6972,8790,911.8536010439028,206.3311739697773,872.3,585.5
6973,8791,911.8536010439028,206.3311739697773,872.3,585.5
6974,8792,911.8536010439028,206.3311739697773,872.3,585.5
6975,8793,911.8536010439028,206.3311739697773,872.3,585.5
6976,8794,911.8536010439028,206.3311739697773,872.3,585.5
6977,8795,911.8536010439028,206.3311739697773,872.3,585.5
6978,8796,911.8536010439028,206.3311739697773,872.3,585.5
6979,8797,911.8536010439028,206.3311739697773,872.3,585.5
6980,8798,911.8536010439028,206.3311739697773,872.3,585.5
6981,8799,911.8536010439028,206.3311739697773,872.3,585.5
6982,8800,911.8536010439028,206.3311739697773,872.3,585.5
6983,8801,911.8536010439028,206.3311739697773,872.3,585.5
6984,8802,911.8536010439028,206.3311739697773,872.3,585.5
6985,8803,911.8536010439028,206.3311739697773,872.3,585.5
6986,8804,911.8536010439028,206.3311739697773,872.3,585.5
6987,8805,911.8536010439028,206.3311739697773,872.3,585.5
6988,8806,911.8536010439028,206.3311739697773,872.3,585.5
6989,8807,911.8536010439028,206.3311739697773,872.3,585.5
6990,8808,911.8536010439028,206.3311739697773,872.3,585.5
6991,8809,911.8536010439028,206.3311739697773,872.3,585.5
6992,8810,911.8536010439028,206.3311739697773,872.3,585.5
6993,8811,911.8536010439028,206.3311739697773,872.3,585.5
6994,8812,911.8536010439028,206.3311739697773,872.3,585.5
6995,8813,911.8536010439028,206.3311739697773,872.3,585.5
6996,8814,911.8536010439028,206.3311739697773,872.3,585.5
6997,8815,911.8536010439028,206.3311739697773,872.3,585.5
6998,8816,911.8536010439028,206.3311739697773,872.3,585.5
6999,8817,911.8536010439028,206.3311739697773,872.3,585.5
7000,8818,911.8536010439028,206.3311739697773,872.3,585.5
7001,8819,911.8536010439028,206.3311739697773,872.3,585.5
7002,8820,911.8536010439028,206.3311739697773,872.3,585.5
7003,8821,911.8536010439028,206.3311739697773,872.3,585.5
7004,8822,911.8536010439028,206.3311739697773,872.3,585.5
7005,8823,911.8536010439028,206.3311739697773,872.3,585.5
7006,8824,911.8536010439028,206.3311739697773,872.3,585.5
7007,8825,911.8536010439028,206.3311739697773,872.3,585.5
7008,8826,911.8536010439028,206.3311739697773,872.3,585.5
7009,8827,911.8536010439028,206.3311739697773,872.3,585.5
7010,8828,911.8536010439028,206.3311739697773,872.3,585.5
7011,8829,911.8536010439028,206.3311739697773,872.3,585.5
7012,8830,911.8536010439028,206.3311739697773,872.3,585.5
7013,8831,911.8536010439028,206.3311739697773,872.3,585.5
7014,8832,911.8536010439028,206.3311739697773,872.3,585.5
7015,8833,911.8536010439028,206.3311739697773,872.3,585.5
7016,8834,911.8536010439028,206.3311739697773,872.3,585.5
7017,8835,911.8536010439028,206.3311739697773,872.3,585.5
7018,8836,911.8536010439028,206.3311739697773,872.3,585.5
7019,8837,911.8536010439028,206.3311739697773,872.3,585.5
7020,8838,911.8536010439028,206.3311739697773,872.3,585.5
7021,8839,911.8536010439028,206.3311739697773,872.3,585.5
7022,8840,911.8536010439028,206.3311739697773,872.3,585.5
7023,8841,911.8536010439028,206.3311739697773,872.3,585.5
7024,8842,911.8536010439028,206.3311739697773,872.3,585.5
7025,8843,911.8536010439028,206.3311739697773,872.3,585.5
7026,8844,911.8536010439028,206.3311739697773,872.3,585.5
7027,8845,911.8536010439028,206.3311739697773,872.3,585.5
7028,8846,911.8536010439028,206.3311739697773,872.3,585.5
7029,8847,911.8536010439028,206.3311739697773,872.3,585.5
7030,8848,911.8536010439028,206.3311739697773,872.3,585.5
7031,8849,911.8536010439028,206.3311739697773,872.3,585.5
7032,8850,911.8536010439028,206.3311739697773,872.3,585.5
7033,8851,911.8536010439028,206.3311739697773,872.3,585.5
7034,8852,911.8536010439028,206.3311739697773,872.3,585.5
7035,8853,911.8536010439028,206.3311739697773,872.3,585.5
7036,8854,911.8536010439028,206.3311739697773,872.3,585.5
7037,8855,911.8536010439028,206.3311739697773,872.3,585.5
7038,8856,911.8536010439028,206.3311739697773,872.3,585.5
7039,8857,911.8536010439028,206.3311739697773,872.3,585.5
7040,8858,911.8536010439028,206.3311739697773,872.3,585.5
7041,8859,911.8536010439028,206.3311739697773,872.3,585.5
7042,8860,911.8536010439028,206.3311739697773,872.3,585.5
7043,8861,911.8536010439028,206.3311739697773,872.3,585.5
7044,8862,911.8536010439028,206.3311739697773,872.3,585.5
7045,8863,911.8536010439028,206.3311739697773,872.3,585.5
7046,8864,911.8536010439028,206.3311739697773,872.3,585.5
7047,8865,911.8536010439028,206.3311739697773,872.3,585.5
7048,8866,911.8536010439028,206.3311739697773,872.3,585.5
7049,8867,911.8536010439028,206.3311739697773,872.3,585.5
7050,8868,911.8536010439028,206.3311739697773,872.3,585.5
7051,8869,911.8536010439028,206.3311739697773,872.3,585.5
7052,8870,911.8536010439028,206.3311739697773,872.3,585.5
7053,8871,911.8536010439028,206.3311739697773,872.3,585.5
7054,8872,911.8536010439028,206.3311739697773,872.3,585.5
7055,8873,911.8536010439028,206.3311739697773,872.3,585.5
7056,8874,911.8536010439028,206.3311739697773,872.3,585.5
7057,8875,911.8536010439028,206.3311739697773,872.3,585.5
7058,8876,911.8536010439028,206.3311739697773,872.3,585.5
7059,8877,911.8536010439028,206.3311739697773,872.3,585.5
7060,8878,911.8536010439028,206.3311739697773,872.3,585.5
7061,8879,911.8536010439028,206.3311739697773,872.3,585.5
7062,8880,911.8536010439028,206.3311739697773,872.3,585.5
7063,8881,911.8536010439028,206.3311739697773,872.3,585.5
7064,8882,911.8536010439028,206.3311739697773,861.4357142857142,591.9428571428572
7065,8883,911.8536010439028,206.3311739697773,850.5714285714286,598.3857142857142
7066,8884,911.8536010439028,206.3311739697773,839.7071428571428,604.8285714285714
7067,8885,911.8536010439028,206.3311739697773,828.8428571428572,611.2714285714286
7068,8886,911.8536010439028,206.3311739697773,817.9785714285714,617.7142857142858
7069,8887,911.8536010439028,206.3311739697773,807.1142857142856,624.1571428571428
7070,8888,911.8536010439028,206.3311739697773,796.25,630.6
7071,8889,911.8536010439028,206.3311739697773,785.3857142857142,637.0428571428572
7072,8890,911.8536010439028,206.3311739697773,774.5214285714286,643.4857142857143
7073,8891,911.8536010439028,206.3311739697773,763.6571428571428,649.9285714285714
7074,8892,911.8536010439028,206.3311739697773,752.7928571428572,656.3714285714286
7075,8893,911.8536010439028,206.3311739697773,741.9285714285714,662.8142857142857
7076,8894,911.8536010439028,206.3311739697773,731.0642857142857,669.2571428571429
7077,8895,911.8536010439028,206.3311739697773,720.2,675.7
7078,8896,913.8536010439028,396.3311739697773,720.2,675.7
7079,8897,913.8536010439028,396.3311739697773,720.2,675.7
7080,8898,913.8536010439028,396.3311739697773,720.2,675.7
7081,8899,913.8536010439028,396.3311739697773,720.2,675.7
7082,8900,913.8536010439028,396.3311739697773,720.2,675.7
7083,8901,913.8536010439028,396.3311739697773,720.2,675.7
7084,8902,913.8536010439028,396.3311739697773,720.2,675.7
7085,8903,913.8536010439028,396.3311739697773,720.2,675.7
7086,8904,913.8536010439028,396.3311739697773,720.2,675.7
7087,8905,913.8536010439028,396.3311739697773,720.2,675.7
7088,8906,913.8536010439028,396.3311739697773,720.2,675.7
7089,8907,913.8536010439028,396.3311739697773,720.2,675.7
7090,8908,913.8536010439028,396.3311739697773,720.2,675.7
7091,8909,913.8536010439028,396.3311739697773,720.2,675.7
7092,8910,913.8536010439028,396.3311739697773,720.2,675.7
7093,8911,913.8536010439028,396.3311739697773,720.2,675.7
7094,8912,913.8536010439028,396.3311739697773,720.2,675.7
7095,8913,913.8536010439028,396.3311739697773,720.2,675.7
7096,8914,913.8536010439028,396.3311739697773,720.2,675.7
7097,8915,913.8536010439028,396.3311739697773,720.2,675.7
7098,8916,913.8536010439028,396.3311739697773,720.2,675.7
7099,8917,913.8536010439028,396.3311739697773,720.2,675.7
7100,8918,913.8536010439028,396.3311739697773,720.2,675.7
7101,8919,913.8536010439028,396.3311739697773,720.2,675.7
7102,8920,913.8536010439028,396.3311739697773,720.2,675.7
7103,8921,913.8536010439028,396.3311739697773,720.2,675.7
7104,8922,913.8536010439028,396.3311739697773,720.2,675.7
7105,8923,913.8536010439028,396.3311739697773,720.2,675.7
7106,8924,913.8536010439028,396.3311739697773,720.2,675.7
7107,8925,913.8536010439028,396.3311739697773,720.2,675.7
7108,8926,913.8536010439028,396.3311739697773,720.2,675.7
7109,8927,913.8536010439028,396.3311739697773,720.2,675.7
7110,8928,913.8536010439028,396.3311739697773,720.2,675.7
7111,8929,916.8536010439028,587.3311739697773,720.2,675.7
7112,8930,916.8536010439028,587.3311739697773,720.2,675.7
7113,8931,916.8536010439028,587.3311739697773,720.2,675.7
7114,8932,916.8536010439028,587.3311739697773,720.2,675.7
7115,8933,916.8536010439028,587.3311739697773,720.2,675.7
7116,8934,916.8536010439028,587.3311739697773,720.2,675.7
7117,8935,916.8536010439028,587.3311739697773,720.2,675.7
7118,8936,916.8536010439028,587.3311739697773,720.2,675.7
7119,8937,916.8536010439028,587.3311739697773,720.2,675.7
7120,8938,916.8536010439028,587.3311739697773,720.2,675.7
7121,8939,916.8536010439028,587.3311739697773,720.2,675.7
7122,8940,916.8536010439028,587.3311739697773,720.2,675.7
7123,8941,916.8536010439028,587.3311739697773,720.2,675.7
7124,8942,916.8536010439028,587.3311739697773,720.2,675.7
7125,8943,916.8536010439028,587.3311739697773,720.2,675.7
7126,8944,916.8536010439028,587.3311739697773,720.2,675.7
7127,8945,916.8536010439028,587.3311739697773,720.2,675.7
7128,8946,916.8536010439028,587.3311739697773,720.2,675.7
7129,8947,916.8536010439028,587.3311739697773,720.2,675.7
7130,8948,916.8536010439028,587.3311739697773,720.2,675.7
7131,8949,916.8536010439028,587.3311739697773,720.2,675.7
7132,8950,916.8536010439028,587.3311739697773,720.2,675.7
7133,8951,916.8536010439028,587.3311739697773,720.2,675.7
7134,8952,916.8536010439028,587.3311739697773,720.2,675.7
7135,8953,916.8536010439028,587.3311739697773,720.2,675.7
7136,8954,916.8536010439028,587.3311739697773,720.2,675.7
7137,8955,916.8536010439028,587.3311739697773,720.2,675.7
7138,8956,916.8536010439028,587.3311739697773,720.2,675.7
7139,8957,916.8536010439028,587.3311739697773,720.2,675.7
7140,8958,916.8536010439028,587.3311739697773,720.2,675.7
7141,8959,916.8536010439028,587.3311739697773,720.2,675.7
7142,8960,916.8536010439028,587.3311739697773,720.2,675.7
7143,8961,916.8536010439028,587.3311739697773,720.2,675.7
7144,8962,916.8536010439028,587.3311739697773,720.2,675.7
7145,8963,916.8536010439028,587.3311739697773,720.2,675.7
7146,8964,916.8536010439028,587.3311739697773,720.2,675.7
7147,8965,916.8536010439028,587.3311739697773,720.2,675.7
7148,8966,916.8536010439028,587.3311739697773,720.2,675.7
7149,8967,916.8536010439028,587.3311739697773,720.2,675.7
7150,8968,916.8536010439028,587.3311739697773,720.2,675.7
7151,8969,916.8536010439028,587.3311739697773,720.2,675.7
7152,8970,916.8536010439028,587.3311739697773,720.2,675.7
7153,8971,916.8536010439028,587.3311739697773,720.2,675.7
7154,8972,916.8536010439028,587.3311739697773,720.2,675.7
7155,8973,916.8536010439028,587.3311739697773,720.2,675.7
7156,8974,916.8536010439028,587.3311739697773,720.2,675.7
7157,8975,916.8536010439028,587.3311739697773,720.2,675.7
7158,8976,916.8536010439028,587.3311739697773,720.2,675.7
7159,8977,916.8536010439028,587.3311739697773,720.2,675.7
7160,8978,916.8536010439028,587.3311739697773,720.2,675.7
7161,8979,916.8536010439028,587.3311739697773,720.2,675.7
7162,8980,916.8536010439028,587.3311739697773,720.2,675.7
7163,8981,916.8536010439028,587.3311739697773,720.2,675.7
7164,8982,916.8536010439028,587.3311739697773,720.2,675.7
7165,8983,916.8536010439028,587.3311739697773,720.2,675.7
7166,8984,916.8536010439028,587.3311739697773,720.2,675.7
7167,8985,916.8536010439028,587.3311739697773,720.2,675.7
7168,8986,916.8536010439028,587.3311739697773,720.2,675.7
7169,8987,916.8536010439028,587.3311739697773,720.2,675.7
7170,8988,916.8536010439028,587.3311739697773,720.2,675.7
7171,8989,916.8536010439028,587.3311739697773,720.2,675.7
7172,8990,916.8536010439028,587.3311739697773,720.2,675.7
7173,8991,916.8536010439028,587.3311739697773,720.2,675.7
7174,8992,916.8536010439028,587.3311739697773,720.2,675.7
7175,8993,916.8536010439028,587.3311739697773,720.2,675.7
7176,8994,916.8536010439028,587.3311739697773,720.2,675.7
7177,8995,916.8536010439028,587.3311739697773,720.2,675.7
7178,8996,921.8536010439028,402.3311739697773,720.2,675.7
7179,8997,921.8536010439028,402.3311739697773,720.2,675.7
7180,8998,921.8536010439028,402.3311739697773,720.2,675.7
7181,8999,921.8536010439028,402.3311739697773,720.2,675.7
7182,9000,921.8536010439028,402.3311739697773,720.2,675.7
7183,9001,921.8536010439028,402.3311739697773,720.2,675.7
7184,9002,921.8536010439028,402.3311739697773,720.2,675.7
7185,9003,921.8536010439028,402.3311739697773,720.2,675.7
7186,9004,921.8536010439028,402.3311739697773,720.2,675.7
7187,9005,921.8536010439028,402.3311739697773,720.2,675.7
7188,9006,921.8536010439028,402.3311739697773,720.2,675.7
7189,9007,921.8536010439028,402.3311739697773,720.2,675.7
7190,9008,921.8536010439028,402.3311739697773,720.2,675.7
7191,9009,921.8536010439028,402.3311739697773,720.2,675.7
7192,9010,921.8536010439028,402.3311739697773,720.2,675.7
7193,9011,921.8536010439028,402.3311739697773,720.2,675.7
7194,9012,921.8536010439028,402.3311739697773,720.2,675.7
7195,9013,921.8536010439028,402.3311739697773,720.2,675.7
7196,9014,921.8536010439028,402.3311739697773,720.2,675.7
7197,9015,921.8536010439028,402.3311739697773,720.2,675.7
7198,9016,921.8536010439028,402.3311739697773,720.2,675.7
7199,9017,921.8536010439028,402.3311739697773,720.2,675.7
7200,9018,921.8536010439028,402.3311739697773,720.2,675.7
7201,9019,921.8536010439028,402.3311739697773,720.2,675.7
7202,9020,921.8536010439028,402.3311739697773,720.2,675.7
7203,9021,921.8536010439028,402.3311739697773,720.2,675.7
7204,9022,921.8536010439028,402.3311739697773,720.2,675.7
7205,9023,921.8536010439028,402.3311739697773,720.2,675.7
7206,9024,921.8536010439028,402.3311739697773,720.2,675.7
7207,9025,921.8536010439028,402.3311739697773,720.2,675.7
7208,9026,921.8536010439028,402.3311739697773,720.2,675.7
7209,9027,921.8536010439028,402.3311739697773,720.2,675.7
7210,9028,921.8536010439028,402.3311739697773,720.2,675.7
7211,9029,927.8536010439028,217.3311739697773,720.2,675.7
7212,9030,927.8536010439028,217.3311739697773,720.2,675.7
7213,9031,927.8536010439028,217.3311739697773,720.2,675.7
7214,9032,927.8536010439028,217.3311739697773,720.2,675.7
7215,9033,927.8536010439028,217.3311739697773,720.2,675.7
7216,9034,927.8536010439028,217.3311739697773,720.2,675.7
7217,9035,927.8536010439028,217.3311739697773,720.2,675.7
7218,9036,927.8536010439028,217.3311739697773,720.2,675.7
7219,9037,927.8536010439028,217.3311739697773,720.2,675.7
7220,9038,927.8536010439028,217.3311739697773,720.2,675.7
7221,9039,927.8536010439028,217.3311739697773,720.2,675.7
7222,9040,927.8536010439028,217.3311739697773,720.2,675.7
7223,9041,927.8536010439028,217.3311739697773,720.2,675.7
7224,9042,927.8536010439028,217.3311739697773,720.2,675.7
7225,9043,927.8536010439028,217.3311739697773,720.2,675.7
7226,9044,927.8536010439028,217.3311739697773,720.2,675.7
7227,9045,927.8536010439028,217.3311739697773,720.2,675.7
7228,9046,927.8536010439028,217.3311739697773,720.2,675.7
7229,9047,927.8536010439028,217.3311739697773,735.0190476190477,673.8761904761906
7230,9048,927.8536010439028,217.3311739697773,749.8380952380953,672.052380952381
7231,9049,927.8536010439028,217.3311739697773,764.657142857143,670.2285714285715
7232,9050,927.8536010439028,217.3311739697773,779.4761904761905,668.4047619047619
7233,9051,927.8536010439028,217.3311739697773,794.2952380952381,666.5809523809525
7234,9052,927.8536010439028,217.3311739697773,809.1142857142858,664.7571428571429
7235,9053,927.8536010439028,217.3311739697773,823.9333333333334,662.9333333333334
7236,9054,927.8536010439028,217.3311739697773,838.752380952381,661.1095238095238
7237,9055,927.8536010439028,217.3311739697773,853.5714285714287,659.2857142857143
7238,9056,927.8536010439028,217.3311739697773,868.3904761904762,657.4619047619047
7239,9057,927.8536010439028,217.3311739697773,883.209523809524,655.6380952380953
7240,9058,927.8536010439028,217.3311739697773,898.0285714285715,653.8142857142857
7241,9059,927.8536010439028,217.3311739697773,912.8476190476191,651.9904761904762
7242,9060,927.8536010439028,217.3311739697773,927.6666666666667,650.1666666666666
7243,9061,927.8536010439028,217.3311739697773,942.4857142857144,648.3428571428572
7244,9062,927.8536010439028,217.3311739697773,957.304761904762,646.5190476190476
7245,9063,927.8536010439028,217.3311739697773,972.1238095238095,644.6952380952381
7246,9064,927.8536010439028,217.3311739697773,986.9428571428573,642.8714285714285
7247,9065,927.8536010439028,217.3311739697773,1001.7619047619048,641.047619047619
7248,9066,927.8536010439028,217.3311739697773,1016.5809523809525,639.2238095238095
7249,9067,927.8536010439028,217.3311739697773,1031.4,637.4
7250,9068,927.8536010439028,217.3311739697773,1031.4,637.4
7251,9069,927.8536010439028,217.3311739697773,1031.4,637.4
7252,9070,927.8536010439028,217.3311739697773,1031.4,637.4
7253,9071,927.8536010439028,217.3311739697773,1031.4,637.4
7254,9072,927.8536010439028,217.3311739697773,1031.4,637.4
7255,9073,927.8536010439028,217.3311739697773,1031.4,637.4
7256,9074,927.8536010439028,217.3311739697773,1031.4,637.4
7257,9075,927.8536010439028,217.3311739697773,1031.4,637.4
7258,9076,927.8536010439028,217.3311739697773,1031.4,637.4
7259,9077,927.8536010439028,217.3311739697773,1031.4,637.4
7260,9078,927.8536010439028,217.3311739697773,1031.4,637.4
7261,9079,927.8536010439028,217.3311739697773,1031.4,637.4
7262,9080,927.8536010439028,217.3311739697773,1031.4,637.4
7263,9081,927.8536010439028,217.3311739697773,1031.4,637.4
7264,9082,927.8536010439028,217.3311739697773,1031.4,637.4
7265,9083,927.8536010439028,217.3311739697773,1031.4,637.4
7265,9084,927.8536010439028,217.3311739697773,1031.4,637.4
7265,9085,927.8536010439028,217.3311739697773,1031.4,637.4
7265,9086,927.8536010439028,217.3311739697773,1031.4,637.4
7265,9087,927.8536010439028,217.3311739697773,1031.4,637.4
7265,9088,927.8536010439028,217.3311739697773,1031.4,637.4
7265,9089,927.8536010439028,217.3311739697773,1031.4,637.4
7265,9090,927.8536010439028,217.3311739697773,1031.4,637.4
7265,9091,927.8536010439028,217.3311739697773,1031.4,637.4
7265,9092,927.8536010439028,217.3311739697773,1031.4,637.4
7265,9093,927.8536010439028,217.3311739697773,1031.4,637.4
7265,9094,927.8536010439028,217.3311739697773,1031.4,637.4
7265,9095,927.8536010439028,217.3311739697773,1031.4,637.4
7265,9096,927.8536010439028,217.3311739697773,1031.4,637.4
7265,9097,927.8536010439028,217.3311739697773,1031.4,637.4
7265,9098,927.8536010439028,217.3311739697773,1031.4,637.4
7265,9099,927.8536010439028,217.3311739697773,1031.4,637.4
7265,9100,927.8536010439028,217.3311739697773,1031.4,637.4
7265,9101,927.8536010439028,217.3311739697773,1031.4,637.4
7265,9102,927.8536010439028,217.3311739697773,1031.4,637.4
7265,9103,927.8536010439028,217.3311739697773,1031.4,637.4
7265,9104,927.8536010439028,217.3311739697773,1031.4,637.4
7265,9105,927.8536010439028,217.3311739697773,1031.4,637.4
7265,9106,927.8536010439028,217.3311739697773,1031.4,637.4
7265,9107,927.8536010439028,217.3311739697773,1031.4,637.4
7265,9108,927.8536010439028,217.3311739697773,1031.4,637.4
7265,9109,927.8536010439028,217.3311739697773,1031.4,637.4
7265,9110,927.8536010439028,217.3311739697773,1031.4,637.4
7265,9111,927.8536010439028,217.3311739697773,1031.4,637.4
7265,9112,927.8536010439028,217.3311739697773,1031.4,637.4
7265,9113,927.8536010439028,217.3311739697773,1031.4,637.4
7265,9114,927.8536010439028,217.3311739697773,1031.4,637.4
7265,9115,927.8536010439028,217.3311739697773,1031.4,637.4
7265,9116,927.8536010439028,217.3311739697773,1031.4,637.4
7265,9117,927.8536010439028,217.3311739697773,1031.4,637.4
7265,9118,927.8536010439028,217.3311739697773,1031.4,637.4
7265,9119,927.8536010439028,217.3311739697773,1031.4,637.4
7265,9120,927.8536010439028,217.3311739697773,1031.4,637.4
7265,9121,927.8536010439028,217.3311739697773,1031.4,637.4
7265,9122,927.8536010439028,217.3311739697773,1031.4,637.4
7265,9123,927.8536010439028,217.3311739697773,1031.4,637.4
7265,9124,927.8536010439028,217.3311739697773,1031.4,637.4
7265,9125,927.8536010439028,217.3311739697773,1031.4,637.4
7265,9126,927.8536010439028,217.3311739697773,1031.4,637.4
7265,9127,927.8536010439028,217.3311739697773,1031.4,637.4
7265,9128,927.8536010439028,217.3311739697773,1031.4,637.4
7265,9129,927.8536010439028,217.3311739697773,1031.4,637.4
7265,9130,927.8536010439028,217.3311739697773,1031.4,637.4
7265,9131,927.8536010439028,217.3311739697773,1031.4,637.4
7265,9132,927.8536010439028,217.3311739697773,1031.4,637.4
7265,9133,927.8536010439028,217.3311739697773,1031.4,637.4
7265,9134,927.8536010439028,217.3311739697773,1031.4,637.4
7265,9135,927.8536010439028,217.3311739697773,1031.4,637.4
7265,9136,927.8536010439028,217.3311739697773,1031.4,637.4
7265,9137,927.8536010439028,217.3311739697773,1031.4,637.4
7265,9138,927.8536010439028,217.3311739697773,1031.4,637.4
7265,9139,927.8536010439028,217.3311739697773,1031.4,637.4
7265,9140,927.8536010439028,217.3311739697773,1031.4,637.4
7265,9141,927.8536010439028,217.3311739697773,1031.4,637.4
7265,9142,927.8536010439028,217.3311739697773,1031.4,637.4
7265,9143,927.8536010439028,217.3311739697773,1031.4,637.4
7265,9144,927.8536010439028,217.3311739697773,1031.4,637.4
7265,9145,927.8536010439028,217.3311739697773,1031.4,637.4
7265,9146,927.8536010439028,217.3311739697773,1031.4,637.4
7265,9147,927.8536010439028,217.3311739697773,1031.4,637.4
7265,9148,927.8536010439028,217.3311739697773,1031.4,637.4
7265,9149,927.8536010439028,217.3311739697773,1031.4,637.4
7265,9150,927.8536010439028,217.3311739697773,1031.4,637.4
7265,9151,927.8536010439028,217.3311739697773,1031.4,637.4
7265,9152,927.8536010439028,217.3311739697773,1031.4,637.4
7265,9153,927.8536010439028,217.3311739697773,1031.4,637.4
7265,9154,927.8536010439028,217.3311739697773,1031.4,637.4
7265,9155,927.8536010439028,217.3311739697773,1031.4,637.4
7265,9156,927.8536010439028,217.3311739697773,1031.4,637.4
7265,9157,927.8536010439028,217.3311739697773,1031.4,637.4
7265,9158,927.8536010439028,217.3311739697773,1031.4,637.4
7265,9159,927.8536010439028,217.3311739697773,1031.4,637.4
7265,9160,927.8536010439028,217.3311739697773,1031.4,637.4
7265,9161,927.8536010439028,217.3311739697773,1031.4,637.4
7265,9162,900.8536010439028,392.3311739697773,1031.4,637.4
7265,9163,900.8536010439028,392.3311739697773,1031.4,637.4
7265,9164,900.8536010439028,392.3311739697773,1031.4,637.4
7265,9165,900.8536010439028,392.3311739697773,1031.4,637.4
7265,9166,900.8536010439028,392.3311739697773,1031.4,637.4
7265,9167,900.8536010439028,392.3311739697773,1031.4,637.4
7265,9168,900.8536010439028,392.3311739697773,1031.4,637.4
7265,9169,900.8536010439028,392.3311739697773,1031.4,637.4
7265,9170,900.8536010439028,392.3311739697773,1031.4,637.4
7265,9171,900.8536010439028,392.3311739697773,1031.4,637.4
7265,9172,900.8536010439028,392.3311739697773,1031.4,637.4
7265,9173,900.8536010439028,392.3311739697773,1031.4,637.4
7265,9174,900.8536010439028,392.3311739697773,1031.4,637.4
7265,9175,900.8536010439028,392.3311739697773,1031.4,637.4
7265,9176,900.8536010439028,392.3311739697773,1031.4,637.4
7265,9177,900.8536010439028,392.3311739697773,1031.4,637.4
7265,9178,900.8536010439028,392.3311739697773,1031.4,637.4
7265,9179,900.8536010439028,392.3311739697773,1025.1818181818182,641.4545454545454
7265,9180,900.8536010439028,392.3311739697773,1018.9636363636364,645.5090909090909
7265,9181,900.8536010439028,392.3311739697773,1012.7454545454547,649.5636363636363
7265,9182,900.8536010439028,392.3311739697773,1006.5272727272728,653.6181818181818
7265,9183,900.8536010439028,392.3311739697773,1000.309090909091,657.6727272727272
7265,9184,900.8536010439028,392.3311739697773,994.0909090909091,661.7272727272727
7265,9185,900.8536010439028,392.3311739697773,987.8727272727273,665.7818181818182
7265,9186,900.8536010439028,392.3311739697773,981.6545454545454,669.8363636363637
7265,9187,900.8536010439028,392.3311739697773,975.4363636363637,673.8909090909091
7265,9188,900.8536010439028,392.3311739697773,969.2181818181818,677.9454545454546
7265,9189,900.8536010439028,392.3311739697773,963.0,682.0
7265,9190,900.8536010439028,392.3311739697773,963.0,682.0
7265,9191,900.8536010439028,392.3311739697773,963.0,682.0
7265,9192,900.8536010439028,392.3311739697773,963.0,682.0
7265,9193,900.8536010439028,392.3311739697773,963.0,682.0
7265,9194,900.8536010439028,392.3311739697773,963.0,682.0
7265,9195,900.8536010439028,392.3311739697773,963.0,682.0
7265,9196,900.8536010439028,392.3311739697773,963.0,682.0
7265,9197,900.8536010439028,392.3311739697773,963.0,682.0
7265,9198,900.8536010439028,392.3311739697773,963.0,682.0
7265,9199,900.8536010439028,392.3311739697773,963.0,682.0
7265,9200,900.8536010439028,392.3311739697773,963.0,682.0
7265,9201,900.8536010439028,392.3311739697773,963.0,682.0
7265,9202,900.8536010439028,392.3311739697773,963.0,682.0
7265,9203,900.8536010439028,392.3311739697773,963.0,682.0
7265,9204,873.8536010439028,567.3311739697773,963.0,682.0
7265,9205,873.8536010439028,567.3311739697773,963.0,682.0
7265,9206,873.8536010439028,567.3311739697773,963.0,682.0
7265,9207,873.8536010439028,567.3311739697773,963.0,682.0
7265,9208,873.8536010439028,567.3311739697773,963.0,682.0
7265,9209,873.8536010439028,567.3311739697773,963.0,682.0
7265,9210,873.8536010439028,567.3311739697773,963.0,682.0
7265,9211,873.8536010439028,567.3311739697773,963.0,682.0
7265,9212,873.8536010439028,567.3311739697773,963.0,682.0
7265,9213,873.8536010439028,567.3311739697773,963.0,682.0
7265,9214,873.8536010439028,567.3311739697773,963.0,682.0
7265,9215,873.8536010439028,567.3311739697773,963.0,682.0
7265,9216,873.8536010439028,567.3311739697773,963.0,682.0
7265,9217,873.8536010439028,567.3311739697773,963.0,682.0
7265,9218,873.8536010439028,567.3311739697773,963.0,682.0
7265,9219,873.8536010439028,567.3311739697773,963.0,682.0
7265,9220,873.8536010439028,567.3311739697773,963.0,682.0
7265,9221,873.8536010439028,567.3311739697773,963.0,682.0
7265,9222,873.8536010439028,567.3311739697773,963.0,682.0
7265,9223,873.8536010439028,567.3311739697773,963.0,682.0
7265,9224,873.8536010439028,567.3311739697773,963.0,682.0
7265,9225,873.8536010439028,567.3311739697773,963.0,682.0
7265,9226,873.8536010439028,567.3311739697773,963.0,682.0
7265,9227,873.8536010439028,567.3311739697773,963.0,682.0
7265,9228,873.8536010439028,567.3311739697773,963.0,682.0
7265,9229,873.8536010439028,567.3311739697773,963.0,682.0
7265,9230,873.8536010439028,567.3311739697773,963.0,682.0
7265,9231,873.8536010439028,567.3311739697773,963.0,682.0
7265,9232,873.8536010439028,567.3311739697773,963.0,682.0
7265,9233,873.8536010439028,567.3311739697773,963.0,682.0
7265,9234,873.8536010439028,567.3311739697773,963.0,682.0
7265,9235,873.8536010439028,567.3311739697773,963.0,682.0
7265,9236,873.8536010439028,567.3311739697773,963.0,682.0
7265,9237,873.8536010439028,567.3311739697773,963.0,682.0
7265,9238,873.8536010439028,567.3311739697773,963.0,682.0
7265,9239,873.8536010439028,567.3311739697773,963.0,682.0
7265,9240,873.8536010439028,567.3311739697773,963.0,682.0
7265,9241,873.8536010439028,567.3311739697773,963.0,682.0
7265,9242,873.8536010439028,567.3311739697773,963.0,682.0
7265,9243,873.8536010439028,567.3311739697773,963.0,682.0
7265,9244,873.8536010439028,567.3311739697773,963.0,682.0
7265,9245,873.8536010439028,567.3311739697773,963.0,682.0
7265,9246,873.8536010439028,567.3311739697773,963.0,682.0
7265,9247,873.8536010439028,567.3311739697773,963.0,682.0
7265,9248,873.8536010439028,567.3311739697773,963.0,682.0
7265,9249,873.8536010439028,567.3311739697773,963.0,682.0
7265,9250,873.8536010439028,567.3311739697773,963.0,682.0
7265,9251,873.8536010439028,567.3311739697773,963.0,682.0
7265,9252,873.8536010439028,567.3311739697773,963.0,682.0
7265,9253,873.8536010439028,567.3311739697773,963.0,682.0
7265,9254,873.8536010439028,567.3311739697773,963.0,682.0
7265,9255,873.8536010439028,567.3311739697773,963.0,682.0
7265,9256,873.8536010439028,567.3311739697773,963.0,682.0
7265,9257,873.8536010439028,567.3311739697773,963.0,682.0
7265,9258,873.8536010439028,567.3311739697773,963.0,682.0
7265,9259,873.8536010439028,567.3311739697773,963.0,682.0
7265,9260,873.8536010439028,567.3311739697773,963.0,682.0
7265,9261,873.8536010439028,567.3311739697773,963.0,682.0
7265,9262,873.8536010439028,567.3311739697773,963.0,682.0
7265,9263,873.8536010439028,567.3311739697773,963.0,682.0
7265,9264,873.8536010439028,567.3311739697773,963.0,682.0
7265,9265,873.8536010439028,567.3311739697773,963.0,682.0
7265,9266,873.8536010439028,567.3311739697773,963.0,682.0
7265,9267,873.8536010439028,567.3311739697773,963.0,682.0
7265,9268,873.8536010439028,567.3311739697773,963.0,682.0
7265,9269,873.8536010439028,567.3311739697773,963.0,682.0
7265,9270,873.8536010439028,567.3311739697773,963.0,682.0
7265,9271,873.8536010439028,567.3311739697773,963.0,682.0
7265,9272,873.8536010439028,567.3311739697773,963.0,682.0
7265,9273,873.8536010439028,567.3311739697773,963.0,682.0
7265,9274,873.8536010439028,567.3311739697773,963.0,682.0
7265,9275,873.8536010439028,567.3311739697773,963.0,682.0
7265,9276,873.8536010439028,567.3311739697773,963.0,682.0
7265,9277,873.8536010439028,567.3311739697773,963.0,682.0
7265,9278,873.8536010439028,567.3311739697773,963.0,682.0
7265,9279,873.8536010439028,567.3311739697773,963.0,682.0
7265,9280,873.8536010439028,567.3311739697773,963.0,682.0
7265,9281,873.8536010439028,567.3311739697773,963.0,682.0
7265,9282,873.8536010439028,567.3311739697773,963.0,682.0
7265,9283,873.8536010439028,567.3311739697773,963.0,682.0
7265,9284,873.8536010439028,567.3311739697773,963.0,682.0
7265,9285,873.8536010439028,567.3311739697773,963.0,682.0
7265,9286,873.8536010439028,567.3311739697773,963.0,682.0
7265,9287,873.8536010439028,567.3311739697773,963.0,682.0
7265,9288,873.8536010439028,567.3311739697773,963.0,682.0
7265,9289,873.8536010439028,567.3311739697773,962.8178571428572,667.1142857142858
7265,9290,873.8536010439028,567.3311739697773,962.6357142857142,652.2285714285714
7265,9291,873.8536010439028,567.3311739697773,962.4535714285714,637.3428571428572
7265,9292,873.8536010439028,567.3311739697773,962.2714285714286,622.4571428571428
7265,9293,873.8536010439028,567.3311739697773,962.0892857142857,607.5714285714286
7265,9294,873.8536010439028,567.3311739697773,961.9071428571428,592.6857142857143
7265,9295,873.8536010439028,567.3311739697773,961.725,577.8
7265,9296,690.8536010439028,644.3311739697773,961.5428571428571,562.9142857142857
7265,9297,690.8536010439028,644.3311739697773,961.3607142857143,548.0285714285715
7265,9298,690.8536010439028,644.3311739697773,961.1785714285714,533.1428571428571
7265,9299,690.8536010439028,644.3311739697773,960.9964285714285,518.2571428571429
7265,9300,690.8536010439028,644.3311739697773,960.8142857142857,503.37142857142857
7265,9301,690.8536010439028,644.3311739697773,960.6321428571429,488.48571428571427
7265,9302,690.8536010439028,644.3311739697773,960.45,473.6
7265,9303,690.8536010439028,644.3311739697773,960.2678571428571,458.7142857142857
7265,9304,690.8536010439028,644.3311739697773,960.0857142857143,443.8285714285714
7265,9305,690.8536010439028,644.3311739697773,959.9035714285715,428.9428571428571
7265,9306,690.8536010439028,644.3311739697773,959.7214285714285,414.0571428571428
7265,9307,690.8536010439028,644.3311739697773,959.5392857142857,399.1714285714286
7265,9308,690.8536010439028,644.3311739697773,959.3571428571429,384.2857142857143
7265,9309,690.8536010439028,644.3311739697773,959.175,369.4
7265,9310,690.8536010439028,644.3311739697773,958.9928571428571,354.51428571428573
7265,9311,690.8536010439028,644.3311739697773,958.8107142857143,339.62857142857143
7265,9312,690.8536010439028,644.3311739697773,958.6285714285714,324.74285714285713
7265,9313,690.8536010439028,644.3311739697773,958.4464285714286,309.85714285714283
7265,9314,690.8536010439028,644.3311739697773,958.2642857142857,294.97142857142853
7265,9315,690.8536010439028,644.3311739697773,958.0821428571428,280.0857142857143
7265,9316,690.8536010439028,644.3311739697773,957.9,265.2
7265,9317,690.8536010439028,644.3311739697773,957.9,265.2
7265,9318,690.8536010439028,644.3311739697773,957.9,265.2
7265,9319,690.8536010439028,644.3311739697773,957.9,265.2
7265,9320,690.8536010439028,644.3311739697773,957.9,265.2
7265,9321,690.8536010439028,644.3311739697773,957.9,265.2
7265,9322,690.8536010439028,644.3311739697773,957.9,265.2
7265,9323,690.8536010439028,644.3311739697773,957.9,265.2
7265,9324,690.8536010439028,644.3311739697773,957.9,265.2
7265,9325,690.8536010439028,644.3311739697773,957.9,265.2
7265,9326,690.8536010439028,644.3311739697773,957.9,265.2
7265,9327,690.8536010439028,644.3311739697773,957.9,265.2
7265,9328,690.8536010439028,644.3311739697773,957.9,265.2
7265,9329,690.8536010439028,644.3311739697773,957.9,265.2
7265,9330,690.8536010439028,644.3311739697773,957.9,265.2
7265,9331,690.8536010439028,644.3311739697773,957.9,265.2
7265,9332,690.8536010439028,644.3311739697773,957.9,265.2
7265,9333,690.8536010439028,644.3311739697773,957.9,265.2
7265,9334,690.8536010439028,644.3311739697773,957.9,265.2
7265,9335,690.8536010439028,644.3311739697773,957.9,265.2
7265,9336,690.8536010439028,644.3311739697773,957.9,265.2
7265,9337,690.8536010439028,644.3311739697773,957.9,265.2
7265,9338,690.8536010439028,644.3311739697773,957.9,265.2
7265,9339,690.8536010439028,644.3311739697773,957.9,265.2
7265,9340,690.8536010439028,644.3311739697773,957.9,265.2
7265,9341,690.8536010439028,644.3311739697773,957.9,265.2
7265,9342,690.8536010439028,644.3311739697773,957.9,265.2
7265,9343,690.8536010439028,644.3311739697773,957.9,265.2
7265,9344,690.8536010439028,644.3311739697773,957.9,265.2
7265,9345,690.8536010439028,644.3311739697773,957.9,265.2
7265,9346,690.8536010439028,644.3311739697773,957.9,265.2
7265,9347,690.8536010439028,644.3311739697773,957.9,265.2
7265,9348,690.8536010439028,644.3311739697773,957.9,265.2
7265,9349,690.8536010439028,644.3311739697773,957.9,265.2
7265,9350,690.8536010439028,644.3311739697773,957.9,265.2
7265,9351,690.8536010439028,644.3311739697773,957.9,265.2
7265,9352,690.8536010439028,644.3311739697773,957.9,265.2
7265,9353,690.8536010439028,644.3311739697773,957.9,265.2
7265,9354,690.8536010439028,644.3311739697773,957.9,265.2
7265,9355,690.8536010439028,644.3311739697773,957.9,265.2
7265,9356,690.8536010439028,644.3311739697773,957.9,265.2
7265,9357,690.8536010439028,644.3311739697773,957.9,265.2
7265,9358,690.8536010439028,644.3311739697773,957.9,265.2
7265,9359,690.8536010439028,644.3311739697773,957.9,265.2
7265,9360,690.8536010439028,644.3311739697773,957.9,265.2
7265,9361,690.8536010439028,644.3311739697773,957.9,265.2
7265,9362,690.8536010439028,644.3311739697773,957.9,265.2
7265,9363,690.8536010439028,644.3311739697773,957.9,265.2
7265,9364,690.8536010439028,644.3311739697773,957.9,265.2
7265,9365,690.8536010439028,644.3311739697773,957.9,265.2
7265,9366,690.8536010439028,644.3311739697773,957.9,265.2
7265,9367,690.8536010439028,644.3311739697773,957.9,265.2
7265,9368,690.8536010439028,644.3311739697773,957.9,265.2
7265,9369,690.8536010439028,644.3311739697773,957.9,265.2
7265,9370,690.8536010439028,644.3311739697773,957.9,265.2
7265,9371,690.8536010439028,644.3311739697773,957.9,265.2
7265,9372,690.8536010439028,644.3311739697773,957.9,265.2
7265,9373,690.8536010439028,644.3311739697773,957.9,265.2
7265,9374,690.8536010439028,644.3311739697773,957.9,265.2
7265,9375,690.8536010439028,644.3311739697773,957.9,265.2
7265,9376,690.8536010439028,644.3311739697773,957.9,265.2
7265,9377,690.8536010439028,644.3311739697773,957.9,265.2
7265,9378,690.8536010439028,644.3311739697773,957.9,265.2
7265,9379,690.8536010439028,644.3311739697773,957.9,265.2
7265,9380,690.8536010439028,644.3311739697773,957.9,265.2
7265,9381,690.8536010439028,644.3311739697773,957.9,265.2
7265,9382,690.8536010439028,644.3311739697773,957.9,265.2
7265,9383,690.8536010439028,644.3311739697773,957.9,265.2
7265,9384,690.8536010439028,644.3311739697773,957.9,265.2
7265,9385,690.8536010439028,644.3311739697773,957.9,265.2
7265,9386,690.8536010439028,644.3311739697773,957.9,265.2
7265,9387,690.8536010439028,644.3311739697773,957.9,265.2
7265,9388,690.8536010439028,644.3311739697773,957.9,265.2
7265,9389,690.8536010439028,644.3311739697773,957.9,265.2
7265,9390,690.8536010439028,644.3311739697773,957.9,265.2
7265,9391,690.8536010439028,644.3311739697773,957.9,265.2
7265,9392,690.8536010439028,644.3311739697773,957.9,265.2
7265,9393,690.8536010439028,644.3311739697773,957.9,265.2
7265,9394,690.8536010439028,644.3311739697773,957.9,265.2
7265,9395,690.8536010439028,644.3311739697773,957.9,265.2
7265,9396,690.8536010439028,644.3311739697773,957.9,265.2
7265,9397,690.8536010439028,644.3311739697773,957.9,265.2
7265,9398,690.8536010439028,644.3311739697773,957.9,265.2
7265,9399,690.8536010439028,644.3311739697773,957.9,265.2
7265,9400,690.8536010439028,644.3311739697773,957.9,265.2
7265,9401,690.8536010439028,644.3311739697773,957.9,265.2
7265,9402,690.8536010439028,644.3311739697773,957.9,265.2
7265,9403,690.8536010439028,644.3311739697773,957.9,265.2
7265,9404,690.8536010439028,644.3311739697773,957.9,265.2
7265,9405,690.8536010439028,644.3311739697773,957.9,265.2
7265,9406,690.8536010439028,644.3311739697773,957.9,265.2
7265,9407,690.8536010439028,644.3311739697773,957.9,265.2
7265,9408,690.8536010439028,644.3311739697773,957.9,265.2
7265,9409,690.8536010439028,644.3311739697773,957.9,265.2
7265,9410,690.8536010439028,644.3311739697773,957.9,265.2
7265,9411,690.8536010439028,644.3311739697773,957.9,265.2
7265,9412,690.8536010439028,644.3311739697773,957.9,265.2
7265,9413,690.8536010439028,644.3311739697773,957.9,265.2
7265,9414,690.8536010439028,644.3311739697773,957.9,265.2
7265,9415,690.8536010439028,644.3311739697773,957.9,265.2
7265,9416,690.8536010439028,644.3311739697773,957.9,265.2
7265,9417,690.8536010439028,644.3311739697773,957.9,265.2
7265,9418,690.8536010439028,644.3311739697773,957.9,265.2
7265,9419,690.8536010439028,644.3311739697773,957.9,265.2
7265,9420,690.8536010439028,644.3311739697773,957.9,265.2
7265,9421,690.8536010439028,644.3311739697773,957.9,265.2
7265,9422,690.8536010439028,644.3311739697773,957.9,265.2
7265,9423,690.8536010439028,644.3311739697773,957.9,265.2
7265,9424,690.8536010439028,644.3311739697773,957.9,265.2
7265,9425,690.8536010439028,644.3311739697773,957.9,265.2
7265,9426,690.8536010439028,644.3311739697773,957.9,265.2
7265,9427,690.8536010439028,644.3311739697773,957.9,265.2
7265,9428,690.8536010439028,644.3311739697773,957.9,265.2
7265,9429,792.8536010439028,646.3311739697773,957.9,265.2
7265,9430,792.8536010439028,646.3311739697773,957.9,265.2
7265,9431,792.8536010439028,646.3311739697773,957.9,265.2
7265,9432,792.8536010439028,646.3311739697773,957.9,265.2
7265,9433,792.8536010439028,646.3311739697773,957.9,265.2
7265,9434,792.8536010439028,646.3311739697773,957.9,265.2
7265,9435,792.8536010439028,646.3311739697773,957.9,265.2
7265,9436,792.8536010439028,646.3311739697773,957.9,265.2
7265,9437,792.8536010439028,646.3311739697773,957.9,265.2
7265,9438,792.8536010439028,646.3311739697773,957.9,265.2
7265,9439,792.8536010439028,646.3311739697773,957.9,265.2
7265,9440,792.8536010439028,646.3311739697773,957.9,265.2
7265,9441,792.8536010439028,646.3311739697773,957.9,265.2
7265,9442,792.8536010439028,646.3311739697773,957.9,265.2
7265,9443,792.8536010439028,646.3311739697773,957.9,265.2
7265,9444,792.8536010439028,646.3311739697773,957.9,265.2
7265,9445,792.8536010439028,646.3311739697773,957.9,265.2
7265,9446,792.8536010439028,646.3311739697773,957.9,265.2
7265,9447,792.8536010439028,646.3311739697773,957.9,265.2
7265,9448,792.8536010439028,646.3311739697773,957.9,265.2
7265,9449,792.8536010439028,646.3311739697773,957.9,265.2
7265,9450,792.8536010439028,646.3311739697773,957.9,265.2
7265,9451,792.8536010439028,646.3311739697773,957.9,265.2
7265,9452,792.8536010439028,646.3311739697773,960.1714285714286,264.0142857142857
7265,9453,792.8536010439028,646.3311739697773,962.4428571428571,262.8285714285714
7265,9454,792.8536010439028,646.3311739697773,964.7142857142857,261.6428571428571
7265,9455,792.8536010439028,646.3311739697773,966.9857142857143,260.45714285714286
7265,9456,792.8536010439028,646.3311739697773,969.2571428571429,259.27142857142854
7265,9457,792.8536010439028,646.3311739697773,971.5285714285714,258.0857142857143
7265,9458,792.8536010439028,646.3311739697773,973.8,256.9
7265,9459,792.8536010439028,646.3311739697773,973.8,256.9
7265,9460,792.8536010439028,646.3311739697773,973.8,256.9
7265,9461,792.8536010439028,646.3311739697773,973.8,256.9
7265,9462,894.8536010439028,648.3311739697773,973.8,256.9
7265,9463,894.8536010439028,648.3311739697773,973.8,256.9
7265,9464,894.8536010439028,648.3311739697773,973.8,256.9
7265,9465,894.8536010439028,648.3311739697773,973.8,256.9
7265,9466,894.8536010439028,648.3311739697773,973.8,256.9
7265,9467,894.8536010439028,648.3311739697773,973.8,256.9
7265,9468,894.8536010439028,648.3311739697773,973.8,256.9
7265,9469,894.8536010439028,648.3311739697773,973.8,256.9
7265,9470,894.8536010439028,648.3311739697773,973.8,256.9
7265,9471,894.8536010439028,648.3311739697773,973.8,256.9
7265,9472,894.8536010439028,648.3311739697773,973.8,256.9
7265,9473,894.8536010439028,648.3311739697773,973.8,256.9
7265,9474,894.8536010439028,648.3311739697773,973.8,256.9
7265,9475,894.8536010439028,648.3311739697773,973.8,256.9
7265,9476,894.8536010439028,648.3311739697773,973.8,256.9
7265,9477,894.8536010439028,648.3311739697773,973.8,256.9
7265,9478,894.8536010439028,648.3311739697773,973.8,256.9
7265,9479,894.8536010439028,648.3311739697773,973.8,256.9
7265,9480,894.8536010439028,648.3311739697773,973.8,256.9
7265,9481,894.8536010439028,648.3311739697773,973.8,256.9
7265,9482,894.8536010439028,648.3311739697773,973.8,256.9
7265,9483,894.8536010439028,648.3311739697773,973.8,256.9
7265,9484,894.8536010439028,648.3311739697773,973.8,256.9
7265,9485,894.8536010439028,648.3311739697773,973.8,256.9
7265,9486,894.8536010439028,648.3311739697773,973.8,256.9
7265,9487,894.8536010439028,648.3311739697773,973.8,256.9
7265,9488,894.8536010439028,648.3311739697773,973.8,256.9
7265,9489,894.8536010439028,648.3311739697773,973.8,256.9
7265,9490,894.8536010439028,648.3311739697773,973.8,256.9
7265,9491,894.8536010439028,648.3311739697773,973.8,256.9
7265,9492,894.8536010439028,648.3311739697773,973.8,256.9
7265,9493,894.8536010439028,648.3311739697773,973.8,256.9
7265,9494,894.8536010439028,648.3311739697773,973.8,256.9
7265,9495,894.8536010439028,648.3311739697773,973.8,256.9
7265,9496,894.8536010439028,648.3311739697773,973.8,256.9
7265,9497,894.8536010439028,648.3311739697773,973.8,256.9
7265,9498,894.8536010439028,648.3311739697773,973.8,256.9
7265,9499,894.8536010439028,648.3311739697773,973.8,256.9
7265,9500,894.8536010439028,648.3311739697773,973.8,256.9
7265,9501,894.8536010439028,648.3311739697773,973.8,256.9
7265,9502,894.8536010439028,648.3311739697773,973.8,256.9
7265,9503,894.8536010439028,648.3311739697773,973.8,256.9
7265,9504,894.8536010439028,648.3311739697773,973.8,256.9
7265,9505,894.8536010439028,648.3311739697773,973.8,256.9
7265,9506,894.8536010439028,648.3311739697773,973.8,256.9
7265,9507,894.8536010439028,648.3311739697773,973.8,256.9
7265,9508,894.8536010439028,648.3311739697773,973.8,256.9
7265,9509,894.8536010439028,648.3311739697773,973.8,256.9
7265,9510,894.8536010439028,648.3311739697773,973.8,256.9
7265,9511,894.8536010439028,648.3311739697773,973.8,256.9
7265,9512,894.8536010439028,648.3311739697773,973.8,256.9
7265,9513,894.8536010439028,648.3311739697773,973.8,256.9
7265,9514,894.8536010439028,648.3311739697773,973.8,256.9
7265,9515,894.8536010439028,648.3311739697773,973.8,256.9
7265,9516,894.8536010439028,648.3311739697773,973.8,256.9
7265,9517,894.8536010439028,648.3311739697773,973.8,256.9
7265,9518,894.8536010439028,648.3311739697773,973.8,256.9
7265,9519,894.8536010439028,648.3311739697773,973.8,256.9
7265,9520,894.8536010439028,648.3311739697773,973.8,256.9
7265,9521,894.8536010439028,648.3311739697773,973.8,256.9
7265,9522,894.8536010439028,648.3311739697773,973.8,256.9
7265,9523,894.8536010439028,648.3311739697773,973.8,256.9
7265,9524,894.8536010439028,648.3311739697773,973.8,256.9
7265,9525,894.8536010439028,648.3311739697773,973.8,256.9
7265,9526,894.8536010439028,648.3311739697773,973.8,256.9
7265,9527,894.8536010439028,648.3311739697773,973.8,256.9
7265,9528,894.8536010439028,648.3311739697773,973.8,256.9
7265,9529,894.8536010439028,648.3311739697773,973.8,256.9
7265,9530,894.8536010439028,648.3311739697773,973.8,256.9
7265,9531,894.8536010439028,648.3311739697773,973.8,256.9
7265,9532,894.8536010439028,648.3311739697773,973.8,256.9
7265,9533,894.8536010439028,648.3311739697773,973.8,256.9
7265,9534,894.8536010439028,648.3311739697773,973.8,256.9
7265,9535,894.8536010439028,648.3311739697773,973.8,256.9
7265,9536,894.8536010439028,648.3311739697773,973.8,256.9
7265,9537,894.8536010439028,648.3311739697773,973.8,256.9
7265,9538,894.8536010439028,648.3311739697773,973.8,256.9
7265,9539,894.8536010439028,648.3311739697773,973.8,256.9
7265,9540,894.8536010439028,648.3311739697773,973.8,256.9
7265,9541,894.8536010439028,648.3311739697773,973.8,256.9
7265,9542,894.8536010439028,648.3311739697773,973.8,256.9
7265,9543,894.8536010439028,648.3311739697773,973.8,256.9
7265,9544,894.8536010439028,648.3311739697773,973.8,256.9
7265,9545,894.8536010439028,648.3311739697773,973.8,256.9
7265,9546,894.8536010439028,648.3311739697773,973.8,256.9
7265,9547,894.8536010439028,648.3311739697773,973.8,256.9
7265,9548,894.8536010439028,648.3311739697773,973.8,256.9
7265,9549,894.8536010439028,648.3311739697773,973.8,256.9
7265,9550,894.8536010439028,648.3311739697773,973.8,256.9
7265,9551,894.8536010439028,648.3311739697773,973.8,256.9
7265,9552,894.8536010439028,648.3311739697773,973.8,256.9
7265,9553,894.8536010439028,648.3311739697773,973.8,256.9
7265,9554,894.8536010439028,648.3311739697773,973.8,256.9
7266,9555,894.8536010439028,648.3311739697773,973.8,256.9
7267,9556,894.8536010439028,648.3311739697773,973.8,256.9
7268,9557,894.8536010439028,648.3311739697773,973.8,256.9
7269,9558,894.8536010439028,648.3311739697773,973.8,256.9
7270,9559,894.8536010439028,648.3311739697773,973.8,256.9
7271,9560,894.8536010439028,648.3311739697773,973.8,256.9
7272,9561,894.8536010439028,648.3311739697773,973.8,256.9
7273,9562,894.8536010439028,648.3311739697773,973.8,256.9
7274,9563,894.8536010439028,648.3311739697773,973.8,256.9
7275,9564,894.8536010439028,648.3311739697773,973.8,256.9
7276,9565,894.8536010439028,648.3311739697773,973.8,256.9
7277,9566,894.8536010439028,648.3311739697773,973.8,256.9
7278,9567,894.8536010439028,648.3311739697773,973.8,256.9
7279,9568,894.8536010439028,648.3311739697773,973.8,256.9
7280,9569,894.8536010439028,648.3311739697773,973.8,256.9
7281,9570,894.8536010439028,648.3311739697773,973.8,256.9
7282,9571,894.8536010439028,648.3311739697773,973.8,256.9
7283,9572,894.8536010439028,648.3311739697773,973.8,256.9
7284,9573,894.8536010439028,648.3311739697773,973.8,256.9
7285,9574,894.8536010439028,648.3311739697773,973.8,256.9
7286,9575,894.8536010439028,648.3311739697773,973.8,256.9
7287,9576,894.8536010439028,648.3311739697773,973.8,256.9
7288,9577,894.8536010439028,648.3311739697773,973.8,256.9
7289,9578,894.8536010439028,648.3311739697773,973.8,256.9
7290,9579,894.8536010439028,648.3311739697773,973.8,256.9
7291,9580,894.8536010439028,648.3311739697773,973.8,256.9
7292,9581,894.8536010439028,648.3311739697773,973.8,256.9
7293,9582,894.8536010439028,648.3311739697773,973.8,256.9
7294,9583,894.8536010439028,648.3311739697773,973.8,256.9
7295,9584,894.8536010439028,648.3311739697773,973.8,256.9
7296,9585,894.8536010439028,648.3311739697773,973.8,256.9
7297,9586,894.8536010439028,648.3311739697773,973.8,256.9
7298,9587,894.8536010439028,648.3311739697773,973.8,256.9
7299,9588,894.8536010439028,648.3311739697773,973.8,256.9
7300,9589,894.8536010439028,648.3311739697773,973.8,256.9
7301,9590,894.8536010439028,648.3311739697773,973.8,256.9
7302,9591,894.8536010439028,648.3311739697773,973.8,256.9
7303,9592,894.8536010439028,648.3311739697773,973.8,256.9
7304,9593,894.8536010439028,648.3311739697773,973.8,256.9
7305,9594,894.8536010439028,648.3311739697773,973.8,256.9
7306,9595,894.8536010439028,648.3311739697773,973.8,256.9
7307,9596,894.8536010439028,648.3311739697773,973.8,256.9
7308,9597,894.8536010439028,648.3311739697773,973.8,256.9
7309,9598,894.8536010439028,648.3311739697773,973.8,256.9
7310,9599,894.8536010439028,648.3311739697773,973.8,256.9
7311,9600,894.8536010439028,648.3311739697773,973.8,256.9
7312,9601,894.8536010439028,648.3311739697773,973.8,256.9
7313,9602,894.8536010439028,648.3311739697773,973.8,256.9
7314,9603,894.8536010439028,648.3311739697773,973.8,256.9
7315,9604,894.8536010439028,648.3311739697773,973.8,256.9
7316,9605,894.8536010439028,648.3311739697773,973.8,256.9
7317,9606,894.8536010439028,648.3311739697773,973.8,256.9
7318,9607,894.8536010439028,648.3311739697773,973.8,256.9
7319,9608,894.8536010439028,648.3311739697773,973.8,256.9
7320,9609,894.8536010439028,648.3311739697773,973.8,256.9
7321,9610,894.8536010439028,648.3311739697773,973.8,256.9
7322,9611,894.8536010439028,648.3311739697773,973.8,256.9
7323,9612,894.8536010439028,648.3311739697773,973.8,256.9
7324,9613,894.8536010439028,648.3311739697773,973.8,256.9
7325,9614,894.8536010439028,648.3311739697773,973.8,256.9
7326,9615,894.8536010439028,648.3311739697773,973.8,256.9
7327,9616,894.8536010439028,648.3311739697773,973.8,256.9
7328,9617,894.8536010439028,648.3311739697773,973.8,256.9
7329,9618,894.8536010439028,648.3311739697773,973.8,256.9
7330,9619,894.8536010439028,648.3311739697773,973.8,256.9
7331,9620,894.8536010439028,648.3311739697773,973.8,256.9
7332,9621,894.8536010439028,648.3311739697773,973.8,256.9
7333,9622,894.8536010439028,648.3311739697773,973.8,256.9
7334,9623,894.8536010439028,648.3311739697773,973.8,256.9
7335,9624,894.8536010439028,648.3311739697773,973.8,256.9
7336,9625,894.8536010439028,648.3311739697773,973.8,256.9
7337,9626,894.8536010439028,648.3311739697773,973.8,256.9
7338,9627,894.8536010439028,648.3311739697773,973.8,256.9
7339,9628,952.8536010439028,633.3311739697773,973.8,256.9
7340,9629,952.8536010439028,633.3311739697773,973.8,256.9
7341,9630,952.8536010439028,633.3311739697773,973.8,256.9
7342,9631,952.8536010439028,633.3311739697773,973.8,256.9
7343,9632,952.8536010439028,633.3311739697773,973.8,256.9
7344,9633,952.8536010439028,633.3311739697773,973.8,256.9
7345,9634,952.8536010439028,633.3311739697773,973.8,256.9
7346,9635,952.8536010439028,633.3311739697773,973.8,256.9
7347,9636,952.8536010439028,633.3311739697773,973.8,256.9
7348,9637,952.8536010439028,633.3311739697773,973.8,256.9
7349,9638,952.8536010439028,633.3311739697773,973.8,256.9
7350,9639,952.8536010439028,633.3311739697773,973.8,256.9
7351,9640,952.8536010439028,633.3311739697773,973.8,256.9
7352,9641,952.8536010439028,633.3311739697773,973.8,256.9
7353,9642,952.8536010439028,633.3311739697773,973.8,256.9
7354,9643,952.8536010439028,633.3311739697773,973.8,256.9
7355,9644,952.8536010439028,633.3311739697773,973.8,256.9
7356,9645,952.8536010439028,633.3311739697773,973.8,256.9
7357,9646,952.8536010439028,633.3311739697773,973.8,256.9
7358,9647,952.8536010439028,633.3311739697773,973.8,256.9
7359,9648,952.8536010439028,633.3311739697773,967.3363636363636,263.3636363636363
7360,9649,952.8536010439028,633.3311739697773,960.8727272727273,269.8272727272727
7361,9650,952.8536010439028,633.3311739697773,954.4090909090909,276.29090909090905
7362,9651,952.8536010439028,633.3311739697773,947.9454545454545,282.75454545454545
7363,9652,952.8536010439028,633.3311739697773,941.4818181818182,289.2181818181818
7364,9653,952.8536010439028,633.3311739697773,935.0181818181818,295.6818181818182
7365,9654,952.8536010439028,633.3311739697773,928.5545454545454,302.1454545454545
7366,9655,952.8536010439028,633.3311739697773,922.0909090909091,308.6090909090909
7367,9656,952.8536010439028,633.3311739697773,915.6272727272727,315.07272727272726
7368,9657,952.8536010439028,633.3311739697773,909.1636363636363,321.5363636363636
7369,9658,952.8536010439028,633.3311739697773,902.7,328.0
7370,9659,952.8536010439028,633.3311739697773,896.2363636363636,334.4636363636364
7371,9660,952.8536010439028,633.3311739697773,889.7727272727273,340.92727272727274
7372,9661,952.8536010439028,633.3311739697773,883.3090909090909,347.3909090909091
7373,9662,952.8536010439028,633.3311739697773,876.8454545454546,353.8545454545455
7374,9663,952.8536010439028,633.3311739697773,870.3818181818182,360.3181818181818
7375,9664,952.8536010439028,633.3311739697773,863.9181818181819,366.7818181818182
7376,9665,952.8536010439028,633.3311739697773,857.4545454545455,373.24545454545455
7377,9666,952.8536010439028,633.3311739697773,850.9909090909091,379.70909090909095
7378,9667,952.8536010439028,633.3311739697773,844.5272727272727,386.1727272727273
7379,9668,952.8536010439028,633.3311739697773,838.0636363636364,392.6363636363636
7380,9669,952.8536010439028,633.3311739697773,831.6,399.1
7381,9670,952.8536010439028,633.3311739697773,831.6,399.1
7382,9671,952.8536010439028,633.3311739697773,831.6,399.1
7383,9672,952.8536010439028,633.3311739697773,831.6,399.1
7384,9673,952.8536010439028,633.3311739697773,831.6,399.1
7385,9674,952.8536010439028,633.3311739697773,831.6,399.1
7386,9675,952.8536010439028,633.3311739697773,831.6,399.1
7387,9676,952.8536010439028,633.3311739697773,831.6,399.1
7388,9677,952.8536010439028,633.3311739697773,831.6,399.1
7389,9678,952.8536010439028,633.3311739697773,831.6,399.1
7390,9679,952.8536010439028,633.3311739697773,831.6,399.1
7391,9680,952.8536010439028,633.3311739697773,831.6,399.1
7392,9681,952.8536010439028,633.3311739697773,831.6,399.1
7393,9682,952.8536010439028,633.3311739697773,831.6,399.1
7394,9683,952.8536010439028,633.3311739697773,831.6,399.1
7395,9684,952.8536010439028,633.3311739697773,831.6,399.1
7396,9685,952.8536010439028,633.3311739697773,831.6,399.1
7397,9686,952.8536010439028,633.3311739697773,831.6,399.1
7398,9687,952.8536010439028,633.3311739697773,831.6,399.1
7399,9688,952.8536010439028,633.3311739697773,831.6,399.1
7400,9689,952.8536010439028,633.3311739697773,831.6,399.1
7401,9690,952.8536010439028,633.3311739697773,831.6,399.1
7402,9691,952.8536010439028,633.3311739697773,831.6,399.1
7403,9692,952.8536010439028,633.3311739697773,831.6,399.1
7404,9693,952.8536010439028,633.3311739697773,831.6,399.1
7405,9694,952.8536010439028,633.3311739697773,831.6,399.1
7406,9695,952.8536010439028,633.3311739697773,831.6,399.1
7407,9696,952.8536010439028,633.3311739697773,831.6,399.1
7408,9697,952.8536010439028,633.3311739697773,831.6,399.1
7409,9698,952.8536010439028,633.3311739697773,831.6,399.1
7410,9699,952.8536010439028,633.3311739697773,831.6,399.1
7411,9700,952.8536010439028,633.3311739697773,831.6,399.1
7412,9701,952.8536010439028,633.3311739697773,831.6,399.1
7413,9702,952.8536010439028,633.3311739697773,831.6,399.1
7414,9703,952.8536010439028,633.3311739697773,831.6,399.1
7415,9704,952.8536010439028,633.3311739697773,831.6,399.1
7416,9705,952.8536010439028,633.3311739697773,831.6,399.1
7417,9706,952.8536010439028,633.3311739697773,831.6,399.1
7418,9707,952.8536010439028,633.3311739697773,831.6,399.1
7419,9708,952.8536010439028,633.3311739697773,831.6,399.1
7420,9709,952.8536010439028,633.3311739697773,831.6,399.1
7421,9710,952.8536010439028,633.3311739697773,831.6,399.1
7422,9711,952.8536010439028,633.3311739697773,831.6,399.1
7423,9712,952.8536010439028,633.3311739697773,831.6,399.1
7424,9713,952.8536010439028,633.3311739697773,831.6,399.1
7425,9714,952.8536010439028,633.3311739697773,831.6,399.1
7426,9715,952.8536010439028,633.3311739697773,831.6,399.1
7427,9716,952.8536010439028,633.3311739697773,831.6,399.1
7428,9717,952.8536010439028,633.3311739697773,831.6,399.1
7429,9718,952.8536010439028,633.3311739697773,831.6,399.1
7430,9719,952.8536010439028,633.3311739697773,831.6,399.1
7431,9720,952.8536010439028,633.3311739697773,831.6,399.1
7432,9721,952.8536010439028,633.3311739697773,831.6,399.1
7433,9722,952.8536010439028,633.3311739697773,831.6,399.1
7434,9723,952.8536010439028,633.3311739697773,831.6,399.1
7435,9724,952.8536010439028,633.3311739697773,831.6,399.1
7436,9725,952.8536010439028,633.3311739697773,831.6,399.1
7437,9726,952.8536010439028,633.3311739697773,831.6,399.1
7438,9727,952.8536010439028,633.3311739697773,831.6,399.1
7439,9728,952.8536010439028,633.3311739697773,831.6,399.1
7440,9729,952.8536010439028,633.3311739697773,831.6,399.1
7441,9730,952.8536010439028,633.3311739697773,831.6,399.1
7442,9731,952.8536010439028,633.3311739697773,831.6,399.1
7443,9732,952.8536010439028,633.3311739697773,831.6,399.1
7444,9733,952.8536010439028,633.3311739697773,831.6,399.1
7445,9734,952.8536010439028,633.3311739697773,831.6,399.1
7446,9735,952.8536010439028,633.3311739697773,831.6,399.1
7447,9736,952.8536010439028,633.3311739697773,831.6,399.1
7448,9737,952.8536010439028,633.3311739697773,831.6,399.1
7449,9738,952.8536010439028,633.3311739697773,831.6,399.1
7450,9739,952.8536010439028,633.3311739697773,831.6,399.1
7451,9740,952.8536010439028,633.3311739697773,831.6,399.1
7452,9741,952.8536010439028,633.3311739697773,831.6,399.1
7453,9742,952.8536010439028,633.3311739697773,831.6,399.1
7454,9743,952.8536010439028,633.3311739697773,831.6,399.1
7455,9744,952.8536010439028,633.3311739697773,831.6,399.1
7456,9745,952.8536010439028,633.3311739697773,831.6,399.1
7457,9746,952.8536010439028,633.3311739697773,831.6,399.1
7458,9747,952.8536010439028,633.3311739697773,831.6,399.1
7459,9748,952.8536010439028,633.3311739697773,831.6,399.1
7460,9749,952.8536010439028,633.3311739697773,831.6,399.1
7461,9750,952.8536010439028,633.3311739697773,831.6,399.1
7462,9751,952.8536010439028,633.3311739697773,831.6,399.1
7463,9752,952.8536010439028,633.3311739697773,831.6,399.1
7464,9753,952.8536010439028,633.3311739697773,831.6,399.1
7465,9754,952.8536010439028,633.3311739697773,831.6,399.1
7466,9755,952.8536010439028,633.3311739697773,831.6,399.1
7467,9756,952.8536010439028,633.3311739697773,831.6,399.1
7468,9757,952.8536010439028,633.3311739697773,831.6,399.1
7469,9758,952.8536010439028,633.3311739697773,831.6,399.1
7470,9759,952.8536010439028,633.3311739697773,831.6,399.1
7471,9760,952.8536010439028,633.3311739697773,831.6,399.1
7472,9761,952.8536010439028,633.3311739697773,831.6,399.1
7473,9762,944.8536010439028,455.3311739697773,831.6,399.1
7474,9763,944.8536010439028,455.3311739697773,831.6,399.1
7475,9764,944.8536010439028,455.3311739697773,831.6,399.1
7476,9765,944.8536010439028,455.3311739697773,831.6,399.1
7477,9766,944.8536010439028,455.3311739697773,831.6,399.1
7478,9767,944.8536010439028,455.3311739697773,831.6,399.1
7479,9768,944.8536010439028,455.3311739697773,831.6,399.1
7480,9769,944.8536010439028,455.3311739697773,831.6,399.1
7481,9770,944.8536010439028,455.3311739697773,831.6,399.1
7482,9771,944.8536010439028,455.3311739697773,831.6,399.1
7483,9772,944.8536010439028,455.3311739697773,831.6,399.1
7484,9773,944.8536010439028,455.3311739697773,831.6,399.1
7485,9774,944.8536010439028,455.3311739697773,831.6,399.1
7486,9775,944.8536010439028,455.3311739697773,831.6,399.1
7487,9776,944.8536010439028,455.3311739697773,831.6,399.1
7488,9777,944.8536010439028,455.3311739697773,831.6,399.1
7489,9778,944.8536010439028,455.3311739697773,831.6,399.1
7490,9779,944.8536010439028,455.3311739697773,831.6,399.1
7491,9780,944.8536010439028,455.3311739697773,831.6,399.1
7492,9781,944.8536010439028,455.3311739697773,831.6,399.1
7493,9782,944.8536010439028,455.3311739697773,831.6,399.1
7494,9783,944.8536010439028,455.3311739697773,831.6,399.1
7495,9784,944.8536010439028,455.3311739697773,831.6,399.1
7496,9785,944.8536010439028,455.3311739697773,831.6,399.1
7497,9786,944.8536010439028,455.3311739697773,831.6,399.1
7498,9787,944.8536010439028,455.3311739697773,831.6,399.1
7499,9788,944.8536010439028,455.3311739697773,831.6,399.1
7500,9789,944.8536010439028,455.3311739697773,831.6,399.1
7501,9790,944.8536010439028,455.3311739697773,831.6,399.1
7502,9791,944.8536010439028,455.3311739697773,831.6,399.1
7503,9792,944.8536010439028,455.3311739697773,831.6,399.1
7504,9793,944.8536010439028,455.3311739697773,831.6,399.1
7505,9794,944.8536010439028,455.3311739697773,831.6,399.1
7506,9795,944.8536010439028,455.3311739697773,831.6,399.1
7507,9796,937.8536010439028,278.3311739697773,831.6,399.1
7508,9797,937.8536010439028,278.3311739697773,831.6,399.1
7509,9798,937.8536010439028,278.3311739697773,831.6,399.1
7510,9799,937.8536010439028,278.3311739697773,831.6,399.1
7511,9800,937.8536010439028,278.3311739697773,831.6,399.1
7512,9801,937.8536010439028,278.3311739697773,831.6,399.1
7513,9802,937.8536010439028,278.3311739697773,831.6,399.1
7514,9803,937.8536010439028,278.3311739697773,831.6,399.1
7515,9804,937.8536010439028,278.3311739697773,831.6,399.1
7516,9805,937.8536010439028,278.3311739697773,831.6,399.1
7517,9806,937.8536010439028,278.3311739697773,831.6,399.1
7518,9807,937.8536010439028,278.3311739697773,831.6,399.1
7519,9808,937.8536010439028,278.3311739697773,831.6,399.1
7520,9809,937.8536010439028,278.3311739697773,831.6,399.1
7521,9810,937.8536010439028,278.3311739697773,831.6,399.1
7522,9811,937.8536010439028,278.3311739697773,831.6,399.1
7523,9812,937.8536010439028,278.3311739697773,831.6,399.1
7524,9813,937.8536010439028,278.3311739697773,831.6,399.1
7525,9814,937.8536010439028,278.3311739697773,831.6,399.1
7526,9815,937.8536010439028,278.3311739697773,831.6,399.1
7527,9816,937.8536010439028,278.3311739697773,831.6,399.1
7528,9817,937.8536010439028,278.3311739697773,831.6,399.1
7529,9818,937.8536010439028,278.3311739697773,831.6,399.1
7530,9819,937.8536010439028,278.3311739697773,831.6,399.1
7531,9820,937.8536010439028,278.3311739697773,831.6,399.1
7532,9821,937.8536010439028,278.3311739697773,831.6,399.1
7533,9822,937.8536010439028,278.3311739697773,831.6,399.1
7534,9823,937.8536010439028,278.3311739697773,831.6,399.1
7535,9824,937.8536010439028,278.3311739697773,831.6,399.1
7536,9825,937.8536010439028,278.3311739697773,831.6,399.1
7537,9826,937.8536010439028,278.3311739697773,831.6,399.1
7538,9827,937.8536010439028,278.3311739697773,831.6,399.1
7539,9828,937.8536010439028,278.3311739697773,831.6,399.1
7540,9829,937.8536010439028,278.3311739697773,831.6,399.1
7541,9830,937.8536010439028,278.3311739697773,831.6,399.1
7542,9831,937.8536010439028,278.3311739697773,831.6,399.1
7543,9832,937.8536010439028,278.3311739697773,831.6,399.1
7544,9833,937.8536010439028,278.3311739697773,831.6,399.1
7545,9834,937.8536010439028,278.3311739697773,831.6,399.1
7546,9835,937.8536010439028,278.3311739697773,831.6,399.1
7547,9836,937.8536010439028,278.3311739697773,831.6,399.1
7548,9837,937.8536010439028,278.3311739697773,831.6,399.1
7549,9838,937.8536010439028,278.3311739697773,831.6,399.1
7550,9839,937.8536010439028,278.3311739697773,831.6,399.1
7551,9840,937.8536010439028,278.3311739697773,831.6,399.1
7552,9841,937.8536010439028,278.3311739697773,831.6,399.1
7553,9842,937.8536010439028,278.3311739697773,831.6,399.1
7554,9843,937.8536010439028,278.3311739697773,831.6,399.1
7555,9844,937.8536010439028,278.3311739697773,831.6,399.1
7556,9845,937.8536010439028,278.3311739697773,831.6,399.1
7557,9846,937.8536010439028,278.3311739697773,831.6,399.1
7558,9847,937.8536010439028,278.3311739697773,831.6,399.1
7559,9848,937.8536010439028,278.3311739697773,831.6,399.1
7560,9849,937.8536010439028,278.3311739697773,831.6,399.1
7561,9850,937.8536010439028,278.3311739697773,831.6,399.1
7562,9851,937.8536010439028,278.3311739697773,831.6,399.1
7563,9852,937.8536010439028,278.3311739697773,831.6,399.1
7564,9853,937.8536010439028,278.3311739697773,831.6,399.1
7565,9854,937.8536010439028,278.3311739697773,831.6,399.1
7566,9855,937.8536010439028,278.3311739697773,831.6,399.1
7567,9856,937.8536010439028,278.3311739697773,831.6,399.1
7568,9857,937.8536010439028,278.3311739697773,831.6,399.1
7569,9858,937.8536010439028,278.3311739697773,831.6,399.1
7570,9859,937.8536010439028,278.3311739697773,831.6,399.1
7571,9860,937.8536010439028,278.3311739697773,831.6,399.1
7572,9861,937.8536010439028,278.3311739697773,831.6,399.1
7573,9862,937.8536010439028,278.3311739697773,831.6,399.1
7574,9863,937.8536010439028,278.3311739697773,831.6,399.1
7575,9864,937.8536010439028,278.3311739697773,831.6,399.1
7576,9865,937.8536010439028,278.3311739697773,827.29,390.09000000000003
7577,9866,937.8536010439028,278.3311739697773,822.98,381.08000000000004
7578,9867,937.8536010439028,278.3311739697773,818.6700000000001,372.07
7579,9868,937.8536010439028,278.3311739697773,814.36,363.06
7580,9869,937.8536010439028,278.3311739697773,810.05,354.05
7581,9870,937.8536010439028,278.3311739697773,805.74,345.04
7582,9871,937.8536010439028,278.3311739697773,801.4300000000001,336.03000000000003
7583,9872,937.8536010439028,278.3311739697773,797.12,327.02
7584,9873,937.8536010439028,278.3311739697773,792.81,318.01
7585,9874,937.8536010439028,278.3311739697773,788.5,309.0
7586,9875,937.8536010439028,278.3311739697773,788.5,309.0
7587,9876,937.8536010439028,278.3311739697773,788.5,309.0
7588,9877,937.8536010439028,278.3311739697773,788.5,309.0
7589,9878,937.8536010439028,278.3311739697773,788.5,309.0
7590,9879,937.8536010439028,278.3311739697773,788.5,309.0
7591,9880,937.8536010439028,278.3311739697773,788.5,309.0
7592,9881,937.8536010439028,278.3311739697773,788.5,309.0
7593,9882,937.8536010439028,278.3311739697773,788.5,309.0
7594,9883,937.8536010439028,278.3311739697773,788.5,309.0
7595,9884,937.8536010439028,278.3311739697773,788.5,309.0
7596,9885,937.8536010439028,278.3311739697773,788.5,309.0
7597,9886,937.8536010439028,278.3311739697773,788.5,309.0
7598,9887,937.8536010439028,278.3311739697773,788.5,309.0
7599,9888,937.8536010439028,278.3311739697773,788.5,309.0
7600,9889,937.8536010439028,278.3311739697773,788.5,309.0
7601,9890,937.8536010439028,278.3311739697773,788.5,309.0
7602,9891,937.8536010439028,278.3311739697773,788.5,309.0
7603,9892,937.8536010439028,278.3311739697773,788.5,309.0
7604,9893,937.8536010439028,278.3311739697773,788.5,309.0
7605,9894,937.8536010439028,278.3311739697773,788.5,309.0
7606,9895,937.8536010439028,278.3311739697773,788.5,309.0
7607,9896,937.8536010439028,278.3311739697773,788.5,309.0
7608,9897,937.8536010439028,278.3311739697773,788.5,309.0
7609,9898,937.8536010439028,278.3311739697773,788.5,309.0
7610,9899,937.8536010439028,278.3311739697773,788.5,309.0
7611,9900,937.8536010439028,278.3311739697773,788.5,309.0
7612,9901,937.8536010439028,278.3311739697773,788.5,309.0
7613,9902,937.8536010439028,278.3311739697773,788.5,309.0
7614,9903,937.8536010439028,278.3311739697773,788.5,309.0
7615,9904,937.8536010439028,278.3311739697773,788.5,309.0
7616,9905,937.8536010439028,278.3311739697773,788.5,309.0
7617,9906,937.8536010439028,278.3311739697773,788.5,309.0
7618,9907,937.8536010439028,278.3311739697773,788.5,309.0
7619,9908,937.8536010439028,278.3311739697773,788.5,309.0
7620,9909,937.8536010439028,278.3311739697773,788.5,309.0
7621,9910,937.8536010439028,278.3311739697773,788.5,309.0
7622,9911,937.8536010439028,278.3311739697773,788.5,309.0
7623,9912,937.8536010439028,278.3311739697773,788.5,309.0
7624,9913,937.8536010439028,278.3311739697773,788.5,309.0
7625,9914,937.8536010439028,278.3311739697773,788.5,309.0
7626,9915,937.8536010439028,278.3311739697773,788.5,309.0
7627,9916,937.8536010439028,278.3311739697773,788.5,309.0
7628,9917,937.8536010439028,278.3311739697773,788.5,309.0
7629,9918,937.8536010439028,278.3311739697773,788.5,309.0
7630,9919,937.8536010439028,278.3311739697773,788.5,309.0
7631,9920,937.8536010439028,278.3311739697773,788.5,309.0
7632,9921,937.8536010439028,278.3311739697773,788.5,309.0
7633,9922,937.8536010439028,278.3311739697773,788.5,309.0
7634,9923,937.8536010439028,278.3311739697773,788.5,309.0
7635,9924,937.8536010439028,278.3311739697773,788.5,309.0
7636,9925,937.8536010439028,278.3311739697773,788.5,309.0
7637,9926,937.8536010439028,278.3311739697773,788.5,309.0
7638,9927,937.8536010439028,278.3311739697773,788.5,309.0
7639,9928,937.8536010439028,278.3311739697773,788.5,309.0
7640,9929,937.8536010439028,278.3311739697773,788.5,309.0
7641,9930,937.8536010439028,278.3311739697773,788.5,309.0
7642,9931,937.8536010439028,278.3311739697773,788.5,309.0
7643,9932,937.8536010439028,278.3311739697773,788.5,309.0
7644,9933,937.8536010439028,278.3311739697773,788.5,309.0
7645,9934,937.8536010439028,278.3311739697773,788.5,309.0
7646,9935,937.8536010439028,278.3311739697773,788.5,309.0
7647,9936,937.8536010439028,278.3311739697773,788.5,309.0
7648,9937,937.8536010439028,278.3311739697773,788.5,309.0
7649,9938,937.8536010439028,278.3311739697773,788.5,309.0
7650,9939,937.8536010439028,278.3311739697773,788.5,309.0
7651,9940,937.8536010439028,278.3311739697773,788.5,309.0
7652,9941,937.8536010439028,278.3311739697773,788.5,309.0
7653,9942,937.8536010439028,278.3311739697773,788.5,309.0
7654,9943,937.8536010439028,278.3311739697773,788.5,309.0
7655,9944,937.8536010439028,278.3311739697773,788.5,309.0
7656,9945,937.8536010439028,278.3311739697773,788.5,309.0
7657,9946,937.8536010439028,278.3311739697773,788.5,309.0
7658,9947,937.8536010439028,278.3311739697773,788.5,309.0
7659,9948,937.8536010439028,278.3311739697773,788.5,309.0
7660,9949,937.8536010439028,278.3311739697773,788.5,309.0
7661,9950,937.8536010439028,278.3311739697773,788.5,309.0
7662,9951,937.8536010439028,278.3311739697773,788.5,309.0
7663,9952,937.8536010439028,278.3311739697773,788.5,309.0
7664,9953,937.8536010439028,278.3311739697773,788.5,309.0
7665,9954,937.8536010439028,278.3311739697773,788.5,309.0
7666,9955,937.8536010439028,278.3311739697773,788.5,309.0
7667,9956,937.8536010439028,278.3311739697773,788.5,309.0
7668,9957,937.8536010439028,278.3311739697773,788.5,309.0
7669,9958,937.8536010439028,278.3311739697773,788.5,309.0
7670,9959,937.8536010439028,278.3311739697773,788.5,309.0
7671,9960,937.8536010439028,278.3311739697773,788.5,309.0
7672,9961,937.8536010439028,278.3311739697773,788.5,309.0
7673,9962,944.8536010439028,219.3311739697773,788.5,309.0
7674,9963,944.8536010439028,219.3311739697773,788.5,309.0
7675,9964,944.8536010439028,219.3311739697773,788.5,309.0
7676,9965,944.8536010439028,219.3311739697773,788.5,309.0
7677,9966,944.8536010439028,219.3311739697773,788.5,309.0
7678,9967,944.8536010439028,219.3311739697773,788.5,309.0
7679,9968,944.8536010439028,219.3311739697773,788.5,309.0
7680,9969,944.8536010439028,219.3311739697773,788.5,309.0
7681,9970,944.8536010439028,219.3311739697773,788.5,309.0
7682,9971,944.8536010439028,219.3311739697773,788.5,309.0
7683,9972,944.8536010439028,219.3311739697773,788.5,309.0
7684,9973,944.8536010439028,219.3311739697773,788.5,309.0
7685,9974,944.8536010439028,219.3311739697773,798.04,304.975
7686,9975,944.8536010439028,219.3311739697773,807.58,300.95
7687,9976,944.8536010439028,219.3311739697773,817.12,296.925
7688,9977,944.8536010439028,219.3311739697773,826.66,292.9
7689,9978,944.8536010439028,219.3311739697773,836.2,288.875
7690,9979,944.8536010439028,219.3311739697773,845.74,284.85
7691,9980,944.8536010439028,219.3311739697773,855.28,280.825
7692,9981,944.8536010439028,219.3311739697773,864.8199999999999,276.8
7693,9982,944.8536010439028,219.3311739697773,874.36,272.775
7694,9983,944.8536010439028,219.3311739697773,883.9,268.75
7695,9984,944.8536010439028,219.3311739697773,893.4399999999999,264.725
7696,9985,944.8536010439028,219.3311739697773,902.98,260.7
7697,9986,944.8536010439028,219.3311739697773,912.52,256.675
7698,9987,944.8536010439028,219.3311739697773,922.06,252.64999999999998
7699,9988,944.8536010439028,219.3311739697773,931.5999999999999,248.625
7700,9989,944.8536010439028,219.3311739697773,941.14,244.6
7701,9990,944.8536010439028,219.3311739697773,950.68,240.575
7702,9991,944.8536010439028,219.3311739697773,960.2199999999999,236.55
7703,9992,944.8536010439028,219.3311739697773,969.76,232.52499999999998
7704,9993,944.8536010439028,219.3311739697773,979.3,228.5
7705,9994,944.8536010439028,219.3311739697773,979.3,228.5
7706,9995,944.8536010439028,219.3311739697773,979.3,228.5
7707,9996,944.8536010439028,219.3311739697773,979.3,228.5
7708,9997,944.8536010439028,219.3311739697773,979.3,228.5
7709,9998,944.8536010439028,219.3311739697773,979.3,228.5
7710,9999,944.8536010439028,219.3311739697773,979.3,228.5
7711,10000,944.8536010439028,219.3311739697773,979.3,228.5
7712,10001,944.8536010439028,219.3311739697773,979.3,228.5
7713,10002,944.8536010439028,219.3311739697773,979.3,228.5
7714,10003,944.8536010439028,219.3311739697773,979.3,228.5
7715,10004,944.8536010439028,219.3311739697773,979.3,228.5
7716,10005,944.8536010439028,219.3311739697773,979.3,228.5
7717,10006,944.8536010439028,219.3311739697773,979.3,228.5
7718,10007,944.8536010439028,219.3311739697773,979.3,228.5
7719,10008,944.8536010439028,219.3311739697773,979.3,228.5
7720,10009,944.8536010439028,219.3311739697773,979.3,228.5
7721,10010,944.8536010439028,219.3311739697773,979.3,228.5
7722,10011,944.8536010439028,219.3311739697773,979.3,228.5
7723,10012,944.8536010439028,219.3311739697773,979.3,228.5
7724,10013,944.8536010439028,219.3311739697773,979.3,228.5
7725,10014,944.8536010439028,219.3311739697773,979.3,228.5
7726,10015,944.8536010439028,219.3311739697773,979.3,228.5
7727,10016,944.8536010439028,219.3311739697773,979.3,228.5
7728,10017,944.8536010439028,219.3311739697773,979.3,228.5
7729,10018,944.8536010439028,219.3311739697773,979.3,228.5
7730,10019,944.8536010439028,219.3311739697773,979.3,228.5
7731,10020,944.8536010439028,219.3311739697773,979.3,228.5
7732,10021,944.8536010439028,219.3311739697773,979.3,228.5
7733,10022,944.8536010439028,219.3311739697773,979.3,228.5
7734,10023,944.8536010439028,219.3311739697773,979.3,228.5
7735,10024,944.8536010439028,219.3311739697773,979.3,228.5
7736,10025,944.8536010439028,219.3311739697773,979.3,228.5
7737,10026,944.8536010439028,219.3311739697773,979.3,228.5
7738,10027,944.8536010439028,219.3311739697773,979.3,228.5
7739,10028,944.8536010439028,219.3311739697773,979.3,228.5
7740,10029,944.8536010439028,219.3311739697773,979.3,228.5
7741,10030,944.8536010439028,219.3311739697773,979.3,228.5
7742,10031,944.8536010439028,219.3311739697773,979.3,228.5
7743,10032,944.8536010439028,219.3311739697773,979.3,228.5
7744,10033,944.8536010439028,219.3311739697773,979.3,228.5
7745,10034,944.8536010439028,219.3311739697773,979.3,228.5
7746,10035,944.8536010439028,219.3311739697773,979.3,228.5
7747,10036,944.8536010439028,219.3311739697773,979.3,228.5
7748,10037,944.8536010439028,219.3311739697773,979.3,228.5
7749,10038,944.8536010439028,219.3311739697773,979.3,228.5
7750,10039,944.8536010439028,219.3311739697773,979.3,228.5
7751,10040,944.8536010439028,219.3311739697773,979.3,228.5
7752,10041,944.8536010439028,219.3311739697773,979.3,228.5
7753,10042,944.8536010439028,219.3311739697773,979.3,228.5
7754,10043,944.8536010439028,219.3311739697773,979.3,228.5
7755,10044,944.8536010439028,219.3311739697773,979.3,228.5
7756,10045,944.8536010439028,219.3311739697773,979.3,228.5
7757,10046,944.8536010439028,219.3311739697773,979.3,228.5
7758,10047,944.8536010439028,219.3311739697773,979.3,228.5
7759,10048,944.8536010439028,219.3311739697773,979.3,228.5
7760,10049,944.8536010439028,219.3311739697773,979.3,228.5
7761,10050,944.8536010439028,219.3311739697773,979.3,228.5
7762,10051,944.8536010439028,219.3311739697773,979.3,228.5
7763,10052,944.8536010439028,219.3311739697773,979.3,228.5
7764,10053,944.8536010439028,219.3311739697773,979.3,228.5
7765,10054,944.8536010439028,219.3311739697773,979.3,228.5
7766,10055,944.8536010439028,219.3311739697773,979.3,228.5
7767,10056,944.8536010439028,219.3311739697773,979.3,228.5
7768,10057,944.8536010439028,219.3311739697773,979.3,228.5
7769,10058,944.8536010439028,219.3311739697773,979.3,228.5
7770,10059,944.8536010439028,219.3311739697773,979.3,228.5
7771,10060,944.8536010439028,219.3311739697773,979.3,228.5
7772,10061,944.8536010439028,219.3311739697773,979.3,228.5
7773,10062,781.8536010439028,401.3311739697773,979.3,228.5
7774,10063,781.8536010439028,401.3311739697773,979.3,228.5
7775,10064,781.8536010439028,401.3311739697773,979.3,228.5
7776,10065,781.8536010439028,401.3311739697773,979.3,228.5
7777,10066,781.8536010439028,401.3311739697773,979.3,228.5
7778,10067,781.8536010439028,401.3311739697773,979.3,228.5
7779,10068,781.8536010439028,401.3311739697773,979.3,228.5
7780,10069,781.8536010439028,401.3311739697773,979.3,228.5
7781,10070,781.8536010439028,401.3311739697773,979.3,228.5
7782,10071,781.8536010439028,401.3311739697773,979.3,228.5
7783,10072,781.8536010439028,401.3311739697773,979.3,228.5
7784,10073,781.8536010439028,401.3311739697773,979.3,228.5
7785,10074,781.8536010439028,401.3311739697773,979.3,228.5
7786,10075,781.8536010439028,401.3311739697773,979.3,228.5
7787,10076,781.8536010439028,401.3311739697773,979.3,228.5
7788,10077,781.8536010439028,401.3311739697773,979.3,228.5
7789,10078,781.8536010439028,401.3311739697773,979.3,228.5
7790,10079,781.8536010439028,401.3311739697773,979.3,228.5
7791,10080,781.8536010439028,401.3311739697773,979.3,228.5
7792,10081,781.8536010439028,401.3311739697773,979.3,228.5
7793,10082,781.8536010439028,401.3311739697773,979.3,228.5
7794,10083,781.8536010439028,401.3311739697773,979.3,228.5
7795,10084,781.8536010439028,401.3311739697773,979.3,228.5
7796,10085,781.8536010439028,401.3311739697773,979.3,228.5
7797,10086,781.8536010439028,401.3311739697773,979.3,228.5
7798,10087,781.8536010439028,401.3311739697773,979.3,228.5
7799,10088,781.8536010439028,401.3311739697773,979.3,228.5
7800,10089,781.8536010439028,401.3311739697773,979.3,228.5
7801,10090,781.8536010439028,401.3311739697773,979.3,228.5
7802,10091,781.8536010439028,401.3311739697773,979.3,228.5
7803,10092,781.8536010439028,401.3311739697773,979.3,228.5
7804,10093,781.8536010439028,401.3311739697773,979.3,228.5
7805,10094,781.8536010439028,401.3311739697773,979.3,228.5
7806,10095,619.8536010439028,584.3311739697773,979.3,228.5
7807,10096,619.8536010439028,584.3311739697773,979.3,228.5
7808,10097,619.8536010439028,584.3311739697773,979.3,228.5
7809,10098,619.8536010439028,584.3311739697773,979.3,228.5
7810,10099,619.8536010439028,584.3311739697773,979.3,228.5
7811,10100,619.8536010439028,584.3311739697773,979.3,228.5
7812,10101,619.8536010439028,584.3311739697773,979.3,228.5
7813,10102,619.8536010439028,584.3311739697773,979.3,228.5
7814,10103,619.8536010439028,584.3311739697773,979.3,228.5
7815,10104,619.8536010439028,584.3311739697773,979.3,228.5
7816,10105,619.8536010439028,584.3311739697773,979.3,228.5
7817,10106,619.8536010439028,584.3311739697773,979.3,228.5
7818,10107,619.8536010439028,584.3311739697773,979.3,228.5
7819,10108,619.8536010439028,584.3311739697773,979.3,228.5
7820,10109,619.8536010439028,584.3311739697773,979.3,228.5
7821,10110,619.8536010439028,584.3311739697773,979.3,228.5
7822,10111,619.8536010439028,584.3311739697773,979.3,228.5
7823,10112,619.8536010439028,584.3311739697773,979.3,228.5
7824,10113,619.8536010439028,584.3311739697773,979.3,228.5
7825,10114,619.8536010439028,584.3311739697773,979.3,228.5
7826,10115,619.8536010439028,584.3311739697773,979.3,228.5
7827,10116,619.8536010439028,584.3311739697773,979.3,228.5
7828,10117,619.8536010439028,584.3311739697773,979.3,228.5
7829,10118,619.8536010439028,584.3311739697773,979.3,228.5
7830,10119,619.8536010439028,584.3311739697773,979.3,228.5
7831,10120,619.8536010439028,584.3311739697773,979.3,228.5
7832,10121,619.8536010439028,584.3311739697773,979.3,228.5
7833,10122,619.8536010439028,584.3311739697773,979.3,228.5
7834,10123,619.8536010439028,584.3311739697773,969.7387096774194,240.41290322580645
7835,10124,619.8536010439028,584.3311739697773,960.1774193548387,252.3258064516129
7836,10125,619.8536010439028,584.3311739697773,950.6161290322581,264.23870967741937
7837,10126,619.8536010439028,584.3311739697773,941.0548387096774,276.1516129032258
7838,10127,619.8536010439028,584.3311739697773,931.4935483870968,288.06451612903226
7839,10128,619.8536010439028,584.3311739697773,921.9322580645161,299.97741935483873
7840,10129,619.8536010439028,584.3311739697773,912.3709677419355,311.89032258064515
7841,10130,619.8536010439028,584.3311739697773,902.8096774193548,323.8032258064516
7842,10131,619.8536010439028,584.3311739697773,893.2483870967742,335.71612903225804
7843,10132,619.8536010439028,584.3311739697773,883.6870967741935,347.6290322580645
7844,10133,619.8536010439028,584.3311739697773,874.1258064516129,359.54193548387093
7845,10134,619.8536010439028,584.3311739697773,864.5645161290322,371.4548387096774
7846,10135,619.8536010439028,584.3311739697773,855.0032258064516,383.3677419354839
7847,10136,619.8536010439028,584.3311739697773,845.4419354838709,395.2806451612903
7848,10137,619.8536010439028,584.3311739697773,835.8806451612903,407.19354838709677
7849,10138,619.8536010439028,584.3311739697773,826.3193548387096,419.10645161290324
7850,10139,619.8536010439028,584.3311739697773,816.758064516129,431.01935483870966
7851,10140,619.8536010439028,584.3311739697773,807.1967741935483,442.9322580645161
7852,10141,619.8536010439028,584.3311739697773,797.6354838709677,454.8451612903226
7853,10142,619.8536010439028,584.3311739697773,788.074193548387,466.758064516129
7854,10143,619.8536010439028,584.3311739697773,778.5129032258064,478.67096774193544
7855,10144,619.8536010439028,584.3311739697773,768.9516129032257,490.5838709677419
7856,10145,619.8536010439028,584.3311739697773,759.3903225806451,502.4967741935484
7857,10146,619.8536010439028,584.3311739697773,749.8290322580644,514.4096774193548
7858,10147,619.8536010439028,584.3311739697773,740.2677419354839,526.3225806451612
7859,10148,619.8536010439028,584.3311739697773,730.7064516129033,538.2354838709678
7860,10149,619.8536010439028,584.3311739697773,721.1451612903226,550.1483870967742
7861,10150,619.8536010439028,584.3311739697773,711.5838709677419,562.0612903225806
7862,10151,619.8536010439028,584.3311739697773,702.0225806451613,573.9741935483871
7863,10152,619.8536010439028,584.3311739697773,692.4612903225807,585.8870967741935
7864,10153,619.8536010439028,584.3311739697773,682.9,597.8
7865,10154,619.8536010439028,584.3311739697773,682.9,597.8
7866,10155,619.8536010439028,584.3311739697773,682.9,597.8
7867,10156,619.8536010439028,584.3311739697773,682.9,597.8
7868,10157,619.8536010439028,584.3311739697773,682.9,597.8
7869,10158,619.8536010439028,584.3311739697773,682.9,597.8
7870,10159,619.8536010439028,584.3311739697773,682.9,597.8
7871,10160,619.8536010439028,584.3311739697773,682.9,597.8
7872,10161,619.8536010439028,584.3311739697773,682.9,597.8
7873,10162,619.8536010439028,584.3311739697773,682.9,597.8
7874,10163,619.8536010439028,584.3311739697773,682.9,597.8
7875,10164,619.8536010439028,584.3311739697773,682.9,597.8
7876,10165,619.8536010439028,584.3311739697773,682.9,597.8
7877,10166,619.8536010439028,584.3311739697773,682.9,597.8
7878,10167,619.8536010439028,584.3311739697773,682.9,597.8
7879,10168,619.8536010439028,584.3311739697773,682.9,597.8
7880,10169,619.8536010439028,584.3311739697773,682.9,597.8
7881,10170,619.8536010439028,584.3311739697773,682.9,597.8
7882,10171,619.8536010439028,584.3311739697773,682.9,597.8
7883,10172,619.8536010439028,584.3311739697773,682.9,597.8
7884,10173,619.8536010439028,584.3311739697773,682.9,597.8
7885,10174,619.8536010439028,584.3311739697773,682.9,597.8
7886,10175,619.8536010439028,584.3311739697773,682.9,597.8
7887,10176,619.8536010439028,584.3311739697773,682.9,597.8
7888,10177,619.8536010439028,584.3311739697773,682.9,597.8
7889,10178,619.8536010439028,584.3311739697773,682.9,597.8
7890,10179,619.8536010439028,584.3311739697773,682.9,597.8
7891,10180,619.8536010439028,584.3311739697773,682.9,597.8
7892,10181,619.8536010439028,584.3311739697773,682.9,597.8
7893,10182,619.8536010439028,584.3311739697773,682.9,597.8
7894,10183,619.8536010439028,584.3311739697773,682.9,597.8
7895,10184,619.8536010439028,584.3311739697773,682.9,597.8
7896,10185,619.8536010439028,584.3311739697773,682.9,597.8
7897,10186,619.8536010439028,584.3311739697773,682.9,597.8
7898,10187,619.8536010439028,584.3311739697773,682.9,597.8
7899,10188,619.8536010439028,584.3311739697773,682.9,597.8
7900,10189,619.8536010439028,584.3311739697773,682.9,597.8
7901,10190,619.8536010439028,584.3311739697773,682.9,597.8
7902,10191,619.8536010439028,584.3311739697773,682.9,597.8
7903,10192,619.8536010439028,584.3311739697773,682.9,597.8
7904,10193,619.8536010439028,584.3311739697773,682.9,597.8
7905,10194,619.8536010439028,584.3311739697773,682.9,597.8
7906,10195,659.8536010439028,628.3311739697773,682.9,597.8
7907,10196,659.8536010439028,628.3311739697773,682.9,597.8
7908,10197,659.8536010439028,628.3311739697773,682.9,597.8
7909,10198,659.8536010439028,628.3311739697773,682.9,597.8
7910,10199,659.8536010439028,628.3311739697773,682.9,597.8
7911,10200,659.8536010439028,628.3311739697773,682.9,597.8
7912,10201,659.8536010439028,628.3311739697773,682.9,597.8
7913,10202,659.8536010439028,628.3311739697773,682.9,597.8
7914,10203,659.8536010439028,628.3311739697773,682.9,597.8
7915,10204,659.8536010439028,628.3311739697773,682.9,597.8
7916,10205,659.8536010439028,628.3311739697773,682.9,597.8
7917,10206,659.8536010439028,628.3311739697773,682.9,597.8
7918,10207,659.8536010439028,628.3311739697773,682.9,597.8
7919,10208,659.8536010439028,628.3311739697773,682.9,597.8
7920,10209,659.8536010439028,628.3311739697773,682.9,597.8
7921,10210,659.8536010439028,628.3311739697773,682.9,597.8
7922,10211,659.8536010439028,628.3311739697773,682.9,597.8
7923,10212,659.8536010439028,628.3311739697773,682.9,597.8
7924,10213,659.8536010439028,628.3311739697773,682.9,597.8
7925,10214,659.8536010439028,628.3311739697773,682.9,597.8
7926,10215,659.8536010439028,628.3311739697773,682.9,597.8
7927,10216,659.8536010439028,628.3311739697773,682.9,597.8
7928,10217,659.8536010439028,628.3311739697773,682.9,597.8
7929,10218,659.8536010439028,628.3311739697773,682.9,597.8
7930,10219,659.8536010439028,628.3311739697773,682.9,597.8
7931,10220,659.8536010439028,628.3311739697773,682.9,597.8
7932,10221,659.8536010439028,628.3311739697773,682.9,597.8
7933,10222,659.8536010439028,628.3311739697773,682.9,597.8
7934,10223,659.8536010439028,628.3311739697773,682.9,597.8
7935,10224,659.8536010439028,628.3311739697773,682.9,597.8
7936,10225,659.8536010439028,628.3311739697773,682.9,597.8
7937,10226,659.8536010439028,628.3311739697773,682.9,597.8
7938,10227,659.8536010439028,628.3311739697773,682.9,597.8
7939,10228,659.8536010439028,628.3311739697773,682.9,597.8
7940,10229,659.8536010439028,628.3311739697773,682.9,597.8
7941,10230,659.8536010439028,628.3311739697773,682.9,597.8
7942,10231,659.8536010439028,628.3311739697773,682.9,597.8
7943,10232,659.8536010439028,628.3311739697773,682.9,597.8
7944,10233,659.8536010439028,628.3311739697773,682.9,597.8
7945,10234,659.8536010439028,628.3311739697773,682.9,597.8
7946,10235,659.8536010439028,628.3311739697773,682.9,597.8
7947,10236,659.8536010439028,628.3311739697773,682.9,597.8
7948,10237,659.8536010439028,628.3311739697773,682.9,597.8
7949,10238,659.8536010439028,628.3311739697773,682.9,597.8
7950,10239,659.8536010439028,628.3311739697773,682.9,597.8
7951,10240,659.8536010439028,628.3311739697773,682.9,597.8
7952,10241,659.8536010439028,628.3311739697773,682.9,597.8
7953,10242,659.8536010439028,628.3311739697773,682.9,597.8
7954,10243,659.8536010439028,628.3311739697773,682.9,597.8
7955,10244,659.8536010439028,628.3311739697773,682.9,597.8
7956,10245,659.8536010439028,628.3311739697773,682.9,597.8
7957,10246,659.8536010439028,628.3311739697773,682.9,597.8
7958,10247,659.8536010439028,628.3311739697773,682.9,597.8
7959,10248,659.8536010439028,628.3311739697773,682.9,597.8
7960,10249,659.8536010439028,628.3311739697773,682.9,597.8
7961,10250,659.8536010439028,628.3311739697773,682.9,597.8
7962,10251,659.8536010439028,628.3311739697773,682.9,597.8
7963,10252,659.8536010439028,628.3311739697773,682.9,597.8
7964,10253,659.8536010439028,628.3311739697773,682.9,597.8
7965,10254,659.8536010439028,628.3311739697773,682.9,597.8
7966,10255,659.8536010439028,628.3311739697773,682.9,597.8
7967,10256,659.8536010439028,628.3311739697773,682.9,597.8
7968,10257,659.8536010439028,628.3311739697773,682.9,597.8
7969,10258,659.8536010439028,628.3311739697773,682.9,597.8
7970,10259,659.8536010439028,628.3311739697773,682.9,597.8
7971,10260,659.8536010439028,628.3311739697773,682.9,597.8
7972,10261,659.8536010439028,628.3311739697773,682.9,597.8
7973,10262,659.8536010439028,628.3311739697773,682.9,597.8
7974,10263,659.8536010439028,628.3311739697773,682.9,597.8
7975,10264,659.8536010439028,628.3311739697773,682.9,597.8
7976,10265,659.8536010439028,628.3311739697773,682.9,597.8
7977,10266,659.8536010439028,628.3311739697773,682.9,597.8
7978,10267,659.8536010439028,628.3311739697773,682.9,597.8
7979,10268,659.8536010439028,628.3311739697773,682.9,597.8
7980,10269,659.8536010439028,628.3311739697773,682.9,597.8
7981,10270,659.8536010439028,628.3311739697773,682.9,597.8
7982,10271,659.8536010439028,628.3311739697773,682.9,597.8
7983,10272,659.8536010439028,628.3311739697773,682.9,597.8
7984,10273,659.8536010439028,628.3311739697773,682.9,597.8
7985,10274,659.8536010439028,628.3311739697773,692.9033333333333,585.9233333333333
7986,10275,659.8536010439028,628.3311739697773,702.9066666666666,574.0466666666666
7987,10276,659.8536010439028,628.3311739697773,712.91,562.17
7988,10277,659.8536010439028,628.3311739697773,722.9133333333333,550.2933333333333
7989,10278,659.8536010439028,628.3311739697773,732.9166666666666,538.4166666666666
7990,10279,659.8536010439028,628.3311739697773,742.92,526.54
7991,10280,659.8536010439028,628.3311739697773,752.9233333333333,514.6633333333333
7992,10281,659.8536010439028,628.3311739697773,762.9266666666666,502.78666666666663
7993,10282,659.8536010439028,628.3311739697773,772.93,490.90999999999997
7994,10283,659.8536010439028,628.3311739697773,782.9333333333333,479.0333333333333
7995,10284,659.8536010439028,628.3311739697773,792.9366666666666,467.15666666666664
7996,10285,659.8536010439028,628.3311739697773,802.9399999999999,455.28
7997,10286,659.8536010439028,628.3311739697773,812.9433333333334,443.4033333333333
7998,10287,659.8536010439028,628.3311739697773,822.9466666666667,431.52666666666664
7999,10288,659.8536010439028,628.3311739697773,832.95,419.65
8000,10289,659.8536010439028,628.3311739697773,842.9533333333334,407.7733333333333
8001,10290,659.8536010439028,628.3311739697773,852.9566666666667,395.89666666666665
8002,10291,659.8536010439028,628.3311739697773,862.96,384.02
8003,10292,659.8536010439028,628.3311739697773,872.9633333333334,372.1433333333333
8004,10293,659.8536010439028,628.3311739697773,882.9666666666667,360.26666666666665
8005,10294,659.8536010439028,628.3311739697773,892.97,348.39
8006,10295,659.8536010439028,628.3311739697773,902.9733333333334,336.5133333333333
8007,10296,920.8536010439028,230.3311739697773,912.9766666666667,324.63666666666666
8008,10297,920.8536010439028,230.3311739697773,922.98,312.76
8009,10298,920.8536010439028,230.3311739697773,932.9833333333333,300.8833333333333
8010,10299,920.8536010439028,230.3311739697773,942.9866666666667,289.00666666666666
8011,10300,920.8536010439028,230.3311739697773,952.99,277.13
8012,10301,920.8536010439028,230.3311739697773,962.9933333333333,265.25333333333333
8013,10302,920.8536010439028,230.3311739697773,972.9966666666667,253.37666666666667
8014,10303,920.8536010439028,230.3311739697773,983.0,241.5
8015,10304,920.8536010439028,230.3311739697773,983.0,241.5
8016,10305,920.8536010439028,230.3311739697773,983.0,241.5
8017,10306,920.8536010439028,230.3311739697773,983.0,241.5
8018,10307,920.8536010439028,230.3311739697773,983.0,241.5
8019,10308,920.8536010439028,230.3311739697773,983.0,241.5
8020,10309,920.8536010439028,230.3311739697773,983.0,241.5
8021,10310,920.8536010439028,230.3311739697773,983.0,241.5
8022,10311,920.8536010439028,230.3311739697773,983.0,241.5
8023,10312,920.8536010439028,230.3311739697773,983.0,241.5
8024,10313,920.8536010439028,230.3311739697773,983.0,241.5
8025,10314,920.8536010439028,230.3311739697773,983.0,241.5
8026,10315,920.8536010439028,230.3311739697773,983.0,241.5
8027,10316,920.8536010439028,230.3311739697773,983.0,241.5
8028,10317,920.8536010439028,230.3311739697773,983.0,241.5
8029,10318,920.8536010439028,230.3311739697773,983.0,241.5
8030,10319,920.8536010439028,230.3311739697773,983.0,241.5
8031,10320,920.8536010439028,230.3311739697773,983.0,241.5
8032,10321,920.8536010439028,230.3311739697773,983.0,241.5
8033,10322,920.8536010439028,230.3311739697773,983.0,241.5
8034,10323,920.8536010439028,230.3311739697773,983.0,241.5
8035,10324,920.8536010439028,230.3311739697773,983.0,241.5
8036,10325,920.8536010439028,230.3311739697773,983.0,241.5
8037,10326,920.8536010439028,230.3311739697773,983.0,241.5
8038,10327,920.8536010439028,230.3311739697773,983.0,241.5
8039,10328,920.8536010439028,230.3311739697773,983.0,241.5
8040,10329,920.8536010439028,230.3311739697773,983.0,241.5
8041,10330,920.8536010439028,230.3311739697773,983.0,241.5
8042,10331,920.8536010439028,230.3311739697773,983.0,241.5
8043,10332,920.8536010439028,230.3311739697773,983.0,241.5
8044,10333,920.8536010439028,230.3311739697773,983.0,241.5
8045,10334,920.8536010439028,230.3311739697773,983.0,241.5
8046,10335,920.8536010439028,230.3311739697773,983.0,241.5
8047,10336,920.8536010439028,230.3311739697773,983.0,241.5
8048,10337,920.8536010439028,230.3311739697773,983.0,241.5
8049,10338,920.8536010439028,230.3311739697773,983.0,241.5
8050,10339,920.8536010439028,230.3311739697773,983.0,241.5
8051,10340,920.8536010439028,230.3311739697773,983.0,241.5
8052,10341,920.8536010439028,230.3311739697773,983.0,241.5
8053,10342,920.8536010439028,230.3311739697773,983.0,241.5
8054,10343,920.8536010439028,230.3311739697773,983.0,241.5
8055,10344,920.8536010439028,230.3311739697773,983.0,241.5
8056,10345,920.8536010439028,230.3311739697773,983.0,241.5
8057,10346,920.8536010439028,230.3311739697773,983.0,241.5
8058,10347,920.8536010439028,230.3311739697773,983.0,241.5
8059,10348,920.8536010439028,230.3311739697773,983.0,241.5
8060,10349,920.8536010439028,230.3311739697773,983.0,241.5
8061,10350,920.8536010439028,230.3311739697773,983.0,241.5
8062,10351,920.8536010439028,230.3311739697773,983.0,241.5
8063,10352,920.8536010439028,230.3311739697773,983.0,241.5
8064,10353,920.8536010439028,230.3311739697773,983.0,241.5
8065,10354,920.8536010439028,230.3311739697773,983.0,241.5
8066,10355,920.8536010439028,230.3311739697773,983.0,241.5
8067,10356,920.8536010439028,230.3311739697773,983.0,241.5
8068,10357,920.8536010439028,230.3311739697773,983.0,241.5
8069,10358,920.8536010439028,230.3311739697773,983.0,241.5
8070,10359,920.8536010439028,230.3311739697773,983.0,241.5
8071,10360,920.8536010439028,230.3311739697773,983.0,241.5
8072,10361,920.8536010439028,230.3311739697773,983.0,241.5
8073,10362,920.8536010439028,230.3311739697773,983.0,241.5
8074,10363,920.8536010439028,230.3311739697773,983.0,241.5
8075,10364,920.8536010439028,230.3311739697773,983.0,241.5
8076,10365,920.8536010439028,230.3311739697773,983.0,241.5
8077,10366,920.8536010439028,230.3311739697773,983.0,241.5
8078,10367,920.8536010439028,230.3311739697773,983.0,241.5
8079,10368,920.8536010439028,230.3311739697773,983.0,241.5
8080,10369,920.8536010439028,230.3311739697773,983.0,241.5
8081,10370,920.8536010439028,230.3311739697773,983.0,241.5
8082,10371,920.8536010439028,230.3311739697773,983.0,241.5
8083,10372,920.8536010439028,230.3311739697773,983.0,241.5
8084,10373,920.8536010439028,230.3311739697773,983.0,241.5
8085,10374,920.8536010439028,230.3311739697773,983.0,241.5
8086,10375,920.8536010439028,230.3311739697773,983.0,241.5
8087,10376,920.8536010439028,230.3311739697773,983.0,241.5
8088,10377,920.8536010439028,230.3311739697773,983.0,241.5
8089,10378,920.8536010439028,230.3311739697773,983.0,241.5
8090,10379,920.8536010439028,230.3311739697773,983.0,241.5
8091,10380,920.8536010439028,230.3311739697773,983.0,241.5
8092,10381,920.8536010439028,230.3311739697773,983.0,241.5
8093,10382,920.8536010439028,230.3311739697773,983.0,241.5
8094,10383,920.8536010439028,230.3311739697773,983.0,241.5
8095,10384,920.8536010439028,230.3311739697773,983.0,241.5
8096,10385,920.8536010439028,230.3311739697773,983.0,241.5
8097,10386,920.8536010439028,230.3311739697773,983.0,241.5
8098,10387,920.8536010439028,230.3311739697773,983.0,241.5
8099,10388,920.8536010439028,230.3311739697773,983.0,241.5
8100,10389,920.8536010439028,230.3311739697773,983.0,241.5
8101,10390,920.8536010439028,230.3311739697773,983.0,241.5
8102,10391,920.8536010439028,230.3311739697773,983.0,241.5
8103,10392,920.8536010439028,230.3311739697773,983.0,241.5
8104,10393,920.8536010439028,230.3311739697773,983.0,241.5
8105,10394,920.8536010439028,230.3311739697773,983.0,241.5
8106,10395,920.8536010439028,230.3311739697773,983.0,241.5
8107,10396,920.8536010439028,230.3311739697773,983.0,241.5
8108,10397,920.8536010439028,230.3311739697773,983.0,241.5
8109,10398,920.8536010439028,230.3311739697773,983.0,241.5
8110,10399,920.8536010439028,230.3311739697773,983.0,241.5
8111,10400,920.8536010439028,230.3311739697773,983.0,241.5
8112,10401,920.8536010439028,230.3311739697773,983.0,241.5
8113,10402,920.8536010439028,230.3311739697773,983.0,241.5
8114,10403,920.8536010439028,230.3311739697773,983.0,241.5
8115,10404,920.8536010439028,230.3311739697773,983.0,241.5
8116,10405,920.8536010439028,230.3311739697773,983.0,241.5
8116,10406,920.8536010439028,230.3311739697773,983.0,241.5
8116,10407,920.8536010439028,230.3311739697773,983.0,241.5
8116,10408,920.8536010439028,230.3311739697773,983.0,241.5
8116,10409,920.8536010439028,230.3311739697773,983.0,241.5
8116,10410,920.8536010439028,230.3311739697773,983.0,241.5
8116,10411,920.8536010439028,230.3311739697773,983.0,241.5
8116,10412,920.8536010439028,230.3311739697773,983.0,241.5
8116,10413,920.8536010439028,230.3311739697773,983.0,241.5
8116,10414,920.8536010439028,230.3311739697773,983.0,241.5
8116,10415,920.8536010439028,230.3311739697773,983.0,241.5
8116,10416,920.8536010439028,230.3311739697773,983.0,241.5
8116,10417,920.8536010439028,230.3311739697773,983.0,241.5
8116,10418,920.8536010439028,230.3311739697773,983.0,241.5
8116,10419,920.8536010439028,230.3311739697773,983.0,241.5
8116,10420,920.8536010439028,230.3311739697773,983.0,241.5
8116,10421,920.8536010439028,230.3311739697773,983.0,241.5
8116,10422,920.8536010439028,230.3311739697773,983.0,241.5
8116,10423,920.8536010439028,230.3311739697773,983.0,241.5
8116,10424,920.8536010439028,230.3311739697773,983.0,241.5
8116,10425,920.8536010439028,230.3311739697773,983.0,241.5
8116,10426,920.8536010439028,230.3311739697773,983.0,241.5
8116,10427,920.8536010439028,230.3311739697773,983.0,241.5
8116,10428,920.8536010439028,230.3311739697773,983.0,241.5
8116,10429,920.8536010439028,230.3311739697773,983.0,241.5
8116,10430,920.8536010439028,230.3311739697773,983.0,241.5
8116,10431,920.8536010439028,230.3311739697773,983.0,241.5
8116,10432,920.8536010439028,230.3311739697773,983.0,241.5
8116,10433,920.8536010439028,230.3311739697773,983.0,241.5
8116,10434,920.8536010439028,230.3311739697773,983.0,241.5
8116,10435,920.8536010439028,230.3311739697773,983.0,241.5
8116,10436,920.8536010439028,230.3311739697773,983.0,241.5
8116,10437,920.8536010439028,230.3311739697773,983.0,241.5
8116,10438,920.8536010439028,230.3311739697773,983.0,241.5
8116,10439,920.8536010439028,230.3311739697773,983.0,241.5
8116,10440,920.8536010439028,230.3311739697773,983.0,241.5
8116,10441,920.8536010439028,230.3311739697773,983.0,241.5
8116,10442,920.8536010439028,230.3311739697773,983.0,241.5
8116,10443,920.8536010439028,230.3311739697773,983.0,241.5
8116,10444,920.8536010439028,230.3311739697773,983.0,241.5
8116,10445,920.8536010439028,230.3311739697773,983.0,241.5
8116,10446,920.8536010439028,230.3311739697773,983.0,241.5
8116,10447,920.8536010439028,230.3311739697773,983.0,241.5
8116,10448,920.8536010439028,230.3311739697773,983.0,241.5
8116,10449,920.8536010439028,230.3311739697773,983.0,241.5
8116,10450,920.8536010439028,230.3311739697773,983.0,241.5
8116,10451,920.8536010439028,230.3311739697773,983.0,241.5
8116,10452,920.8536010439028,230.3311739697773,983.0,241.5
8116,10453,920.8536010439028,230.3311739697773,983.0,241.5
8116,10454,920.8536010439028,230.3311739697773,983.0,241.5
8116,10455,920.8536010439028,230.3311739697773,983.0,241.5
8116,10456,920.8536010439028,230.3311739697773,983.0,241.5
8116,10457,920.8536010439028,230.3311739697773,983.0,241.5
8116,10458,920.8536010439028,230.3311739697773,983.0,241.5
8116,10459,920.8536010439028,230.3311739697773,983.0,241.5
8116,10460,920.8536010439028,230.3311739697773,983.0,241.5
8116,10461,920.8536010439028,230.3311739697773,983.0,241.5
8116,10462,920.8536010439028,230.3311739697773,983.0,241.5
8116,10463,920.8536010439028,230.3311739697773,983.0,241.5
8116,10464,920.8536010439028,230.3311739697773,983.0,241.5
8116,10465,920.8536010439028,230.3311739697773,983.0,241.5
8116,10466,920.8536010439028,230.3311739697773,983.0,241.5
8116,10467,920.8536010439028,230.3311739697773,983.0,241.5
8116,10468,920.8536010439028,230.3311739697773,983.0,241.5
8116,10469,920.8536010439028,230.3311739697773,983.0,241.5
8116,10470,920.8536010439028,230.3311739697773,983.0,241.5
8116,10471,920.8536010439028,230.3311739697773,983.0,241.5
8116,10472,920.8536010439028,230.3311739697773,983.0,241.5
8116,10473,920.8536010439028,230.3311739697773,983.0,241.5
8116,10474,920.8536010439028,230.3311739697773,983.0,241.5
8116,10475,920.8536010439028,230.3311739697773,983.0,241.5
8116,10476,920.8536010439028,230.3311739697773,983.0,241.5
8116,10477,920.8536010439028,230.3311739697773,983.0,241.5
8116,10478,920.8536010439028,230.3311739697773,983.0,241.5
8116,10479,920.8536010439028,230.3311739697773,983.0,241.5
8116,10480,920.8536010439028,230.3311739697773,983.0,241.5
8116,10481,920.8536010439028,230.3311739697773,983.0,241.5
8116,10482,920.8536010439028,230.3311739697773,983.0,241.5
8116,10483,920.8536010439028,230.3311739697773,983.0,241.5
8116,10484,920.8536010439028,230.3311739697773,983.0,241.5
8116,10485,920.8536010439028,230.3311739697773,983.0,241.5
8116,10486,920.8536010439028,230.3311739697773,983.0,241.5
8116,10487,920.8536010439028,230.3311739697773,983.0,241.5
8116,10488,920.8536010439028,230.3311739697773,983.0,241.5
8116,10489,920.8536010439028,230.3311739697773,983.0,241.5
8116,10490,920.8536010439028,230.3311739697773,983.0,241.5
8116,10491,920.8536010439028,230.3311739697773,983.0,241.5
8116,10492,920.8536010439028,230.3311739697773,983.0,241.5
8116,10493,920.8536010439028,230.3311739697773,983.0,241.5
8116,10494,920.8536010439028,230.3311739697773,983.0,241.5
8116,10495,920.8536010439028,230.3311739697773,983.0,241.5
8116,10496,920.8536010439028,230.3311739697773,983.0,241.5
8116,10497,920.8536010439028,230.3311739697773,983.0,241.5
8116,10498,920.8536010439028,230.3311739697773,983.0,241.5
8116,10499,920.8536010439028,230.3311739697773,983.0,241.5
8116,10500,920.8536010439028,230.3311739697773,983.0,241.5
8116,10501,920.8536010439028,230.3311739697773,983.0,241.5
8116,10502,920.8536010439028,230.3311739697773,983.0,241.5
8116,10503,920.8536010439028,230.3311739697773,983.0,241.5
8116,10504,920.8536010439028,230.3311739697773,983.0,241.5
8116,10505,920.8536010439028,230.3311739697773,983.0,241.5
8116,10506,920.8536010439028,230.3311739697773,983.0,241.5
8116,10507,920.8536010439028,230.3311739697773,983.0,241.5
8116,10508,920.8536010439028,230.3311739697773,983.0,241.5
8116,10509,920.8536010439028,230.3311739697773,981.55,256.3066666666667
8116,10510,920.8536010439028,230.3311739697773,980.1,271.11333333333334
8116,10511,920.8536010439028,230.3311739697773,978.65,285.92
8116,10512,920.8536010439028,230.3311739697773,977.2,300.7266666666667
8116,10513,920.8536010439028,230.3311739697773,975.75,315.53333333333336
8116,10514,920.8536010439028,230.3311739697773,974.3,330.34000000000003
8117,10515,920.8536010439028,230.3311739697773,972.85,345.14666666666665
8118,10516,920.8536010439028,230.3311739697773,971.4,359.9533333333334
8119,10517,920.8536010439028,230.3311739697773,969.95,374.76
8120,10518,920.8536010439028,230.3311739697773,968.5,389.5666666666667
8121,10519,920.8536010439028,230.3311739697773,967.05,404.37333333333333
8122,10520,920.8536010439028,230.3311739697773,965.6,419.18
8123,10521,920.8536010439028,230.3311739697773,964.15,433.9866666666667
8124,10521,920.8536010439028,230.3311739697773,962.7,448.79333333333335
8125,10521,920.8536010439028,230.3311739697773,961.25,463.6
8126,10521,920.8536010439028,230.3311739697773,959.8,478.4066666666667
8127,10521,920.8536010439028,230.3311739697773,958.35,493.21333333333337
8128,10521,920.8536010439028,230.3311739697773,956.9,508.02000000000004
8129,10521,920.8536010439028,230.3311739697773,955.45,522.8266666666667
8130,10521,920.8536010439028,230.3311739697773,954.0,537.6333333333334
8131,10521,920.8536010439028,230.3311739697773,952.55,552.44
8132,10521,920.8536010439028,230.3311739697773,951.1,567.2466666666667
8133,10521,920.8536010439028,230.3311739697773,949.65,582.0533333333334
8134,10521,920.8536010439028,230.3311739697773,948.2,596.86
8135,10521,920.8536010439028,230.3311739697773,946.75,611.6666666666667
8136,10521,920.8536010439028,230.3311739697773,945.3,626.4733333333334
8137,10521,920.8536010439028,230.3311739697773,943.85,641.28
8138,10521,920.8536010439028,230.3311739697773,942.4,656.0866666666667
8139,10521,920.8536010439028,230.3311739697773,940.95,670.8933333333334
8140,10521,920.8536010439028,230.3311739697773,939.5,685.7
8141,10521,920.8536010439028,230.3311739697773,939.5,685.7
8142,10521,920.8536010439028,230.3311739697773,939.5,685.7
8143,10521,920.8536010439028,230.3311739697773,939.5,685.7
8144,10521,920.8536010439028,230.3311739697773,939.5,685.7
8145,10521,920.8536010439028,230.3311739697773,939.5,685.7
8146,10522,920.8536010439028,230.3311739697773,939.5,685.7
8147,10523,920.8536010439028,230.3311739697773,939.5,685.7
8148,10524,920.8536010439028,230.3311739697773,939.5,685.7
8149,10525,920.8536010439028,230.3311739697773,939.5,685.7
8150,10526,920.8536010439028,230.3311739697773,939.5,685.7
8151,10527,920.8536010439028,230.3311739697773,939.5,685.7
8152,10528,920.8536010439028,230.3311739697773,939.5,685.7
8153,10529,920.8536010439028,230.3311739697773,939.5,685.7
8154,10530,920.8536010439028,230.3311739697773,939.5,685.7
8155,10531,920.8536010439028,230.3311739697773,939.5,685.7
8156,10532,920.8536010439028,230.3311739697773,939.5,685.7
8157,10533,920.8536010439028,230.3311739697773,939.5,685.7
8158,10534,920.8536010439028,230.3311739697773,939.5,685.7
8159,10535,920.8536010439028,230.3311739697773,939.5,685.7
8160,10536,920.8536010439028,230.3311739697773,939.5,685.7
8161,10537,920.8536010439028,230.3311739697773,939.5,685.7
8162,10538,920.8536010439028,230.3311739697773,939.5,685.7
8163,10539,920.8536010439028,230.3311739697773,939.5,685.7
8164,10540,920.8536010439028,230.3311739697773,939.5,685.7
8165,10541,920.8536010439028,230.3311739697773,939.5,685.7
8166,10542,920.8536010439028,230.3311739697773,939.5,685.7
8167,10543,920.8536010439028,230.3311739697773,939.5,685.7
8168,10544,920.8536010439028,230.3311739697773,939.5,685.7
8169,10545,920.8536010439028,230.3311739697773,939.5,685.7
8170,10546,920.8536010439028,230.3311739697773,939.5,685.7
8171,10547,920.8536010439028,230.3311739697773,939.5,685.7
8172,10548,920.8536010439028,230.3311739697773,939.5,685.7
8173,10549,920.8536010439028,230.3311739697773,939.5,685.7
8174,10550,920.8536010439028,230.3311739697773,939.5,685.7
8175,10551,920.8536010439028,230.3311739697773,939.5,685.7
8176,10552,920.8536010439028,230.3311739697773,939.5,685.7
8177,10553,920.8536010439028,230.3311739697773,939.5,685.7
8178,10554,920.8536010439028,230.3311739697773,939.5,685.7
8179,10555,920.8536010439028,230.3311739697773,939.5,685.7
8180,10556,920.8536010439028,230.3311739697773,939.5,685.7
8181,10557,920.8536010439028,230.3311739697773,939.5,685.7
8182,10558,920.8536010439028,230.3311739697773,939.5,685.7
8183,10559,920.8536010439028,230.3311739697773,939.5,685.7
8184,10560,920.8536010439028,230.3311739697773,939.5,685.7
8185,10561,920.8536010439028,230.3311739697773,939.5,685.7
8186,10562,920.8536010439028,230.3311739697773,939.5,685.7
8187,10563,920.8536010439028,230.3311739697773,939.5,685.7
8188,10564,920.8536010439028,230.3311739697773,939.5,685.7
8189,10565,920.8536010439028,230.3311739697773,939.5,685.7
8190,10566,920.8536010439028,230.3311739697773,939.5,685.7
8191,10567,920.8536010439028,230.3311739697773,939.5,685.7
8192,10568,920.8536010439028,230.3311739697773,939.5,685.7
8193,10569,920.8536010439028,230.3311739697773,939.5,685.7
8194,10570,920.8536010439028,230.3311739697773,939.5,685.7
8195,10571,920.8536010439028,230.3311739697773,939.5,685.7
8196,10572,920.8536010439028,230.3311739697773,939.5,685.7
8197,10573,920.8536010439028,230.3311739697773,939.5,685.7
8198,10574,920.8536010439028,230.3311739697773,939.5,685.7
8199,10575,920.8536010439028,230.3311739697773,939.5,685.7
8200,10576,920.8536010439028,230.3311739697773,939.5,685.7
8201,10577,920.8536010439028,230.3311739697773,939.5,685.7
8202,10578,920.8536010439028,230.3311739697773,939.5,685.7
8203,10579,920.8536010439028,230.3311739697773,939.5,685.7
8204,10580,920.8536010439028,230.3311739697773,939.5,685.7
8205,10581,920.8536010439028,230.3311739697773,939.5,685.7
8206,10582,920.8536010439028,230.3311739697773,939.5,685.7
8207,10583,920.8536010439028,230.3311739697773,939.5,685.7
8208,10584,920.8536010439028,230.3311739697773,939.5,685.7
8209,10585,920.8536010439028,230.3311739697773,939.5,685.7
8210,10586,920.8536010439028,230.3311739697773,939.5,685.7
8211,10587,920.8536010439028,230.3311739697773,939.5,685.7
8212,10588,920.8536010439028,230.3311739697773,939.5,685.7
8213,10589,920.8536010439028,230.3311739697773,939.5,685.7
8214,10590,920.8536010439028,230.3311739697773,939.5,685.7
8215,10591,920.8536010439028,230.3311739697773,939.5,685.7
8216,10592,920.8536010439028,230.3311739697773,939.5,685.7
8217,10593,920.8536010439028,230.3311739697773,939.5,685.7
8218,10594,920.8536010439028,230.3311739697773,939.5,685.7
8219,10595,920.8536010439028,230.3311739697773,939.5,685.7
8220,10596,920.8536010439028,230.3311739697773,939.5,685.7
8221,10597,920.8536010439028,230.3311739697773,939.5,685.7
8222,10598,920.8536010439028,230.3311739697773,939.5,685.7
8223,10599,920.8536010439028,230.3311739697773,939.5,685.7
8224,10600,920.8536010439028,230.3311739697773,939.5,685.7
8225,10601,920.8536010439028,230.3311739697773,939.5,685.7
8226,10602,920.8536010439028,230.3311739697773,939.5,685.7
8227,10603,920.8536010439028,230.3311739697773,939.5,685.7
8228,10604,920.8536010439028,230.3311739697773,939.5,685.7
8229,10605,920.8536010439028,230.3311739697773,939.5,685.7
8230,10606,949.8536010439028,206.3311739697773,939.5,685.7
8231,10607,949.8536010439028,206.3311739697773,939.5,685.7
8232,10608,949.8536010439028,206.3311739697773,939.5,685.7
8233,10609,949.8536010439028,206.3311739697773,939.5,685.7
8234,10610,949.8536010439028,206.3311739697773,939.5,685.7
8235,10611,949.8536010439028,206.3311739697773,939.5,685.7
8236,10612,949.8536010439028,206.3311739697773,939.5,685.7
8237,10613,949.8536010439028,206.3311739697773,939.5,685.7
8238,10614,949.8536010439028,206.3311739697773,939.5,685.7
8239,10615,949.8536010439028,206.3311739697773,939.5,685.7
8240,10615,949.8536010439028,206.3311739697773,939.5,685.7
8241,10615,949.8536010439028,206.3311739697773,939.5,685.7
8242,10615,949.8536010439028,206.3311739697773,939.5,685.7
8243,10615,949.8536010439028,206.3311739697773,939.5,685.7
8244,10615,949.8536010439028,206.3311739697773,939.5,685.7
8245,10615,949.8536010439028,206.3311739697773,939.5,685.7
8246,10615,949.8536010439028,206.3311739697773,939.5,685.7
8247,10615,949.8536010439028,206.3311739697773,939.5,685.7
8248,10615,949.8536010439028,206.3311739697773,939.5,685.7
8249,10615,949.8536010439028,206.3311739697773,939.5,685.7
8250,10615,949.8536010439028,206.3311739697773,939.5,685.7
8251,10615,949.8536010439028,206.3311739697773,939.5,685.7
8252,10615,949.8536010439028,206.3311739697773,939.5,685.7
8253,10615,949.8536010439028,206.3311739697773,939.5,685.7
8254,10615,949.8536010439028,206.3311739697773,939.5,685.7
8255,10615,949.8536010439028,206.3311739697773,939.5,685.7
8256,10615,949.8536010439028,206.3311739697773,939.5,685.7
8257,10615,949.8536010439028,206.3311739697773,939.5,685.7
8258,10615,949.8536010439028,206.3311739697773,939.5,685.7
8259,10615,949.8536010439028,206.3311739697773,939.5,685.7
8260,10615,949.8536010439028,206.3311739697773,939.5,685.7
8261,10615,949.8536010439028,206.3311739697773,939.5,685.7
8262,10615,949.8536010439028,206.3311739697773,939.5,685.7
8263,10615,949.8536010439028,206.3311739697773,939.5,685.7
8264,10615,949.8536010439028,206.3311739697773,939.5,685.7
8265,10615,949.8536010439028,206.3311739697773,939.5,685.7
8266,10615,949.8536010439028,206.3311739697773,939.5,685.7
8267,10615,949.8536010439028,206.3311739697773,939.5,685.7
8268,10615,949.8536010439028,206.3311739697773,939.5,685.7
8269,10615,949.8536010439028,206.3311739697773,939.5,685.7
8270,10615,949.8536010439028,206.3311739697773,939.5,685.7
8271,10615,949.8536010439028,206.3311739697773,939.5,685.7
8272,10615,949.8536010439028,206.3311739697773,939.5,685.7
8273,10615,949.8536010439028,206.3311739697773,939.5,685.7
8274,10615,949.8536010439028,206.3311739697773,939.5,685.7
8275,10615,949.8536010439028,206.3311739697773,939.5,685.7
8276,10615,949.8536010439028,206.3311739697773,939.5,685.7
8277,10615,949.8536010439028,206.3311739697773,939.5,685.7
8278,10615,949.8536010439028,206.3311739697773,939.5,685.7
8279,10615,949.8536010439028,206.3311739697773,939.5,685.7
8280,10615,949.8536010439028,206.3311739697773,939.5,685.7
8281,10615,949.8536010439028,206.3311739697773,939.5,685.7
8282,10615,949.8536010439028,206.3311739697773,939.5,685.7
8283,10615,949.8536010439028,206.3311739697773,939.5,685.7
8284,10615,949.8536010439028,206.3311739697773,939.5,685.7
8285,10615,949.8536010439028,206.3311739697773,939.5,685.7
8286,10615,949.8536010439028,206.3311739697773,939.5,685.7
8287,10615,949.8536010439028,206.3311739697773,939.5,685.7
8288,10615,949.8536010439028,206.3311739697773,939.5,685.7
8289,10615,949.8536010439028,206.3311739697773,939.5,685.7
8290,10615,949.8536010439028,206.3311739697773,939.5,685.7
8291,10615,949.8536010439028,206.3311739697773,939.5,685.7
8292,10615,949.8536010439028,206.3311739697773,939.5,685.7
8293,10615,949.8536010439028,206.3311739697773,939.5,685.7
8294,10615,949.8536010439028,206.3311739697773,939.5,685.7
8295,10615,949.8536010439028,206.3311739697773,939.5,685.7
8296,10615,949.8536010439028,206.3311739697773,939.5,685.7
8297,10615,949.8536010439028,206.3311739697773,939.5,685.7
8298,10615,949.8536010439028,206.3311739697773,939.5,685.7
8299,10615,949.8536010439028,206.3311739697773,939.5,685.7
8300,10615,949.8536010439028,206.3311739697773,939.5,685.7
8301,10615,949.8536010439028,206.3311739697773,939.5,685.7
8302,10615,949.8536010439028,206.3311739697773,939.5,685.7
8303,10615,949.8536010439028,206.3311739697773,939.5,685.7
8304,10615,949.8536010439028,206.3311739697773,939.5,685.7
8305,10615,949.8536010439028,206.3311739697773,939.5,685.7
8306,10615,949.8536010439028,206.3311739697773,939.5,685.7
8307,10615,949.8536010439028,206.3311739697773,939.5,685.7
8308,10615,949.8536010439028,206.3311739697773,939.5,685.7
8309,10615,949.8536010439028,206.3311739697773,939.5,685.7
8310,10616,949.8536010439028,206.3311739697773,939.5,685.7
8311,10617,949.8536010439028,206.3311739697773,939.5,685.7
8312,10618,949.8536010439028,206.3311739697773,939.5,685.7
8313,10619,949.8536010439028,206.3311739697773,939.5,685.7
8314,10620,949.8536010439028,206.3311739697773,939.5,685.7
8315,10621,949.8536010439028,206.3311739697773,939.5,685.7
8316,10622,949.8536010439028,206.3311739697773,939.5,685.7
8317,10623,949.8536010439028,206.3311739697773,939.5,685.7
8318,10624,949.8536010439028,206.3311739697773,939.5,685.7
8319,10625,949.8536010439028,206.3311739697773,939.5,685.7
8320,10626,949.8536010439028,206.3311739697773,939.5,685.7
8321,10627,949.8536010439028,206.3311739697773,939.5,685.7
8322,10628,949.8536010439028,206.3311739697773,939.5,685.7
8323,10629,949.8536010439028,206.3311739697773,939.5,685.7
8324,10630,949.8536010439028,206.3311739697773,939.5,685.7
8325,10631,949.8536010439028,206.3311739697773,939.5,685.7
8326,10632,949.8536010439028,206.3311739697773,939.5,685.7
8327,10633,949.8536010439028,206.3311739697773,939.5,685.7
8328,10634,949.8536010439028,206.3311739697773,939.5,685.7
8329,10635,949.8536010439028,206.3311739697773,939.5,685.7
8330,10636,949.8536010439028,206.3311739697773,939.5,685.7
8331,10637,949.8536010439028,206.3311739697773,939.5,685.7
8332,10638,949.8536010439028,206.3311739697773,939.5,685.7
8333,10639,949.8536010439028,206.3311739697773,939.5,685.7
8334,10640,949.8536010439028,206.3311739697773,939.5,685.7
8335,10641,949.8536010439028,206.3311739697773,939.5,685.7
8336,10642,949.8536010439028,206.3311739697773,939.5,685.7
8337,10643,949.8536010439028,206.3311739697773,939.5,685.7
8338,10644,949.8536010439028,206.3311739697773,939.5,685.7
8339,10645,949.8536010439028,206.3311739697773,939.5,685.7
8340,10646,949.8536010439028,206.3311739697773,939.5,685.7
8341,10647,949.8536010439028,206.3311739697773,939.5,685.7
8342,10648,949.8536010439028,206.3311739697773,939.5,685.7
8343,10649,949.8536010439028,206.3311739697773,939.5,685.7
8344,10650,949.8536010439028,206.3311739697773,939.5,685.7
8345,10651,949.8536010439028,206.3311739697773,939.5,685.7
8346,10652,949.8536010439028,206.3311739697773,939.5,685.7
8347,10653,949.8536010439028,206.3311739697773,939.5,685.7
8348,10654,949.8536010439028,206.3311739697773,939.5,685.7
8349,10655,949.8536010439028,206.3311739697773,939.5,685.7
8350,10656,949.8536010439028,206.3311739697773,939.5,685.7
8351,10657,949.8536010439028,206.3311739697773,939.5,685.7
8352,10658,949.8536010439028,206.3311739697773,939.5,685.7
8353,10659,949.8536010439028,206.3311739697773,939.5,685.7
8354,10660,949.8536010439028,206.3311739697773,939.5,685.7
8355,10661,949.8536010439028,206.3311739697773,939.5,685.7
8356,10662,949.8536010439028,206.3311739697773,939.5,685.7
8357,10663,949.8536010439028,206.3311739697773,939.5,685.7
8358,10664,949.8536010439028,206.3311739697773,939.5,685.7
8359,10665,949.8536010439028,206.3311739697773,939.5,685.7
8360,10666,949.8536010439028,206.3311739697773,939.5,685.7
8361,10667,949.8536010439028,206.3311739697773,939.5,685.7
8362,10668,949.8536010439028,206.3311739697773,939.5,685.7
8363,10669,949.8536010439028,206.3311739697773,939.5,685.7
8364,10670,949.8536010439028,206.3311739697773,939.5,685.7
8365,10671,949.8536010439028,206.3311739697773,939.5,685.7
8366,10672,949.8536010439028,206.3311739697773,939.5,685.7
8367,10673,949.8536010439028,206.3311739697773,939.5,685.7
8368,10674,949.8536010439028,206.3311739697773,939.5,685.7
8369,10675,949.8536010439028,206.3311739697773,939.5,685.7
8370,10676,949.8536010439028,206.3311739697773,939.5,685.7
8371,10677,949.8536010439028,206.3311739697773,939.5,685.7
8372,10678,949.8536010439028,206.3311739697773,939.5,685.7
8373,10679,949.8536010439028,206.3311739697773,939.5,685.7
8374,10680,949.8536010439028,206.3311739697773,939.5,685.7
8375,10681,949.8536010439028,206.3311739697773,939.5,685.7
8376,10682,949.8536010439028,206.3311739697773,939.5,685.7
8377,10683,949.8536010439028,206.3311739697773,939.5,685.7
8378,10684,949.8536010439028,206.3311739697773,939.5,685.7
8379,10685,949.8536010439028,206.3311739697773,939.5,685.7
8380,10686,949.8536010439028,206.3311739697773,939.5,685.7
8381,10687,949.8536010439028,206.3311739697773,939.5,685.7
8382,10688,949.8536010439028,206.3311739697773,939.5,685.7
8383,10689,949.8536010439028,206.3311739697773,939.5,685.7
8384,10690,949.8536010439028,206.3311739697773,939.5,685.7
8385,10691,949.8536010439028,206.3311739697773,939.5,685.7
8386,10692,949.8536010439028,206.3311739697773,939.5,685.7
8387,10693,949.8536010439028,206.3311739697773,939.5,685.7
8388,10694,949.8536010439028,206.3311739697773,939.5,685.7
8389,10695,949.8536010439028,206.3311739697773,939.5,685.7
8390,10696,949.8536010439028,206.3311739697773,939.5,685.7
8391,10697,949.8536010439028,206.3311739697773,939.5,685.7
8392,10698,949.8536010439028,206.3311739697773,939.5,685.7
8393,10699,949.8536010439028,206.3311739697773,939.5,685.7
8394,10700,949.8536010439028,206.3311739697773,939.5,685.7
8395,10701,949.8536010439028,206.3311739697773,939.5,685.7
8396,10702,949.8536010439028,206.3311739697773,939.5,685.7
8397,10703,949.8536010439028,206.3311739697773,939.5,685.7
8398,10704,940.8536010439028,421.3311739697773,939.5,685.7
8399,10705,940.8536010439028,421.3311739697773,939.5,685.7
8400,10706,940.8536010439028,421.3311739697773,939.5,685.7
8401,10707,940.8536010439028,421.3311739697773,939.5,685.7
8402,10708,940.8536010439028,421.3311739697773,939.5,685.7
8403,10709,940.8536010439028,421.3311739697773,939.5,685.7
8404,10710,940.8536010439028,421.3311739697773,939.5,685.7
8405,10711,940.8536010439028,421.3311739697773,939.5,685.7
8406,10712,940.8536010439028,421.3311739697773,939.5,685.7
8407,10713,940.8536010439028,421.3311739697773,939.5,685.7
8408,10714,940.8536010439028,421.3311739697773,939.5,685.7
8409,10715,940.8536010439028,421.3311739697773,939.5,685.7
8410,10716,940.8536010439028,421.3311739697773,939.5,685.7
8411,10717,940.8536010439028,421.3311739697773,939.5,685.7
8412,10718,940.8536010439028,421.3311739697773,939.5,685.7
8413,10719,940.8536010439028,421.3311739697773,939.5,685.7
8414,10720,940.8536010439028,421.3311739697773,939.5,685.7
8415,10721,940.8536010439028,421.3311739697773,939.5,685.7
8416,10722,940.8536010439028,421.3311739697773,939.5,685.7
8417,10723,940.8536010439028,421.3311739697773,939.5,685.7
8418,10724,940.8536010439028,421.3311739697773,939.5,685.7
8419,10725,940.8536010439028,421.3311739697773,939.5,685.7
8420,10726,940.8536010439028,421.3311739697773,939.5,685.7
8421,10727,940.8536010439028,421.3311739697773,939.5,685.7
8422,10728,940.8536010439028,421.3311739697773,939.5,685.7
8423,10729,940.8536010439028,421.3311739697773,939.5,685.7
8424,10730,940.8536010439028,421.3311739697773,939.5,685.7
8425,10731,940.8536010439028,421.3311739697773,939.5,685.7
8426,10732,940.8536010439028,421.3311739697773,939.5,685.7
8427,10733,940.8536010439028,421.3311739697773,939.5,685.7
8428,10734,940.8536010439028,421.3311739697773,939.5,685.7
8429,10735,940.8536010439028,421.3311739697773,939.5,685.7
8430,10736,940.8536010439028,421.3311739697773,939.5,685.7
8431,10737,931.8536010439028,636.3311739697773,939.5,685.7
8432,10738,931.8536010439028,636.3311739697773,939.5,685.7
8433,10739,931.8536010439028,636.3311739697773,939.5,685.7
8434,10740,931.8536010439028,636.3311739697773,939.5,685.7
8435,10741,931.8536010439028,636.3311739697773,939.5,685.7
8436,10742,931.8536010439028,636.3311739697773,939.5,685.7
8437,10743,931.8536010439028,636.3311739697773,939.5,685.7
8438,10744,931.8536010439028,636.3311739697773,939.5,685.7
8439,10745,931.8536010439028,636.3311739697773,939.5,685.7
8440,10746,931.8536010439028,636.3311739697773,939.5,685.7
8441,10747,931.8536010439028,636.3311739697773,939.5,685.7
8442,10748,931.8536010439028,636.3311739697773,939.5,685.7
8443,10749,931.8536010439028,636.3311739697773,939.5,685.7
8444,10750,931.8536010439028,636.3311739697773,939.5,685.7
8445,10751,931.8536010439028,636.3311739697773,939.5,685.7
8446,10752,931.8536010439028,636.3311739697773,939.5,685.7
8447,10753,931.8536010439028,636.3311739697773,939.5,685.7
8448,10754,931.8536010439028,636.3311739697773,939.5,685.7
8449,10755,931.8536010439028,636.3311739697773,939.5,685.7
8450,10756,931.8536010439028,636.3311739697773,939.5,685.7
8451,10757,931.8536010439028,636.3311739697773,939.5,685.7
8452,10758,931.8536010439028,636.3311739697773,939.5,685.7
8453,10759,931.8536010439028,636.3311739697773,939.5,685.7
8454,10760,931.8536010439028,636.3311739697773,939.5,685.7
8455,10761,931.8536010439028,636.3311739697773,939.5,685.7
8456,10762,931.8536010439028,636.3311739697773,939.5,685.7
8457,10763,931.8536010439028,636.3311739697773,939.5,685.7
8458,10764,931.8536010439028,636.3311739697773,939.5,685.7
8459,10765,931.8536010439028,636.3311739697773,939.5,685.7
8460,10766,931.8536010439028,636.3311739697773,939.5,685.7
8461,10767,931.8536010439028,636.3311739697773,939.5,685.7
8462,10768,931.8536010439028,636.3311739697773,939.5,685.7
8463,10769,931.8536010439028,636.3311739697773,939.5,685.7
8464,10770,931.8536010439028,636.3311739697773,939.5,685.7
8465,10771,931.8536010439028,636.3311739697773,939.5,685.7
8466,10772,931.8536010439028,636.3311739697773,939.5,685.7
8467,10773,931.8536010439028,636.3311739697773,939.5,685.7
8468,10774,931.8536010439028,636.3311739697773,939.5,685.7
8469,10775,931.8536010439028,636.3311739697773,939.5,685.7
8470,10776,931.8536010439028,636.3311739697773,939.5,685.7
8471,10777,931.8536010439028,636.3311739697773,939.5,685.7
8472,10778,931.8536010439028,636.3311739697773,939.5,685.7
8473,10779,931.8536010439028,636.3311739697773,939.5,685.7
8474,10780,931.8536010439028,636.3311739697773,939.5,685.7
8475,10781,931.8536010439028,636.3311739697773,939.5,685.7
8476,10782,931.8536010439028,636.3311739697773,939.5,685.7
8477,10783,931.8536010439028,636.3311739697773,939.5,685.7
8478,10784,931.8536010439028,636.3311739697773,939.5,685.7
8479,10785,931.8536010439028,636.3311739697773,939.5,685.7
8480,10786,931.8536010439028,636.3311739697773,939.5,685.7
8481,10787,931.8536010439028,636.3311739697773,939.5,685.7
8482,10788,931.8536010439028,636.3311739697773,939.5,685.7
8483,10789,931.8536010439028,636.3311739697773,939.5,685.7
8484,10790,931.8536010439028,636.3311739697773,939.5,685.7
8485,10791,931.8536010439028,636.3311739697773,939.5,685.7
8486,10792,931.8536010439028,636.3311739697773,939.5,685.7
8487,10793,931.8536010439028,636.3311739697773,939.5,685.7
8488,10794,931.8536010439028,636.3311739697773,939.5,685.7
8489,10795,931.8536010439028,636.3311739697773,939.5,685.7
8490,10796,931.8536010439028,636.3311739697773,939.5,685.7
8491,10797,931.8536010439028,636.3311739697773,939.5,685.7
8492,10798,931.8536010439028,636.3311739697773,939.5,685.7
8493,10799,931.8536010439028,636.3311739697773,939.5,685.7
8494,10800,931.8536010439028,636.3311739697773,939.5,685.7
8495,10801,931.8536010439028,636.3311739697773,939.5,685.7
8496,10802,931.8536010439028,636.3311739697773,939.5,685.7
8497,10803,931.8536010439028,636.3311739697773,939.5,685.7
8498,10804,931.8536010439028,636.3311739697773,939.5,685.7
8499,10805,931.8536010439028,636.3311739697773,939.5,685.7
8500,10806,931.8536010439028,636.3311739697773,939.5,685.7
8501,10807,931.8536010439028,636.3311739697773,939.5,685.7
8502,10808,931.8536010439028,636.3311739697773,939.5,685.7
8503,10809,931.8536010439028,636.3311739697773,939.5,685.7
8504,10810,931.8536010439028,636.3311739697773,939.5,685.7
8505,10811,931.8536010439028,636.3311739697773,939.5,685.7
8506,10812,931.8536010439028,636.3311739697773,939.5,685.7
8507,10813,931.8536010439028,636.3311739697773,939.5,685.7
8508,10814,931.8536010439028,636.3311739697773,939.5,685.7
8509,10815,931.8536010439028,636.3311739697773,939.5,685.7
8510,10816,931.8536010439028,636.3311739697773,939.5,685.7
8511,10817,931.8536010439028,636.3311739697773,939.5,685.7
8512,10818,931.8536010439028,636.3311739697773,939.5,685.7
8513,10819,931.8536010439028,636.3311739697773,939.5,685.7
8514,10820,931.8536010439028,636.3311739697773,939.5,685.7
8515,10821,931.8536010439028,636.3311739697773,939.5,685.7
8516,10822,931.8536010439028,636.3311739697773,939.5,685.7
8517,10823,931.8536010439028,636.3311739697773,939.5,685.7
8518,10824,931.8536010439028,636.3311739697773,939.5,685.7
8519,10825,931.8536010439028,636.3311739697773,939.5,685.7
8520,10826,931.8536010439028,636.3311739697773,939.5,685.7
8521,10827,931.8536010439028,636.3311739697773,939.5,685.7
8522,10828,931.8536010439028,636.3311739697773,939.5,685.7
8523,10829,931.8536010439028,636.3311739697773,939.5,685.7
8524,10830,931.8536010439028,636.3311739697773,939.5,685.7
8525,10831,931.8536010439028,636.3311739697773,939.5,685.7
8526,10832,931.8536010439028,636.3311739697773,939.5,685.7
8527,10833,931.8536010439028,636.3311739697773,939.5,685.7
8528,10834,931.8536010439028,636.3311739697773,939.5,685.7
8529,10835,931.8536010439028,636.3311739697773,939.5,685.7
8530,10836,931.8536010439028,636.3311739697773,939.5,685.7
8531,10837,955.8536010439028,380.3311739697773,939.5,685.7
8532,10838,955.8536010439028,380.3311739697773,939.5,685.7
8533,10839,955.8536010439028,380.3311739697773,939.5,685.7
8534,10840,955.8536010439028,380.3311739697773,939.5,685.7
8535,10841,955.8536010439028,380.3311739697773,939.5,685.7
8536,10842,955.8536010439028,380.3311739697773,939.5,685.7
8537,10843,955.8536010439028,380.3311739697773,939.5,685.7
8538,10844,955.8536010439028,380.3311739697773,939.5,685.7
8539,10845,955.8536010439028,380.3311739697773,939.5,685.7
8540,10846,955.8536010439028,380.3311739697773,939.5,685.7
8541,10847,955.8536010439028,380.3311739697773,939.5,685.7
8542,10848,955.8536010439028,380.3311739697773,939.5,685.7
8543,10849,955.8536010439028,380.3311739697773,939.5,685.7
8544,10850,955.8536010439028,380.3311739697773,939.5,685.7
8545,10851,955.8536010439028,380.3311739697773,939.5,685.7
8546,10852,955.8536010439028,380.3311739697773,939.5,685.7
8547,10853,955.8536010439028,380.3311739697773,939.5,685.7
8548,10854,955.8536010439028,380.3311739697773,939.5,685.7
8549,10855,955.8536010439028,380.3311739697773,939.5,685.7
8550,10856,955.8536010439028,380.3311739697773,939.5,685.7
8551,10857,955.8536010439028,380.3311739697773,939.5,685.7
8552,10858,955.8536010439028,380.3311739697773,939.5,685.7
8553,10859,955.8536010439028,380.3311739697773,939.5,685.7
8554,10860,955.8536010439028,380.3311739697773,939.5,685.7
8555,10861,955.8536010439028,380.3311739697773,939.5,685.7
8556,10862,955.8536010439028,380.3311739697773,939.5,685.7
8557,10863,955.8536010439028,380.3311739697773,939.5,685.7
8558,10864,955.8536010439028,380.3311739697773,939.5,685.7
8559,10865,955.8536010439028,380.3311739697773,939.5,685.7
8560,10866,955.8536010439028,380.3311739697773,939.5,685.7
8561,10867,955.8536010439028,380.3311739697773,939.5,685.7
8562,10868,955.8536010439028,380.3311739697773,939.5,685.7
8563,10869,955.8536010439028,380.3311739697773,939.5,685.7
8564,10870,955.8536010439028,380.3311739697773,939.5,685.7
8565,10871,955.8536010439028,380.3311739697773,939.5,685.7
8566,10872,955.8536010439028,380.3311739697773,939.5,685.7
8567,10873,955.8536010439028,380.3311739697773,939.5,685.7
8568,10874,955.8536010439028,380.3311739697773,939.5,685.7
8569,10875,955.8536010439028,380.3311739697773,939.5,685.7
8570,10876,955.8536010439028,380.3311739697773,939.5,685.7
8571,10877,955.8536010439028,380.3311739697773,939.5,685.7
8572,10878,955.8536010439028,380.3311739697773,939.5,685.7
8573,10879,955.8536010439028,380.3311739697773,939.5,685.7
8574,10880,955.8536010439028,380.3311739697773,939.5,685.7
8575,10881,955.8536010439028,380.3311739697773,939.5,685.7
8576,10882,955.8536010439028,380.3311739697773,939.5,685.7
8577,10883,955.8536010439028,380.3311739697773,939.5,685.7
8578,10884,955.8536010439028,380.3311739697773,939.5,685.7
8579,10885,955.8536010439028,380.3311739697773,939.5,685.7
8580,10886,955.8536010439028,380.3311739697773,939.5,685.7
8581,10887,955.8536010439028,380.3311739697773,939.5,685.7
8582,10888,955.8536010439028,380.3311739697773,939.5,685.7
8583,10889,955.8536010439028,380.3311739697773,939.5,685.7
8584,10890,955.8536010439028,380.3311739697773,939.5,685.7
8585,10891,955.8536010439028,380.3311739697773,939.5,685.7
8586,10892,955.8536010439028,380.3311739697773,939.5,685.7
8587,10893,955.8536010439028,380.3311739697773,939.5,685.7
8588,10894,955.8536010439028,380.3311739697773,939.5,685.7
8589,10895,955.8536010439028,380.3311739697773,939.5,685.7
8590,10896,955.8536010439028,380.3311739697773,939.5,685.7
8591,10897,955.8536010439028,380.3311739697773,939.5,685.7
8592,10898,955.8536010439028,380.3311739697773,939.5,685.7
8593,10899,955.8536010439028,380.3311739697773,939.5,685.7
8594,10900,955.8536010439028,380.3311739697773,939.5,685.7
8595,10901,955.8536010439028,380.3311739697773,939.5,685.7
8596,10902,955.8536010439028,380.3311739697773,939.5,685.7
8597,10903,955.8536010439028,380.3311739697773,939.5,685.7
8598,10904,955.8536010439028,380.3311739697773,939.5,685.7
8599,10905,955.8536010439028,380.3311739697773,939.5,685.7
8600,10906,955.8536010439028,380.3311739697773,939.5,685.7
8601,10907,955.8536010439028,380.3311739697773,939.5,685.7
8602,10908,955.8536010439028,380.3311739697773,939.5,685.7
8603,10909,955.8536010439028,380.3311739697773,939.5,685.7
8604,10910,955.8536010439028,380.3311739697773,939.5,685.7
8605,10911,955.8536010439028,380.3311739697773,939.5,685.7
8606,10912,955.8536010439028,380.3311739697773,939.5,685.7
8607,10913,955.8536010439028,380.3311739697773,939.5,685.7
8608,10914,955.8536010439028,380.3311739697773,939.5,685.7
8609,10915,955.8536010439028,380.3311739697773,939.5,685.7
8610,10916,955.8536010439028,380.3311739697773,939.5,685.7
8611,10917,955.8536010439028,380.3311739697773,939.5,685.7
8612,10918,955.8536010439028,380.3311739697773,939.5,685.7
8613,10919,955.8536010439028,380.3311739697773,939.5,685.7
8614,10920,955.8536010439028,380.3311739697773,939.5,685.7
8615,10921,955.8536010439028,380.3311739697773,939.5,685.7
8616,10922,955.8536010439028,380.3311739697773,939.5,685.7
8617,10923,955.8536010439028,380.3311739697773,939.5,685.7
8618,10924,955.8536010439028,380.3311739697773,939.5,685.7
8619,10925,955.8536010439028,380.3311739697773,939.5,685.7
8620,10926,955.8536010439028,380.3311739697773,939.5,685.7
8621,10927,955.8536010439028,380.3311739697773,939.5,685.7
8622,10928,955.8536010439028,380.3311739697773,939.5,685.7
8623,10929,955.8536010439028,380.3311739697773,939.5,685.7
8624,10930,955.8536010439028,380.3311739697773,939.5,685.7
8625,10931,955.8536010439028,380.3311739697773,939.5,685.7
8626,10932,955.8536010439028,380.3311739697773,939.5,685.7
8627,10933,955.8536010439028,380.3311739697773,939.5,685.7
8628,10934,955.8536010439028,380.3311739697773,939.5,685.7
8629,10935,955.8536010439028,380.3311739697773,939.5,685.7
8630,10936,955.8536010439028,380.3311739697773,939.5,685.7
8631,10937,955.8536010439028,380.3311739697773,939.5,685.7
8632,10938,955.8536010439028,380.3311739697773,939.5,685.7
8633,10939,955.8536010439028,380.3311739697773,939.5,685.7
8634,10940,955.8536010439028,380.3311739697773,939.5,685.7
8635,10941,955.8536010439028,380.3311739697773,939.5,685.7
8636,10942,955.8536010439028,380.3311739697773,939.5,685.7
8637,10943,955.8536010439028,380.3311739697773,939.5,685.7
8638,10944,955.8536010439028,380.3311739697773,939.5,685.7
8639,10945,955.8536010439028,380.3311739697773,939.5,685.7
8640,10946,955.8536010439028,380.3311739697773,939.5,685.7
8641,10946,955.8536010439028,380.3311739697773,939.5,685.7
8642,10946,955.8536010439028,380.3311739697773,939.5,685.7
8643,10946,955.8536010439028,380.3311739697773,939.5,685.7
8644,10946,955.8536010439028,380.3311739697773,939.5,685.7
8645,10946,955.8536010439028,380.3311739697773,939.5,685.7
8646,10946,955.8536010439028,380.3311739697773,939.5,685.7
8647,10946,955.8536010439028,380.3311739697773,939.5,685.7
8648,10946,955.8536010439028,380.3311739697773,939.5,685.7
8649,10946,955.8536010439028,380.3311739697773,939.5,685.7
8650,10946,955.8536010439028,380.3311739697773,939.5,685.7
8651,10946,955.8536010439028,380.3311739697773,939.5,685.7
8652,10946,955.8536010439028,380.3311739697773,939.5,685.7
8653,10946,955.8536010439028,380.3311739697773,939.5,685.7
8654,10946,955.8536010439028,380.3311739697773,939.5,685.7
8655,10946,955.8536010439028,380.3311739697773,939.5,685.7
8656,10946,955.8536010439028,380.3311739697773,939.5,685.7
8657,10946,955.8536010439028,380.3311739697773,939.5,685.7
8658,10946,955.8536010439028,380.3311739697773,939.5,685.7
8659,10946,955.8536010439028,380.3311739697773,939.5,685.7
8660,10946,955.8536010439028,380.3311739697773,939.5,685.7
8661,10946,955.8536010439028,380.3311739697773,939.5,685.7
8662,10946,955.8536010439028,380.3311739697773,939.5,685.7
8663,10946,955.8536010439028,380.3311739697773,939.5,685.7
8664,10946,955.8536010439028,380.3311739697773,939.5,685.7
8665,10946,955.8536010439028,380.3311739697773,939.5,685.7
8666,10946,955.8536010439028,380.3311739697773,939.5,685.7
8667,10946,955.8536010439028,380.3311739697773,939.5,685.7
8668,10946,955.8536010439028,380.3311739697773,939.5,685.7
8669,10946,955.8536010439028,380.3311739697773,939.5,685.7
8670,10946,955.8536010439028,380.3311739697773,939.5,685.7
8671,10946,955.8536010439028,380.3311739697773,939.5,685.7
8672,10946,955.8536010439028,380.3311739697773,939.5,685.7
8673,10946,955.8536010439028,380.3311739697773,939.5,685.7
8674,10946,955.8536010439028,380.3311739697773,939.5,685.7
8675,10946,955.8536010439028,380.3311739697773,939.5,685.7
8676,10946,955.8536010439028,380.3311739697773,939.5,685.7
8677,10946,955.8536010439028,380.3311739697773,939.5,685.7
8678,10946,955.8536010439028,380.3311739697773,939.5,685.7
8679,10946,955.8536010439028,380.3311739697773,939.5,685.7
8680,10946,955.8536010439028,380.3311739697773,939.5,685.7
8681,10946,955.8536010439028,380.3311739697773,939.5,685.7
8682,10946,955.8536010439028,380.3311739697773,939.5,685.7
8683,10946,955.8536010439028,380.3311739697773,939.5,685.7
8684,10946,955.8536010439028,380.3311739697773,939.5,685.7
8685,10946,955.8536010439028,380.3311739697773,939.5,685.7
8686,10946,955.8536010439028,380.3311739697773,939.5,685.7
8687,10946,955.8536010439028,380.3311739697773,939.5,685.7
8688,10946,955.8536010439028,380.3311739697773,939.5,685.7
8689,10946,955.8536010439028,380.3311739697773,939.5,685.7
8690,10946,955.8536010439028,380.3311739697773,939.5,685.7
8691,10946,955.8536010439028,380.3311739697773,939.5,685.7
8692,10946,955.8536010439028,380.3311739697773,939.5,685.7
8693,10946,955.8536010439028,380.3311739697773,939.5,685.7
8694,10946,955.8536010439028,380.3311739697773,939.5,685.7
8695,10946,955.8536010439028,380.3311739697773,939.5,685.7
8696,10946,955.8536010439028,380.3311739697773,939.5,685.7
8697,10946,955.8536010439028,380.3311739697773,939.5,685.7
8698,10946,818.8536010439028,502.3311739697773,939.5,685.7
8699,10946,818.8536010439028,502.3311739697773,939.5,685.7
8700,10946,818.8536010439028,502.3311739697773,939.5,685.7
8701,10946,818.8536010439028,502.3311739697773,939.5,685.7
8702,10946,818.8536010439028,502.3311739697773,939.5,685.7
8703,10946,818.8536010439028,502.3311739697773,939.5,685.7
8704,10946,818.8536010439028,502.3311739697773,939.5,685.7
8705,10946,818.8536010439028,502.3311739697773,939.5,685.7
8706,10946,818.8536010439028,502.3311739697773,939.5,685.7
8707,10946,818.8536010439028,502.3311739697773,939.5,685.7
8708,10946,818.8536010439028,502.3311739697773,939.5,685.7
8709,10946,818.8536010439028,502.3311739697773,939.5,685.7
8710,10946,818.8536010439028,502.3311739697773,939.5,685.7
8711,10946,818.8536010439028,502.3311739697773,939.5,685.7
8712,10946,818.8536010439028,502.3311739697773,939.5,685.7
8713,10946,818.8536010439028,502.3311739697773,939.5,685.7
8714,10946,818.8536010439028,502.3311739697773,939.5,685.7
8715,10946,818.8536010439028,502.3311739697773,939.5,685.7
8716,10946,818.8536010439028,502.3311739697773,939.5,685.7
8717,10946,818.8536010439028,502.3311739697773,939.5,685.7
8718,10946,818.8536010439028,502.3311739697773,939.5,685.7
8719,10946,818.8536010439028,502.3311739697773,939.5,685.7
8720,10946,818.8536010439028,502.3311739697773,939.5,685.7
8721,10946,818.8536010439028,502.3311739697773,939.5,685.7
8722,10946,818.8536010439028,502.3311739697773,939.5,685.7
8723,10946,818.8536010439028,502.3311739697773,939.5,685.7
8724,10946,818.8536010439028,502.3311739697773,939.5,685.7
8725,10946,818.8536010439028,502.3311739697773,939.5,685.7
8726,10946,818.8536010439028,502.3311739697773,939.5,685.7
8727,10946,818.8536010439028,502.3311739697773,939.5,685.7
8728,10946,818.8536010439028,502.3311739697773,939.5,685.7
8729,10946,818.8536010439028,502.3311739697773,939.5,685.7
8730,10946,682.8536010439028,624.3311739697773,939.5,685.7
8731,10946,682.8536010439028,624.3311739697773,939.5,685.7
8732,10946,682.8536010439028,624.3311739697773,939.5,685.7
8733,10946,682.8536010439028,624.3311739697773,939.5,685.7
8734,10946,682.8536010439028,624.3311739697773,939.5,685.7
8735,10946,682.8536010439028,624.3311739697773,939.5,685.7
8736,10946,682.8536010439028,624.3311739697773,939.5,685.7
8737,10946,682.8536010439028,624.3311739697773,939.5,685.7
8738,10946,682.8536010439028,624.3311739697773,939.5,685.7
8739,10946,682.8536010439028,624.3311739697773,939.5,685.7
8740,10946,682.8536010439028,624.3311739697773,939.5,685.7
8741,10946,682.8536010439028,624.3311739697773,939.5,685.7
8742,10946,682.8536010439028,624.3311739697773,939.5,685.7
8743,10946,682.8536010439028,624.3311739697773,939.5,685.7
8744,10946,682.8536010439028,624.3311739697773,939.5,685.7
8745,10946,682.8536010439028,624.3311739697773,939.5,685.7
8746,10946,682.8536010439028,624.3311739697773,939.5,685.7
8747,10946,682.8536010439028,624.3311739697773,939.5,685.7
8748,10946,682.8536010439028,624.3311739697773,939.5,685.7
8749,10946,682.8536010439028,624.3311739697773,939.5,685.7
8750,10946,682.8536010439028,624.3311739697773,939.5,685.7
8751,10946,682.8536010439028,624.3311739697773,939.5,685.7
8752,10947,682.8536010439028,624.3311739697773,939.5,685.7
8753,10948,682.8536010439028,624.3311739697773,939.5,685.7
8754,10949,682.8536010439028,624.3311739697773,939.5,685.7
8755,10950,682.8536010439028,624.3311739697773,939.5,685.7
8756,10951,682.8536010439028,624.3311739697773,939.5,685.7
8757,10952,682.8536010439028,624.3311739697773,939.5,685.7
8758,10953,682.8536010439028,624.3311739697773,939.5,685.7
8759,10954,682.8536010439028,624.3311739697773,939.5,685.7
8760,10955,682.8536010439028,624.3311739697773,939.5,685.7
8761,10956,682.8536010439028,624.3311739697773,939.5,685.7
8762,10957,682.8536010439028,624.3311739697773,939.5,685.7
8763,10958,682.8536010439028,624.3311739697773,939.5,685.7
8764,10959,682.8536010439028,624.3311739697773,939.5,685.7
8765,10960,682.8536010439028,624.3311739697773,939.5,685.7
8766,10961,682.8536010439028,624.3311739697773,939.5,685.7
8767,10962,682.8536010439028,624.3311739697773,925.575,685.99
8768,10963,682.8536010439028,624.3311739697773,911.65,686.2800000000001
8769,10964,682.8536010439028,624.3311739697773,897.725,686.57
8770,10965,682.8536010439028,624.3311739697773,883.8,686.86
8771,10966,682.8536010439028,624.3311739697773,869.875,687.1500000000001
8772,10967,682.8536010439028,624.3311739697773,855.95,687.44
8773,10968,682.8536010439028,624.3311739697773,842.025,687.73
8774,10969,682.8536010439028,624.3311739697773,828.1,688.02
8775,10970,682.8536010439028,624.3311739697773,814.175,688.3100000000001
8776,10971,682.8536010439028,624.3311739697773,800.25,688.6
8777,10972,682.8536010439028,624.3311739697773,786.325,688.89
8778,10973,682.8536010439028,624.3311739697773,772.4,689.1800000000001
8779,10974,682.8536010439028,624.3311739697773,758.475,689.47
8780,10975,682.8536010439028,624.3311739697773,744.55,689.76
8781,10976,682.8536010439028,624.3311739697773,730.625,690.05
8782,10977,682.8536010439028,624.3311739697773,716.7,690.34
8783,10978,682.8536010439028,624.3311739697773,702.775,690.63
8784,10979,682.8536010439028,624.3311739697773,688.85,690.92
8785,10980,682.8536010439028,624.3311739697773,674.925,691.21
8786,10981,682.8536010439028,624.3311739697773,661.0,691.5
8787,10982,682.8536010439028,624.3311739697773,661.0,691.5
8788,10983,682.8536010439028,624.3311739697773,661.0,691.5
8789,10984,682.8536010439028,624.3311739697773,661.0,691.5
8790,10985,682.8536010439028,624.3311739697773,661.0,691.5
8791,10986,682.8536010439028,624.3311739697773,661.0,691.5
8792,10987,682.8536010439028,624.3311739697773,661.0,691.5
8793,10988,682.8536010439028,624.3311739697773,661.0,691.5
8794,10989,682.8536010439028,624.3311739697773,661.0,691.5
8795,10990,682.8536010439028,624.3311739697773,661.0,691.5
8796,10991,682.8536010439028,624.3311739697773,661.0,691.5
8797,10992,682.8536010439028,624.3311739697773,661.0,691.5
8798,10993,682.8536010439028,624.3311739697773,661.0,691.5
8799,10994,682.8536010439028,624.3311739697773,661.0,691.5
8800,10995,682.8536010439028,624.3311739697773,661.0,691.5
8801,10996,682.8536010439028,624.3311739697773,661.0,691.5
8802,10997,682.8536010439028,624.3311739697773,661.0,691.5
8803,10998,682.8536010439028,624.3311739697773,661.0,691.5
8804,10999,682.8536010439028,624.3311739697773,661.0,691.5
8805,11000,682.8536010439028,624.3311739697773,661.0,691.5
8806,11001,682.8536010439028,624.3311739697773,661.0,691.5
8807,11002,682.8536010439028,624.3311739697773,661.0,691.5
8808,11003,682.8536010439028,624.3311739697773,661.0,691.5
8809,11004,682.8536010439028,624.3311739697773,661.0,691.5
8810,11005,682.8536010439028,624.3311739697773,661.0,691.5
8811,11006,682.8536010439028,624.3311739697773,661.0,691.5
8812,11007,682.8536010439028,624.3311739697773,661.0,691.5
8813,11008,682.8536010439028,624.3311739697773,661.0,691.5
8814,11009,682.8536010439028,624.3311739697773,661.0,691.5
8815,11010,682.8536010439028,624.3311739697773,661.0,691.5
8816,11011,682.8536010439028,624.3311739697773,661.0,691.5
8817,11012,682.8536010439028,624.3311739697773,661.0,691.5
8818,11013,682.8536010439028,624.3311739697773,661.0,691.5
8819,11014,682.8536010439028,624.3311739697773,661.0,691.5
8820,11015,682.8536010439028,624.3311739697773,661.0,691.5
8821,11016,682.8536010439028,624.3311739697773,661.0,691.5
8822,11017,682.8536010439028,624.3311739697773,661.0,691.5
8823,11018,682.8536010439028,624.3311739697773,661.0,691.5
8824,11019,682.8536010439028,624.3311739697773,661.0,691.5
8825,11020,682.8536010439028,624.3311739697773,661.0,691.5
8826,11021,682.8536010439028,624.3311739697773,661.0,691.5
8827,11022,682.8536010439028,624.3311739697773,661.0,691.5
8828,11023,682.8536010439028,624.3311739697773,661.0,691.5
8829,11024,682.8536010439028,624.3311739697773,661.0,691.5
8830,11025,682.8536010439028,624.3311739697773,661.0,691.5
8831,11026,682.8536010439028,624.3311739697773,661.0,691.5
8832,11027,682.8536010439028,624.3311739697773,661.0,691.5
8833,11028,682.8536010439028,624.3311739697773,661.0,691.5
8834,11029,682.8536010439028,624.3311739697773,661.0,691.5
8835,11030,682.8536010439028,624.3311739697773,661.0,691.5
8836,11031,682.8536010439028,624.3311739697773,661.0,691.5
8837,11032,682.8536010439028,624.3311739697773,661.0,691.5
8838,11033,682.8536010439028,624.3311739697773,661.0,691.5
8839,11034,682.8536010439028,624.3311739697773,661.0,691.5
8840,11035,682.8536010439028,624.3311739697773,661.0,691.5
8841,11036,682.8536010439028,624.3311739697773,661.0,691.5
8842,11037,682.8536010439028,624.3311739697773,661.0,691.5
8843,11038,682.8536010439028,624.3311739697773,661.0,691.5
8844,11039,682.8536010439028,624.3311739697773,661.0,691.5
8845,11040,682.8536010439028,624.3311739697773,661.0,691.5
8846,11041,682.8536010439028,624.3311739697773,661.0,691.5
8847,11042,682.8536010439028,624.3311739697773,661.0,691.5
8848,11043,682.8536010439028,624.3311739697773,661.0,691.5
8849,11044,682.8536010439028,624.3311739697773,661.0,691.5
8850,11045,682.8536010439028,624.3311739697773,661.0,691.5
8851,11046,682.8536010439028,624.3311739697773,661.0,691.5
8852,11047,682.8536010439028,624.3311739697773,661.0,691.5
8853,11048,682.8536010439028,624.3311739697773,661.0,691.5
8854,11049,682.8536010439028,624.3311739697773,661.0,691.5
8855,11050,682.8536010439028,624.3311739697773,661.0,691.5
8856,11051,682.8536010439028,624.3311739697773,661.0,691.5
8857,11052,682.8536010439028,624.3311739697773,661.0,691.5
8858,11053,682.8536010439028,624.3311739697773,661.0,691.5
8859,11054,682.8536010439028,624.3311739697773,661.0,691.5
8860,11055,682.8536010439028,624.3311739697773,661.0,691.5
8861,11056,682.8536010439028,624.3311739697773,661.0,691.5
8862,11057,682.8536010439028,624.3311739697773,661.0,691.5
8863,11058,682.8536010439028,624.3311739697773,661.0,691.5
8864,11059,922.8536010439028,647.3311739697773,661.0,691.5
8865,11060,922.8536010439028,647.3311739697773,661.0,691.5
8866,11061,922.8536010439028,647.3311739697773,661.0,691.5
8867,11062,922.8536010439028,647.3311739697773,661.0,691.5
8868,11063,922.8536010439028,647.3311739697773,661.0,691.5
8869,11064,922.8536010439028,647.3311739697773,661.0,691.5
8870,11065,922.8536010439028,647.3311739697773,661.0,691.5
8871,11066,922.8536010439028,647.3311739697773,661.0,691.5
8872,11067,922.8536010439028,647.3311739697773,661.0,691.5
8873,11068,922.8536010439028,647.3311739697773,661.0,691.5
8874,11069,922.8536010439028,647.3311739697773,661.0,691.5
8875,11070,922.8536010439028,647.3311739697773,661.0,691.5
8876,11071,922.8536010439028,647.3311739697773,661.0,691.5
8877,11072,922.8536010439028,647.3311739697773,661.0,691.5
8878,11073,922.8536010439028,647.3311739697773,661.0,691.5
8879,11074,922.8536010439028,647.3311739697773,661.0,691.5
8880,11075,922.8536010439028,647.3311739697773,661.0,691.5
8881,11076,922.8536010439028,647.3311739697773,661.0,691.5
8882,11077,922.8536010439028,647.3311739697773,661.0,691.5
8883,11078,922.8536010439028,647.3311739697773,661.0,691.5
8884,11079,922.8536010439028,647.3311739697773,661.0,691.5
8885,11080,922.8536010439028,647.3311739697773,661.0,691.5
8886,11081,922.8536010439028,647.3311739697773,661.0,691.5
8887,11082,922.8536010439028,647.3311739697773,661.0,691.5
8888,11083,922.8536010439028,647.3311739697773,661.0,691.5
8889,11084,922.8536010439028,647.3311739697773,661.0,691.5
8890,11085,922.8536010439028,647.3311739697773,661.0,691.5
8891,11086,922.8536010439028,647.3311739697773,661.0,691.5
8892,11087,922.8536010439028,647.3311739697773,661.0,691.5
8893,11088,922.8536010439028,647.3311739697773,661.0,691.5
8894,11089,922.8536010439028,647.3311739697773,661.0,691.5
8895,11090,922.8536010439028,647.3311739697773,661.0,691.5
8896,11091,922.8536010439028,647.3311739697773,661.0,691.5
8897,11092,922.8536010439028,647.3311739697773,661.0,691.5
8898,11093,922.8536010439028,647.3311739697773,661.0,691.5
8899,11094,922.8536010439028,647.3311739697773,661.0,691.5
8900,11095,922.8536010439028,647.3311739697773,661.0,691.5
8901,11096,922.8536010439028,647.3311739697773,661.0,691.5
8902,11097,922.8536010439028,647.3311739697773,661.0,691.5
8903,11098,922.8536010439028,647.3311739697773,661.0,691.5
8904,11099,922.8536010439028,647.3311739697773,661.0,691.5
8905,11100,922.8536010439028,647.3311739697773,661.0,691.5
8906,11101,922.8536010439028,647.3311739697773,661.0,691.5
8907,11102,922.8536010439028,647.3311739697773,661.0,691.5
8908,11103,922.8536010439028,647.3311739697773,661.0,691.5
8909,11104,922.8536010439028,647.3311739697773,661.0,691.5
8910,11105,922.8536010439028,647.3311739697773,661.0,691.5
8911,11106,922.8536010439028,647.3311739697773,661.0,691.5
8912,11107,922.8536010439028,647.3311739697773,661.0,691.5
8913,11108,922.8536010439028,647.3311739697773,661.0,691.5
8914,11109,922.8536010439028,647.3311739697773,661.0,691.5
8915,11110,922.8536010439028,647.3311739697773,661.0,691.5
8916,11111,922.8536010439028,647.3311739697773,661.0,691.5
8917,11112,922.8536010439028,647.3311739697773,661.0,691.5
8918,11113,922.8536010439028,647.3311739697773,661.0,691.5
8919,11114,922.8536010439028,647.3311739697773,661.0,691.5
8920,11115,922.8536010439028,647.3311739697773,661.0,691.5
8921,11116,922.8536010439028,647.3311739697773,661.0,691.5
8922,11117,922.8536010439028,647.3311739697773,661.0,691.5
8923,11118,922.8536010439028,647.3311739697773,661.0,691.5
8924,11119,922.8536010439028,647.3311739697773,661.0,691.5
8925,11120,922.8536010439028,647.3311739697773,661.0,691.5
8926,11121,922.8536010439028,647.3311739697773,661.0,691.5
8927,11122,922.8536010439028,647.3311739697773,661.0,691.5
8928,11123,922.8536010439028,647.3311739697773,661.0,691.5
8929,11124,922.8536010439028,647.3311739697773,661.0,691.5
8930,11125,922.8536010439028,647.3311739697773,661.0,691.5
8931,11126,922.8536010439028,647.3311739697773,661.0,691.5
8932,11127,922.8536010439028,647.3311739697773,661.0,691.5
8933,11128,922.8536010439028,647.3311739697773,661.0,691.5
8934,11129,922.8536010439028,647.3311739697773,661.0,691.5
8935,11130,922.8536010439028,647.3311739697773,661.0,691.5
8936,11131,922.8536010439028,647.3311739697773,661.0,691.5
8937,11132,922.8536010439028,647.3311739697773,661.0,691.5
8938,11133,922.8536010439028,647.3311739697773,661.0,691.5
8939,11134,922.8536010439028,647.3311739697773,661.0,691.5
8940,11135,922.8536010439028,647.3311739697773,661.0,691.5
8941,11136,922.8536010439028,647.3311739697773,661.0,691.5
8942,11137,922.8536010439028,647.3311739697773,661.0,691.5
8943,11138,922.8536010439028,647.3311739697773,661.0,691.5
8944,11139,922.8536010439028,647.3311739697773,661.0,691.5
8945,11140,922.8536010439028,647.3311739697773,661.0,691.5
8946,11141,922.8536010439028,647.3311739697773,661.0,691.5
8947,11142,922.8536010439028,647.3311739697773,661.0,691.5
8948,11143,922.8536010439028,647.3311739697773,661.0,691.5
8949,11144,922.8536010439028,647.3311739697773,661.0,691.5
8950,11145,922.8536010439028,647.3311739697773,661.0,691.5
8951,11146,922.8536010439028,647.3311739697773,661.0,691.5
8952,11147,922.8536010439028,647.3311739697773,661.0,691.5
8953,11148,922.8536010439028,647.3311739697773,661.0,691.5
8954,11149,922.8536010439028,647.3311739697773,661.0,691.5
8955,11150,922.8536010439028,647.3311739697773,661.0,691.5
8956,11151,922.8536010439028,647.3311739697773,661.0,691.5
8957,11152,922.8536010439028,647.3311739697773,661.0,691.5
8958,11153,922.8536010439028,647.3311739697773,661.0,691.5
8959,11154,922.8536010439028,647.3311739697773,661.0,691.5
8960,11155,922.8536010439028,647.3311739697773,661.0,691.5
8961,11156,922.8536010439028,647.3311739697773,661.0,691.5
8962,11157,922.8536010439028,647.3311739697773,661.0,691.5
8963,11158,922.8536010439028,647.3311739697773,661.0,691.5
8964,11159,922.8536010439028,647.3311739697773,661.0,691.5
8965,11160,922.8536010439028,647.3311739697773,661.0,691.5
8966,11161,922.8536010439028,647.3311739697773,661.0,691.5
8967,11162,922.8536010439028,647.3311739697773,661.0,691.5
8968,11163,922.8536010439028,647.3311739697773,661.0,691.5
8969,11164,922.8536010439028,647.3311739697773,661.0,691.5
8970,11165,922.8536010439028,647.3311739697773,661.0,691.5
8971,11166,922.8536010439028,647.3311739697773,661.0,691.5
8972,11167,922.8536010439028,647.3311739697773,661.0,691.5
8973,11168,922.8536010439028,647.3311739697773,661.0,691.5
8974,11169,922.8536010439028,647.3311739697773,661.0,691.5
8975,11170,922.8536010439028,647.3311739697773,661.0,691.5
8976,11171,922.8536010439028,647.3311739697773,661.0,691.5
8977,11172,922.8536010439028,647.3311739697773,661.0,691.5
8978,11173,922.8536010439028,647.3311739697773,661.0,691.5
8979,11174,922.8536010439028,647.3311739697773,661.0,691.5
8980,11175,922.8536010439028,647.3311739697773,661.0,691.5
8981,11176,922.8536010439028,647.3311739697773,661.0,691.5
8982,11177,922.8536010439028,647.3311739697773,661.0,691.5
8983,11178,922.8536010439028,647.3311739697773,661.0,691.5
8984,11179,922.8536010439028,647.3311739697773,661.0,691.5
8985,11180,922.8536010439028,647.3311739697773,661.0,691.5
8986,11181,922.8536010439028,647.3311739697773,661.0,691.5
8987,11182,922.8536010439028,647.3311739697773,661.0,691.5
8988,11183,922.8536010439028,647.3311739697773,661.0,691.5
8989,11184,922.8536010439028,647.3311739697773,661.0,691.5
8990,11185,922.8536010439028,647.3311739697773,661.0,691.5
8991,11186,922.8536010439028,647.3311739697773,661.0,691.5
8992,11187,922.8536010439028,647.3311739697773,661.0,691.5
8993,11188,922.8536010439028,647.3311739697773,661.0,691.5
8994,11189,922.8536010439028,647.3311739697773,661.0,691.5
8995,11190,922.8536010439028,647.3311739697773,661.0,691.5
8996,11191,922.8536010439028,647.3311739697773,661.0,691.5
8997,11192,922.8536010439028,647.3311739697773,661.0,691.5
8998,11193,922.8536010439028,647.3311739697773,661.0,691.5
8999,11194,922.8536010439028,647.3311739697773,661.0,691.5
9000,11195,922.8536010439028,647.3311739697773,661.0,691.5
9001,11196,922.8536010439028,647.3311739697773,661.0,691.5
9002,11197,922.8536010439028,647.3311739697773,661.0,691.5
9003,11198,922.8536010439028,647.3311739697773,661.0,691.5
9004,11199,922.8536010439028,647.3311739697773,661.0,691.5
9005,11200,922.8536010439028,647.3311739697773,661.0,691.5
9006,11201,922.8536010439028,647.3311739697773,661.0,691.5
9007,11202,922.8536010439028,647.3311739697773,661.0,691.5
9008,11203,922.8536010439028,647.3311739697773,661.0,691.5
9009,11204,922.8536010439028,647.3311739697773,661.0,691.5
9010,11205,922.8536010439028,647.3311739697773,661.0,691.5
9011,11206,922.8536010439028,647.3311739697773,661.0,691.5
9012,11207,922.8536010439028,647.3311739697773,661.0,691.5
9013,11208,922.8536010439028,647.3311739697773,661.0,691.5
9014,11209,922.8536010439028,647.3311739697773,661.0,691.5
9015,11210,922.8536010439028,647.3311739697773,661.0,691.5
9016,11211,922.8536010439028,647.3311739697773,661.0,691.5
9017,11212,922.8536010439028,647.3311739697773,661.0,691.5
9018,11213,922.8536010439028,647.3311739697773,661.0,691.5
9019,11214,922.8536010439028,647.3311739697773,661.0,691.5
9020,11215,922.8536010439028,647.3311739697773,661.0,691.5
9021,11216,922.8536010439028,647.3311739697773,661.0,691.5
9022,11217,922.8536010439028,647.3311739697773,661.0,691.5
9023,11218,922.8536010439028,647.3311739697773,661.0,691.5
9024,11219,922.8536010439028,647.3311739697773,661.0,691.5
9025,11220,922.8536010439028,647.3311739697773,661.0,691.5
9026,11221,922.8536010439028,647.3311739697773,661.0,691.5
9027,11222,922.8536010439028,647.3311739697773,661.0,691.5
9028,11223,922.8536010439028,647.3311739697773,661.0,691.5
9029,11224,922.8536010439028,647.3311739697773,661.0,691.5
9030,11225,922.8536010439028,647.3311739697773,661.0,691.5
9031,11226,922.8536010439028,647.3311739697773,661.0,691.5
9032,11227,922.8536010439028,647.3311739697773,661.0,691.5
9033,11228,922.8536010439028,647.3311739697773,661.0,691.5
9034,11229,922.8536010439028,647.3311739697773,661.0,691.5
9035,11230,922.8536010439028,647.3311739697773,661.0,691.5
9036,11231,922.8536010439028,647.3311739697773,661.0,691.5
9037,11232,922.8536010439028,647.3311739697773,661.0,691.5
9038,11233,922.8536010439028,647.3311739697773,676.9,687.2578947368421
9039,11234,922.8536010439028,647.3311739697773,692.8,683.0157894736842
9040,11235,922.8536010439028,647.3311739697773,708.7,678.7736842105263
9041,11236,922.8536010439028,647.3311739697773,724.6,674.5315789473684
9042,11237,922.8536010439028,647.3311739697773,740.5,670.2894736842105
9043,11238,922.8536010439028,647.3311739697773,756.4,666.0473684210526
9044,11239,922.8536010439028,647.3311739697773,772.3,661.8052631578947
9045,11240,922.8536010439028,647.3311739697773,788.2,657.5631578947368
9046,11241,922.8536010439028,647.3311739697773,804.1,653.3210526315789
9047,11242,922.8536010439028,647.3311739697773,820.0,649.078947368421
9048,11243,922.8536010439028,647.3311739697773,835.9,644.8368421052631
9049,11244,922.8536010439028,647.3311739697773,851.8,640.5947368421052
9050,11245,922.8536010439028,647.3311739697773,867.7,636.3526315789474
9051,11246,922.8536010439028,647.3311739697773,883.6,632.1105263157895
9052,11247,922.8536010439028,647.3311739697773,899.5,627.8684210526316
9053,11248,922.8536010439028,647.3311739697773,915.4,623.6263157894737
9054,11249,922.8536010439028,647.3311739697773,931.3,619.3842105263158
9055,11250,922.8536010439028,647.3311739697773,947.2,615.1421052631579
9056,11251,922.8536010439028,647.3311739697773,963.1,610.9
9057,11252,922.8536010439028,647.3311739697773,963.1,610.9
9058,11253,922.8536010439028,647.3311739697773,963.1,610.9
9059,11254,922.8536010439028,647.3311739697773,963.1,610.9
9060,11255,922.8536010439028,647.3311739697773,963.1,610.9
9061,11256,922.8536010439028,647.3311739697773,963.1,610.9
9062,11257,922.8536010439028,647.3311739697773,963.1,610.9
9063,11258,922.8536010439028,647.3311739697773,963.1,610.9
9064,11259,922.8536010439028,647.3311739697773,963.1,610.9
9065,11260,922.8536010439028,647.3311739697773,963.1,610.9
9066,11261,922.8536010439028,647.3311739697773,963.1,610.9
9067,11262,922.8536010439028,647.3311739697773,963.1,610.9
9068,11263,922.8536010439028,647.3311739697773,963.1,610.9
9069,11264,922.8536010439028,647.3311739697773,963.1,610.9
9070,11265,922.8536010439028,647.3311739697773,963.1,610.9
9071,11266,922.8536010439028,647.3311739697773,963.1,610.9
9072,11267,922.8536010439028,647.3311739697773,963.1,610.9
9073,11268,922.8536010439028,647.3311739697773,963.1,610.9
9074,11269,922.8536010439028,647.3311739697773,963.1,610.9
9075,11270,922.8536010439028,647.3311739697773,963.1,610.9
9076,11271,922.8536010439028,647.3311739697773,963.1,610.9
9077,11272,922.8536010439028,647.3311739697773,963.1,610.9
9078,11273,922.8536010439028,647.3311739697773,963.1,610.9
9079,11274,922.8536010439028,647.3311739697773,963.1,610.9
9080,11275,922.8536010439028,647.3311739697773,963.1,610.9
9081,11276,922.8536010439028,647.3311739697773,963.1,610.9
9082,11277,922.8536010439028,647.3311739697773,963.1,610.9
9083,11278,922.8536010439028,647.3311739697773,963.1,610.9
9084,11279,922.8536010439028,647.3311739697773,963.1,610.9
9085,11280,922.8536010439028,647.3311739697773,963.1,610.9
9086,11281,922.8536010439028,647.3311739697773,963.1,610.9
9087,11282,922.8536010439028,647.3311739697773,963.1,610.9
9088,11283,922.8536010439028,647.3311739697773,963.1,610.9
9089,11284,922.8536010439028,647.3311739697773,963.1,610.9
9090,11285,922.8536010439028,647.3311739697773,963.1,610.9
9091,11286,922.8536010439028,647.3311739697773,963.1,610.9
9092,11287,922.8536010439028,647.3311739697773,963.1,610.9
9093,11288,922.8536010439028,647.3311739697773,963.1,610.9
9094,11289,922.8536010439028,647.3311739697773,963.1,610.9
9095,11290,922.8536010439028,647.3311739697773,963.1,610.9
9096,11291,922.8536010439028,647.3311739697773,963.1,610.9
9097,11292,922.8536010439028,647.3311739697773,963.1,610.9
9098,11293,922.8536010439028,647.3311739697773,963.1,610.9
9099,11294,922.8536010439028,647.3311739697773,963.1,610.9
9100,11295,922.8536010439028,647.3311739697773,963.1,610.9
9101,11296,922.8536010439028,647.3311739697773,963.1,610.9
9102,11297,922.8536010439028,647.3311739697773,963.1,610.9
9103,11298,922.8536010439028,647.3311739697773,963.1,610.9
9104,11299,922.8536010439028,647.3311739697773,963.1,610.9
9105,11300,833.8536010439028,447.3311739697773,963.1,610.9
9106,11301,833.8536010439028,447.3311739697773,963.1,610.9
9107,11302,833.8536010439028,447.3311739697773,963.1,610.9
9108,11303,833.8536010439028,447.3311739697773,963.1,610.9
9109,11304,833.8536010439028,447.3311739697773,963.1,610.9
9110,11305,833.8536010439028,447.3311739697773,963.1,610.9
9111,11306,833.8536010439028,447.3311739697773,963.1,610.9
9112,11307,833.8536010439028,447.3311739697773,963.1,610.9
9113,11308,833.8536010439028,447.3311739697773,963.1,610.9
9114,11309,833.8536010439028,447.3311739697773,963.1,610.9
9115,11310,833.8536010439028,447.3311739697773,963.1,610.9
9116,11311,833.8536010439028,447.3311739697773,963.1,610.9
9117,11312,833.8536010439028,447.3311739697773,963.1,610.9
9118,11313,833.8536010439028,447.3311739697773,963.1,610.9
9119,11314,833.8536010439028,447.3311739697773,963.1,610.9
9120,11315,833.8536010439028,447.3311739697773,963.1,610.9
9121,11316,833.8536010439028,447.3311739697773,963.1,610.9
9122,11317,833.8536010439028,447.3311739697773,963.1,610.9
9123,11318,833.8536010439028,447.3311739697773,963.1,610.9
9124,11319,833.8536010439028,447.3311739697773,963.1,610.9
9125,11320,833.8536010439028,447.3311739697773,963.1,610.9
9126,11321,833.8536010439028,447.3311739697773,963.1,610.9
9127,11322,833.8536010439028,447.3311739697773,963.1,610.9
9128,11323,833.8536010439028,447.3311739697773,963.1,610.9
9129,11324,833.8536010439028,447.3311739697773,963.1,610.9
9130,11325,833.8536010439028,447.3311739697773,963.1,610.9
9131,11326,833.8536010439028,447.3311739697773,963.1,610.9
9132,11327,833.8536010439028,447.3311739697773,963.1,610.9
9133,11328,833.8536010439028,447.3311739697773,963.1,610.9
9134,11329,833.8536010439028,447.3311739697773,963.1,610.9
9135,11330,833.8536010439028,447.3311739697773,963.1,610.9
9136,11331,833.8536010439028,447.3311739697773,963.1,610.9
9137,11332,833.8536010439028,447.3311739697773,963.1,610.9
9138,11333,833.8536010439028,447.3311739697773,963.1,610.9
9139,11334,744.8536010439028,246.3311739697773,963.1,610.9
9140,11335,744.8536010439028,246.3311739697773,963.1,610.9
9141,11336,744.8536010439028,246.3311739697773,963.1,610.9
9142,11337,744.8536010439028,246.3311739697773,963.1,610.9
9143,11338,744.8536010439028,246.3311739697773,963.1,610.9
9144,11339,744.8536010439028,246.3311739697773,963.1,610.9
9145,11340,744.8536010439028,246.3311739697773,963.1,610.9
9146,11341,744.8536010439028,246.3311739697773,963.1,610.9
9147,11342,744.8536010439028,246.3311739697773,963.1,610.9
9148,11343,744.8536010439028,246.3311739697773,963.1,610.9
9149,11344,744.8536010439028,246.3311739697773,963.1,610.9
9150,11345,744.8536010439028,246.3311739697773,963.1,610.9
9151,11346,744.8536010439028,246.3311739697773,963.1,610.9
9152,11347,744.8536010439028,246.3311739697773,963.1,610.9
9153,11348,744.8536010439028,246.3311739697773,963.1,610.9
9154,11349,744.8536010439028,246.3311739697773,963.1,610.9
9155,11350,744.8536010439028,246.3311739697773,963.1,610.9
9156,11351,744.8536010439028,246.3311739697773,963.1,610.9
9157,11352,744.8536010439028,246.3311739697773,963.1,610.9
9158,11353,744.8536010439028,246.3311739697773,963.1,610.9
9159,11354,744.8536010439028,246.3311739697773,963.1,610.9
9160,11355,744.8536010439028,246.3311739697773,963.1,610.9
9161,11356,744.8536010439028,246.3311739697773,963.1,610.9
9162,11357,744.8536010439028,246.3311739697773,963.1,610.9
9163,11358,744.8536010439028,246.3311739697773,963.1,610.9
9164,11359,744.8536010439028,246.3311739697773,963.1,610.9
9165,11360,744.8536010439028,246.3311739697773,963.1,610.9
9166,11361,744.8536010439028,246.3311739697773,963.1,610.9
9167,11362,744.8536010439028,246.3311739697773,963.1,610.9
9168,11363,744.8536010439028,246.3311739697773,963.1,610.9
9169,11364,744.8536010439028,246.3311739697773,963.1,610.9
9170,11365,744.8536010439028,246.3311739697773,963.1,610.9
9171,11366,744.8536010439028,246.3311739697773,963.1,610.9
9172,11367,744.8536010439028,246.3311739697773,963.1,610.9
9173,11368,744.8536010439028,246.3311739697773,963.1,610.9
9174,11369,744.8536010439028,246.3311739697773,963.1,610.9
9175,11370,744.8536010439028,246.3311739697773,963.1,610.9
9176,11371,744.8536010439028,246.3311739697773,963.1,610.9
9177,11372,744.8536010439028,246.3311739697773,963.1,610.9
9178,11373,744.8536010439028,246.3311739697773,963.1,610.9
9179,11374,744.8536010439028,246.3311739697773,963.1,610.9
9180,11375,744.8536010439028,246.3311739697773,963.1,610.9
9181,11376,744.8536010439028,246.3311739697773,963.1,610.9
9182,11377,744.8536010439028,246.3311739697773,963.1,610.9
9183,11378,744.8536010439028,246.3311739697773,963.1,610.9
9184,11379,744.8536010439028,246.3311739697773,963.1,610.9
9185,11380,744.8536010439028,246.3311739697773,963.1,610.9
9186,11381,744.8536010439028,246.3311739697773,963.1,610.9
9187,11382,744.8536010439028,246.3311739697773,963.1,610.9
9188,11383,744.8536010439028,246.3311739697773,963.1,610.9
9189,11384,744.8536010439028,246.3311739697773,963.1,610.9
9190,11385,744.8536010439028,246.3311739697773,963.1,610.9
9191,11386,744.8536010439028,246.3311739697773,963.1,610.9
9192,11387,744.8536010439028,246.3311739697773,963.1,610.9
9193,11388,744.8536010439028,246.3311739697773,963.1,610.9
9194,11389,744.8536010439028,246.3311739697773,963.1,610.9
9195,11390,744.8536010439028,246.3311739697773,963.1,610.9
9196,11391,744.8536010439028,246.3311739697773,963.1,610.9
9197,11392,841.8536010439028,403.3311739697773,963.1,610.9
9198,11393,841.8536010439028,403.3311739697773,963.1,610.9
9199,11394,841.8536010439028,403.3311739697773,963.1,610.9
9200,11395,841.8536010439028,403.3311739697773,963.1,610.9
9201,11396,841.8536010439028,403.3311739697773,963.1,610.9
9202,11397,841.8536010439028,403.3311739697773,963.1,610.9
9203,11398,841.8536010439028,403.3311739697773,963.1,610.9
9204,11399,841.8536010439028,403.3311739697773,963.1,610.9
9205,11400,841.8536010439028,403.3311739697773,963.1,610.9
9206,11401,841.8536010439028,403.3311739697773,963.1,610.9
9207,11402,841.8536010439028,403.3311739697773,963.1,610.9
9208,11403,841.8536010439028,403.3311739697773,963.1,610.9
9209,11404,841.8536010439028,403.3311739697773,963.1,610.9
9210,11405,841.8536010439028,403.3311739697773,963.1,610.9
9211,11406,841.8536010439028,403.3311739697773,963.1,610.9
9212,11407,841.8536010439028,403.3311739697773,963.1,610.9
9213,11408,841.8536010439028,403.3311739697773,963.1,610.9
9214,11409,841.8536010439028,403.3311739697773,963.1,610.9
9215,11410,841.8536010439028,403.3311739697773,963.1,610.9
9216,11411,841.8536010439028,403.3311739697773,963.1,610.9
9217,11412,841.8536010439028,403.3311739697773,963.1,610.9
9218,11413,841.8536010439028,403.3311739697773,963.1,610.9
9219,11414,841.8536010439028,403.3311739697773,963.1,610.9
9220,11415,841.8536010439028,403.3311739697773,963.1,610.9
9221,11416,841.8536010439028,403.3311739697773,963.1,610.9
9222,11417,841.8536010439028,403.3311739697773,963.1,610.9
9223,11418,841.8536010439028,403.3311739697773,963.1,610.9
9224,11419,841.8536010439028,403.3311739697773,963.1,610.9
9225,11420,841.8536010439028,403.3311739697773,963.1,610.9
9226,11421,841.8536010439028,403.3311739697773,963.1,610.9
9227,11422,841.8536010439028,403.3311739697773,963.1,610.9
9228,11423,841.8536010439028,403.3311739697773,963.1,610.9
9229,11424,841.8536010439028,403.3311739697773,963.1,610.9
9230,11425,841.8536010439028,403.3311739697773,963.1,610.9
9231,11426,938.8536010439028,560.3311739697773,963.1,610.9
9232,11427,938.8536010439028,560.3311739697773,963.1,610.9
9233,11428,938.8536010439028,560.3311739697773,963.1,610.9
9234,11429,938.8536010439028,560.3311739697773,963.1,610.9
9235,11430,938.8536010439028,560.3311739697773,963.1,610.9
9236,11431,938.8536010439028,560.3311739697773,963.1,610.9
9237,11432,938.8536010439028,560.3311739697773,963.1,610.9
9238,11433,938.8536010439028,560.3311739697773,963.1,610.9
9239,11434,938.8536010439028,560.3311739697773,963.1,610.9
9240,11435,938.8536010439028,560.3311739697773,963.1,610.9
9241,11436,938.8536010439028,560.3311739697773,963.1,610.9
9242,11437,938.8536010439028,560.3311739697773,963.1,610.9
9243,11438,938.8536010439028,560.3311739697773,963.1,610.9
9244,11439,938.8536010439028,560.3311739697773,963.1,610.9
9245,11440,938.8536010439028,560.3311739697773,963.1,610.9
9246,11441,938.8536010439028,560.3311739697773,963.1,610.9
9247,11442,938.8536010439028,560.3311739697773,963.1,610.9
9248,11443,938.8536010439028,560.3311739697773,963.1,610.9
9249,11444,938.8536010439028,560.3311739697773,963.1,610.9
9250,11445,938.8536010439028,560.3311739697773,963.1,610.9
9251,11446,938.8536010439028,560.3311739697773,963.1,610.9
9252,11447,938.8536010439028,560.3311739697773,963.1,610.9
9253,11448,938.8536010439028,560.3311739697773,963.1,610.9
9254,11449,938.8536010439028,560.3311739697773,963.1,610.9
9255,11450,938.8536010439028,560.3311739697773,963.1,610.9
9256,11451,938.8536010439028,560.3311739697773,963.1,610.9
9257,11452,938.8536010439028,560.3311739697773,963.1,610.9
9258,11453,938.8536010439028,560.3311739697773,963.1,610.9
9259,11454,938.8536010439028,560.3311739697773,963.1,610.9
9260,11455,938.8536010439028,560.3311739697773,963.1,610.9
9261,11456,938.8536010439028,560.3311739697773,963.1,610.9
9262,11457,938.8536010439028,560.3311739697773,963.1,610.9
9263,11458,938.8536010439028,560.3311739697773,963.1,610.9
9264,11459,938.8536010439028,560.3311739697773,963.1,610.9
9265,11460,938.8536010439028,560.3311739697773,963.1,610.9
9266,11461,938.8536010439028,560.3311739697773,963.1,610.9
9267,11462,938.8536010439028,560.3311739697773,963.1,610.9
9268,11463,938.8536010439028,560.3311739697773,963.1,610.9
9269,11464,938.8536010439028,560.3311739697773,963.1,610.9
9270,11465,938.8536010439028,560.3311739697773,963.1,610.9
9271,11466,938.8536010439028,560.3311739697773,963.1,610.9
9272,11467,938.8536010439028,560.3311739697773,963.1,610.9
9273,11468,938.8536010439028,560.3311739697773,963.1,610.9
9274,11469,938.8536010439028,560.3311739697773,963.1,610.9
9275,11470,938.8536010439028,560.3311739697773,963.1,610.9
9276,11471,938.8536010439028,560.3311739697773,963.1,610.9
9277,11472,938.8536010439028,560.3311739697773,963.1,610.9
9278,11473,938.8536010439028,560.3311739697773,963.1,610.9
9279,11474,938.8536010439028,560.3311739697773,963.1,610.9
9280,11475,938.8536010439028,560.3311739697773,963.1,610.9
9281,11476,938.8536010439028,560.3311739697773,963.1,610.9
9282,11477,938.8536010439028,560.3311739697773,963.1,610.9
9283,11478,938.8536010439028,560.3311739697773,963.1,610.9
9284,11479,938.8536010439028,560.3311739697773,963.1,610.9
9285,11480,938.8536010439028,560.3311739697773,963.1,610.9
9286,11481,938.8536010439028,560.3311739697773,963.1,610.9
9287,11482,938.8536010439028,560.3311739697773,963.1,610.9
9288,11483,938.8536010439028,560.3311739697773,963.1,610.9
9289,11484,938.8536010439028,560.3311739697773,963.1,610.9
9290,11485,938.8536010439028,560.3311739697773,963.1,610.9
9291,11486,938.8536010439028,560.3311739697773,963.1,610.9
9292,11487,938.8536010439028,560.3311739697773,963.1,610.9
9293,11488,938.8536010439028,560.3311739697773,963.1,610.9
9294,11489,938.8536010439028,560.3311739697773,963.1,610.9
9295,11490,938.8536010439028,560.3311739697773,963.1,610.9
9296,11491,938.8536010439028,560.3311739697773,963.1,610.9
9297,11492,938.8536010439028,560.3311739697773,963.1,610.9
9298,11493,938.8536010439028,560.3311739697773,963.1,610.9
9299,11494,938.8536010439028,560.3311739697773,963.1,610.9
9300,11495,938.8536010439028,560.3311739697773,963.1,610.9
9301,11496,938.8536010439028,560.3311739697773,963.1,610.9
9302,11497,938.8536010439028,560.3311739697773,963.1,610.9
9303,11498,938.8536010439028,560.3311739697773,963.1,610.9
9304,11499,938.8536010439028,560.3311739697773,963.1,610.9
9305,11500,938.8536010439028,560.3311739697773,963.1,610.9
9306,11501,938.8536010439028,560.3311739697773,963.1,610.9
9307,11502,938.8536010439028,560.3311739697773,963.1,610.9
9308,11503,938.8536010439028,560.3311739697773,963.1,610.9
9309,11504,938.8536010439028,560.3311739697773,963.1,610.9
9310,11505,938.8536010439028,560.3311739697773,963.1,610.9
9311,11506,938.8536010439028,560.3311739697773,963.1,610.9
9312,11507,938.8536010439028,560.3311739697773,963.1,610.9
9313,11508,938.8536010439028,560.3311739697773,963.1,610.9
9314,11509,938.8536010439028,560.3311739697773,963.1,610.9
9315,11510,938.8536010439028,560.3311739697773,963.1,610.9
9316,11511,938.8536010439028,560.3311739697773,963.1,610.9
9317,11512,938.8536010439028,560.3311739697773,963.1,610.9
9318,11513,938.8536010439028,560.3311739697773,963.1,610.9
9319,11514,938.8536010439028,560.3311739697773,963.1,610.9
9320,11515,938.8536010439028,560.3311739697773,963.1,610.9
9321,11516,938.8536010439028,560.3311739697773,963.1,610.9
9322,11517,938.8536010439028,560.3311739697773,963.1,610.9
9323,11518,938.8536010439028,560.3311739697773,963.1,610.9
9324,11519,938.8536010439028,560.3311739697773,963.1,610.9
9325,11520,938.8536010439028,560.3311739697773,963.1,610.9
9326,11521,938.8536010439028,560.3311739697773,963.1,610.9
9327,11522,938.8536010439028,560.3311739697773,963.1,610.9
9328,11523,938.8536010439028,560.3311739697773,963.1,610.9
9329,11524,938.8536010439028,560.3311739697773,963.1,610.9
9330,11525,938.8536010439028,560.3311739697773,963.1,610.9
9331,11526,938.8536010439028,560.3311739697773,963.1,610.9
9332,11527,938.8536010439028,560.3311739697773,963.1,610.9
9333,11528,938.8536010439028,560.3311739697773,963.1,610.9
9334,11529,938.8536010439028,560.3311739697773,963.1,610.9
9335,11530,938.8536010439028,560.3311739697773,963.1,610.9
9336,11531,938.8536010439028,560.3311739697773,963.1,610.9
9337,11532,938.8536010439028,560.3311739697773,963.1,610.9
9338,11533,938.8536010439028,560.3311739697773,963.1,610.9
9339,11534,938.8536010439028,560.3311739697773,963.1,610.9
9340,11535,938.8536010439028,560.3311739697773,963.1,610.9
9341,11536,938.8536010439028,560.3311739697773,963.1,610.9
9342,11537,938.8536010439028,560.3311739697773,963.1,610.9
9343,11538,938.8536010439028,560.3311739697773,963.1,610.9
9344,11539,938.8536010439028,560.3311739697773,963.1,610.9
9345,11540,938.8536010439028,560.3311739697773,963.1,610.9
9346,11541,938.8536010439028,560.3311739697773,963.1,610.9
9347,11542,938.8536010439028,560.3311739697773,963.1,610.9
9348,11543,938.8536010439028,560.3311739697773,963.1,610.9
9349,11544,938.8536010439028,560.3311739697773,963.1,610.9
9350,11545,938.8536010439028,560.3311739697773,963.1,610.9
9351,11546,938.8536010439028,560.3311739697773,963.1,610.9
9352,11547,938.8536010439028,560.3311739697773,963.1,610.9
9353,11548,938.8536010439028,560.3311739697773,963.1,610.9
9354,11549,938.8536010439028,560.3311739697773,963.1,610.9
9355,11550,938.8536010439028,560.3311739697773,963.1,610.9
9356,11551,938.8536010439028,560.3311739697773,963.1,610.9
9357,11552,938.8536010439028,560.3311739697773,963.1,610.9
9358,11553,938.8536010439028,560.3311739697773,963.1,610.9
9359,11554,938.8536010439028,560.3311739697773,963.1,610.9
9360,11555,938.8536010439028,560.3311739697773,963.1,610.9
9361,11556,938.8536010439028,560.3311739697773,963.1,610.9
9362,11557,938.8536010439028,560.3311739697773,963.1,610.9
9363,11558,938.8536010439028,560.3311739697773,963.1,610.9
9364,11559,1259.853601043903,669.3311739697773,963.1,610.9
9365,11560,1259.853601043903,669.3311739697773,963.1,610.9
9366,11561,1259.853601043903,669.3311739697773,963.1,610.9
9367,11562,1259.853601043903,669.3311739697773,963.1,610.9
9368,11563,1259.853601043903,669.3311739697773,963.1,610.9
9369,11564,1259.853601043903,669.3311739697773,963.1,610.9
9370,11565,1259.853601043903,669.3311739697773,963.1,610.9
9371,11566,1259.853601043903,669.3311739697773,963.1,610.9
9372,11567,1259.853601043903,669.3311739697773,963.1,610.9
9373,11568,1259.853601043903,669.3311739697773,963.1,610.9
9374,11569,1259.853601043903,669.3311739697773,963.1,610.9
9375,11570,1259.853601043903,669.3311739697773,963.1,610.9
9376,11571,1259.853601043903,669.3311739697773,963.1,610.9
9377,11572,1259.853601043903,669.3311739697773,963.1,610.9
9378,11573,1259.853601043903,669.3311739697773,963.1,610.9
9379,11574,1259.853601043903,669.3311739697773,963.1,610.9
9380,11575,1259.853601043903,669.3311739697773,963.1,610.9
9381,11576,1259.853601043903,669.3311739697773,963.1,610.9
9382,11577,1259.853601043903,669.3311739697773,963.1,610.9
9383,11578,1259.853601043903,669.3311739697773,963.1,610.9
9384,11579,1259.853601043903,669.3311739697773,963.1,610.9
9385,11580,1259.853601043903,669.3311739697773,963.1,610.9
9386,11581,1259.853601043903,669.3311739697773,963.1,610.9
9387,11582,1259.853601043903,669.3311739697773,963.1,610.9
9388,11583,1259.853601043903,669.3311739697773,963.1,610.9
9389,11584,1259.853601043903,669.3311739697773,963.1,610.9
9390,11585,1259.853601043903,669.3311739697773,963.1,610.9
9391,11586,1259.853601043903,669.3311739697773,963.1,610.9
9392,11587,1259.853601043903,669.3311739697773,963.1,610.9
9393,11588,1259.853601043903,669.3311739697773,963.1,610.9
9394,11589,1259.853601043903,669.3311739697773,963.1,610.9
9395,11590,1259.853601043903,669.3311739697773,963.1,610.9
9396,11591,1259.853601043903,669.3311739697773,963.1,610.9
9397,11592,1259.853601043903,669.3311739697773,963.1,610.9
9398,11593,1259.853601043903,669.3311739697773,963.1,610.9
9399,11594,1259.853601043903,669.3311739697773,963.1,610.9
9399,11595,1259.853601043903,669.3311739697773,963.1,610.9
9399,11596,1259.853601043903,669.3311739697773,963.1,610.9
9399,11597,1259.853601043903,669.3311739697773,963.1,610.9
9399,11598,1259.853601043903,669.3311739697773,963.1,610.9
9399,11599,1259.853601043903,669.3311739697773,963.1,610.9
9399,11600,1259.853601043903,669.3311739697773,963.1,610.9
9399,11601,1259.853601043903,669.3311739697773,963.1,610.9
9399,11602,1259.853601043903,669.3311739697773,963.1,610.9
9399,11603,1259.853601043903,669.3311739697773,963.1,610.9
9399,11604,1259.853601043903,669.3311739697773,963.1,610.9
9399,11605,1259.853601043903,669.3311739697773,963.1,610.9
9399,11606,1259.853601043903,669.3311739697773,963.1,610.9
9399,11607,1259.853601043903,669.3311739697773,963.1,610.9
9399,11608,1259.853601043903,669.3311739697773,963.1,610.9
9399,11609,1259.853601043903,669.3311739697773,963.1,610.9
9399,11610,1259.853601043903,669.3311739697773,963.1,610.9
9399,11611,1259.853601043903,669.3311739697773,963.1,610.9
9399,11612,1259.853601043903,669.3311739697773,963.1,610.9
9399,11613,1259.853601043903,669.3311739697773,963.1,610.9
9399,11614,1259.853601043903,669.3311739697773,963.1,610.9
9399,11615,1259.853601043903,669.3311739697773,963.1,610.9
9399,11616,1259.853601043903,669.3311739697773,963.1,610.9
9399,11617,1259.853601043903,669.3311739697773,963.1,610.9
9399,11618,1259.853601043903,669.3311739697773,963.1,610.9
9399,11619,1259.853601043903,669.3311739697773,963.1,610.9
9399,11620,1259.853601043903,669.3311739697773,963.1,610.9
9399,11621,1259.853601043903,669.3311739697773,963.1,610.9
9399,11622,1259.853601043903,669.3311739697773,963.1,610.9
9399,11623,1259.853601043903,669.3311739697773,963.1,610.9
9399,11624,1259.853601043903,669.3311739697773,963.1,610.9
9399,11625,1259.853601043903,669.3311739697773,963.1,610.9
9399,11626,1259.853601043903,669.3311739697773,963.1,610.9
9399,11627,1259.853601043903,669.3311739697773,963.1,610.9
9399,11628,1259.853601043903,669.3311739697773,963.1,610.9
9399,11629,1259.853601043903,669.3311739697773,963.1,610.9
9399,11630,1259.853601043903,669.3311739697773,963.1,610.9
9399,11631,1259.853601043903,669.3311739697773,963.1,610.9
9399,11632,1259.853601043903,669.3311739697773,963.1,610.9
9399,11633,1259.853601043903,669.3311739697773,963.1,610.9
9399,11634,1259.853601043903,669.3311739697773,963.1,610.9
9399,11635,1259.853601043903,669.3311739697773,963.1,610.9
9400,11636,1259.853601043903,669.3311739697773,963.1,610.9
9401,11637,1259.853601043903,669.3311739697773,963.1,610.9
9402,11638,1259.853601043903,669.3311739697773,963.1,610.9
9403,11639,1259.853601043903,669.3311739697773,963.1,610.9
9404,11640,1259.853601043903,669.3311739697773,963.1,610.9
9405,11641,1259.853601043903,669.3311739697773,963.1,610.9
9406,11642,1259.853601043903,669.3311739697773,963.1,610.9
9407,11643,1259.853601043903,669.3311739697773,963.1,610.9
9408,11644,1259.853601043903,669.3311739697773,963.1,610.9
9409,11645,1259.853601043903,669.3311739697773,963.1,610.9
9410,11646,1259.853601043903,669.3311739697773,963.1,610.9
9411,11647,1259.853601043903,669.3311739697773,963.1,610.9
9412,11648,1259.853601043903,669.3311739697773,963.1,610.9
9413,11649,1259.853601043903,669.3311739697773,963.1,610.9
9414,11650,1259.853601043903,669.3311739697773,963.1,610.9
9415,11651,1259.853601043903,669.3311739697773,963.1,610.9
9416,11652,1259.853601043903,669.3311739697773,963.1,610.9
9417,11653,1259.853601043903,669.3311739697773,963.1,610.9
9418,11654,1259.853601043903,669.3311739697773,963.1,610.9
9419,11655,1259.853601043903,669.3311739697773,963.1,610.9
9420,11656,1259.853601043903,669.3311739697773,963.1,610.9
9421,11657,1259.853601043903,669.3311739697773,963.1,610.9
9422,11658,1259.853601043903,669.3311739697773,963.1,610.9
9423,11659,1259.853601043903,669.3311739697773,963.1,610.9
9424,11660,1259.853601043903,669.3311739697773,963.1,610.9
9425,11661,1259.853601043903,669.3311739697773,963.1,610.9
9426,11662,1259.853601043903,669.3311739697773,963.1,610.9
9427,11663,1259.853601043903,669.3311739697773,963.1,610.9
9428,11664,1259.853601043903,669.3311739697773,963.1,610.9
9429,11665,1259.853601043903,669.3311739697773,963.1,610.9
9430,11666,1259.853601043903,669.3311739697773,963.1,610.9
9431,11667,1259.853601043903,669.3311739697773,963.1,610.9
9432,11668,1259.853601043903,669.3311739697773,963.1,610.9
9433,11669,1259.853601043903,669.3311739697773,963.1,610.9
9434,11670,1259.853601043903,669.3311739697773,963.1,610.9
9435,11671,1259.853601043903,669.3311739697773,963.1,610.9
9436,11672,1259.853601043903,669.3311739697773,963.1,610.9
9437,11673,1259.853601043903,669.3311739697773,963.1,610.9
9438,11674,1259.853601043903,669.3311739697773,963.1,610.9
9439,11675,1259.853601043903,669.3311739697773,963.1,610.9
9440,11676,1259.853601043903,669.3311739697773,963.1,610.9
9441,11677,1259.853601043903,669.3311739697773,963.1,610.9
9442,11678,1259.853601043903,669.3311739697773,963.1,610.9
9443,11679,1259.853601043903,669.3311739697773,963.1,610.9
9444,11680,1259.853601043903,669.3311739697773,963.1,610.9
9445,11681,1259.853601043903,669.3311739697773,963.1,610.9
9446,11682,1259.853601043903,669.3311739697773,963.1,610.9
9447,11683,1259.853601043903,669.3311739697773,963.1,610.9
9448,11684,1259.853601043903,669.3311739697773,963.1,610.9
9449,11685,1259.853601043903,669.3311739697773,963.1,610.9
9450,11686,1259.853601043903,669.3311739697773,963.1,610.9
9451,11687,1259.853601043903,669.3311739697773,963.1,610.9
9452,11688,1259.853601043903,669.3311739697773,963.1,610.9
9453,11689,1259.853601043903,669.3311739697773,963.1,610.9
9454,11690,1259.853601043903,669.3311739697773,963.1,610.9
9455,11691,1259.853601043903,669.3311739697773,963.1,610.9
9456,11692,987.8536010439028,618.3311739697773,963.1,610.9
9457,11693,987.8536010439028,618.3311739697773,963.1,610.9
9458,11694,987.8536010439028,618.3311739697773,963.1,610.9
9459,11695,987.8536010439028,618.3311739697773,963.1,610.9
9460,11696,987.8536010439028,618.3311739697773,963.1,610.9
9461,11697,987.8536010439028,618.3311739697773,963.1,610.9
9462,11698,987.8536010439028,618.3311739697773,963.1,610.9
9463,11699,987.8536010439028,618.3311739697773,963.1,610.9
9464,11700,987.8536010439028,618.3311739697773,963.1,610.9
9465,11701,987.8536010439028,618.3311739697773,963.1,610.9
9466,11702,987.8536010439028,618.3311739697773,963.1,610.9
9467,11703,987.8536010439028,618.3311739697773,963.1,610.9
9468,11704,987.8536010439028,618.3311739697773,963.1,610.9
9469,11705,987.8536010439028,618.3311739697773,963.1,610.9
9470,11706,987.8536010439028,618.3311739697773,963.1,610.9
9471,11707,987.8536010439028,618.3311739697773,963.1,610.9
9472,11708,987.8536010439028,618.3311739697773,963.1,610.9
9473,11709,987.8536010439028,618.3311739697773,963.1,610.9
9474,11710,987.8536010439028,618.3311739697773,963.1,610.9
9475,11711,987.8536010439028,618.3311739697773,963.1,610.9
9476,11712,987.8536010439028,618.3311739697773,963.1,610.9
9477,11713,987.8536010439028,618.3311739697773,963.1,610.9
9478,11714,987.8536010439028,618.3311739697773,963.1,610.9
9479,11715,987.8536010439028,618.3311739697773,963.1,610.9
9480,11716,987.8536010439028,618.3311739697773,963.1,610.9
9481,11717,987.8536010439028,618.3311739697773,963.1,610.9
9482,11718,987.8536010439028,618.3311739697773,963.1,610.9
9483,11719,987.8536010439028,618.3311739697773,963.1,610.9
9484,11720,987.8536010439028,618.3311739697773,963.1,610.9
9485,11721,987.8536010439028,618.3311739697773,963.1,610.9
9486,11722,987.8536010439028,618.3311739697773,963.1,610.9
9487,11723,987.8536010439028,618.3311739697773,963.1,610.9
9488,11724,987.8536010439028,618.3311739697773,963.1,610.9
9489,11725,987.8536010439028,618.3311739697773,963.1,610.9
9490,11726,716.8536010439028,567.3311739697773,963.1,610.9
9491,11727,716.8536010439028,567.3311739697773,963.1,610.9
9492,11728,716.8536010439028,567.3311739697773,963.1,610.9
9493,11729,716.8536010439028,567.3311739697773,963.1,610.9
9494,11730,716.8536010439028,567.3311739697773,963.1,610.9
9495,11731,716.8536010439028,567.3311739697773,963.1,610.9
9496,11732,716.8536010439028,567.3311739697773,963.1,610.9
9497,11733,716.8536010439028,567.3311739697773,963.1,610.9
9498,11734,716.8536010439028,567.3311739697773,963.1,610.9
9499,11735,716.8536010439028,567.3311739697773,963.1,610.9
9500,11736,716.8536010439028,567.3311739697773,963.1,610.9
9501,11737,716.8536010439028,567.3311739697773,963.1,610.9
9502,11738,716.8536010439028,567.3311739697773,963.1,610.9
9503,11739,716.8536010439028,567.3311739697773,963.1,610.9
9504,11740,716.8536010439028,567.3311739697773,963.1,610.9
9505,11741,716.8536010439028,567.3311739697773,963.1,610.9
9506,11742,716.8536010439028,567.3311739697773,963.1,610.9
9507,11743,716.8536010439028,567.3311739697773,963.1,610.9
9508,11744,716.8536010439028,567.3311739697773,963.1,610.9
9509,11745,716.8536010439028,567.3311739697773,963.1,610.9
9510,11746,716.8536010439028,567.3311739697773,963.1,610.9
9511,11747,716.8536010439028,567.3311739697773,963.1,610.9
9512,11748,716.8536010439028,567.3311739697773,963.1,610.9
9513,11749,716.8536010439028,567.3311739697773,963.1,610.9
9514,11750,716.8536010439028,567.3311739697773,963.1,610.9
9515,11751,716.8536010439028,567.3311739697773,963.1,610.9
9516,11752,716.8536010439028,567.3311739697773,963.1,610.9
9517,11753,716.8536010439028,567.3311739697773,963.1,610.9
9518,11754,716.8536010439028,567.3311739697773,963.1,610.9
9519,11755,716.8536010439028,567.3311739697773,963.1,610.9
9520,11756,716.8536010439028,567.3311739697773,963.1,610.9
9521,11757,716.8536010439028,567.3311739697773,963.1,610.9
9522,11758,716.8536010439028,567.3311739697773,963.1,610.9
9523,11759,716.8536010439028,567.3311739697773,963.1,610.9
9524,11760,716.8536010439028,567.3311739697773,963.1,610.9
9525,11761,716.8536010439028,567.3311739697773,963.1,610.9
9526,11762,716.8536010439028,567.3311739697773,963.1,610.9
9527,11763,716.8536010439028,567.3311739697773,963.1,610.9
9528,11764,716.8536010439028,567.3311739697773,963.1,610.9
9529,11765,716.8536010439028,567.3311739697773,963.1,610.9
9530,11766,716.8536010439028,567.3311739697773,963.1,610.9
9531,11767,716.8536010439028,567.3311739697773,963.1,610.9
9532,11768,716.8536010439028,567.3311739697773,963.1,610.9
9533,11769,716.8536010439028,567.3311739697773,963.1,610.9
9534,11770,716.8536010439028,567.3311739697773,963.1,610.9
9535,11771,716.8536010439028,567.3311739697773,963.1,610.9
9536,11772,716.8536010439028,567.3311739697773,963.1,610.9
9537,11773,716.8536010439028,567.3311739697773,963.1,610.9
9538,11774,716.8536010439028,567.3311739697773,963.1,610.9
9539,11775,716.8536010439028,567.3311739697773,963.1,610.9
9540,11776,716.8536010439028,567.3311739697773,963.1,610.9
9541,11777,716.8536010439028,567.3311739697773,963.1,610.9
9542,11778,716.8536010439028,567.3311739697773,963.1,610.9
9543,11779,716.8536010439028,567.3311739697773,963.1,610.9
9544,11780,716.8536010439028,567.3311739697773,963.1,610.9
9545,11781,716.8536010439028,567.3311739697773,963.1,610.9
9546,11782,716.8536010439028,567.3311739697773,963.1,610.9
9547,11783,716.8536010439028,567.3311739697773,963.1,610.9
9548,11784,716.8536010439028,567.3311739697773,963.1,610.9
9549,11785,716.8536010439028,567.3311739697773,963.1,610.9
9550,11786,716.8536010439028,567.3311739697773,963.1,610.9
9551,11787,716.8536010439028,567.3311739697773,963.1,610.9
9552,11788,716.8536010439028,567.3311739697773,963.1,610.9
9553,11789,716.8536010439028,567.3311739697773,963.1,610.9
9554,11790,716.8536010439028,567.3311739697773,963.1,610.9
9555,11791,716.8536010439028,567.3311739697773,963.1,610.9
9556,11792,716.8536010439028,567.3311739697773,963.1,610.9
9557,11793,716.8536010439028,567.3311739697773,963.1,610.9
9558,11794,716.8536010439028,567.3311739697773,963.1,610.9
9559,11795,716.8536010439028,567.3311739697773,963.1,610.9
9560,11796,716.8536010439028,567.3311739697773,963.1,610.9
9561,11797,716.8536010439028,567.3311739697773,963.1,610.9
9562,11798,716.8536010439028,567.3311739697773,963.1,610.9
9563,11799,716.8536010439028,567.3311739697773,963.1,610.9
9564,11800,716.8536010439028,567.3311739697773,963.1,610.9
9565,11801,716.8536010439028,567.3311739697773,963.1,610.9
9566,11802,716.8536010439028,567.3311739697773,963.1,610.9
9567,11803,716.8536010439028,567.3311739697773,963.1,610.9
9568,11804,716.8536010439028,567.3311739697773,963.1,610.9
9569,11805,716.8536010439028,567.3311739697773,963.1,610.9
9570,11806,716.8536010439028,567.3311739697773,963.1,610.9
9571,11807,716.8536010439028,567.3311739697773,963.1,610.9
9572,11808,716.8536010439028,567.3311739697773,963.1,610.9
9573,11809,716.8536010439028,567.3311739697773,963.1,610.9
9574,11810,716.8536010439028,567.3311739697773,963.1,610.9
9575,11811,716.8536010439028,567.3311739697773,963.1,610.9
9576,11812,716.8536010439028,567.3311739697773,963.1,610.9
9577,11813,716.8536010439028,567.3311739697773,963.1,610.9
9578,11814,716.8536010439028,567.3311739697773,963.1,610.9
9579,11815,716.8536010439028,567.3311739697773,963.1,610.9
9580,11816,716.8536010439028,567.3311739697773,963.1,610.9
9581,11817,716.8536010439028,567.3311739697773,963.1,610.9
9582,11818,716.8536010439028,567.3311739697773,963.1,610.9
9583,11819,716.8536010439028,567.3311739697773,963.1,610.9
9584,11820,716.8536010439028,567.3311739697773,963.1,610.9
9585,11821,716.8536010439028,567.3311739697773,963.1,610.9
9586,11822,716.8536010439028,567.3311739697773,963.1,610.9
9587,11823,716.8536010439028,567.3311739697773,963.1,610.9
9588,11824,716.8536010439028,567.3311739697773,963.1,610.9
9589,11825,716.8536010439028,567.3311739697773,963.1,610.9
9590,11826,716.8536010439028,567.3311739697773,963.1,610.9
9591,11827,716.8536010439028,567.3311739697773,963.1,610.9
9592,11828,716.8536010439028,567.3311739697773,963.1,610.9
9593,11829,716.8536010439028,567.3311739697773,963.1,610.9
9594,11830,716.8536010439028,567.3311739697773,963.1,610.9
9595,11831,716.8536010439028,567.3311739697773,963.1,610.9
9596,11832,716.8536010439028,567.3311739697773,963.1,610.9
9597,11833,716.8536010439028,567.3311739697773,963.1,610.9
9598,11834,716.8536010439028,567.3311739697773,963.1,610.9
9599,11835,716.8536010439028,567.3311739697773,963.1,610.9
9600,11836,716.8536010439028,567.3311739697773,963.1,610.9
9601,11837,716.8536010439028,567.3311739697773,963.1,610.9
9602,11838,716.8536010439028,567.3311739697773,963.1,610.9
9603,11839,716.8536010439028,567.3311739697773,963.1,610.9
9604,11840,716.8536010439028,567.3311739697773,963.1,610.9
9605,11841,716.8536010439028,567.3311739697773,963.1,610.9
9606,11842,716.8536010439028,567.3311739697773,963.1,610.9
9607,11843,716.8536010439028,567.3311739697773,963.1,610.9
9608,11844,716.8536010439028,567.3311739697773,963.1,610.9
9609,11845,716.8536010439028,567.3311739697773,963.1,610.9
9610,11846,716.8536010439028,567.3311739697773,963.1,610.9
9611,11847,716.8536010439028,567.3311739697773,963.1,610.9
9612,11848,716.8536010439028,567.3311739697773,963.1,610.9
9613,11849,716.8536010439028,567.3311739697773,963.1,610.9
9614,11850,716.8536010439028,567.3311739697773,963.1,610.9
9615,11851,716.8536010439028,567.3311739697773,963.1,610.9
9616,11852,716.8536010439028,567.3311739697773,963.1,610.9
9617,11853,716.8536010439028,567.3311739697773,963.1,610.9
9618,11854,716.8536010439028,567.3311739697773,963.1,610.9
9619,11855,716.8536010439028,567.3311739697773,963.1,610.9
9620,11856,716.8536010439028,567.3311739697773,963.1,610.9
9621,11857,716.8536010439028,567.3311739697773,963.1,610.9
9622,11858,716.8536010439028,567.3311739697773,963.1,610.9
9623,11859,716.8536010439028,567.3311739697773,963.1,610.9
9624,11860,716.8536010439028,567.3311739697773,963.1,610.9
9625,11861,716.8536010439028,567.3311739697773,963.1,610.9
9626,11862,716.8536010439028,567.3311739697773,963.1,610.9
9627,11863,716.8536010439028,567.3311739697773,963.1,610.9
9628,11864,716.8536010439028,567.3311739697773,963.1,610.9
9629,11865,716.8536010439028,567.3311739697773,963.1,610.9
9630,11866,716.8536010439028,567.3311739697773,963.1,610.9
9631,11867,716.8536010439028,567.3311739697773,963.1,610.9
9632,11868,716.8536010439028,567.3311739697773,963.1,610.9
9633,11869,716.8536010439028,567.3311739697773,963.1,610.9
9634,11870,716.8536010439028,567.3311739697773,963.1,610.9
9635,11871,716.8536010439028,567.3311739697773,963.1,610.9
9636,11872,716.8536010439028,567.3311739697773,963.1,610.9
9637,11873,716.8536010439028,567.3311739697773,963.1,610.9
9638,11874,716.8536010439028,567.3311739697773,963.1,610.9
9639,11875,716.8536010439028,567.3311739697773,963.1,610.9
9640,11876,716.8536010439028,567.3311739697773,963.1,610.9
9641,11877,716.8536010439028,567.3311739697773,963.1,610.9
9642,11878,716.8536010439028,567.3311739697773,963.1,610.9
9643,11879,716.8536010439028,567.3311739697773,963.1,610.9
9644,11880,716.8536010439028,567.3311739697773,963.1,610.9
9645,11881,716.8536010439028,567.3311739697773,963.1,610.9
9646,11882,716.8536010439028,567.3311739697773,963.1,610.9
9647,11883,716.8536010439028,567.3311739697773,963.1,610.9
9648,11884,716.8536010439028,567.3311739697773,963.1,610.9
9649,11885,716.8536010439028,567.3311739697773,963.1,610.9
9650,11886,716.8536010439028,567.3311739697773,963.1,610.9
9651,11887,716.8536010439028,567.3311739697773,963.1,610.9
9652,11888,716.8536010439028,567.3311739697773,963.1,610.9
9653,11889,716.8536010439028,567.3311739697773,963.1,610.9
9654,11890,716.8536010439028,567.3311739697773,963.1,610.9
9655,11891,716.8536010439028,567.3311739697773,963.1,610.9
9656,11892,716.8536010439028,567.3311739697773,963.1,610.9
9657,11893,716.8536010439028,567.3311739697773,963.1,610.9
9658,11894,716.8536010439028,567.3311739697773,963.1,610.9
9659,11895,716.8536010439028,567.3311739697773,963.1,610.9
9660,11896,716.8536010439028,567.3311739697773,963.1,610.9
9661,11897,716.8536010439028,567.3311739697773,963.1,610.9
9662,11898,716.8536010439028,567.3311739697773,963.1,610.9
9663,11899,716.8536010439028,567.3311739697773,963.1,610.9
9664,11900,716.8536010439028,567.3311739697773,963.1,610.9
9665,11901,716.8536010439028,567.3311739697773,963.1,610.9
9666,11902,716.8536010439028,567.3311739697773,963.1,610.9
9666,11903,716.8536010439028,567.3311739697773,963.1,610.9
9666,11904,716.8536010439028,567.3311739697773,963.1,610.9
9666,11905,716.8536010439028,567.3311739697773,963.1,610.9
9666,11906,716.8536010439028,567.3311739697773,963.1,610.9
9666,11907,716.8536010439028,567.3311739697773,963.1,610.9
9666,11908,716.8536010439028,567.3311739697773,963.1,610.9
9666,11909,716.8536010439028,567.3311739697773,963.1,610.9
9666,11910,716.8536010439028,567.3311739697773,963.1,610.9
9666,11911,716.8536010439028,567.3311739697773,963.1,610.9
9666,11912,716.8536010439028,567.3311739697773,963.1,610.9
9666,11913,716.8536010439028,567.3311739697773,963.1,610.9
9666,11914,716.8536010439028,567.3311739697773,963.1,610.9
9666,11915,716.8536010439028,567.3311739697773,963.1,610.9
9666,11916,716.8536010439028,567.3311739697773,963.1,610.9
9666,11917,716.8536010439028,567.3311739697773,963.1,610.9
9666,11918,716.8536010439028,567.3311739697773,963.1,610.9
9666,11919,716.8536010439028,567.3311739697773,963.1,610.9
9666,11920,716.8536010439028,567.3311739697773,963.1,610.9
9666,11921,716.8536010439028,567.3311739697773,963.1,610.9
9666,11922,716.8536010439028,567.3311739697773,963.1,610.9
9666,11923,716.8536010439028,567.3311739697773,963.1,610.9
9666,11924,716.8536010439028,567.3311739697773,963.1,610.9
9666,11925,663.8536010439028,276.3311739697773,963.1,610.9
9666,11926,663.8536010439028,276.3311739697773,963.1,610.9
9666,11927,663.8536010439028,276.3311739697773,963.1,610.9
9666,11928,663.8536010439028,276.3311739697773,963.1,610.9
9666,11929,663.8536010439028,276.3311739697773,963.1,610.9
9666,11930,663.8536010439028,276.3311739697773,963.1,610.9
9666,11931,663.8536010439028,276.3311739697773,963.1,610.9
9666,11932,663.8536010439028,276.3311739697773,963.1,610.9
9666,11933,663.8536010439028,276.3311739697773,963.1,610.9
9666,11934,663.8536010439028,276.3311739697773,963.1,610.9
9666,11935,663.8536010439028,276.3311739697773,963.1,610.9
9666,11936,663.8536010439028,276.3311739697773,963.1,610.9
9666,11937,663.8536010439028,276.3311739697773,963.1,610.9
9666,11938,663.8536010439028,276.3311739697773,963.1,610.9
9666,11939,663.8536010439028,276.3311739697773,963.1,610.9
9666,11940,663.8536010439028,276.3311739697773,963.1,610.9
9666,11941,663.8536010439028,276.3311739697773,963.1,610.9
9666,11942,663.8536010439028,276.3311739697773,963.1,610.9
9666,11943,663.8536010439028,276.3311739697773,963.1,610.9
9666,11944,663.8536010439028,276.3311739697773,963.1,610.9
9666,11945,663.8536010439028,276.3311739697773,963.1,610.9
9666,11946,663.8536010439028,276.3311739697773,963.1,610.9
9666,11947,663.8536010439028,276.3311739697773,963.1,610.9
9666,11948,663.8536010439028,276.3311739697773,963.1,610.9
9666,11949,663.8536010439028,276.3311739697773,963.1,610.9
9666,11950,663.8536010439028,276.3311739697773,963.1,610.9
9666,11951,663.8536010439028,276.3311739697773,963.1,610.9
9666,11952,663.8536010439028,276.3311739697773,963.1,610.9
9666,11953,663.8536010439028,276.3311739697773,963.1,610.9
9666,11954,663.8536010439028,276.3311739697773,963.1,610.9
9666,11955,663.8536010439028,276.3311739697773,963.1,610.9
9666,11956,663.8536010439028,276.3311739697773,963.1,610.9
9666,11957,663.8536010439028,276.3311739697773,963.1,610.9
9666,11958,663.8536010439028,276.3311739697773,963.1,610.9
9666,11959,663.8536010439028,276.3311739697773,963.1,610.9
9666,11960,663.8536010439028,276.3311739697773,963.1,610.9
9666,11961,663.8536010439028,276.3311739697773,963.1,610.9
9666,11962,663.8536010439028,276.3311739697773,963.1,610.9
9666,11963,663.8536010439028,276.3311739697773,963.1,610.9
9666,11964,663.8536010439028,276.3311739697773,963.1,610.9
9666,11965,663.8536010439028,276.3311739697773,963.1,610.9
9666,11966,663.8536010439028,276.3311739697773,963.1,610.9
9666,11967,663.8536010439028,276.3311739697773,963.1,610.9
9666,11968,663.8536010439028,276.3311739697773,963.1,610.9
9666,11969,663.8536010439028,276.3311739697773,963.1,610.9
9666,11970,663.8536010439028,276.3311739697773,963.1,610.9
9666,11971,663.8536010439028,276.3311739697773,963.1,610.9
9666,11972,663.8536010439028,276.3311739697773,963.1,610.9
9666,11973,663.8536010439028,276.3311739697773,963.1,610.9
9666,11974,663.8536010439028,276.3311739697773,963.1,610.9
9666,11975,663.8536010439028,276.3311739697773,963.1,610.9
9666,11976,663.8536010439028,276.3311739697773,963.1,610.9
9666,11977,663.8536010439028,276.3311739697773,963.1,610.9
9666,11978,663.8536010439028,276.3311739697773,963.1,610.9
9666,11979,663.8536010439028,276.3311739697773,963.1,610.9
9666,11980,663.8536010439028,276.3311739697773,963.1,610.9
9666,11981,663.8536010439028,276.3311739697773,963.1,610.9
9666,11982,663.8536010439028,276.3311739697773,963.1,610.9
9666,11983,663.8536010439028,276.3311739697773,963.1,610.9
9666,11984,663.8536010439028,276.3311739697773,963.1,610.9
9666,11985,663.8536010439028,276.3311739697773,963.1,610.9
9666,11986,663.8536010439028,276.3311739697773,963.1,610.9
9666,11987,663.8536010439028,276.3311739697773,963.1,610.9
9666,11988,663.8536010439028,276.3311739697773,963.1,610.9
9666,11989,663.8536010439028,276.3311739697773,963.1,610.9
9666,11990,663.8536010439028,276.3311739697773,963.1,610.9
9667,11991,663.8536010439028,276.3311739697773,963.1,610.9
9668,11992,663.8536010439028,276.3311739697773,963.1,610.9
9669,11992,797.8536010439028,262.3311739697773,963.1,610.9
9670,11992,797.8536010439028,262.3311739697773,963.1,610.9
9671,11992,797.8536010439028,262.3311739697773,963.1,610.9
9672,11992,797.8536010439028,262.3311739697773,963.1,610.9
9673,11992,797.8536010439028,262.3311739697773,963.1,610.9
9674,11992,797.8536010439028,262.3311739697773,963.1,610.9
9675,11992,797.8536010439028,262.3311739697773,963.1,610.9
9676,11992,797.8536010439028,262.3311739697773,963.1,610.9
9677,11992,797.8536010439028,262.3311739697773,963.1,610.9
9678,11992,797.8536010439028,262.3311739697773,963.1,610.9
9679,11992,797.8536010439028,262.3311739697773,963.1,610.9
9680,11992,797.8536010439028,262.3311739697773,963.1,610.9
9681,11992,797.8536010439028,262.3311739697773,963.1,610.9
9682,11992,797.8536010439028,262.3311739697773,963.1,610.9
9683,11992,797.8536010439028,262.3311739697773,963.1,610.9
9684,11992,797.8536010439028,262.3311739697773,963.1,610.9
9685,11992,797.8536010439028,262.3311739697773,963.1,610.9
9686,11992,797.8536010439028,262.3311739697773,963.1,610.9
9687,11992,797.8536010439028,262.3311739697773,963.1,610.9
9688,11992,797.8536010439028,262.3311739697773,963.1,610.9
9689,11992,797.8536010439028,262.3311739697773,963.1,610.9
9690,11992,797.8536010439028,262.3311739697773,963.1,610.9
9691,11992,797.8536010439028,262.3311739697773,963.1,610.9
9692,11992,797.8536010439028,262.3311739697773,963.1,610.9
9693,11992,797.8536010439028,262.3311739697773,963.1,610.9
9694,11992,797.8536010439028,262.3311739697773,963.1,610.9
9695,11992,797.8536010439028,262.3311739697773,963.1,610.9
9696,11992,797.8536010439028,262.3311739697773,963.1,610.9
9697,11992,797.8536010439028,262.3311739697773,963.1,610.9
9698,11992,797.8536010439028,262.3311739697773,963.1,610.9
9699,11992,797.8536010439028,262.3311739697773,963.1,610.9
9700,11992,797.8536010439028,262.3311739697773,963.1,610.9
9701,11992,930.8536010439028,247.3311739697773,963.1,610.9
9702,11992,930.8536010439028,247.3311739697773,963.1,610.9
9703,11992,930.8536010439028,247.3311739697773,963.1,610.9
9704,11992,930.8536010439028,247.3311739697773,963.1,610.9
9705,11992,930.8536010439028,247.3311739697773,963.1,610.9
9706,11992,930.8536010439028,247.3311739697773,963.1,610.9
9707,11992,930.8536010439028,247.3311739697773,963.1,610.9
9708,11992,930.8536010439028,247.3311739697773,963.1,610.9
9709,11992,930.8536010439028,247.3311739697773,963.1,610.9
9710,11992,930.8536010439028,247.3311739697773,963.1,610.9
9711,11992,930.8536010439028,247.3311739697773,963.1,610.9
9712,11992,930.8536010439028,247.3311739697773,963.1,610.9
9713,11992,930.8536010439028,247.3311739697773,963.1,610.9
9714,11992,930.8536010439028,247.3311739697773,963.1,610.9
9715,11992,930.8536010439028,247.3311739697773,963.1,610.9
9716,11992,930.8536010439028,247.3311739697773,963.1,610.9
9717,11992,930.8536010439028,247.3311739697773,963.1,610.9
9718,11992,930.8536010439028,247.3311739697773,963.1,610.9
9719,11992,930.8536010439028,247.3311739697773,963.1,610.9
9720,11992,930.8536010439028,247.3311739697773,963.1,610.9
9721,11992,930.8536010439028,247.3311739697773,963.1,610.9
9722,11992,930.8536010439028,247.3311739697773,963.1,610.9
9723,11992,930.8536010439028,247.3311739697773,963.1,610.9
9724,11992,930.8536010439028,247.3311739697773,963.1,610.9
9725,11992,930.8536010439028,247.3311739697773,963.1,610.9
9726,11992,930.8536010439028,247.3311739697773,963.1,610.9
9727,11992,930.8536010439028,247.3311739697773,963.1,610.9
9728,11992,930.8536010439028,247.3311739697773,963.1,610.9
9729,11992,930.8536010439028,247.3311739697773,963.1,610.9
9730,11992,930.8536010439028,247.3311739697773,963.1,610.9
9731,11992,930.8536010439028,247.3311739697773,963.1,610.9
9732,11992,930.8536010439028,247.3311739697773,963.1,610.9
9733,11992,930.8536010439028,247.3311739697773,963.1,610.9
9734,11992,930.8536010439028,247.3311739697773,963.1,610.9
9735,11992,930.8536010439028,247.3311739697773,963.1,610.9
9736,11992,930.8536010439028,247.3311739697773,963.1,610.9
9737,11992,930.8536010439028,247.3311739697773,963.1,610.9
9738,11992,930.8536010439028,247.3311739697773,963.1,610.9
9739,11992,930.8536010439028,247.3311739697773,963.1,610.9
9740,11992,930.8536010439028,247.3311739697773,963.1,610.9
9741,11992,930.8536010439028,247.3311739697773,963.1,610.9
9742,11992,930.8536010439028,247.3311739697773,963.1,610.9
9743,11992,930.8536010439028,247.3311739697773,963.1,610.9
9744,11992,930.8536010439028,247.3311739697773,963.1,610.9
9745,11992,930.8536010439028,247.3311739697773,963.1,610.9
9746,11992,930.8536010439028,247.3311739697773,963.1,610.9
9747,11992,930.8536010439028,247.3311739697773,963.1,610.9
9748,11992,930.8536010439028,247.3311739697773,963.1,610.9
9749,11992,930.8536010439028,247.3311739697773,963.1,610.9
9750,11992,930.8536010439028,247.3311739697773,963.1,610.9
9751,11992,930.8536010439028,247.3311739697773,963.1,610.9
9752,11992,930.8536010439028,247.3311739697773,963.1,610.9
9753,11992,930.8536010439028,247.3311739697773,963.1,610.9
9754,11992,930.8536010439028,247.3311739697773,963.1,610.9
9755,11992,930.8536010439028,247.3311739697773,963.1,610.9
9756,11992,930.8536010439028,247.3311739697773,963.1,610.9
9757,11992,930.8536010439028,247.3311739697773,963.1,610.9
9758,11992,930.8536010439028,247.3311739697773,963.1,610.9
9759,11992,930.8536010439028,247.3311739697773,963.1,610.9
9760,11992,930.8536010439028,247.3311739697773,963.1,610.9
9761,11992,930.8536010439028,247.3311739697773,963.1,610.9
9762,11992,930.8536010439028,247.3311739697773,963.1,610.9
9763,11992,930.8536010439028,247.3311739697773,963.1,610.9
9764,11992,930.8536010439028,247.3311739697773,963.1,610.9
9765,11992,930.8536010439028,247.3311739697773,963.1,610.9
9766,11992,930.8536010439028,247.3311739697773,963.1,610.9
9767,11992,930.8536010439028,247.3311739697773,963.1,610.9
9768,11992,930.8536010439028,247.3311739697773,963.1,610.9
9769,11992,930.8536010439028,247.3311739697773,963.1,610.9
9770,11992,930.8536010439028,247.3311739697773,963.1,610.9
9771,11992,930.8536010439028,247.3311739697773,963.1,610.9
9772,11992,930.8536010439028,247.3311739697773,963.1,610.9
9773,11992,930.8536010439028,247.3311739697773,963.1,610.9
9774,11992,930.8536010439028,247.3311739697773,963.1,610.9
9775,11992,930.8536010439028,247.3311739697773,963.1,610.9
9776,11992,930.8536010439028,247.3311739697773,963.1,610.9
9777,11992,930.8536010439028,247.3311739697773,963.1,610.9
9778,11992,930.8536010439028,247.3311739697773,963.1,610.9
9779,11992,930.8536010439028,247.3311739697773,963.1,610.9
9780,11992,930.8536010439028,247.3311739697773,957.9342857142857,601.7828571428571
9781,11992,930.8536010439028,247.3311739697773,952.7685714285715,592.6657142857142
9782,11992,930.8536010439028,247.3311739697773,947.6028571428571,583.5485714285714
9783,11992,930.8536010439028,247.3311739697773,942.4371428571428,574.4314285714286
9784,11992,930.8536010439028,247.3311739697773,937.2714285714286,565.3142857142857
9785,11992,930.8536010439028,247.3311739697773,932.1057142857143,556.1971428571428
9786,11992,930.8536010439028,247.3311739697773,926.94,547.0799999999999
9787,11992,930.8536010439028,247.3311739697773,921.7742857142857,537.9628571428572
9788,11992,930.8536010439028,247.3311739697773,916.6085714285714,528.8457142857143
9789,11992,930.8536010439028,247.3311739697773,911.4428571428572,519.7285714285714
9790,11992,930.8536010439028,247.3311739697773,906.2771428571428,510.6114285714286
9791,11992,930.8536010439028,247.3311739697773,901.1114285714286,501.4942857142857
9792,11992,930.8536010439028,247.3311739697773,895.9457142857143,492.37714285714287
9793,11992,930.8536010439028,247.3311739697773,890.78,483.26
9794,11992,930.8536010439028,247.3311739697773,885.6142857142858,474.1428571428571
9795,11992,930.8536010439028,247.3311739697773,880.4485714285714,465.0257142857143
9796,11992,930.8536010439028,247.3311739697773,875.2828571428571,455.90857142857146
9797,11992,930.8536010439028,247.3311739697773,870.1171428571429,446.7914285714286
9798,11992,930.8536010439028,247.3311739697773,864.9514285714286,437.6742857142857
9799,11992,930.8536010439028,247.3311739697773,859.7857142857142,428.5571428571429
9800,11992,930.8536010439028,247.3311739697773,854.62,419.44
9801,11992,930.8536010439028,247.3311739697773,849.4542857142857,410.3228571428572
9802,11992,956.8536010439028,612.3311739697773,844.2885714285715,401.2057142857143
9803,11992,956.8536010439028,612.3311739697773,839.1228571428571,392.0885714285714
9804,11992,956.8536010439028,612.3311739697773,833.9571428571428,382.9714285714286
9805,11992,956.8536010439028,612.3311739697773,828.7914285714286,373.85428571428577
9806,11992,956.8536010439028,612.3311739697773,823.6257142857143,364.7371428571429
9807,11992,956.8536010439028,612.3311739697773,818.46,355.62
9808,11992,956.8536010439028,612.3311739697773,813.2942857142857,346.5028571428572
9809,11992,956.8536010439028,612.3311739697773,808.1285714285714,337.3857142857143
9810,11992,956.8536010439028,612.3311739697773,802.962857142857,328.2685714285715
9811,11992,956.8536010439028,612.3311739697773,797.7971428571428,319.1514285714286
9812,11992,956.8536010439028,612.3311739697773,792.6314285714286,310.0342857142857
9813,11992,956.8536010439028,612.3311739697773,787.4657142857143,300.9171428571429
9814,11992,956.8536010439028,612.3311739697773,782.3,291.8
9815,11992,956.8536010439028,612.3311739697773,782.3,291.8
9816,11992,956.8536010439028,612.3311739697773,782.3,291.8
9817,11992,956.8536010439028,612.3311739697773,782.3,291.8
9818,11992,956.8536010439028,612.3311739697773,782.3,291.8
9819,11992,956.8536010439028,612.3311739697773,782.3,291.8
9820,11992,956.8536010439028,612.3311739697773,782.3,291.8
9821,11992,956.8536010439028,612.3311739697773,782.3,291.8
9822,11992,956.8536010439028,612.3311739697773,782.3,291.8
9823,11992,956.8536010439028,612.3311739697773,782.3,291.8
9824,11992,956.8536010439028,612.3311739697773,782.3,291.8
9825,11992,956.8536010439028,612.3311739697773,782.3,291.8
9826,11992,956.8536010439028,612.3311739697773,782.3,291.8
9827,11992,956.8536010439028,612.3311739697773,782.3,291.8
9828,11992,956.8536010439028,612.3311739697773,782.3,291.8
9829,11992,956.8536010439028,612.3311739697773,782.3,291.8
9830,11992,956.8536010439028,612.3311739697773,782.3,291.8
9831,11992,956.8536010439028,612.3311739697773,782.3,291.8
9832,11992,956.8536010439028,612.3311739697773,782.3,291.8
9833,11992,956.8536010439028,612.3311739697773,782.3,291.8
9834,11992,956.8536010439028,612.3311739697773,782.3,291.8
9835,11992,956.8536010439028,612.3311739697773,782.3,291.8
9836,11992,956.8536010439028,612.3311739697773,782.3,291.8
9837,11992,956.8536010439028,612.3311739697773,782.3,291.8
9838,11992,956.8536010439028,612.3311739697773,782.3,291.8
9839,11992,956.8536010439028,612.3311739697773,782.3,291.8
9840,11992,956.8536010439028,612.3311739697773,782.3,291.8
9841,11992,956.8536010439028,612.3311739697773,782.3,291.8
9842,11992,956.8536010439028,612.3311739697773,782.3,291.8
9843,11992,956.8536010439028,612.3311739697773,782.3,291.8
9844,11992,956.8536010439028,612.3311739697773,782.3,291.8
9845,11992,956.8536010439028,612.3311739697773,782.3,291.8
9846,11992,956.8536010439028,612.3311739697773,782.3,291.8
9847,11992,956.8536010439028,612.3311739697773,782.3,291.8
9848,11992,956.8536010439028,612.3311739697773,782.3,291.8
9849,11992,956.8536010439028,612.3311739697773,782.3,291.8
9850,11992,956.8536010439028,612.3311739697773,782.3,291.8
9851,11992,956.8536010439028,612.3311739697773,782.3,291.8
9852,11992,956.8536010439028,612.3311739697773,782.3,291.8
9853,11992,956.8536010439028,612.3311739697773,782.3,291.8
9854,11992,956.8536010439028,612.3311739697773,782.3,291.8
9855,11992,956.8536010439028,612.3311739697773,782.3,291.8
9856,11992,956.8536010439028,612.3311739697773,782.3,291.8
9857,11992,956.8536010439028,612.3311739697773,782.3,291.8
9858,11992,956.8536010439028,612.3311739697773,782.3,291.8
9859,11992,956.8536010439028,612.3311739697773,782.3,291.8
9860,11992,956.8536010439028,612.3311739697773,782.3,291.8
9861,11992,956.8536010439028,612.3311739697773,782.3,291.8
9862,11992,956.8536010439028,612.3311739697773,782.3,291.8
9863,11992,956.8536010439028,612.3311739697773,782.3,291.8
9864,11992,956.8536010439028,612.3311739697773,782.3,291.8
9865,11992,956.8536010439028,612.3311739697773,782.3,291.8
9866,11992,956.8536010439028,612.3311739697773,782.3,291.8
9867,11992,956.8536010439028,612.3311739697773,782.3,291.8
9868,11992,956.8536010439028,612.3311739697773,782.3,291.8
9869,11992,956.8536010439028,612.3311739697773,782.3,291.8
9870,11992,956.8536010439028,612.3311739697773,782.3,291.8
9871,11992,956.8536010439028,612.3311739697773,782.3,291.8
9872,11992,956.8536010439028,612.3311739697773,782.3,291.8
9873,11992,956.8536010439028,612.3311739697773,782.3,291.8
9874,11992,956.8536010439028,612.3311739697773,782.3,291.8
9875,11992,956.8536010439028,612.3311739697773,782.3,291.8
9876,11992,956.8536010439028,612.3311739697773,782.3,291.8
9877,11992,956.8536010439028,612.3311739697773,782.3,291.8
9878,11992,956.8536010439028,612.3311739697773,782.3,291.8
9879,11992,956.8536010439028,612.3311739697773,782.3,291.8
9880,11992,956.8536010439028,612.3311739697773,782.3,291.8
9881,11992,956.8536010439028,612.3311739697773,782.3,291.8
9882,11992,956.8536010439028,612.3311739697773,782.3,291.8
9883,11992,956.8536010439028,612.3311739697773,782.3,291.8
9884,11992,956.8536010439028,612.3311739697773,782.3,291.8
9885,11992,956.8536010439028,612.3311739697773,782.3,291.8
9886,11992,956.8536010439028,612.3311739697773,782.3,291.8
9887,11992,956.8536010439028,612.3311739697773,782.3,291.8
9888,11992,956.8536010439028,612.3311739697773,782.3,291.8
9889,11992,956.8536010439028,612.3311739697773,782.3,291.8
9890,11992,956.8536010439028,612.3311739697773,782.3,291.8
9891,11992,956.8536010439028,612.3311739697773,782.3,291.8
9892,11992,956.8536010439028,612.3311739697773,782.3,291.8
9893,11992,956.8536010439028,612.3311739697773,782.3,291.8
9894,11992,956.8536010439028,612.3311739697773,782.3,291.8
9895,11992,956.8536010439028,612.3311739697773,782.3,291.8
9896,11992,956.8536010439028,612.3311739697773,782.3,291.8
9897,11992,956.8536010439028,612.3311739697773,782.3,291.8
9898,11992,956.8536010439028,612.3311739697773,782.3,291.8
9899,11992,956.8536010439028,612.3311739697773,782.3,291.8
9900,11992,956.8536010439028,612.3311739697773,782.3,291.8
9901,11992,956.8536010439028,612.3311739697773,782.3,291.8
9902,11992,956.8536010439028,612.3311739697773,782.3,291.8
9903,11992,956.8536010439028,612.3311739697773,782.3,291.8
9904,11992,956.8536010439028,612.3311739697773,782.3,291.8
9905,11992,956.8536010439028,612.3311739697773,782.3,291.8
9906,11992,956.8536010439028,612.3311739697773,782.3,291.8
9907,11992,956.8536010439028,612.3311739697773,782.3,291.8
9908,11992,956.8536010439028,612.3311739697773,782.3,291.8
9909,11992,956.8536010439028,612.3311739697773,782.3,291.8
9910,11992,956.8536010439028,612.3311739697773,782.3,291.8
9911,11992,956.8536010439028,612.3311739697773,782.3,291.8
9912,11992,956.8536010439028,612.3311739697773,782.3,291.8
9913,11992,956.8536010439028,612.3311739697773,782.3,291.8
9914,11992,956.8536010439028,612.3311739697773,782.3,291.8
9915,11992,956.8536010439028,612.3311739697773,782.3,291.8
9916,11992,956.8536010439028,612.3311739697773,782.3,291.8
9917,11992,956.8536010439028,612.3311739697773,782.3,291.8
9918,11992,956.8536010439028,612.3311739697773,782.3,291.8
9919,11992,956.8536010439028,612.3311739697773,782.3,291.8
9920,11992,956.8536010439028,612.3311739697773,782.3,291.8
9921,11992,956.8536010439028,612.3311739697773,782.3,291.8
9922,11992,956.8536010439028,612.3311739697773,782.3,291.8
9923,11992,956.8536010439028,612.3311739697773,782.3,291.8
9924,11992,956.8536010439028,612.3311739697773,782.3,291.8
9925,11992,956.8536010439028,612.3311739697773,782.3,291.8
9926,11992,956.8536010439028,612.3311739697773,782.3,291.8
9927,11992,956.8536010439028,612.3311739697773,782.3,291.8
9928,11992,956.8536010439028,612.3311739697773,782.3,291.8
9929,11992,956.8536010439028,612.3311739697773,782.3,291.8
9930,11992,956.8536010439028,612.3311739697773,782.3,291.8
9931,11992,956.8536010439028,612.3311739697773,782.3,291.8
9932,11992,956.8536010439028,612.3311739697773,782.3,291.8
9933,11992,956.8536010439028,612.3311739697773,782.3,291.8
9934,11992,956.8536010439028,612.3311739697773,782.3,291.8
9935,11992,956.8536010439028,612.3311739697773,782.3,291.8
9936,11992,956.8536010439028,612.3311739697773,782.3,291.8
9937,11992,956.8536010439028,612.3311739697773,782.3,291.8
9938,11992,956.8536010439028,612.3311739697773,782.3,291.8
9939,11992,956.8536010439028,612.3311739697773,782.3,291.8
9940,11992,956.8536010439028,612.3311739697773,782.3,291.8
9941,11992,956.8536010439028,612.3311739697773,782.3,291.8
9942,11992,956.8536010439028,612.3311739697773,782.3,291.8
9943,11992,956.8536010439028,612.3311739697773,782.3,291.8
9944,11992,956.8536010439028,612.3311739697773,782.3,291.8
9945,11992,956.8536010439028,612.3311739697773,782.3,291.8
9946,11992,956.8536010439028,612.3311739697773,782.3,291.8
9947,11992,956.8536010439028,612.3311739697773,782.3,291.8
9948,11992,956.8536010439028,612.3311739697773,782.3,291.8
9949,11992,956.8536010439028,612.3311739697773,782.3,291.8
9950,11992,956.8536010439028,612.3311739697773,782.3,291.8
9951,11992,956.8536010439028,612.3311739697773,782.3,291.8
9952,11992,956.8536010439028,612.3311739697773,782.3,291.8
9953,11992,956.8536010439028,612.3311739697773,782.3,291.8
9954,11992,956.8536010439028,612.3311739697773,782.3,291.8
9955,11992,956.8536010439028,612.3311739697773,782.3,291.8
9956,11992,956.8536010439028,612.3311739697773,782.3,291.8
9957,11992,956.8536010439028,612.3311739697773,782.3,291.8
9958,11992,956.8536010439028,612.3311739697773,782.3,291.8
9959,11992,956.8536010439028,612.3311739697773,782.3,291.8
9960,11992,956.8536010439028,612.3311739697773,782.3,291.8
9961,11992,956.8536010439028,612.3311739697773,782.3,291.8
9962,11992,956.8536010439028,612.3311739697773,782.3,291.8
9963,11992,956.8536010439028,612.3311739697773,782.3,291.8
9964,11992,956.8536010439028,612.3311739697773,782.3,291.8
9965,11992,956.8536010439028,612.3311739697773,782.3,291.8
9966,11992,956.8536010439028,612.3311739697773,782.3,291.8
9967,11992,956.8536010439028,612.3311739697773,782.3,291.8
9968,11992,956.8536010439028,612.3311739697773,782.3,291.8
9969,11992,-,-,-,-
9970,11992,-,-,-,-
9971,11992,-,-,-,-
9972,11992,-,-,-,-
9973,11992,-,-,-,-
9974,11992,-,-,-,-
9975,11992,-,-,-,-
9976,11992,-,-,-,-
9977,11992,-,-,-,-
9978,11992,-,-,-,-
9979,11992,-,-,-,-
9980,11992,-,-,-,-
9981,11992,-,-,-,-
9982,11992,-,-,-,-
9983,11992,-,-,-,-
9984,11992,-,-,-,-
9985,11992,-,-,-,-
9986,11992,-,-,-,-
9987,11992,-,-,-,-
9988,11992,-,-,-,-
9989,11992,-,-,-,-
9990,11992,-,-,-,-
9991,11992,-,-,-,-
9992,11993,-,-,-,-
9993,11994,-,-,-,-
9994,11995,-,-,-,-
9995,11996,-,-,-,-
9996,11997,-,-,-,-
9997,11998,-,-,-,-
9998,11999,-,-,-,-
9999,12000,-,-,-,-
10000,12001,-,-,-,-
10001,12002,-,-,-,-
10002,12003,-,-,-,-
10003,12004,-,-,-,-
10004,12005,-,-,-,-
10005,12006,-,-,-,-
10006,12007,-,-,-,-
10007,12008,-,-,-,-
10008,12009,-,-,-,-
10009,12010,-,-,-,-
10010,12011,-,-,-,-
10011,12012,-,-,-,-
10012,12013,-,-,-,-
10013,12014,-,-,-,-
10014,12015,-,-,-,-
10015,12016,-,-,-,-
10016,12017,-,-,-,-
10017,12018,-,-,-,-
10018,12019,-,-,-,-
10019,12020,-,-,-,-
10020,12021,-,-,-,-
10021,12022,-,-,-,-
10022,12023,-,-,-,-
10023,12024,-,-,-,-
10024,12025,-,-,-,-
10025,12026,-,-,-,-
10026,12027,-,-,-,-
10027,12028,-,-,-,-
10028,12029,-,-,-,-
10029,12030,-,-,-,-
10030,12031,-,-,-,-
10031,12032,-,-,-,-
10032,12033,-,-,-,-
10033,12034,-,-,-,-
10034,12035,-,-,-,-
10035,12036,-,-,-,-
10036,12037,-,-,-,-
10037,12038,-,-,-,-
10038,12039,-,-,-,-
10039,12040,-,-,-,-
10040,12041,-,-,-,-
10041,12042,-,-,-,-
10042,12043,-,-,-,-
10043,12044,-,-,-,-
10044,12045,-,-,-,-
10045,12046,-,-,-,-
10046,12047,-,-,-,-
10047,12048,-,-,-,-
10048,12049,-,-,-,-
10049,12050,-,-,-,-
10050,12051,-,-,-,-
10051,12052,-,-,-,-
10052,12053,-,-,-,-
10053,12054,-,-,-,-
10054,12055,-,-,-,-
10055,12056,-,-,-,-
10056,12057,-,-,-,-
10057,12058,-,-,-,-
10058,12059,-,-,-,-
10059,12060,-,-,-,-
10060,12061,-,-,-,-
10061,12062,-,-,-,-
10062,12063,-,-,-,-
10063,12064,-,-,-,-
10064,12065,-,-,-,-
10065,12066,-,-,-,-
10066,12067,-,-,-,-
10067,12068,-,-,-,-
10068,12069,-,-,-,-
10069,12070,-,-,-,-
10070,12071,-,-,-,-
10071,12072,-,-,-,-
10072,12073,-,-,-,-
10073,12074,-,-,-,-
10074,12075,-,-,-,-
10075,12076,-,-,-,-
10076,12077,-,-,-,-
10077,12078,-,-,-,-
10078,12079,-,-,-,-
10079,12080,-,-,-,-
10080,12081,-,-,-,-
10081,12082,-,-,-,-
10082,12083,-,-,-,-
10083,12084,-,-,-,-
10084,12085,-,-,-,-
10085,12086,-,-,-,-
10086,12087,-,-,-,-
10087,12088,-,-,-,-
10088,12089,-,-,-,-
10089,12090,-,-,-,-
10090,12091,-,-,-,-
10091,12092,-,-,-,-
10092,12093,-,-,-,-
10093,12094,-,-,-,-
10094,12095,-,-,-,-
10095,12096,-,-,-,-
10096,12097,-,-,-,-
10097,12098,-,-,-,-
10098,12099,-,-,-,-
10099,12100,-,-,-,-
10100,12101,-,-,-,-
10101,12102,-,-,-,-
10102,12103,-,-,-,-
10103,12104,-,-,-,-
10104,12105,-,-,-,-
10105,12106,-,-,-,-
10106,12107,-,-,-,-
10107,12108,-,-,-,-
10108,12109,-,-,-,-
10109,12110,-,-,-,-
10110,12111,-,-,-,-
10111,12112,-,-,-,-
10112,12113,-,-,-,-
10113,12114,-,-,-,-
10114,12115,-,-,-,-
10115,12116,-,-,-,-
10116,12117,-,-,-,-
10117,12118,-,-,-,-
10118,12119,-,-,-,-
10119,12120,-,-,-,-
10120,12121,-,-,-,-
10121,12122,-,-,-,-
10122,12123,-,-,-,-
10123,12124,-,-,-,-
10124,12125,-,-,-,-
10125,12126,-,-,-,-
10126,12127,-,-,-,-
10127,12128,-,-,-,-
10128,12129,-,-,-,-
10129,12130,-,-,-,-
10130,12131,-,-,-,-
10131,12132,-,-,-,-
10132,12133,-,-,-,-
10133,12134,-,-,-,-
10134,12135,-,-,-,-
10135,12136,-,-,-,-
10136,12137,-,-,-,-
10137,12138,-,-,-,-
10138,12139,-,-,-,-
10139,12140,-,-,-,-
10140,12141,-,-,-,-
10141,12142,-,-,-,-
10142,12143,-,-,-,-
10143,12144,-,-,-,-
10144,12145,-,-,-,-
10145,12146,-,-,-,-
10146,12147,-,-,-,-
10147,12148,-,-,-,-
10148,12149,-,-,-,-
10149,12150,-,-,-,-
10150,12151,-,-,-,-
10151,12152,-,-,-,-
10152,12153,-,-,-,-
10153,12154,-,-,-,-
10154,12155,-,-,-,-
10155,12156,-,-,-,-
10156,12157,-,-,-,-
10157,12158,-,-,-,-
10158,12159,-,-,-,-
10159,12160,-,-,-,-
10160,12161,-,-,-,-
10161,12162,-,-,-,-
10162,12163,-,-,-,-
10163,12164,-,-,-,-
10164,12165,-,-,-,-
10165,12166,-,-,-,-
10166,12167,-,-,-,-
10167,12168,-,-,-,-
10168,12169,-,-,-,-
10169,12170,-,-,-,-
10170,12171,-,-,-,-
10171,12172,-,-,-,-
10172,12173,-,-,-,-
10173,12174,-,-,-,-
10174,12175,-,-,-,-
10175,12176,-,-,-,-
10176,12177,-,-,-,-
10177,12178,-,-,-,-
10178,12179,-,-,-,-
10179,12180,-,-,-,-
10180,12181,-,-,-,-
10181,12182,-,-,-,-
10182,12183,-,-,-,-
10183,12184,-,-,-,-
10184,12185,-,-,-,-
10185,12186,-,-,-,-
10186,12187,-,-,-,-
10187,12188,-,-,-,-
10188,12189,-,-,-,-
10189,12190,-,-,-,-
10190,12191,-,-,-,-
10191,12192,-,-,-,-
10192,12193,-,-,-,-
10193,12194,-,-,-,-
10194,12195,-,-,-,-
10195,12196,-,-,-,-
10196,12197,-,-,-,-
10197,12198,-,-,-,-
10198,12199,-,-,-,-
10199,12200,-,-,-,-
10200,12201,-,-,-,-
10201,12202,-,-,-,-
10202,12202,-,-,-,-
10203,12202,-,-,-,-
10204,12202,-,-,-,-
10205,12202,-,-,-,-
10206,12202,-,-,-,-
10207,12202,-,-,-,-
10208,12202,-,-,-,-
10209,12202,-,-,-,-
10210,12202,-,-,-,-
10211,12202,-,-,-,-
10212,12202,-,-,-,-
10213,12202,-,-,-,-
10214,12202,-,-,-,-
10215,12202,-,-,-,-
10216,12202,-,-,-,-
10217,12202,-,-,-,-
10218,12202,-,-,-,-
10219,12202,-,-,-,-
10220,12202,-,-,-,-
10221,12202,-,-,-,-
10222,12202,-,-,-,-
10223,12202,-,-,-,-
10224,12202,-,-,-,-
10225,12202,-,-,-,-
10226,12202,-,-,-,-
10227,12202,-,-,-,-
10228,12202,-,-,-,-
10229,12202,-,-,-,-
10230,12202,-,-,-,-
10231,12202,-,-,-,-
10232,12202,-,-,-,-
10233,12202,-,-,-,-
10234,12202,-,-,-,-
10235,12202,-,-,-,-
10236,12202,-,-,-,-
10237,12202,-,-,-,-
10238,12202,-,-,-,-
10239,12202,-,-,-,-
10240,12202,-,-,-,-
10241,12202,-,-,-,-
10242,12202,-,-,-,-
10243,12202,-,-,-,-
10244,12202,-,-,-,-
10245,12202,-,-,-,-
10246,12202,-,-,-,-
10247,12202,-,-,-,-
10248,12202,-,-,-,-
10249,12202,-,-,-,-
10250,12202,-,-,-,-
10251,12202,-,-,-,-
10252,12202,-,-,-,-
10253,12202,-,-,-,-
10254,12202,-,-,-,-
10255,12202,-,-,-,-
10256,12202,-,-,-,-
10257,12202,-,-,-,-
10258,12202,-,-,-,-
10259,12202,-,-,-,-
10260,12202,-,-,-,-
10261,12202,-,-,-,-
10262,12202,-,-,-,-
10263,12202,-,-,-,-
10264,12202,-,-,-,-
10265,12202,-,-,-,-
10266,12202,-,-,-,-
10267,12202,-,-,-,-
10268,12202,-,-,-,-
10269,12202,-,-,-,-
10270,12202,-,-,-,-
10271,12202,-,-,-,-
10272,12202,-,-,-,-
10273,12202,-,-,-,-
10274,12202,-,-,-,-
10275,12202,-,-,-,-
10276,12202,-,-,-,-
10277,12202,-,-,-,-
10278,12202,-,-,-,-
10279,12202,-,-,-,-
10280,12202,-,-,-,-
10281,12202,-,-,-,-
10282,12202,-,-,-,-
10283,12202,-,-,-,-
10284,12202,-,-,-,-
10285,12202,-,-,-,-
10286,12202,-,-,-,-
10287,12202,-,-,-,-
10288,12202,-,-,-,-
10289,12202,-,-,-,-
10290,12202,-,-,-,-
10291,12202,-,-,-,-
10292,12202,-,-,-,-
10293,12202,-,-,-,-
10294,12202,-,-,-,-
10295,12202,-,-,-,-
10296,12202,-,-,-,-
10297,12202,-,-,-,-
10298,12202,-,-,-,-
10299,12202,-,-,-,-
10300,12202,-,-,-,-
10301,12202,-,-,-,-
10302,12202,-,-,-,-
10303,12202,-,-,-,-
10304,12202,-,-,-,-
10305,12202,-,-,-,-
10306,12202,-,-,-,-
10307,12202,-,-,-,-
10308,12202,-,-,-,-
10309,12202,-,-,-,-
10310,12202,-,-,-,-
10311,12202,-,-,-,-
10312,12202,-,-,-,-
10313,12202,-,-,-,-
10314,12202,-,-,-,-
10315,12202,-,-,-,-
10316,12202,-,-,-,-
10317,12202,-,-,-,-
10318,12202,-,-,-,-
10319,12202,-,-,-,-
10320,12202,-,-,-,-
10321,12202,-,-,-,-
10322,12202,-,-,-,-
10323,12202,-,-,-,-
10324,12202,-,-,-,-
10325,12202,-,-,-,-
10326,12202,-,-,-,-
10327,12202,-,-,-,-
10328,12202,-,-,-,-
10329,12202,-,-,-,-
10330,12202,-,-,-,-
10331,12202,-,-,-,-
10332,12202,-,-,-,-
10333,12202,-,-,-,-
10334,12202,-,-,-,-
10335,12202,-,-,-,-
10336,12202,-,-,-,-
10337,12202,-,-,-,-
10338,12202,-,-,-,-
10339,12202,-,-,-,-
10340,12202,-,-,-,-
10341,12202,-,-,-,-
10342,12202,-,-,-,-
10343,12202,-,-,-,-
10344,12202,-,-,-,-
10345,12202,-,-,-,-
10346,12202,-,-,-,-
10347,12202,-,-,-,-
10348,12202,-,-,-,-
10349,12202,-,-,-,-
10350,12202,-,-,-,-
10351,12202,-,-,-,-
10352,12202,-,-,-,-
10353,12202,-,-,-,-
10354,12202,-,-,-,-
10355,12202,-,-,-,-
10356,12202,-,-,-,-
10357,12202,-,-,-,-
10358,12202,-,-,-,-
10359,12202,-,-,-,-
10360,12202,-,-,-,-
10361,12202,-,-,-,-
10362,12202,-,-,-,-
10363,12202,-,-,-,-
10364,12202,-,-,-,-
10365,12202,-,-,-,-
10366,12202,-,-,-,-
10367,12202,-,-,-,-
10368,12202,-,-,-,-
10369,12202,-,-,-,-
10370,12202,-,-,-,-
10371,12202,-,-,-,-
10372,12202,-,-,-,-
10373,12202,-,-,-,-
10374,12202,-,-,-,-
10375,12202,-,-,-,-
10376,12202,-,-,-,-
10377,12202,-,-,-,-
10378,12202,-,-,-,-
10379,12202,-,-,-,-
10380,12202,-,-,-,-
10381,12202,-,-,-,-
10382,12202,-,-,-,-
10383,12202,-,-,-,-
10384,12202,-,-,-,-
10385,12202,-,-,-,-
10386,12202,-,-,-,-
10387,12202,-,-,-,-
10388,12202,-,-,-,-
10389,12202,-,-,-,-
10390,12202,-,-,-,-
10391,12202,-,-,-,-
10392,12202,-,-,-,-
10393,12202,-,-,-,-
10394,12202,-,-,-,-
10395,12202,-,-,-,-
10396,12202,-,-,-,-
10397,12202,-,-,-,-
10398,12202,-,-,-,-
10399,12202,-,-,-,-
10400,12202,-,-,-,-
10401,12202,-,-,-,-
10402,12202,-,-,-,-
10403,12202,-,-,-,-
10404,12202,-,-,-,-
10405,12202,-,-,-,-
10406,12202,-,-,-,-
10407,12202,-,-,-,-
10408,12202,-,-,-,-
10409,12202,-,-,-,-
10410,12202,-,-,-,-
10411,12202,-,-,-,-
10412,12202,-,-,-,-
10413,12202,-,-,-,-
10414,12202,-,-,-,-
10415,12202,-,-,-,-
10416,12202,-,-,-,-
10417,12202,-,-,-,-
10418,12202,-,-,-,-
10419,12202,-,-,-,-
10420,12202,-,-,-,-
10421,12202,-,-,-,-
10422,12202,-,-,-,-
10423,12202,-,-,-,-
10424,12202,-,-,-,-
10425,12202,-,-,-,-
10426,12202,-,-,-,-
10427,12202,-,-,-,-
10428,12202,-,-,-,-
10429,12202,-,-,-,-
10430,12202,-,-,-,-
10431,12202,-,-,-,-
10432,12202,-,-,-,-
10433,12202,-,-,-,-
10434,12202,-,-,-,-
10435,12202,-,-,-,-
10436,12202,-,-,-,-
10437,12202,-,-,-,-
10438,12202,-,-,-,-
10439,12202,-,-,-,-
10440,12202,-,-,-,-
10441,12202,-,-,-,-
10442,12202,-,-,-,-
10443,12202,-,-,-,-
10444,12202,-,-,-,-
10445,12202,-,-,-,-
10446,12202,-,-,-,-
10447,12202,-,-,-,-
10448,12202,-,-,-,-
10449,12202,-,-,-,-
10450,12202,-,-,-,-
10451,12202,-,-,-,-
10452,12202,-,-,-,-
10453,12202,-,-,-,-
10454,12202,-,-,-,-
10455,12202,-,-,-,-
10456,12202,-,-,-,-
10457,12202,-,-,-,-
10458,12202,-,-,-,-
10459,12202,-,-,-,-
10460,12202,-,-,-,-
10461,12202,-,-,-,-
10462,12202,-,-,-,-
10463,12202,-,-,-,-
10464,12202,-,-,-,-
10465,12202,-,-,-,-
10466,12202,-,-,-,-
10467,12202,-,-,-,-
10468,12202,-,-,-,-
10469,12202,-,-,-,-
10470,12202,-,-,-,-
10471,12202,-,-,-,-
10472,12202,-,-,-,-
10473,12202,-,-,-,-
10474,12202,-,-,-,-
10475,12202,-,-,-,-
10476,12202,-,-,-,-
10477,12202,-,-,-,-
10478,12202,-,-,-,-
10479,12202,-,-,-,-
10480,12202,-,-,-,-
10481,12202,-,-,-,-
10482,12202,-,-,-,-
10483,12202,-,-,-,-
10484,12202,-,-,-,-
10485,12202,-,-,-,-
10486,12202,-,-,-,-
10487,12202,-,-,-,-
10488,12202,-,-,-,-
10489,12202,-,-,-,-
10490,12202,-,-,-,-
10491,12202,-,-,-,-
10492,12202,-,-,-,-
10493,12202,-,-,-,-
10494,12202,-,-,-,-
10495,12202,-,-,-,-
10496,12202,-,-,-,-
10497,12202,-,-,-,-
10498,12202,-,-,-,-
10499,12202,-,-,-,-
10500,12202,-,-,-,-
10501,12202,-,-,-,-
10502,12202,-,-,-,-
10503,12202,-,-,-,-
10504,12202,-,-,-,-
10505,12202,-,-,-,-
10506,12202,-,-,-,-
10507,12202,-,-,-,-
10508,12202,-,-,-,-
10509,12202,-,-,-,-
10510,12202,-,-,-,-
10511,12202,-,-,-,-
10512,12202,-,-,-,-
10513,12202,-,-,-,-
10514,12202,-,-,-,-
10515,12202,-,-,-,-
10516,12202,-,-,-,-
10517,12202,-,-,-,-
10518,12202,-,-,-,-
10519,12202,-,-,-,-
10520,12202,-,-,-,-
10521,12202,-,-,-,-
10522,12202,-,-,-,-
10523,12202,-,-,-,-
10524,12202,-,-,-,-
10525,12202,-,-,-,-
10526,12202,-,-,-,-
10527,12202,-,-,-,-
10528,12202,-,-,-,-
10529,12202,-,-,-,-
10530,12202,-,-,-,-
10531,12202,-,-,-,-
10532,12202,-,-,-,-
10533,12202,-,-,-,-
10534,12202,-,-,-,-
10535,12202,-,-,-,-
10536,12202,-,-,-,-
10537,12202,-,-,-,-
10538,12202,-,-,-,-
10539,12202,-,-,-,-
10540,12202,-,-,-,-
10541,12202,-,-,-,-
10542,12202,-,-,-,-
10543,12202,-,-,-,-
10544,12202,-,-,-,-
10545,12202,-,-,-,-
10546,12202,-,-,-,-
10547,12202,-,-,-,-
10548,12202,-,-,-,-
10549,12202,-,-,-,-
10550,12202,-,-,-,-
10551,12202,-,-,-,-
10552,12202,-,-,-,-
10553,12202,-,-,-,-
10554,12202,-,-,-,-
10555,12202,-,-,-,-
10556,12202,-,-,-,-
10557,12202,-,-,-,-
10558,12202,-,-,-,-
10559,12202,-,-,-,-
10560,12202,-,-,-,-
10561,12202,-,-,-,-
10562,12202,-,-,-,-
10563,12202,-,-,-,-
10564,12202,-,-,-,-
10565,12202,-,-,-,-
10566,12202,-,-,-,-
10567,12202,-,-,-,-
10568,12202,-,-,-,-
10569,12202,-,-,-,-
10570,12202,-,-,-,-
10571,12202,-,-,-,-
10572,12202,-,-,-,-
10573,12202,-,-,-,-
10574,12202,-,-,-,-
10575,12202,-,-,-,-
10576,12202,-,-,-,-
10577,12202,-,-,-,-
10578,12202,-,-,-,-
10579,12202,-,-,-,-
10580,12202,-,-,-,-
10581,12202,-,-,-,-
10582,12202,-,-,-,-
10583,12202,-,-,-,-
10584,12202,-,-,-,-
10585,12202,-,-,-,-
10586,12202,-,-,-,-
10587,12202,-,-,-,-
10588,12202,-,-,-,-
10589,12202,-,-,-,-
10590,12202,-,-,-,-
10591,12202,-,-,-,-
10592,12202,-,-,-,-
10593,12202,-,-,-,-
10594,12202,-,-,-,-
10595,12202,-,-,-,-
10596,12202,-,-,-,-
10597,12202,-,-,-,-
10598,12202,-,-,-,-
10599,12202,-,-,-,-
10600,12202,-,-,-,-
10601,12202,-,-,-,-
10602,12202,-,-,-,-
10603,12202,-,-,-,-
10604,12202,-,-,-,-
10605,12202,-,-,-,-
10606,12202,-,-,-,-
10607,12202,-,-,-,-
10608,12202,-,-,-,-
10609,12202,-,-,-,-
10610,12202,-,-,-,-
10611,12202,-,-,-,-
10612,12202,-,-,-,-
10613,12202,-,-,-,-
10614,12202,-,-,-,-
10615,12202,-,-,-,-
10616,12202,-,-,-,-
10617,12202,-,-,-,-
10618,12202,-,-,-,-
10619,12202,-,-,-,-
10620,12202,-,-,-,-
10621,12202,-,-,-,-
10622,12202,-,-,-,-
10623,12202,-,-,-,-
10624,12202,-,-,-,-
10625,12202,-,-,-,-
10626,12202,-,-,-,-
10627,12202,-,-,-,-
10628,12202,-,-,-,-
10629,12202,-,-,-,-
10630,12202,-,-,-,-
10631,12202,-,-,-,-
10632,12202,-,-,-,-
10633,12202,-,-,-,-
10634,12202,-,-,-,-
10635,12202,-,-,-,-
10636,12202,-,-,-,-
10637,12202,-,-,-,-
10638,12202,-,-,-,-
10639,12202,-,-,-,-
10640,12202,-,-,-,-
10641,12202,-,-,-,-
10642,12202,-,-,-,-
10643,12202,-,-,-,-
10644,12202,-,-,-,-
10645,12202,-,-,-,-
10646,12202,-,-,-,-
10647,12202,-,-,-,-
10648,12202,-,-,-,-
10649,12202,-,-,-,-
10650,12202,-,-,-,-
10651,12202,-,-,-,-
10652,12202,-,-,-,-
10653,12202,-,-,-,-
10654,12202,-,-,-,-
10655,12202,-,-,-,-
10656,12202,-,-,-,-
10657,12202,-,-,-,-
10658,12202,-,-,-,-
10659,12202,-,-,-,-
10660,12202,-,-,-,-
10661,12202,-,-,-,-
10662,12202,-,-,-,-
10663,12202,-,-,-,-
10664,12202,-,-,-,-
10665,12202,-,-,-,-
10666,12202,-,-,-,-
10667,12202,-,-,-,-
10668,12202,-,-,-,-
10669,12202,-,-,-,-
10670,12202,-,-,-,-
10671,12202,-,-,-,-
10672,12202,-,-,-,-
10673,12202,-,-,-,-
10674,12202,-,-,-,-
10675,12202,-,-,-,-
10676,12202,-,-,-,-
10677,12202,-,-,-,-
10678,12202,-,-,-,-
10679,12202,-,-,-,-
10680,12202,-,-,-,-
10681,12202,-,-,-,-
10682,12202,-,-,-,-
10683,12202,-,-,-,-
10684,12202,-,-,-,-
10685,12202,-,-,-,-
10686,12202,-,-,-,-
10687,12202,-,-,-,-
10688,12202,-,-,-,-
10689,12202,-,-,-,-
10690,12202,-,-,-,-
10691,12202,-,-,-,-
10692,12202,-,-,-,-
10693,12202,-,-,-,-
10694,12202,-,-,-,-
10695,12202,-,-,-,-
10696,12202,-,-,-,-
10697,12202,-,-,-,-
10698,12202,-,-,-,-
10699,12202,-,-,-,-
10700,12202,-,-,-,-
10701,12202,-,-,-,-
10702,12202,-,-,-,-
10703,12202,-,-,-,-
10704,12202,-,-,-,-
10705,12202,-,-,-,-
10706,12202,-,-,-,-
10707,12202,-,-,-,-
10708,12202,-,-,-,-
10709,12202,-,-,-,-
10710,12202,-,-,-,-
10711,12202,-,-,-,-
10712,12202,-,-,-,-
10713,12202,-,-,-,-
10714,12202,-,-,-,-
10715,12202,-,-,-,-
10716,12202,-,-,-,-
10717,12202,-,-,-,-
10718,12202,-,-,-,-
10719,12202,-,-,-,-
10720,12202,-,-,-,-
10721,12202,-,-,-,-
10722,12202,-,-,-,-
10723,12202,-,-,-,-
10724,12202,-,-,-,-
10725,12202,-,-,-,-
10726,12202,-,-,-,-
10727,12202,-,-,-,-
10728,12202,-,-,-,-
10729,12202,-,-,-,-
10730,12202,-,-,-,-
10731,12202,-,-,-,-
10732,12202,-,-,-,-
10733,12202,-,-,-,-
10734,12202,-,-,-,-
10735,12202,-,-,-,-
10736,12202,-,-,-,-
10737,12202,-,-,-,-
10738,12202,-,-,-,-
10739,12202,-,-,-,-
10740,12202,-,-,-,-
10741,12202,-,-,-,-
10742,12202,-,-,-,-
10743,12202,-,-,-,-
10744,12202,-,-,-,-
10745,12202,-,-,-,-
10746,12202,-,-,-,-
10747,12202,-,-,-,-
10748,12202,-,-,-,-
10749,12202,-,-,-,-
10750,12202,-,-,-,-
10751,12202,-,-,-,-
10752,12202,-,-,-,-
10753,12202,-,-,-,-
10754,12202,-,-,-,-
10755,12202,-,-,-,-
10756,12202,-,-,-,-
10757,12202,-,-,-,-
10758,12202,-,-,-,-
10759,12202,-,-,-,-
10760,12202,-,-,-,-
10761,12202,-,-,-,-
10762,12202,-,-,-,-
10763,12202,-,-,-,-
10764,12202,-,-,-,-
10765,12202,-,-,-,-
10766,12202,-,-,-,-
10767,12202,-,-,-,-
10768,12202,-,-,-,-
10769,12202,-,-,-,-
10770,12202,-,-,-,-
10771,12202,-,-,-,-
10772,12202,-,-,-,-
10773,12202,-,-,-,-
10774,12202,-,-,-,-
10775,12202,-,-,-,-
10776,12202,-,-,-,-
10777,12202,-,-,-,-
10778,12202,-,-,-,-
10779,12202,-,-,-,-
10780,12202,-,-,-,-
10781,12202,-,-,-,-
10782,12202,-,-,-,-
10783,12202,-,-,-,-
10784,12202,-,-,-,-
10785,12202,-,-,-,-
10786,12202,-,-,-,-
10787,12202,-,-,-,-
10788,12202,-,-,-,-
10789,12202,-,-,-,-
10790,12202,-,-,-,-
10791,12202,-,-,-,-
10792,12202,-,-,-,-
10793,12202,-,-,-,-
10794,12202,-,-,-,-
10795,12202,-,-,-,-
10796,12202,-,-,-,-
10797,12202,-,-,-,-
10798,12202,-,-,-,-
10799,12202,-,-,-,-
10800,12202,-,-,-,-
10801,12202,-,-,-,-
10802,12202,-,-,-,-
10803,12202,-,-,-,-
10804,12202,-,-,-,-
10805,12202,-,-,-,-
10806,12202,-,-,-,-
10807,12202,-,-,-,-
10808,12202,-,-,-,-
10809,12202,-,-,-,-
10810,12202,-,-,-,-
10811,12202,-,-,-,-
10812,12202,-,-,-,-
10813,12202,-,-,-,-
10814,12202,-,-,-,-
10815,12202,-,-,-,-
10816,12202,-,-,-,-
10817,12202,-,-,-,-
10818,12202,-,-,-,-
10819,12202,-,-,-,-
10820,12202,-,-,-,-
10821,12202,-,-,-,-
10822,12202,-,-,-,-
10823,12202,-,-,-,-
10824,12202,-,-,-,-
10825,12202,-,-,-,-
10826,12202,-,-,-,-
10827,12202,-,-,-,-
10828,12202,-,-,-,-
10829,12202,-,-,-,-
10830,12202,-,-,-,-
10831,12202,-,-,-,-
10832,12202,-,-,-,-
10833,12202,-,-,-,-
10834,12202,-,-,-,-
10835,12202,-,-,-,-
10836,12202,-,-,-,-
10837,12202,-,-,-,-
10838,12202,-,-,-,-
10839,12202,-,-,-,-
10840,12202,-,-,-,-
10841,12202,-,-,-,-
10842,12202,-,-,-,-
10843,12202,-,-,-,-
10844,12202,-,-,-,-
10845,12202,-,-,-,-
10846,12202,-,-,-,-
10847,12202,-,-,-,-
10848,12202,-,-,-,-
10849,12202,-,-,-,-
10850,12202,-,-,-,-
10851,12202,-,-,-,-
10852,12202,-,-,-,-
10853,12202,-,-,-,-
10854,12202,-,-,-,-
10855,12202,-,-,-,-
10856,12202,-,-,-,-
10857,12202,-,-,-,-
10858,12202,-,-,-,-
10859,12202,-,-,-,-
10860,12202,-,-,-,-
10861,12202,-,-,-,-
10862,12202,-,-,-,-
10863,12202,-,-,-,-
10864,12202,-,-,-,-
10865,12202,-,-,-,-
10866,12202,-,-,-,-
10867,12202,-,-,-,-
10868,12202,-,-,-,-
10869,12202,-,-,-,-
10870,12202,-,-,-,-
10871,12202,-,-,-,-
10872,12202,-,-,-,-
10873,12202,-,-,-,-
10874,12202,-,-,-,-
10875,12202,-,-,-,-
10876,12202,-,-,-,-
10877,12202,-,-,-,-
10878,12202,-,-,-,-
10879,12202,-,-,-,-
10880,12202,-,-,-,-
10881,12202,-,-,-,-
10882,12202,-,-,-,-
10883,12202,-,-,-,-
10884,12202,-,-,-,-
10885,12202,-,-,-,-
10886,12202,-,-,-,-
10887,12202,-,-,-,-
10888,12202,-,-,-,-
10889,12202,-,-,-,-
10890,12202,-,-,-,-
10891,12202,-,-,-,-
10892,12202,-,-,-,-
10893,12202,-,-,-,-
10894,12202,-,-,-,-
10895,12202,-,-,-,-
10896,12202,-,-,-,-
10897,12202,-,-,-,-
10898,12202,-,-,-,-
10899,12202,-,-,-,-
10900,12202,-,-,-,-
10901,12202,-,-,-,-
10902,12202,-,-,-,-
10903,12202,-,-,-,-
10904,12202,-,-,-,-
10905,12202,-,-,-,-
10906,12202,-,-,-,-
10907,12202,-,-,-,-
10908,12202,-,-,-,-
10909,12202,-,-,-,-
10910,12202,-,-,-,-
10911,12202,-,-,-,-
10912,12202,-,-,-,-
10913,12202,-,-,-,-
10914,12202,-,-,-,-
10915,12202,-,-,-,-
10916,12202,-,-,-,-
10917,12202,-,-,-,-
10918,12202,-,-,-,-
10919,12202,-,-,-,-
10920,12202,-,-,-,-
10921,12202,-,-,-,-
10922,12202,-,-,-,-
10923,12202,-,-,-,-
10924,12202,-,-,-,-
10925,12202,-,-,-,-
10926,12202,-,-,-,-
10927,12202,-,-,-,-
10928,12202,-,-,-,-
10929,12202,-,-,-,-
10930,12202,-,-,-,-
10931,12202,-,-,-,-
10932,12202,-,-,-,-
10933,12202,-,-,-,-
10934,12202,-,-,-,-
10935,12202,-,-,-,-
10936,12202,-,-,-,-
10937,12202,-,-,-,-
10938,12202,-,-,-,-
10939,12202,-,-,-,-
10940,12202,-,-,-,-
10941,12202,-,-,-,-
10942,12202,-,-,-,-
10943,12202,-,-,-,-
10944,12202,-,-,-,-
10945,12202,-,-,-,-
10946,12202,-,-,-,-
10947,12202,-,-,-,-
10948,12202,-,-,-,-
10949,12202,-,-,-,-
10950,12202,-,-,-,-
10951,12202,-,-,-,-
10952,12202,-,-,-,-
10953,12202,-,-,-,-
10954,12202,-,-,-,-
10955,12202,-,-,-,-
10956,12202,-,-,-,-
10957,12202,-,-,-,-
10958,12202,-,-,-,-
10959,12202,-,-,-,-
10960,12202,-,-,-,-
10961,12202,-,-,-,-
10962,12202,-,-,-,-
10963,12202,-,-,-,-
10964,12202,-,-,-,-
10965,12202,-,-,-,-
10966,12202,-,-,-,-
10967,12202,-,-,-,-
10968,12202,-,-,-,-
10969,12202,-,-,-,-
10970,12202,-,-,-,-
10971,12202,-,-,-,-
10972,12202,-,-,-,-
10973,12202,-,-,-,-
10974,12202,-,-,-,-
10975,12202,-,-,-,-
10976,12202,-,-,-,-
10977,12202,-,-,-,-
10978,12202,-,-,-,-
10979,12202,-,-,-,-
10980,12202,-,-,-,-
10981,12202,-,-,-,-
10982,12202,-,-,-,-
10983,12202,-,-,-,-
10984,12202,-,-,-,-
10985,12202,-,-,-,-
10986,12202,-,-,-,-
10987,12202,-,-,-,-
10988,12202,-,-,-,-
10989,12202,-,-,-,-
10990,12202,-,-,-,-
10991,12202,-,-,-,-
10992,12202,-,-,-,-
10993,12202,-,-,-,-
10994,12202,-,-,-,-
10995,12202,-,-,-,-
10996,12202,-,-,-,-
10997,12202,-,-,-,-
10998,12202,-,-,-,-
10999,12202,-,-,-,-
11000,12202,-,-,-,-
11001,12202,-,-,-,-
11002,12202,-,-,-,-
11003,12202,-,-,-,-
11004,12202,-,-,-,-
11005,12202,-,-,-,-
11006,12202,-,-,-,-
11007,12202,-,-,-,-
11008,12202,-,-,-,-
11009,12202,-,-,-,-
11010,12202,-,-,-,-
11011,12202,-,-,-,-
11012,12202,-,-,-,-
11013,12202,-,-,-,-
11014,12202,-,-,-,-
11015,12202,-,-,-,-
11016,12202,-,-,-,-
11017,12202,-,-,-,-
11018,12202,-,-,-,-
11019,12202,-,-,-,-
11020,12202,-,-,-,-
11021,12202,-,-,-,-
11022,12202,-,-,-,-
11023,12202,-,-,-,-
11024,12202,-,-,-,-
11025,12202,-,-,-,-
11026,12202,-,-,-,-
11027,12202,-,-,-,-
11028,12202,-,-,-,-
11029,12202,-,-,-,-
11030,12202,-,-,-,-
11031,12202,-,-,-,-
11032,12202,-,-,-,-
11033,12202,-,-,-,-
11034,12202,-,-,-,-
11035,12202,-,-,-,-
11036,12202,-,-,-,-
11037,12202,-,-,-,-
11038,12202,-,-,-,-
11039,12202,-,-,-,-
11040,12202,-,-,-,-
11041,12202,-,-,-,-
11042,12202,-,-,-,-
11043,12202,-,-,-,-
11044,12202,-,-,-,-
11045,12202,-,-,-,-
11046,12202,-,-,-,-
11047,12202,-,-,-,-
11048,12202,-,-,-,-
11049,12202,-,-,-,-
11050,12202,-,-,-,-
11051,12202,-,-,-,-
11052,12202,-,-,-,-
11053,12202,-,-,-,-
11054,12202,-,-,-,-
11055,12202,-,-,-,-
11056,12202,-,-,-,-
11057,12202,-,-,-,-
11058,12202,-,-,-,-
11059,12202,-,-,-,-
11060,12202,-,-,-,-
11061,12202,-,-,-,-
11062,12202,-,-,-,-
11063,12202,-,-,-,-
11064,12202,-,-,-,-
11065,12202,-,-,-,-
11066,12202,-,-,-,-
11067,12202,-,-,-,-
11068,12202,-,-,-,-
11069,12202,-,-,-,-
11070,12202,-,-,-,-
11071,12202,-,-,-,-
11072,12202,-,-,-,-
11073,12202,-,-,-,-
11074,12202,-,-,-,-
11075,12202,-,-,-,-
11076,12202,-,-,-,-
11077,12202,-,-,-,-
11078,12202,-,-,-,-
11079,12202,-,-,-,-
11080,12202,-,-,-,-
11081,12202,-,-,-,-
11082,12202,-,-,-,-
11083,12202,-,-,-,-
11084,12202,-,-,-,-
11085,12202,-,-,-,-
11086,12202,-,-,-,-
11087,12202,-,-,-,-
11088,12202,-,-,-,-
11089,12202,-,-,-,-
11090,12202,-,-,-,-
11091,12202,-,-,-,-
11092,12202,-,-,-,-
11093,12202,-,-,-,-
11094,12202,-,-,-,-
11095,12202,-,-,-,-
11096,12202,-,-,-,-
11097,12202,-,-,-,-
11098,12202,-,-,-,-
11099,12202,-,-,-,-
11100,12202,-,-,-,-
11101,12202,-,-,-,-
11102,12202,-,-,-,-
11103,12202,-,-,-,-
11104,12202,-,-,-,-
11105,12202,-,-,-,-
11106,12202,-,-,-,-
11107,12202,-,-,-,-
11108,12202,-,-,-,-
11109,12202,-,-,-,-
11110,12202,-,-,-,-
11111,12202,-,-,-,-
11112,12202,-,-,-,-
11113,12202,-,-,-,-
11114,12202,-,-,-,-
11115,12202,-,-,-,-
11116,12202,-,-,-,-
11117,12202,-,-,-,-
11118,12202,-,-,-,-
11119,12202,-,-,-,-
11120,12202,-,-,-,-
11121,12202,-,-,-,-
11122,12202,-,-,-,-
11123,12202,-,-,-,-
11124,12202,-,-,-,-
11125,12202,-,-,-,-
11126,12202,-,-,-,-
11127,12202,-,-,-,-
11128,12202,-,-,-,-
11129,12202,-,-,-,-
11130,12202,-,-,-,-
11131,12202,-,-,-,-
11132,12202,-,-,-,-
11133,12202,-,-,-,-
11134,12202,-,-,-,-
11135,12202,-,-,-,-
11136,12202,-,-,-,-
11137,12202,-,-,-,-
11138,12202,-,-,-,-
11139,12202,-,-,-,-
11140,12202,-,-,-,-
11141,12202,-,-,-,-
11142,12202,-,-,-,-
11143,12202,-,-,-,-
11144,12202,-,-,-,-
11145,12202,-,-,-,-
11146,12202,-,-,-,-
11147,12202,-,-,-,-
11148,12202,-,-,-,-
11149,12202,-,-,-,-
11150,12202,-,-,-,-
11151,12202,-,-,-,-
11152,12202,-,-,-,-
11153,12202,-,-,-,-
11154,12202,-,-,-,-
11155,12202,-,-,-,-
11156,12202,-,-,-,-
11157,12202,-,-,-,-
11158,12202,-,-,-,-
11159,12202,-,-,-,-
11160,12202,-,-,-,-
11161,12202,-,-,-,-
11162,12202,-,-,-,-
11163,12202,-,-,-,-
11164,12202,-,-,-,-
11165,12202,-,-,-,-
11166,12202,-,-,-,-
11167,12202,-,-,-,-
11168,12202,-,-,-,-
11169,12202,-,-,-,-
11170,12202,-,-,-,-
11171,12202,-,-,-,-
11172,12202,-,-,-,-
11173,12202,-,-,-,-
11174,12202,-,-,-,-
11175,12202,-,-,-,-
11176,12202,-,-,-,-
11177,12202,-,-,-,-
11178,12202,-,-,-,-
11179,12202,-,-,-,-
11180,12202,-,-,-,-
11181,12202,-,-,-,-
11182,12202,-,-,-,-
11183,12202,-,-,-,-
11184,12202,-,-,-,-
11185,12202,-,-,-,-
11186,12202,-,-,-,-
11187,12202,-,-,-,-
11188,12202,-,-,-,-
11189,12202,-,-,-,-
11190,12202,-,-,-,-
11191,12202,-,-,-,-
11192,12202,-,-,-,-
11193,12202,-,-,-,-
11194,12202,-,-,-,-
11195,12202,-,-,-,-
11196,12202,-,-,-,-
11197,12202,-,-,-,-
11198,12202,-,-,-,-
11199,12202,-,-,-,-
11200,12202,-,-,-,-
11201,12202,-,-,-,-
11202,12202,-,-,-,-
11203,12202,-,-,-,-
11204,12202,-,-,-,-
11205,12202,-,-,-,-
11206,12202,-,-,-,-
11207,12202,-,-,-,-
11208,12202,-,-,-,-
11209,12202,-,-,-,-
11210,12202,-,-,-,-
11211,12202,-,-,-,-
11212,12202,-,-,-,-
11213,12202,-,-,-,-
11214,12202,-,-,-,-
11215,12202,-,-,-,-
11216,12202,-,-,-,-
11217,12202,-,-,-,-
11218,12202,-,-,-,-
11219,12202,-,-,-,-
11220,12202,-,-,-,-
11221,12202,-,-,-,-
11222,12202,-,-,-,-
11223,12202,-,-,-,-
11224,12202,-,-,-,-
11225,12202,-,-,-,-
11226,12202,-,-,-,-
11227,12202,-,-,-,-
11228,12202,-,-,-,-
11229,12202,-,-,-,-
11230,12202,-,-,-,-
11231,12202,-,-,-,-
11232,12202,-,-,-,-
11233,12202,-,-,-,-
11234,12202,-,-,-,-
11235,12202,-,-,-,-
11236,12202,-,-,-,-
11237,12202,-,-,-,-
11238,12202,-,-,-,-
11239,12202,-,-,-,-
11240,12202,-,-,-,-
11241,12202,-,-,-,-
11242,12202,-,-,-,-
11243,12202,-,-,-,-
11244,12202,-,-,-,-
11245,12202,-,-,-,-
11246,12202,-,-,-,-
11247,12202,-,-,-,-
11248,12202,-,-,-,-
11249,12202,-,-,-,-
11250,12202,-,-,-,-
11251,12202,-,-,-,-
11252,12202,-,-,-,-
11253,12202,-,-,-,-
11254,12202,-,-,-,-
11255,12202,-,-,-,-
11256,12202,-,-,-,-
11257,12202,-,-,-,-
11258,12202,-,-,-,-
11259,12202,-,-,-,-
11260,12202,-,-,-,-
11261,12202,-,-,-,-
11262,12202,-,-,-,-
11263,12202,-,-,-,-
11264,12202,-,-,-,-
11265,12202,-,-,-,-
11266,12202,-,-,-,-
11267,12202,-,-,-,-
11268,12202,-,-,-,-
11269,12202,-,-,-,-
11270,12202,-,-,-,-
11271,12202,-,-,-,-
11272,12202,-,-,-,-
11273,12202,-,-,-,-
11274,12202,-,-,-,-
11275,12202,-,-,-,-
11276,12202,-,-,-,-
11277,12202,-,-,-,-
11278,12202,-,-,-,-
11279,12202,-,-,-,-
11280,12202,-,-,-,-
11281,12202,-,-,-,-
11282,12202,-,-,-,-
11283,12202,-,-,-,-
11284,12202,-,-,-,-
11285,12202,-,-,-,-
11286,12202,-,-,-,-
11287,12202,-,-,-,-
11288,12202,-,-,-,-
11289,12202,-,-,-,-
11290,12202,-,-,-,-
11291,12202,-,-,-,-
11292,12202,-,-,-,-
11293,12202,-,-,-,-
11294,12202,-,-,-,-
11295,12202,-,-,-,-
11296,12202,-,-,-,-
11297,12202,-,-,-,-
11298,12202,-,-,-,-
11299,12202,-,-,-,-
11300,12202,-,-,-,-
11301,12202,-,-,-,-
11302,12202,-,-,-,-
11303,12202,-,-,-,-
11304,12202,-,-,-,-
11305,12202,-,-,-,-
11306,12202,-,-,-,-
11307,12202,-,-,-,-
11308,12202,-,-,-,-
11309,12202,-,-,-,-
11310,12202,-,-,-,-
11311,12202,-,-,-,-
11312,12202,-,-,-,-
11313,12202,-,-,-,-
11314,12202,-,-,-,-
11315,12202,-,-,-,-
11316,12202,-,-,-,-
11317,12202,-,-,-,-
11318,12202,-,-,-,-
11319,12202,-,-,-,-
11320,12202,-,-,-,-
11321,12202,-,-,-,-
11322,12202,-,-,-,-
11323,12202,-,-,-,-
11324,12202,-,-,-,-
11325,12202,-,-,-,-
11326,12202,-,-,-,-
11327,12202,-,-,-,-
11328,12202,-,-,-,-
11329,12202,-,-,-,-
11330,12202,-,-,-,-
11331,12202,-,-,-,-
11332,12202,-,-,-,-
11333,12202,-,-,-,-
11334,12202,-,-,-,-
11335,12202,-,-,-,-
11336,12202,-,-,-,-
11337,12202,-,-,-,-
11338,12202,-,-,-,-
11339,12202,-,-,-,-
11340,12202,-,-,-,-
11341,12202,-,-,-,-
11342,12202,-,-,-,-
11343,12202,-,-,-,-
11344,12202,-,-,-,-
11345,12202,-,-,-,-
11346,12202,-,-,-,-
11347,12202,-,-,-,-
11348,12202,-,-,-,-
11349,12202,-,-,-,-
11350,12202,-,-,-,-
11351,12202,-,-,-,-
11352,12202,-,-,-,-
11353,12202,-,-,-,-
11354,12202,-,-,-,-
11355,12202,-,-,-,-
11356,12202,-,-,-,-
11357,12202,-,-,-,-
11358,12202,-,-,-,-
11359,12202,-,-,-,-
11360,12202,-,-,-,-
11361,12202,-,-,-,-
11362,12202,-,-,-,-
11363,12202,-,-,-,-
11364,12202,-,-,-,-
11365,12202,-,-,-,-
11366,12202,-,-,-,-
11367,12202,-,-,-,-
11368,12202,-,-,-,-
11369,12202,-,-,-,-
11370,12202,-,-,-,-
11371,12202,-,-,-,-
11372,12202,-,-,-,-
11373,12202,-,-,-,-
11374,12202,-,-,-,-
11375,12202,-,-,-,-
11376,12202,-,-,-,-
11377,12202,-,-,-,-
11378,12202,-,-,-,-
11379,12202,-,-,-,-
11380,12202,-,-,-,-
11381,12202,-,-,-,-
11382,12202,-,-,-,-
11383,12202,-,-,-,-
11384,12202,-,-,-,-
11385,12202,-,-,-,-
11386,12202,-,-,-,-
11387,12202,-,-,-,-
11388,12202,-,-,-,-
11389,12202,-,-,-,-
11390,12202,-,-,-,-
11391,12202,-,-,-,-
11392,12202,-,-,-,-
11393,12202,-,-,-,-
11394,12202,-,-,-,-
11395,12202,-,-,-,-
11396,12202,-,-,-,-
11397,12202,-,-,-,-
11398,12202,-,-,-,-
11399,12202,-,-,-,-
11400,12202,-,-,-,-
11401,12202,-,-,-,-
11402,12202,-,-,-,-
11403,12202,-,-,-,-
11404,12202,-,-,-,-
11405,12202,-,-,-,-
11406,12202,-,-,-,-
11407,12202,-,-,-,-
11408,12202,-,-,-,-
11409,12202,-,-,-,-
11410,12202,-,-,-,-
11411,12202,-,-,-,-
11412,12202,-,-,-,-
11413,12202,-,-,-,-
11414,12202,-,-,-,-
11415,12202,-,-,-,-
11416,12202,-,-,-,-
11417,12202,-,-,-,-
11418,12202,-,-,-,-
11419,12202,-,-,-,-
11420,12202,-,-,-,-
11421,12202,-,-,-,-
11422,12202,-,-,-,-
11423,12202,-,-,-,-
11424,12202,-,-,-,-
11425,12202,-,-,-,-
11426,12202,-,-,-,-
11427,12202,-,-,-,-
11428,12202,-,-,-,-
11429,12202,-,-,-,-
11430,12202,-,-,-,-
11431,12202,-,-,-,-
11432,12202,-,-,-,-
11433,12202,-,-,-,-
11434,12202,-,-,-,-
11435,12202,-,-,-,-
11436,12202,-,-,-,-
11437,12202,-,-,-,-
11438,12202,-,-,-,-
11439,12202,-,-,-,-
11440,12202,-,-,-,-
11441,12202,-,-,-,-
11442,12202,-,-,-,-
11443,12202,-,-,-,-
11444,12202,-,-,-,-
11445,12202,-,-,-,-
11446,12202,-,-,-,-
11447,12202,-,-,-,-
11448,12202,-,-,-,-
11449,12202,-,-,-,-
11450,12202,-,-,-,-
11451,12202,-,-,-,-
11452,12202,-,-,-,-
11453,12202,-,-,-,-
11454,12202,-,-,-,-
11455,12202,-,-,-,-
11456,12202,-,-,-,-
11457,12202,-,-,-,-
11458,12202,-,-,-,-
11459,12202,-,-,-,-
11460,12202,-,-,-,-
11461,12202,-,-,-,-
11462,12202,-,-,-,-
11463,12202,-,-,-,-
11464,12202,-,-,-,-
11465,12202,-,-,-,-
11466,12202,-,-,-,-
11467,12202,-,-,-,-
11468,12202,-,-,-,-
11469,12202,-,-,-,-
11470,12202,-,-,-,-
11471,12202,-,-,-,-
11472,12202,-,-,-,-
11473,12202,-,-,-,-
11474,12202,-,-,-,-
11475,12202,-,-,-,-
11476,12202,-,-,-,-
11477,12202,-,-,-,-
11478,12202,-,-,-,-
11479,12202,-,-,-,-
11480,12202,-,-,-,-
11481,12202,-,-,-,-
11482,12202,-,-,-,-
11483,12202,-,-,-,-
11484,12202,-,-,-,-
11485,12202,-,-,-,-
11486,12202,-,-,-,-
11487,12202,-,-,-,-
11488,12202,-,-,-,-
11489,12202,-,-,-,-
11490,12202,-,-,-,-
11491,12202,-,-,-,-
11492,12202,-,-,-,-
11493,12202,-,-,-,-
11494,12202,-,-,-,-
11495,12202,-,-,-,-
11496,12202,-,-,-,-
11497,12202,-,-,-,-
11498,12202,-,-,-,-
11499,12202,-,-,-,-
11500,12202,-,-,-,-
11501,12202,-,-,-,-
11502,12202,-,-,-,-
11503,12202,-,-,-,-
11504,12202,-,-,-,-
11505,12202,-,-,-,-
11506,12202,-,-,-,-
11507,12202,-,-,-,-
11508,12202,-,-,-,-
11509,12202,-,-,-,-
11510,12202,-,-,-,-
11511,12202,-,-,-,-
11512,12202,-,-,-,-
11513,12202,-,-,-,-
11514,12202,-,-,-,-
11515,12202,-,-,-,-
11516,12202,-,-,-,-
11517,12202,-,-,-,-
11518,12202,-,-,-,-
11519,12202,-,-,-,-
11520,12202,-,-,-,-
11521,12202,-,-,-,-
11522,12202,-,-,-,-
11523,12202,-,-,-,-
11524,12202,-,-,-,-
11525,12202,-,-,-,-
11526,12202,-,-,-,-
11527,12202,-,-,-,-
11528,12202,-,-,-,-
11529,12202,-,-,-,-
11530,12202,-,-,-,-
11531,12202,-,-,-,-
11532,12202,-,-,-,-
11533,12202,-,-,-,-
11534,12202,-,-,-,-
11535,12202,-,-,-,-
11536,12202,-,-,-,-
11537,12202,-,-,-,-
11538,12202,-,-,-,-
11539,12202,-,-,-,-
11540,12202,-,-,-,-
11541,12202,-,-,-,-
11542,12202,-,-,-,-
11543,12202,-,-,-,-
11544,12202,-,-,-,-
11545,12202,-,-,-,-
11546,12202,-,-,-,-
11547,12202,-,-,-,-
11548,12202,-,-,-,-
11549,12202,-,-,-,-
11550,12202,-,-,-,-
11551,12202,-,-,-,-
11552,12202,-,-,-,-
11553,12202,-,-,-,-
11554,12202,-,-,-,-
11555,12202,-,-,-,-
11556,12202,-,-,-,-
11557,12202,-,-,-,-
11558,12202,-,-,-,-
11559,12202,-,-,-,-
11560,12202,-,-,-,-
11561,12202,-,-,-,-
11562,12202,-,-,-,-
11563,12202,-,-,-,-
11564,12202,-,-,-,-
11565,12202,-,-,-,-
11566,12202,-,-,-,-
11567,12202,-,-,-,-
11568,12202,-,-,-,-
11569,12202,-,-,-,-
11570,12202,-,-,-,-
11571,12202,-,-,-,-
11572,12202,-,-,-,-
11573,12202,-,-,-,-
11574,12202,-,-,-,-
11575,12202,-,-,-,-
11576,12202,-,-,-,-
11577,12202,-,-,-,-
11578,12202,-,-,-,-
11579,12202,-,-,-,-
11580,12202,-,-,-,-
11581,12202,-,-,-,-
11582,12202,-,-,-,-
11583,12202,-,-,-,-
11584,12202,-,-,-,-
11585,12202,-,-,-,-
11586,12202,-,-,-,-
11587,12202,-,-,-,-
11588,12202,-,-,-,-
11589,12202,-,-,-,-
11590,12202,-,-,-,-
11591,12202,-,-,-,-
11592,12202,-,-,-,-
11593,12202,-,-,-,-
11594,12202,-,-,-,-
11595,12202,-,-,-,-
11596,12202,-,-,-,-
11597,12202,-,-,-,-
11598,12202,-,-,-,-
11599,12202,-,-,-,-
11600,12202,-,-,-,-
11601,12202,-,-,-,-
11602,12202,-,-,-,-
11603,12202,-,-,-,-
11604,12202,-,-,-,-
11605,12202,-,-,-,-
11606,12202,-,-,-,-
11607,12202,-,-,-,-
11608,12202,-,-,-,-
11609,12202,-,-,-,-
11610,12202,-,-,-,-
11611,12202,-,-,-,-
11612,12202,-,-,-,-
11613,12202,-,-,-,-
11614,12202,-,-,-,-
11615,12202,-,-,-,-
11616,12202,-,-,-,-
11617,12202,-,-,-,-
11618,12202,-,-,-,-
11619,12202,-,-,-,-
11620,12202,-,-,-,-
11621,12202,-,-,-,-
11622,12202,-,-,-,-
11623,12202,-,-,-,-
11624,12202,-,-,-,-
11625,12202,-,-,-,-
11626,12202,-,-,-,-
11627,12202,-,-,-,-
11628,12202,-,-,-,-
11629,12202,-,-,-,-
11630,12202,-,-,-,-
11631,12202,-,-,-,-
11632,12202,-,-,-,-
11633,12202,-,-,-,-
11634,12202,-,-,-,-
11635,12202,-,-,-,-
11636,12202,-,-,-,-
11637,12202,-,-,-,-
11638,12202,-,-,-,-
11639,12202,-,-,-,-
11640,12202,-,-,-,-
11641,12202,-,-,-,-
11642,12202,-,-,-,-
11643,12202,-,-,-,-
11644,12202,-,-,-,-
11645,12202,-,-,-,-
11646,12202,-,-,-,-
11647,12202,-,-,-,-
11648,12202,-,-,-,-
11649,12202,-,-,-,-
11650,12202,-,-,-,-
11651,12202,-,-,-,-
11652,12202,-,-,-,-
11653,12202,-,-,-,-
11654,12202,-,-,-,-
11655,12202,-,-,-,-
11656,12202,-,-,-,-
11657,12202,-,-,-,-
11658,12202,-,-,-,-
11659,12202,-,-,-,-
11660,12202,-,-,-,-
11661,12202,-,-,-,-
11662,12202,-,-,-,-
11663,12202,-,-,-,-
11664,12202,-,-,-,-
11665,12202,-,-,-,-
11666,12202,-,-,-,-
11667,12202,-,-,-,-
11668,12202,-,-,-,-
11669,12202,-,-,-,-
11670,12202,-,-,-,-
11671,12202,-,-,-,-
11672,12202,-,-,-,-
11673,12202,-,-,-,-
11674,12202,-,-,-,-
11675,12202,-,-,-,-
11676,12202,-,-,-,-
11677,12202,-,-,-,-
11678,12202,-,-,-,-
11679,12202,-,-,-,-
11680,12202,-,-,-,-
11681,12202,-,-,-,-
11682,12202,-,-,-,-
11683,12202,-,-,-,-
11684,12202,-,-,-,-
11685,12202,-,-,-,-
11686,12202,-,-,-,-
11687,12202,-,-,-,-
11688,12202,-,-,-,-
11689,12202,-,-,-,-
11690,12202,-,-,-,-
11691,12202,-,-,-,-
11692,12202,-,-,-,-
11693,12202,-,-,-,-
11694,12202,-,-,-,-
11695,12202,-,-,-,-
11696,12202,-,-,-,-
11697,12202,-,-,-,-
11698,12202,-,-,-,-
11699,12202,-,-,-,-
11700,12202,-,-,-,-
11701,12202,-,-,-,-
11702,12202,-,-,-,-
11703,12202,-,-,-,-
11704,12202,-,-,-,-
11705,12202,-,-,-,-
11706,12202,-,-,-,-
11707,12202,-,-,-,-
11708,12202,-,-,-,-
11709,12202,-,-,-,-
11710,12202,-,-,-,-
11711,12202,-,-,-,-
11712,12202,-,-,-,-
11713,12202,-,-,-,-
11714,12202,-,-,-,-
11715,12202,-,-,-,-
11716,12202,-,-,-,-
11717,12202,-,-,-,-
11718,12202,-,-,-,-
11719,12202,-,-,-,-
11720,12202,-,-,-,-
11721,12202,-,-,-,-
11722,12202,-,-,-,-
11723,12202,-,-,-,-
11724,12202,-,-,-,-
11725,12202,-,-,-,-
11726,12202,-,-,-,-
11727,12202,-,-,-,-
11728,12202,-,-,-,-
11729,12202,-,-,-,-
11730,12202,-,-,-,-
11731,12202,-,-,-,-
11732,12202,-,-,-,-
11733,12202,-,-,-,-
11734,12202,-,-,-,-
11735,12202,-,-,-,-
11736,12202,-,-,-,-
11737,12202,-,-,-,-
11738,12202,-,-,-,-
11739,12202,-,-,-,-
11740,12202,-,-,-,-
11741,12202,-,-,-,-
11742,12202,-,-,-,-
11743,12202,-,-,-,-
11744,12202,-,-,-,-
11745,12202,-,-,-,-
11746,12202,-,-,-,-
11747,12202,-,-,-,-
11748,12202,-,-,-,-
11749,12202,-,-,-,-
11750,12202,-,-,-,-
11751,12202,-,-,-,-
11752,12202,-,-,-,-
11753,12202,-,-,-,-
11754,12202,-,-,-,-
11755,12202,-,-,-,-
11756,12202,-,-,-,-
11757,12202,-,-,-,-
11758,12202,-,-,-,-
11759,12202,-,-,-,-
11760,12202,-,-,-,-
11761,12202,-,-,-,-
11762,12202,-,-,-,-
11763,12202,-,-,-,-
11764,12202,-,-,-,-
11765,12202,-,-,-,-
11766,12202,-,-,-,-
11767,12202,-,-,-,-
11768,12202,-,-,-,-
11769,12202,-,-,-,-
11770,12202,-,-,-,-
11771,12202,-,-,-,-
11772,12202,-,-,-,-
11773,12202,-,-,-,-
11774,12202,-,-,-,-
11775,12202,-,-,-,-
11776,12202,-,-,-,-
11777,12202,-,-,-,-
11778,12202,-,-,-,-
11779,12202,-,-,-,-
11780,12202,-,-,-,-
11781,12202,-,-,-,-
11782,12202,-,-,-,-
11783,12202,-,-,-,-
11784,12202,-,-,-,-
11785,12202,-,-,-,-
11786,12202,-,-,-,-
11787,12202,-,-,-,-
11788,12202,-,-,-,-
11789,12202,-,-,-,-
11790,12202,-,-,-,-
11791,12202,-,-,-,-
11792,12202,-,-,-,-
11793,12202,-,-,-,-
11794,12202,-,-,-,-
11795,12202,-,-,-,-
11796,12202,-,-,-,-
11797,12202,-,-,-,-
11798,12202,-,-,-,-
11799,12202,-,-,-,-
11800,12202,-,-,-,-
11801,12202,-,-,-,-
11802,12202,-,-,-,-
11803,12202,-,-,-,-
11804,12202,-,-,-,-
11805,12202,-,-,-,-
11806,12202,-,-,-,-
11807,12202,-,-,-,-
11808,12202,-,-,-,-
11809,12202,-,-,-,-
11810,12202,-,-,-,-
11811,12202,-,-,-,-
11812,12202,-,-,-,-
11813,12202,-,-,-,-
11814,12202,-,-,-,-
11815,12202,-,-,-,-
11816,12202,-,-,-,-
11817,12202,-,-,-,-
11818,12202,-,-,-,-
11819,12202,-,-,-,-
11820,12202,-,-,-,-
11821,12202,-,-,-,-
11822,12202,-,-,-,-
11823,12202,-,-,-,-
11824,12202,-,-,-,-
11825,12202,-,-,-,-
11826,12202,-,-,-,-
11827,12202,-,-,-,-
11828,12202,-,-,-,-
11829,12202,-,-,-,-
11830,12202,-,-,-,-
11831,12202,-,-,-,-
11832,12202,-,-,-,-
11833,12202,-,-,-,-
11834,12202,-,-,-,-
11835,12202,-,-,-,-
11836,12202,-,-,-,-
11837,12202,-,-,-,-
11838,12202,-,-,-,-
11839,12202,-,-,-,-
11840,12202,-,-,-,-
11841,12202,-,-,-,-
11842,12202,-,-,-,-
11843,12202,-,-,-,-
11844,12202,-,-,-,-
11845,12202,-,-,-,-
11846,12202,-,-,-,-
11847,12202,-,-,-,-
11848,12202,-,-,-,-
11849,12202,-,-,-,-
11850,12202,-,-,-,-
11851,12202,-,-,-,-
11852,12202,-,-,-,-
11853,12202,-,-,-,-
11854,12202,-,-,-,-
11855,12202,-,-,-,-
11856,12202,-,-,-,-
11857,12202,-,-,-,-
11858,12202,-,-,-,-
11859,12202,-,-,-,-
11860,12202,-,-,-,-
11861,12202,-,-,-,-
11862,12202,-,-,-,-
11863,12202,-,-,-,-
11864,12202,-,-,-,-
11865,12202,-,-,-,-
11866,12202,-,-,-,-
11867,12202,-,-,-,-
11868,12202,-,-,-,-
11869,12202,-,-,-,-
11870,12202,-,-,-,-
11871,12202,-,-,-,-
11872,12202,-,-,-,-
11873,12202,-,-,-,-
11874,12202,-,-,-,-
11875,12202,-,-,-,-
11876,12202,-,-,-,-
11877,12202,-,-,-,-
11878,12202,-,-,-,-
11879,12202,-,-,-,-
11880,12202,-,-,-,-
11881,12202,-,-,-,-
11882,12202,-,-,-,-
11883,12202,-,-,-,-
11884,12202,-,-,-,-
11885,12202,-,-,-,-
11886,12202,-,-,-,-
11887,12202,-,-,-,-
11888,12202,-,-,-,-
11889,12202,-,-,-,-
11890,12202,-,-,-,-
11891,12202,-,-,-,-
11892,12202,-,-,-,-
11893,12202,-,-,-,-
11894,12202,-,-,-,-
11895,12202,-,-,-,-
11896,12202,-,-,-,-
11897,12202,-,-,-,-
11898,12202,-,-,-,-
11899,12202,-,-,-,-
11900,12202,-,-,-,-
11901,12202,-,-,-,-
11902,12202,-,-,-,-
11903,12202,-,-,-,-
11904,12202,-,-,-,-
11905,12202,-,-,-,-
11906,12202,-,-,-,-
11907,12202,-,-,-,-
11908,12202,-,-,-,-
11909,12202,-,-,-,-
11910,12202,-,-,-,-
11911,12202,-,-,-,-
11912,12202,-,-,-,-
11913,12202,-,-,-,-
11914,12202,-,-,-,-
11915,12202,-,-,-,-
11916,12202,-,-,-,-
11917,12202,-,-,-,-
11918,12202,-,-,-,-
11919,12202,-,-,-,-
11920,12202,-,-,-,-
11921,12202,-,-,-,-
11922,12202,-,-,-,-
11923,12202,-,-,-,-
11924,12202,-,-,-,-
11925,12202,-,-,-,-
11926,12202,-,-,-,-
11927,12202,-,-,-,-
11928,12202,-,-,-,-
11929,12202,-,-,-,-
11930,12202,-,-,-,-
11931,12202,-,-,-,-
11932,12202,-,-,-,-
11933,12202,-,-,-,-
11934,12202,-,-,-,-
11935,12202,-,-,-,-
11936,12202,-,-,-,-
11937,12202,-,-,-,-
11938,12202,-,-,-,-
11939,12202,-,-,-,-
11940,12202,-,-,-,-
11941,12202,-,-,-,-
11942,12202,-,-,-,-
11943,12202,-,-,-,-
11944,12202,-,-,-,-
11945,12202,-,-,-,-
11946,12202,-,-,-,-
11947,12202,-,-,-,-
11948,12202,-,-,-,-
11949,12202,-,-,-,-
11950,12202,-,-,-,-
11951,12202,-,-,-,-
11952,12202,-,-,-,-
11953,12202,-,-,-,-
11954,12202,-,-,-,-
11955,12202,-,-,-,-
11956,12202,-,-,-,-
11957,12202,-,-,-,-
11958,12202,-,-,-,-
11959,12202,-,-,-,-
11960,12202,-,-,-,-
11961,12202,-,-,-,-
11962,12202,-,-,-,-
11963,12202,-,-,-,-
11964,12202,-,-,-,-
11965,12202,-,-,-,-
11966,12202,-,-,-,-
11967,12202,-,-,-,-
11968,12202,-,-,-,-
11969,12202,-,-,-,-
11970,12202,-,-,-,-
11971,12202,-,-,-,-
11972,12202,-,-,-,-
11973,12202,-,-,-,-
11974,12202,-,-,-,-
11975,12202,-,-,-,-
11976,12202,-,-,-,-
11977,12202,-,-,-,-
11978,12202,-,-,-,-
11979,12202,-,-,-,-
11980,12202,-,-,-,-
11981,12202,-,-,-,-
11982,12202,-,-,-,-
11983,12202,-,-,-,-
11984,12202,-,-,-,-
11985,12202,-,-,-,-
11986,12202,-,-,-,-
11987,12203,-,-,-,-
11988,12204,-,-,-,-
11989,12205,-,-,-,-
11990,12206,-,-,-,-
11991,12207,-,-,-,-
11992,12208,-,-,-,-
11993,12209,-,-,-,-
11994,12210,-,-,-,-
11995,12211,-,-,-,-
11996,12212,-,-,-,-
11997,12213,-,-,-,-
11998,12214,-,-,-,-
11999,12215,-,-,-,-
12000,12216,-,-,-,-
12001,12217,-,-,-,-
12002,12218,-,-,-,-
12003,12219,-,-,-,-
12004,12220,-,-,-,-
12005,12221,-,-,-,-
12006,12222,-,-,-,-
12007,12223,-,-,-,-
12008,12224,-,-,-,-
12009,12225,-,-,-,-
12010,12226,-,-,-,-
12011,12227,-,-,-,-
12012,12228,-,-,-,-
12013,12229,-,-,-,-
12014,12230,-,-,-,-
12015,12231,-,-,-,-
12016,12232,-,-,-,-
12017,12233,-,-,-,-
12018,12234,-,-,-,-
12019,12235,-,-,-,-
12020,12236,-,-,-,-
12021,12237,-,-,-,-
12022,12238,-,-,-,-
12023,12239,-,-,-,-
12024,12240,-,-,-,-
12025,12241,-,-,-,-
12026,12242,-,-,-,-
12027,12243,-,-,-,-
12028,12244,-,-,-,-
12029,12245,-,-,-,-
12030,12246,-,-,-,-
12031,12247,-,-,-,-
12032,12248,-,-,-,-
12033,12249,-,-,-,-
12034,12250,-,-,-,-
12035,12251,-,-,-,-
12036,12252,-,-,-,-
12037,12253,-,-,-,-
12038,12254,-,-,-,-
12039,12255,-,-,-,-
12040,12256,-,-,-,-
12041,12257,-,-,-,-
12042,12258,-,-,-,-
12043,12259,-,-,-,-
12044,12260,-,-,-,-
12045,12261,-,-,-,-
12046,12262,-,-,-,-
12047,12263,-,-,-,-
12048,12264,-,-,-,-
12049,12265,-,-,-,-
12050,12266,-,-,-,-
12051,12267,-,-,-,-
12052,12268,-,-,-,-
12053,12269,-,-,-,-
12054,12270,-,-,-,-
12055,12271,-,-,-,-
12056,12272,-,-,-,-
12057,12273,-,-,-,-
12058,12274,-,-,-,-
12059,12275,-,-,-,-
12060,12276,-,-,-,-
12061,12277,-,-,-,-
12062,12278,-,-,-,-
12063,12279,-,-,-,-
12064,12280,-,-,-,-
12065,12281,-,-,-,-
12066,12282,-,-,-,-
12067,12283,-,-,-,-
12068,12284,-,-,-,-
12069,12285,-,-,-,-
12070,12286,-,-,-,-
12071,12287,-,-,-,-
12072,12288,-,-,-,-
12073,12289,-,-,-,-
12074,12290,-,-,-,-
12075,12291,-,-,-,-
12076,12292,-,-,-,-
12077,12293,-,-,-,-
12078,12294,-,-,-,-
12079,12295,-,-,-,-
12080,12296,-,-,-,-
12081,12297,-,-,-,-
12082,12298,-,-,-,-
12083,12299,-,-,-,-
12084,12300,-,-,-,-
12085,12301,-,-,-,-
12086,12302,-,-,-,-
12087,12303,-,-,-,-
12088,12304,-,-,-,-
12089,12305,-,-,-,-
12090,12306,-,-,-,-
12091,12307,-,-,-,-
12092,12308,-,-,-,-
12093,12309,-,-,-,-
12094,12310,-,-,-,-
12095,12311,-,-,-,-
12096,12312,-,-,-,-
12097,12313,-,-,-,-
12098,12314,-,-,-,-
12099,12315,-,-,-,-
12100,12316,-,-,-,-
12101,12317,-,-,-,-
12102,12318,-,-,-,-
12103,12319,-,-,-,-
12104,12320,-,-,-,-
12105,12321,-,-,-,-
12106,12322,-,-,-,-
12107,12323,-,-,-,-
12108,12324,-,-,-,-
12109,12324,-,-,-,-
12110,12324,-,-,-,-
12111,12324,-,-,-,-
12112,12324,-,-,-,-
12113,12324,-,-,-,-
12114,12324,-,-,-,-
12115,12324,-,-,-,-
12116,12324,-,-,-,-
12117,12324,-,-,-,-
12118,12324,-,-,-,-
12119,12324,-,-,-,-
12120,12324,-,-,-,-
12121,12324,-,-,-,-
12122,12324,-,-,-,-
12123,12324,-,-,-,-
12124,12324,-,-,-,-
12125,12324,-,-,-,-
12126,12324,-,-,-,-
12127,12324,-,-,-,-
12128,12324,-,-,-,-
12129,12324,-,-,-,-
12130,12324,-,-,-,-
12131,12324,-,-,-,-
12132,12324,-,-,-,-
12133,12324,-,-,-,-
12134,12325,-,-,-,-
12135,12326,-,-,-,-
12136,12326,-,-,-,-
12137,12326,-,-,-,-
12138,12326,-,-,-,-
12139,12326,-,-,-,-
12140,12326,-,-,-,-
12141,12326,-,-,-,-
12142,12326,-,-,-,-
12143,12326,-,-,-,-
12144,12326,-,-,-,-
12145,12326,-,-,-,-
12146,12326,-,-,-,-
12147,12326,-,-,-,-
12148,12326,-,-,-,-
12149,12326,-,-,-,-
12150,12326,-,-,-,-
12151,12326,-,-,-,-
12152,12326,-,-,-,-
12153,12326,-,-,-,-
12154,12326,-,-,-,-
12155,12326,-,-,-,-
12156,12326,-,-,-,-
12157,12326,-,-,-,-
12158,12326,-,-,-,-
12159,12326,-,-,-,-
12160,12326,-,-,-,-
12161,12326,-,-,-,-
12162,12326,-,-,-,-
12163,12326,-,-,-,-
12164,12326,-,-,-,-
12165,12326,-,-,-,-
12166,12326,-,-,-,-
12167,12326,-,-,-,-
12168,12326,-,-,-,-
12169,12326,-,-,-,-
12170,12326,-,-,-,-
12171,12326,-,-,-,-
12172,12326,-,-,-,-
12173,12326,-,-,-,-
12174,12326,-,-,-,-
12175,12326,-,-,-,-
12176,12326,-,-,-,-
12177,12326,-,-,-,-
12178,12326,-,-,-,-
12179,12326,-,-,-,-
12180,12326,-,-,-,-
12181,12326,-,-,-,-
12182,12326,-,-,-,-
12183,12326,-,-,-,-
12184,12326,-,-,-,-
12185,12326,-,-,-,-
12186,12326,-,-,-,-
12187,12326,-,-,-,-
12188,12326,-,-,-,-
12189,12326,-,-,-,-
12190,12326,-,-,-,-
12191,12326,-,-,-,-
12192,12326,-,-,-,-
12193,12326,-,-,-,-
12194,12326,-,-,-,-
12195,12326,-,-,-,-
12196,12326,-,-,-,-
12197,12326,-,-,-,-
12198,12326,-,-,-,-
12199,12326,-,-,-,-
12200,12326,-,-,-,-
12201,12326,-,-,-,-
12202,12326,-,-,-,-
12203,12326,-,-,-,-
12204,12326,-,-,-,-
12205,12326,-,-,-,-
12206,12326,-,-,-,-
12207,12326,-,-,-,-
12208,12326,-,-,-,-
12209,12326,-,-,-,-
12210,12326,-,-,-,-
12211,12326,-,-,-,-
12212,12326,-,-,-,-
12213,12326,-,-,-,-
12214,12326,-,-,-,-
12215,12326,-,-,-,-
12216,12326,-,-,-,-
12217,12326,-,-,-,-
12218,12326,-,-,-,-
12219,12326,-,-,-,-
12220,12326,-,-,-,-
12221,12326,-,-,-,-
12222,12326,-,-,-,-
12223,12326,-,-,-,-
12224,12326,-,-,-,-
12225,12326,-,-,-,-
12226,12326,-,-,-,-
12227,12326,-,-,-,-
12228,12326,-,-,-,-
12229,12326,-,-,-,-
12230,12326,-,-,-,-
12231,12326,-,-,-,-
12232,12326,-,-,-,-
12233,12326,-,-,-,-
12234,12326,-,-,-,-
12235,12326,-,-,-,-
12236,12326,-,-,-,-
12237,12326,-,-,-,-
12238,12326,-,-,-,-
12239,12326,-,-,-,-
12240,12326,-,-,-,-
12241,12326,-,-,-,-
12242,12326,-,-,-,-
12243,12326,-,-,-,-
12244,12326,-,-,-,-
12245,12326,-,-,-,-
12246,12326,-,-,-,-
12247,12326,-,-,-,-
12248,12326,-,-,-,-
12249,12326,-,-,-,-
12250,12326,-,-,-,-
12251,12326,-,-,-,-
12252,12326,-,-,-,-
12253,12326,-,-,-,-
12254,12326,-,-,-,-
12255,12326,-,-,-,-
12256,12326,-,-,-,-
12257,12326,-,-,-,-
12258,12326,-,-,-,-
12259,12326,-,-,-,-
12260,12326,-,-,-,-
12261,12326,-,-,-,-
12262,12326,-,-,-,-
12263,12326,-,-,-,-
12264,12326,-,-,-,-
12265,12326,-,-,-,-
12266,12326,-,-,-,-
12267,12326,-,-,-,-
12268,12326,-,-,-,-
12269,12326,-,-,-,-
12270,12326,-,-,-,-
12271,12326,-,-,-,-
12272,12326,-,-,-,-
12273,12326,-,-,-,-
12274,12326,-,-,-,-
12275,12326,-,-,-,-
12276,12326,-,-,-,-
12277,12326,-,-,-,-
12278,12326,-,-,-,-
12279,12326,-,-,-,-
12280,12326,-,-,-,-
12281,12326,-,-,-,-
12282,12326,-,-,-,-
12283,12326,-,-,-,-
12284,12326,-,-,-,-
12285,12326,-,-,-,-
12286,12326,-,-,-,-
12287,12326,-,-,-,-
12288,12326,-,-,-,-
12289,12326,-,-,-,-
12290,12326,-,-,-,-
12291,12327,-,-,-,-
12292,12328,-,-,-,-
12293,12329,-,-,-,-
12294,12330,-,-,-,-
12295,12331,-,-,-,-
12296,12332,-,-,-,-
12297,12333,-,-,-,-
12298,12334,-,-,-,-
12299,12335,-,-,-,-
12300,12336,-,-,-,-
12301,12337,-,-,-,-
12302,12338,-,-,-,-
12303,12339,-,-,-,-
12304,12340,-,-,-,-
12305,12341,-,-,-,-
12306,12342,-,-,-,-
12307,12343,-,-,-,-
12308,12344,-,-,-,-
12309,12345,-,-,-,-
12310,12346,-,-,-,-
12311,12347,-,-,-,-
12312,12348,-,-,-,-
12313,12349,-,-,-,-
12314,12350,-,-,-,-
12315,12351,-,-,-,-
12316,12352,-,-,-,-
12317,12353,-,-,-,-
12318,12354,-,-,-,-
12319,12355,-,-,-,-
12320,12356,-,-,-,-
12321,12357,-,-,-,-
12322,12358,-,-,-,-
12323,12359,-,-,-,-
12324,12360,-,-,-,-
12325,12361,-,-,-,-
12326,12362,-,-,-,-
12327,12363,-,-,-,-
12328,12364,-,-,-,-
12329,12365,-,-,-,-
12330,12366,-,-,-,-
12331,12367,-,-,-,-
12332,12368,-,-,-,-
12333,12369,-,-,-,-
12334,12370,-,-,-,-
12335,12371,-,-,-,-
12336,12372,-,-,-,-
12337,12373,-,-,-,-
12338,12374,-,-,-,-
12339,12375,-,-,-,-
12340,12376,-,-,-,-
12341,12377,-,-,-,-
12342,12378,-,-,-,-
12343,12379,-,-,-,-
12344,12380,-,-,-,-
12345,12381,-,-,-,-
12346,12382,-,-,-,-
12347,12383,-,-,-,-
12348,12384,-,-,-,-
12349,12385,-,-,-,-
12350,12386,-,-,-,-
12351,12387,-,-,-,-
12352,12388,-,-,-,-
12353,12389,-,-,-,-
12354,12390,-,-,-,-
12355,12391,-,-,-,-
12356,12392,-,-,-,-
12357,12393,-,-,-,-
12358,12394,-,-,-,-
12359,12395,-,-,-,-
12360,12396,-,-,-,-
12361,12397,-,-,-,-
12362,12398,-,-,-,-
12363,12399,-,-,-,-
12364,12400,-,-,-,-
12365,12401,-,-,-,-
12366,12402,-,-,-,-
12367,12403,-,-,-,-
12368,12404,-,-,-,-
12369,12405,-,-,-,-
12370,12406,-,-,-,-
12371,12407,-,-,-,-
12372,12408,-,-,-,-
12373,12409,-,-,-,-
12374,12410,-,-,-,-
12375,12411,-,-,-,-
12376,12412,-,-,-,-
12377,12413,-,-,-,-
12378,12414,-,-,-,-
12379,12415,-,-,-,-
12380,12416,-,-,-,-
12381,12417,-,-,-,-
12382,12418,-,-,-,-
12383,12419,-,-,-,-
12384,12420,-,-,-,-
12385,12421,-,-,-,-
12386,12422,-,-,-,-
12387,12423,-,-,-,-
12388,12424,-,-,-,-
12389,12425,-,-,-,-
12390,12426,-,-,-,-
12391,12427,-,-,-,-
12392,12428,-,-,-,-
12393,12429,-,-,-,-
12394,12430,-,-,-,-
12395,12431,-,-,-,-
12396,12432,-,-,-,-
12397,12433,-,-,-,-
12398,12434,-,-,-,-
12399,12435,-,-,-,-
12399,12436,-,-,-,-
12399,12437,-,-,-,-
12399,12438,-,-,-,-
12399,12439,-,-,-,-
12399,12440,-,-,-,-
12399,12441,-,-,-,-
12399,12442,-,-,-,-
12399,12443,-,-,-,-
12399,12444,-,-,-,-
12399,12445,-,-,-,-
12399,12446,-,-,-,-
12399,12447,-,-,-,-
12399,12448,-,-,-,-
12399,12449,-,-,-,-
12399,12450,-,-,-,-
12399,12451,-,-,-,-
12399,12452,-,-,-,-
12399,12453,-,-,-,-
12399,12454,-,-,-,-
12399,12455,-,-,-,-
12399,12456,-,-,-,-
12399,12457,-,-,-,-
12399,12458,-,-,-,-
12399,12459,-,-,-,-
12399,12460,-,-,-,-
12399,12461,-,-,-,-
12399,12462,-,-,-,-
12399,12463,-,-,-,-
12399,12464,-,-,-,-
12399,12465,-,-,-,-
12399,12466,-,-,-,-
12399,12467,-,-,-,-
12399,12468,-,-,-,-
12399,12469,-,-,-,-
12399,12470,-,-,-,-
12399,12471,-,-,-,-
12400,12472,-,-,-,-
12401,12473,-,-,-,-
12402,12474,-,-,-,-
12403,12475,-,-,-,-
12404,12476,-,-,-,-
12405,12477,-,-,-,-
12406,12477,-,-,-,-
12407,12477,-,-,-,-
12408,12477,-,-,-,-
12409,12477,-,-,-,-
12410,12477,-,-,-,-
12411,12477,-,-,-,-
12412,12477,-,-,-,-
12413,12477,-,-,-,-
12414,12477,-,-,-,-
12415,12477,-,-,-,-
12416,12477,-,-,-,-
12417,12477,-,-,-,-
12418,12477,-,-,-,-
12419,12477,-,-,-,-
12420,12477,-,-,-,-
12421,12477,-,-,-,-
12422,12477,-,-,-,-
12423,12477,-,-,-,-
12424,12477,-,-,-,-
12425,12477,-,-,-,-
12426,12477,-,-,-,-
12427,12477,-,-,-,-
12428,12477,-,-,-,-
12429,12478,-,-,-,-
12430,12479,-,-,-,-
12431,12480,-,-,-,-
12432,12481,-,-,-,-
12433,12482,-,-,-,-
12434,12483,-,-,-,-
12435,12484,-,-,-,-
12436,12485,-,-,-,-
12437,12486,-,-,-,-
12438,12487,-,-,-,-
12439,12488,-,-,-,-
12440,12489,-,-,-,-
12441,12489,-,-,-,-
12442,12489,-,-,-,-
12443,12489,-,-,-,-
12444,12489,-,-,-,-
12445,12489,-,-,-,-
12446,12489,-,-,-,-
12447,12489,-,-,-,-
12448,12489,-,-,-,-
12449,12489,-,-,-,-
12450,12489,-,-,-,-
12451,12489,-,-,-,-
12452,12489,-,-,-,-
12453,12489,-,-,-,-
12454,12489,-,-,-,-
12455,12489,-,-,-,-
12456,12489,-,-,-,-
12457,12489,-,-,-,-
12458,12489,-,-,-,-
12459,12489,-,-,-,-
12460,12489,-,-,-,-
12461,12489,-,-,-,-
12462,12489,-,-,-,-
12463,12489,-,-,-,-
12464,12489,-,-,-,-
12465,12489,-,-,-,-
12466,12489,-,-,-,-
12467,12489,-,-,-,-
12468,12489,-,-,-,-
12469,12489,-,-,-,-
12470,12489,-,-,-,-
12471,12489,-,-,-,-
12472,12489,-,-,-,-
12473,12489,-,-,-,-
12474,12489,-,-,-,-
12475,12489,-,-,-,-
12476,12489,-,-,-,-
12477,12489,-,-,-,-
12478,12489,-,-,-,-
12479,12489,-,-,-,-
12480,12489,-,-,-,-
12481,12489,-,-,-,-
12482,12489,-,-,-,-
12483,12489,-,-,-,-
12484,12489,-,-,-,-
12485,12489,-,-,-,-
12486,12489,-,-,-,-
12487,12489,-,-,-,-
12488,12489,-,-,-,-
12489,12489,-,-,-,-
12490,12489,-,-,-,-
12491,12489,-,-,-,-
12492,12489,-,-,-,-
12493,12489,-,-,-,-
12494,12489,-,-,-,-
12495,12489,-,-,-,-
12496,12489,-,-,-,-
12497,12489,-,-,-,-
12498,12489,-,-,-,-
12499,12489,-,-,-,-
12500,12490,-,-,-,-
12501,12491,-,-,-,-
12502,12492,-,-,-,-
12503,12493,-,-,-,-
12504,12494,-,-,-,-
12505,12495,-,-,-,-
12506,12496,-,-,-,-
12507,12497,-,-,-,-
12508,12498,-,-,-,-
12509,12499,-,-,-,-
12510,12500,-,-,-,-
12511,12501,-,-,-,-
12512,12502,-,-,-,-
12513,12503,-,-,-,-
12514,12504,-,-,-,-
12515,12505,-,-,-,-
12516,12506,-,-,-,-
12517,12507,-,-,-,-
12518,12508,-,-,-,-
12519,12509,-,-,-,-
12520,12510,-,-,-,-
12521,12511,-,-,-,-
12522,12512,-,-,-,-
12523,12513,-,-,-,-
12524,12514,-,-,-,-
12525,12515,-,-,-,-
12526,12516,-,-,-,-
12527,12517,-,-,-,-
12528,12518,-,-,-,-
12529,12519,-,-,-,-
12530,12520,-,-,-,-
12531,12521,-,-,-,-
12532,12522,-,-,-,-
12533,12523,-,-,-,-
12534,12524,-,-,-,-
12535,12525,-,-,-,-
12536,12526,-,-,-,-
12537,12527,-,-,-,-
12538,12528,-,-,-,-
12539,12529,-,-,-,-
12540,12530,-,-,-,-
12541,12531,-,-,-,-
12542,12532,-,-,-,-
12543,12533,-,-,-,-
12544,12534,-,-,-,-
12545,12535,-,-,-,-
12546,12536,-,-,-,-
12547,12537,-,-,-,-
12548,12538,-,-,-,-
12549,12539,-,-,-,-
12550,12540,-,-,-,-
12551,12541,-,-,-,-
12552,12542,-,-,-,-
12553,12543,-,-,-,-
12554,12544,-,-,-,-
12555,12545,-,-,-,-
12556,12546,-,-,-,-
12557,12547,-,-,-,-
12558,12548,-,-,-,-
12559,12549,-,-,-,-
12560,12550,-,-,-,-
12561,12551,-,-,-,-
12562,12552,-,-,-,-
12563,12553,-,-,-,-
12564,12554,-,-,-,-
12565,12555,-,-,-,-
12566,12556,-,-,-,-
12567,12557,-,-,-,-
12568,12558,-,-,-,-
12569,12559,-,-,-,-
12570,12560,-,-,-,-
12571,12561,-,-,-,-
12572,12562,-,-,-,-
12573,12563,-,-,-,-
12574,12564,-,-,-,-
12575,12565,-,-,-,-
12576,12566,-,-,-,-
12577,12567,-,-,-,-
12578,12568,-,-,-,-
12579,12569,-,-,-,-
12580,12570,-,-,-,-
12581,12571,-,-,-,-
12582,12572,-,-,-,-
12583,12573,-,-,-,-
12584,12574,-,-,-,-
12585,12575,-,-,-,-
12586,12576,-,-,-,-
12587,12577,-,-,-,-
12588,12578,-,-,-,-
12589,12579,-,-,-,-
12590,12580,-,-,-,-
12591,12581,-,-,-,-
12592,12582,-,-,-,-
12593,12583,-,-,-,-
12594,12584,-,-,-,-
12595,12585,-,-,-,-
12596,12586,-,-,-,-
12597,12587,-,-,-,-
12598,12588,-,-,-,-
12599,12589,-,-,-,-
12600,12590,-,-,-,-
12601,12591,-,-,-,-
12602,12592,-,-,-,-
12603,12593,-,-,-,-
12604,12594,-,-,-,-
12605,12595,-,-,-,-
12606,12596,-,-,-,-
12607,12597,-,-,-,-
12608,12598,-,-,-,-
12609,12599,-,-,-,-
12610,12600,-,-,-,-
12611,12601,-,-,-,-
12612,12602,-,-,-,-
12613,12603,-,-,-,-
12614,12604,-,-,-,-
12615,12605,-,-,-,-
12616,12606,-,-,-,-
12617,12607,-,-,-,-
12618,12608,-,-,-,-
12619,12609,-,-,-,-
12620,12610,-,-,-,-
12621,12611,-,-,-,-
12622,12612,-,-,-,-
12623,12613,-,-,-,-
12624,12614,-,-,-,-
12625,12615,-,-,-,-
12626,12616,-,-,-,-
12627,12617,-,-,-,-
12628,12618,-,-,-,-
12629,12619,-,-,-,-
12630,12620,-,-,-,-
12631,12621,-,-,-,-
12632,12622,-,-,-,-
12633,12623,-,-,-,-
12634,12624,-,-,-,-
12635,12625,-,-,-,-
12636,12626,-,-,-,-
12637,12627,-,-,-,-
12638,12628,-,-,-,-
12639,12629,-,-,-,-
12640,12630,-,-,-,-
12641,12631,-,-,-,-
12642,12632,-,-,-,-
12643,12633,-,-,-,-
12644,12634,-,-,-,-
12645,12635,-,-,-,-
12646,12636,-,-,-,-
12647,12636,-,-,-,-
12648,12636,-,-,-,-
12649,12636,-,-,-,-
12650,12636,-,-,-,-
12651,12636,-,-,-,-
12652,12636,-,-,-,-
12653,12636,-,-,-,-
12654,12636,-,-,-,-
12655,12636,-,-,-,-
12656,12636,-,-,-,-
12657,12636,-,-,-,-
12658,12636,-,-,-,-
12659,12636,-,-,-,-
12660,12636,-,-,-,-
12661,12636,-,-,-,-
12662,12636,-,-,-,-
12663,12636,-,-,-,-
12664,12636,-,-,-,-
12665,12636,-,-,-,-
12666,12636,-,-,-,-
12667,12636,-,-,-,-
12668,12636,-,-,-,-
12669,12636,-,-,-,-
12670,12636,-,-,-,-
12671,12636,-,-,-,-
12672,12636,-,-,-,-
12673,12636,-,-,-,-
12674,12636,-,-,-,-
12675,12636,-,-,-,-
12676,12636,-,-,-,-
12677,12636,-,-,-,-
12678,12636,-,-,-,-
12679,12636,-,-,-,-
12680,12636,-,-,-,-
12681,12636,-,-,-,-
12682,12636,-,-,-,-
12683,12636,-,-,-,-
12684,12636,-,-,-,-
12685,12636,-,-,-,-
12686,12636,-,-,-,-
12687,12636,-,-,-,-
12688,12636,-,-,-,-
12689,12636,-,-,-,-
12690,12636,-,-,-,-
12691,12636,-,-,-,-
12692,12636,-,-,-,-
12693,12636,-,-,-,-
12694,12636,-,-,-,-
12695,12636,-,-,-,-
12696,12636,-,-,-,-
12697,12636,-,-,-,-
12698,12636,-,-,-,-
12699,12636,-,-,-,-
12700,12636,-,-,-,-
12701,12636,-,-,-,-
12702,12636,-,-,-,-
12703,12636,-,-,-,-
12704,12636,-,-,-,-
12705,12636,-,-,-,-
12706,12636,-,-,-,-
12707,12636,-,-,-,-
12708,12636,-,-,-,-
12709,12636,-,-,-,-
12710,12636,-,-,-,-
12711,12636,-,-,-,-
12712,12636,-,-,-,-
12713,12636,-,-,-,-
12714,12636,-,-,-,-
12715,12636,-,-,-,-
12716,12636,-,-,-,-
12717,12636,-,-,-,-
12718,12636,-,-,-,-
12719,12636,-,-,-,-
12720,12636,-,-,-,-
12721,12636,-,-,-,-
12722,12636,-,-,-,-
12723,12636,-,-,-,-
12724,12636,-,-,-,-
12725,12636,-,-,-,-
12726,12636,-,-,-,-
12727,12636,-,-,-,-
12728,12636,-,-,-,-
12729,12636,-,-,-,-
12730,12636,-,-,-,-
12731,12636,-,-,-,-
12732,12636,-,-,-,-
12733,12636,-,-,-,-
12734,12636,-,-,-,-
12735,12636,-,-,-,-
12736,12636,-,-,-,-
12737,12636,-,-,-,-
12738,12636,-,-,-,-
12739,12636,-,-,-,-
12740,12636,-,-,-,-
12741,12636,-,-,-,-
12742,12636,-,-,-,-
12743,12636,-,-,-,-
12744,12636,-,-,-,-
12745,12636,-,-,-,-
12746,12636,-,-,-,-
12747,12636,-,-,-,-
12748,12636,-,-,-,-
12749,12636,-,-,-,-
12750,12636,-,-,-,-
12751,12636,-,-,-,-
12752,12636,-,-,-,-
12753,12636,-,-,-,-
12754,12636,-,-,-,-
12755,12636,-,-,-,-
12756,12636,-,-,-,-
12757,12636,-,-,-,-
12758,12636,-,-,-,-
12759,12636,-,-,-,-
12760,12636,-,-,-,-
12761,12637,-,-,-,-
12762,12638,-,-,-,-
12763,12639,-,-,-,-
12764,12640,-,-,-,-
12765,12641,-,-,-,-
12766,12642,-,-,-,-
12767,12643,-,-,-,-
12768,12644,-,-,-,-
12769,12645,-,-,-,-
12770,12646,-,-,-,-
12771,12647,-,-,-,-
12772,12648,-,-,-,-
12773,12649,-,-,-,-
12774,12650,-,-,-,-
12775,12651,-,-,-,-
12776,12652,-,-,-,-
12777,12653,-,-,-,-
12778,12654,-,-,-,-
12779,12655,-,-,-,-
12780,12656,-,-,-,-
12781,12657,-,-,-,-
12782,12658,-,-,-,-
12783,12659,-,-,-,-
12784,12660,-,-,-,-
12785,12661,-,-,-,-
12786,12662,-,-,-,-
12787,12663,-,-,-,-
12788,12664,-,-,-,-
12789,12665,-,-,-,-
12790,12666,-,-,-,-
12791,12667,-,-,-,-
12792,12668,-,-,-,-
12793,12669,-,-,-,-
12794,12670,-,-,-,-
12795,12671,-,-,-,-
12796,12672,-,-,-,-
12797,12673,-,-,-,-
12798,12674,-,-,-,-
12799,12675,-,-,-,-
12800,12676,-,-,-,-
12801,12677,-,-,-,-
12802,12678,-,-,-,-
12803,12679,-,-,-,-
12804,12680,-,-,-,-
12805,12681,-,-,-,-
12806,12682,-,-,-,-
12807,12683,-,-,-,-
12808,12684,-,-,-,-
12809,12685,-,-,-,-
12810,12686,-,-,-,-
12811,12687,-,-,-,-
12812,12688,-,-,-,-
12813,12689,-,-,-,-
12814,12690,-,-,-,-
12815,12691,-,-,-,-
12816,12692,-,-,-,-
12817,12693,-,-,-,-
12818,12694,-,-,-,-
12819,12695,-,-,-,-
12820,12696,-,-,-,-
12821,12697,-,-,-,-
12822,12698,-,-,-,-
12823,12699,-,-,-,-
12824,12700,-,-,-,-
12825,12701,-,-,-,-
12826,12702,-,-,-,-
12827,12703,-,-,-,-
12828,12704,-,-,-,-
12829,12705,-,-,-,-
12830,12706,-,-,-,-
12831,12707,-,-,-,-
12832,12708,-,-,-,-
12833,12709,-,-,-,-
12834,12710,-,-,-,-
12835,12711,-,-,-,-
12836,12712,-,-,-,-
12837,12713,-,-,-,-
12838,12714,-,-,-,-
12839,12715,-,-,-,-
12840,12716,-,-,-,-
12841,12717,-,-,-,-
12842,12718,-,-,-,-
12843,12719,-,-,-,-
12844,12720,-,-,-,-
12845,12721,-,-,-,-
12846,12722,-,-,-,-
12847,12723,-,-,-,-
12848,12724,-,-,-,-
12849,12725,-,-,-,-
12850,12726,-,-,-,-
12851,12727,-,-,-,-
12852,12728,-,-,-,-
12853,12729,-,-,-,-
12854,12730,-,-,-,-
12855,12731,-,-,-,-
12856,12732,-,-,-,-
12857,12733,-,-,-,-
12858,12734,-,-,-,-
12859,12735,-,-,-,-
12860,12736,-,-,-,-
12861,12737,-,-,-,-
12862,12738,-,-,-,-
12863,12739,-,-,-,-
12864,12740,-,-,-,-
12865,12741,-,-,-,-
12866,12742,-,-,-,-
12867,12743,-,-,-,-
12868,12744,-,-,-,-
12869,12745,-,-,-,-
12870,12746,-,-,-,-
12871,12747,-,-,-,-
12872,12748,-,-,-,-
12873,12749,-,-,-,-
12874,12750,-,-,-,-
12875,12751,-,-,-,-
12876,12752,-,-,-,-
12877,12753,-,-,-,-
12878,12754,-,-,-,-
12879,12755,-,-,-,-
12880,12756,-,-,-,-
12881,12757,-,-,-,-
12882,12758,-,-,-,-
12883,12759,-,-,-,-
12884,12760,-,-,-,-
12885,12761,-,-,-,-
12886,12762,-,-,-,-
12887,12763,-,-,-,-
12888,12764,-,-,-,-
12889,12765,-,-,-,-
12890,12766,-,-,-,-
12891,12767,-,-,-,-
12892,12768,-,-,-,-
12893,12769,-,-,-,-
12894,12770,-,-,-,-
12895,12771,-,-,-,-
12896,12772,-,-,-,-
12897,12773,-,-,-,-
12898,12774,-,-,-,-
12899,12775,-,-,-,-
12900,12776,-,-,-,-
12901,12777,-,-,-,-
12902,12778,-,-,-,-
12903,12779,-,-,-,-
12904,12780,-,-,-,-
12905,12781,-,-,-,-
12906,12782,-,-,-,-
12907,12783,-,-,-,-
12908,12784,-,-,-,-
12909,12785,-,-,-,-
12910,12786,-,-,-,-
12911,12787,-,-,-,-
12912,12788,-,-,-,-
12913,12789,-,-,-,-
12914,12790,-,-,-,-
12915,12791,-,-,-,-
12916,12792,-,-,-,-
12917,12793,-,-,-,-
12918,12794,-,-,-,-
12919,12795,-,-,-,-
12920,12796,-,-,-,-
12921,12797,-,-,-,-
12922,12798,-,-,-,-
12923,12799,-,-,-,-
12924,12800,-,-,-,-
12925,12801,-,-,-,-
12926,12802,-,-,-,-
12927,12803,-,-,-,-
12928,12804,-,-,-,-
12929,12805,-,-,-,-
12930,12806,-,-,-,-
12931,12807,-,-,-,-
12932,12808,-,-,-,-
12933,12809,-,-,-,-
12934,12810,-,-,-,-
12935,12811,-,-,-,-
12936,12812,-,-,-,-
12937,12813,-,-,-,-
12938,12814,-,-,-,-
12939,12815,-,-,-,-
12940,12816,-,-,-,-
12941,12817,-,-,-,-
12942,12818,-,-,-,-
12943,12819,-,-,-,-
12944,12820,-,-,-,-
12945,12821,-,-,-,-
12946,12822,-,-,-,-
12947,12823,-,-,-,-
12948,12824,-,-,-,-
12949,12825,-,-,-,-
12950,12826,-,-,-,-
12951,12827,-,-,-,-
12952,12828,-,-,-,-
12953,12829,-,-,-,-
12954,12830,-,-,-,-
12955,12831,-,-,-,-
12956,12832,-,-,-,-
12957,12833,-,-,-,-
12958,12834,-,-,-,-
12959,12835,-,-,-,-
12960,12836,-,-,-,-
12961,12837,-,-,-,-
12962,12838,-,-,-,-
12963,12839,-,-,-,-
12964,12840,-,-,-,-
12965,12841,-,-,-,-
12966,12842,-,-,-,-
12967,12843,-,-,-,-
12968,12844,-,-,-,-
12969,12845,-,-,-,-
12970,12846,-,-,-,-
12971,12847,-,-,-,-
12972,12848,-,-,-,-
12973,12849,-,-,-,-
12974,12850,-,-,-,-
12975,12851,-,-,-,-
12976,12852,-,-,-,-
12977,12853,-,-,-,-
12978,12854,-,-,-,-
12979,12855,-,-,-,-
12980,12856,-,-,-,-
12981,12857,-,-,-,-
12982,12858,-,-,-,-
12983,12859,-,-,-,-
12984,12860,-,-,-,-
12985,12861,-,-,-,-
12986,12862,-,-,-,-
12987,12863,-,-,-,-
12988,12863,-,-,-,-
12989,12863,-,-,-,-
12990,12863,-,-,-,-
12991,12863,-,-,-,-
12992,12863,-,-,-,-
12993,12863,-,-,-,-
12994,12863,-,-,-,-
12995,12863,-,-,-,-
12996,12863,-,-,-,-
12997,12863,-,-,-,-
12998,12863,-,-,-,-
12999,12863,-,-,-,-
13000,12863,-,-,-,-
13001,12863,-,-,-,-
13002,12863,-,-,-,-
13003,12863,-,-,-,-
13004,12863,-,-,-,-
13005,12863,-,-,-,-
13006,12863,-,-,-,-
13007,12863,-,-,-,-
13008,12863,-,-,-,-
13009,12863,-,-,-,-
13010,12863,-,-,-,-
13011,12863,-,-,-,-
13012,12863,-,-,-,-
13013,12863,-,-,-,-
13014,12863,-,-,-,-
13015,12863,-,-,-,-
13016,12863,-,-,-,-
13017,12863,-,-,-,-
13018,12863,-,-,-,-
13019,12863,-,-,-,-
13020,12863,-,-,-,-
13021,12863,-,-,-,-
13022,12863,-,-,-,-
13023,12863,-,-,-,-
13024,12863,-,-,-,-
13025,12863,-,-,-,-
13026,12863,-,-,-,-
13027,12863,-,-,-,-
13028,12863,-,-,-,-
13029,12863,-,-,-,-
13030,12863,-,-,-,-
13031,12863,-,-,-,-
13032,12863,-,-,-,-
13033,12863,-,-,-,-
13034,12863,-,-,-,-
13035,12863,-,-,-,-
13036,12863,-,-,-,-
13037,12863,-,-,-,-
13038,12863,-,-,-,-
13039,12863,-,-,-,-
13040,12863,-,-,-,-
13041,12863,-,-,-,-
13042,12863,-,-,-,-
13043,12863,-,-,-,-
13044,12863,-,-,-,-
13045,12863,-,-,-,-
13046,12863,-,-,-,-
13047,12863,-,-,-,-
13048,12863,-,-,-,-
13049,12863,-,-,-,-
13050,12863,-,-,-,-
13051,12863,-,-,-,-
13052,12863,-,-,-,-
13053,12863,-,-,-,-
13054,12863,-,-,-,-
13055,12863,-,-,-,-
13056,12863,-,-,-,-
13057,12863,-,-,-,-
13058,12863,-,-,-,-
13059,12863,-,-,-,-
13060,12863,-,-,-,-
13061,12863,-,-,-,-
13062,12863,-,-,-,-
13063,12863,-,-,-,-
13064,12863,-,-,-,-
13065,12863,-,-,-,-
13066,12863,-,-,-,-
13067,12863,-,-,-,-
13068,12863,-,-,-,-
13069,12863,-,-,-,-
13070,12863,-,-,-,-
13071,12863,-,-,-,-
13072,12863,-,-,-,-
13073,12863,-,-,-,-
13074,12863,-,-,-,-
13075,12863,-,-,-,-
13076,12863,-,-,-,-
13077,12863,-,-,-,-
13078,12863,-,-,-,-
13079,12863,-,-,-,-
13080,12863,-,-,-,-
13081,12863,-,-,-,-
13082,12863,-,-,-,-
13083,12863,-,-,-,-
13084,12863,-,-,-,-
13085,12863,-,-,-,-
13086,12863,-,-,-,-
13087,12863,-,-,-,-
13088,12863,-,-,-,-
13089,12863,-,-,-,-
13090,12863,-,-,-,-
13091,12863,-,-,-,-
13092,12863,-,-,-,-
13093,12863,-,-,-,-
13094,12863,-,-,-,-
13095,12863,-,-,-,-
13096,12863,-,-,-,-
13097,12863,-,-,-,-
13098,12863,-,-,-,-
13099,12863,-,-,-,-
13100,12863,-,-,-,-
13101,12863,-,-,-,-
13102,12863,-,-,-,-
13103,12863,-,-,-,-
13104,12863,-,-,-,-
13105,12863,-,-,-,-
13106,12863,-,-,-,-
13107,12863,-,-,-,-
13108,12863,-,-,-,-
13109,12863,-,-,-,-
13110,12863,-,-,-,-
13111,12863,-,-,-,-
13112,12863,-,-,-,-
13113,12863,-,-,-,-
13114,12863,-,-,-,-
13115,12863,-,-,-,-
13116,12863,-,-,-,-
13117,12863,-,-,-,-
13118,12863,-,-,-,-
13119,12863,-,-,-,-
13120,12863,-,-,-,-
13121,12863,-,-,-,-
13122,12863,-,-,-,-
13123,12863,-,-,-,-
13124,12863,-,-,-,-
13125,12863,-,-,-,-
13126,12863,-,-,-,-
13127,12863,-,-,-,-
13128,12863,-,-,-,-
13129,12863,-,-,-,-
13130,12863,-,-,-,-
13131,12863,-,-,-,-
13132,12863,-,-,-,-
13133,12863,-,-,-,-
13134,12863,-,-,-,-
13135,12863,-,-,-,-
13136,12863,-,-,-,-
13137,12863,-,-,-,-
13138,12863,-,-,-,-
13139,12863,-,-,-,-
13140,12863,-,-,-,-
13141,12863,-,-,-,-
13142,12863,-,-,-,-
13143,12863,-,-,-,-
13144,12863,-,-,-,-
13145,12863,-,-,-,-
13146,12863,-,-,-,-
13147,12863,-,-,-,-
13148,12863,-,-,-,-
13149,12863,-,-,-,-
13150,12863,-,-,-,-
13151,12863,-,-,-,-
13152,12863,-,-,-,-
13153,12863,-,-,-,-
13154,12863,-,-,-,-
13155,12863,-,-,-,-
13156,12863,-,-,-,-
13157,12863,-,-,-,-
13158,12863,-,-,-,-
13159,12863,-,-,-,-
13160,12863,-,-,-,-
13161,12863,-,-,-,-
13162,12863,-,-,-,-
13163,12863,-,-,-,-
13164,12863,-,-,-,-
13165,12863,-,-,-,-
13166,12863,-,-,-,-
13167,12863,-,-,-,-
13168,12863,-,-,-,-
13169,12863,-,-,-,-
13170,12863,-,-,-,-
13171,12863,-,-,-,-
13172,12863,-,-,-,-
13173,12863,-,-,-,-
13174,12863,-,-,-,-
13175,12863,-,-,-,-
13176,12863,-,-,-,-
13177,12863,-,-,-,-
13178,12863,-,-,-,-
13179,12863,-,-,-,-
13180,12863,-,-,-,-
13181,12863,-,-,-,-
13182,12863,-,-,-,-
13183,12863,-,-,-,-
13184,12863,-,-,-,-
13185,12863,-,-,-,-
13186,12863,-,-,-,-
13187,12863,-,-,-,-
13188,12863,-,-,-,-
13189,12863,-,-,-,-
13190,12863,-,-,-,-
13191,12863,-,-,-,-
13192,12863,-,-,-,-
13193,12863,-,-,-,-
13194,12863,-,-,-,-
13195,12863,-,-,-,-
13196,12863,-,-,-,-
13197,12863,-,-,-,-
13198,12863,-,-,-,-
13199,12863,-,-,-,-
13200,12863,-,-,-,-
13201,12863,-,-,-,-
13202,12863,-,-,-,-
13203,12863,-,-,-,-
13204,12863,-,-,-,-
13205,12863,-,-,-,-
13206,12863,-,-,-,-
13207,12863,-,-,-,-
13208,12863,-,-,-,-
13209,12863,-,-,-,-
13210,12863,-,-,-,-
13211,12863,-,-,-,-
13212,12863,-,-,-,-
13213,12863,-,-,-,-
13214,12863,-,-,-,-
13215,12863,-,-,-,-
13216,12863,-,-,-,-
13217,12863,-,-,-,-
13218,12863,-,-,-,-
13219,12863,-,-,-,-
13220,12863,-,-,-,-
13221,12863,-,-,-,-
13222,12863,-,-,-,-
13223,12863,-,-,-,-
13224,12863,-,-,-,-
13225,12863,-,-,-,-
13226,12863,-,-,-,-
13227,12863,-,-,-,-
13228,12863,-,-,-,-
13229,12863,-,-,-,-
13230,12863,-,-,-,-
13231,12863,-,-,-,-
13232,12863,-,-,-,-
13233,12863,-,-,-,-
13234,12863,-,-,-,-
13235,12863,-,-,-,-
13236,12863,-,-,-,-
13237,12863,-,-,-,-
13238,12863,-,-,-,-
13239,12863,-,-,-,-
13240,12863,-,-,-,-
13241,12863,-,-,-,-
13242,12863,-,-,-,-
13243,12863,-,-,-,-
13244,12863,-,-,-,-
13245,12863,-,-,-,-
13246,12863,-,-,-,-
13247,12863,-,-,-,-
13248,12863,-,-,-,-
13249,12863,-,-,-,-
13250,12863,-,-,-,-
13251,12863,-,-,-,-
13252,12863,-,-,-,-
13253,12863,-,-,-,-
13254,12863,-,-,-,-
13255,12863,-,-,-,-
13256,12863,-,-,-,-
13257,12863,-,-,-,-
13258,12863,-,-,-,-
13259,12863,-,-,-,-
13260,12863,-,-,-,-
13261,12863,-,-,-,-
13262,12863,-,-,-,-
13263,12863,-,-,-,-
13264,12863,-,-,-,-
13265,12863,-,-,-,-
13266,12863,-,-,-,-
13267,12863,-,-,-,-
13268,12863,-,-,-,-
13269,12863,-,-,-,-
13270,12863,-,-,-,-
13271,12863,-,-,-,-
13272,12863,-,-,-,-
13273,12863,-,-,-,-
13274,12863,-,-,-,-
13275,12863,-,-,-,-
13276,12863,-,-,-,-
13277,12863,-,-,-,-
13278,12863,-,-,-,-
13279,12863,-,-,-,-
13280,12863,-,-,-,-
13281,12863,-,-,-,-
13282,12863,-,-,-,-
13283,12863,-,-,-,-
13284,12863,-,-,-,-
13285,12863,-,-,-,-
13286,12863,-,-,-,-
13287,12863,-,-,-,-
13288,12863,-,-,-,-
13289,12863,-,-,-,-
13290,12863,-,-,-,-
13291,12863,-,-,-,-
13292,12863,-,-,-,-
13293,12863,-,-,-,-
13294,12863,-,-,-,-
13295,12863,-,-,-,-
13296,12863,-,-,-,-
13297,12863,-,-,-,-
13298,12863,-,-,-,-
13299,12863,-,-,-,-
13300,12863,-,-,-,-
13301,12863,-,-,-,-
13302,12863,-,-,-,-
13303,12863,-,-,-,-
13304,12863,-,-,-,-
13305,12863,-,-,-,-
13306,12863,-,-,-,-
13307,12863,-,-,-,-
13308,12863,-,-,-,-
13309,12863,-,-,-,-
13310,12863,-,-,-,-
13311,12863,-,-,-,-
13312,12863,-,-,-,-
13313,12863,-,-,-,-
13314,12863,-,-,-,-
13315,12863,-,-,-,-
13316,12863,-,-,-,-
13317,12863,-,-,-,-
13318,12863,-,-,-,-
13319,12863,-,-,-,-
13320,12863,-,-,-,-
13321,12863,-,-,-,-
13322,12863,-,-,-,-
13323,12863,-,-,-,-
13324,12863,-,-,-,-
13325,12863,-,-,-,-
13326,12863,-,-,-,-
13327,12863,-,-,-,-
13328,12863,-,-,-,-
13329,12863,-,-,-,-
13330,12863,-,-,-,-
13331,12863,-,-,-,-
13332,12863,-,-,-,-
13333,12863,-,-,-,-
13334,12863,-,-,-,-
13335,12863,-,-,-,-
13336,12863,-,-,-,-
13337,12863,-,-,-,-
13338,12863,-,-,-,-
13339,12863,-,-,-,-
13340,12863,-,-,-,-
13341,12863,-,-,-,-
13342,12863,-,-,-,-
13343,12863,-,-,-,-
13344,12863,-,-,-,-
13345,12863,-,-,-,-
13346,12863,-,-,-,-
13347,12863,-,-,-,-
13348,12863,-,-,-,-
13349,12863,-,-,-,-
13350,12863,-,-,-,-
13351,12863,-,-,-,-
13352,12863,-,-,-,-
13353,12863,-,-,-,-
13354,12863,-,-,-,-
13355,12863,-,-,-,-
13356,12863,-,-,-,-
13357,12863,-,-,-,-
13358,12863,-,-,-,-
13359,12863,-,-,-,-
13360,12863,-,-,-,-
13361,12863,-,-,-,-
13362,12863,-,-,-,-
13363,12863,-,-,-,-
13364,12863,-,-,-,-
13365,12863,-,-,-,-
13366,12863,-,-,-,-
13367,12863,-,-,-,-
13368,12863,-,-,-,-
13369,12863,-,-,-,-
13370,12863,-,-,-,-
13371,12863,-,-,-,-
13372,12863,-,-,-,-
13373,12863,-,-,-,-
13374,12863,-,-,-,-
13375,12863,-,-,-,-
13376,12863,-,-,-,-
13377,12863,-,-,-,-
13378,12863,-,-,-,-
13379,12863,-,-,-,-
13380,12863,-,-,-,-
13381,12863,-,-,-,-
13382,12863,-,-,-,-
13383,12863,-,-,-,-
13384,12863,-,-,-,-
13385,12863,-,-,-,-
13386,12863,-,-,-,-
13387,12863,-,-,-,-
13388,12863,-,-,-,-
13389,12863,-,-,-,-
13390,12863,-,-,-,-
13391,12863,-,-,-,-
13392,12863,-,-,-,-
13393,12863,-,-,-,-
13394,12863,-,-,-,-
13395,12863,-,-,-,-
13396,12863,-,-,-,-
13397,12863,-,-,-,-
13398,12863,-,-,-,-
13399,12863,-,-,-,-
13400,12863,-,-,-,-
13401,12863,-,-,-,-
13402,12863,-,-,-,-
13403,12863,-,-,-,-
13404,12863,-,-,-,-
13405,12863,-,-,-,-
13406,12863,-,-,-,-
13407,12863,-,-,-,-
13408,12863,-,-,-,-
13409,12863,-,-,-,-
13410,12863,-,-,-,-
13411,12863,-,-,-,-
13412,12863,-,-,-,-
13413,12863,-,-,-,-
13414,12863,-,-,-,-
13415,12863,-,-,-,-
13416,12863,-,-,-,-
13417,12863,-,-,-,-
13418,12863,-,-,-,-
13419,12863,-,-,-,-
13420,12863,-,-,-,-
13421,12863,-,-,-,-
13422,12863,-,-,-,-
13423,12863,-,-,-,-
13424,12863,-,-,-,-
13425,12863,-,-,-,-
13426,12863,-,-,-,-
13427,12863,-,-,-,-
13428,12863,-,-,-,-
13429,12863,-,-,-,-
13430,12863,-,-,-,-
13431,12863,-,-,-,-
13432,12864,-,-,-,-
13433,12865,-,-,-,-
13434,12866,-,-,-,-
13435,12866,-,-,-,-
13436,12866,-,-,-,-
13437,12866,-,-,-,-
13438,12866,-,-,-,-
13439,12866,-,-,-,-
13440,12866,-,-,-,-
13441,12866,-,-,-,-
13442,12866,-,-,-,-
13443,12866,-,-,-,-
13444,12866,-,-,-,-
13445,12866,-,-,-,-
13446,12866,-,-,-,-
13447,12866,-,-,-,-
13448,12866,-,-,-,-
13449,12866,-,-,-,-
13450,12866,-,-,-,-
13451,12866,-,-,-,-
13452,12866,-,-,-,-
13453,12866,-,-,-,-
13454,12866,-,-,-,-
13455,12866,-,-,-,-
13456,12866,-,-,-,-
13457,12866,-,-,-,-
13458,12866,-,-,-,-
13459,12866,-,-,-,-
13460,12866,-,-,-,-
13461,12866,-,-,-,-
13462,12866,-,-,-,-
13463,12866,-,-,-,-
13464,12866,-,-,-,-
13465,12866,-,-,-,-
13466,12866,-,-,-,-
13467,12866,-,-,-,-
13468,12866,-,-,-,-
13469,12866,-,-,-,-
13470,12866,-,-,-,-
13471,12866,-,-,-,-
13472,12866,-,-,-,-
13473,12866,-,-,-,-
13474,12866,-,-,-,-
13475,12866,-,-,-,-
13476,12866,-,-,-,-
13477,12866,-,-,-,-
13478,12866,-,-,-,-
13479,12866,-,-,-,-
13480,12866,-,-,-,-
13481,12866,-,-,-,-
13482,12866,-,-,-,-
13483,12866,-,-,-,-
13484,12866,-,-,-,-
13485,12866,-,-,-,-
13486,12866,-,-,-,-
13487,12867,-,-,-,-
13488,12868,-,-,-,-
13489,12869,-,-,-,-
13490,12870,-,-,-,-
13491,12871,-,-,-,-
13492,12872,-,-,-,-
13493,12873,-,-,-,-
13494,12874,-,-,-,-
13495,12875,-,-,-,-
13496,12876,-,-,-,-
13497,12877,-,-,-,-
13498,12878,-,-,-,-
13499,12879,-,-,-,-
13500,12880,-,-,-,-
13501,12881,-,-,-,-
13502,12882,-,-,-,-
13503,12883,-,-,-,-
13504,12884,-,-,-,-
13505,12885,-,-,-,-
13506,12886,-,-,-,-
13507,12887,-,-,-,-
13508,12888,-,-,-,-
13509,12889,-,-,-,-
13510,12890,-,-,-,-
13511,12891,-,-,-,-
13512,12892,-,-,-,-
13513,12893,-,-,-,-
13514,12894,-,-,-,-
13515,12895,-,-,-,-
13516,12896,-,-,-,-
13517,12897,-,-,-,-
13518,12898,-,-,-,-
13519,12899,-,-,-,-
13520,12900,-,-,-,-
13521,12901,-,-,-,-
13522,12902,-,-,-,-
13523,12903,-,-,-,-
13524,12904,-,-,-,-
13525,12905,-,-,-,-
13526,12906,-,-,-,-
13527,12907,-,-,-,-
13528,12908,-,-,-,-
13529,12909,-,-,-,-
13530,12910,-,-,-,-
13531,12911,-,-,-,-
13532,12912,-,-,-,-
13533,12913,-,-,-,-
13534,12914,-,-,-,-
13535,12915,-,-,-,-
13536,12916,-,-,-,-
13537,12917,-,-,-,-
13538,12918,-,-,-,-
13539,12919,-,-,-,-
13540,12920,-,-,-,-
13541,12921,-,-,-,-
13542,12922,-,-,-,-
13543,12923,-,-,-,-
13544,12924,-,-,-,-
13545,12925,-,-,-,-
13546,12926,-,-,-,-
13547,12927,-,-,-,-
13548,12928,-,-,-,-
13549,12929,-,-,-,-
13550,12930,-,-,-,-
13551,12931,-,-,-,-
13552,12932,-,-,-,-
13553,12933,-,-,-,-
13554,12934,-,-,-,-
13555,12935,-,-,-,-
13556,12936,-,-,-,-
13557,12937,-,-,-,-
13558,12938,-,-,-,-
13559,12939,-,-,-,-
13560,12940,-,-,-,-
13561,12941,-,-,-,-
13562,12942,-,-,-,-
13563,12943,-,-,-,-
13564,12944,-,-,-,-
13565,12945,-,-,-,-
13566,12946,-,-,-,-
13567,12947,-,-,-,-
13568,12948,-,-,-,-
13569,12949,-,-,-,-
13570,12950,-,-,-,-
13571,12951,-,-,-,-
13572,12952,-,-,-,-
13573,12953,-,-,-,-
13574,12954,-,-,-,-
13575,12955,-,-,-,-
13576,12956,-,-,-,-
13577,12957,-,-,-,-
13578,12958,-,-,-,-
13579,12959,-,-,-,-
13580,12960,-,-,-,-
13581,12961,-,-,-,-
13582,12962,-,-,-,-
13583,12963,-,-,-,-
13584,12964,-,-,-,-
13585,12965,-,-,-,-
13586,12966,-,-,-,-
13587,12967,-,-,-,-
13588,12968,-,-,-,-
13589,12969,-,-,-,-
13590,12970,-,-,-,-
13591,12971,-,-,-,-
13592,12972,-,-,-,-
13593,12973,-,-,-,-
13594,12974,-,-,-,-
13595,12975,-,-,-,-
13596,12976,-,-,-,-
13597,12977,-,-,-,-
13598,12978,-,-,-,-
13599,12979,-,-,-,-
13600,12980,-,-,-,-
13601,12981,-,-,-,-
13602,12982,-,-,-,-
13603,12983,-,-,-,-
13604,12984,-,-,-,-
13605,12985,-,-,-,-
13606,12986,-,-,-,-
13607,12987,-,-,-,-
13608,12988,-,-,-,-
13609,12989,-,-,-,-
13610,12990,-,-,-,-
13611,12991,-,-,-,-
13612,12992,-,-,-,-
13613,12993,-,-,-,-
13614,12994,-,-,-,-
13615,12995,-,-,-,-
13616,12996,-,-,-,-
13617,12997,-,-,-,-
13618,12998,-,-,-,-
13619,12999,-,-,-,-
13620,13000,-,-,-,-
13621,13001,-,-,-,-
13622,13002,-,-,-,-
13623,13003,-,-,-,-
13624,13004,-,-,-,-
13625,13005,-,-,-,-
13626,13006,-,-,-,-
13627,13007,-,-,-,-
13628,13008,-,-,-,-
13629,13009,-,-,-,-
13630,13010,-,-,-,-
13631,13011,-,-,-,-
13632,13012,-,-,-,-
13633,13013,-,-,-,-
13634,13014,-,-,-,-
13635,13015,-,-,-,-
13636,13016,-,-,-,-
13637,13017,-,-,-,-
13638,13018,-,-,-,-
13639,13019,-,-,-,-
13640,13020,-,-,-,-
13641,13021,-,-,-,-
13642,13022,-,-,-,-
13643,13023,-,-,-,-
13644,13024,-,-,-,-
13645,13025,-,-,-,-
13646,13026,-,-,-,-
13647,13027,-,-,-,-
13648,13028,-,-,-,-
13649,13029,-,-,-,-
13650,13030,-,-,-,-
13651,13031,-,-,-,-
13652,13032,-,-,-,-
13653,13033,-,-,-,-
13654,13034,-,-,-,-
13655,13035,-,-,-,-
13656,13036,-,-,-,-
13657,13037,-,-,-,-
13658,13038,-,-,-,-
13659,13039,-,-,-,-
13660,13040,-,-,-,-
13661,13041,-,-,-,-
13662,13042,-,-,-,-
13663,13043,-,-,-,-
13664,13044,-,-,-,-
13665,13045,-,-,-,-
13666,13046,-,-,-,-
13667,13047,-,-,-,-
13668,13048,-,-,-,-
13669,13049,-,-,-,-
13670,13050,-,-,-,-
13671,13051,-,-,-,-
13672,13052,-,-,-,-
13673,13053,-,-,-,-
13674,13054,-,-,-,-
13675,13055,-,-,-,-
13676,13056,-,-,-,-
13677,13057,-,-,-,-
13678,13058,-,-,-,-
13679,13059,-,-,-,-
13680,13060,-,-,-,-
13681,13061,-,-,-,-
13682,13062,-,-,-,-
13683,13063,-,-,-,-
13684,13064,-,-,-,-
13685,13065,-,-,-,-
13686,13066,-,-,-,-
13687,13067,-,-,-,-
13688,13068,-,-,-,-
13689,13069,-,-,-,-
13690,13070,-,-,-,-
13691,13071,-,-,-,-
13692,13072,-,-,-,-
13693,13073,-,-,-,-
13694,13074,-,-,-,-
13695,13075,-,-,-,-
13696,13076,-,-,-,-
13697,13077,-,-,-,-
13698,13078,-,-,-,-
13699,13079,-,-,-,-
13700,13080,-,-,-,-
13701,13081,-,-,-,-
13702,13082,-,-,-,-
13703,13083,-,-,-,-
13704,13084,-,-,-,-
13705,13085,-,-,-,-
13706,13086,-,-,-,-
13707,13087,-,-,-,-
13708,13088,-,-,-,-
13709,13089,-,-,-,-
13710,13090,-,-,-,-
13711,13091,-,-,-,-
13712,13092,-,-,-,-
13713,13093,-,-,-,-
13714,13094,-,-,-,-
13715,13095,-,-,-,-
13716,13096,-,-,-,-
13717,13097,-,-,-,-
13718,13098,-,-,-,-
13719,13099,-,-,-,-
13720,13100,-,-,-,-
13721,13101,-,-,-,-
13722,13102,-,-,-,-
13723,13103,-,-,-,-
13724,13104,-,-,-,-
13725,13105,-,-,-,-
13726,13106,-,-,-,-
13727,13107,-,-,-,-
13728,13108,-,-,-,-
13729,13109,-,-,-,-
13730,13110,-,-,-,-
13731,13111,-,-,-,-
13732,13112,-,-,-,-
13733,13113,-,-,-,-
13734,13114,-,-,-,-
13735,13115,-,-,-,-
13736,13116,-,-,-,-
13737,13117,-,-,-,-
13738,13118,-,-,-,-
13739,13119,-,-,-,-
13740,13120,-,-,-,-
13741,13121,-,-,-,-
13742,13122,-,-,-,-
13743,13123,-,-,-,-
13744,13124,-,-,-,-
13745,13125,-,-,-,-
13746,13126,-,-,-,-
13747,13127,-,-,-,-
13748,13128,-,-,-,-
13749,13129,-,-,-,-
13750,13130,-,-,-,-
13751,13131,-,-,-,-
13752,13132,-,-,-,-
13753,13133,-,-,-,-
13754,13134,-,-,-,-
13755,13135,-,-,-,-
13756,13136,-,-,-,-
13757,13137,-,-,-,-
13758,13138,-,-,-,-
13759,13139,-,-,-,-
13760,13140,-,-,-,-
13761,13141,-,-,-,-
13762,13142,-,-,-,-
13763,13143,-,-,-,-
13764,13144,-,-,-,-
13765,13145,-,-,-,-
13766,13146,-,-,-,-
13767,13147,-,-,-,-
13768,13148,-,-,-,-
13769,13149,-,-,-,-
13770,13150,-,-,-,-
13771,13151,-,-,-,-
13772,13152,-,-,-,-
13773,13153,-,-,-,-
13774,13154,-,-,-,-
13775,13155,-,-,-,-
13776,13156,-,-,-,-
13777,13157,-,-,-,-
13778,13158,-,-,-,-
13779,13159,-,-,-,-
13780,13160,-,-,-,-
13781,13161,-,-,-,-
13782,13162,-,-,-,-
13783,13163,-,-,-,-
13784,13164,-,-,-,-
13785,13165,-,-,-,-
13786,13166,-,-,-,-
13787,13167,-,-,-,-
13788,13168,-,-,-,-
13789,13169,-,-,-,-
13790,13170,-,-,-,-
13791,13171,-,-,-,-
13792,13172,-,-,-,-
13793,13173,-,-,-,-
13794,13174,-,-,-,-
13795,13175,-,-,-,-
13796,13176,-,-,-,-
13797,13177,-,-,-,-
13798,13178,-,-,-,-
13799,13179,-,-,-,-
13800,13180,-,-,-,-
13801,13181,-,-,-,-
13802,13182,-,-,-,-
13803,13183,-,-,-,-
13804,13184,-,-,-,-
13805,13185,-,-,-,-
13806,13186,-,-,-,-
13807,13187,-,-,-,-
13808,13188,-,-,-,-
13809,13189,-,-,-,-
13810,13190,-,-,-,-
13811,13191,-,-,-,-
13812,13192,-,-,-,-
13813,13193,-,-,-,-
13814,13194,-,-,-,-
13815,13195,-,-,-,-
13816,13196,-,-,-,-
13817,13197,-,-,-,-
13818,13198,-,-,-,-
13819,13199,-,-,-,-
13820,13200,-,-,-,-
13821,13201,-,-,-,-
13822,13202,-,-,-,-
13823,13203,-,-,-,-
13824,13204,-,-,-,-
13825,13205,-,-,-,-
13826,13206,-,-,-,-
13827,13207,-,-,-,-
13828,13208,-,-,-,-
13829,13209,-,-,-,-
13830,13210,-,-,-,-
13831,13211,-,-,-,-
13832,13212,-,-,-,-
13833,13213,-,-,-,-
13834,13214,-,-,-,-
13835,13215,-,-,-,-
13836,13216,-,-,-,-
13837,13217,-,-,-,-
13838,13218,-,-,-,-
13839,13219,-,-,-,-
13840,13220,-,-,-,-
13840,13221,-,-,-,-
13840,13222,-,-,-,-
13840,13223,-,-,-,-
13840,13224,-,-,-,-
13840,13225,-,-,-,-
13840,13226,-,-,-,-
13840,13227,-,-,-,-
13840,13228,-,-,-,-
13840,13229,-,-,-,-
13840,13230,-,-,-,-
13840,13231,-,-,-,-
13840,13232,-,-,-,-
13840,13233,-,-,-,-
13840,13234,-,-,-,-
13840,13235,-,-,-,-
13840,13236,-,-,-,-
13840,13237,-,-,-,-
13840,13238,-,-,-,-
13840,13239,-,-,-,-
13840,13240,-,-,-,-
13840,13241,-,-,-,-
13840,13242,-,-,-,-
13840,13243,-,-,-,-
13840,13244,-,-,-,-
13840,13245,-,-,-,-
13840,13246,-,-,-,-
13840,13247,-,-,-,-
13840,13248,-,-,-,-
13840,13249,-,-,-,-
13840,13250,-,-,-,-
13840,13251,-,-,-,-
13840,13252,-,-,-,-
13840,13253,-,-,-,-
13840,13254,-,-,-,-
13840,13255,-,-,-,-
13840,13256,-,-,-,-
13840,13257,-,-,-,-
13840,13258,-,-,-,-
13840,13259,-,-,-,-
13840,13260,-,-,-,-
13840,13261,-,-,-,-
13840,13262,-,-,-,-
13840,13263,-,-,-,-
13840,13264,-,-,-,-
13840,13265,-,-,-,-
13840,13266,-,-,-,-
13840,13267,-,-,-,-
13840,13268,-,-,-,-
13840,13269,-,-,-,-
13840,13270,-,-,-,-
13840,13271,-,-,-,-
13840,13272,-,-,-,-
13840,13273,-,-,-,-
13840,13274,-,-,-,-
13840,13275,-,-,-,-
13840,13276,-,-,-,-
13840,13277,-,-,-,-
13840,13278,-,-,-,-
13840,13279,-,-,-,-
13840,13280,-,-,-,-
13840,13281,-,-,-,-
13840,13282,-,-,-,-
13840,13283,-,-,-,-
13840,13284,-,-,-,-
13840,13285,-,-,-,-
13840,13286,-,-,-,-
13840,13287,-,-,-,-
13840,13288,-,-,-,-
13840,13289,-,-,-,-
13840,13290,-,-,-,-
13840,13291,-,-,-,-
13840,13292,-,-,-,-
13840,13293,-,-,-,-
13840,13294,-,-,-,-
13840,13295,-,-,-,-
13840,13296,-,-,-,-
13840,13297,-,-,-,-
13840,13298,-,-,-,-
13840,13299,-,-,-,-
13840,13300,-,-,-,-
13840,13301,-,-,-,-
13840,13302,-,-,-,-
13840,13303,-,-,-,-
13840,13304,-,-,-,-
13840,13305,-,-,-,-
13840,13306,-,-,-,-
13840,13307,-,-,-,-
13840,13308,-,-,-,-
13840,13309,-,-,-,-
13840,13310,-,-,-,-
13840,13311,-,-,-,-
13840,13312,-,-,-,-
13840,13313,-,-,-,-
13840,13314,-,-,-,-
13840,13315,-,-,-,-
13840,13316,-,-,-,-
13840,13317,-,-,-,-
13840,13318,-,-,-,-
13840,13319,-,-,-,-
13840,13320,-,-,-,-
13840,13321,-,-,-,-
13840,13322,-,-,-,-
13840,13323,-,-,-,-
13840,13324,-,-,-,-
13840,13325,-,-,-,-
13840,13326,-,-,-,-
13840,13327,-,-,-,-
13840,13328,-,-,-,-
13840,13329,-,-,-,-
13840,13330,-,-,-,-
13840,13331,-,-,-,-
13840,13332,-,-,-,-
13840,13333,-,-,-,-
13840,13334,-,-,-,-
13840,13335,-,-,-,-
13840,13336,-,-,-,-
13840,13337,-,-,-,-
13840,13338,-,-,-,-
13840,13339,-,-,-,-
13840,13340,-,-,-,-
13840,13341,-,-,-,-
13840,13342,-,-,-,-
13840,13343,-,-,-,-
13840,13344,-,-,-,-
13840,13345,-,-,-,-
13840,13346,-,-,-,-
13840,13347,-,-,-,-
13840,13348,-,-,-,-
13840,13349,-,-,-,-
13840,13350,-,-,-,-
13840,13351,-,-,-,-
13840,13352,-,-,-,-
13840,13353,-,-,-,-
13840,13354,-,-,-,-
13840,13355,-,-,-,-
13840,13356,-,-,-,-
13840,13357,-,-,-,-
13840,13358,-,-,-,-
13840,13359,-,-,-,-
13840,13360,-,-,-,-
13840,13361,-,-,-,-
13840,13362,-,-,-,-
13840,13363,-,-,-,-
13840,13364,-,-,-,-
13840,13365,-,-,-,-
13840,13366,-,-,-,-
13840,13367,-,-,-,-
13840,13368,-,-,-,-
13840,13369,-,-,-,-
13840,13370,-,-,-,-
13840,13371,-,-,-,-
13840,13372,-,-,-,-
13840,13373,-,-,-,-
13840,13374,-,-,-,-
13840,13375,-,-,-,-
13840,13376,-,-,-,-
13840,13377,-,-,-,-
13840,13378,-,-,-,-
13840,13379,-,-,-,-
13840,13380,-,-,-,-
13840,13381,-,-,-,-
13840,13382,-,-,-,-
13840,13383,-,-,-,-
13840,13384,-,-,-,-
13840,13385,-,-,-,-
13840,13386,-,-,-,-
13840,13387,-,-,-,-
13840,13388,-,-,-,-
13840,13389,-,-,-,-
13840,13390,-,-,-,-
13840,13391,-,-,-,-
13840,13392,-,-,-,-
13840,13393,-,-,-,-
13840,13394,-,-,-,-
13840,13395,-,-,-,-
13840,13396,-,-,-,-
13840,13397,-,-,-,-
13840,13398,-,-,-,-
13840,13399,-,-,-,-
13840,13400,-,-,-,-
13840,13401,-,-,-,-
13840,13402,-,-,-,-
13840,13403,-,-,-,-
13840,13404,-,-,-,-
13840,13405,-,-,-,-
13840,13406,-,-,-,-
13840,13407,-,-,-,-
13840,13408,-,-,-,-
13840,13409,-,-,-,-
13840,13410,-,-,-,-
13840,13411,-,-,-,-
13840,13412,-,-,-,-
13840,13413,-,-,-,-
13840,13414,-,-,-,-
13840,13415,-,-,-,-
13840,13416,-,-,-,-
13840,13417,-,-,-,-
13840,13418,-,-,-,-
13840,13419,-,-,-,-
13840,13420,-,-,-,-
13840,13421,-,-,-,-
13840,13422,-,-,-,-
13840,13423,-,-,-,-
13840,13424,-,-,-,-
13840,13425,-,-,-,-
13840,13426,-,-,-,-
13840,13427,-,-,-,-
13840,13428,-,-,-,-
13840,13429,-,-,-,-
13840,13430,-,-,-,-
13840,13431,-,-,-,-
13840,13432,-,-,-,-
13840,13433,-,-,-,-
13840,13434,-,-,-,-
13840,13435,-,-,-,-
13840,13436,-,-,-,-
13840,13437,-,-,-,-
13840,13438,-,-,-,-
13840,13439,-,-,-,-
13840,13440,-,-,-,-
13840,13441,-,-,-,-
13840,13442,-,-,-,-
13840,13443,-,-,-,-
13840,13444,-,-,-,-
13840,13445,-,-,-,-
13840,13446,-,-,-,-
13840,13447,-,-,-,-
13840,13448,-,-,-,-
13840,13449,-,-,-,-
13840,13450,-,-,-,-
13840,13451,-,-,-,-
13840,13452,-,-,-,-
13840,13453,-,-,-,-
13840,13454,-,-,-,-
13840,13455,-,-,-,-
13840,13456,-,-,-,-
13840,13457,-,-,-,-
13840,13458,-,-,-,-
13840,13459,-,-,-,-
13840,13460,-,-,-,-
13840,13461,-,-,-,-
13840,13462,-,-,-,-
13840,13463,-,-,-,-
13840,13464,-,-,-,-
13840,13465,-,-,-,-
13840,13466,-,-,-,-
13840,13467,-,-,-,-
13840,13468,-,-,-,-
13840,13469,-,-,-,-
13840,13470,-,-,-,-
13840,13471,-,-,-,-
13840,13472,-,-,-,-
13840,13473,-,-,-,-
13840,13474,-,-,-,-
13840,13475,-,-,-,-
13840,13476,-,-,-,-
13840,13477,-,-,-,-
13840,13478,-,-,-,-
13840,13479,-,-,-,-
13840,13480,-,-,-,-
13840,13481,-,-,-,-
13840,13482,-,-,-,-
13840,13483,-,-,-,-
13840,13484,-,-,-,-
13840,13485,-,-,-,-
13840,13486,-,-,-,-
13840,13487,-,-,-,-
13840,13488,-,-,-,-
13840,13489,-,-,-,-
13840,13490,-,-,-,-
13840,13491,-,-,-,-
13840,13492,-,-,-,-
13840,13493,-,-,-,-
13840,13494,-,-,-,-
13840,13495,-,-,-,-
13840,13496,-,-,-,-
13840,13497,-,-,-,-
13840,13498,-,-,-,-
13840,13499,-,-,-,-
13840,13500,-,-,-,-
13840,13501,-,-,-,-
13840,13502,-,-,-,-
13840,13503,-,-,-,-
13840,13504,-,-,-,-
13840,13505,-,-,-,-
13840,13506,-,-,-,-
13840,13507,-,-,-,-
13840,13508,-,-,-,-
13840,13509,-,-,-,-
13840,13510,-,-,-,-
13840,13511,-,-,-,-
13840,13512,-,-,-,-
13840,13513,-,-,-,-
13841,13514,-,-,-,-
13842,13515,-,-,-,-
13843,13516,-,-,-,-
13844,13517,-,-,-,-
13845,13518,-,-,-,-
13846,13519,-,-,-,-
13847,13520,-,-,-,-
13848,13521,-,-,-,-
13849,13522,-,-,-,-
13850,13523,-,-,-,-
13851,13524,-,-,-,-
13852,13525,-,-,-,-
13853,13526,-,-,-,-
13854,13527,-,-,-,-
13855,13528,-,-,-,-
13856,13529,-,-,-,-
13857,13530,-,-,-,-
13858,13531,-,-,-,-
13859,13532,-,-,-,-
13860,13533,-,-,-,-
13861,13534,-,-,-,-
13862,13535,-,-,-,-
13863,13536,-,-,-,-
13864,13537,-,-,-,-
13865,13538,-,-,-,-
13866,13539,-,-,-,-
13867,13540,-,-,-,-
13868,13541,-,-,-,-
13869,13542,-,-,-,-
13870,13543,-,-,-,-
13871,13544,-,-,-,-
13872,13545,-,-,-,-
13873,13546,-,-,-,-
13874,13547,-,-,-,-
13875,13548,-,-,-,-
13876,13549,-,-,-,-
13877,13550,-,-,-,-
13878,13551,-,-,-,-
13879,13552,-,-,-,-
13880,13553,-,-,-,-
13881,13554,-,-,-,-
13882,13555,-,-,-,-
13883,13556,-,-,-,-
13884,13557,-,-,-,-
13885,13558,-,-,-,-
13886,13559,-,-,-,-
13887,13560,-,-,-,-
13888,13561,-,-,-,-
13889,13562,-,-,-,-
13890,13563,-,-,-,-
13891,13564,-,-,-,-
13892,13565,-,-,-,-
13893,13566,-,-,-,-
13894,13567,-,-,-,-
13895,13568,-,-,-,-
13896,13569,-,-,-,-
13897,13570,-,-,-,-
13898,13571,-,-,-,-
13899,13572,-,-,-,-
13900,13573,-,-,-,-
13901,13574,-,-,-,-
13902,13575,-,-,-,-
13903,13576,-,-,-,-
13904,13577,-,-,-,-
13905,13578,-,-,-,-
13906,13579,-,-,-,-
13907,13580,-,-,-,-
13908,13581,-,-,-,-
13909,13582,-,-,-,-
13910,13583,-,-,-,-
13911,13584,-,-,-,-
13912,13585,-,-,-,-
13913,13586,-,-,-,-
13914,13587,-,-,-,-
13915,13588,-,-,-,-
13916,13589,-,-,-,-
13917,13590,-,-,-,-
13918,13591,-,-,-,-
13919,13592,-,-,-,-
13920,13593,-,-,-,-
13921,13594,-,-,-,-
13922,13595,-,-,-,-
13923,13596,-,-,-,-
13924,13597,-,-,-,-
13925,13598,-,-,-,-
13926,13599,-,-,-,-
13927,13600,-,-,-,-
13928,13601,-,-,-,-
13929,13602,-,-,-,-
13930,13603,-,-,-,-
13931,13604,-,-,-,-
13932,13605,-,-,-,-
13933,13606,-,-,-,-
13934,13607,-,-,-,-
13935,13608,-,-,-,-
13936,13609,-,-,-,-
13937,13610,-,-,-,-
13938,13611,-,-,-,-
13939,13612,-,-,-,-
13940,13613,-,-,-,-
13941,13614,-,-,-,-
13942,13615,-,-,-,-
13943,13616,-,-,-,-
13944,13617,-,-,-,-
13945,13618,-,-,-,-
13946,13619,-,-,-,-
13947,13620,-,-,-,-
13948,13621,-,-,-,-
13949,13622,-,-,-,-
13950,13623,-,-,-,-
13951,13624,-,-,-,-
13952,13625,-,-,-,-
13953,13626,-,-,-,-
13954,13627,-,-,-,-
13955,13628,-,-,-,-
13956,13629,-,-,-,-
13957,13630,-,-,-,-
13958,13631,-,-,-,-
13959,13632,-,-,-,-
13960,13633,-,-,-,-
13961,13634,-,-,-,-
13962,13635,-,-,-,-
13963,13636,-,-,-,-
13964,13637,-,-,-,-
13965,13638,-,-,-,-
13966,13639,-,-,-,-
13967,13640,-,-,-,-
13968,13641,-,-,-,-
13969,13642,-,-,-,-
13970,13643,-,-,-,-
13971,13644,-,-,-,-
13972,13645,-,-,-,-
13973,13646,-,-,-,-
13974,13647,-,-,-,-
13975,13648,-,-,-,-
13976,13649,-,-,-,-
13977,13650,-,-,-,-
13978,13651,-,-,-,-
13979,13652,-,-,-,-
13980,13653,-,-,-,-
13981,13654,-,-,-,-
13982,13655,-,-,-,-
13983,13656,-,-,-,-
13984,13657,-,-,-,-
13985,13658,-,-,-,-
13986,13659,-,-,-,-
13987,13660,-,-,-,-
13988,13661,-,-,-,-
13989,13662,-,-,-,-
13990,13663,-,-,-,-
13991,13664,-,-,-,-
13992,13665,-,-,-,-
13993,13666,-,-,-,-
13994,13667,-,-,-,-
13995,13668,-,-,-,-
13996,13669,-,-,-,-
13997,13670,-,-,-,-
13998,13671,-,-,-,-
13999,13672,-,-,-,-
14000,13673,-,-,-,-
14001,13674,-,-,-,-
14002,13675,-,-,-,-
14003,13676,-,-,-,-
14004,13677,-,-,-,-
14005,13678,-,-,-,-
14006,13679,-,-,-,-
14007,13680,-,-,-,-
14008,13681,-,-,-,-
14009,13682,-,-,-,-
14010,13683,-,-,-,-
14011,13684,-,-,-,-
14012,13685,-,-,-,-
14013,13686,-,-,-,-
14014,13687,-,-,-,-
14015,13688,-,-,-,-
14016,13689,-,-,-,-
14017,13690,-,-,-,-
14018,13691,-,-,-,-
14019,13692,-,-,-,-
14020,13693,-,-,-,-
14021,13694,-,-,-,-
14022,13695,-,-,-,-
14023,13696,-,-,-,-
14024,13697,-,-,-,-
14025,13698,-,-,-,-
14026,13699,-,-,-,-
14027,13700,-,-,-,-
14028,13701,-,-,-,-
14029,13702,-,-,-,-
14030,13703,-,-,-,-
14031,13704,-,-,-,-
14032,13705,-,-,-,-
14033,13706,-,-,-,-
14034,13707,-,-,-,-
14035,13708,-,-,-,-
14036,13709,-,-,-,-
14037,13710,-,-,-,-
14038,13711,-,-,-,-
14039,13712,-,-,-,-
14040,13713,-,-,-,-
14041,13714,-,-,-,-
14042,13715,-,-,-,-
14043,13716,-,-,-,-
14044,13717,-,-,-,-
14045,13718,-,-,-,-
14046,13719,-,-,-,-
14047,13720,-,-,-,-
14048,13721,-,-,-,-
14049,13722,-,-,-,-
14050,13723,-,-,-,-
14051,13724,-,-,-,-
14052,13725,-,-,-,-
14053,13726,-,-,-,-
14054,13727,-,-,-,-
14055,13728,-,-,-,-
14056,13729,-,-,-,-
14057,13730,-,-,-,-
14058,13731,-,-,-,-
14059,13732,-,-,-,-
14060,13733,-,-,-,-
14061,13734,-,-,-,-
14062,13735,-,-,-,-
14063,13736,-,-,-,-
14064,13737,-,-,-,-
14065,13738,-,-,-,-
14066,13739,-,-,-,-
14067,13740,-,-,-,-
14068,13741,-,-,-,-
14069,13742,-,-,-,-
14070,13743,-,-,-,-
14071,13744,-,-,-,-
14072,13745,-,-,-,-
14073,13746,-,-,-,-
14074,13747,-,-,-,-
14075,13748,-,-,-,-
14076,13749,-,-,-,-
14077,13750,-,-,-,-
14078,13751,-,-,-,-
14079,13752,-,-,-,-
14080,13753,-,-,-,-
14081,13754,-,-,-,-
14082,13755,-,-,-,-
14083,13756,-,-,-,-
14084,13757,-,-,-,-
14085,13758,-,-,-,-
14086,13759,-,-,-,-
14087,13760,-,-,-,-
14088,13761,-,-,-,-
14089,13762,-,-,-,-
14090,13763,-,-,-,-
14091,13764,-,-,-,-
14092,13765,-,-,-,-
14093,13766,-,-,-,-
14094,13767,-,-,-,-
14095,13768,-,-,-,-
14096,13769,-,-,-,-
14097,13770,-,-,-,-
14098,13771,-,-,-,-
14099,13772,-,-,-,-
14099,13773,-,-,-,-
14099,13774,-,-,-,-
14099,13775,-,-,-,-
14099,13776,-,-,-,-
14099,13777,-,-,-,-
14099,13778,-,-,-,-
14099,13779,-,-,-,-
14099,13780,-,-,-,-
14099,13781,-,-,-,-
14099,13782,-,-,-,-
14099,13783,-,-,-,-
14099,13784,-,-,-,-
14099,13785,-,-,-,-
14099,13786,-,-,-,-
14099,13787,-,-,-,-
14099,13788,-,-,-,-
14099,13789,-,-,-,-
14099,13790,-,-,-,-
14100,13791,-,-,-,-
14101,13792,-,-,-,-
14102,13793,-,-,-,-
14103,13794,-,-,-,-
14104,13795,-,-,-,-
14105,13796,-,-,-,-
14106,13797,-,-,-,-
14107,13798,-,-,-,-
14108,13799,-,-,-,-
14109,13800,-,-,-,-
14110,13801,-,-,-,-
14111,13802,-,-,-,-
14112,13803,-,-,-,-
14113,13804,-,-,-,-
14114,13805,-,-,-,-
14115,13806,-,-,-,-
14116,13807,-,-,-,-
14117,13808,-,-,-,-
14118,13809,-,-,-,-
14119,13810,-,-,-,-
14120,13811,-,-,-,-
14121,13812,-,-,-,-
14122,13813,-,-,-,-
14123,13814,-,-,-,-
14124,13815,-,-,-,-
14125,13816,-,-,-,-
14126,13817,-,-,-,-
14127,13818,-,-,-,-
14128,13819,-,-,-,-
14129,13820,-,-,-,-
14130,13821,-,-,-,-
14131,13822,-,-,-,-
14132,13823,-,-,-,-
14133,13824,-,-,-,-
14134,13825,-,-,-,-
14135,13826,-,-,-,-
14136,13827,-,-,-,-
14137,13828,-,-,-,-
14138,13829,-,-,-,-
14139,13830,-,-,-,-
14140,13831,-,-,-,-
14141,13832,-,-,-,-
14142,13833,-,-,-,-
14143,13834,-,-,-,-
14144,13835,-,-,-,-
14145,13836,-,-,-,-
14146,13837,-,-,-,-
14147,13838,-,-,-,-
14148,13839,-,-,-,-
14149,13840,-,-,-,-
14150,13841,-,-,-,-
14151,13842,-,-,-,-
14152,13843,-,-,-,-
14153,13844,-,-,-,-
14154,13845,-,-,-,-
14155,13846,-,-,-,-
14156,13847,-,-,-,-
14157,13848,-,-,-,-
14158,13849,-,-,-,-
14159,13850,-,-,-,-
14160,13851,-,-,-,-
14161,13852,-,-,-,-
14162,13853,-,-,-,-
14163,13854,-,-,-,-
14164,13855,-,-,-,-
14165,13856,-,-,-,-
14166,13857,-,-,-,-
14167,13858,-,-,-,-
14168,13859,-,-,-,-
14169,13860,-,-,-,-
14170,13861,-,-,-,-
14171,13862,-,-,-,-
14172,13863,-,-,-,-
14173,13864,-,-,-,-
14174,13865,-,-,-,-
14175,13866,-,-,-,-
14176,13867,-,-,-,-
14177,13868,-,-,-,-
14178,13869,-,-,-,-
14179,13870,-,-,-,-
14180,13871,-,-,-,-
14181,13872,-,-,-,-
14182,13873,-,-,-,-
14183,13874,-,-,-,-
14184,13875,-,-,-,-
14185,13876,-,-,-,-
14186,13877,-,-,-,-
14187,13878,-,-,-,-
14188,13879,-,-,-,-
14189,13880,-,-,-,-
14190,13881,-,-,-,-
14191,13882,-,-,-,-
14192,13883,-,-,-,-
14193,13884,-,-,-,-
14194,13885,-,-,-,-
14195,13886,-,-,-,-
14196,13887,-,-,-,-
14197,13888,-,-,-,-
14198,13889,-,-,-,-
14199,13890,-,-,-,-
14200,13891,-,-,-,-
14201,13892,-,-,-,-
14202,13893,-,-,-,-
14203,13894,-,-,-,-
14204,13895,-,-,-,-
14205,13896,-,-,-,-
14206,13897,-,-,-,-
14207,13898,-,-,-,-
14208,13899,-,-,-,-
14209,13900,-,-,-,-
14210,13901,-,-,-,-
14211,13902,-,-,-,-
14212,13903,-,-,-,-
14213,13904,-,-,-,-
14214,13905,-,-,-,-
14215,13906,-,-,-,-
14216,13907,-,-,-,-
14217,13908,-,-,-,-
14218,13909,-,-,-,-
14219,13910,-,-,-,-
14220,13911,-,-,-,-
14221,13912,-,-,-,-
14222,13913,-,-,-,-
14223,13914,-,-,-,-
14224,13915,-,-,-,-
14225,13916,-,-,-,-
14226,13917,-,-,-,-
14227,13918,-,-,-,-
14228,13919,-,-,-,-
14229,13920,-,-,-,-
14230,13921,-,-,-,-
14231,13922,-,-,-,-
14232,13923,-,-,-,-
14233,13924,-,-,-,-
14234,13925,-,-,-,-
14235,13926,-,-,-,-
14236,13927,-,-,-,-
14237,13928,-,-,-,-
14238,13929,-,-,-,-
14239,13930,-,-,-,-
14240,13931,-,-,-,-
14241,13932,-,-,-,-
14242,13933,-,-,-,-
14243,13934,-,-,-,-
14244,13935,-,-,-,-
14245,13936,-,-,-,-
14246,13937,-,-,-,-
14247,13938,-,-,-,-
14248,13939,-,-,-,-
14249,13940,-,-,-,-
14250,13941,-,-,-,-
14251,13942,-,-,-,-
14252,13943,-,-,-,-
14253,13944,-,-,-,-
14254,13945,-,-,-,-
14255,13946,-,-,-,-
14256,13947,-,-,-,-
14257,13948,-,-,-,-
14258,13949,-,-,-,-
14259,13950,-,-,-,-
14260,13951,-,-,-,-
14261,13952,-,-,-,-
14262,13953,-,-,-,-
14263,13954,-,-,-,-
14264,13955,-,-,-,-
14265,13956,-,-,-,-
14266,13957,-,-,-,-
14266,13958,-,-,-,-
14266,13959,-,-,-,-
14266,13960,-,-,-,-
14266,13961,-,-,-,-
14266,13962,-,-,-,-
14266,13963,-,-,-,-
14266,13964,-,-,-,-
14266,13965,-,-,-,-
14266,13966,-,-,-,-
14266,13967,-,-,-,-
14266,13968,-,-,-,-
14266,13969,-,-,-,-
14266,13970,-,-,-,-
14266,13971,-,-,-,-
14266,13972,-,-,-,-
14266,13973,-,-,-,-
14266,13974,-,-,-,-
14266,13975,-,-,-,-
14266,13976,-,-,-,-
14266,13977,-,-,-,-
14266,13978,-,-,-,-
14266,13979,-,-,-,-
14266,13980,-,-,-,-
14266,13981,-,-,-,-
14266,13982,-,-,-,-
14266,13983,-,-,-,-
14266,13984,-,-,-,-
14266,13985,-,-,-,-
14266,13986,-,-,-,-
14266,13987,-,-,-,-
14266,13988,-,-,-,-
14266,13989,-,-,-,-
14266,13990,-,-,-,-
14266,13991,-,-,-,-
14266,13992,-,-,-,-
14266,13993,-,-,-,-
14266,13994,-,-,-,-
14266,13995,-,-,-,-
14266,13996,-,-,-,-
14266,13997,-,-,-,-
14266,13998,-,-,-,-
14266,13999,-,-,-,-
14266,14000,-,-,-,-
14266,14001,-,-,-,-
14266,14002,-,-,-,-
14266,14003,-,-,-,-
14266,14004,-,-,-,-
14266,14005,-,-,-,-
14266,14006,-,-,-,-
14266,14007,-,-,-,-
14266,14008,-,-,-,-
14266,14009,-,-,-,-
14266,14010,-,-,-,-
14266,14011,-,-,-,-
14266,14012,-,-,-,-
14266,14013,-,-,-,-
14266,14014,-,-,-,-
14266,14015,-,-,-,-
14266,14016,-,-,-,-
14266,14017,-,-,-,-
14266,14018,-,-,-,-
14266,14019,-,-,-,-
14266,14020,-,-,-,-
14266,14021,-,-,-,-
14266,14022,-,-,-,-
14266,14023,-,-,-,-
14266,14024,-,-,-,-
14266,14025,-,-,-,-
14266,14026,-,-,-,-
14266,14027,-,-,-,-
14266,14028,-,-,-,-
14266,14029,-,-,-,-
14266,14030,-,-,-,-
14266,14031,-,-,-,-
14266,14032,-,-,-,-
14266,14033,-,-,-,-
14266,14034,-,-,-,-
14266,14035,-,-,-,-
14266,14036,-,-,-,-
14266,14037,-,-,-,-
14266,14038,-,-,-,-
14266,14039,-,-,-,-
14266,14040,-,-,-,-
14266,14041,-,-,-,-
14266,14042,-,-,-,-
14266,14043,-,-,-,-
14266,14044,-,-,-,-
14266,14045,-,-,-,-
14266,14046,-,-,-,-
14266,14047,-,-,-,-
14266,14048,-,-,-,-
14266,14049,-,-,-,-
14266,14050,-,-,-,-
14266,14051,-,-,-,-
14266,14052,-,-,-,-
14266,14053,-,-,-,-
14266,14054,-,-,-,-
14266,14055,-,-,-,-
14266,14056,-,-,-,-
14266,14057,-,-,-,-
14266,14058,-,-,-,-
14266,14059,-,-,-,-
14266,14060,-,-,-,-
14266,14061,-,-,-,-
14266,14062,-,-,-,-
14266,14063,-,-,-,-
14266,14064,-,-,-,-
14266,14065,-,-,-,-
14266,14066,-,-,-,-
14266,14067,-,-,-,-
14266,14068,-,-,-,-
14266,14069,-,-,-,-
14266,14070,-,-,-,-
14266,14071,-,-,-,-
14266,14072,-,-,-,-
14266,14073,-,-,-,-
14266,14074,-,-,-,-
14266,14075,-,-,-,-
14266,14076,-,-,-,-
14266,14077,-,-,-,-
14266,14078,-,-,-,-
14266,14079,-,-,-,-
14266,14080,-,-,-,-
14266,14081,-,-,-,-
14266,14082,-,-,-,-
14266,14083,-,-,-,-
14266,14084,-,-,-,-
14266,14085,-,-,-,-
14266,14086,-,-,-,-
14266,14087,-,-,-,-
14266,14088,-,-,-,-
14266,14089,-,-,-,-
14266,14090,-,-,-,-
14266,14091,-,-,-,-
14266,14092,-,-,-,-
14266,14093,-,-,-,-
14266,14094,-,-,-,-
14266,14095,-,-,-,-
14266,14096,-,-,-,-
14266,14097,-,-,-,-
14266,14098,-,-,-,-
14266,14099,-,-,-,-
14266,14100,-,-,-,-
14266,14101,-,-,-,-
14266,14102,-,-,-,-
14266,14103,-,-,-,-
14266,14104,-,-,-,-
14266,14105,-,-,-,-
14266,14106,-,-,-,-
14266,14107,-,-,-,-
14266,14108,-,-,-,-
14266,14109,-,-,-,-
14266,14110,-,-,-,-
14266,14111,-,-,-,-
14266,14112,-,-,-,-
14266,14113,-,-,-,-
14266,14114,-,-,-,-
14266,14115,-,-,-,-
14266,14116,-,-,-,-
14266,14117,-,-,-,-
14266,14118,-,-,-,-
14266,14119,-,-,-,-
14266,14120,-,-,-,-
14266,14121,-,-,-,-
14266,14122,-,-,-,-
14266,14123,-,-,-,-
14266,14124,-,-,-,-
14266,14125,-,-,-,-
14266,14126,-,-,-,-
14266,14127,-,-,-,-
14266,14128,-,-,-,-
14266,14129,-,-,-,-
14266,14130,-,-,-,-
14266,14131,-,-,-,-
14266,14132,-,-,-,-
14266,14133,-,-,-,-
14266,14134,-,-,-,-
14266,14135,-,-,-,-
14266,14136,-,-,-,-
14266,14137,-,-,-,-
14266,14138,-,-,-,-
14266,14139,-,-,-,-
14266,14140,-,-,-,-
14266,14141,-,-,-,-
14266,14142,-,-,-,-
14266,14143,-,-,-,-
14266,14144,-,-,-,-
14266,14145,-,-,-,-
14266,14146,-,-,-,-
14266,14147,-,-,-,-
14266,14148,-,-,-,-
14266,14149,-,-,-,-
14266,14150,-,-,-,-
14266,14151,-,-,-,-
14266,14152,-,-,-,-
14266,14153,-,-,-,-
14266,14154,-,-,-,-
14266,14155,-,-,-,-
14266,14156,-,-,-,-
14266,14157,-,-,-,-
14266,14158,-,-,-,-
14266,14159,-,-,-,-
14266,14160,-,-,-,-
14266,14161,-,-,-,-
14266,14162,-,-,-,-
14266,14163,-,-,-,-
14266,14164,-,-,-,-
14266,14165,-,-,-,-
14266,14166,-,-,-,-
14266,14167,-,-,-,-
14266,14168,-,-,-,-
14266,14169,-,-,-,-
14266,14170,-,-,-,-
14266,14171,-,-,-,-
14266,14172,-,-,-,-
14266,14173,-,-,-,-
14266,14174,-,-,-,-
14266,14175,-,-,-,-
14266,14176,-,-,-,-
14266,14177,-,-,-,-
14266,14178,-,-,-,-
14266,14179,-,-,-,-
14266,14180,-,-,-,-
14266,14181,-,-,-,-
14266,14182,-,-,-,-
14266,14183,-,-,-,-
14266,14184,-,-,-,-
14266,14185,-,-,-,-
14266,14186,-,-,-,-
14266,14187,-,-,-,-
14266,14188,-,-,-,-
14266,14189,-,-,-,-
14266,14190,-,-,-,-
14266,14191,-,-,-,-
14266,14192,-,-,-,-
14266,14193,-,-,-,-
14266,14194,-,-,-,-
14266,14195,-,-,-,-
14266,14196,-,-,-,-
14266,14197,-,-,-,-
14266,14198,-,-,-,-
14266,14199,-,-,-,-
14266,14200,-,-,-,-
14266,14201,-,-,-,-
14266,14202,-,-,-,-
14266,14203,-,-,-,-
14266,14204,-,-,-,-
14266,14205,-,-,-,-
14266,14206,-,-,-,-
14266,14207,-,-,-,-
14266,14208,-,-,-,-
14266,14209,-,-,-,-
14266,14210,-,-,-,-
14266,14211,-,-,-,-
14266,14212,-,-,-,-
14266,14213,-,-,-,-
14266,14214,-,-,-,-
14266,14215,-,-,-,-
14266,14216,-,-,-,-
14266,14217,-,-,-,-
14266,14218,-,-,-,-
14266,14219,-,-,-,-
14266,14220,-,-,-,-
14266,14221,-,-,-,-
14266,14222,-,-,-,-
14266,14223,-,-,-,-
14266,14224,-,-,-,-
14266,14225,-,-,-,-
14266,14226,-,-,-,-
14266,14227,-,-,-,-
14266,14228,-,-,-,-
14266,14229,-,-,-,-
14266,14230,-,-,-,-
14266,14231,-,-,-,-
14266,14232,-,-,-,-
14266,14233,-,-,-,-
14266,14234,-,-,-,-
14266,14235,-,-,-,-
14266,14236,-,-,-,-
14266,14237,-,-,-,-
14266,14238,-,-,-,-
14266,14239,-,-,-,-
14266,14240,-,-,-,-
14266,14241,-,-,-,-
14266,14242,-,-,-,-
14266,14243,-,-,-,-
14266,14244,-,-,-,-
14266,14245,-,-,-,-
14266,14246,-,-,-,-
14266,14247,-,-,-,-
14266,14248,-,-,-,-
14266,14249,-,-,-,-
14266,14250,-,-,-,-
14266,14251,-,-,-,-
14266,14252,-,-,-,-
14266,14253,-,-,-,-
14266,14254,-,-,-,-
14266,14255,-,-,-,-
14266,14256,-,-,-,-
14266,14257,-,-,-,-
14266,14258,-,-,-,-
14266,14259,-,-,-,-
14266,14260,-,-,-,-
14266,14261,-,-,-,-
14266,14262,-,-,-,-
14266,14263,-,-,-,-
14266,14264,-,-,-,-
14266,14265,-,-,-,-
14266,14266,-,-,-,-
14266,14267,-,-,-,-
14266,14268,-,-,-,-
14266,14269,-,-,-,-
14266,14270,-,-,-,-
14266,14271,-,-,-,-
14266,14272,-,-,-,-
14266,14273,-,-,-,-
14266,14274,-,-,-,-
14266,14275,-,-,-,-
14266,14276,-,-,-,-
14266,14277,-,-,-,-
14266,14278,-,-,-,-
14266,14279,-,-,-,-
14266,14280,-,-,-,-
14266,14281,-,-,-,-
14266,14282,-,-,-,-
14266,14283,-,-,-,-
14266,14284,-,-,-,-
14266,14285,-,-,-,-
14266,14286,-,-,-,-
14266,14287,-,-,-,-
14266,14288,-,-,-,-
14266,14289,-,-,-,-
14266,14290,-,-,-,-
14266,14291,-,-,-,-
14266,14292,-,-,-,-
14266,14293,-,-,-,-
14266,14294,-,-,-,-
14266,14295,-,-,-,-
14266,14296,-,-,-,-
14266,14297,-,-,-,-
14266,14298,-,-,-,-
14266,14299,-,-,-,-
14266,14300,-,-,-,-
14266,14301,-,-,-,-
14266,14302,-,-,-,-
14266,14303,-,-,-,-
14266,14304,-,-,-,-
14266,14305,-,-,-,-
14266,14306,-,-,-,-
14266,14307,-,-,-,-
14266,14308,-,-,-,-
14266,14309,-,-,-,-
14266,14310,-,-,-,-
14266,14311,-,-,-,-
14266,14312,-,-,-,-
14266,14313,-,-,-,-
14266,14314,-,-,-,-
14266,14315,-,-,-,-
14266,14316,-,-,-,-
14266,14317,-,-,-,-
14266,14318,-,-,-,-
14266,14319,-,-,-,-
14266,14320,-,-,-,-
14266,14321,-,-,-,-
14266,14322,-,-,-,-
14266,14323,-,-,-,-
14266,14324,-,-,-,-
14266,14325,-,-,-,-
14266,14326,-,-,-,-
14266,14327,-,-,-,-
14266,14328,-,-,-,-
14266,14329,-,-,-,-
14266,14330,-,-,-,-
14266,14331,-,-,-,-
14266,14332,-,-,-,-
14266,14333,-,-,-,-
14266,14334,-,-,-,-
14266,14335,-,-,-,-
14266,14336,-,-,-,-
14266,14337,-,-,-,-
14266,14338,-,-,-,-
14266,14339,-,-,-,-
14266,14340,-,-,-,-
14266,14341,-,-,-,-
14266,14342,-,-,-,-
14266,14343,-,-,-,-
14266,14344,-,-,-,-
14266,14345,-,-,-,-
14266,14346,-,-,-,-
14266,14347,-,-,-,-
14266,14348,-,-,-,-
14266,14349,-,-,-,-
14266,14350,-,-,-,-
14266,14351,-,-,-,-
14266,14352,-,-,-,-
14266,14353,-,-,-,-
14266,14354,-,-,-,-
14266,14355,-,-,-,-
14266,14356,-,-,-,-
14266,14357,-,-,-,-
14266,14358,-,-,-,-
14266,14359,-,-,-,-
14266,14360,-,-,-,-
14266,14361,-,-,-,-
14266,14362,-,-,-,-
14266,14363,-,-,-,-
14266,14364,-,-,-,-
14266,14365,-,-,-,-
14266,14366,-,-,-,-
14266,14367,-,-,-,-
14266,14368,-,-,-,-
14266,14369,-,-,-,-
14266,14370,-,-,-,-
14266,14371,-,-,-,-
14266,14372,-,-,-,-
14266,14373,-,-,-,-
14266,14374,-,-,-,-
14266,14375,-,-,-,-
14266,14376,-,-,-,-
14266,14377,-,-,-,-
14266,14378,-,-,-,-
14266,14379,-,-,-,-
14266,14380,-,-,-,-
14266,14381,-,-,-,-
14266,14382,-,-,-,-
14266,14383,-,-,-,-
14266,14384,-,-,-,-
14266,14385,-,-,-,-
14266,14386,-,-,-,-
14266,14387,-,-,-,-
14266,14388,-,-,-,-
14266,14389,-,-,-,-
14266,14390,-,-,-,-
14266,14391,-,-,-,-
14266,14392,-,-,-,-
14266,14393,-,-,-,-
14266,14394,-,-,-,-
14266,14395,-,-,-,-
14266,14396,-,-,-,-
14266,14397,-,-,-,-
14266,14398,-,-,-,-
14266,14399,-,-,-,-
14266,14400,-,-,-,-
14266,14401,-,-,-,-
14266,14402,-,-,-,-
14266,14403,-,-,-,-
14266,14404,-,-,-,-
14266,14405,-,-,-,-
14266,14406,-,-,-,-
14266,14407,-,-,-,-
14266,14408,-,-,-,-
14266,14409,-,-,-,-
14266,14410,-,-,-,-
14266,14411,-,-,-,-
14266,14412,-,-,-,-
14266,14413,-,-,-,-
14266,14414,-,-,-,-
14266,14415,-,-,-,-
14266,14416,-,-,-,-
14266,14417,-,-,-,-
14266,14418,-,-,-,-
14266,14419,-,-,-,-
14266,14420,-,-,-,-
14266,14421,-,-,-,-
14266,14422,-,-,-,-
14266,14423,-,-,-,-
14266,14424,-,-,-,-
14266,14425,-,-,-,-
14266,14426,-,-,-,-
14266,14427,-,-,-,-
14266,14428,-,-,-,-
14266,14429,-,-,-,-
14266,14430,-,-,-,-
14266,14431,-,-,-,-
14266,14432,-,-,-,-
14266,14433,-,-,-,-
14266,14434,-,-,-,-
14266,14435,-,-,-,-
14266,14436,-,-,-,-
14266,14437,-,-,-,-
14266,14438,-,-,-,-
14266,14439,-,-,-,-
14266,14440,-,-,-,-
14266,14441,-,-,-,-
14266,14442,-,-,-,-
14266,14443,-,-,-,-
14266,14444,-,-,-,-
14266,14445,-,-,-,-
14266,14446,-,-,-,-
14266,14447,-,-,-,-
14266,14448,-,-,-,-
14266,14449,-,-,-,-
14266,14450,-,-,-,-
14266,14451,-,-,-,-
14266,14452,-,-,-,-
14266,14453,-,-,-,-
14266,14454,-,-,-,-
14266,14455,-,-,-,-
14266,14456,-,-,-,-
14266,14457,-,-,-,-
14266,14458,-,-,-,-
14266,14459,-,-,-,-
14266,14460,-,-,-,-
14266,14461,-,-,-,-
14266,14462,-,-,-,-
14266,14463,-,-,-,-
14266,14464,-,-,-,-
14266,14465,-,-,-,-
14266,14466,-,-,-,-
14266,14467,-,-,-,-
14266,14468,-,-,-,-
14266,14469,-,-,-,-
14266,14470,-,-,-,-
14266,14471,-,-,-,-
14266,14472,-,-,-,-
14266,14473,-,-,-,-
14266,14474,-,-,-,-
14266,14475,-,-,-,-
14266,14476,-,-,-,-
14266,14477,-,-,-,-
14266,14478,-,-,-,-
14266,14479,-,-,-,-
14266,14480,-,-,-,-
14266,14481,-,-,-,-
14266,14482,-,-,-,-
14266,14483,-,-,-,-
14266,14484,-,-,-,-
14266,14485,-,-,-,-
14266,14486,-,-,-,-
14266,14487,-,-,-,-
14266,14488,-,-,-,-
14266,14489,-,-,-,-
14266,14490,-,-,-,-
14266,14491,-,-,-,-
14266,14492,-,-,-,-
14266,14493,-,-,-,-
14266,14494,-,-,-,-
14266,14495,-,-,-,-
14266,14496,-,-,-,-
14266,14497,-,-,-,-
14266,14498,-,-,-,-
14266,14499,-,-,-,-
14266,14500,-,-,-,-
14266,14501,-,-,-,-
14266,14502,-,-,-,-
14266,14503,-,-,-,-
14266,14504,-,-,-,-
14266,14505,-,-,-,-
14266,14506,-,-,-,-
14266,14507,-,-,-,-
14266,14508,-,-,-,-
14266,14509,-,-,-,-
14266,14510,-,-,-,-
14266,14511,-,-,-,-
14266,14512,-,-,-,-
14266,14513,-,-,-,-
14266,14514,-,-,-,-
14266,14515,-,-,-,-
14266,14516,-,-,-,-
14266,14517,-,-,-,-
14266,14518,-,-,-,-
14266,14519,-,-,-,-
14266,14520,-,-,-,-
14266,14521,-,-,-,-
14266,14522,-,-,-,-
14266,14523,-,-,-,-
14266,14524,-,-,-,-
14266,14525,-,-,-,-
14266,14526,-,-,-,-
14266,14527,-,-,-,-
14266,14528,-,-,-,-
14266,14529,-,-,-,-
14266,14530,-,-,-,-
14266,14531,-,-,-,-
14266,14532,-,-,-,-
14266,14533,-,-,-,-
14266,14534,-,-,-,-
14266,14535,-,-,-,-
14266,14536,-,-,-,-
14266,14537,-,-,-,-
14266,14538,-,-,-,-
14266,14539,-,-,-,-
14266,14540,-,-,-,-
14266,14541,-,-,-,-
14266,14542,-,-,-,-
14266,14543,-,-,-,-
14266,14544,-,-,-,-
14266,14545,-,-,-,-
14266,14546,-,-,-,-
14266,14547,-,-,-,-
14266,14548,-,-,-,-
14266,14549,-,-,-,-
14266,14550,-,-,-,-
14266,14551,-,-,-,-
14266,14552,-,-,-,-
14266,14553,-,-,-,-
14266,14554,-,-,-,-
14266,14555,-,-,-,-
14266,14556,-,-,-,-
14266,14557,-,-,-,-
14266,14558,-,-,-,-
14266,14559,-,-,-,-
14266,14560,-,-,-,-
14266,14561,-,-,-,-
14266,14562,-,-,-,-
14266,14563,-,-,-,-
14266,14564,-,-,-,-
14266,14565,-,-,-,-
14266,14566,-,-,-,-
14266,14567,-,-,-,-
14266,14568,-,-,-,-
14266,14569,-,-,-,-
14266,14570,-,-,-,-
14266,14571,-,-,-,-
14266,14572,-,-,-,-
14266,14573,-,-,-,-
14266,14574,-,-,-,-
14266,14575,-,-,-,-
14266,14576,-,-,-,-
14266,14577,-,-,-,-
14266,14578,-,-,-,-
14266,14579,-,-,-,-
14266,14580,-,-,-,-
14266,14581,-,-,-,-
14266,14582,-,-,-,-
14266,14583,-,-,-,-
14266,14584,-,-,-,-
14266,14585,-,-,-,-
14266,14586,-,-,-,-
14266,14587,-,-,-,-
14266,14588,-,-,-,-
14266,14589,-,-,-,-
14266,14590,-,-,-,-
14266,14591,-,-,-,-
14266,14592,-,-,-,-
14266,14593,-,-,-,-
14266,14594,-,-,-,-
14266,14595,-,-,-,-
14266,14596,-,-,-,-
14266,14597,-,-,-,-
14266,14598,-,-,-,-
14266,14599,-,-,-,-
14266,14600,-,-,-,-
14266,14601,-,-,-,-
14266,14602,-,-,-,-
14266,14603,-,-,-,-
14266,14604,-,-,-,-
14266,14605,-,-,-,-
14266,14606,-,-,-,-
14266,14607,-,-,-,-
14266,14608,-,-,-,-
14266,14609,-,-,-,-
14266,14610,-,-,-,-
14266,14611,-,-,-,-
14266,14612,-,-,-,-
14266,14613,-,-,-,-
14266,14614,-,-,-,-
14266,14615,-,-,-,-
14266,14616,-,-,-,-
14266,14617,-,-,-,-
14266,14618,-,-,-,-
14266,14619,-,-,-,-
14266,14620,-,-,-,-
14266,14621,-,-,-,-
14266,14622,-,-,-,-
14266,14623,-,-,-,-
14266,14624,-,-,-,-
14266,14625,-,-,-,-
14266,14626,-,-,-,-
14266,14627,-,-,-,-
14266,14628,-,-,-,-
14266,14629,-,-,-,-
14266,14630,-,-,-,-
14266,14631,-,-,-,-
14266,14632,-,-,-,-
14266,14633,-,-,-,-
14266,14634,-,-,-,-
14266,14635,-,-,-,-
14266,14636,-,-,-,-
14266,14637,-,-,-,-
14266,14638,-,-,-,-
14266,14639,-,-,-,-
14266,14640,-,-,-,-
14266,14641,-,-,-,-
14266,14642,-,-,-,-
14266,14643,-,-,-,-
14266,14644,-,-,-,-
14266,14645,-,-,-,-
14266,14646,-,-,-,-
14266,14647,-,-,-,-
14266,14648,-,-,-,-
14267,14649,-,-,-,-
14268,14650,-,-,-,-
14269,14651,-,-,-,-
14270,14651,-,-,-,-
14271,14651,-,-,-,-
14272,14651,-,-,-,-
14273,14651,-,-,-,-
14274,14651,-,-,-,-
14275,14651,-,-,-,-
14276,14651,-,-,-,-
14277,14651,-,-,-,-
14278,14651,-,-,-,-
14279,14651,-,-,-,-
14280,14651,-,-,-,-
14281,14651,-,-,-,-
14282,14651,-,-,-,-
14283,14651,-,-,-,-
14284,14651,-,-,-,-
14285,14651,-,-,-,-
14286,14651,-,-,-,-
14287,14651,-,-,-,-
14288,14651,-,-,-,-
14289,14651,-,-,-,-
14290,14651,-,-,-,-
14291,14651,-,-,-,-
14292,14651,-,-,-,-
14293,14651,-,-,-,-
14294,14651,-,-,-,-
14295,14651,-,-,-,-
14296,14651,-,-,-,-
14297,14651,-,-,-,-
14298,14651,-,-,-,-
14299,14651,-,-,-,-
14300,14651,-,-,-,-
14301,14651,-,-,-,-
14302,14651,-,-,-,-
14303,14651,-,-,-,-
14304,14651,-,-,-,-
14305,14651,-,-,-,-
14306,14651,-,-,-,-
14307,14651,-,-,-,-
14308,14651,-,-,-,-
14309,14651,-,-,-,-
14310,14651,-,-,-,-
14311,14651,-,-,-,-
14312,14651,-,-,-,-
14313,14651,-,-,-,-
14314,14651,-,-,-,-
14315,14651,-,-,-,-
14316,14651,-,-,-,-
14317,14651,-,-,-,-
14318,14651,-,-,-,-
14319,14651,-,-,-,-
14320,14651,-,-,-,-
14321,14651,-,-,-,-
14322,14651,-,-,-,-
14323,14651,-,-,-,-
14324,14651,-,-,-,-
14325,14651,-,-,-,-
14326,14651,-,-,-,-
14327,14651,-,-,-,-
14328,14651,-,-,-,-
14329,14651,-,-,-,-
14330,14651,-,-,-,-
14331,14651,-,-,-,-
14332,14651,-,-,-,-
14333,14651,-,-,-,-
14334,14651,-,-,-,-
14335,14651,-,-,-,-
14336,14651,-,-,-,-
14337,14651,-,-,-,-
14338,14651,-,-,-,-
14339,14651,-,-,-,-
14340,14651,-,-,-,-
14341,14651,-,-,-,-
14342,14651,-,-,-,-
14343,14651,-,-,-,-
14344,14651,-,-,-,-
14345,14651,-,-,-,-
14346,14651,-,-,-,-
14347,14651,-,-,-,-
14348,14651,-,-,-,-
14349,14651,-,-,-,-
14350,14651,-,-,-,-
14351,14651,-,-,-,-
14352,14651,-,-,-,-
14353,14651,-,-,-,-
14354,14651,-,-,-,-
14355,14651,-,-,-,-
14356,14651,-,-,-,-
14357,14651,-,-,-,-
14358,14651,-,-,-,-
14359,14651,-,-,-,-
14360,14651,-,-,-,-
14361,14651,-,-,-,-
14362,14651,-,-,-,-
14363,14651,-,-,-,-
14364,14651,-,-,-,-
14365,14651,-,-,-,-
14366,14651,-,-,-,-
14367,14651,-,-,-,-
14368,14651,-,-,-,-
14369,14651,-,-,-,-
14370,14651,-,-,-,-
14371,14651,-,-,-,-
14372,14651,-,-,-,-
14373,14651,-,-,-,-
14374,14651,-,-,-,-
14375,14651,-,-,-,-
14376,14651,-,-,-,-
14377,14651,-,-,-,-
14378,14651,-,-,-,-
14379,14651,-,-,-,-
14380,14651,-,-,-,-
14381,14651,-,-,-,-
14382,14651,-,-,-,-
14383,14651,-,-,-,-
14384,14651,-,-,-,-
14385,14651,-,-,-,-
14386,14651,-,-,-,-
14387,14651,-,-,-,-
14388,14651,-,-,-,-
14389,14651,-,-,-,-
14390,14651,-,-,-,-
14391,14651,-,-,-,-
14392,14651,-,-,-,-
14393,14651,-,-,-,-
14394,14651,-,-,-,-
14395,14651,-,-,-,-
14396,14651,-,-,-,-
14397,14651,-,-,-,-
14398,14651,-,-,-,-
14399,14651,-,-,-,-
14400,14651,-,-,-,-
14401,14651,-,-,-,-
14402,14651,-,-,-,-
14403,14651,-,-,-,-
14404,14651,-,-,-,-
14405,14651,-,-,-,-
14406,14651,-,-,-,-
14407,14651,-,-,-,-
14408,14651,-,-,-,-
14409,14651,-,-,-,-
14410,14651,-,-,-,-
14411,14651,-,-,-,-
14412,14651,-,-,-,-
14413,14651,-,-,-,-
14414,14651,-,-,-,-
14415,14651,-,-,-,-
14416,14651,-,-,-,-
14417,14651,-,-,-,-
14418,14651,-,-,-,-
14419,14651,-,-,-,-
14420,14651,-,-,-,-
14421,14651,-,-,-,-
14422,14651,-,-,-,-
14423,14651,-,-,-,-
14424,14651,-,-,-,-
14425,14651,-,-,-,-
14426,14651,-,-,-,-
14427,14651,-,-,-,-
14428,14651,-,-,-,-
14429,14651,-,-,-,-
14430,14651,-,-,-,-
14431,14651,-,-,-,-
14432,14651,-,-,-,-
14433,14651,-,-,-,-
14434,14651,-,-,-,-
14435,14651,-,-,-,-
14436,14651,-,-,-,-
14437,14651,-,-,-,-
14438,14651,-,-,-,-
14439,14651,-,-,-,-
14440,14651,-,-,-,-
14441,14651,-,-,-,-
14442,14651,-,-,-,-
14443,14651,-,-,-,-
14444,14651,-,-,-,-
14445,14651,-,-,-,-
14446,14651,-,-,-,-
14447,14651,-,-,-,-
14448,14651,-,-,-,-
14449,14651,-,-,-,-
14450,14651,-,-,-,-
14451,14651,-,-,-,-
14452,14651,-,-,-,-
14453,14651,-,-,-,-
14454,14651,-,-,-,-
14455,14651,-,-,-,-
14456,14651,-,-,-,-
14457,14651,-,-,-,-
14458,14651,-,-,-,-
14459,14651,-,-,-,-
14460,14651,-,-,-,-
14461,14651,-,-,-,-
14462,14651,-,-,-,-
14463,14651,-,-,-,-
14464,14652,-,-,-,-
14465,14653,-,-,-,-
14466,14654,-,-,-,-
14467,14655,-,-,-,-
14468,14656,-,-,-,-
14469,14657,-,-,-,-
14470,14658,-,-,-,-
14471,14659,-,-,-,-
14472,14659,-,-,-,-
14473,14659,-,-,-,-
14474,14659,-,-,-,-
14475,14659,-,-,-,-
14476,14659,-,-,-,-
14477,14659,-,-,-,-
14478,14659,-,-,-,-
14479,14659,-,-,-,-
14480,14659,-,-,-,-
14481,14659,-,-,-,-
14482,14659,-,-,-,-
14483,14659,-,-,-,-
14484,14659,-,-,-,-
14485,14659,-,-,-,-
14486,14659,-,-,-,-
14487,14659,-,-,-,-
14488,14659,-,-,-,-
14489,14659,-,-,-,-
14490,14659,-,-,-,-
14491,14659,-,-,-,-
14492,14659,-,-,-,-
14493,14659,-,-,-,-
14494,14659,-,-,-,-
14495,14659,-,-,-,-
14496,14659,-,-,-,-
14497,14659,-,-,-,-
14498,14659,-,-,-,-
14499,14659,-,-,-,-
14500,14659,-,-,-,-
14501,14659,-,-,-,-
14502,14659,-,-,-,-
14503,14659,-,-,-,-
14504,14659,-,-,-,-
14505,14659,-,-,-,-
14506,14659,-,-,-,-
14507,14659,-,-,-,-
14508,14659,-,-,-,-
14509,14659,-,-,-,-
14510,14659,-,-,-,-
14511,14659,-,-,-,-
14512,14659,-,-,-,-
14513,14659,-,-,-,-
14514,14659,-,-,-,-
14515,14659,-,-,-,-
14516,14659,-,-,-,-
14517,14659,-,-,-,-
14518,14659,-,-,-,-
14519,14659,-,-,-,-
14520,14659,-,-,-,-
14521,14659,-,-,-,-
14522,14659,-,-,-,-
14523,14659,-,-,-,-
14524,14659,-,-,-,-
14525,14659,-,-,-,-
14526,14659,-,-,-,-
14527,14659,-,-,-,-
14528,14659,-,-,-,-
14529,14660,-,-,-,-
14530,14661,-,-,-,-
14531,14662,-,-,-,-
14532,14663,-,-,-,-
14533,14664,-,-,-,-
14534,14665,-,-,-,-
14535,14666,-,-,-,-
14536,14667,-,-,-,-
14537,14668,-,-,-,-
14538,14669,-,-,-,-
14539,14670,-,-,-,-
14540,14671,-,-,-,-
14541,14672,-,-,-,-
14542,14673,-,-,-,-
14543,14674,-,-,-,-
14544,14675,-,-,-,-
14545,14676,-,-,-,-
14546,14677,-,-,-,-
14547,14678,-,-,-,-
14548,14679,-,-,-,-
14549,14680,-,-,-,-
14550,14681,-,-,-,-
14551,14682,-,-,-,-
14552,14683,-,-,-,-
14553,14684,-,-,-,-
14554,14685,-,-,-,-
14555,14686,-,-,-,-
14556,14687,-,-,-,-
14557,14688,-,-,-,-
14558,14689,-,-,-,-
14559,14690,-,-,-,-
14560,14691,-,-,-,-
14561,14692,-,-,-,-
14562,14693,-,-,-,-
14563,14694,-,-,-,-
14564,14695,-,-,-,-
14565,14696,-,-,-,-
14566,14697,-,-,-,-
14567,14698,-,-,-,-
14568,14699,-,-,-,-
14569,14700,-,-,-,-
14570,14701,-,-,-,-
14571,14702,-,-,-,-
14572,14703,-,-,-,-
14573,14704,-,-,-,-
14574,14705,-,-,-,-
14575,14706,-,-,-,-
14576,14707,-,-,-,-
14577,14708,-,-,-,-
14578,14709,-,-,-,-
14579,14710,-,-,-,-
14580,14711,-,-,-,-
14581,14712,-,-,-,-
14582,14713,-,-,-,-
14583,14714,-,-,-,-
14584,14715,-,-,-,-
14585,14716,-,-,-,-
14586,14717,-,-,-,-
14587,14718,-,-,-,-
14588,14719,-,-,-,-
14589,14720,-,-,-,-
14590,14721,-,-,-,-
14591,14722,-,-,-,-
14592,14723,-,-,-,-
14593,14724,-,-,-,-
14594,14725,-,-,-,-
14595,14726,-,-,-,-
14596,14727,-,-,-,-
14597,14728,-,-,-,-
14598,14729,-,-,-,-
14599,14730,-,-,-,-
14600,14731,-,-,-,-
14601,14732,-,-,-,-
14602,14733,-,-,-,-
14603,14734,-,-,-,-
14604,14735,-,-,-,-
14605,14736,-,-,-,-
14606,14737,-,-,-,-
14607,14738,-,-,-,-
14608,14739,-,-,-,-
14609,14740,-,-,-,-
14610,14741,-,-,-,-
14611,14742,-,-,-,-
14612,14743,-,-,-,-
14613,14744,-,-,-,-
14614,14745,-,-,-,-
14615,14746,-,-,-,-
14616,14747,-,-,-,-
14617,14748,-,-,-,-
14618,14749,-,-,-,-
14619,14750,-,-,-,-
14620,14751,-,-,-,-
14621,14752,-,-,-,-
14622,14753,-,-,-,-
14623,14754,-,-,-,-
14624,14755,-,-,-,-
14625,14756,-,-,-,-
14626,14757,-,-,-,-
14627,14758,-,-,-,-
14628,14759,-,-,-,-
14629,14760,-,-,-,-
14630,14761,-,-,-,-
14631,14762,-,-,-,-
14632,14763,-,-,-,-
14633,14764,-,-,-,-
14634,14765,-,-,-,-
14635,14766,-,-,-,-
14636,14767,-,-,-,-
14637,14768,-,-,-,-
14638,14769,-,-,-,-
14639,14770,-,-,-,-
14640,14771,-,-,-,-
14641,14772,-,-,-,-
14642,14773,-,-,-,-
14643,14774,-,-,-,-
14644,14775,-,-,-,-
14645,14776,-,-,-,-
14646,14777,-,-,-,-
14647,14778,-,-,-,-
14648,14779,-,-,-,-
14649,14780,-,-,-,-
14650,14781,-,-,-,-
14651,14782,-,-,-,-
14652,14783,-,-,-,-
14653,14784,-,-,-,-
14654,14785,-,-,-,-
14655,14786,-,-,-,-
14656,14787,-,-,-,-
14657,14788,-,-,-,-
14658,14789,-,-,-,-
14659,14790,-,-,-,-
14660,14791,-,-,-,-
14661,14792,-,-,-,-
14662,14793,-,-,-,-
14663,14794,-,-,-,-
14664,14795,-,-,-,-
14665,14796,-,-,-,-
14666,14797,-,-,-,-
14667,14798,-,-,-,-
14668,14799,-,-,-,-
14669,14800,-,-,-,-
14670,14801,-,-,-,-
14671,14802,-,-,-,-
14672,14803,-,-,-,-
14673,14804,-,-,-,-
14674,14805,-,-,-,-
14675,14806,-,-,-,-
14676,14807,-,-,-,-
14677,14808,-,-,-,-
14678,14809,-,-,-,-
14679,14810,-,-,-,-
14680,14811,-,-,-,-
14681,14812,-,-,-,-
14682,14813,-,-,-,-
14683,14814,-,-,-,-
14684,14815,-,-,-,-
14685,14816,-,-,-,-
14686,14817,-,-,-,-
14687,14818,-,-,-,-
14688,14819,-,-,-,-
14689,14820,-,-,-,-
14690,14821,-,-,-,-
14691,14822,-,-,-,-
14692,14823,-,-,-,-
14693,14824,-,-,-,-
14694,14825,-,-,-,-
14695,14826,-,-,-,-
14696,14827,-,-,-,-
14697,14828,-,-,-,-
14698,14829,-,-,-,-
14699,14830,-,-,-,-
14700,14831,-,-,-,-
14701,14832,-,-,-,-
14702,14833,-,-,-,-
14703,14833,-,-,-,-
14704,14833,-,-,-,-
14705,14833,-,-,-,-
14706,14833,-,-,-,-
14707,14833,-,-,-,-
14708,14833,-,-,-,-
14709,14833,-,-,-,-
14710,14833,-,-,-,-
14711,14833,-,-,-,-
14712,14833,-,-,-,-
14713,14833,-,-,-,-
14714,14833,-,-,-,-
14715,14833,-,-,-,-
14716,14833,-,-,-,-
14717,14833,-,-,-,-
14718,14833,-,-,-,-
14719,14833,-,-,-,-
14720,14833,-,-,-,-
14721,14833,-,-,-,-
14722,14833,-,-,-,-
14723,14833,-,-,-,-
14724,14833,-,-,-,-
14725,14833,-,-,-,-
14726,14833,-,-,-,-
14727,14833,-,-,-,-
14728,14833,-,-,-,-
14729,14833,-,-,-,-
14730,14833,-,-,-,-
14731,14833,-,-,-,-
14732,14833,-,-,-,-
14733,14833,-,-,-,-
14734,14833,-,-,-,-
14735,14833,-,-,-,-
14736,14833,-,-,-,-
14737,14833,-,-,-,-
14738,14833,-,-,-,-
14739,14833,-,-,-,-
14740,14833,-,-,-,-
14741,14833,-,-,-,-
14742,14833,-,-,-,-
14743,14833,-,-,-,-
14744,14833,-,-,-,-
14745,14833,-,-,-,-
14746,14833,-,-,-,-
14747,14833,-,-,-,-
14748,14833,-,-,-,-
14749,14833,-,-,-,-
14750,14833,-,-,-,-
14751,14833,-,-,-,-
14752,14833,-,-,-,-
14753,14833,-,-,-,-
14754,14833,-,-,-,-
14755,14833,-,-,-,-
14756,14833,-,-,-,-
14757,14833,-,-,-,-
14758,14833,-,-,-,-
14759,14833,-,-,-,-
14760,14833,-,-,-,-
14761,14833,-,-,-,-
14762,14833,-,-,-,-
14763,14833,-,-,-,-
14764,14833,-,-,-,-
14765,14833,-,-,-,-
14766,14833,-,-,-,-
14767,14833,-,-,-,-
14768,14833,-,-,-,-
14769,14833,-,-,-,-
14770,14833,-,-,-,-
14771,14833,-,-,-,-
14772,14833,-,-,-,-
14773,14833,-,-,-,-
14774,14833,-,-,-,-
14775,14833,-,-,-,-
14776,14833,-,-,-,-
14777,14833,-,-,-,-
14778,14833,-,-,-,-
14779,14833,-,-,-,-
14780,14833,-,-,-,-
14781,14833,-,-,-,-
14782,14833,-,-,-,-
14783,14833,-,-,-,-
14784,14833,-,-,-,-
14785,14833,-,-,-,-
14786,14833,-,-,-,-
14787,14833,-,-,-,-
14788,14833,-,-,-,-
14789,14833,-,-,-,-
14790,14833,-,-,-,-
14791,14833,-,-,-,-
14792,14833,-,-,-,-
14793,14833,-,-,-,-
14794,14833,-,-,-,-
14795,14833,-,-,-,-
14796,14833,-,-,-,-
14797,14833,-,-,-,-
14798,14833,-,-,-,-
14799,14833,-,-,-,-
14800,14833,-,-,-,-
14801,14833,-,-,-,-
14802,14833,-,-,-,-
14803,14833,-,-,-,-
14804,14833,-,-,-,-
14805,14833,-,-,-,-
14806,14833,-,-,-,-
14807,14833,-,-,-,-
14808,14833,-,-,-,-
14809,14833,-,-,-,-
14810,14833,-,-,-,-
14811,14833,-,-,-,-
14812,14833,-,-,-,-
14813,14833,-,-,-,-
14814,14833,-,-,-,-
14815,14833,-,-,-,-
14816,14833,-,-,-,-
14817,14833,-,-,-,-
14818,14833,-,-,-,-
14819,14833,-,-,-,-
14820,14833,-,-,-,-
14821,14833,-,-,-,-
14822,14833,-,-,-,-
14823,14833,-,-,-,-
14824,14833,-,-,-,-
14825,14833,-,-,-,-
14826,14833,-,-,-,-
14827,14833,-,-,-,-
14828,14833,-,-,-,-
14829,14833,-,-,-,-
14830,14833,-,-,-,-
14831,14833,-,-,-,-
14832,14833,-,-,-,-
14833,14833,-,-,-,-
