1550630.9272032108
12216
