497334.01560391363
9883
