path_ref,path_query,ref_x,ref_y,query_x,query_y
0,0,676.6812040354517,653.1264991514238,955.2,546.6
1,1,676.6812040354517,653.1264991514238,955.2,546.6
2,2,676.6812040354517,653.1264991514238,955.2,546.6
3,3,676.6812040354517,653.1264991514238,955.2,546.6
4,4,676.6812040354517,653.1264991514238,955.2,546.6
5,5,676.6812040354517,653.1264991514238,955.2,546.6
6,6,676.6812040354517,653.1264991514238,955.2,546.6
7,7,676.6812040354517,653.1264991514238,955.2,546.6
8,8,676.6812040354517,653.1264991514238,955.2,546.6
9,9,676.6812040354517,653.1264991514238,955.2,546.6
10,10,676.6812040354517,653.1264991514238,955.2,546.6
11,11,676.6812040354517,653.1264991514238,955.2,546.6
12,12,676.6812040354517,653.1264991514238,955.2,546.6
13,13,676.6812040354517,653.1264991514238,955.2,546.6
14,14,676.6812040354517,653.1264991514238,955.2,546.6
15,15,676.6812040354517,653.1264991514238,955.2,546.6
16,16,676.6812040354517,653.1264991514238,955.2,546.6
17,17,676.6812040354517,653.1264991514238,955.2,546.6
18,18,676.6812040354517,653.1264991514238,955.2,546.6
19,19,676.6812040354517,653.1264991514238,955.2,546.6
20,20,676.6812040354517,653.1264991514238,955.2,546.6
21,21,676.6812040354517,653.1264991514238,955.2,546.6
22,22,676.6812040354517,653.1264991514238,955.2,546.6
23,23,676.6812040354517,653.1264991514238,955.2,546.6
24,24,676.6812040354517,653.1264991514238,955.2,546.6
25,25,676.6812040354517,653.1264991514238,955.2,546.6
26,26,676.6812040354517,653.1264991514238,955.2,546.6
27,27,676.6812040354517,653.1264991514238,955.2,546.6
28,28,676.6812040354517,653.1264991514238,955.2,546.6
29,29,676.6812040354517,653.1264991514238,955.2,546.6
30,30,676.6812040354517,653.1264991514238,955.2,546.6
31,31,676.6812040354517,653.1264991514238,955.2,546.6
32,32,676.6812040354517,653.1264991514238,955.2,546.6
33,33,784.6812040354517,639.1264991514238,955.2,546.6
34,34,784.6812040354517,639.1264991514238,955.2,546.6
35,35,784.6812040354517,639.1264991514238,955.2,546.6
36,36,784.6812040354517,639.1264991514238,955.2,546.6
37,37,784.6812040354517,639.1264991514238,955.2,546.6
38,38,784.6812040354517,639.1264991514238,955.2,546.6
39,39,784.6812040354517,639.1264991514238,955.2,546.6
40,40,784.6812040354517,639.1264991514238,955.2,546.6
41,41,784.6812040354517,639.1264991514238,955.2,546.6
42,42,784.6812040354517,639.1264991514238,955.2,546.6
43,43,784.6812040354517,639.1264991514238,955.2,546.6
44,44,784.6812040354517,639.1264991514238,955.2,546.6
45,45,784.6812040354517,639.1264991514238,955.2,546.6
46,46,784.6812040354517,639.1264991514238,955.2,546.6
47,47,784.6812040354517,639.1264991514238,955.2,546.6
48,48,784.6812040354517,639.1264991514238,955.2,546.6
49,49,784.6812040354517,639.1264991514238,955.2,546.6
50,50,784.6812040354517,639.1264991514238,955.2,546.6
51,51,784.6812040354517,639.1264991514238,955.2,546.6
52,52,784.6812040354517,639.1264991514238,955.2,546.6
53,53,784.6812040354517,639.1264991514238,955.2,546.6
54,54,784.6812040354517,639.1264991514238,955.2,546.6
55,55,784.6812040354517,639.1264991514238,955.2,546.6
56,56,784.6812040354517,639.1264991514238,955.2,546.6
57,57,784.6812040354517,639.1264991514238,955.2,546.6
58,58,784.6812040354517,639.1264991514238,955.2,546.6
59,59,784.6812040354517,639.1264991514238,955.2,546.6
60,60,784.6812040354517,639.1264991514238,955.2,546.6
61,61,784.6812040354517,639.1264991514238,955.2,546.6
62,62,784.6812040354517,639.1264991514238,955.2,546.6
63,63,784.6812040354517,639.1264991514238,955.2,546.6
64,64,784.6812040354517,639.1264991514238,955.2,546.6
65,65,784.6812040354517,639.1264991514238,955.2,546.6
66,66,784.6812040354517,639.1264991514238,955.2,546.6
67,67,784.6812040354517,639.1264991514238,955.2,546.6
68,68,784.6812040354517,639.1264991514238,955.2,546.6
69,69,784.6812040354517,639.1264991514238,955.2,546.6
70,70,784.6812040354517,639.1264991514238,955.2,546.6
71,71,784.6812040354517,639.1264991514238,955.2,546.6
72,72,784.6812040354517,639.1264991514238,955.2,546.6
73,73,784.6812040354517,639.1264991514238,955.2,546.6
74,74,784.6812040354517,639.1264991514238,955.2,546.6
75,75,784.6812040354517,639.1264991514238,955.2,546.6
76,76,784.6812040354517,639.1264991514238,955.2,546.6
77,77,784.6812040354517,639.1264991514238,955.2,546.6
78,78,784.6812040354517,639.1264991514238,955.2,546.6
79,79,784.6812040354517,639.1264991514238,955.2,546.6
80,80,784.6812040354517,639.1264991514238,955.2,546.6
81,81,784.6812040354517,639.1264991514238,955.2,546.6
82,82,784.6812040354517,639.1264991514238,955.2,546.6
83,83,784.6812040354517,639.1264991514238,955.2,546.6
84,84,784.6812040354517,639.1264991514238,955.2,546.6
85,85,784.6812040354517,639.1264991514238,955.2,546.6
86,86,784.6812040354517,639.1264991514238,955.2,546.6
87,87,784.6812040354517,639.1264991514238,955.2,546.6
88,88,784.6812040354517,639.1264991514238,955.2,546.6
89,89,784.6812040354517,639.1264991514238,955.2,546.6
90,90,784.6812040354517,639.1264991514238,955.2,546.6
91,91,784.6812040354517,639.1264991514238,955.2,546.6
92,92,784.6812040354517,639.1264991514238,955.2,546.6
93,93,784.6812040354517,639.1264991514238,955.2,546.6
94,94,784.6812040354517,639.1264991514238,955.2,546.6
95,95,784.6812040354517,639.1264991514238,955.2,546.6
96,96,784.6812040354517,639.1264991514238,955.2,546.6
97,97,784.6812040354517,639.1264991514238,955.2,546.6
98,98,784.6812040354517,639.1264991514238,955.2,546.6
99,99,784.6812040354517,639.1264991514238,955.2,546.6
100,100,784.6812040354517,639.1264991514238,955.2,546.6
101,101,784.6812040354517,639.1264991514238,955.2,546.6
102,102,784.6812040354517,639.1264991514238,955.2,546.6
103,103,784.6812040354517,639.1264991514238,955.2,546.6
104,104,784.6812040354517,639.1264991514238,955.2,546.6
105,105,784.6812040354517,639.1264991514238,955.2,546.6
106,106,784.6812040354517,639.1264991514238,955.2,546.6
107,107,784.6812040354517,639.1264991514238,955.2,546.6
108,108,784.6812040354517,639.1264991514238,955.2,546.6
109,109,784.6812040354517,639.1264991514238,955.2,546.6
110,110,784.6812040354517,639.1264991514238,955.2,546.6
111,111,784.6812040354517,639.1264991514238,955.2,546.6
112,112,784.6812040354517,639.1264991514238,955.2,546.6
113,113,784.6812040354517,639.1264991514238,955.2,546.6
114,114,784.6812040354517,639.1264991514238,955.2,546.6
115,115,784.6812040354517,639.1264991514238,955.2,546.6
116,116,784.6812040354517,639.1264991514238,955.2,546.6
117,117,784.6812040354517,639.1264991514238,955.2,546.6
118,118,784.6812040354517,639.1264991514238,955.2,546.6
119,119,784.6812040354517,639.1264991514238,955.2,546.6
120,120,784.6812040354517,639.1264991514238,955.2,546.6
121,121,784.6812040354517,639.1264991514238,955.2,546.6
122,122,784.6812040354517,639.1264991514238,955.2,546.6
123,123,784.6812040354517,639.1264991514238,955.2,546.6
124,124,784.6812040354517,639.1264991514238,955.2,546.6
125,125,784.6812040354517,639.1264991514238,955.2,546.6
126,126,784.6812040354517,639.1264991514238,955.2,546.6
127,127,784.6812040354517,639.1264991514238,955.2,546.6
128,128,784.6812040354517,639.1264991514238,955.2,546.6
129,129,784.6812040354517,639.1264991514238,955.2,546.6
130,130,784.6812040354517,639.1264991514238,955.2,546.6
131,131,784.6812040354517,639.1264991514238,955.2,546.6
132,132,784.6812040354517,639.1264991514238,955.2,546.6
133,133,835.6812040354517,642.1264991514238,955.2,546.6
134,134,835.6812040354517,642.1264991514238,955.2,546.6
135,135,835.6812040354517,642.1264991514238,955.2,546.6
136,136,835.6812040354517,642.1264991514238,955.2,546.6
137,137,835.6812040354517,642.1264991514238,955.2,546.6
138,138,835.6812040354517,642.1264991514238,955.2,546.6
139,139,835.6812040354517,642.1264991514238,955.2,546.6
140,140,835.6812040354517,642.1264991514238,955.2,546.6
141,141,835.6812040354517,642.1264991514238,955.2,546.6
142,142,835.6812040354517,642.1264991514238,955.2,546.6
143,143,835.6812040354517,642.1264991514238,955.2,546.6
144,144,835.6812040354517,642.1264991514238,955.2,546.6
145,145,835.6812040354517,642.1264991514238,955.2,546.6
146,146,835.6812040354517,642.1264991514238,955.2,546.6
147,147,835.6812040354517,642.1264991514238,955.2,546.6
148,148,835.6812040354517,642.1264991514238,955.2,546.6
149,149,835.6812040354517,642.1264991514238,955.2,546.6
150,150,835.6812040354517,642.1264991514238,955.2,546.6
151,151,835.6812040354517,642.1264991514238,955.2,546.6
152,152,835.6812040354517,642.1264991514238,955.2,546.6
153,153,835.6812040354517,642.1264991514238,955.2,546.6
154,154,835.6812040354517,642.1264991514238,955.2,546.6
155,155,835.6812040354517,642.1264991514238,955.2,546.6
156,156,835.6812040354517,642.1264991514238,955.2,546.6
157,157,835.6812040354517,642.1264991514238,955.2,546.6
158,158,835.6812040354517,642.1264991514238,955.2,546.6
159,159,835.6812040354517,642.1264991514238,955.2,546.6
160,160,835.6812040354517,642.1264991514238,955.2,546.6
161,161,835.6812040354517,642.1264991514238,955.2,546.6
162,162,835.6812040354517,642.1264991514238,955.2,546.6
163,163,835.6812040354517,642.1264991514238,955.2,546.6
164,164,835.6812040354517,642.1264991514238,955.2,546.6
165,165,835.6812040354517,642.1264991514238,955.2,546.6
166,166,835.6812040354517,642.1264991514238,955.2,546.6
167,167,885.6812040354517,644.1264991514238,955.2,546.6
168,168,885.6812040354517,644.1264991514238,955.2,546.6
169,169,885.6812040354517,644.1264991514238,955.2,546.6
170,170,885.6812040354517,644.1264991514238,955.2,546.6
171,171,885.6812040354517,644.1264991514238,955.2,546.6
172,172,885.6812040354517,644.1264991514238,955.2,546.6
173,173,885.6812040354517,644.1264991514238,955.2,546.6
174,174,885.6812040354517,644.1264991514238,955.2,546.6
175,175,885.6812040354517,644.1264991514238,955.2,546.6
176,176,885.6812040354517,644.1264991514238,955.2,546.6
177,177,885.6812040354517,644.1264991514238,955.2,546.6
178,178,885.6812040354517,644.1264991514238,955.2,546.6
179,179,885.6812040354517,644.1264991514238,955.2,546.6
180,180,885.6812040354517,644.1264991514238,955.2,546.6
181,181,885.6812040354517,644.1264991514238,955.2,546.6
182,182,885.6812040354517,644.1264991514238,955.2,546.6
183,183,885.6812040354517,644.1264991514238,955.2,546.6
184,184,885.6812040354517,644.1264991514238,955.2,546.6
185,185,885.6812040354517,644.1264991514238,955.2,546.6
186,186,885.6812040354517,644.1264991514238,955.2,546.6
187,187,885.6812040354517,644.1264991514238,955.2,546.6
188,188,885.6812040354517,644.1264991514238,955.2,546.6
189,189,885.6812040354517,644.1264991514238,955.2,546.6
190,190,885.6812040354517,644.1264991514238,955.2,546.6
191,191,885.6812040354517,644.1264991514238,955.2,546.6
192,192,885.6812040354517,644.1264991514238,955.2,546.6
193,193,885.6812040354517,644.1264991514238,955.2,546.6
194,194,885.6812040354517,644.1264991514238,955.2,546.6
195,195,885.6812040354517,644.1264991514238,955.2,546.6
196,196,885.6812040354517,644.1264991514238,955.2,546.6
197,197,885.6812040354517,644.1264991514238,955.2,546.6
198,198,885.6812040354517,644.1264991514238,955.2,546.6
199,199,885.6812040354517,644.1264991514238,955.2,546.6
200,200,885.6812040354517,644.1264991514238,955.2,546.6
201,201,885.6812040354517,644.1264991514238,955.2,546.6
202,202,885.6812040354517,644.1264991514238,955.2,546.6
203,203,885.6812040354517,644.1264991514238,955.2,546.6
204,204,885.6812040354517,644.1264991514238,955.2,546.6
205,205,885.6812040354517,644.1264991514238,955.2,546.6
206,206,885.6812040354517,644.1264991514238,955.2,546.6
207,207,885.6812040354517,644.1264991514238,955.2,546.6
208,208,885.6812040354517,644.1264991514238,955.2,546.6
209,209,885.6812040354517,644.1264991514238,955.2,546.6
210,210,885.6812040354517,644.1264991514238,955.2,546.6
211,211,885.6812040354517,644.1264991514238,955.2,546.6
212,212,885.6812040354517,644.1264991514238,955.2,546.6
213,213,885.6812040354517,644.1264991514238,955.2,546.6
214,214,885.6812040354517,644.1264991514238,955.2,546.6
215,215,885.6812040354517,644.1264991514238,955.2,546.6
216,216,885.6812040354517,644.1264991514238,955.2,546.6
217,217,885.6812040354517,644.1264991514238,955.2,546.6
218,218,885.6812040354517,644.1264991514238,955.2,546.6
219,219,885.6812040354517,644.1264991514238,955.2,546.6
220,220,885.6812040354517,644.1264991514238,955.2,546.6
221,221,885.6812040354517,644.1264991514238,955.2,546.6
222,222,885.6812040354517,644.1264991514238,955.2,546.6
223,223,885.6812040354517,644.1264991514238,955.2,546.6
224,224,885.6812040354517,644.1264991514238,955.2,546.6
225,225,885.6812040354517,644.1264991514238,955.2,546.6
226,226,885.6812040354517,644.1264991514238,955.2,546.6
227,227,885.6812040354517,644.1264991514238,955.2,546.6
228,228,885.6812040354517,644.1264991514238,955.2,546.6
229,229,885.6812040354517,644.1264991514238,955.2,546.6
230,230,885.6812040354517,644.1264991514238,955.2,546.6
231,231,885.6812040354517,644.1264991514238,955.2,546.6
232,232,885.6812040354517,644.1264991514238,955.2,546.6
233,233,885.6812040354517,644.1264991514238,955.2,546.6
234,234,885.6812040354517,644.1264991514238,955.2,546.6
235,235,885.6812040354517,644.1264991514238,955.2,546.6
236,236,885.6812040354517,644.1264991514238,955.2,546.6
237,237,885.6812040354517,644.1264991514238,955.2,546.6
238,238,885.6812040354517,644.1264991514238,955.2,546.6
239,239,885.6812040354517,644.1264991514238,955.2,546.6
240,240,885.6812040354517,644.1264991514238,955.2,546.6
241,241,885.6812040354517,644.1264991514238,955.2,546.6
242,242,885.6812040354517,644.1264991514238,955.2,546.6
243,243,885.6812040354517,644.1264991514238,955.2,546.6
244,244,885.6812040354517,644.1264991514238,955.2,546.6
245,245,885.6812040354517,644.1264991514238,955.2,546.6
246,246,885.6812040354517,644.1264991514238,955.2,546.6
247,247,885.6812040354517,644.1264991514238,955.2,546.6
248,248,885.6812040354517,644.1264991514238,955.2,546.6
249,249,885.6812040354517,644.1264991514238,955.2,546.6
250,250,885.6812040354517,644.1264991514238,955.2,546.6
251,251,885.6812040354517,644.1264991514238,955.2,546.6
252,252,885.6812040354517,644.1264991514238,955.2,546.6
253,253,885.6812040354517,644.1264991514238,955.2,546.6
254,254,885.6812040354517,644.1264991514238,955.2,546.6
255,255,885.6812040354517,644.1264991514238,955.2,546.6
256,256,885.6812040354517,644.1264991514238,955.2,546.6
257,257,885.6812040354517,644.1264991514238,955.2,546.6
258,258,885.6812040354517,644.1264991514238,955.2,546.6
259,259,885.6812040354517,644.1264991514238,955.2,546.6
260,260,885.6812040354517,644.1264991514238,955.2,546.6
261,261,885.6812040354517,644.1264991514238,955.2,546.6
262,262,885.6812040354517,644.1264991514238,955.2,546.6
263,263,885.6812040354517,644.1264991514238,955.2,546.6
264,264,885.6812040354517,644.1264991514238,955.2,546.6
265,265,885.6812040354517,644.1264991514238,955.2,546.6
266,266,885.6812040354517,644.1264991514238,955.2,546.6
267,267,885.6812040354517,644.1264991514238,955.2,546.6
268,268,885.6812040354517,644.1264991514238,955.2,546.6
269,269,885.6812040354517,644.1264991514238,955.2,546.6
270,270,885.6812040354517,644.1264991514238,955.2,546.6
271,271,885.6812040354517,644.1264991514238,955.2,546.6
272,272,885.6812040354517,644.1264991514238,955.2,546.6
273,273,885.6812040354517,644.1264991514238,955.2,546.6
274,274,885.6812040354517,644.1264991514238,955.2,546.6
275,275,885.6812040354517,644.1264991514238,955.2,546.6
276,276,885.6812040354517,644.1264991514238,955.2,546.6
277,277,885.6812040354517,644.1264991514238,955.2,546.6
278,278,885.6812040354517,644.1264991514238,955.2,546.6
279,279,885.6812040354517,644.1264991514238,955.2,546.6
280,280,885.6812040354517,644.1264991514238,955.2,546.6
281,281,885.6812040354517,644.1264991514238,955.2,546.6
282,282,885.6812040354517,644.1264991514238,955.2,546.6
283,283,885.6812040354517,644.1264991514238,955.2,546.6
284,284,885.6812040354517,644.1264991514238,955.2,546.6
285,285,885.6812040354517,644.1264991514238,955.2,546.6
286,286,885.6812040354517,644.1264991514238,955.2,546.6
287,287,885.6812040354517,644.1264991514238,955.2,546.6
288,288,885.6812040354517,644.1264991514238,955.2,546.6
289,289,885.6812040354517,644.1264991514238,955.2,546.6
290,290,885.6812040354517,644.1264991514238,955.2,546.6
291,291,885.6812040354517,644.1264991514238,955.2,546.6
292,292,885.6812040354517,644.1264991514238,955.2,546.6
293,293,885.6812040354517,644.1264991514238,955.2,546.6
294,294,885.6812040354517,644.1264991514238,955.2,546.6
295,295,885.6812040354517,644.1264991514238,955.2,546.6
296,296,885.6812040354517,644.1264991514238,955.2,546.6
297,297,885.6812040354517,644.1264991514238,955.2,546.6
298,298,885.6812040354517,644.1264991514238,955.2,546.6
299,299,806.6812040354517,691.1264991514238,955.2,546.6
300,300,806.6812040354517,691.1264991514238,955.2,546.6
301,301,806.6812040354517,691.1264991514238,955.2,546.6
302,302,806.6812040354517,691.1264991514238,955.2,546.6
303,303,806.6812040354517,691.1264991514238,955.2,546.6
304,304,806.6812040354517,691.1264991514238,955.2,546.6
305,305,806.6812040354517,691.1264991514238,955.2,546.6
306,306,806.6812040354517,691.1264991514238,955.2,546.6
307,307,806.6812040354517,691.1264991514238,955.2,546.6
308,308,806.6812040354517,691.1264991514238,955.2,546.6
309,309,806.6812040354517,691.1264991514238,955.2,546.6
310,310,806.6812040354517,691.1264991514238,955.2,546.6
311,311,806.6812040354517,691.1264991514238,955.2,546.6
312,312,806.6812040354517,691.1264991514238,955.2,546.6
313,313,806.6812040354517,691.1264991514238,955.2,546.6
314,314,806.6812040354517,691.1264991514238,955.2,546.6
315,315,806.6812040354517,691.1264991514238,955.2,546.6
316,316,806.6812040354517,691.1264991514238,955.2,546.6
317,317,806.6812040354517,691.1264991514238,955.2,546.6
318,318,806.6812040354517,691.1264991514238,955.2,546.6
319,319,806.6812040354517,691.1264991514238,955.2,546.6
320,320,806.6812040354517,691.1264991514238,955.2,546.6
321,321,806.6812040354517,691.1264991514238,955.2,546.6
322,322,806.6812040354517,691.1264991514238,955.2,546.6
323,323,806.6812040354517,691.1264991514238,955.2,546.6
324,324,806.6812040354517,691.1264991514238,955.2,546.6
325,325,806.6812040354517,691.1264991514238,955.2,546.6
326,326,806.6812040354517,691.1264991514238,955.2,546.6
327,327,806.6812040354517,691.1264991514238,955.2,546.6
328,328,806.6812040354517,691.1264991514238,955.2,546.6
329,329,806.6812040354517,691.1264991514238,955.2,546.6
330,330,806.6812040354517,691.1264991514238,955.2,546.6
331,331,806.6812040354517,691.1264991514238,955.2,546.6
332,332,806.6812040354517,691.1264991514238,955.2,546.6
333,333,726.6812040354517,737.1264991514238,955.2,546.6
334,334,726.6812040354517,737.1264991514238,955.2,546.6
335,335,726.6812040354517,737.1264991514238,955.2,546.6
336,336,726.6812040354517,737.1264991514238,955.2,546.6
337,337,726.6812040354517,737.1264991514238,955.2,546.6
338,337,726.6812040354517,737.1264991514238,955.241836734694,546.5826530612245
339,337,726.6812040354517,737.1264991514238,955.2836734693878,546.565306122449
340,337,726.6812040354517,737.1264991514238,955.3255102040816,546.5479591836735
341,337,726.6812040354517,737.1264991514238,955.3673469387755,546.530612244898
342,337,726.6812040354517,737.1264991514238,955.4091836734694,546.5132653061224
343,337,726.6812040354517,737.1264991514238,955.4510204081633,546.4959183673469
344,337,726.6812040354517,737.1264991514238,955.4928571428571,546.4785714285714
345,337,726.6812040354517,737.1264991514238,955.534693877551,546.4612244897959
346,337,726.6812040354517,737.1264991514238,955.5765306122449,546.4438775510205
347,337,726.6812040354517,737.1264991514238,955.6183673469388,546.426530612245
348,337,726.6812040354517,737.1264991514238,955.6602040816327,546.4091836734694
349,337,726.6812040354517,737.1264991514238,955.7020408163265,546.3918367346939
350,337,726.6812040354517,737.1264991514238,955.7438775510204,546.3744897959184
351,337,726.6812040354517,737.1264991514238,955.7857142857143,546.3571428571429
352,337,726.6812040354517,737.1264991514238,955.8275510204082,546.3397959183674
353,337,726.6812040354517,737.1264991514238,955.869387755102,546.3224489795919
354,337,726.6812040354517,737.1264991514238,955.9112244897959,546.3051020408163
355,337,726.6812040354517,737.1264991514238,955.9530612244898,546.2877551020408
356,337,726.6812040354517,737.1264991514238,955.9948979591837,546.2704081632653
357,337,726.6812040354517,737.1264991514238,956.0367346938776,546.2530612244898
358,337,726.6812040354517,737.1264991514238,956.0785714285714,546.2357142857143
359,337,726.6812040354517,737.1264991514238,956.1204081632653,546.2183673469387
360,337,726.6812040354517,737.1264991514238,956.1622448979592,546.2010204081632
361,337,726.6812040354517,737.1264991514238,956.2040816326531,546.1836734693877
362,337,726.6812040354517,737.1264991514238,956.2459183673469,546.1663265306123
363,337,726.6812040354517,737.1264991514238,956.2877551020408,546.1489795918368
364,337,726.6812040354517,737.1264991514238,956.3295918367347,546.1316326530613
365,337,726.6812040354517,737.1264991514238,956.3714285714286,546.1142857142858
366,337,726.6812040354517,737.1264991514238,956.4132653061224,546.0969387755102
367,337,726.6812040354517,737.1264991514238,956.4551020408163,546.0795918367347
368,337,726.6812040354517,737.1264991514238,956.4969387755102,546.0622448979592
369,337,726.6812040354517,737.1264991514238,956.5387755102041,546.0448979591837
370,337,726.6812040354517,737.1264991514238,956.580612244898,546.0275510204082
371,337,726.6812040354517,737.1264991514238,956.6224489795918,546.0102040816327
372,337,726.6812040354517,737.1264991514238,956.6642857142857,545.9928571428571
373,337,726.6812040354517,737.1264991514238,956.7061224489796,545.9755102040816
374,337,726.6812040354517,737.1264991514238,956.7479591836735,545.9581632653061
375,337,726.6812040354517,737.1264991514238,956.7897959183673,545.9408163265306
376,337,726.6812040354517,737.1264991514238,956.8316326530612,545.9234693877551
377,337,726.6812040354517,737.1264991514238,956.8734693877551,545.9061224489795
378,337,726.6812040354517,737.1264991514238,956.915306122449,545.8887755102041
379,337,726.6812040354517,737.1264991514238,956.9571428571429,545.8714285714286
380,337,726.6812040354517,737.1264991514238,956.9989795918367,545.8540816326531
381,337,726.6812040354517,737.1264991514238,957.0408163265306,545.8367346938776
382,337,726.6812040354517,737.1264991514238,957.0826530612245,545.8193877551021
383,337,726.6812040354517,737.1264991514238,957.1244897959184,545.8020408163266
384,337,726.6812040354517,737.1264991514238,957.1663265306122,545.784693877551
385,337,726.6812040354517,737.1264991514238,957.2081632653061,545.7673469387755
386,337,726.6812040354517,737.1264991514238,957.25,545.75
387,337,726.6812040354517,737.1264991514238,957.2918367346939,545.7326530612245
388,337,726.6812040354517,737.1264991514238,957.3336734693878,545.715306122449
389,337,726.6812040354517,737.1264991514238,957.3755102040816,545.6979591836734
390,337,726.6812040354517,737.1264991514238,957.4173469387755,545.6806122448979
391,337,726.6812040354517,737.1264991514238,957.4591836734694,545.6632653061224
392,337,726.6812040354517,737.1264991514238,957.5010204081633,545.6459183673469
393,337,726.6812040354517,737.1264991514238,957.5428571428571,545.6285714285714
394,337,726.6812040354517,737.1264991514238,957.584693877551,545.6112244897959
395,337,726.6812040354517,737.1264991514238,957.6265306122449,545.5938775510205
396,337,726.6812040354517,737.1264991514238,957.6683673469388,545.5765306122449
397,337,726.6812040354517,737.1264991514238,957.7102040816327,545.5591836734694
398,337,726.6812040354517,737.1264991514238,957.7520408163265,545.5418367346939
399,337,726.6812040354517,737.1264991514238,957.7938775510204,545.5244897959184
400,337,726.6812040354517,737.1264991514238,957.8357142857143,545.5071428571429
401,337,726.6812040354517,737.1264991514238,957.8775510204082,545.4897959183673
402,337,726.6812040354517,737.1264991514238,957.919387755102,545.4724489795918
403,337,726.6812040354517,737.1264991514238,957.9612244897959,545.4551020408163
404,337,726.6812040354517,737.1264991514238,958.0030612244898,545.4377551020408
405,337,726.6812040354517,737.1264991514238,958.0448979591837,545.4204081632653
406,337,726.6812040354517,737.1264991514238,958.0867346938776,545.4030612244898
407,337,726.6812040354517,737.1264991514238,958.1285714285714,545.3857142857142
408,337,726.6812040354517,737.1264991514238,958.1704081632653,545.3683673469387
409,337,726.6812040354517,737.1264991514238,958.2122448979592,545.3510204081632
410,337,726.6812040354517,737.1264991514238,958.2540816326531,545.3336734693877
411,337,726.6812040354517,737.1264991514238,958.2959183673469,545.3163265306123
412,337,726.6812040354517,737.1264991514238,958.3377551020408,545.2989795918368
413,337,726.6812040354517,737.1264991514238,958.3795918367347,545.2816326530613
414,337,726.6812040354517,737.1264991514238,958.4214285714286,545.2642857142857
415,337,726.6812040354517,737.1264991514238,958.4632653061224,545.2469387755102
416,337,726.6812040354517,737.1264991514238,958.5051020408163,545.2295918367347
417,337,726.6812040354517,737.1264991514238,958.5469387755102,545.2122448979592
418,337,726.6812040354517,737.1264991514238,958.5887755102041,545.1948979591837
419,337,726.6812040354517,737.1264991514238,958.630612244898,545.1775510204081
420,337,726.6812040354517,737.1264991514238,958.6724489795918,545.1602040816326
421,337,726.6812040354517,737.1264991514238,958.7142857142857,545.1428571428571
422,337,726.6812040354517,737.1264991514238,958.7561224489796,545.1255102040816
423,337,726.6812040354517,737.1264991514238,958.7979591836735,545.1081632653061
424,337,726.6812040354517,737.1264991514238,958.8397959183673,545.0908163265306
425,337,726.6812040354517,737.1264991514238,958.8816326530612,545.073469387755
426,337,726.6812040354517,737.1264991514238,958.9234693877551,545.0561224489795
427,337,726.6812040354517,737.1264991514238,958.965306122449,545.0387755102041
428,337,726.6812040354517,737.1264991514238,959.0071428571429,545.0214285714286
429,337,726.6812040354517,737.1264991514238,959.0489795918367,545.0040816326531
430,337,726.6812040354517,737.1264991514238,959.0908163265306,544.9867346938776
431,337,726.6812040354517,737.1264991514238,959.1326530612245,544.969387755102
432,337,726.6812040354517,737.1264991514238,959.1744897959184,544.9520408163265
433,337,726.6812040354517,737.1264991514238,959.2163265306122,544.934693877551
434,337,726.6812040354517,737.1264991514238,959.258163265306,544.9173469387755
435,337,726.6812040354517,737.1264991514238,959.3,544.9
436,337,726.6812040354517,737.1264991514238,959.3,544.9
437,337,726.6812040354517,737.1264991514238,959.3,544.9
438,337,726.6812040354517,737.1264991514238,959.3,544.9
439,337,726.6812040354517,737.1264991514238,959.3,544.9
440,337,726.6812040354517,737.1264991514238,959.3,544.9
441,337,726.6812040354517,737.1264991514238,959.3,544.9
442,337,726.6812040354517,737.1264991514238,959.3,544.9
443,337,726.6812040354517,737.1264991514238,959.3,544.9
444,337,726.6812040354517,737.1264991514238,959.3,544.9
445,337,726.6812040354517,737.1264991514238,959.3,544.9
446,337,726.6812040354517,737.1264991514238,959.3,544.9
447,337,726.6812040354517,737.1264991514238,959.3,544.9
448,337,726.6812040354517,737.1264991514238,959.3,544.9
449,337,726.6812040354517,737.1264991514238,959.3,544.9
450,337,726.6812040354517,737.1264991514238,959.3,544.9
451,337,726.6812040354517,737.1264991514238,959.3,544.9
452,337,726.6812040354517,737.1264991514238,959.3,544.9
453,337,726.6812040354517,737.1264991514238,959.3,544.9
454,337,726.6812040354517,737.1264991514238,959.3,544.9
455,337,726.6812040354517,737.1264991514238,959.3,544.9
456,337,726.6812040354517,737.1264991514238,959.3,544.9
457,337,726.6812040354517,737.1264991514238,959.3,544.9
458,337,726.6812040354517,737.1264991514238,959.3,544.9
459,337,726.6812040354517,737.1264991514238,959.3,544.9
460,337,726.6812040354517,737.1264991514238,959.3,544.9
461,337,726.6812040354517,737.1264991514238,959.3,544.9
462,337,726.6812040354517,737.1264991514238,959.3,544.9
463,337,726.6812040354517,737.1264991514238,959.3,544.9
464,337,726.6812040354517,737.1264991514238,959.3,544.9
465,337,726.6812040354517,737.1264991514238,959.3,544.9
466,337,726.6812040354517,737.1264991514238,959.3,544.9
467,337,726.6812040354517,737.1264991514238,959.3,544.9
468,337,726.6812040354517,737.1264991514238,959.3,544.9
469,337,726.6812040354517,737.1264991514238,959.3,544.9
470,337,726.6812040354517,737.1264991514238,959.3,544.9
471,337,726.6812040354517,737.1264991514238,959.3,544.9
472,337,726.6812040354517,737.1264991514238,959.3,544.9
473,337,726.6812040354517,737.1264991514238,959.3,544.9
474,337,726.6812040354517,737.1264991514238,959.3,544.9
475,337,726.6812040354517,737.1264991514238,959.3,544.9
476,337,726.6812040354517,737.1264991514238,959.3,544.9
477,337,726.6812040354517,737.1264991514238,959.3,544.9
478,337,726.6812040354517,737.1264991514238,959.3,544.9
479,337,726.6812040354517,737.1264991514238,959.3,544.9
480,337,726.6812040354517,737.1264991514238,959.3,544.9
481,337,726.6812040354517,737.1264991514238,959.3,544.9
482,337,726.6812040354517,737.1264991514238,959.3,544.9
483,337,726.6812040354517,737.1264991514238,959.3,544.9
484,337,726.6812040354517,737.1264991514238,959.3,544.9
485,337,726.6812040354517,737.1264991514238,959.3,544.9
486,337,726.6812040354517,737.1264991514238,959.3,544.9
487,337,726.6812040354517,737.1264991514238,959.3,544.9
488,337,726.6812040354517,737.1264991514238,959.3,544.9
489,337,726.6812040354517,737.1264991514238,959.3,544.9
490,337,726.6812040354517,737.1264991514238,959.3,544.9
491,337,726.6812040354517,737.1264991514238,959.3,544.9
492,337,726.6812040354517,737.1264991514238,959.3,544.9
493,337,726.6812040354517,737.1264991514238,959.3,544.9
494,337,726.6812040354517,737.1264991514238,959.3,544.9
495,337,726.6812040354517,737.1264991514238,959.3,544.9
496,337,726.6812040354517,737.1264991514238,959.3,544.9
497,337,726.6812040354517,737.1264991514238,959.3,544.9
498,337,726.6812040354517,737.1264991514238,959.3,544.9
499,337,726.6812040354517,737.1264991514238,959.3,544.9
500,337,726.6812040354517,737.1264991514238,959.3,544.9
501,337,726.6812040354517,737.1264991514238,959.3,544.9
502,337,726.6812040354517,737.1264991514238,959.3,544.9
503,337,726.6812040354517,737.1264991514238,959.3,544.9
504,337,726.6812040354517,737.1264991514238,959.3,544.9
505,337,726.6812040354517,737.1264991514238,959.3,544.9
506,338,726.6812040354517,737.1264991514238,959.3,544.9
507,339,726.6812040354517,737.1264991514238,959.3,544.9
508,340,726.6812040354517,737.1264991514238,959.3,544.9
509,341,726.6812040354517,737.1264991514238,959.3,544.9
510,342,726.6812040354517,737.1264991514238,959.3,544.9
511,343,726.6812040354517,737.1264991514238,959.3,544.9
512,344,726.6812040354517,737.1264991514238,959.3,544.9
513,345,726.6812040354517,737.1264991514238,959.3,544.9
514,346,726.6812040354517,737.1264991514238,959.3,544.9
515,347,726.6812040354517,737.1264991514238,959.3,544.9
516,348,726.6812040354517,737.1264991514238,959.3,544.9
517,349,726.6812040354517,737.1264991514238,959.3,544.9
518,350,726.6812040354517,737.1264991514238,959.3,544.9
519,351,726.6812040354517,737.1264991514238,959.3,544.9
520,352,726.6812040354517,737.1264991514238,959.3,544.9
521,353,726.6812040354517,737.1264991514238,959.3,544.9
522,354,726.6812040354517,737.1264991514238,959.3,544.9
523,355,726.6812040354517,737.1264991514238,959.3,544.9
524,356,726.6812040354517,737.1264991514238,959.3,544.9
525,357,726.6812040354517,737.1264991514238,959.3,544.9
526,358,726.6812040354517,737.1264991514238,959.3,544.9
527,359,726.6812040354517,737.1264991514238,959.3,544.9
528,360,726.6812040354517,737.1264991514238,959.3,544.9
529,361,726.6812040354517,737.1264991514238,959.3,544.9
530,362,726.6812040354517,737.1264991514238,959.3,544.9
531,363,726.6812040354517,737.1264991514238,959.3,544.9
532,364,726.6812040354517,737.1264991514238,959.3,544.9
533,365,883.6812040354517,729.1264991514238,959.3,544.9
534,366,883.6812040354517,729.1264991514238,959.3,544.9
535,367,883.6812040354517,729.1264991514238,959.3,544.9
536,368,883.6812040354517,729.1264991514238,959.3,544.9
537,369,883.6812040354517,729.1264991514238,959.3,544.9
538,370,883.6812040354517,729.1264991514238,959.3,544.9
539,371,883.6812040354517,729.1264991514238,959.3,544.9
540,372,883.6812040354517,729.1264991514238,959.3,544.9
541,373,883.6812040354517,729.1264991514238,959.3,544.9
541,374,883.6812040354517,729.1264991514238,959.3,544.9
541,375,883.6812040354517,729.1264991514238,959.3,544.9
541,376,883.6812040354517,729.1264991514238,959.3,544.9
541,377,883.6812040354517,729.1264991514238,959.3,544.9
542,378,883.6812040354517,729.1264991514238,959.3,544.9
543,379,883.6812040354517,729.1264991514238,959.3,544.9
544,380,883.6812040354517,729.1264991514238,959.3,544.9
545,381,883.6812040354517,729.1264991514238,959.3,544.9
546,382,883.6812040354517,729.1264991514238,959.3,544.9
547,383,883.6812040354517,729.1264991514238,959.3,544.9
548,384,883.6812040354517,729.1264991514238,959.3,544.9
549,385,883.6812040354517,729.1264991514238,959.3,544.9
550,386,883.6812040354517,729.1264991514238,959.3,544.9
551,387,883.6812040354517,729.1264991514238,959.3,544.9
552,388,883.6812040354517,729.1264991514238,959.3,544.9
553,389,883.6812040354517,729.1264991514238,959.3,544.9
554,390,883.6812040354517,729.1264991514238,959.3,544.9
555,391,883.6812040354517,729.1264991514238,959.3,544.9
556,392,883.6812040354517,729.1264991514238,959.3,544.9
557,393,883.6812040354517,729.1264991514238,959.3,544.9
558,394,883.6812040354517,729.1264991514238,959.3,544.9
559,395,883.6812040354517,729.1264991514238,959.3,544.9
560,396,883.6812040354517,729.1264991514238,960.7181818181817,552.1727272727272
561,397,883.6812040354517,729.1264991514238,962.1363636363636,559.4454545454545
562,398,883.6812040354517,729.1264991514238,963.5545454545454,566.7181818181818
563,398,883.6812040354517,729.1264991514238,964.9727272727272,573.9909090909091
564,398,883.6812040354517,729.1264991514238,966.3909090909091,581.2636363636364
565,398,883.6812040354517,729.1264991514238,967.8090909090909,588.5363636363636
566,398,883.6812040354517,729.1264991514238,969.2272727272727,595.8090909090909
567,398,883.6812040354517,729.1264991514238,970.6454545454545,603.0818181818181
568,398,883.6812040354517,729.1264991514238,972.0636363636363,610.3545454545455
569,398,883.6812040354517,729.1264991514238,973.4818181818182,617.6272727272727
570,398,883.6812040354517,729.1264991514238,974.9,624.9
571,398,883.6812040354517,729.1264991514238,974.9,624.9
572,398,883.6812040354517,729.1264991514238,974.9,624.9
573,398,883.6812040354517,729.1264991514238,974.9,624.9
574,398,883.6812040354517,729.1264991514238,974.9,624.9
575,398,883.6812040354517,729.1264991514238,974.9,624.9
576,398,883.6812040354517,729.1264991514238,974.9,624.9
577,398,883.6812040354517,729.1264991514238,974.9,624.9
578,398,883.6812040354517,729.1264991514238,974.9,624.9
579,398,883.6812040354517,729.1264991514238,974.9,624.9
580,398,883.6812040354517,729.1264991514238,974.9,624.9
581,398,883.6812040354517,729.1264991514238,974.9,624.9
582,398,883.6812040354517,729.1264991514238,974.9,624.9
583,398,883.6812040354517,729.1264991514238,974.9,624.9
584,398,883.6812040354517,729.1264991514238,974.9,624.9
585,398,883.6812040354517,729.1264991514238,974.9,624.9
586,398,883.6812040354517,729.1264991514238,974.9,624.9
587,398,883.6812040354517,729.1264991514238,974.9,624.9
588,398,883.6812040354517,729.1264991514238,974.9,624.9
589,398,883.6812040354517,729.1264991514238,974.9,624.9
590,398,883.6812040354517,729.1264991514238,974.9,624.9
591,398,883.6812040354517,729.1264991514238,974.9,624.9
592,398,883.6812040354517,729.1264991514238,974.9,624.9
593,398,883.6812040354517,729.1264991514238,974.9,624.9
594,398,883.6812040354517,729.1264991514238,974.9,624.9
595,398,883.6812040354517,729.1264991514238,974.9,624.9
596,398,883.6812040354517,729.1264991514238,974.9,624.9
597,398,883.6812040354517,729.1264991514238,974.9,624.9
598,398,883.6812040354517,729.1264991514238,974.9,624.9
599,398,883.6812040354517,729.1264991514238,974.9,624.9
600,398,883.6812040354517,729.1264991514238,974.9,624.9
601,398,883.6812040354517,729.1264991514238,974.9,624.9
602,398,883.6812040354517,729.1264991514238,974.9,624.9
603,398,883.6812040354517,729.1264991514238,974.9,624.9
604,398,883.6812040354517,729.1264991514238,974.9,624.9
605,398,883.6812040354517,729.1264991514238,974.9,624.9
606,398,883.6812040354517,729.1264991514238,974.9,624.9
607,398,883.6812040354517,729.1264991514238,974.9,624.9
608,398,883.6812040354517,729.1264991514238,974.9,624.9
609,398,883.6812040354517,729.1264991514238,974.9,624.9
610,398,883.6812040354517,729.1264991514238,974.9,624.9
611,398,883.6812040354517,729.1264991514238,974.9,624.9
612,398,883.6812040354517,729.1264991514238,974.9,624.9
613,398,883.6812040354517,729.1264991514238,974.9,624.9
614,398,883.6812040354517,729.1264991514238,974.9,624.9
615,398,883.6812040354517,729.1264991514238,974.9,624.9
616,398,883.6812040354517,729.1264991514238,974.9,624.9
617,398,883.6812040354517,729.1264991514238,974.9,624.9
618,398,883.6812040354517,729.1264991514238,974.9,624.9
619,398,883.6812040354517,729.1264991514238,974.9,624.9
620,398,883.6812040354517,729.1264991514238,974.9,624.9
621,398,883.6812040354517,729.1264991514238,974.9,624.9
622,398,883.6812040354517,729.1264991514238,974.9,624.9
623,398,883.6812040354517,729.1264991514238,974.9,624.9
624,398,883.6812040354517,729.1264991514238,974.9,624.9
625,398,883.6812040354517,729.1264991514238,974.9,624.9
626,398,883.6812040354517,729.1264991514238,974.9,624.9
627,398,883.6812040354517,729.1264991514238,974.9,624.9
628,398,883.6812040354517,729.1264991514238,974.9,624.9
629,398,883.6812040354517,729.1264991514238,974.9,624.9
630,398,883.6812040354517,729.1264991514238,974.9,624.9
631,398,883.6812040354517,729.1264991514238,974.9,624.9
632,398,883.6812040354517,729.1264991514238,974.9,624.9
633,398,883.6812040354517,729.1264991514238,974.9,624.9
634,398,883.6812040354517,729.1264991514238,974.9,624.9
635,398,883.6812040354517,729.1264991514238,974.9,624.9
636,398,883.6812040354517,729.1264991514238,974.9,624.9
637,398,883.6812040354517,729.1264991514238,974.9,624.9
638,398,883.6812040354517,729.1264991514238,974.9,624.9
639,398,883.6812040354517,729.1264991514238,974.9,624.9
640,398,883.6812040354517,729.1264991514238,974.9,624.9
641,398,883.6812040354517,729.1264991514238,974.9,624.9
642,398,883.6812040354517,729.1264991514238,974.9,624.9
643,398,883.6812040354517,729.1264991514238,974.9,624.9
644,398,883.6812040354517,729.1264991514238,974.9,624.9
645,398,883.6812040354517,729.1264991514238,974.9,624.9
646,398,883.6812040354517,729.1264991514238,974.9,624.9
647,398,883.6812040354517,729.1264991514238,974.9,624.9
648,398,883.6812040354517,729.1264991514238,974.9,624.9
649,398,883.6812040354517,729.1264991514238,974.9,624.9
650,398,883.6812040354517,729.1264991514238,974.9,624.9
651,398,883.6812040354517,729.1264991514238,974.9,624.9
652,398,883.6812040354517,729.1264991514238,974.9,624.9
653,398,883.6812040354517,729.1264991514238,974.9,624.9
654,398,883.6812040354517,729.1264991514238,974.9,624.9
655,398,883.6812040354517,729.1264991514238,974.9,624.9
656,398,883.6812040354517,729.1264991514238,974.9,624.9
657,398,883.6812040354517,729.1264991514238,974.9,624.9
658,398,883.6812040354517,729.1264991514238,974.9,624.9
659,398,883.6812040354517,729.1264991514238,974.9,624.9
660,398,883.6812040354517,729.1264991514238,974.9,624.9
661,398,883.6812040354517,729.1264991514238,974.9,624.9
662,398,883.6812040354517,729.1264991514238,974.9,624.9
663,398,889.6812040354517,719.1264991514238,974.9,624.9
664,398,889.6812040354517,719.1264991514238,974.9,624.9
665,398,889.6812040354517,719.1264991514238,974.9,624.9
666,399,889.6812040354517,719.1264991514238,974.9,624.9
667,400,889.6812040354517,719.1264991514238,974.9,624.9
668,400,889.6812040354517,719.1264991514238,974.9,624.9
669,400,889.6812040354517,719.1264991514238,974.9,624.9
670,400,889.6812040354517,719.1264991514238,974.9,624.9
671,400,889.6812040354517,719.1264991514238,974.9,624.9
672,400,889.6812040354517,719.1264991514238,974.9,624.9
673,400,889.6812040354517,719.1264991514238,974.9,624.9
674,400,889.6812040354517,719.1264991514238,974.9,624.9
675,400,889.6812040354517,719.1264991514238,974.9,624.9
676,400,889.6812040354517,719.1264991514238,974.9,624.9
677,400,889.6812040354517,719.1264991514238,974.9,624.9
678,400,889.6812040354517,719.1264991514238,974.9,624.9
679,400,889.6812040354517,719.1264991514238,974.9,624.9
680,400,889.6812040354517,719.1264991514238,974.9,624.9
681,400,889.6812040354517,719.1264991514238,974.9,624.9
682,400,889.6812040354517,719.1264991514238,974.9,624.9
683,400,889.6812040354517,719.1264991514238,974.9,624.9
684,400,889.6812040354517,719.1264991514238,974.9,624.9
685,400,889.6812040354517,719.1264991514238,974.9,624.9
686,400,889.6812040354517,719.1264991514238,974.9,624.9
687,400,889.6812040354517,719.1264991514238,974.9,624.9
688,400,889.6812040354517,719.1264991514238,974.9,624.9
689,400,889.6812040354517,719.1264991514238,974.9,624.9
690,400,889.6812040354517,719.1264991514238,974.9,624.9
691,400,889.6812040354517,719.1264991514238,974.9,624.9
692,400,889.6812040354517,719.1264991514238,974.9,624.9
693,400,889.6812040354517,719.1264991514238,974.9,624.9
694,400,889.6812040354517,719.1264991514238,974.9,624.9
695,400,889.6812040354517,719.1264991514238,974.9,624.9
696,400,889.6812040354517,719.1264991514238,974.9,624.9
697,400,889.6812040354517,719.1264991514238,974.9,624.9
698,400,889.6812040354517,719.1264991514238,974.9,624.9
699,400,889.6812040354517,719.1264991514238,974.9,624.9
700,400,889.6812040354517,719.1264991514238,974.9,624.9
701,400,889.6812040354517,719.1264991514238,974.9,624.9
702,400,889.6812040354517,719.1264991514238,974.9,624.9
703,400,889.6812040354517,719.1264991514238,974.9,624.9
704,400,889.6812040354517,719.1264991514238,974.9,624.9
705,400,889.6812040354517,719.1264991514238,974.9,624.9
706,400,889.6812040354517,719.1264991514238,974.9,624.9
707,400,889.6812040354517,719.1264991514238,974.9,624.9
708,400,889.6812040354517,719.1264991514238,974.9,624.9
709,400,889.6812040354517,719.1264991514238,974.9,624.9
710,400,889.6812040354517,719.1264991514238,974.9,624.9
711,400,889.6812040354517,719.1264991514238,974.9,624.9
712,400,889.6812040354517,719.1264991514238,974.9,624.9
713,400,889.6812040354517,719.1264991514238,974.9,624.9
714,400,889.6812040354517,719.1264991514238,974.9,624.9
715,400,889.6812040354517,719.1264991514238,974.9,624.9
716,400,889.6812040354517,719.1264991514238,974.9,624.9
717,400,889.6812040354517,719.1264991514238,974.9,624.9
718,400,889.6812040354517,719.1264991514238,974.9,624.9
719,400,889.6812040354517,719.1264991514238,974.9,624.9
720,400,889.6812040354517,719.1264991514238,974.9,624.9
721,400,889.6812040354517,719.1264991514238,974.9,624.9
722,400,889.6812040354517,719.1264991514238,974.9,624.9
723,400,889.6812040354517,719.1264991514238,974.9,624.9
724,400,889.6812040354517,719.1264991514238,974.9,624.9
725,400,889.6812040354517,719.1264991514238,974.9,624.9
726,400,889.6812040354517,719.1264991514238,974.9,624.9
727,400,889.6812040354517,719.1264991514238,974.9,624.9
728,400,889.6812040354517,719.1264991514238,974.9,624.9
729,400,889.6812040354517,719.1264991514238,974.9,624.9
730,400,889.6812040354517,719.1264991514238,974.9,624.9
731,400,889.6812040354517,719.1264991514238,974.9,624.9
732,400,889.6812040354517,719.1264991514238,974.9,624.9
733,400,889.6812040354517,719.1264991514238,974.9,624.9
734,400,889.6812040354517,719.1264991514238,974.9,624.9
735,400,889.6812040354517,719.1264991514238,974.9,624.9
736,400,889.6812040354517,719.1264991514238,974.9,624.9
737,400,889.6812040354517,719.1264991514238,974.9,624.9
738,400,889.6812040354517,719.1264991514238,974.9,624.9
739,400,889.6812040354517,719.1264991514238,974.9,624.9
740,400,889.6812040354517,719.1264991514238,974.9,624.9
741,400,889.6812040354517,719.1264991514238,974.9,624.9
742,400,889.6812040354517,719.1264991514238,974.9,624.9
743,400,889.6812040354517,719.1264991514238,974.9,624.9
744,400,889.6812040354517,719.1264991514238,974.9,624.9
745,400,889.6812040354517,719.1264991514238,974.9,624.9
746,400,889.6812040354517,719.1264991514238,974.9,624.9
747,400,889.6812040354517,719.1264991514238,974.9,624.9
748,400,889.6812040354517,719.1264991514238,974.9,624.9
749,400,889.6812040354517,719.1264991514238,974.9,624.9
750,400,889.6812040354517,719.1264991514238,974.9,624.9
751,400,889.6812040354517,719.1264991514238,974.9,624.9
752,400,889.6812040354517,719.1264991514238,974.9,624.9
753,400,889.6812040354517,719.1264991514238,974.9,624.9
754,400,889.6812040354517,719.1264991514238,974.9,624.9
755,400,889.6812040354517,719.1264991514238,974.9,624.9
756,400,889.6812040354517,719.1264991514238,974.9,624.9
757,400,889.6812040354517,719.1264991514238,974.9,624.9
758,400,889.6812040354517,719.1264991514238,974.9,624.9
759,400,889.6812040354517,719.1264991514238,974.9,624.9
760,400,889.6812040354517,719.1264991514238,974.9,624.9
761,400,889.6812040354517,719.1264991514238,974.9,624.9
762,400,889.6812040354517,719.1264991514238,974.9,624.9
763,400,889.6812040354517,719.1264991514238,974.9,624.9
764,400,889.6812040354517,719.1264991514238,974.9,624.9
765,400,889.6812040354517,719.1264991514238,974.9,624.9
766,400,889.6812040354517,719.1264991514238,974.9,624.9
767,400,889.6812040354517,719.1264991514238,974.9,624.9
768,400,889.6812040354517,719.1264991514238,974.9,624.9
769,400,889.6812040354517,719.1264991514238,974.9,624.9
770,400,889.6812040354517,719.1264991514238,974.9,624.9
771,400,889.6812040354517,719.1264991514238,974.9,624.9
772,400,889.6812040354517,719.1264991514238,974.9,624.9
773,400,889.6812040354517,719.1264991514238,974.9,624.9
774,401,889.6812040354517,719.1264991514238,974.9,624.9
775,402,889.6812040354517,719.1264991514238,974.9,624.9
776,403,889.6812040354517,719.1264991514238,974.9,624.9
777,404,889.6812040354517,719.1264991514238,974.9,624.9
778,405,889.6812040354517,719.1264991514238,974.9,624.9
779,406,889.6812040354517,719.1264991514238,974.9,624.9
780,407,889.6812040354517,719.1264991514238,974.9,624.9
781,408,889.6812040354517,719.1264991514238,974.9,624.9
782,409,889.6812040354517,719.1264991514238,974.9,624.9
783,410,889.6812040354517,719.1264991514238,974.9,624.9
784,411,889.6812040354517,719.1264991514238,974.9,624.9
785,412,889.6812040354517,719.1264991514238,974.9,624.9
786,413,889.6812040354517,719.1264991514238,974.9,624.9
787,414,889.6812040354517,719.1264991514238,974.9,624.9
788,415,889.6812040354517,719.1264991514238,974.9,624.9
789,416,889.6812040354517,719.1264991514238,974.9,624.9
790,417,889.6812040354517,719.1264991514238,974.9,624.9
791,418,889.6812040354517,719.1264991514238,974.9,624.9
792,419,889.6812040354517,719.1264991514238,974.9,624.9
793,420,889.6812040354517,719.1264991514238,974.9,624.9
794,421,889.6812040354517,719.1264991514238,974.9,624.9
795,422,889.6812040354517,719.1264991514238,974.9,624.9
796,423,953.6812040354517,720.1264991514238,974.9,624.9
797,424,953.6812040354517,720.1264991514238,974.9,624.9
798,425,953.6812040354517,720.1264991514238,974.9,624.9
799,426,953.6812040354517,720.1264991514238,974.9,624.9
800,427,953.6812040354517,720.1264991514238,974.9,624.9
801,428,953.6812040354517,720.1264991514238,974.9,624.9
802,429,953.6812040354517,720.1264991514238,974.9,624.9
803,430,953.6812040354517,720.1264991514238,974.9,624.9
804,431,953.6812040354517,720.1264991514238,974.9,624.9
805,432,953.6812040354517,720.1264991514238,974.9,624.9
806,433,953.6812040354517,720.1264991514238,974.9,624.9
807,434,953.6812040354517,720.1264991514238,974.9,624.9
808,435,953.6812040354517,720.1264991514238,974.9,624.9
809,436,953.6812040354517,720.1264991514238,974.9,624.9
810,437,953.6812040354517,720.1264991514238,974.9,624.9
811,438,953.6812040354517,720.1264991514238,974.9,624.9
812,439,953.6812040354517,720.1264991514238,974.9,624.9
813,440,953.6812040354517,720.1264991514238,974.9,624.9
814,441,953.6812040354517,720.1264991514238,974.9,624.9
815,442,953.6812040354517,720.1264991514238,974.9,624.9
816,443,953.6812040354517,720.1264991514238,974.9,624.9
817,444,953.6812040354517,720.1264991514238,974.9,624.9
818,445,953.6812040354517,720.1264991514238,974.9,624.9
819,446,953.6812040354517,720.1264991514238,974.9,624.9
820,447,953.6812040354517,720.1264991514238,974.9,624.9
821,448,953.6812040354517,720.1264991514238,974.9,624.9
822,449,953.6812040354517,720.1264991514238,974.9,624.9
823,450,953.6812040354517,720.1264991514238,974.9,624.9
824,451,953.6812040354517,720.1264991514238,974.9,624.9
825,452,953.6812040354517,720.1264991514238,974.9,624.9
826,453,953.6812040354517,720.1264991514238,974.9,624.9
827,454,953.6812040354517,720.1264991514238,974.9,624.9
828,455,953.6812040354517,720.1264991514238,974.9,624.9
829,456,1017.6812040354517,722.1264991514238,974.9,624.9
830,457,1017.6812040354517,722.1264991514238,974.9,624.9
831,458,1017.6812040354517,722.1264991514238,974.9,624.9
832,459,1017.6812040354517,722.1264991514238,974.9,624.9
832,460,1017.6812040354517,722.1264991514238,974.9,624.9
832,461,1017.6812040354517,722.1264991514238,974.9,624.9
832,462,1017.6812040354517,722.1264991514238,974.9,624.9
832,463,1017.6812040354517,722.1264991514238,974.9,624.9
832,464,1017.6812040354517,722.1264991514238,974.9,624.9
832,465,1017.6812040354517,722.1264991514238,974.9,624.9
832,466,1017.6812040354517,722.1264991514238,974.9,624.9
832,467,1017.6812040354517,722.1264991514238,974.9,624.9
832,468,1017.6812040354517,722.1264991514238,974.9,624.9
832,469,1017.6812040354517,722.1264991514238,974.9,624.9
832,470,1017.6812040354517,722.1264991514238,974.9,624.9
832,471,1017.6812040354517,722.1264991514238,974.9,624.9
832,472,1017.6812040354517,722.1264991514238,974.9,624.9
832,473,1017.6812040354517,722.1264991514238,974.9,624.9
832,474,1017.6812040354517,722.1264991514238,974.9,624.9
832,475,1017.6812040354517,722.1264991514238,974.9,624.9
832,476,1017.6812040354517,722.1264991514238,974.9,624.9
832,477,1017.6812040354517,722.1264991514238,974.9,624.9
832,478,1017.6812040354517,722.1264991514238,974.9,624.9
832,479,1017.6812040354517,722.1264991514238,974.9,624.9
832,480,1017.6812040354517,722.1264991514238,974.9,624.9
832,481,1017.6812040354517,722.1264991514238,974.9,624.9
832,482,1017.6812040354517,722.1264991514238,974.9,624.9
832,483,1017.6812040354517,722.1264991514238,974.9,624.9
832,484,1017.6812040354517,722.1264991514238,974.9,624.9
832,485,1017.6812040354517,722.1264991514238,974.9,624.9
832,486,1017.6812040354517,722.1264991514238,974.9,624.9
832,487,1017.6812040354517,722.1264991514238,974.9,624.9
832,488,1017.6812040354517,722.1264991514238,974.9,624.9
832,489,1017.6812040354517,722.1264991514238,974.9,624.9
832,490,1017.6812040354517,722.1264991514238,974.9,624.9
832,491,1017.6812040354517,722.1264991514238,974.9,624.9
832,492,1017.6812040354517,722.1264991514238,974.9,624.9
832,493,1017.6812040354517,722.1264991514238,974.9,624.9
832,494,1017.6812040354517,722.1264991514238,974.9,624.9
832,495,1017.6812040354517,722.1264991514238,974.9,624.9
832,496,1017.6812040354517,722.1264991514238,974.9,624.9
832,497,1017.6812040354517,722.1264991514238,974.9,624.9
832,498,1017.6812040354517,722.1264991514238,974.9,624.9
832,499,1017.6812040354517,722.1264991514238,974.9,624.9
832,500,1017.6812040354517,722.1264991514238,974.9,624.9
832,501,1017.6812040354517,722.1264991514238,974.9,624.9
832,502,1017.6812040354517,722.1264991514238,974.9,624.9
832,503,1017.6812040354517,722.1264991514238,974.9,624.9
832,504,1017.6812040354517,722.1264991514238,974.9,624.9
832,505,1017.6812040354517,722.1264991514238,974.9,624.9
832,506,1017.6812040354517,722.1264991514238,974.9,624.9
832,507,1017.6812040354517,722.1264991514238,974.9,624.9
832,508,1017.6812040354517,722.1264991514238,974.9,624.9
832,509,1017.6812040354517,722.1264991514238,974.9,624.9
832,510,1017.6812040354517,722.1264991514238,974.9,624.9
832,511,1017.6812040354517,722.1264991514238,974.9,624.9
832,512,1017.6812040354517,722.1264991514238,974.9,624.9
832,513,1017.6812040354517,722.1264991514238,974.9,624.9
832,514,1017.6812040354517,722.1264991514238,974.9,624.9
832,515,1017.6812040354517,722.1264991514238,974.9,624.9
832,516,1017.6812040354517,722.1264991514238,974.9,624.9
832,517,1017.6812040354517,722.1264991514238,974.9,624.9
832,518,1017.6812040354517,722.1264991514238,974.9,624.9
832,519,1017.6812040354517,722.1264991514238,974.9,624.9
832,520,1017.6812040354517,722.1264991514238,974.9,624.9
832,521,1017.6812040354517,722.1264991514238,974.9,624.9
832,522,1017.6812040354517,722.1264991514238,974.9,624.9
832,523,1017.6812040354517,722.1264991514238,974.9,624.9
832,524,1017.6812040354517,722.1264991514238,974.9,624.9
832,525,1017.6812040354517,722.1264991514238,974.9,624.9
832,526,1017.6812040354517,722.1264991514238,974.9,624.9
832,527,1017.6812040354517,722.1264991514238,974.9,624.9
832,528,1017.6812040354517,722.1264991514238,974.9,624.9
832,529,1017.6812040354517,722.1264991514238,974.9,624.9
832,530,1017.6812040354517,722.1264991514238,974.9,624.9
832,531,1017.6812040354517,722.1264991514238,974.9,624.9
832,532,1017.6812040354517,722.1264991514238,974.9,624.9
832,533,1017.6812040354517,722.1264991514238,974.9,624.9
832,534,1017.6812040354517,722.1264991514238,974.9,624.9
832,535,1017.6812040354517,722.1264991514238,974.9,624.9
832,536,1017.6812040354517,722.1264991514238,974.9,624.9
832,537,1017.6812040354517,722.1264991514238,974.9,624.9
832,538,1017.6812040354517,722.1264991514238,974.9,624.9
832,539,1017.6812040354517,722.1264991514238,974.9,624.9
832,540,1017.6812040354517,722.1264991514238,974.9,624.9
832,541,1017.6812040354517,722.1264991514238,974.9,624.9
832,542,1017.6812040354517,722.1264991514238,974.9,624.9
832,543,1017.6812040354517,722.1264991514238,974.9,624.9
832,544,1017.6812040354517,722.1264991514238,974.9,624.9
832,545,1017.6812040354517,722.1264991514238,974.9,624.9
832,546,1017.6812040354517,722.1264991514238,974.9,624.9
832,547,1017.6812040354517,722.1264991514238,974.9,624.9
832,548,1017.6812040354517,722.1264991514238,974.9,624.9
832,549,1017.6812040354517,722.1264991514238,974.9,624.9
832,550,1017.6812040354517,722.1264991514238,974.9,624.9
832,551,1017.6812040354517,722.1264991514238,974.9,624.9
832,552,1017.6812040354517,722.1264991514238,974.9,624.9
832,553,1017.6812040354517,722.1264991514238,974.9,624.9
832,554,1017.6812040354517,722.1264991514238,974.9,624.9
832,555,1017.6812040354517,722.1264991514238,974.9,624.9
832,556,1017.6812040354517,722.1264991514238,974.9,624.9
832,557,1017.6812040354517,722.1264991514238,974.9,624.9
832,558,1017.6812040354517,722.1264991514238,974.9,624.9
832,559,1017.6812040354517,722.1264991514238,974.9,624.9
832,560,1017.6812040354517,722.1264991514238,974.9,624.9
832,561,1017.6812040354517,722.1264991514238,974.9,624.9
832,562,1017.6812040354517,722.1264991514238,974.9,624.9
832,563,1017.6812040354517,722.1264991514238,974.9,624.9
832,564,1017.6812040354517,722.1264991514238,974.9,624.9
832,565,1017.6812040354517,722.1264991514238,974.9,624.9
832,566,1017.6812040354517,722.1264991514238,974.9,624.9
833,567,1017.6812040354517,722.1264991514238,974.9,624.9
834,568,1017.6812040354517,722.1264991514238,974.9,624.9
835,569,1017.6812040354517,722.1264991514238,974.9,624.9
835,570,1017.6812040354517,722.1264991514238,974.9,624.9
835,571,1017.6812040354517,722.1264991514238,974.9,624.9
835,572,1017.6812040354517,722.1264991514238,974.9,624.9
835,573,1017.6812040354517,722.1264991514238,974.9,624.9
835,574,1017.6812040354517,722.1264991514238,974.9,624.9
835,575,1017.6812040354517,722.1264991514238,974.9,624.9
835,576,1017.6812040354517,722.1264991514238,974.9,624.9
835,577,1017.6812040354517,722.1264991514238,974.9,624.9
835,578,1017.6812040354517,722.1264991514238,974.9,624.9
835,579,1017.6812040354517,722.1264991514238,974.9,624.9
835,580,1017.6812040354517,722.1264991514238,974.9,624.9
835,581,1017.6812040354517,722.1264991514238,974.9,624.9
835,582,1017.6812040354517,722.1264991514238,974.9,624.9
835,583,1017.6812040354517,722.1264991514238,974.9,624.9
835,584,1017.6812040354517,722.1264991514238,974.9,624.9
835,585,1017.6812040354517,722.1264991514238,974.9,624.9
835,586,1017.6812040354517,722.1264991514238,974.9,624.9
835,587,1017.6812040354517,722.1264991514238,974.9,624.9
835,588,1017.6812040354517,722.1264991514238,974.9,624.9
835,589,1017.6812040354517,722.1264991514238,974.9,624.9
835,590,1017.6812040354517,722.1264991514238,974.9,624.9
835,591,1017.6812040354517,722.1264991514238,974.9,624.9
835,592,1017.6812040354517,722.1264991514238,974.9,624.9
835,593,1017.6812040354517,722.1264991514238,974.9,624.9
835,594,1017.6812040354517,722.1264991514238,974.9,624.9
835,595,1017.6812040354517,722.1264991514238,974.9,624.9
835,596,1017.6812040354517,722.1264991514238,974.9,624.9
835,597,1017.6812040354517,722.1264991514238,974.9,624.9
835,598,1017.6812040354517,722.1264991514238,974.9,624.9
835,599,1017.6812040354517,722.1264991514238,974.9,624.9
835,600,1017.6812040354517,722.1264991514238,974.9,624.9
835,601,1017.6812040354517,722.1264991514238,974.9,624.9
835,602,1017.6812040354517,722.1264991514238,974.9,624.9
835,603,1017.6812040354517,722.1264991514238,974.9,624.9
835,604,1017.6812040354517,722.1264991514238,974.9,624.9
835,605,1017.6812040354517,722.1264991514238,974.9,624.9
835,606,1017.6812040354517,722.1264991514238,974.9,624.9
835,607,1017.6812040354517,722.1264991514238,974.9,624.9
835,608,1017.6812040354517,722.1264991514238,974.9,624.9
835,609,1017.6812040354517,722.1264991514238,974.9,624.9
835,610,1017.6812040354517,722.1264991514238,974.9,624.9
835,611,1017.6812040354517,722.1264991514238,974.9,624.9
835,612,1017.6812040354517,722.1264991514238,974.9,624.9
835,613,1017.6812040354517,722.1264991514238,974.9,624.9
835,614,1017.6812040354517,722.1264991514238,974.9,624.9
835,615,1017.6812040354517,722.1264991514238,974.9,624.9
835,616,1017.6812040354517,722.1264991514238,974.9,624.9
835,617,1017.6812040354517,722.1264991514238,974.9,624.9
835,618,1017.6812040354517,722.1264991514238,974.9,624.9
835,619,1017.6812040354517,722.1264991514238,974.9,624.9
835,620,1017.6812040354517,722.1264991514238,974.9,624.9
835,621,1017.6812040354517,722.1264991514238,974.9,624.9
835,622,1017.6812040354517,722.1264991514238,974.9,624.9
835,623,1017.6812040354517,722.1264991514238,974.9,624.9
835,624,1017.6812040354517,722.1264991514238,974.9,624.9
835,625,1017.6812040354517,722.1264991514238,974.9,624.9
835,626,1017.6812040354517,722.1264991514238,974.9,624.9
835,627,1017.6812040354517,722.1264991514238,974.9,624.9
835,628,1017.6812040354517,722.1264991514238,974.9,624.9
835,629,1017.6812040354517,722.1264991514238,974.9,624.9
835,630,1017.6812040354517,722.1264991514238,974.9,624.9
835,631,1017.6812040354517,722.1264991514238,974.9,624.9
835,632,1017.6812040354517,722.1264991514238,974.9,624.9
835,633,1017.6812040354517,722.1264991514238,974.9,624.9
835,634,1017.6812040354517,722.1264991514238,974.9,624.9
835,635,1017.6812040354517,722.1264991514238,974.9,624.9
835,636,1017.6812040354517,722.1264991514238,974.9,624.9
835,637,1017.6812040354517,722.1264991514238,974.9,624.9
835,638,1017.6812040354517,722.1264991514238,974.9,624.9
835,639,1017.6812040354517,722.1264991514238,974.9,624.9
835,640,1017.6812040354517,722.1264991514238,973.8114285714286,612.2114285714285
835,641,1017.6812040354517,722.1264991514238,972.7228571428572,599.5228571428571
835,642,1017.6812040354517,722.1264991514238,971.6342857142857,586.8342857142857
835,643,1017.6812040354517,722.1264991514238,970.5457142857142,574.1457142857142
835,644,1017.6812040354517,722.1264991514238,969.4571428571428,561.4571428571428
835,645,1017.6812040354517,722.1264991514238,968.3685714285714,548.7685714285715
835,646,1017.6812040354517,722.1264991514238,967.28,536.0799999999999
835,647,1017.6812040354517,722.1264991514238,966.1914285714286,523.3914285714286
835,648,1017.6812040354517,722.1264991514238,965.1028571428571,510.70285714285717
835,649,1017.6812040354517,722.1264991514238,964.0142857142857,498.01428571428573
835,650,1017.6812040354517,722.1264991514238,962.9257142857142,485.3257142857143
835,651,1017.6812040354517,722.1264991514238,961.8371428571428,472.63714285714286
835,652,1017.6812040354517,722.1264991514238,960.7485714285714,459.9485714285714
835,653,1017.6812040354517,722.1264991514238,959.66,447.26
835,654,1017.6812040354517,722.1264991514238,958.5714285714286,434.57142857142856
835,655,1017.6812040354517,722.1264991514238,957.4828571428571,421.8828571428571
835,656,1017.6812040354517,722.1264991514238,956.3942857142857,409.1942857142857
835,657,1017.6812040354517,722.1264991514238,955.3057142857142,396.5057142857143
835,658,1017.6812040354517,722.1264991514238,954.2171428571428,383.81714285714287
835,659,1017.6812040354517,722.1264991514238,953.1285714285714,371.12857142857143
835,660,1017.6812040354517,722.1264991514238,952.04,358.44
835,661,1017.6812040354517,722.1264991514238,950.9514285714286,345.75142857142856
835,662,1017.6812040354517,722.1264991514238,949.8628571428571,333.0628571428572
835,663,1017.6812040354517,722.1264991514238,948.7742857142857,320.37428571428575
835,664,1074.6812040354516,720.1264991514238,947.6857142857142,307.6857142857143
835,665,1074.6812040354516,720.1264991514238,946.5971428571428,294.9971428571429
835,666,1074.6812040354516,720.1264991514238,945.5085714285714,282.30857142857144
835,667,1074.6812040354516,720.1264991514238,944.42,269.62
835,668,1074.6812040354516,720.1264991514238,943.3314285714285,256.9314285714286
835,669,1074.6812040354516,720.1264991514238,942.2428571428571,244.2428571428572
835,670,1074.6812040354516,720.1264991514238,941.1542857142857,231.55428571428575
835,671,1074.6812040354516,720.1264991514238,940.0657142857142,218.86571428571432
835,672,1074.6812040354516,720.1264991514238,938.9771428571428,206.17714285714288
835,673,1074.6812040354516,720.1264991514238,937.8885714285714,193.48857142857145
835,674,1074.6812040354516,720.1264991514238,936.8,180.8
835,675,1074.6812040354516,720.1264991514238,936.8,180.8
835,676,1074.6812040354516,720.1264991514238,936.8,180.8
835,677,1074.6812040354516,720.1264991514238,936.8,180.8
835,678,1074.6812040354516,720.1264991514238,936.8,180.8
835,679,1074.6812040354516,720.1264991514238,936.8,180.8
835,680,1074.6812040354516,720.1264991514238,936.8,180.8
835,681,1074.6812040354516,720.1264991514238,936.8,180.8
835,682,1074.6812040354516,720.1264991514238,936.8,180.8
835,683,1074.6812040354516,720.1264991514238,936.8,180.8
835,684,1074.6812040354516,720.1264991514238,936.8,180.8
835,685,1074.6812040354516,720.1264991514238,936.8,180.8
835,686,1074.6812040354516,720.1264991514238,936.8,180.8
835,687,1074.6812040354516,720.1264991514238,936.8,180.8
835,688,1074.6812040354516,720.1264991514238,936.8,180.8
835,689,1074.6812040354516,720.1264991514238,936.8,180.8
835,690,1074.6812040354516,720.1264991514238,936.8,180.8
835,691,1074.6812040354516,720.1264991514238,936.8,180.8
835,692,1074.6812040354516,720.1264991514238,936.8,180.8
835,693,1074.6812040354516,720.1264991514238,936.8,180.8
835,694,1074.6812040354516,720.1264991514238,936.8,180.8
835,695,1074.6812040354516,720.1264991514238,936.8,180.8
835,696,1074.6812040354516,720.1264991514238,936.8,180.8
835,697,1074.6812040354516,720.1264991514238,936.8,180.8
835,698,1074.6812040354516,720.1264991514238,936.8,180.8
835,699,1074.6812040354516,720.1264991514238,936.8,180.8
835,700,1074.6812040354516,720.1264991514238,936.8,180.8
835,701,1074.6812040354516,720.1264991514238,936.8,180.8
835,702,1074.6812040354516,720.1264991514238,936.8,180.8
835,703,1074.6812040354516,720.1264991514238,936.8,180.8
835,704,1074.6812040354516,720.1264991514238,936.8,180.8
835,705,1074.6812040354516,720.1264991514238,936.8,180.8
835,706,1074.6812040354516,720.1264991514238,936.8,180.8
835,707,1074.6812040354516,720.1264991514238,936.8,180.8
835,708,1074.6812040354516,720.1264991514238,936.8,180.8
835,709,1074.6812040354516,720.1264991514238,936.8,180.8
835,710,1074.6812040354516,720.1264991514238,936.8,180.8
835,711,1074.6812040354516,720.1264991514238,936.8,180.8
835,712,1074.6812040354516,720.1264991514238,936.8,180.8
835,713,1074.6812040354516,720.1264991514238,936.8,180.8
835,714,1074.6812040354516,720.1264991514238,936.8,180.8
835,715,1074.6812040354516,720.1264991514238,936.8,180.8
835,716,1074.6812040354516,720.1264991514238,936.8,180.8
835,717,1074.6812040354516,720.1264991514238,936.8,180.8
835,718,1074.6812040354516,720.1264991514238,936.8,180.8
835,719,1074.6812040354516,720.1264991514238,936.8,180.8
835,720,1074.6812040354516,720.1264991514238,936.8,180.8
835,721,1074.6812040354516,720.1264991514238,936.8,180.8
835,722,1074.6812040354516,720.1264991514238,936.8,180.8
835,723,1074.6812040354516,720.1264991514238,936.8,180.8
835,724,1074.6812040354516,720.1264991514238,936.8,180.8
835,725,1074.6812040354516,720.1264991514238,936.8,180.8
835,726,1074.6812040354516,720.1264991514238,936.8,180.8
835,727,1074.6812040354516,720.1264991514238,936.8,180.8
835,728,1074.6812040354516,720.1264991514238,936.8,180.8
835,729,1074.6812040354516,720.1264991514238,936.8,180.8
835,730,1074.6812040354516,720.1264991514238,936.8,180.8
835,731,1074.6812040354516,720.1264991514238,936.8,180.8
835,732,1074.6812040354516,720.1264991514238,936.8,180.8
835,733,1074.6812040354516,720.1264991514238,936.8,180.8
835,734,1074.6812040354516,720.1264991514238,936.8,180.8
835,735,1074.6812040354516,720.1264991514238,936.8,180.8
835,736,1074.6812040354516,720.1264991514238,936.8,180.8
835,737,1074.6812040354516,720.1264991514238,936.8,180.8
835,738,1074.6812040354516,720.1264991514238,936.8,180.8
835,739,1074.6812040354516,720.1264991514238,936.8,180.8
835,740,1074.6812040354516,720.1264991514238,936.8,180.8
835,741,1074.6812040354516,720.1264991514238,936.8,180.8
835,742,1074.6812040354516,720.1264991514238,936.8,180.8
835,743,1074.6812040354516,720.1264991514238,936.8,180.8
835,744,1074.6812040354516,720.1264991514238,936.8,180.8
835,745,1074.6812040354516,720.1264991514238,936.8,180.8
835,746,1074.6812040354516,720.1264991514238,936.8,180.8
835,747,1074.6812040354516,720.1264991514238,936.8,180.8
835,748,1074.6812040354516,720.1264991514238,936.8,180.8
835,749,1074.6812040354516,720.1264991514238,936.8,180.8
835,750,1074.6812040354516,720.1264991514238,936.8,180.8
835,751,1074.6812040354516,720.1264991514238,936.8,180.8
835,752,1074.6812040354516,720.1264991514238,936.8,180.8
835,753,1074.6812040354516,720.1264991514238,936.8,180.8
835,754,1074.6812040354516,720.1264991514238,936.8,180.8
835,755,1074.6812040354516,720.1264991514238,936.8,180.8
835,756,1074.6812040354516,720.1264991514238,936.8,180.8
835,757,1074.6812040354516,720.1264991514238,936.8,180.8
835,758,1074.6812040354516,720.1264991514238,936.8,180.8
835,759,1074.6812040354516,720.1264991514238,936.8,180.8
835,760,1074.6812040354516,720.1264991514238,936.8,180.8
835,761,1074.6812040354516,720.1264991514238,936.8,180.8
835,762,1074.6812040354516,720.1264991514238,936.8,180.8
835,763,1074.6812040354516,720.1264991514238,936.8,180.8
835,764,1074.6812040354516,720.1264991514238,936.8,180.8
835,765,1074.6812040354516,720.1264991514238,936.8,180.8
835,766,1074.6812040354516,720.1264991514238,936.8,180.8
835,767,1074.6812040354516,720.1264991514238,936.8,180.8
835,768,1074.6812040354516,720.1264991514238,936.8,180.8
835,769,1074.6812040354516,720.1264991514238,936.8,180.8
835,770,1074.6812040354516,720.1264991514238,936.8,180.8
835,771,1074.6812040354516,720.1264991514238,936.8,180.8
835,772,1074.6812040354516,720.1264991514238,936.8,180.8
835,773,1074.6812040354516,720.1264991514238,936.8,180.8
835,774,1074.6812040354516,720.1264991514238,936.8,180.8
835,775,1074.6812040354516,720.1264991514238,936.8,180.8
835,776,1074.6812040354516,720.1264991514238,936.8,180.8
835,777,1074.6812040354516,720.1264991514238,936.8,180.8
835,778,1074.6812040354516,720.1264991514238,936.8,180.8
835,779,1074.6812040354516,720.1264991514238,936.8,180.8
835,780,1074.6812040354516,720.1264991514238,936.8,180.8
835,781,1074.6812040354516,720.1264991514238,936.8,180.8
835,782,1074.6812040354516,720.1264991514238,936.8,180.8
835,783,1074.6812040354516,720.1264991514238,936.8,180.8
835,784,1074.6812040354516,720.1264991514238,936.8,180.8
835,785,1074.6812040354516,720.1264991514238,936.8,180.8
835,786,1074.6812040354516,720.1264991514238,936.8,180.8
835,787,1074.6812040354516,720.1264991514238,936.8,180.8
835,788,1074.6812040354516,720.1264991514238,936.8,180.8
835,789,1074.6812040354516,720.1264991514238,936.8,180.8
835,790,1074.6812040354516,720.1264991514238,936.8,180.8
835,791,1074.6812040354516,720.1264991514238,936.8,180.8
835,792,1074.6812040354516,720.1264991514238,936.8,180.8
835,793,1074.6812040354516,720.1264991514238,936.8,180.8
835,794,1074.6812040354516,720.1264991514238,936.8,180.8
835,795,1074.6812040354516,720.1264991514238,936.8,180.8
835,796,1074.6812040354516,720.1264991514238,936.8,180.8
835,797,1074.6812040354516,720.1264991514238,936.8,180.8
835,798,1074.6812040354516,720.1264991514238,936.8,180.8
835,799,1074.6812040354516,720.1264991514238,936.8,180.8
835,800,1074.6812040354516,720.1264991514238,936.8,180.8
835,801,1074.6812040354516,720.1264991514238,936.8,180.8
835,802,1074.6812040354516,720.1264991514238,936.8,180.8
835,803,1074.6812040354516,720.1264991514238,936.8,180.8
835,804,1074.6812040354516,720.1264991514238,936.8,180.8
835,805,1074.6812040354516,720.1264991514238,936.8,180.8
835,806,1074.6812040354516,720.1264991514238,936.8,180.8
835,807,1074.6812040354516,720.1264991514238,936.8,180.8
835,808,1074.6812040354516,720.1264991514238,936.8,180.8
835,809,1074.6812040354516,720.1264991514238,936.8,180.8
835,810,1074.6812040354516,720.1264991514238,936.8,180.8
835,811,1074.6812040354516,720.1264991514238,938.4241379310345,189.32068965517243
835,812,1074.6812040354516,720.1264991514238,940.048275862069,197.84137931034485
835,813,1074.6812040354516,720.1264991514238,941.6724137931034,206.36206896551727
835,814,1074.6812040354516,720.1264991514238,943.2965517241379,214.88275862068966
835,815,1074.6812040354516,720.1264991514238,944.9206896551724,223.40344827586208
835,816,1074.6812040354516,720.1264991514238,946.5448275862069,231.9241379310345
835,817,1074.6812040354516,720.1264991514238,948.1689655172413,240.4448275862069
835,818,1074.6812040354516,720.1264991514238,949.7931034482758,248.9655172413793
835,819,1074.6812040354516,720.1264991514238,951.4172413793103,257.4862068965517
835,820,1074.6812040354516,720.1264991514238,953.0413793103448,266.00689655172414
835,821,1074.6812040354516,720.1264991514238,954.6655172413792,274.52758620689656
835,822,988.6812040354517,734.1264991514238,956.2896551724137,283.048275862069
835,823,988.6812040354517,734.1264991514238,957.9137931034483,291.5689655172414
835,824,988.6812040354517,734.1264991514238,959.5379310344828,300.0896551724138
835,825,988.6812040354517,734.1264991514238,961.1620689655172,308.61034482758623
835,826,988.6812040354517,734.1264991514238,962.7862068965517,317.13103448275865
835,827,988.6812040354517,734.1264991514238,964.4103448275862,325.65172413793107
835,828,988.6812040354517,734.1264991514238,966.0344827586207,334.1724137931035
835,829,988.6812040354517,734.1264991514238,967.6586206896551,342.69310344827585
835,830,988.6812040354517,734.1264991514238,969.2827586206896,351.21379310344827
835,831,988.6812040354517,734.1264991514238,970.9068965517241,359.7344827586207
835,832,988.6812040354517,734.1264991514238,972.5310344827586,368.2551724137931
835,833,988.6812040354517,734.1264991514238,974.155172413793,376.7758620689655
835,834,988.6812040354517,734.1264991514238,975.7793103448275,385.29655172413794
835,835,988.6812040354517,734.1264991514238,977.403448275862,393.8172413793103
835,836,988.6812040354517,734.1264991514238,979.0275862068966,402.3379310344827
835,837,988.6812040354517,734.1264991514238,980.651724137931,410.85862068965514
835,838,988.6812040354517,734.1264991514238,982.2758620689655,419.37931034482756
835,839,988.6812040354517,734.1264991514238,983.9,427.9
836,840,988.6812040354517,734.1264991514238,983.9,427.9
837,841,988.6812040354517,734.1264991514238,983.9,427.9
838,842,988.6812040354517,734.1264991514238,983.9,427.9
839,843,988.6812040354517,734.1264991514238,983.9,427.9
840,844,988.6812040354517,734.1264991514238,983.9,427.9
841,845,988.6812040354517,734.1264991514238,983.9,427.9
842,846,988.6812040354517,734.1264991514238,983.9,427.9
843,847,988.6812040354517,734.1264991514238,983.9,427.9
844,848,988.6812040354517,734.1264991514238,983.9,427.9
845,849,988.6812040354517,734.1264991514238,983.9,427.9
846,850,988.6812040354517,734.1264991514238,983.9,427.9
847,851,988.6812040354517,734.1264991514238,983.9,427.9
848,852,988.6812040354517,734.1264991514238,983.9,427.9
849,853,988.6812040354517,734.1264991514238,983.9,427.9
850,854,988.6812040354517,734.1264991514238,983.9,427.9
851,855,988.6812040354517,734.1264991514238,983.9,427.9
852,856,988.6812040354517,734.1264991514238,983.9,427.9
853,857,988.6812040354517,734.1264991514238,983.9,427.9
854,858,988.6812040354517,734.1264991514238,983.9,427.9
855,859,988.6812040354517,734.1264991514238,983.9,427.9
856,860,988.6812040354517,734.1264991514238,983.9,427.9
857,861,988.6812040354517,734.1264991514238,983.9,427.9
858,862,988.6812040354517,734.1264991514238,983.9,427.9
859,863,988.6812040354517,734.1264991514238,983.9,427.9
860,864,988.6812040354517,734.1264991514238,983.9,427.9
861,865,988.6812040354517,734.1264991514238,983.9,427.9
862,866,988.6812040354517,734.1264991514238,983.9,427.9
863,867,988.6812040354517,734.1264991514238,983.9,427.9
864,868,988.6812040354517,734.1264991514238,983.9,427.9
865,869,988.6812040354517,734.1264991514238,983.9,427.9
866,870,988.6812040354517,734.1264991514238,983.9,427.9
867,871,988.6812040354517,734.1264991514238,983.9,427.9
868,872,988.6812040354517,734.1264991514238,983.9,427.9
869,873,988.6812040354517,734.1264991514238,983.9,427.9
870,874,988.6812040354517,734.1264991514238,983.9,427.9
871,875,988.6812040354517,734.1264991514238,983.9,427.9
872,876,988.6812040354517,734.1264991514238,983.9,427.9
873,877,988.6812040354517,734.1264991514238,983.9,427.9
874,878,988.6812040354517,734.1264991514238,983.9,427.9
875,879,988.6812040354517,734.1264991514238,983.9,427.9
876,880,988.6812040354517,734.1264991514238,983.9,427.9
877,881,988.6812040354517,734.1264991514238,983.9,427.9
878,882,988.6812040354517,734.1264991514238,983.9,427.9
879,883,988.6812040354517,734.1264991514238,983.9,427.9
880,884,988.6812040354517,734.1264991514238,983.9,427.9
881,885,988.6812040354517,734.1264991514238,983.9,427.9
882,886,988.6812040354517,734.1264991514238,983.9,427.9
883,887,988.6812040354517,734.1264991514238,983.9,427.9
884,888,988.6812040354517,734.1264991514238,983.9,427.9
885,889,988.6812040354517,734.1264991514238,983.9,427.9
886,890,988.6812040354517,734.1264991514238,983.9,427.9
887,891,988.6812040354517,734.1264991514238,983.9,427.9
888,892,988.6812040354517,734.1264991514238,983.9,427.9
889,893,988.6812040354517,734.1264991514238,983.9,427.9
890,894,988.6812040354517,734.1264991514238,983.9,427.9
891,895,988.6812040354517,734.1264991514238,983.9,427.9
892,896,988.6812040354517,734.1264991514238,983.9,427.9
893,897,988.6812040354517,734.1264991514238,983.9,427.9
894,898,988.6812040354517,734.1264991514238,983.9,427.9
895,899,988.6812040354517,734.1264991514238,983.9,427.9
896,900,988.6812040354517,734.1264991514238,983.9,427.9
897,901,988.6812040354517,734.1264991514238,983.9,427.9
898,902,988.6812040354517,734.1264991514238,983.9,427.9
899,903,988.6812040354517,734.1264991514238,983.9,427.9
900,904,988.6812040354517,734.1264991514238,983.9,427.9
901,905,988.6812040354517,734.1264991514238,983.9,427.9
902,906,988.6812040354517,734.1264991514238,983.9,427.9
903,907,988.6812040354517,734.1264991514238,983.9,427.9
904,908,988.6812040354517,734.1264991514238,983.9,427.9
905,909,988.6812040354517,734.1264991514238,983.9,427.9
906,910,988.6812040354517,734.1264991514238,983.9,427.9
907,911,988.6812040354517,734.1264991514238,983.9,427.9
908,912,988.6812040354517,734.1264991514238,983.9,427.9
909,913,988.6812040354517,734.1264991514238,983.9,427.9
910,914,988.6812040354517,734.1264991514238,983.9,427.9
911,915,988.6812040354517,734.1264991514238,983.9,427.9
912,916,988.6812040354517,734.1264991514238,983.9,427.9
913,917,988.6812040354517,734.1264991514238,983.2703703703703,435.4259259259259
914,918,988.6812040354517,734.1264991514238,982.6407407407407,442.9518518518518
915,919,988.6812040354517,734.1264991514238,982.0111111111111,450.47777777777776
916,920,988.6812040354517,734.1264991514238,981.3814814814815,458.0037037037037
917,921,988.6812040354517,734.1264991514238,980.7518518518518,465.5296296296296
918,922,988.6812040354517,734.1264991514238,980.1222222222221,473.05555555555554
919,923,988.6812040354517,734.1264991514238,979.4925925925926,480.5814814814815
920,924,988.6812040354517,734.1264991514238,978.8629629629629,488.1074074074074
921,925,988.6812040354517,734.1264991514238,978.2333333333333,495.6333333333333
922,926,988.6812040354517,734.1264991514238,977.6037037037037,503.1592592592593
923,927,988.6812040354517,734.1264991514238,976.974074074074,510.6851851851852
924,928,988.6812040354517,734.1264991514238,976.3444444444444,518.2111111111111
925,929,988.6812040354517,734.1264991514238,975.7148148148148,525.737037037037
926,930,988.6812040354517,734.1264991514238,975.0851851851852,533.262962962963
927,931,988.6812040354517,734.1264991514238,974.4555555555555,540.7888888888889
928,932,988.6812040354517,734.1264991514238,973.825925925926,548.3148148148148
929,933,988.6812040354517,734.1264991514238,973.1962962962963,555.8407407407408
930,934,988.6812040354517,734.1264991514238,972.5666666666666,563.3666666666667
931,935,988.6812040354517,734.1264991514238,971.937037037037,570.8925925925926
932,936,988.6812040354517,734.1264991514238,971.3074074074074,578.4185185185186
933,937,988.6812040354517,734.1264991514238,970.6777777777778,585.9444444444445
934,938,988.6812040354517,734.1264991514238,970.0481481481481,593.4703703703703
935,939,988.6812040354517,734.1264991514238,969.4185185185185,600.9962962962964
936,940,988.6812040354517,734.1264991514238,968.7888888888889,608.5222222222222
937,941,988.6812040354517,734.1264991514238,968.1592592592592,616.0481481481481
938,942,988.6812040354517,734.1264991514238,967.5296296296297,623.5740740740741
939,943,988.6812040354517,734.1264991514238,966.9,631.1
940,944,988.6812040354517,734.1264991514238,966.9,631.1
941,945,988.6812040354517,734.1264991514238,966.9,631.1
942,946,988.6812040354517,734.1264991514238,966.9,631.1
943,947,988.6812040354517,734.1264991514238,966.9,631.1
944,948,988.6812040354517,734.1264991514238,966.9,631.1
945,949,988.6812040354517,734.1264991514238,966.9,631.1
946,950,988.6812040354517,734.1264991514238,966.9,631.1
947,951,988.6812040354517,734.1264991514238,966.9,631.1
948,952,988.6812040354517,734.1264991514238,966.9,631.1
949,953,988.6812040354517,734.1264991514238,966.9,631.1
950,954,988.6812040354517,734.1264991514238,966.9,631.1
951,955,988.6812040354517,734.1264991514238,966.9,631.1
952,956,988.6812040354517,734.1264991514238,966.9,631.1
953,957,988.6812040354517,734.1264991514238,966.9,631.1
954,958,988.6812040354517,734.1264991514238,966.9,631.1
955,959,988.6812040354517,734.1264991514238,966.9,631.1
956,960,988.6812040354517,734.1264991514238,966.9,631.1
957,961,988.6812040354517,734.1264991514238,966.9,631.1
958,962,988.6812040354517,734.1264991514238,966.9,631.1
959,963,988.6812040354517,734.1264991514238,966.9,631.1
960,964,988.6812040354517,734.1264991514238,966.9,631.1
961,965,988.6812040354517,734.1264991514238,966.9,631.1
962,966,988.6812040354517,734.1264991514238,966.9,631.1
963,967,988.6812040354517,734.1264991514238,966.9,631.1
964,968,988.6812040354517,734.1264991514238,966.9,631.1
965,969,988.6812040354517,734.1264991514238,966.9,631.1
966,970,988.6812040354517,734.1264991514238,966.9,631.1
967,971,988.6812040354517,734.1264991514238,966.9,631.1
968,972,988.6812040354517,734.1264991514238,966.9,631.1
969,973,988.6812040354517,734.1264991514238,966.9,631.1
970,974,988.6812040354517,734.1264991514238,966.9,631.1
971,975,988.6812040354517,734.1264991514238,966.9,631.1
972,976,988.6812040354517,734.1264991514238,966.9,631.1
973,977,988.6812040354517,734.1264991514238,966.9,631.1
974,978,988.6812040354517,734.1264991514238,966.9,631.1
975,979,988.6812040354517,734.1264991514238,966.9,631.1
976,980,988.6812040354517,734.1264991514238,966.9,631.1
977,981,988.6812040354517,734.1264991514238,966.9,631.1
978,982,988.6812040354517,734.1264991514238,966.9,631.1
979,983,988.6812040354517,734.1264991514238,966.9,631.1
980,984,988.6812040354517,734.1264991514238,966.9,631.1
981,985,988.6812040354517,734.1264991514238,966.9,631.1
982,986,988.6812040354517,734.1264991514238,966.9,631.1
983,987,988.6812040354517,734.1264991514238,966.9,631.1
984,988,988.6812040354517,734.1264991514238,966.9,631.1
985,989,988.6812040354517,734.1264991514238,966.9,631.1
986,990,988.6812040354517,734.1264991514238,966.9,631.1
987,991,988.6812040354517,734.1264991514238,966.9,631.1
988,992,988.6812040354517,734.1264991514238,966.9,631.1
989,993,988.6812040354517,734.1264991514238,966.9,631.1
990,994,988.6812040354517,734.1264991514238,966.9,631.1
991,995,988.6812040354517,734.1264991514238,966.9,631.1
992,996,988.6812040354517,734.1264991514238,966.9,631.1
993,997,988.6812040354517,734.1264991514238,966.9,631.1
994,998,988.6812040354517,734.1264991514238,966.9,631.1
995,999,988.6812040354517,734.1264991514238,966.9,631.1
996,1000,988.6812040354517,734.1264991514238,966.9,631.1
997,1001,988.6812040354517,734.1264991514238,966.9,631.1
998,1002,988.6812040354517,734.1264991514238,966.9,631.1
999,1003,988.6812040354517,734.1264991514238,966.9,631.1
1000,1004,988.6812040354517,734.1264991514238,966.9,631.1
1001,1005,988.6812040354517,734.1264991514238,966.9,631.1
1002,1006,988.6812040354517,734.1264991514238,966.9,631.1
1003,1007,988.6812040354517,734.1264991514238,966.9,631.1
1004,1008,988.6812040354517,734.1264991514238,966.9,631.1
1005,1009,988.6812040354517,734.1264991514238,966.9,631.1
1006,1010,988.6812040354517,734.1264991514238,966.9,631.1
1007,1011,988.6812040354517,734.1264991514238,966.9,631.1
1008,1012,988.6812040354517,734.1264991514238,966.9,631.1
1009,1013,988.6812040354517,734.1264991514238,966.9,631.1
1010,1014,988.6812040354517,734.1264991514238,966.9,631.1
1011,1015,988.6812040354517,734.1264991514238,966.9,631.1
1012,1016,988.6812040354517,734.1264991514238,966.9,631.1
1013,1017,988.6812040354517,734.1264991514238,966.9,631.1
1014,1018,988.6812040354517,734.1264991514238,966.9,631.1
1015,1019,988.6812040354517,734.1264991514238,966.9,631.1
1016,1020,988.6812040354517,734.1264991514238,966.9,631.1
1017,1020,988.6812040354517,734.1264991514238,966.9,631.1
1018,1020,988.6812040354517,734.1264991514238,966.9,631.1
1019,1020,988.6812040354517,734.1264991514238,966.9,631.1
1020,1020,988.6812040354517,734.1264991514238,966.9,631.1
1021,1020,988.6812040354517,734.1264991514238,966.9,631.1
1022,1020,988.6812040354517,734.1264991514238,966.9,631.1
1023,1020,988.6812040354517,734.1264991514238,966.9,631.1
1024,1020,988.6812040354517,734.1264991514238,966.9,631.1
1025,1020,988.6812040354517,734.1264991514238,966.9,631.1
1026,1020,988.6812040354517,734.1264991514238,966.9,631.1
1027,1020,988.6812040354517,734.1264991514238,966.9,631.1
1028,1020,988.6812040354517,734.1264991514238,966.9,631.1
1029,1020,988.6812040354517,734.1264991514238,966.9,631.1
1030,1020,988.6812040354517,734.1264991514238,966.9,631.1
1031,1020,988.6812040354517,734.1264991514238,966.9,631.1
1032,1020,988.6812040354517,734.1264991514238,966.9,631.1
1033,1020,988.6812040354517,734.1264991514238,966.9,631.1
1034,1020,988.6812040354517,734.1264991514238,966.9,631.1
1035,1020,988.6812040354517,734.1264991514238,966.9,631.1
1036,1020,988.6812040354517,734.1264991514238,966.9,631.1
1037,1020,988.6812040354517,734.1264991514238,966.9,631.1
1038,1020,988.6812040354517,734.1264991514238,966.9,631.1
1039,1020,988.6812040354517,734.1264991514238,966.9,631.1
1040,1021,988.6812040354517,734.1264991514238,966.9,631.1
1041,1022,988.6812040354517,734.1264991514238,966.9,631.1
1042,1023,988.6812040354517,734.1264991514238,966.9,631.1
1043,1024,988.6812040354517,734.1264991514238,966.9,631.1
1044,1025,988.6812040354517,734.1264991514238,966.9,631.1
1045,1026,988.6812040354517,734.1264991514238,966.9,631.1
1046,1027,988.6812040354517,734.1264991514238,966.9,631.1
1047,1028,988.6812040354517,734.1264991514238,966.9,631.1
1048,1029,988.6812040354517,734.1264991514238,966.9,631.1
1049,1030,988.6812040354517,734.1264991514238,966.9,631.1
1050,1031,988.6812040354517,734.1264991514238,966.9,631.1
1051,1032,988.6812040354517,734.1264991514238,966.9,631.1
1052,1033,988.6812040354517,734.1264991514238,966.9,631.1
1053,1034,988.6812040354517,734.1264991514238,966.9,631.1
1054,1035,988.6812040354517,734.1264991514238,966.9,631.1
1055,1036,988.6812040354517,734.1264991514238,966.9,631.1
1056,1037,988.6812040354517,734.1264991514238,966.9,631.1
1057,1038,988.6812040354517,734.1264991514238,966.9,631.1
1058,1039,988.6812040354517,734.1264991514238,966.9,631.1
1059,1040,988.6812040354517,734.1264991514238,966.9,631.1
1060,1041,988.6812040354517,734.1264991514238,966.9,631.1
1061,1042,988.6812040354517,734.1264991514238,966.9,631.1
1062,1043,988.6812040354517,734.1264991514238,966.9,631.1
1063,1044,988.6812040354517,734.1264991514238,966.9,631.1
1064,1045,988.6812040354517,734.1264991514238,966.9,631.1
1065,1046,988.6812040354517,734.1264991514238,966.9,631.1
1066,1047,988.6812040354517,734.1264991514238,966.9,631.1
1067,1048,988.6812040354517,734.1264991514238,966.9,631.1
1068,1049,988.6812040354517,734.1264991514238,966.9,631.1
1069,1050,988.6812040354517,734.1264991514238,966.9,631.1
1070,1051,988.6812040354517,734.1264991514238,966.9,631.1
1071,1052,988.6812040354517,734.1264991514238,966.9,631.1
1072,1053,988.6812040354517,734.1264991514238,966.9,631.1
1073,1054,988.6812040354517,734.1264991514238,966.9,631.1
1074,1055,988.6812040354517,734.1264991514238,966.9,631.1
1075,1056,988.6812040354517,734.1264991514238,966.9,631.1
1076,1057,988.6812040354517,734.1264991514238,966.9,631.1
1077,1058,988.6812040354517,734.1264991514238,966.9,631.1
1078,1059,988.6812040354517,734.1264991514238,966.9,631.1
1079,1060,988.6812040354517,734.1264991514238,966.9,631.1
1080,1061,988.6812040354517,734.1264991514238,966.9,631.1
1081,1062,988.6812040354517,734.1264991514238,966.9,631.1
1082,1063,988.6812040354517,734.1264991514238,966.9,631.1
1083,1064,988.6812040354517,734.1264991514238,966.9,631.1
1084,1065,988.6812040354517,734.1264991514238,966.9,631.1
1085,1066,949.6812040354517,619.1264991514238,966.9,631.1
1086,1067,949.6812040354517,619.1264991514238,966.9,631.1
1087,1068,949.6812040354517,619.1264991514238,966.9,631.1
1088,1069,949.6812040354517,619.1264991514238,966.9,631.1
1089,1070,949.6812040354517,619.1264991514238,966.9,631.1
1090,1071,949.6812040354517,619.1264991514238,966.9,631.1
1091,1072,949.6812040354517,619.1264991514238,966.9,631.1
1092,1073,949.6812040354517,619.1264991514238,966.9,631.1
1093,1074,949.6812040354517,619.1264991514238,966.9,631.1
1094,1075,949.6812040354517,619.1264991514238,966.9,631.1
1095,1076,949.6812040354517,619.1264991514238,966.9,631.1
1096,1077,949.6812040354517,619.1264991514238,966.9,631.1
1097,1078,949.6812040354517,619.1264991514238,966.9,631.1
1098,1079,949.6812040354517,619.1264991514238,966.9,631.1
1099,1080,949.6812040354517,619.1264991514238,966.9,631.1
1100,1081,949.6812040354517,619.1264991514238,966.9,631.1
1101,1082,949.6812040354517,619.1264991514238,966.9,631.1
1102,1083,949.6812040354517,619.1264991514238,966.9,631.1
1103,1084,949.6812040354517,619.1264991514238,966.9,631.1
1104,1085,949.6812040354517,619.1264991514238,966.9,631.1
1105,1086,949.6812040354517,619.1264991514238,966.9,631.1
1106,1087,949.6812040354517,619.1264991514238,966.9,631.1
1107,1088,949.6812040354517,619.1264991514238,966.9,631.1
1108,1089,949.6812040354517,619.1264991514238,966.9,631.1
1109,1090,949.6812040354517,619.1264991514238,966.9,631.1
1110,1091,949.6812040354517,619.1264991514238,966.9,631.1
1111,1092,949.6812040354517,619.1264991514238,966.9,631.1
1112,1093,949.6812040354517,619.1264991514238,966.9,631.1
1113,1094,949.6812040354517,619.1264991514238,966.9,631.1
1114,1095,949.6812040354517,619.1264991514238,966.9,631.1
1115,1096,949.6812040354517,619.1264991514238,966.9,631.1
1116,1097,949.6812040354517,619.1264991514238,966.9,631.1
1117,1098,949.6812040354517,619.1264991514238,966.9,631.1
1118,1099,949.6812040354517,619.1264991514238,966.9,631.1
1119,1100,910.6812040354517,503.12649915142373,966.9,631.1
1120,1101,910.6812040354517,503.12649915142373,966.9,631.1
1121,1102,910.6812040354517,503.12649915142373,966.9,631.1
1122,1103,910.6812040354517,503.12649915142373,966.9,631.1
1123,1104,910.6812040354517,503.12649915142373,966.9,631.1
1124,1105,910.6812040354517,503.12649915142373,961.9125,631.4625
1125,1106,910.6812040354517,503.12649915142373,956.925,631.825
1126,1107,910.6812040354517,503.12649915142373,951.9375,632.1875
1127,1108,910.6812040354517,503.12649915142373,946.95,632.55
1128,1109,910.6812040354517,503.12649915142373,941.9625,632.9125
1129,1110,910.6812040354517,503.12649915142373,936.975,633.275
1130,1111,910.6812040354517,503.12649915142373,931.9875,633.6375
1131,1112,910.6812040354517,503.12649915142373,927.0,634.0
1132,1113,910.6812040354517,503.12649915142373,927.0,634.0
1133,1114,910.6812040354517,503.12649915142373,927.0,634.0
1134,1115,910.6812040354517,503.12649915142373,927.0,634.0
1135,1116,910.6812040354517,503.12649915142373,927.0,634.0
1136,1117,910.6812040354517,503.12649915142373,927.0,634.0
1137,1118,910.6812040354517,503.12649915142373,927.0,634.0
1138,1119,910.6812040354517,503.12649915142373,927.0,634.0
1139,1120,910.6812040354517,503.12649915142373,927.0,634.0
1140,1121,910.6812040354517,503.12649915142373,927.0,634.0
1141,1122,910.6812040354517,503.12649915142373,927.0,634.0
1142,1123,910.6812040354517,503.12649915142373,927.0,634.0
1143,1124,910.6812040354517,503.12649915142373,927.0,634.0
1144,1125,910.6812040354517,503.12649915142373,927.0,634.0
1145,1126,910.6812040354517,503.12649915142373,927.0,634.0
1146,1127,910.6812040354517,503.12649915142373,927.0,634.0
1147,1128,910.6812040354517,503.12649915142373,927.0,634.0
1148,1129,910.6812040354517,503.12649915142373,927.0,634.0
1149,1130,910.6812040354517,503.12649915142373,927.0,634.0
1150,1131,910.6812040354517,503.12649915142373,927.0,634.0
1151,1132,910.6812040354517,503.12649915142373,927.0,634.0
1152,1133,958.6812040354517,558.1264991514238,927.0,634.0
1153,1134,958.6812040354517,558.1264991514238,927.0,634.0
1154,1135,958.6812040354517,558.1264991514238,927.0,634.0
1155,1136,958.6812040354517,558.1264991514238,927.0,634.0
1156,1137,958.6812040354517,558.1264991514238,927.0,634.0
1157,1138,958.6812040354517,558.1264991514238,927.0,634.0
1158,1139,958.6812040354517,558.1264991514238,927.0,634.0
1159,1140,958.6812040354517,558.1264991514238,927.0,634.0
1160,1141,958.6812040354517,558.1264991514238,927.0,634.0
1161,1142,958.6812040354517,558.1264991514238,927.0,634.0
1162,1143,958.6812040354517,558.1264991514238,927.0,634.0
1163,1144,958.6812040354517,558.1264991514238,927.0,634.0
1164,1145,958.6812040354517,558.1264991514238,927.0,634.0
1165,1146,958.6812040354517,558.1264991514238,927.0,634.0
1166,1147,958.6812040354517,558.1264991514238,927.0,634.0
1167,1148,958.6812040354517,558.1264991514238,927.0,634.0
1168,1149,958.6812040354517,558.1264991514238,927.0,634.0
1169,1150,958.6812040354517,558.1264991514238,927.0,634.0
1170,1151,958.6812040354517,558.1264991514238,927.0,634.0
1171,1152,958.6812040354517,558.1264991514238,927.0,634.0
1172,1153,958.6812040354517,558.1264991514238,927.0,634.0
1173,1154,958.6812040354517,558.1264991514238,927.0,634.0
1174,1155,958.6812040354517,558.1264991514238,927.0,634.0
1175,1156,958.6812040354517,558.1264991514238,927.0,634.0
1176,1157,958.6812040354517,558.1264991514238,927.0,634.0
1177,1158,958.6812040354517,558.1264991514238,927.0,634.0
1178,1159,958.6812040354517,558.1264991514238,927.0,634.0
1179,1160,958.6812040354517,558.1264991514238,927.0,634.0
1180,1161,958.6812040354517,558.1264991514238,927.0,634.0
1181,1162,958.6812040354517,558.1264991514238,927.0,634.0
1182,1163,958.6812040354517,558.1264991514238,927.0,634.0
1183,1164,958.6812040354517,558.1264991514238,927.0,634.0
1184,1165,958.6812040354517,558.1264991514238,927.0,634.0
1185,1166,958.6812040354517,558.1264991514238,927.0,634.0
1186,1167,958.6812040354517,558.1264991514238,927.0,634.0
1187,1168,958.6812040354517,558.1264991514238,927.0,634.0
1188,1169,958.6812040354517,558.1264991514238,927.0,634.0
1189,1170,958.6812040354517,558.1264991514238,927.0,634.0
1190,1171,958.6812040354517,558.1264991514238,927.0,634.0
1191,1172,958.6812040354517,558.1264991514238,927.0,634.0
1192,1173,958.6812040354517,558.1264991514238,927.0,634.0
1193,1174,958.6812040354517,558.1264991514238,927.0,634.0
1194,1175,958.6812040354517,558.1264991514238,927.0,634.0
1195,1176,958.6812040354517,558.1264991514238,927.0,634.0
1196,1177,958.6812040354517,558.1264991514238,927.0,634.0
1197,1178,958.6812040354517,558.1264991514238,927.0,634.0
1198,1179,958.6812040354517,558.1264991514238,927.0,634.0
1198,1180,958.6812040354517,558.1264991514238,927.0,634.0
1198,1181,958.6812040354517,558.1264991514238,927.0,634.0
1198,1182,958.6812040354517,558.1264991514238,927.0,634.0
1198,1183,958.6812040354517,558.1264991514238,927.0,634.0
1198,1184,958.6812040354517,558.1264991514238,927.0,634.0
1198,1185,958.6812040354517,558.1264991514238,927.0,634.0
1198,1186,958.6812040354517,558.1264991514238,927.0,634.0
1198,1187,958.6812040354517,558.1264991514238,927.0,634.0
1198,1188,958.6812040354517,558.1264991514238,927.0,634.0
1198,1189,958.6812040354517,558.1264991514238,927.0,634.0
1198,1190,958.6812040354517,558.1264991514238,927.0,634.0
1198,1191,958.6812040354517,558.1264991514238,927.0,634.0
1198,1192,958.6812040354517,558.1264991514238,927.0,634.0
1198,1193,958.6812040354517,558.1264991514238,927.0,634.0
1198,1194,958.6812040354517,558.1264991514238,927.0,634.0
1198,1195,958.6812040354517,558.1264991514238,927.0,634.0
1198,1196,958.6812040354517,558.1264991514238,927.0,634.0
1198,1197,958.6812040354517,558.1264991514238,927.0,634.0
1198,1198,958.6812040354517,558.1264991514238,927.0,634.0
1198,1199,958.6812040354517,558.1264991514238,927.0,634.0
1198,1200,958.6812040354517,558.1264991514238,927.0,634.0
1198,1201,958.6812040354517,558.1264991514238,927.0,634.0
1198,1202,958.6812040354517,558.1264991514238,927.0,634.0
1198,1203,958.6812040354517,558.1264991514238,927.0,634.0
1198,1204,958.6812040354517,558.1264991514238,927.0,634.0
1198,1205,958.6812040354517,558.1264991514238,927.0,634.0
1198,1206,958.6812040354517,558.1264991514238,927.0,634.0
1198,1207,958.6812040354517,558.1264991514238,927.0,634.0
1198,1208,958.6812040354517,558.1264991514238,927.0,634.0
1198,1209,958.6812040354517,558.1264991514238,927.0,634.0
1198,1210,958.6812040354517,558.1264991514238,927.0,634.0
1198,1211,958.6812040354517,558.1264991514238,927.0,634.0
1198,1212,958.6812040354517,558.1264991514238,927.0,634.0
1198,1213,958.6812040354517,558.1264991514238,927.0,634.0
1198,1214,958.6812040354517,558.1264991514238,927.0,634.0
1198,1215,958.6812040354517,558.1264991514238,927.0,634.0
1198,1216,958.6812040354517,558.1264991514238,927.0,634.0
1198,1217,958.6812040354517,558.1264991514238,927.0,634.0
1198,1218,958.6812040354517,558.1264991514238,927.0,634.0
1198,1219,958.6812040354517,558.1264991514238,927.0,634.0
1198,1220,958.6812040354517,558.1264991514238,927.0,634.0
1198,1221,958.6812040354517,558.1264991514238,927.0,634.0
1198,1222,958.6812040354517,558.1264991514238,927.0,634.0
1198,1223,958.6812040354517,558.1264991514238,927.0,634.0
1198,1224,958.6812040354517,558.1264991514238,927.0,634.0
1198,1225,958.6812040354517,558.1264991514238,927.0,634.0
1198,1226,958.6812040354517,558.1264991514238,927.0,634.0
1198,1227,958.6812040354517,558.1264991514238,927.0,634.0
1198,1228,958.6812040354517,558.1264991514238,927.0,634.0
1198,1229,958.6812040354517,558.1264991514238,927.0,634.0
1198,1230,958.6812040354517,558.1264991514238,927.0,634.0
1198,1231,958.6812040354517,558.1264991514238,927.0,634.0
1198,1232,958.6812040354517,558.1264991514238,927.0,634.0
1198,1233,958.6812040354517,558.1264991514238,927.0,634.0
1198,1234,958.6812040354517,558.1264991514238,927.0,634.0
1198,1235,958.6812040354517,558.1264991514238,927.0,634.0
1198,1236,958.6812040354517,558.1264991514238,927.0,634.0
1198,1237,958.6812040354517,558.1264991514238,927.0,634.0
1198,1238,958.6812040354517,558.1264991514238,927.0,634.0
1198,1239,958.6812040354517,558.1264991514238,927.0,634.0
1198,1240,958.6812040354517,558.1264991514238,922.9931034482759,625.4137931034483
1198,1241,958.6812040354517,558.1264991514238,918.9862068965517,616.8275862068965
1198,1242,958.6812040354517,558.1264991514238,914.9793103448276,608.2413793103449
1198,1243,958.6812040354517,558.1264991514238,910.9724137931034,599.6551724137931
1198,1244,958.6812040354517,558.1264991514238,906.9655172413793,591.0689655172414
1198,1245,958.6812040354517,558.1264991514238,902.9586206896552,582.4827586206897
1198,1246,958.6812040354517,558.1264991514238,898.951724137931,573.8965517241379
1198,1247,958.6812040354517,558.1264991514238,894.9448275862069,565.3103448275862
1198,1248,958.6812040354517,558.1264991514238,890.9379310344827,556.7241379310344
1198,1249,958.6812040354517,558.1264991514238,886.9310344827586,548.1379310344828
1198,1250,958.6812040354517,558.1264991514238,882.9241379310345,539.551724137931
1198,1251,958.6812040354517,558.1264991514238,878.9172413793103,530.9655172413793
1198,1252,958.6812040354517,558.1264991514238,874.9103448275862,522.3793103448276
1198,1253,958.6812040354517,558.1264991514238,870.903448275862,513.7931034482758
1198,1254,958.6812040354517,558.1264991514238,866.8965517241379,505.2068965517241
1198,1255,958.6812040354517,558.1264991514238,862.8896551724138,496.62068965517244
1198,1256,958.6812040354517,558.1264991514238,858.8827586206896,488.0344827586207
1198,1257,958.6812040354517,558.1264991514238,854.8758620689655,479.44827586206895
1198,1258,958.6812040354517,558.1264991514238,850.8689655172413,470.8620689655172
1198,1259,958.6812040354517,558.1264991514238,846.8620689655172,462.2758620689655
1198,1260,958.6812040354517,558.1264991514238,842.8551724137931,453.6896551724138
1198,1261,958.6812040354517,558.1264991514238,838.8482758620689,445.1034482758621
1198,1262,958.6812040354517,558.1264991514238,834.8413793103448,436.51724137931035
1198,1263,958.6812040354517,558.1264991514238,830.8344827586207,427.9310344827586
1198,1264,958.6812040354517,558.1264991514238,826.8275862068965,419.34482758620686
1198,1265,958.6812040354517,558.1264991514238,822.8206896551724,410.7586206896552
1198,1266,958.6812040354517,558.1264991514238,818.8137931034482,402.1724137931035
1198,1267,958.6812040354517,558.1264991514238,814.8068965517241,393.58620689655174
1198,1268,958.6812040354517,558.1264991514238,810.8,385.0
1198,1269,958.6812040354517,558.1264991514238,810.8,385.0
1198,1270,958.6812040354517,558.1264991514238,810.8,385.0
1198,1271,958.6812040354517,558.1264991514238,810.8,385.0
1198,1272,958.6812040354517,558.1264991514238,810.8,385.0
1198,1273,958.6812040354517,558.1264991514238,810.8,385.0
1198,1274,958.6812040354517,558.1264991514238,810.8,385.0
1198,1275,958.6812040354517,558.1264991514238,810.8,385.0
1198,1276,958.6812040354517,558.1264991514238,810.8,385.0
1198,1277,958.6812040354517,558.1264991514238,810.8,385.0
1198,1278,958.6812040354517,558.1264991514238,810.8,385.0
1198,1279,958.6812040354517,558.1264991514238,810.8,385.0
1198,1280,958.6812040354517,558.1264991514238,810.8,385.0
1198,1281,958.6812040354517,558.1264991514238,810.8,385.0
1198,1282,958.6812040354517,558.1264991514238,810.8,385.0
1198,1283,958.6812040354517,558.1264991514238,810.8,385.0
1198,1284,958.6812040354517,558.1264991514238,810.8,385.0
1198,1285,958.6812040354517,558.1264991514238,810.8,385.0
1198,1286,958.6812040354517,558.1264991514238,810.8,385.0
1198,1287,958.6812040354517,558.1264991514238,810.8,385.0
1198,1288,958.6812040354517,558.1264991514238,810.8,385.0
1198,1289,958.6812040354517,558.1264991514238,810.8,385.0
1198,1290,958.6812040354517,558.1264991514238,810.8,385.0
1198,1291,958.6812040354517,558.1264991514238,810.8,385.0
1198,1292,958.6812040354517,558.1264991514238,810.8,385.0
1198,1293,958.6812040354517,558.1264991514238,810.8,385.0
1198,1294,958.6812040354517,558.1264991514238,810.8,385.0
1198,1295,958.6812040354517,558.1264991514238,810.8,385.0
1198,1296,958.6812040354517,558.1264991514238,810.8,385.0
1198,1297,958.6812040354517,558.1264991514238,810.8,385.0
1198,1298,958.6812040354517,558.1264991514238,810.8,385.0
1198,1299,958.6812040354517,558.1264991514238,810.8,385.0
1198,1300,958.6812040354517,558.1264991514238,810.8,385.0
1198,1301,958.6812040354517,558.1264991514238,810.8,385.0
1198,1302,958.6812040354517,558.1264991514238,810.8,385.0
1198,1303,958.6812040354517,558.1264991514238,810.8,385.0
1198,1304,958.6812040354517,558.1264991514238,810.8,385.0
1198,1305,958.6812040354517,558.1264991514238,810.8,385.0
1198,1306,958.6812040354517,558.1264991514238,810.8,385.0
1198,1307,958.6812040354517,558.1264991514238,810.8,385.0
1198,1308,958.6812040354517,558.1264991514238,810.8,385.0
1198,1309,958.6812040354517,558.1264991514238,810.8,385.0
1198,1310,958.6812040354517,558.1264991514238,810.8,385.0
1198,1311,958.6812040354517,558.1264991514238,810.8,385.0
1198,1312,958.6812040354517,558.1264991514238,810.8,385.0
1199,1313,958.6812040354517,558.1264991514238,810.8,385.0
1200,1314,958.6812040354517,558.1264991514238,810.8,385.0
1201,1315,958.6812040354517,558.1264991514238,810.8,385.0
1202,1316,958.6812040354517,558.1264991514238,810.8,385.0
1203,1316,958.6812040354517,558.1264991514238,810.8,385.0
1204,1316,958.6812040354517,558.1264991514238,810.8,385.0
1205,1316,958.6812040354517,558.1264991514238,810.8,385.0
1206,1316,958.6812040354517,558.1264991514238,810.8,385.0
1207,1316,958.6812040354517,558.1264991514238,810.8,385.0
1208,1316,958.6812040354517,558.1264991514238,810.8,385.0
1209,1316,958.6812040354517,558.1264991514238,810.8,385.0
1210,1316,958.6812040354517,558.1264991514238,810.8,385.0
1211,1316,958.6812040354517,558.1264991514238,810.8,385.0
1212,1316,958.6812040354517,558.1264991514238,810.8,385.0
1213,1316,958.6812040354517,558.1264991514238,810.8,385.0
1214,1316,958.6812040354517,558.1264991514238,810.8,385.0
1215,1316,958.6812040354517,558.1264991514238,810.8,385.0
1216,1316,958.6812040354517,558.1264991514238,810.8,385.0
1217,1316,958.6812040354517,558.1264991514238,810.8,385.0
1218,1316,958.6812040354517,558.1264991514238,810.8,385.0
1219,1316,958.6812040354517,558.1264991514238,810.8,385.0
1220,1316,958.6812040354517,558.1264991514238,810.8,385.0
1221,1316,958.6812040354517,558.1264991514238,810.8,385.0
1222,1316,958.6812040354517,558.1264991514238,810.8,385.0
1223,1316,958.6812040354517,558.1264991514238,810.8,385.0
1224,1316,958.6812040354517,558.1264991514238,810.8,385.0
1225,1316,958.6812040354517,558.1264991514238,810.8,385.0
1226,1316,958.6812040354517,558.1264991514238,810.8,385.0
1227,1316,958.6812040354517,558.1264991514238,810.8,385.0
1228,1316,958.6812040354517,558.1264991514238,810.8,385.0
1229,1316,958.6812040354517,558.1264991514238,810.8,385.0
1230,1316,958.6812040354517,558.1264991514238,810.8,385.0
1231,1316,958.6812040354517,558.1264991514238,810.8,385.0
1232,1316,958.6812040354517,558.1264991514238,810.8,385.0
1233,1316,958.6812040354517,558.1264991514238,810.8,385.0
1234,1316,958.6812040354517,558.1264991514238,810.8,385.0
1235,1316,958.6812040354517,558.1264991514238,810.8,385.0
1236,1316,958.6812040354517,558.1264991514238,810.8,385.0
1237,1316,958.6812040354517,558.1264991514238,810.8,385.0
1238,1316,958.6812040354517,558.1264991514238,810.8,385.0
1239,1316,958.6812040354517,558.1264991514238,810.8,385.0
1240,1316,958.6812040354517,558.1264991514238,810.8,385.0
1241,1316,958.6812040354517,558.1264991514238,810.8,385.0
1242,1316,958.6812040354517,558.1264991514238,810.8,385.0
1243,1316,958.6812040354517,558.1264991514238,810.8,385.0
1244,1316,958.6812040354517,558.1264991514238,810.8,385.0
1245,1316,958.6812040354517,558.1264991514238,810.8,385.0
1246,1316,958.6812040354517,558.1264991514238,810.8,385.0
1247,1316,958.6812040354517,558.1264991514238,810.8,385.0
1248,1316,958.6812040354517,558.1264991514238,810.8,385.0
1249,1316,958.6812040354517,558.1264991514238,810.8,385.0
1250,1316,958.6812040354517,558.1264991514238,810.8,385.0
1251,1316,958.6812040354517,558.1264991514238,810.8,385.0
1252,1316,958.6812040354517,558.1264991514238,810.8,385.0
1253,1316,958.6812040354517,558.1264991514238,810.8,385.0
1254,1316,958.6812040354517,558.1264991514238,810.8,385.0
1255,1316,958.6812040354517,558.1264991514238,810.8,385.0
1256,1316,958.6812040354517,558.1264991514238,810.8,385.0
1257,1316,958.6812040354517,558.1264991514238,810.8,385.0
1258,1316,958.6812040354517,558.1264991514238,810.8,385.0
1259,1316,958.6812040354517,558.1264991514238,810.8,385.0
1260,1316,958.6812040354517,558.1264991514238,810.8,385.0
1261,1316,958.6812040354517,558.1264991514238,810.8,385.0
1262,1316,958.6812040354517,558.1264991514238,810.8,385.0
1263,1316,958.6812040354517,558.1264991514238,810.8,385.0
1264,1316,958.6812040354517,558.1264991514238,810.8,385.0
1265,1316,958.6812040354517,558.1264991514238,810.8,385.0
1266,1316,958.6812040354517,558.1264991514238,810.8,385.0
1267,1316,958.6812040354517,558.1264991514238,810.8,385.0
1268,1316,958.6812040354517,558.1264991514238,810.8,385.0
1269,1316,958.6812040354517,558.1264991514238,810.8,385.0
1270,1316,958.6812040354517,558.1264991514238,810.8,385.0
1271,1316,958.6812040354517,558.1264991514238,810.8,385.0
1272,1316,958.6812040354517,558.1264991514238,810.8,385.0
1273,1316,958.6812040354517,558.1264991514238,820.7571428571429,382.04285714285714
1274,1316,958.6812040354517,558.1264991514238,830.7142857142857,379.0857142857143
1275,1316,958.6812040354517,558.1264991514238,840.6714285714286,376.12857142857143
1276,1316,958.6812040354517,558.1264991514238,850.6285714285714,373.1714285714286
1277,1316,958.6812040354517,558.1264991514238,860.5857142857143,370.2142857142857
1278,1316,958.6812040354517,558.1264991514238,870.5428571428572,367.25714285714287
1279,1316,958.6812040354517,558.1264991514238,880.5,364.3
1280,1316,958.6812040354517,558.1264991514238,890.4571428571429,361.34285714285716
1281,1316,958.6812040354517,558.1264991514238,900.4142857142857,358.3857142857143
1282,1316,958.6812040354517,558.1264991514238,910.3714285714286,355.42857142857144
1283,1316,958.6812040354517,558.1264991514238,920.3285714285714,352.4714285714286
1284,1316,958.6812040354517,558.1264991514238,930.2857142857143,349.51428571428573
1285,1316,958.6812040354517,558.1264991514238,940.2428571428572,346.5571428571429
1286,1316,958.6812040354517,558.1264991514238,950.2,343.6
1287,1316,958.6812040354517,558.1264991514238,950.2,343.6
1288,1316,958.6812040354517,558.1264991514238,950.2,343.6
1289,1316,958.6812040354517,558.1264991514238,950.2,343.6
1290,1316,958.6812040354517,558.1264991514238,950.2,343.6
1291,1316,958.6812040354517,558.1264991514238,950.2,343.6
1292,1316,958.6812040354517,558.1264991514238,950.2,343.6
1293,1316,958.6812040354517,558.1264991514238,950.2,343.6
1294,1316,958.6812040354517,558.1264991514238,950.2,343.6
1295,1316,958.6812040354517,558.1264991514238,950.2,343.6
1296,1316,958.6812040354517,558.1264991514238,950.2,343.6
1297,1316,958.6812040354517,558.1264991514238,950.2,343.6
1298,1316,958.6812040354517,558.1264991514238,950.2,343.6
1299,1316,958.6812040354517,558.1264991514238,950.2,343.6
1300,1316,958.6812040354517,558.1264991514238,950.2,343.6
1301,1316,958.6812040354517,558.1264991514238,950.2,343.6
1302,1316,958.6812040354517,558.1264991514238,950.2,343.6
1303,1316,958.6812040354517,558.1264991514238,950.2,343.6
1304,1316,958.6812040354517,558.1264991514238,950.2,343.6
1305,1316,958.6812040354517,558.1264991514238,950.2,343.6
1306,1316,958.6812040354517,558.1264991514238,950.2,343.6
1307,1316,958.6812040354517,558.1264991514238,950.2,343.6
1308,1316,958.6812040354517,558.1264991514238,950.2,343.6
1309,1316,958.6812040354517,558.1264991514238,950.2,343.6
1310,1316,958.6812040354517,558.1264991514238,950.2,343.6
1311,1316,958.6812040354517,558.1264991514238,950.2,343.6
1312,1316,958.6812040354517,558.1264991514238,950.2,343.6
1313,1316,958.6812040354517,558.1264991514238,950.2,343.6
1314,1316,958.6812040354517,558.1264991514238,950.2,343.6
1315,1316,958.6812040354517,558.1264991514238,950.2,343.6
1316,1316,958.6812040354517,558.1264991514238,950.2,343.6
1317,1316,958.6812040354517,558.1264991514238,950.2,343.6
1318,1316,958.6812040354517,558.1264991514238,950.2,343.6
1319,1316,958.6812040354517,558.1264991514238,950.2,343.6
1320,1316,958.6812040354517,558.1264991514238,950.2,343.6
1321,1316,958.6812040354517,558.1264991514238,950.2,343.6
1322,1316,958.6812040354517,558.1264991514238,950.2,343.6
1323,1316,958.6812040354517,558.1264991514238,950.2,343.6
1324,1316,958.6812040354517,558.1264991514238,950.2,343.6
1325,1316,958.6812040354517,558.1264991514238,950.2,343.6
1326,1316,958.6812040354517,558.1264991514238,950.2,343.6
1327,1316,958.6812040354517,558.1264991514238,950.2,343.6
1328,1316,958.6812040354517,558.1264991514238,950.2,343.6
1329,1316,958.6812040354517,558.1264991514238,950.2,343.6
1330,1316,958.6812040354517,558.1264991514238,950.2,343.6
1331,1316,958.6812040354517,558.1264991514238,950.2,343.6
1332,1316,958.6812040354517,558.1264991514238,950.2,343.6
1333,1316,958.6812040354517,558.1264991514238,950.2,343.6
1334,1316,958.6812040354517,558.1264991514238,950.2,343.6
1335,1316,958.6812040354517,558.1264991514238,950.2,343.6
1336,1316,958.6812040354517,558.1264991514238,950.2,343.6
1337,1316,958.6812040354517,558.1264991514238,950.2,343.6
1338,1316,958.6812040354517,558.1264991514238,950.2,343.6
1339,1316,958.6812040354517,558.1264991514238,950.2,343.6
1340,1316,958.6812040354517,558.1264991514238,950.2,343.6
1341,1316,958.6812040354517,558.1264991514238,950.2,343.6
1342,1316,958.6812040354517,558.1264991514238,950.2,343.6
1343,1316,958.6812040354517,558.1264991514238,950.2,343.6
1344,1316,958.6812040354517,558.1264991514238,950.2,343.6
1345,1316,958.6812040354517,558.1264991514238,950.2,343.6
1346,1316,958.6812040354517,558.1264991514238,950.2,343.6
1347,1316,958.6812040354517,558.1264991514238,950.2,343.6
1348,1316,958.6812040354517,558.1264991514238,950.2,343.6
1349,1316,958.6812040354517,558.1264991514238,950.2,343.6
1350,1316,958.6812040354517,558.1264991514238,950.2,343.6
1351,1316,958.6812040354517,558.1264991514238,950.2,343.6
1352,1316,958.6812040354517,558.1264991514238,950.2,343.6
1353,1317,958.6812040354517,558.1264991514238,950.2,343.6
1354,1318,958.6812040354517,558.1264991514238,950.2,343.6
1355,1319,958.6812040354517,558.1264991514238,950.2,343.6
1356,1320,958.6812040354517,558.1264991514238,950.2,343.6
1357,1321,958.6812040354517,558.1264991514238,950.2,343.6
1358,1322,958.6812040354517,558.1264991514238,950.2,343.6
1359,1323,958.6812040354517,558.1264991514238,950.2,343.6
1360,1324,958.6812040354517,558.1264991514238,950.2,343.6
1361,1325,958.6812040354517,558.1264991514238,950.2,343.6
1362,1326,958.6812040354517,558.1264991514238,950.2,343.6
1363,1327,958.6812040354517,558.1264991514238,950.2,343.6
1364,1328,958.6812040354517,558.1264991514238,950.2,343.6
1365,1329,958.6812040354517,558.1264991514238,950.2,343.6
1366,1330,958.6812040354517,558.1264991514238,950.2,343.6
1367,1331,958.6812040354517,558.1264991514238,950.2,343.6
1368,1332,958.6812040354517,558.1264991514238,950.2,343.6
1369,1333,958.6812040354517,558.1264991514238,950.2,343.6
1370,1334,958.6812040354517,558.1264991514238,950.2,343.6
1371,1335,958.6812040354517,558.1264991514238,950.2,343.6
1372,1336,958.6812040354517,558.1264991514238,950.2,343.6
1373,1337,958.6812040354517,558.1264991514238,950.2,343.6
1374,1338,958.6812040354517,558.1264991514238,950.2,343.6
1375,1339,958.6812040354517,558.1264991514238,950.2,343.6
1376,1340,958.6812040354517,558.1264991514238,950.2,343.6
1377,1341,958.6812040354517,558.1264991514238,950.2,343.6
1378,1342,958.6812040354517,558.1264991514238,950.2,343.6
1379,1343,958.6812040354517,558.1264991514238,950.2,343.6
1380,1344,958.6812040354517,558.1264991514238,950.2,343.6
1381,1345,958.6812040354517,558.1264991514238,950.2,343.6
1382,1346,958.6812040354517,558.1264991514238,950.2,343.6
1383,1347,958.6812040354517,558.1264991514238,950.2,343.6
1384,1348,958.6812040354517,558.1264991514238,950.2,343.6
1385,1349,958.6812040354517,558.1264991514238,950.2,343.6
1386,1350,958.6812040354517,558.1264991514238,950.2,343.6
1387,1351,958.6812040354517,558.1264991514238,950.2,343.6
1388,1352,958.6812040354517,558.1264991514238,950.2,343.6
1389,1353,958.6812040354517,558.1264991514238,950.2,343.6
1390,1354,958.6812040354517,558.1264991514238,950.2,343.6
1391,1355,958.6812040354517,558.1264991514238,950.2,343.6
1392,1356,958.6812040354517,558.1264991514238,950.2,343.6
1393,1357,958.6812040354517,558.1264991514238,950.2,343.6
1394,1358,958.6812040354517,558.1264991514238,950.2,343.6
1395,1359,958.6812040354517,558.1264991514238,950.2,343.6
1396,1360,958.6812040354517,558.1264991514238,950.2,343.6
1397,1361,958.6812040354517,558.1264991514238,950.2,343.6
1398,1362,958.6812040354517,558.1264991514238,950.2,343.6
1399,1363,958.6812040354517,558.1264991514238,950.2,343.6
1400,1364,958.6812040354517,558.1264991514238,950.2,343.6
1401,1365,958.6812040354517,558.1264991514238,950.2,343.6
1402,1366,958.6812040354517,558.1264991514238,950.2,343.6
1403,1367,958.6812040354517,558.1264991514238,950.2,343.6
1404,1368,958.6812040354517,558.1264991514238,950.2,343.6
1405,1369,958.6812040354517,558.1264991514238,950.2,343.6
1406,1370,958.6812040354517,558.1264991514238,950.2,343.6
1407,1371,958.6812040354517,558.1264991514238,950.2,343.6
1408,1372,958.6812040354517,558.1264991514238,950.2,343.6
1409,1373,958.6812040354517,558.1264991514238,950.2,343.6
1410,1374,958.6812040354517,558.1264991514238,950.2,343.6
1411,1375,958.6812040354517,558.1264991514238,950.2,343.6
1412,1376,958.6812040354517,558.1264991514238,950.2,343.6
1413,1377,958.6812040354517,558.1264991514238,950.2,343.6
1414,1378,958.6812040354517,558.1264991514238,950.2,343.6
1415,1379,958.6812040354517,558.1264991514238,950.2,343.6
1416,1380,958.6812040354517,558.1264991514238,950.2,343.6
1417,1381,958.6812040354517,558.1264991514238,950.2,343.6
1418,1382,958.6812040354517,558.1264991514238,950.2,343.6
1419,1383,958.6812040354517,558.1264991514238,950.2,343.6
1420,1384,958.6812040354517,558.1264991514238,950.2,343.6
1421,1385,958.6812040354517,558.1264991514238,950.2,343.6
1422,1386,958.6812040354517,558.1264991514238,950.2,343.6
1423,1387,958.6812040354517,558.1264991514238,950.2,343.6
1424,1388,958.6812040354517,558.1264991514238,950.2,343.6
1425,1389,958.6812040354517,558.1264991514238,950.2,343.6
1426,1390,958.6812040354517,558.1264991514238,950.2,343.6
1427,1391,958.6812040354517,558.1264991514238,950.2,343.6
1428,1392,958.6812040354517,558.1264991514238,950.2,343.6
1429,1393,958.6812040354517,558.1264991514238,950.2,343.6
1430,1394,958.6812040354517,558.1264991514238,950.2,343.6
1431,1395,958.6812040354517,558.1264991514238,950.2,343.6
1432,1396,958.6812040354517,558.1264991514238,950.2,343.6
1433,1397,958.6812040354517,558.1264991514238,950.2,343.6
1434,1398,958.6812040354517,558.1264991514238,950.2,343.6
1435,1399,958.6812040354517,558.1264991514238,950.2,343.6
1436,1400,958.6812040354517,558.1264991514238,950.2,343.6
1437,1401,958.6812040354517,558.1264991514238,950.2,343.6
1438,1402,958.6812040354517,558.1264991514238,950.2,343.6
1439,1403,958.6812040354517,558.1264991514238,950.2,343.6
1440,1404,958.6812040354517,558.1264991514238,950.2,343.6
1441,1405,958.6812040354517,558.1264991514238,950.2,343.6
1442,1406,958.6812040354517,558.1264991514238,950.2,343.6
1443,1407,958.6812040354517,558.1264991514238,950.2,343.6
1444,1408,958.6812040354517,558.1264991514238,950.2,343.6
1445,1409,958.6812040354517,558.1264991514238,950.2,343.6
1446,1410,958.6812040354517,558.1264991514238,950.2,343.6
1447,1411,958.6812040354517,558.1264991514238,950.2,343.6
1448,1412,958.6812040354517,558.1264991514238,950.2,343.6
1449,1413,958.6812040354517,558.1264991514238,950.2,343.6
1450,1414,958.6812040354517,558.1264991514238,950.2,343.6
1451,1415,958.6812040354517,558.1264991514238,950.2,343.6
1452,1416,958.6812040354517,558.1264991514238,950.2,343.6
1453,1417,958.6812040354517,558.1264991514238,950.2,343.6
1454,1418,958.6812040354517,558.1264991514238,950.2,343.6
1455,1419,958.6812040354517,558.1264991514238,950.2,343.6
1456,1420,958.6812040354517,558.1264991514238,950.2,343.6
1457,1421,958.6812040354517,558.1264991514238,951.3181818181819,335.5727272727273
1458,1422,958.6812040354517,558.1264991514238,952.4363636363637,327.54545454545456
1459,1423,958.6812040354517,558.1264991514238,953.5545454545455,319.51818181818186
1460,1424,958.6812040354517,558.1264991514238,954.6727272727273,311.4909090909091
1461,1425,958.6812040354517,558.1264991514238,955.7909090909092,303.4636363636364
1462,1426,958.6812040354517,558.1264991514238,956.9090909090909,295.43636363636364
1463,1427,958.6812040354517,558.1264991514238,958.0272727272727,287.40909090909093
1464,1428,958.6812040354517,558.1264991514238,959.1454545454545,279.3818181818182
1465,1429,958.6812040354517,558.1264991514238,960.2636363636364,271.3545454545455
1465,1430,958.6812040354517,558.1264991514238,961.3818181818182,263.3272727272727
1465,1431,958.6812040354517,558.1264991514238,962.5,255.3
1465,1432,958.6812040354517,558.1264991514238,962.5,255.3
1465,1433,958.6812040354517,558.1264991514238,962.5,255.3
1465,1434,958.6812040354517,558.1264991514238,962.5,255.3
1465,1435,958.6812040354517,558.1264991514238,962.5,255.3
1465,1436,958.6812040354517,558.1264991514238,962.5,255.3
1465,1437,958.6812040354517,558.1264991514238,962.5,255.3
1465,1438,958.6812040354517,558.1264991514238,962.5,255.3
1465,1439,958.6812040354517,558.1264991514238,962.5,255.3
1465,1440,958.6812040354517,558.1264991514238,962.5,255.3
1465,1441,958.6812040354517,558.1264991514238,962.5,255.3
1465,1442,958.6812040354517,558.1264991514238,962.5,255.3
1465,1443,958.6812040354517,558.1264991514238,962.5,255.3
1465,1444,958.6812040354517,558.1264991514238,962.5,255.3
1465,1445,958.6812040354517,558.1264991514238,962.5,255.3
1465,1446,958.6812040354517,558.1264991514238,962.5,255.3
1465,1447,958.6812040354517,558.1264991514238,962.5,255.3
1465,1448,958.6812040354517,558.1264991514238,962.5,255.3
1465,1449,958.6812040354517,558.1264991514238,962.5,255.3
1465,1450,958.6812040354517,558.1264991514238,962.5,255.3
1465,1451,958.6812040354517,558.1264991514238,962.5,255.3
1465,1452,958.6812040354517,558.1264991514238,962.5,255.3
1465,1453,958.6812040354517,558.1264991514238,962.5,255.3
1465,1454,958.6812040354517,558.1264991514238,962.5,255.3
1465,1455,958.6812040354517,558.1264991514238,962.5,255.3
1465,1456,958.6812040354517,558.1264991514238,962.5,255.3
1465,1457,958.6812040354517,558.1264991514238,962.5,255.3
1465,1458,958.6812040354517,558.1264991514238,962.5,255.3
1465,1459,958.6812040354517,558.1264991514238,962.5,255.3
1465,1460,958.6812040354517,558.1264991514238,962.5,255.3
1465,1461,958.6812040354517,558.1264991514238,962.5,255.3
1465,1462,958.6812040354517,558.1264991514238,962.5,255.3
1465,1463,958.6812040354517,558.1264991514238,962.5,255.3
1465,1464,958.6812040354517,558.1264991514238,962.5,255.3
1465,1465,958.6812040354517,558.1264991514238,962.5,255.3
1465,1466,958.6812040354517,558.1264991514238,962.5,255.3
1465,1467,958.6812040354517,558.1264991514238,962.5,255.3
1465,1468,958.6812040354517,558.1264991514238,962.5,255.3
1465,1469,958.6812040354517,558.1264991514238,962.5,255.3
1465,1470,958.6812040354517,558.1264991514238,962.5,255.3
1465,1471,958.6812040354517,558.1264991514238,962.5,255.3
1465,1472,958.6812040354517,558.1264991514238,962.5,255.3
1465,1473,958.6812040354517,558.1264991514238,962.5,255.3
1465,1474,958.6812040354517,558.1264991514238,962.5,255.3
1465,1475,958.6812040354517,558.1264991514238,962.5,255.3
1465,1476,958.6812040354517,558.1264991514238,962.5,255.3
1465,1477,958.6812040354517,558.1264991514238,962.5,255.3
1465,1478,958.6812040354517,558.1264991514238,962.5,255.3
1465,1479,958.6812040354517,558.1264991514238,962.5,255.3
1465,1480,958.6812040354517,558.1264991514238,962.5,255.3
1465,1481,958.6812040354517,558.1264991514238,962.5,255.3
1465,1482,958.6812040354517,558.1264991514238,962.5,255.3
1465,1483,958.6812040354517,558.1264991514238,962.5,255.3
1465,1484,958.6812040354517,558.1264991514238,962.5,255.3
1465,1485,958.6812040354517,558.1264991514238,962.5,255.3
1465,1486,958.6812040354517,558.1264991514238,962.5,255.3
1465,1487,958.6812040354517,558.1264991514238,962.5,255.3
1465,1488,958.6812040354517,558.1264991514238,962.5,255.3
1465,1489,958.6812040354517,558.1264991514238,962.5,255.3
1465,1490,958.6812040354517,558.1264991514238,962.5,255.3
1465,1491,958.6812040354517,558.1264991514238,962.5,255.3
1465,1492,958.6812040354517,558.1264991514238,962.5,255.3
1465,1493,958.6812040354517,558.1264991514238,962.5,255.3
1465,1494,958.6812040354517,558.1264991514238,962.5,255.3
1465,1495,958.6812040354517,558.1264991514238,962.5,255.3
1465,1496,958.6812040354517,558.1264991514238,962.5,255.3
1465,1497,958.6812040354517,558.1264991514238,962.5,255.3
1465,1498,958.6812040354517,558.1264991514238,962.5,255.3
1465,1499,958.6812040354517,558.1264991514238,962.5,255.3
1465,1500,958.6812040354517,558.1264991514238,962.5,255.3
1465,1501,958.6812040354517,558.1264991514238,962.5,255.3
1465,1502,958.6812040354517,558.1264991514238,962.5,255.3
1465,1503,958.6812040354517,558.1264991514238,962.5,255.3
1465,1504,958.6812040354517,558.1264991514238,962.5,255.3
1466,1505,958.6812040354517,558.1264991514238,962.5,255.3
1467,1506,958.6812040354517,558.1264991514238,962.5,255.3
1468,1507,958.6812040354517,558.1264991514238,962.5,255.3
1469,1507,958.6812040354517,558.1264991514238,962.5,255.3
1470,1507,958.6812040354517,558.1264991514238,962.5,255.3
1471,1507,958.6812040354517,558.1264991514238,962.5,255.3
1472,1507,958.6812040354517,558.1264991514238,962.5,255.3
1473,1507,958.6812040354517,558.1264991514238,962.5,255.3
1474,1507,958.6812040354517,558.1264991514238,962.5,255.3
1475,1507,958.6812040354517,558.1264991514238,962.5,255.3
1476,1507,958.6812040354517,558.1264991514238,962.5,255.3
1477,1507,958.6812040354517,558.1264991514238,962.5,255.3
1478,1507,958.6812040354517,558.1264991514238,962.5,255.3
1479,1507,958.6812040354517,558.1264991514238,962.5,255.3
1480,1507,958.6812040354517,558.1264991514238,962.5,255.3
1481,1507,958.6812040354517,558.1264991514238,962.5,255.3
1482,1507,958.6812040354517,558.1264991514238,962.5,255.3
1483,1507,958.6812040354517,558.1264991514238,962.5,255.3
1484,1507,958.6812040354517,558.1264991514238,962.5,255.3
1485,1507,958.6812040354517,558.1264991514238,962.5,255.3
1486,1507,958.6812040354517,558.1264991514238,962.5,255.3
1487,1507,958.6812040354517,558.1264991514238,962.5,255.3
1488,1507,958.6812040354517,558.1264991514238,962.5,255.3
1489,1507,958.6812040354517,558.1264991514238,962.5,255.3
1490,1507,958.6812040354517,558.1264991514238,962.5,255.3
1491,1507,958.6812040354517,558.1264991514238,962.5,255.3
1492,1507,958.6812040354517,558.1264991514238,962.5,255.3
1493,1507,958.6812040354517,558.1264991514238,962.5,255.3
1494,1507,958.6812040354517,558.1264991514238,962.5,255.3
1495,1507,958.6812040354517,558.1264991514238,962.5,255.3
1496,1507,958.6812040354517,558.1264991514238,962.5,255.3
1497,1507,958.6812040354517,558.1264991514238,962.5,255.3
1498,1507,958.6812040354517,558.1264991514238,962.5,255.3
1499,1507,958.6812040354517,558.1264991514238,962.5,255.3
1500,1507,958.6812040354517,558.1264991514238,962.5,255.3
1501,1507,958.6812040354517,558.1264991514238,962.5,255.3
1502,1507,958.6812040354517,558.1264991514238,962.5,255.3
1503,1507,958.6812040354517,558.1264991514238,962.5,255.3
1504,1507,958.6812040354517,558.1264991514238,962.5,255.3
1505,1507,958.6812040354517,558.1264991514238,962.5,255.3
1506,1507,958.6812040354517,558.1264991514238,962.5,255.3
1507,1507,958.6812040354517,558.1264991514238,962.5,255.3
1508,1507,958.6812040354517,558.1264991514238,962.5,255.3
1509,1507,958.6812040354517,558.1264991514238,962.5,255.3
1510,1507,958.6812040354517,558.1264991514238,962.5,255.3
1511,1507,958.6812040354517,558.1264991514238,962.5,255.3
1512,1507,958.6812040354517,558.1264991514238,962.5,255.3
1513,1507,958.6812040354517,558.1264991514238,962.5,255.3
1514,1507,958.6812040354517,558.1264991514238,962.5,255.3
1515,1507,958.6812040354517,558.1264991514238,962.5,255.3
1516,1507,958.6812040354517,558.1264991514238,962.5,255.3
1517,1507,958.6812040354517,558.1264991514238,962.5,255.3
1518,1507,958.6812040354517,558.1264991514238,962.5,255.3
1519,1507,958.6812040354517,558.1264991514238,962.5,255.3
1520,1507,958.6812040354517,558.1264991514238,962.5,255.3
1521,1507,958.6812040354517,558.1264991514238,962.5,255.3
1522,1507,958.6812040354517,558.1264991514238,962.5,255.3
1523,1507,958.6812040354517,558.1264991514238,962.5,255.3
1524,1507,958.6812040354517,558.1264991514238,962.5,255.3
1525,1507,958.6812040354517,558.1264991514238,962.5,255.3
1526,1507,958.6812040354517,558.1264991514238,962.5,255.3
1527,1507,958.6812040354517,558.1264991514238,962.5,255.3
1528,1507,958.6812040354517,558.1264991514238,962.5,255.3
1529,1507,958.6812040354517,558.1264991514238,962.5,255.3
1530,1507,958.6812040354517,558.1264991514238,962.5,255.3
1531,1507,958.6812040354517,558.1264991514238,962.5,255.3
1532,1507,958.6812040354517,558.1264991514238,962.5,255.3
1533,1507,958.6812040354517,558.1264991514238,962.5,255.3
1534,1507,958.6812040354517,558.1264991514238,962.5,255.3
1535,1507,958.6812040354517,558.1264991514238,962.5,255.3
1536,1507,958.6812040354517,558.1264991514238,962.5,255.3
1537,1507,958.6812040354517,558.1264991514238,962.5,255.3
1538,1507,958.6812040354517,558.1264991514238,962.5,255.3
1539,1507,958.6812040354517,558.1264991514238,962.5,255.3
1540,1507,958.6812040354517,558.1264991514238,962.5,255.3
1541,1507,958.6812040354517,558.1264991514238,962.5,255.3
1542,1507,958.6812040354517,558.1264991514238,962.5,255.3
1543,1507,958.6812040354517,558.1264991514238,962.5,255.3
1544,1507,958.6812040354517,558.1264991514238,962.5,255.3
1545,1507,958.6812040354517,558.1264991514238,962.5,255.3
1546,1507,958.6812040354517,558.1264991514238,962.5,255.3
1547,1507,958.6812040354517,558.1264991514238,962.5,255.3
1548,1507,958.6812040354517,558.1264991514238,962.5,255.3
1549,1507,958.6812040354517,558.1264991514238,962.5,255.3
1550,1507,958.6812040354517,558.1264991514238,962.5,255.3
1551,1507,958.6812040354517,558.1264991514238,962.5,255.3
1552,1507,958.6812040354517,558.1264991514238,962.5,255.3
1553,1507,958.6812040354517,558.1264991514238,962.5,255.3
1554,1507,958.6812040354517,558.1264991514238,962.5,255.3
1555,1507,958.6812040354517,558.1264991514238,962.5,255.3
1556,1507,958.6812040354517,558.1264991514238,962.5,255.3
1557,1507,958.6812040354517,558.1264991514238,962.5,255.3
1558,1507,958.6812040354517,558.1264991514238,962.5,255.3
1559,1507,958.6812040354517,558.1264991514238,962.5,255.3
1560,1507,958.6812040354517,558.1264991514238,962.5,255.3
1561,1507,958.6812040354517,558.1264991514238,962.5,255.3
1562,1507,958.6812040354517,558.1264991514238,962.5,255.3
1563,1507,958.6812040354517,558.1264991514238,962.5,255.3
1564,1507,958.6812040354517,558.1264991514238,962.5,255.3
1565,1507,958.6812040354517,558.1264991514238,962.5,255.3
1566,1507,958.6812040354517,558.1264991514238,962.5,255.3
1567,1507,958.6812040354517,558.1264991514238,962.5,255.3
1568,1507,958.6812040354517,558.1264991514238,962.5,255.3
1569,1507,958.6812040354517,558.1264991514238,962.5,255.3
1570,1507,958.6812040354517,558.1264991514238,962.5,255.3
1571,1507,958.6812040354517,558.1264991514238,962.5,255.3
1572,1507,958.6812040354517,558.1264991514238,962.5,255.3
1573,1507,958.6812040354517,558.1264991514238,962.5,255.3
1574,1507,958.6812040354517,558.1264991514238,962.5,255.3
1575,1507,958.6812040354517,558.1264991514238,962.5,255.3
1576,1507,958.6812040354517,558.1264991514238,962.5,255.3
1577,1507,958.6812040354517,558.1264991514238,962.5,255.3
1578,1507,958.6812040354517,558.1264991514238,961.28125,268.5
1579,1507,958.6812040354517,558.1264991514238,960.0625,281.7
1580,1507,958.6812040354517,558.1264991514238,958.84375,294.90000000000003
1581,1507,958.6812040354517,558.1264991514238,957.625,308.1
1582,1507,958.6812040354517,558.1264991514238,956.40625,321.3
1583,1507,958.6812040354517,558.1264991514238,955.1875,334.5
1584,1507,958.6812040354517,558.1264991514238,953.96875,347.70000000000005
1585,1507,958.6812040354517,558.1264991514238,952.75,360.90000000000003
1586,1507,958.6812040354517,558.1264991514238,951.53125,374.1
1587,1507,958.6812040354517,558.1264991514238,950.3125,387.3
1588,1507,958.6812040354517,558.1264991514238,949.09375,400.5
1589,1507,958.6812040354517,558.1264991514238,947.875,413.70000000000005
1590,1507,958.6812040354517,558.1264991514238,946.65625,426.90000000000003
1591,1507,958.6812040354517,558.1264991514238,945.4375,440.1
1592,1507,958.6812040354517,558.1264991514238,944.21875,453.30000000000007
1593,1507,958.6812040354517,558.1264991514238,943.0,466.5
1594,1507,958.6812040354517,558.1264991514238,941.78125,479.70000000000005
1595,1507,958.6812040354517,558.1264991514238,940.5625,492.90000000000003
1596,1507,958.6812040354517,558.1264991514238,939.34375,506.1
1597,1507,958.6812040354517,558.1264991514238,938.125,519.3
1598,1507,958.6812040354517,558.1264991514238,936.90625,532.5
1599,1507,958.6812040354517,558.1264991514238,935.6875,545.7
1600,1507,958.6812040354517,558.1264991514238,934.46875,558.9000000000001
1601,1507,958.6812040354517,558.1264991514238,933.25,572.1
1602,1507,958.6812040354517,558.1264991514238,932.03125,585.3
1603,1507,958.6812040354517,558.1264991514238,930.8125,598.5
1604,1507,958.6812040354517,558.1264991514238,929.59375,611.7
1605,1507,958.6812040354517,558.1264991514238,928.375,624.9000000000001
1606,1507,958.6812040354517,558.1264991514238,927.15625,638.1
1607,1507,958.6812040354517,558.1264991514238,925.9375,651.3000000000001
1608,1507,958.6812040354517,558.1264991514238,924.71875,664.5
1609,1507,958.6812040354517,558.1264991514238,923.5,677.7
1610,1507,958.6812040354517,558.1264991514238,923.5,677.7
1611,1507,958.6812040354517,558.1264991514238,923.5,677.7
1612,1507,958.6812040354517,558.1264991514238,923.5,677.7
1613,1507,958.6812040354517,558.1264991514238,923.5,677.7
1614,1507,958.6812040354517,558.1264991514238,923.5,677.7
1615,1507,958.6812040354517,558.1264991514238,923.5,677.7
1616,1507,958.6812040354517,558.1264991514238,923.5,677.7
1617,1507,958.6812040354517,558.1264991514238,923.5,677.7
1618,1507,958.6812040354517,558.1264991514238,923.5,677.7
1619,1507,958.6812040354517,558.1264991514238,923.5,677.7
1620,1507,958.6812040354517,558.1264991514238,923.5,677.7
1621,1507,958.6812040354517,558.1264991514238,923.5,677.7
1622,1507,958.6812040354517,558.1264991514238,923.5,677.7
1623,1507,958.6812040354517,558.1264991514238,923.5,677.7
1624,1507,958.6812040354517,558.1264991514238,923.5,677.7
1625,1507,958.6812040354517,558.1264991514238,923.5,677.7
1626,1507,958.6812040354517,558.1264991514238,923.5,677.7
1627,1507,958.6812040354517,558.1264991514238,923.5,677.7
1628,1507,958.6812040354517,558.1264991514238,923.5,677.7
1629,1507,958.6812040354517,558.1264991514238,923.5,677.7
1630,1507,958.6812040354517,558.1264991514238,923.5,677.7
1631,1507,958.6812040354517,558.1264991514238,923.5,677.7
1632,1507,958.6812040354517,558.1264991514238,923.5,677.7
1633,1507,958.6812040354517,558.1264991514238,923.5,677.7
1634,1507,958.6812040354517,558.1264991514238,923.5,677.7
1635,1507,958.6812040354517,558.1264991514238,923.5,677.7
1636,1507,958.6812040354517,558.1264991514238,923.5,677.7
1637,1507,958.6812040354517,558.1264991514238,923.5,677.7
1638,1507,958.6812040354517,558.1264991514238,923.5,677.7
1639,1507,958.6812040354517,558.1264991514238,923.5,677.7
1640,1507,958.6812040354517,558.1264991514238,923.5,677.7
1641,1507,958.6812040354517,558.1264991514238,923.5,677.7
1642,1507,958.6812040354517,558.1264991514238,923.5,677.7
1643,1507,958.6812040354517,558.1264991514238,923.5,677.7
1644,1507,958.6812040354517,558.1264991514238,923.5,677.7
1645,1507,958.6812040354517,558.1264991514238,923.5,677.7
1646,1507,958.6812040354517,558.1264991514238,923.5,677.7
1647,1507,958.6812040354517,558.1264991514238,923.5,677.7
1648,1507,958.6812040354517,558.1264991514238,923.5,677.7
1649,1507,958.6812040354517,558.1264991514238,923.5,677.7
1650,1507,958.6812040354517,558.1264991514238,923.5,677.7
1651,1507,958.6812040354517,558.1264991514238,923.5,677.7
1652,1507,958.6812040354517,558.1264991514238,923.5,677.7
1653,1507,958.6812040354517,558.1264991514238,923.5,677.7
1654,1507,958.6812040354517,558.1264991514238,923.5,677.7
1655,1507,958.6812040354517,558.1264991514238,923.5,677.7
1656,1507,958.6812040354517,558.1264991514238,923.5,677.7
1657,1507,958.6812040354517,558.1264991514238,923.5,677.7
1658,1507,958.6812040354517,558.1264991514238,923.5,677.7
1659,1507,958.6812040354517,558.1264991514238,923.5,677.7
1660,1507,958.6812040354517,558.1264991514238,923.5,677.7
1661,1507,958.6812040354517,558.1264991514238,923.5,677.7
1662,1507,958.6812040354517,558.1264991514238,923.5,677.7
1663,1507,958.6812040354517,558.1264991514238,923.5,677.7
1664,1507,958.6812040354517,558.1264991514238,923.5,677.7
1665,1507,958.6812040354517,558.1264991514238,923.5,677.7
1666,1507,958.6812040354517,558.1264991514238,923.5,677.7
1667,1507,958.6812040354517,558.1264991514238,923.5,677.7
1668,1507,958.6812040354517,558.1264991514238,923.5,677.7
1669,1507,958.6812040354517,558.1264991514238,923.5,677.7
1670,1507,958.6812040354517,558.1264991514238,923.5,677.7
1671,1507,958.6812040354517,558.1264991514238,923.5,677.7
1672,1507,958.6812040354517,558.1264991514238,923.5,677.7
1673,1507,958.6812040354517,558.1264991514238,923.5,677.7
1674,1507,958.6812040354517,558.1264991514238,923.5,677.7
1675,1507,958.6812040354517,558.1264991514238,923.5,677.7
1676,1507,958.6812040354517,558.1264991514238,923.5,677.7
1677,1507,958.6812040354517,558.1264991514238,923.5,677.7
1678,1507,958.6812040354517,558.1264991514238,923.5,677.7
1679,1507,958.6812040354517,558.1264991514238,923.5,677.7
1680,1507,958.6812040354517,558.1264991514238,923.5,677.7
1681,1507,958.6812040354517,558.1264991514238,923.5,677.7
1682,1507,958.6812040354517,558.1264991514238,923.5,677.7
1683,1507,958.6812040354517,558.1264991514238,923.5,677.7
1684,1507,958.6812040354517,558.1264991514238,923.5,677.7
1685,1507,958.6812040354517,558.1264991514238,923.5,677.7
1686,1507,958.6812040354517,558.1264991514238,923.5,677.7
1687,1507,958.6812040354517,558.1264991514238,923.5,677.7
1688,1507,958.6812040354517,558.1264991514238,923.5,677.7
1689,1507,958.6812040354517,558.1264991514238,923.5,677.7
1690,1507,958.6812040354517,558.1264991514238,923.5,677.7
1691,1507,958.6812040354517,558.1264991514238,923.5,677.7
1692,1507,958.6812040354517,558.1264991514238,923.5,677.7
1693,1507,958.6812040354517,558.1264991514238,923.5,677.7
1694,1507,958.6812040354517,558.1264991514238,923.5,677.7
1695,1507,958.6812040354517,558.1264991514238,923.5,677.7
1696,1507,958.6812040354517,558.1264991514238,923.5,677.7
1697,1507,958.6812040354517,558.1264991514238,923.5,677.7
1698,1507,958.6812040354517,558.1264991514238,923.5,677.7
1699,1507,958.6812040354517,558.1264991514238,923.5,677.7
1700,1507,958.6812040354517,558.1264991514238,923.5,677.7
1701,1507,958.6812040354517,558.1264991514238,923.5,677.7
1702,1507,958.6812040354517,558.1264991514238,923.5,677.7
1703,1507,958.6812040354517,558.1264991514238,923.5,677.7
1704,1507,958.6812040354517,558.1264991514238,923.5,677.7
1705,1507,958.6812040354517,558.1264991514238,923.5,677.7
1706,1507,958.6812040354517,558.1264991514238,923.5,677.7
1707,1507,958.6812040354517,558.1264991514238,923.5,677.7
1708,1507,958.6812040354517,558.1264991514238,923.5,677.7
1709,1507,958.6812040354517,558.1264991514238,923.5,677.7
1710,1507,958.6812040354517,558.1264991514238,923.5,677.7
1711,1507,958.6812040354517,558.1264991514238,923.5,677.7
1712,1507,958.6812040354517,558.1264991514238,923.5,677.7
1713,1507,958.6812040354517,558.1264991514238,923.5,677.7
1714,1507,958.6812040354517,558.1264991514238,923.5,677.7
1715,1507,958.6812040354517,558.1264991514238,923.5,677.7
1716,1507,958.6812040354517,558.1264991514238,923.5,677.7
1717,1507,958.6812040354517,558.1264991514238,923.5,677.7
1718,1507,958.6812040354517,558.1264991514238,923.5,677.7
1719,1507,958.6812040354517,558.1264991514238,923.5,677.7
1720,1507,958.6812040354517,558.1264991514238,923.5,677.7
1721,1507,958.6812040354517,558.1264991514238,923.5,677.7
1722,1507,958.6812040354517,558.1264991514238,923.5,677.7
1723,1507,958.6812040354517,558.1264991514238,923.5,677.7
1724,1507,958.6812040354517,558.1264991514238,923.5,677.7
1725,1507,958.6812040354517,558.1264991514238,923.5,677.7
1726,1507,958.6812040354517,558.1264991514238,923.5,677.7
1727,1507,958.6812040354517,558.1264991514238,923.5,677.7
1728,1507,958.6812040354517,558.1264991514238,923.5,677.7
1729,1507,958.6812040354517,558.1264991514238,923.5,677.7
1730,1507,958.6812040354517,558.1264991514238,923.5,677.7
1731,1507,958.6812040354517,558.1264991514238,923.5,677.7
1732,1507,958.6812040354517,558.1264991514238,923.5,677.7
1733,1507,958.6812040354517,558.1264991514238,923.5,677.7
1734,1507,958.6812040354517,558.1264991514238,923.5,677.7
1735,1507,958.6812040354517,558.1264991514238,923.5,677.7
1736,1507,958.6812040354517,558.1264991514238,923.5,677.7
1737,1507,958.6812040354517,558.1264991514238,923.5,677.7
1738,1507,958.6812040354517,558.1264991514238,923.5,677.7
1739,1507,958.6812040354517,558.1264991514238,923.5,677.7
1740,1507,958.6812040354517,558.1264991514238,923.5,677.7
1741,1507,958.6812040354517,558.1264991514238,923.5,677.7
1742,1507,958.6812040354517,558.1264991514238,923.5,677.7
1743,1507,958.6812040354517,558.1264991514238,923.5,677.7
1744,1507,958.6812040354517,558.1264991514238,923.5,677.7
1745,1507,958.6812040354517,558.1264991514238,923.5,677.7
1746,1507,958.6812040354517,558.1264991514238,923.5,677.7
1747,1507,958.6812040354517,558.1264991514238,923.5,677.7
1748,1507,958.6812040354517,558.1264991514238,923.5,677.7
1749,1507,958.6812040354517,558.1264991514238,923.5,677.7
1750,1507,958.6812040354517,558.1264991514238,923.5,677.7
1751,1507,958.6812040354517,558.1264991514238,923.5,677.7
1752,1507,958.6812040354517,558.1264991514238,923.5,677.7
1753,1507,958.6812040354517,558.1264991514238,923.5,677.7
1754,1507,958.6812040354517,558.1264991514238,923.5,677.7
1755,1507,958.6812040354517,558.1264991514238,923.5,677.7
1756,1507,958.6812040354517,558.1264991514238,923.5,677.7
1757,1507,958.6812040354517,558.1264991514238,923.5,677.7
1758,1507,958.6812040354517,558.1264991514238,923.5,677.7
1759,1507,958.6812040354517,558.1264991514238,923.5,677.7
1760,1507,958.6812040354517,558.1264991514238,923.5,677.7
1761,1507,958.6812040354517,558.1264991514238,923.5,677.7
1762,1507,958.6812040354517,558.1264991514238,923.5,677.7
1763,1507,958.6812040354517,558.1264991514238,923.5,677.7
1764,1507,958.6812040354517,558.1264991514238,923.5,677.7
1765,1507,958.6812040354517,558.1264991514238,923.5,677.7
1766,1507,958.6812040354517,558.1264991514238,923.5,677.7
1767,1507,958.6812040354517,558.1264991514238,923.5,677.7
1768,1507,958.6812040354517,558.1264991514238,923.5,677.7
1769,1507,958.6812040354517,558.1264991514238,923.5,677.7
1770,1507,958.6812040354517,558.1264991514238,923.5,677.7
1771,1507,958.6812040354517,558.1264991514238,923.5,677.7
1772,1507,958.6812040354517,558.1264991514238,923.5,677.7
1773,1507,958.6812040354517,558.1264991514238,923.5,677.7
1774,1507,958.6812040354517,558.1264991514238,923.5,677.7
1775,1507,958.6812040354517,558.1264991514238,923.5,677.7
1776,1507,958.6812040354517,558.1264991514238,923.5,677.7
1777,1507,958.6812040354517,558.1264991514238,923.5,677.7
1778,1507,958.6812040354517,558.1264991514238,923.5,677.7
1779,1507,958.6812040354517,558.1264991514238,923.5,677.7
1780,1507,958.6812040354517,558.1264991514238,923.5,677.7
1781,1507,958.6812040354517,558.1264991514238,923.5,677.7
1782,1507,958.6812040354517,558.1264991514238,923.5,677.7
1783,1507,958.6812040354517,558.1264991514238,923.5,677.7
1784,1507,958.6812040354517,558.1264991514238,923.5,677.7
1785,1507,958.6812040354517,558.1264991514238,923.5,677.7
1786,1507,958.6812040354517,558.1264991514238,923.5,677.7
1787,1507,958.6812040354517,558.1264991514238,923.5,677.7
1788,1507,958.6812040354517,558.1264991514238,923.5,677.7
1789,1507,958.6812040354517,558.1264991514238,923.5,677.7
1790,1507,958.6812040354517,558.1264991514238,923.5,677.7
1791,1507,958.6812040354517,558.1264991514238,923.5,677.7
1792,1507,958.6812040354517,558.1264991514238,923.5,677.7
1793,1507,958.6812040354517,558.1264991514238,923.5,677.7
1794,1507,958.6812040354517,558.1264991514238,923.5,677.7
1795,1507,958.6812040354517,558.1264991514238,923.5,677.7
1796,1507,958.6812040354517,558.1264991514238,923.5,677.7
1797,1507,958.6812040354517,558.1264991514238,923.5,677.7
1798,1507,958.6812040354517,558.1264991514238,923.5,677.7
1799,1507,958.6812040354517,558.1264991514238,923.5,677.7
1800,1507,958.6812040354517,558.1264991514238,923.5,677.7
1801,1507,958.6812040354517,558.1264991514238,923.5,677.7
1802,1507,958.6812040354517,558.1264991514238,923.5,677.7
1803,1507,958.6812040354517,558.1264991514238,923.5,677.7
1804,1507,958.6812040354517,558.1264991514238,923.5,677.7
1805,1507,958.6812040354517,558.1264991514238,923.5,677.7
1806,1507,958.6812040354517,558.1264991514238,923.5,677.7
1807,1507,958.6812040354517,558.1264991514238,923.5,677.7
1808,1507,958.6812040354517,558.1264991514238,923.5,677.7
1809,1507,958.6812040354517,558.1264991514238,923.5,677.7
1810,1507,958.6812040354517,558.1264991514238,923.5,677.7
1811,1507,958.6812040354517,558.1264991514238,923.5,677.7
1812,1507,958.6812040354517,558.1264991514238,923.5,677.7
1813,1507,958.6812040354517,558.1264991514238,923.5,677.7
1814,1507,958.6812040354517,558.1264991514238,923.5,677.7
1815,1507,958.6812040354517,558.1264991514238,923.5,677.7
1816,1507,958.6812040354517,558.1264991514238,923.5,677.7
1817,1507,958.6812040354517,558.1264991514238,923.5,677.7
1818,1507,958.6812040354517,558.1264991514238,923.5,677.7
1819,1507,958.6812040354517,558.1264991514238,923.5,677.7
1820,1507,958.6812040354517,558.1264991514238,923.5,677.7
1821,1507,958.6812040354517,558.1264991514238,923.5,677.7
1822,1507,958.6812040354517,558.1264991514238,923.5,677.7
1823,1507,958.6812040354517,558.1264991514238,923.5,677.7
1824,1507,958.6812040354517,558.1264991514238,923.5,677.7
1825,1507,958.6812040354517,558.1264991514238,923.5,677.7
1826,1507,958.6812040354517,558.1264991514238,923.5,677.7
1827,1507,958.6812040354517,558.1264991514238,923.5,677.7
1828,1507,958.6812040354517,558.1264991514238,923.5,677.7
1829,1507,958.6812040354517,558.1264991514238,923.5,677.7
1830,1507,958.6812040354517,558.1264991514238,923.5,677.7
1831,1507,958.6812040354517,558.1264991514238,923.5,677.7
1832,1507,958.6812040354517,558.1264991514238,923.5,677.7
1833,1507,958.6812040354517,558.1264991514238,923.5,677.7
1834,1507,958.6812040354517,558.1264991514238,923.5,677.7
1835,1507,958.6812040354517,558.1264991514238,923.5,677.7
1836,1507,958.6812040354517,558.1264991514238,923.5,677.7
1837,1507,958.6812040354517,558.1264991514238,923.5,677.7
1838,1507,958.6812040354517,558.1264991514238,923.5,677.7
1839,1507,958.6812040354517,558.1264991514238,923.5,677.7
1840,1507,958.6812040354517,558.1264991514238,923.5,677.7
1841,1507,958.6812040354517,558.1264991514238,923.5,677.7
1842,1507,958.6812040354517,558.1264991514238,923.5,677.7
1843,1507,958.6812040354517,558.1264991514238,923.5,677.7
1844,1507,958.6812040354517,558.1264991514238,923.5,677.7
1845,1507,958.6812040354517,558.1264991514238,923.5,677.7
1846,1507,958.6812040354517,558.1264991514238,923.5,677.7
1847,1507,958.6812040354517,558.1264991514238,923.5,677.7
1848,1507,958.6812040354517,558.1264991514238,923.5,677.7
1849,1507,958.6812040354517,558.1264991514238,923.5,677.7
1850,1507,958.6812040354517,558.1264991514238,923.5,677.7
1851,1507,958.6812040354517,558.1264991514238,923.5,677.7
1852,1507,958.6812040354517,558.1264991514238,917.9970588235294,665.2176470588236
1853,1507,958.6812040354517,558.1264991514238,912.4941176470588,652.7352941176471
1854,1507,958.6812040354517,558.1264991514238,906.9911764705882,640.2529411764706
1855,1507,958.6812040354517,558.1264991514238,901.4882352941177,627.7705882352941
1856,1507,958.6812040354517,558.1264991514238,895.9852941176471,615.2882352941177
1857,1507,958.6812040354517,558.1264991514238,890.4823529411765,602.8058823529412
1858,1507,958.6812040354517,558.1264991514238,884.9794117647059,590.3235294117648
1859,1507,958.6812040354517,558.1264991514238,879.4764705882353,577.8411764705883
1860,1507,958.6812040354517,558.1264991514238,873.9735294117647,565.3588235294118
1861,1507,958.6812040354517,558.1264991514238,868.4705882352941,552.8764705882353
1862,1507,958.6812040354517,558.1264991514238,862.9676470588236,540.3941176470589
1863,1507,958.6812040354517,558.1264991514238,857.464705882353,527.9117647058824
1864,1507,958.6812040354517,558.1264991514238,851.9617647058824,515.429411764706
1865,1507,958.6812040354517,558.1264991514238,846.4588235294118,502.94705882352946
1866,1507,958.6812040354517,558.1264991514238,840.9558823529412,490.464705882353
1867,1507,958.6812040354517,558.1264991514238,835.4529411764706,477.9823529411765
1868,1507,958.6812040354517,558.1264991514238,829.95,465.5
1869,1507,958.6812040354517,558.1264991514238,824.4470588235295,453.0176470588235
1870,1507,958.6812040354517,558.1264991514238,818.9441176470588,440.5352941176471
1871,1507,958.6812040354517,558.1264991514238,813.4411764705882,428.0529411764706
1872,1507,958.6812040354517,558.1264991514238,807.9382352941176,415.5705882352941
1873,1507,958.6812040354517,558.1264991514238,802.435294117647,403.0882352941177
1874,1507,958.6812040354517,558.1264991514238,796.9323529411764,390.6058823529412
1875,1507,958.6812040354517,558.1264991514238,791.4294117647058,378.1235294117647
1876,1507,958.6812040354517,558.1264991514238,785.9264705882352,365.6411764705882
1877,1507,958.6812040354517,558.1264991514238,780.4235294117647,353.15882352941173
1878,1507,958.6812040354517,558.1264991514238,774.9205882352941,340.6764705882353
1879,1507,958.6812040354517,558.1264991514238,769.4176470588235,328.1941176470588
1880,1507,958.6812040354517,558.1264991514238,763.9147058823529,315.71176470588233
1881,1507,958.6812040354517,558.1264991514238,758.4117647058823,303.2294117647059
1882,1507,958.6812040354517,558.1264991514238,752.9088235294117,290.7470588235294
1883,1507,958.6812040354517,558.1264991514238,747.4058823529411,278.2647058823529
1884,1507,958.6812040354517,558.1264991514238,741.9029411764706,265.78235294117644
1885,1507,958.6812040354517,558.1264991514238,736.4,253.3
1886,1507,958.6812040354517,558.1264991514238,736.4,253.3
1887,1507,958.6812040354517,558.1264991514238,736.4,253.3
1888,1507,958.6812040354517,558.1264991514238,736.4,253.3
1889,1507,958.6812040354517,558.1264991514238,736.4,253.3
1890,1507,958.6812040354517,558.1264991514238,736.4,253.3
1891,1507,958.6812040354517,558.1264991514238,736.4,253.3
1892,1507,958.6812040354517,558.1264991514238,736.4,253.3
1893,1507,958.6812040354517,558.1264991514238,736.4,253.3
1894,1507,958.6812040354517,558.1264991514238,736.4,253.3
1895,1507,958.6812040354517,558.1264991514238,736.4,253.3
1896,1507,958.6812040354517,558.1264991514238,736.4,253.3
1897,1507,958.6812040354517,558.1264991514238,736.4,253.3
1898,1507,958.6812040354517,558.1264991514238,736.4,253.3
1899,1507,958.6812040354517,558.1264991514238,736.4,253.3
1900,1507,958.6812040354517,558.1264991514238,736.4,253.3
1901,1507,958.6812040354517,558.1264991514238,736.4,253.3
1902,1507,958.6812040354517,558.1264991514238,736.4,253.3
1903,1507,958.6812040354517,558.1264991514238,736.4,253.3
1904,1507,958.6812040354517,558.1264991514238,736.4,253.3
1905,1507,958.6812040354517,558.1264991514238,736.4,253.3
1906,1507,958.6812040354517,558.1264991514238,736.4,253.3
1907,1507,958.6812040354517,558.1264991514238,736.4,253.3
1908,1507,958.6812040354517,558.1264991514238,736.4,253.3
1909,1507,958.6812040354517,558.1264991514238,736.4,253.3
1910,1507,958.6812040354517,558.1264991514238,736.4,253.3
1911,1507,958.6812040354517,558.1264991514238,736.4,253.3
1912,1507,958.6812040354517,558.1264991514238,736.4,253.3
1913,1507,958.6812040354517,558.1264991514238,736.4,253.3
1914,1507,958.6812040354517,558.1264991514238,736.4,253.3
1915,1507,958.6812040354517,558.1264991514238,736.4,253.3
1916,1507,958.6812040354517,558.1264991514238,736.4,253.3
1917,1507,958.6812040354517,558.1264991514238,736.4,253.3
1918,1507,958.6812040354517,558.1264991514238,736.4,253.3
1919,1507,958.6812040354517,558.1264991514238,736.4,253.3
1920,1507,958.6812040354517,558.1264991514238,736.4,253.3
1921,1507,958.6812040354517,558.1264991514238,736.4,253.3
1922,1507,958.6812040354517,558.1264991514238,736.4,253.3
1923,1507,958.6812040354517,558.1264991514238,736.4,253.3
1924,1507,958.6812040354517,558.1264991514238,736.4,253.3
1925,1507,958.6812040354517,558.1264991514238,736.4,253.3
1926,1507,958.6812040354517,558.1264991514238,736.4,253.3
1927,1507,958.6812040354517,558.1264991514238,736.4,253.3
1928,1507,958.6812040354517,558.1264991514238,736.4,253.3
1929,1507,958.6812040354517,558.1264991514238,736.4,253.3
1930,1507,958.6812040354517,558.1264991514238,736.4,253.3
1931,1507,958.6812040354517,558.1264991514238,736.4,253.3
1932,1507,958.6812040354517,558.1264991514238,736.4,253.3
1933,1507,958.6812040354517,558.1264991514238,736.4,253.3
1934,1507,958.6812040354517,558.1264991514238,736.4,253.3
1935,1507,958.6812040354517,558.1264991514238,736.4,253.3
1936,1507,958.6812040354517,558.1264991514238,736.4,253.3
1937,1507,958.6812040354517,558.1264991514238,736.4,253.3
1938,1507,958.6812040354517,558.1264991514238,736.4,253.3
1939,1507,958.6812040354517,558.1264991514238,736.4,253.3
1940,1507,958.6812040354517,558.1264991514238,736.4,253.3
1941,1507,958.6812040354517,558.1264991514238,736.4,253.3
1942,1507,958.6812040354517,558.1264991514238,736.4,253.3
1943,1507,958.6812040354517,558.1264991514238,736.4,253.3
1944,1507,958.6812040354517,558.1264991514238,736.4,253.3
1945,1507,958.6812040354517,558.1264991514238,736.4,253.3
1946,1507,958.6812040354517,558.1264991514238,736.4,253.3
1947,1507,958.6812040354517,558.1264991514238,736.4,253.3
1948,1507,958.6812040354517,558.1264991514238,736.4,253.3
1949,1507,958.6812040354517,558.1264991514238,736.4,253.3
1950,1507,958.6812040354517,558.1264991514238,736.4,253.3
1951,1507,958.6812040354517,558.1264991514238,736.4,253.3
1952,1507,958.6812040354517,558.1264991514238,736.4,253.3
1953,1507,958.6812040354517,558.1264991514238,736.4,253.3
1954,1507,958.6812040354517,558.1264991514238,736.4,253.3
1955,1507,958.6812040354517,558.1264991514238,736.4,253.3
1956,1507,958.6812040354517,558.1264991514238,736.4,253.3
1957,1507,958.6812040354517,558.1264991514238,736.4,253.3
1958,1507,958.6812040354517,558.1264991514238,736.4,253.3
1959,1507,958.6812040354517,558.1264991514238,736.4,253.3
1960,1507,958.6812040354517,558.1264991514238,736.4,253.3
1961,1507,958.6812040354517,558.1264991514238,736.4,253.3
1962,1507,958.6812040354517,558.1264991514238,736.4,253.3
1963,1507,958.6812040354517,558.1264991514238,736.4,253.3
1964,1507,958.6812040354517,558.1264991514238,736.4,253.3
1965,1507,958.6812040354517,558.1264991514238,736.4,253.3
1966,1507,958.6812040354517,558.1264991514238,736.4,253.3
1967,1507,958.6812040354517,558.1264991514238,736.4,253.3
1968,1507,958.6812040354517,558.1264991514238,736.4,253.3
1969,1507,958.6812040354517,558.1264991514238,736.4,253.3
1970,1507,958.6812040354517,558.1264991514238,736.4,253.3
1971,1507,958.6812040354517,558.1264991514238,736.4,253.3
1972,1507,958.6812040354517,558.1264991514238,736.4,253.3
1973,1507,958.6812040354517,558.1264991514238,736.4,253.3
1974,1507,958.6812040354517,558.1264991514238,736.4,253.3
1975,1507,958.6812040354517,558.1264991514238,736.4,253.3
1976,1507,958.6812040354517,558.1264991514238,736.4,253.3
1977,1507,958.6812040354517,558.1264991514238,736.4,253.3
1978,1507,958.6812040354517,558.1264991514238,736.4,253.3
1979,1507,958.6812040354517,558.1264991514238,736.4,253.3
1980,1507,958.6812040354517,558.1264991514238,736.4,253.3
1981,1507,958.6812040354517,558.1264991514238,736.4,253.3
1982,1507,958.6812040354517,558.1264991514238,736.4,253.3
1983,1507,958.6812040354517,558.1264991514238,736.4,253.3
1984,1507,958.6812040354517,558.1264991514238,736.4,253.3
1985,1507,958.6812040354517,558.1264991514238,736.4,253.3
1986,1507,958.6812040354517,558.1264991514238,736.4,253.3
1987,1507,958.6812040354517,558.1264991514238,736.4,253.3
1988,1507,958.6812040354517,558.1264991514238,736.4,253.3
1989,1507,958.6812040354517,558.1264991514238,736.4,253.3
1990,1507,958.6812040354517,558.1264991514238,736.4,253.3
1991,1507,958.6812040354517,558.1264991514238,736.4,253.3
1992,1507,958.6812040354517,558.1264991514238,736.4,253.3
1993,1507,958.6812040354517,558.1264991514238,736.4,253.3
1994,1507,958.6812040354517,558.1264991514238,736.4,253.3
1995,1507,958.6812040354517,558.1264991514238,736.4,253.3
1996,1507,958.6812040354517,558.1264991514238,736.4,253.3
1997,1507,958.6812040354517,558.1264991514238,736.4,253.3
1998,1507,958.6812040354517,558.1264991514238,736.4,253.3
1999,1507,958.6812040354517,558.1264991514238,736.4,253.3
2000,1507,958.6812040354517,558.1264991514238,736.4,253.3
2001,1507,958.6812040354517,558.1264991514238,736.4,253.3
2002,1507,958.6812040354517,558.1264991514238,736.4,253.3
2003,1507,958.6812040354517,558.1264991514238,736.4,253.3
2004,1507,958.6812040354517,558.1264991514238,736.4,253.3
2005,1507,958.6812040354517,558.1264991514238,736.4,253.3
2006,1507,958.6812040354517,558.1264991514238,736.4,253.3
2007,1507,958.6812040354517,558.1264991514238,736.4,253.3
2008,1507,958.6812040354517,558.1264991514238,736.4,253.3
2009,1507,958.6812040354517,558.1264991514238,736.4,253.3
2010,1507,958.6812040354517,558.1264991514238,736.4,253.3
2011,1507,650.6812040354517,695.1264991514238,736.4,253.3
2012,1507,650.6812040354517,695.1264991514238,736.4,253.3
2013,1507,650.6812040354517,695.1264991514238,736.4,253.3
2014,1507,650.6812040354517,695.1264991514238,736.4,253.3
2015,1507,650.6812040354517,695.1264991514238,736.4,253.3
2016,1507,650.6812040354517,695.1264991514238,736.4,253.3
2017,1507,650.6812040354517,695.1264991514238,736.4,253.3
2018,1507,650.6812040354517,695.1264991514238,736.4,253.3
2019,1507,650.6812040354517,695.1264991514238,736.4,253.3
2020,1507,650.6812040354517,695.1264991514238,736.4,253.3
2021,1507,650.6812040354517,695.1264991514238,736.4,253.3
2022,1507,650.6812040354517,695.1264991514238,736.4,253.3
2023,1507,650.6812040354517,695.1264991514238,736.4,253.3
2024,1507,650.6812040354517,695.1264991514238,736.4,253.3
2025,1507,650.6812040354517,695.1264991514238,736.4,253.3
2026,1507,650.6812040354517,695.1264991514238,736.4,253.3
2027,1507,650.6812040354517,695.1264991514238,736.4,253.3
2028,1507,650.6812040354517,695.1264991514238,736.4,253.3
2029,1507,650.6812040354517,695.1264991514238,736.4,253.3
2030,1507,650.6812040354517,695.1264991514238,736.4,253.3
2031,1507,650.6812040354517,695.1264991514238,736.4,253.3
2032,1507,650.6812040354517,695.1264991514238,736.4,253.3
2033,1507,650.6812040354517,695.1264991514238,736.4,253.3
2034,1507,650.6812040354517,695.1264991514238,736.4,253.3
2035,1507,650.6812040354517,695.1264991514238,736.4,253.3
2036,1507,650.6812040354517,695.1264991514238,736.4,253.3
2037,1507,650.6812040354517,695.1264991514238,736.4,253.3
2038,1507,650.6812040354517,695.1264991514238,736.4,253.3
2039,1507,650.6812040354517,695.1264991514238,736.4,253.3
2040,1507,650.6812040354517,695.1264991514238,736.4,253.3
2041,1507,650.6812040354517,695.1264991514238,736.4,253.3
2042,1507,650.6812040354517,695.1264991514238,736.4,253.3
2043,1507,650.6812040354517,695.1264991514238,736.4,253.3
2044,1507,650.6812040354517,695.1264991514238,736.4,253.3
2045,1507,650.6812040354517,695.1264991514238,736.4,253.3
2046,1507,650.6812040354517,695.1264991514238,736.4,253.3
2047,1507,650.6812040354517,695.1264991514238,736.4,253.3
2048,1507,650.6812040354517,695.1264991514238,736.4,253.3
2049,1507,650.6812040354517,695.1264991514238,736.4,253.3
2050,1507,650.6812040354517,695.1264991514238,736.4,253.3
2051,1507,650.6812040354517,695.1264991514238,736.4,253.3
2052,1507,650.6812040354517,695.1264991514238,736.4,253.3
2053,1507,650.6812040354517,695.1264991514238,736.4,253.3
2054,1507,650.6812040354517,695.1264991514238,736.4,253.3
2055,1507,650.6812040354517,695.1264991514238,736.4,253.3
2056,1507,650.6812040354517,695.1264991514238,736.4,253.3
2057,1507,650.6812040354517,695.1264991514238,736.4,253.3
2058,1507,650.6812040354517,695.1264991514238,736.4,253.3
2059,1507,650.6812040354517,695.1264991514238,736.4,253.3
2060,1507,650.6812040354517,695.1264991514238,736.4,253.3
2061,1507,650.6812040354517,695.1264991514238,736.4,253.3
2062,1507,650.6812040354517,695.1264991514238,736.4,253.3
2063,1507,650.6812040354517,695.1264991514238,736.4,253.3
2064,1507,650.6812040354517,695.1264991514238,736.4,253.3
2065,1507,650.6812040354517,695.1264991514238,736.4,253.3
2066,1507,650.6812040354517,695.1264991514238,736.4,253.3
2067,1507,650.6812040354517,695.1264991514238,736.4,253.3
2068,1507,650.6812040354517,695.1264991514238,736.4,253.3
2069,1507,650.6812040354517,695.1264991514238,736.4,253.3
2070,1507,650.6812040354517,695.1264991514238,736.4,253.3
2071,1507,650.6812040354517,695.1264991514238,736.4,253.3
2072,1507,650.6812040354517,695.1264991514238,736.4,253.3
2073,1507,650.6812040354517,695.1264991514238,736.4,253.3
2074,1507,650.6812040354517,695.1264991514238,736.4,253.3
2075,1507,650.6812040354517,695.1264991514238,736.4,253.3
2076,1507,650.6812040354517,695.1264991514238,736.4,253.3
2077,1507,650.6812040354517,695.1264991514238,736.4,253.3
2078,1507,650.6812040354517,695.1264991514238,736.4,253.3
2079,1507,650.6812040354517,695.1264991514238,736.4,253.3
2080,1507,650.6812040354517,695.1264991514238,736.4,253.3
2081,1507,650.6812040354517,695.1264991514238,736.4,253.3
2082,1507,650.6812040354517,695.1264991514238,736.4,253.3
2083,1507,650.6812040354517,695.1264991514238,736.4,253.3
2084,1507,650.6812040354517,695.1264991514238,736.4,253.3
2085,1507,650.6812040354517,695.1264991514238,736.4,253.3
2086,1507,650.6812040354517,695.1264991514238,736.4,253.3
2087,1507,650.6812040354517,695.1264991514238,736.4,253.3
2088,1507,650.6812040354517,695.1264991514238,736.4,253.3
2089,1507,650.6812040354517,695.1264991514238,750.2933333333333,249.75333333333333
2090,1507,650.6812040354517,695.1264991514238,764.1866666666666,246.20666666666668
2091,1507,650.6812040354517,695.1264991514238,778.0799999999999,242.66
2092,1507,650.6812040354517,695.1264991514238,791.9733333333334,239.11333333333334
2093,1507,650.6812040354517,695.1264991514238,805.8666666666667,235.56666666666666
2094,1507,650.6812040354517,695.1264991514238,819.76,232.02
2095,1507,650.6812040354517,695.1264991514238,833.6533333333333,228.47333333333333
2096,1507,650.6812040354517,695.1264991514238,847.5466666666666,224.92666666666668
2097,1507,650.6812040354517,695.1264991514238,861.4399999999999,221.38
2098,1507,650.6812040354517,695.1264991514238,875.3333333333333,217.83333333333334
2099,1507,650.6812040354517,695.1264991514238,889.2266666666667,214.28666666666666
2100,1507,650.6812040354517,695.1264991514238,903.12,210.74
2101,1507,650.6812040354517,695.1264991514238,917.0133333333333,207.19333333333333
2102,1507,650.6812040354517,695.1264991514238,930.9066666666666,203.64666666666665
2103,1507,650.6812040354517,695.1264991514238,944.8,200.1
2104,1507,650.6812040354517,695.1264991514238,944.8,200.1
2105,1507,650.6812040354517,695.1264991514238,944.8,200.1
2106,1507,650.6812040354517,695.1264991514238,944.8,200.1
2107,1507,650.6812040354517,695.1264991514238,944.8,200.1
2108,1507,650.6812040354517,695.1264991514238,944.8,200.1
2109,1507,650.6812040354517,695.1264991514238,944.8,200.1
2110,1507,386.68120403545174,228.12649915142373,944.8,200.1
2111,1507,386.68120403545174,228.12649915142373,944.8,200.1
2112,1507,386.68120403545174,228.12649915142373,944.8,200.1
2113,1507,386.68120403545174,228.12649915142373,944.8,200.1
2114,1507,386.68120403545174,228.12649915142373,944.8,200.1
2115,1507,386.68120403545174,228.12649915142373,944.8,200.1
2116,1507,386.68120403545174,228.12649915142373,944.8,200.1
2117,1507,386.68120403545174,228.12649915142373,944.8,200.1
2118,1507,386.68120403545174,228.12649915142373,944.8,200.1
2119,1507,386.68120403545174,228.12649915142373,944.8,200.1
2120,1507,386.68120403545174,228.12649915142373,944.8,200.1
2121,1507,386.68120403545174,228.12649915142373,944.8,200.1
2122,1507,386.68120403545174,228.12649915142373,944.8,200.1
2123,1507,386.68120403545174,228.12649915142373,944.8,200.1
2124,1507,386.68120403545174,228.12649915142373,944.8,200.1
2125,1507,386.68120403545174,228.12649915142373,944.8,200.1
2126,1507,386.68120403545174,228.12649915142373,944.8,200.1
2127,1507,386.68120403545174,228.12649915142373,944.8,200.1
2128,1507,386.68120403545174,228.12649915142373,944.8,200.1
2129,1507,386.68120403545174,228.12649915142373,944.8,200.1
2130,1507,386.68120403545174,228.12649915142373,944.8,200.1
2131,1507,386.68120403545174,228.12649915142373,944.8,200.1
2132,1507,386.68120403545174,228.12649915142373,944.8,200.1
2133,1507,386.68120403545174,228.12649915142373,944.8,200.1
2134,1507,386.68120403545174,228.12649915142373,944.8,200.1
2135,1507,386.68120403545174,228.12649915142373,944.8,200.1
2136,1507,386.68120403545174,228.12649915142373,944.8,200.1
2137,1507,386.68120403545174,228.12649915142373,944.8,200.1
2138,1507,386.68120403545174,228.12649915142373,944.8,200.1
2139,1507,386.68120403545174,228.12649915142373,944.8,200.1
2140,1507,386.68120403545174,228.12649915142373,944.8,200.1
2141,1507,386.68120403545174,228.12649915142373,944.8,200.1
2142,1507,386.68120403545174,228.12649915142373,944.8,200.1
2143,1507,386.68120403545174,228.12649915142373,944.8,200.1
2144,1507,386.68120403545174,228.12649915142373,944.8,200.1
2145,1507,386.68120403545174,228.12649915142373,944.8,200.1
2146,1507,386.68120403545174,228.12649915142373,944.8,200.1
2147,1507,386.68120403545174,228.12649915142373,944.8,200.1
2148,1507,386.68120403545174,228.12649915142373,944.8,200.1
2149,1507,386.68120403545174,228.12649915142373,944.8,200.1
2150,1507,386.68120403545174,228.12649915142373,944.8,200.1
2151,1507,386.68120403545174,228.12649915142373,944.8,200.1
2152,1507,386.68120403545174,228.12649915142373,944.8,200.1
2153,1507,386.68120403545174,228.12649915142373,944.8,200.1
2154,1507,386.68120403545174,228.12649915142373,944.8,200.1
2155,1507,386.68120403545174,228.12649915142373,944.8,200.1
2156,1507,386.68120403545174,228.12649915142373,944.8,200.1
2157,1507,386.68120403545174,228.12649915142373,944.8,200.1
2158,1507,386.68120403545174,228.12649915142373,944.8,200.1
2159,1507,386.68120403545174,228.12649915142373,944.8,200.1
2160,1507,386.68120403545174,228.12649915142373,944.8,200.1
2161,1507,386.68120403545174,228.12649915142373,944.8,200.1
2162,1507,386.68120403545174,228.12649915142373,944.8,200.1
2163,1507,386.68120403545174,228.12649915142373,944.8,200.1
2164,1507,386.68120403545174,228.12649915142373,944.8,200.1
2165,1507,386.68120403545174,228.12649915142373,944.8,200.1
2166,1507,386.68120403545174,228.12649915142373,944.8,200.1
2167,1507,386.68120403545174,228.12649915142373,944.8,200.1
2168,1507,386.68120403545174,228.12649915142373,944.8,200.1
2169,1507,386.68120403545174,228.12649915142373,944.8,200.1
2170,1507,386.68120403545174,228.12649915142373,944.8,200.1
2171,1507,386.68120403545174,228.12649915142373,944.8,200.1
2172,1507,386.68120403545174,228.12649915142373,944.8,200.1
2173,1507,386.68120403545174,228.12649915142373,944.8,200.1
2174,1507,386.68120403545174,228.12649915142373,944.8,200.1
2175,1507,386.68120403545174,228.12649915142373,944.8,200.1
2176,1507,386.68120403545174,228.12649915142373,944.8,200.1
2177,1507,671.6812040354517,236.12649915142373,944.8,200.1
2178,1507,671.6812040354517,236.12649915142373,944.8,200.1
2179,1507,671.6812040354517,236.12649915142373,944.8,200.1
2180,1507,671.6812040354517,236.12649915142373,944.8,200.1
2181,1507,671.6812040354517,236.12649915142373,944.8,200.1
2182,1507,671.6812040354517,236.12649915142373,944.8,200.1
2183,1507,671.6812040354517,236.12649915142373,944.8,200.1
2184,1507,671.6812040354517,236.12649915142373,944.8,200.1
2185,1507,671.6812040354517,236.12649915142373,944.8,200.1
2186,1507,671.6812040354517,236.12649915142373,944.8,200.1
2187,1507,671.6812040354517,236.12649915142373,944.8,200.1
2188,1507,671.6812040354517,236.12649915142373,944.8,200.1
2189,1507,671.6812040354517,236.12649915142373,944.8,200.1
2190,1507,671.6812040354517,236.12649915142373,944.8,200.1
2191,1507,671.6812040354517,236.12649915142373,944.8,200.1
2192,1507,671.6812040354517,236.12649915142373,944.8,200.1
2193,1507,671.6812040354517,236.12649915142373,944.8,200.1
2194,1507,671.6812040354517,236.12649915142373,944.8,200.1
2195,1507,671.6812040354517,236.12649915142373,944.8,200.1
2196,1507,671.6812040354517,236.12649915142373,944.8,200.1
2197,1507,671.6812040354517,236.12649915142373,944.8,200.1
2198,1507,671.6812040354517,236.12649915142373,944.8,200.1
2199,1507,671.6812040354517,236.12649915142373,944.8,200.1
2200,1507,671.6812040354517,236.12649915142373,944.8,200.1
2201,1507,671.6812040354517,236.12649915142373,944.8,200.1
2202,1507,671.6812040354517,236.12649915142373,944.8,200.1
2203,1507,671.6812040354517,236.12649915142373,944.8,200.1
2204,1507,671.6812040354517,236.12649915142373,944.8,200.1
2205,1507,671.6812040354517,236.12649915142373,944.8,200.1
2206,1507,671.6812040354517,236.12649915142373,944.8,200.1
2207,1507,671.6812040354517,236.12649915142373,944.8,200.1
2208,1507,671.6812040354517,236.12649915142373,944.8,200.1
2209,1507,671.6812040354517,236.12649915142373,944.8,200.1
2210,1507,955.6812040354517,244.12649915142373,944.8,200.1
2211,1507,955.6812040354517,244.12649915142373,944.8,200.1
2212,1507,955.6812040354517,244.12649915142373,944.8,200.1
2213,1507,955.6812040354517,244.12649915142373,944.8,200.1
2214,1507,955.6812040354517,244.12649915142373,944.8,200.1
2215,1507,955.6812040354517,244.12649915142373,944.8,200.1
2216,1507,955.6812040354517,244.12649915142373,944.8,200.1
2217,1507,955.6812040354517,244.12649915142373,944.8,200.1
2218,1507,955.6812040354517,244.12649915142373,944.8,200.1
2219,1507,955.6812040354517,244.12649915142373,944.8,200.1
2220,1507,955.6812040354517,244.12649915142373,944.8,200.1
2221,1507,955.6812040354517,244.12649915142373,946.6971428571428,212.21142857142857
2222,1507,955.6812040354517,244.12649915142373,948.5942857142857,224.32285714285715
2223,1507,955.6812040354517,244.12649915142373,950.4914285714285,236.4342857142857
2224,1507,955.6812040354517,244.12649915142373,952.3885714285714,248.54571428571427
2225,1507,955.6812040354517,244.12649915142373,954.2857142857142,260.65714285714284
2226,1507,955.6812040354517,244.12649915142373,956.1828571428571,272.7685714285714
2227,1507,955.6812040354517,244.12649915142373,958.0799999999999,284.88
2228,1507,955.6812040354517,244.12649915142373,959.9771428571428,296.99142857142857
2229,1507,955.6812040354517,244.12649915142373,961.8742857142856,309.10285714285715
2230,1507,955.6812040354517,244.12649915142373,963.7714285714286,321.21428571428567
2231,1507,955.6812040354517,244.12649915142373,965.6685714285715,333.3257142857143
2232,1507,955.6812040354517,244.12649915142373,967.5657142857143,345.4371428571428
2233,1507,955.6812040354517,244.12649915142373,969.4628571428572,357.54857142857145
2234,1507,955.6812040354517,244.12649915142373,971.36,369.65999999999997
2235,1507,955.6812040354517,244.12649915142373,973.2571428571429,381.77142857142854
2236,1507,955.6812040354517,244.12649915142373,975.1542857142857,393.8828571428571
2237,1507,955.6812040354517,244.12649915142373,977.0514285714286,405.9942857142857
2238,1507,955.6812040354517,244.12649915142373,978.9485714285714,418.10571428571427
2239,1507,955.6812040354517,244.12649915142373,980.8457142857143,430.2171428571428
2240,1507,955.6812040354517,244.12649915142373,982.7428571428571,442.3285714285714
2241,1507,955.6812040354517,244.12649915142373,984.64,454.43999999999994
2242,1507,955.6812040354517,244.12649915142373,986.5371428571428,466.5514285714286
2243,1507,955.6812040354517,244.12649915142373,988.4342857142857,478.6628571428571
2244,1507,955.6812040354517,244.12649915142373,990.3314285714285,490.7742857142857
2245,1507,955.6812040354517,244.12649915142373,992.2285714285714,502.88571428571424
2246,1507,955.6812040354517,244.12649915142373,994.1257142857144,514.9971428571429
2247,1507,955.6812040354517,244.12649915142373,996.0228571428572,527.1085714285714
2248,1507,955.6812040354517,244.12649915142373,997.9200000000001,539.2199999999999
2249,1507,955.6812040354517,244.12649915142373,999.8171428571429,551.3314285714285
2250,1507,955.6812040354517,244.12649915142373,1001.7142857142858,563.4428571428571
2251,1507,955.6812040354517,244.12649915142373,1003.6114285714286,575.5542857142857
2252,1507,955.6812040354517,244.12649915142373,1005.5085714285715,587.6657142857142
2253,1507,955.6812040354517,244.12649915142373,1007.4057142857143,599.7771428571428
2254,1507,955.6812040354517,244.12649915142373,1009.3028571428572,611.8885714285714
2255,1507,955.6812040354517,244.12649915142373,1011.2,624.0
2256,1507,955.6812040354517,244.12649915142373,1011.2,624.0
2257,1507,955.6812040354517,244.12649915142373,1011.2,624.0
2258,1507,955.6812040354517,244.12649915142373,1011.2,624.0
2259,1507,955.6812040354517,244.12649915142373,1011.2,624.0
2260,1507,955.6812040354517,244.12649915142373,1011.2,624.0
2261,1507,955.6812040354517,244.12649915142373,1011.2,624.0
2262,1507,955.6812040354517,244.12649915142373,1011.2,624.0
2263,1507,955.6812040354517,244.12649915142373,1011.2,624.0
2264,1507,955.6812040354517,244.12649915142373,1011.2,624.0
2265,1507,955.6812040354517,244.12649915142373,1011.2,624.0
2266,1507,955.6812040354517,244.12649915142373,1011.2,624.0
2267,1507,955.6812040354517,244.12649915142373,1011.2,624.0
2268,1507,955.6812040354517,244.12649915142373,1011.2,624.0
2269,1507,955.6812040354517,244.12649915142373,1011.2,624.0
2270,1507,955.6812040354517,244.12649915142373,1011.2,624.0
2271,1507,955.6812040354517,244.12649915142373,1011.2,624.0
2272,1507,955.6812040354517,244.12649915142373,1011.2,624.0
2273,1507,955.6812040354517,244.12649915142373,1011.2,624.0
2274,1507,955.6812040354517,244.12649915142373,1011.2,624.0
2275,1507,955.6812040354517,244.12649915142373,1011.2,624.0
2276,1507,955.6812040354517,244.12649915142373,1011.2,624.0
2277,1507,955.6812040354517,244.12649915142373,1011.2,624.0
2278,1507,955.6812040354517,244.12649915142373,1011.2,624.0
2279,1507,955.6812040354517,244.12649915142373,1011.2,624.0
2280,1507,955.6812040354517,244.12649915142373,1011.2,624.0
2281,1507,955.6812040354517,244.12649915142373,1011.2,624.0
2282,1507,955.6812040354517,244.12649915142373,1011.2,624.0
2283,1507,955.6812040354517,244.12649915142373,1011.2,624.0
2284,1507,955.6812040354517,244.12649915142373,1011.2,624.0
2285,1507,955.6812040354517,244.12649915142373,1011.2,624.0
2286,1507,955.6812040354517,244.12649915142373,1011.2,624.0
2287,1507,955.6812040354517,244.12649915142373,1011.2,624.0
2288,1507,955.6812040354517,244.12649915142373,1011.2,624.0
2289,1507,955.6812040354517,244.12649915142373,1011.2,624.0
2290,1507,955.6812040354517,244.12649915142373,1011.2,624.0
2291,1507,955.6812040354517,244.12649915142373,1011.2,624.0
2292,1507,955.6812040354517,244.12649915142373,1011.2,624.0
2293,1507,955.6812040354517,244.12649915142373,1011.2,624.0
2294,1507,955.6812040354517,244.12649915142373,1011.2,624.0
2295,1507,955.6812040354517,244.12649915142373,1011.2,624.0
2296,1507,955.6812040354517,244.12649915142373,1011.2,624.0
2297,1507,955.6812040354517,244.12649915142373,1011.2,624.0
2298,1507,955.6812040354517,244.12649915142373,1011.2,624.0
2299,1507,955.6812040354517,244.12649915142373,1011.2,624.0
2300,1507,955.6812040354517,244.12649915142373,1011.2,624.0
2301,1507,955.6812040354517,244.12649915142373,1011.2,624.0
2302,1507,955.6812040354517,244.12649915142373,1011.2,624.0
2303,1507,955.6812040354517,244.12649915142373,1011.2,624.0
2304,1507,955.6812040354517,244.12649915142373,1011.2,624.0
2305,1507,955.6812040354517,244.12649915142373,1011.2,624.0
2306,1507,955.6812040354517,244.12649915142373,1011.2,624.0
2307,1507,955.6812040354517,244.12649915142373,1011.2,624.0
2308,1507,955.6812040354517,244.12649915142373,1011.2,624.0
2309,1507,955.6812040354517,244.12649915142373,1011.2,624.0
2310,1507,955.6812040354517,244.12649915142373,1011.2,624.0
2311,1507,955.6812040354517,244.12649915142373,1011.2,624.0
2312,1507,955.6812040354517,244.12649915142373,1011.2,624.0
2313,1507,955.6812040354517,244.12649915142373,1011.2,624.0
2314,1507,955.6812040354517,244.12649915142373,1011.2,624.0
2315,1507,955.6812040354517,244.12649915142373,1011.2,624.0
2316,1507,955.6812040354517,244.12649915142373,1011.2,624.0
2317,1507,955.6812040354517,244.12649915142373,1011.2,624.0
2318,1507,955.6812040354517,244.12649915142373,1011.2,624.0
2319,1507,955.6812040354517,244.12649915142373,1011.2,624.0
2320,1507,955.6812040354517,244.12649915142373,1011.2,624.0
2321,1507,955.6812040354517,244.12649915142373,1011.2,624.0
2322,1507,955.6812040354517,244.12649915142373,1011.2,624.0
2323,1507,955.6812040354517,244.12649915142373,1011.2,624.0
2324,1507,955.6812040354517,244.12649915142373,1011.2,624.0
2325,1507,955.6812040354517,244.12649915142373,1011.2,624.0
2326,1507,955.6812040354517,244.12649915142373,1011.2,624.0
2327,1507,955.6812040354517,244.12649915142373,1011.2,624.0
2328,1507,955.6812040354517,244.12649915142373,1011.2,624.0
2329,1507,955.6812040354517,244.12649915142373,1011.2,624.0
2330,1507,955.6812040354517,244.12649915142373,1011.2,624.0
2331,1507,955.6812040354517,244.12649915142373,1011.2,624.0
2332,1507,955.6812040354517,244.12649915142373,1011.2,624.0
2333,1507,955.6812040354517,244.12649915142373,1011.2,624.0
2334,1507,955.6812040354517,244.12649915142373,1011.2,624.0
2335,1507,955.6812040354517,244.12649915142373,1011.2,624.0
2336,1507,955.6812040354517,244.12649915142373,1011.2,624.0
2337,1507,955.6812040354517,244.12649915142373,1011.2,624.0
2338,1507,955.6812040354517,244.12649915142373,1011.2,624.0
2339,1507,955.6812040354517,244.12649915142373,1011.2,624.0
2340,1507,955.6812040354517,244.12649915142373,1011.2,624.0
2341,1507,955.6812040354517,244.12649915142373,1011.2,624.0
2342,1507,955.6812040354517,244.12649915142373,1011.2,624.0
2343,1507,955.6812040354517,244.12649915142373,1011.2,624.0
2344,1507,955.6812040354517,244.12649915142373,1011.2,624.0
2345,1507,955.6812040354517,244.12649915142373,1011.2,624.0
2346,1507,955.6812040354517,244.12649915142373,1011.2,624.0
2347,1507,955.6812040354517,244.12649915142373,1011.2,624.0
2348,1507,955.6812040354517,244.12649915142373,1011.2,624.0
2349,1507,955.6812040354517,244.12649915142373,1011.2,624.0
2350,1507,955.6812040354517,244.12649915142373,1011.2,624.0
2351,1507,955.6812040354517,244.12649915142373,1011.2,624.0
2352,1507,955.6812040354517,244.12649915142373,1011.2,624.0
2353,1507,955.6812040354517,244.12649915142373,1011.2,624.0
2354,1507,955.6812040354517,244.12649915142373,1011.2,624.0
2355,1507,955.6812040354517,244.12649915142373,1011.2,624.0
2356,1507,955.6812040354517,244.12649915142373,1009.164705882353,611.1470588235294
2357,1507,955.6812040354517,244.12649915142373,1007.1294117647059,598.2941176470588
2358,1507,955.6812040354517,244.12649915142373,1005.0941176470589,585.4411764705883
2359,1507,955.6812040354517,244.12649915142373,1003.0588235294118,572.5882352941177
2360,1507,955.6812040354517,244.12649915142373,1001.0235294117648,559.7352941176471
2361,1507,955.6812040354517,244.12649915142373,998.9882352941177,546.8823529411765
2362,1507,955.6812040354517,244.12649915142373,996.9529411764706,534.0294117647059
2363,1507,955.6812040354517,244.12649915142373,994.9176470588236,521.1764705882352
2364,1507,955.6812040354517,244.12649915142373,992.8823529411765,508.3235294117647
2365,1507,955.6812040354517,244.12649915142373,990.8470588235294,495.47058823529414
2366,1507,955.6812040354517,244.12649915142373,988.8117647058824,482.61764705882354
2367,1507,955.6812040354517,244.12649915142373,986.7764705882353,469.7647058823529
2368,1507,955.6812040354517,244.12649915142373,984.7411764705882,456.9117647058823
2369,1507,955.6812040354517,244.12649915142373,982.7058823529412,444.05882352941177
2370,1507,955.6812040354517,244.12649915142373,980.6705882352942,431.20588235294116
2371,1507,955.6812040354517,244.12649915142373,978.635294117647,418.3529411764706
2372,1507,955.6812040354517,244.12649915142373,976.6,405.5
2373,1507,955.6812040354517,244.12649915142373,974.564705882353,392.6470588235294
2374,1507,955.6812040354517,244.12649915142373,972.5294117647059,379.7941176470588
2375,1507,955.6812040354517,244.12649915142373,970.4941176470588,366.94117647058823
2376,1507,955.6812040354517,244.12649915142373,968.4588235294118,354.0882352941176
2377,1507,961.6812040354517,520.1264991514238,966.4235294117648,341.2352941176471
2378,1507,961.6812040354517,520.1264991514238,964.3882352941176,328.38235294117646
2379,1507,961.6812040354517,520.1264991514238,962.3529411764706,315.52941176470586
2380,1507,961.6812040354517,520.1264991514238,960.3176470588236,302.6764705882353
2381,1507,961.6812040354517,520.1264991514238,958.2823529411764,289.8235294117647
2382,1507,961.6812040354517,520.1264991514238,956.2470588235294,276.9705882352941
2383,1507,961.6812040354517,520.1264991514238,954.2117647058824,264.11764705882354
2384,1507,961.6812040354517,520.1264991514238,952.1764705882354,251.26470588235293
2385,1507,961.6812040354517,520.1264991514238,950.1411764705882,238.41176470588232
2386,1507,961.6812040354517,520.1264991514238,948.1058823529412,225.55882352941177
2387,1507,961.6812040354517,520.1264991514238,946.0705882352942,212.70588235294116
2388,1507,961.6812040354517,520.1264991514238,944.035294117647,199.85294117647055
2389,1507,961.6812040354517,520.1264991514238,942.0,187.0
2390,1507,961.6812040354517,520.1264991514238,942.0,187.0
2391,1507,961.6812040354517,520.1264991514238,942.0,187.0
2392,1507,961.6812040354517,520.1264991514238,942.0,187.0
2393,1507,961.6812040354517,520.1264991514238,942.0,187.0
2394,1507,961.6812040354517,520.1264991514238,942.0,187.0
2395,1507,961.6812040354517,520.1264991514238,942.0,187.0
2396,1507,961.6812040354517,520.1264991514238,942.0,187.0
2397,1507,961.6812040354517,520.1264991514238,942.0,187.0
2398,1507,961.6812040354517,520.1264991514238,942.0,187.0
2399,1507,961.6812040354517,520.1264991514238,942.0,187.0
2400,1507,961.6812040354517,520.1264991514238,942.0,187.0
2401,1507,961.6812040354517,520.1264991514238,942.0,187.0
2402,1507,961.6812040354517,520.1264991514238,942.0,187.0
2403,1507,961.6812040354517,520.1264991514238,942.0,187.0
2404,1507,961.6812040354517,520.1264991514238,942.0,187.0
2405,1507,961.6812040354517,520.1264991514238,942.0,187.0
2406,1507,961.6812040354517,520.1264991514238,942.0,187.0
2407,1507,961.6812040354517,520.1264991514238,942.0,187.0
2408,1507,961.6812040354517,520.1264991514238,942.0,187.0
2409,1507,961.6812040354517,520.1264991514238,942.0,187.0
2410,1507,961.6812040354517,520.1264991514238,942.0,187.0
2411,1507,966.6812040354517,796.1264991514238,942.0,187.0
2412,1507,966.6812040354517,796.1264991514238,942.0,187.0
2413,1507,966.6812040354517,796.1264991514238,942.0,187.0
2414,1507,966.6812040354517,796.1264991514238,942.0,187.0
2415,1507,966.6812040354517,796.1264991514238,942.0,187.0
2416,1507,966.6812040354517,796.1264991514238,942.0,187.0
2417,1507,966.6812040354517,796.1264991514238,942.0,187.0
2418,1507,966.6812040354517,796.1264991514238,942.0,187.0
2419,1507,966.6812040354517,796.1264991514238,942.0,187.0
2420,1507,966.6812040354517,796.1264991514238,942.0,187.0
2421,1507,966.6812040354517,796.1264991514238,942.0,187.0
2422,1507,966.6812040354517,796.1264991514238,942.0,187.0
2423,1507,966.6812040354517,796.1264991514238,942.0,187.0
2424,1507,966.6812040354517,796.1264991514238,942.0,187.0
2425,1507,966.6812040354517,796.1264991514238,942.0,187.0
2426,1507,966.6812040354517,796.1264991514238,942.0,187.0
2427,1507,966.6812040354517,796.1264991514238,942.0,187.0
2428,1507,966.6812040354517,796.1264991514238,942.0,187.0
2429,1507,966.6812040354517,796.1264991514238,942.0,187.0
2430,1507,966.6812040354517,796.1264991514238,942.0,187.0
2431,1507,966.6812040354517,796.1264991514238,942.0,187.0
2432,1507,966.6812040354517,796.1264991514238,942.0,187.0
2433,1507,966.6812040354517,796.1264991514238,942.0,187.0
2434,1507,966.6812040354517,796.1264991514238,942.0,187.0
2435,1507,966.6812040354517,796.1264991514238,942.0,187.0
2436,1507,966.6812040354517,796.1264991514238,942.0,187.0
2437,1507,966.6812040354517,796.1264991514238,942.0,187.0
2438,1507,966.6812040354517,796.1264991514238,942.0,187.0
2439,1507,966.6812040354517,796.1264991514238,942.0,187.0
2440,1507,966.6812040354517,796.1264991514238,942.0,187.0
2441,1507,966.6812040354517,796.1264991514238,942.0,187.0
2442,1507,966.6812040354517,796.1264991514238,942.0,187.0
2443,1507,966.6812040354517,796.1264991514238,942.0,187.0
2444,1507,966.6812040354517,796.1264991514238,942.0,187.0
2445,1507,966.6812040354517,796.1264991514238,942.0,187.0
2446,1507,966.6812040354517,796.1264991514238,942.0,187.0
2447,1507,966.6812040354517,796.1264991514238,942.0,187.0
2448,1507,966.6812040354517,796.1264991514238,942.0,187.0
2449,1507,966.6812040354517,796.1264991514238,942.0,187.0
2450,1507,966.6812040354517,796.1264991514238,942.0,187.0
2451,1507,966.6812040354517,796.1264991514238,942.0,187.0
2452,1507,966.6812040354517,796.1264991514238,942.0,187.0
2453,1507,966.6812040354517,796.1264991514238,942.0,187.0
2454,1507,966.6812040354517,796.1264991514238,942.0,187.0
2455,1507,966.6812040354517,796.1264991514238,942.0,187.0
2456,1507,966.6812040354517,796.1264991514238,942.0,187.0
2457,1507,966.6812040354517,796.1264991514238,942.0,187.0
2458,1507,966.6812040354517,796.1264991514238,942.0,187.0
2459,1507,966.6812040354517,796.1264991514238,942.0,187.0
2460,1507,966.6812040354517,796.1264991514238,942.0,187.0
2461,1507,966.6812040354517,796.1264991514238,942.0,187.0
2462,1507,966.6812040354517,796.1264991514238,942.0,187.0
2463,1507,966.6812040354517,796.1264991514238,942.0,187.0
2464,1507,966.6812040354517,796.1264991514238,942.0,187.0
2465,1507,966.6812040354517,796.1264991514238,942.0,187.0
2466,1508,966.6812040354517,796.1264991514238,942.0,187.0
2467,1509,966.6812040354517,796.1264991514238,942.0,187.0
2468,1510,966.6812040354517,796.1264991514238,942.0,187.0
2469,1511,966.6812040354517,796.1264991514238,942.0,187.0
2470,1512,966.6812040354517,796.1264991514238,942.0,187.0
2471,1513,966.6812040354517,796.1264991514238,942.0,187.0
2472,1514,966.6812040354517,796.1264991514238,942.0,187.0
2473,1515,966.6812040354517,796.1264991514238,942.0,187.0
2474,1516,966.6812040354517,796.1264991514238,942.0,187.0
2475,1517,966.6812040354517,796.1264991514238,942.0,187.0
2476,1518,966.6812040354517,796.1264991514238,942.0,187.0
2477,1519,963.6812040354517,713.1264991514238,942.0,187.0
2478,1520,963.6812040354517,713.1264991514238,942.0,187.0
2479,1521,963.6812040354517,713.1264991514238,942.0,187.0
2480,1522,963.6812040354517,713.1264991514238,942.0,187.0
2481,1523,963.6812040354517,713.1264991514238,942.0,187.0
2482,1524,963.6812040354517,713.1264991514238,942.0,187.0
2483,1525,963.6812040354517,713.1264991514238,942.0,187.0
2484,1526,963.6812040354517,713.1264991514238,942.0,187.0
2485,1527,963.6812040354517,713.1264991514238,942.0,187.0
2486,1528,963.6812040354517,713.1264991514238,942.0,187.0
2487,1529,963.6812040354517,713.1264991514238,942.0,187.0
2488,1530,963.6812040354517,713.1264991514238,942.0,187.0
2489,1531,963.6812040354517,713.1264991514238,942.0,187.0
2490,1532,963.6812040354517,713.1264991514238,942.0,187.0
2491,1533,963.6812040354517,713.1264991514238,942.0,187.0
2492,1534,963.6812040354517,713.1264991514238,942.0,187.0
2493,1535,963.6812040354517,713.1264991514238,942.0,187.0
2494,1536,963.6812040354517,713.1264991514238,942.0,187.0
2495,1537,963.6812040354517,713.1264991514238,942.0,187.0
2496,1538,963.6812040354517,713.1264991514238,942.0,187.0
2497,1539,963.6812040354517,713.1264991514238,942.0,187.0
2498,1540,963.6812040354517,713.1264991514238,942.0,187.0
2499,1541,963.6812040354517,713.1264991514238,942.0,187.0
2500,1542,963.6812040354517,713.1264991514238,942.0,187.0
2501,1543,963.6812040354517,713.1264991514238,942.0,187.0
2502,1544,963.6812040354517,713.1264991514238,942.0,187.0
2503,1545,963.6812040354517,713.1264991514238,942.0,187.0
2504,1546,963.6812040354517,713.1264991514238,942.0,187.0
2505,1547,963.6812040354517,713.1264991514238,942.0,187.0
2506,1548,963.6812040354517,713.1264991514238,942.0,187.0
2507,1549,963.6812040354517,713.1264991514238,942.0,187.0
2508,1550,963.6812040354517,713.1264991514238,942.0,187.0
2509,1551,963.6812040354517,713.1264991514238,942.0,187.0
2510,1552,963.6812040354517,713.1264991514238,942.0,187.0
2511,1553,974.6812040354517,502.12649915142373,942.0,187.0
2512,1554,974.6812040354517,502.12649915142373,942.0,187.0
2513,1555,974.6812040354517,502.12649915142373,942.0,187.0
2514,1556,974.6812040354517,502.12649915142373,942.0,187.0
2515,1557,974.6812040354517,502.12649915142373,942.0,187.0
2516,1558,974.6812040354517,502.12649915142373,942.0,187.0
2517,1559,974.6812040354517,502.12649915142373,942.0,187.0
2518,1560,974.6812040354517,502.12649915142373,942.0,187.0
2519,1561,974.6812040354517,502.12649915142373,942.0,187.0
2520,1562,974.6812040354517,502.12649915142373,942.0,187.0
2521,1563,974.6812040354517,502.12649915142373,942.0,187.0
2522,1564,974.6812040354517,502.12649915142373,942.0,187.0
2523,1565,974.6812040354517,502.12649915142373,942.0,187.0
2524,1566,974.6812040354517,502.12649915142373,942.0,187.0
2525,1567,974.6812040354517,502.12649915142373,942.0,187.0
2526,1568,974.6812040354517,502.12649915142373,942.0,187.0
2527,1569,974.6812040354517,502.12649915142373,942.0,187.0
2528,1570,974.6812040354517,502.12649915142373,942.0,187.0
2529,1571,974.6812040354517,502.12649915142373,942.0,187.0
2530,1572,974.6812040354517,502.12649915142373,942.0,187.0
2531,1573,974.6812040354517,502.12649915142373,942.0,187.0
2532,1574,974.6812040354517,502.12649915142373,942.0,187.0
2533,1575,974.6812040354517,502.12649915142373,942.0,187.0
2534,1576,974.6812040354517,502.12649915142373,942.0,187.0
2535,1577,974.6812040354517,502.12649915142373,942.0,187.0
2536,1578,974.6812040354517,502.12649915142373,942.0,187.0
2537,1579,974.6812040354517,502.12649915142373,942.0,187.0
2538,1580,974.6812040354517,502.12649915142373,942.0,187.0
2539,1581,974.6812040354517,502.12649915142373,942.0,187.0
2540,1582,974.6812040354517,502.12649915142373,942.0,187.0
2541,1583,974.6812040354517,502.12649915142373,942.0,187.0
2542,1584,974.6812040354517,502.12649915142373,942.0,187.0
2543,1585,974.6812040354517,502.12649915142373,942.0,187.0
2544,1586,986.6812040354517,291.12649915142373,942.0,187.0
2545,1587,986.6812040354517,291.12649915142373,942.0,187.0
2546,1588,986.6812040354517,291.12649915142373,942.0,187.0
2547,1589,986.6812040354517,291.12649915142373,942.0,187.0
2548,1590,986.6812040354517,291.12649915142373,942.0,187.0
2549,1591,986.6812040354517,291.12649915142373,942.0,187.0
2550,1592,986.6812040354517,291.12649915142373,942.0,187.0
2551,1593,986.6812040354517,291.12649915142373,942.0,187.0
2552,1594,986.6812040354517,291.12649915142373,942.0,187.0
2553,1595,986.6812040354517,291.12649915142373,942.0,187.0
2554,1596,986.6812040354517,291.12649915142373,942.0,187.0
2555,1597,986.6812040354517,291.12649915142373,942.0,187.0
2556,1598,986.6812040354517,291.12649915142373,942.0,187.0
2557,1599,986.6812040354517,291.12649915142373,942.0,187.0
2558,1600,986.6812040354517,291.12649915142373,942.0,187.0
2559,1601,986.6812040354517,291.12649915142373,942.0,187.0
2560,1602,986.6812040354517,291.12649915142373,942.0,187.0
2561,1603,986.6812040354517,291.12649915142373,942.0,187.0
2562,1604,986.6812040354517,291.12649915142373,942.0,187.0
2563,1605,986.6812040354517,291.12649915142373,942.0,187.0
2564,1606,986.6812040354517,291.12649915142373,942.0,187.0
2565,1607,986.6812040354517,291.12649915142373,942.0,187.0
2566,1608,986.6812040354517,291.12649915142373,942.0,187.0
2567,1609,986.6812040354517,291.12649915142373,942.0,187.0
2568,1610,986.6812040354517,291.12649915142373,942.0,187.0
2569,1611,986.6812040354517,291.12649915142373,942.0,187.0
2570,1612,986.6812040354517,291.12649915142373,942.0,187.0
2571,1613,986.6812040354517,291.12649915142373,942.0,187.0
2572,1614,986.6812040354517,291.12649915142373,942.0,187.0
2573,1615,986.6812040354517,291.12649915142373,942.0,187.0
2574,1616,986.6812040354517,291.12649915142373,942.0,187.0
2575,1617,986.6812040354517,291.12649915142373,942.0,187.0
2576,1618,986.6812040354517,291.12649915142373,942.0,187.0
2577,1619,986.6812040354517,291.12649915142373,942.0,187.0
2578,1620,986.6812040354517,291.12649915142373,942.0,187.0
2579,1621,986.6812040354517,291.12649915142373,942.0,187.0
2580,1622,986.6812040354517,291.12649915142373,942.0,187.0
2581,1623,986.6812040354517,291.12649915142373,942.0,187.0
2582,1624,986.6812040354517,291.12649915142373,942.0,187.0
2583,1625,986.6812040354517,291.12649915142373,942.0,187.0
2584,1626,986.6812040354517,291.12649915142373,942.0,187.0
2585,1627,986.6812040354517,291.12649915142373,942.0,187.0
2586,1628,986.6812040354517,291.12649915142373,942.0,187.0
2587,1629,986.6812040354517,291.12649915142373,942.0,187.0
2588,1630,986.6812040354517,291.12649915142373,942.0,187.0
2589,1631,986.6812040354517,291.12649915142373,942.0,187.0
2590,1632,986.6812040354517,291.12649915142373,942.0,187.0
2591,1633,986.6812040354517,291.12649915142373,942.0,187.0
2592,1634,986.6812040354517,291.12649915142373,942.0,187.0
2593,1635,986.6812040354517,291.12649915142373,942.0,187.0
2594,1636,986.6812040354517,291.12649915142373,942.0,187.0
2595,1637,986.6812040354517,291.12649915142373,942.0,187.0
2596,1638,986.6812040354517,291.12649915142373,942.0,187.0
2597,1639,986.6812040354517,291.12649915142373,942.0,187.0
2598,1640,986.6812040354517,291.12649915142373,942.0,187.0
2599,1641,986.6812040354517,291.12649915142373,942.0,187.0
2600,1642,986.6812040354517,291.12649915142373,942.0,187.0
2601,1643,986.6812040354517,291.12649915142373,942.0,187.0
2602,1644,986.6812040354517,291.12649915142373,942.0,187.0
2603,1645,986.6812040354517,291.12649915142373,942.0,187.0
2604,1646,986.6812040354517,291.12649915142373,942.0,187.0
2605,1646,986.6812040354517,291.12649915142373,942.0,187.0
2606,1646,986.6812040354517,291.12649915142373,942.0,187.0
2607,1646,986.6812040354517,291.12649915142373,942.0,187.0
2608,1646,986.6812040354517,291.12649915142373,942.0,187.0
2609,1646,986.6812040354517,291.12649915142373,942.0,187.0
2610,1646,986.6812040354517,291.12649915142373,942.0,187.0
2611,1646,986.6812040354517,291.12649915142373,942.0,187.0
2612,1646,986.6812040354517,291.12649915142373,942.0,187.0
2613,1646,986.6812040354517,291.12649915142373,942.0,187.0
2614,1646,986.6812040354517,291.12649915142373,942.0,187.0
2615,1646,986.6812040354517,291.12649915142373,942.0,187.0
2616,1646,986.6812040354517,291.12649915142373,942.0,187.0
2617,1646,986.6812040354517,291.12649915142373,942.0,187.0
2618,1646,986.6812040354517,291.12649915142373,942.0,187.0
2619,1646,986.6812040354517,291.12649915142373,942.0,187.0
2620,1646,986.6812040354517,291.12649915142373,942.0,187.0
2621,1646,986.6812040354517,291.12649915142373,942.0,187.0
2622,1646,986.6812040354517,291.12649915142373,942.0,187.0
2623,1646,986.6812040354517,291.12649915142373,942.0,187.0
2624,1646,986.6812040354517,291.12649915142373,942.0,187.0
2625,1646,986.6812040354517,291.12649915142373,942.0,187.0
2626,1646,986.6812040354517,291.12649915142373,942.0,187.0
2627,1646,986.6812040354517,291.12649915142373,942.0,187.0
2628,1646,986.6812040354517,291.12649915142373,942.0,187.0
2629,1646,986.6812040354517,291.12649915142373,942.0,187.0
2630,1646,986.6812040354517,291.12649915142373,942.0,187.0
2631,1646,986.6812040354517,291.12649915142373,942.0,187.0
2632,1646,986.6812040354517,291.12649915142373,942.0,187.0
2633,1646,986.6812040354517,291.12649915142373,942.0,187.0
2634,1646,986.6812040354517,291.12649915142373,942.0,187.0
2635,1646,986.6812040354517,291.12649915142373,942.0,187.0
2636,1646,986.6812040354517,291.12649915142373,942.0,187.0
2637,1646,986.6812040354517,291.12649915142373,942.0,187.0
2638,1646,986.6812040354517,291.12649915142373,942.0,187.0
2639,1646,986.6812040354517,291.12649915142373,942.241935483871,199.54193548387096
2640,1646,986.6812040354517,291.12649915142373,942.483870967742,212.08387096774194
2641,1646,986.6812040354517,291.12649915142373,942.7258064516129,224.6258064516129
2642,1646,986.6812040354517,291.12649915142373,942.9677419354839,237.16774193548386
2643,1646,986.6812040354517,291.12649915142373,943.2096774193549,249.70967741935482
2644,1646,986.6812040354517,291.12649915142373,943.4516129032259,262.2516129032258
2645,1646,986.6812040354517,291.12649915142373,943.6935483870968,274.79354838709673
2646,1646,986.6812040354517,291.12649915142373,943.9354838709677,287.3354838709677
2647,1646,986.6812040354517,291.12649915142373,944.1774193548387,299.8774193548387
2648,1646,986.6812040354517,291.12649915142373,944.4193548387096,312.41935483870964
2649,1646,986.6812040354517,291.12649915142373,944.6612903225806,324.9612903225806
2650,1646,986.6812040354517,291.12649915142373,944.9032258064516,337.5032258064516
2651,1646,986.6812040354517,291.12649915142373,945.1451612903226,350.04516129032254
2652,1646,972.6812040354517,242.12649915142373,945.3870967741935,362.5870967741935
2653,1646,972.6812040354517,242.12649915142373,945.6290322580645,375.1290322580645
2654,1646,972.6812040354517,242.12649915142373,945.8709677419355,387.67096774193544
2655,1646,972.6812040354517,242.12649915142373,946.1129032258065,400.21290322580643
2656,1646,972.6812040354517,242.12649915142373,946.3548387096774,412.7548387096774
2657,1646,972.6812040354517,242.12649915142373,946.5967741935484,425.29677419354834
2658,1646,972.6812040354517,242.12649915142373,946.8387096774194,437.83870967741933
2659,1646,972.6812040354517,242.12649915142373,947.0806451612904,450.3806451612903
2660,1646,972.6812040354517,242.12649915142373,947.3225806451613,462.92258064516125
2661,1646,972.6812040354517,242.12649915142373,947.5645161290323,475.46451612903223
2662,1646,972.6812040354517,242.12649915142373,947.8064516129032,488.0064516129032
2663,1646,972.6812040354517,242.12649915142373,948.0483870967741,500.54838709677415
2664,1646,972.6812040354517,242.12649915142373,948.2903225806451,513.0903225806451
2665,1646,972.6812040354517,242.12649915142373,948.5322580645161,525.6322580645161
2666,1646,972.6812040354517,242.12649915142373,948.7741935483871,538.174193548387
2667,1646,972.6812040354517,242.12649915142373,949.016129032258,550.7161290322581
2668,1646,972.6812040354517,242.12649915142373,949.258064516129,563.258064516129
2669,1646,972.6812040354517,242.12649915142373,949.5,575.8
2670,1646,972.6812040354517,242.12649915142373,949.5,575.8
2671,1646,972.6812040354517,242.12649915142373,949.5,575.8
2672,1646,972.6812040354517,242.12649915142373,949.5,575.8
2673,1646,972.6812040354517,242.12649915142373,949.5,575.8
2674,1646,972.6812040354517,242.12649915142373,949.5,575.8
2675,1646,972.6812040354517,242.12649915142373,949.5,575.8
2676,1646,972.6812040354517,242.12649915142373,949.5,575.8
2677,1646,972.6812040354517,242.12649915142373,949.5,575.8
2678,1646,972.6812040354517,242.12649915142373,949.5,575.8
2679,1646,972.6812040354517,242.12649915142373,949.5,575.8
2680,1646,972.6812040354517,242.12649915142373,949.5,575.8
2681,1646,972.6812040354517,242.12649915142373,949.5,575.8
2682,1646,972.6812040354517,242.12649915142373,949.5,575.8
2683,1646,972.6812040354517,242.12649915142373,949.5,575.8
2684,1646,972.6812040354517,242.12649915142373,949.5,575.8
2685,1646,972.6812040354517,242.12649915142373,949.5,575.8
2686,1646,972.6812040354517,242.12649915142373,949.5,575.8
2687,1646,972.6812040354517,242.12649915142373,949.5,575.8
2688,1646,972.6812040354517,242.12649915142373,949.5,575.8
2689,1646,972.6812040354517,242.12649915142373,949.5,575.8
2690,1646,972.6812040354517,242.12649915142373,949.5,575.8
2691,1646,972.6812040354517,242.12649915142373,949.5,575.8
2692,1646,972.6812040354517,242.12649915142373,949.5,575.8
2693,1646,972.6812040354517,242.12649915142373,949.5,575.8
2694,1646,972.6812040354517,242.12649915142373,949.5,575.8
2695,1647,972.6812040354517,242.12649915142373,949.5,575.8
2696,1648,972.6812040354517,242.12649915142373,949.5,575.8
2697,1649,972.6812040354517,242.12649915142373,949.5,575.8
2698,1650,972.6812040354517,242.12649915142373,949.5,575.8
2699,1651,972.6812040354517,242.12649915142373,949.5,575.8
2700,1652,972.6812040354517,242.12649915142373,949.5,575.8
2701,1653,972.6812040354517,242.12649915142373,949.5,575.8
2702,1654,972.6812040354517,242.12649915142373,949.5,575.8
2703,1655,972.6812040354517,242.12649915142373,949.5,575.8
2704,1656,972.6812040354517,242.12649915142373,949.5,575.8
2705,1656,972.6812040354517,242.12649915142373,949.5,575.8
2706,1656,972.6812040354517,242.12649915142373,949.5,575.8
2707,1656,972.6812040354517,242.12649915142373,949.5,575.8
2708,1656,972.6812040354517,242.12649915142373,949.5,575.8
2709,1656,972.6812040354517,242.12649915142373,949.5,575.8
2710,1656,972.6812040354517,242.12649915142373,949.5,575.8
2711,1656,972.6812040354517,242.12649915142373,949.5,575.8
2712,1656,972.6812040354517,242.12649915142373,949.5,575.8
2713,1656,972.6812040354517,242.12649915142373,949.5,575.8
2714,1656,972.6812040354517,242.12649915142373,949.5,575.8
2715,1656,972.6812040354517,242.12649915142373,949.5,575.8
2716,1656,972.6812040354517,242.12649915142373,949.5,575.8
2717,1656,972.6812040354517,242.12649915142373,949.5,575.8
2718,1656,972.6812040354517,242.12649915142373,949.5,575.8
2719,1656,972.6812040354517,242.12649915142373,949.5,575.8
2720,1656,972.6812040354517,242.12649915142373,949.5,575.8
2721,1656,972.6812040354517,242.12649915142373,949.5,575.8
2722,1656,972.6812040354517,242.12649915142373,949.5,575.8
2723,1656,972.6812040354517,242.12649915142373,949.5,575.8
2724,1656,972.6812040354517,242.12649915142373,949.5,575.8
2725,1656,972.6812040354517,242.12649915142373,949.5,575.8
2726,1656,972.6812040354517,242.12649915142373,949.5,575.8
2727,1656,972.6812040354517,242.12649915142373,949.5,575.8
2728,1656,972.6812040354517,242.12649915142373,949.5,575.8
2729,1656,972.6812040354517,242.12649915142373,949.5,575.8
2730,1656,972.6812040354517,242.12649915142373,949.5,575.8
2731,1656,972.6812040354517,242.12649915142373,949.5,575.8
2732,1656,972.6812040354517,242.12649915142373,949.5,575.8
2733,1656,972.6812040354517,242.12649915142373,949.5,575.8
2734,1656,972.6812040354517,242.12649915142373,949.5,575.8
2735,1656,972.6812040354517,242.12649915142373,949.5,575.8
2736,1656,972.6812040354517,242.12649915142373,949.5,575.8
2737,1656,972.6812040354517,242.12649915142373,949.5,575.8
2738,1656,972.6812040354517,242.12649915142373,949.5,575.8
2739,1656,972.6812040354517,242.12649915142373,949.5,575.8
2740,1656,972.6812040354517,242.12649915142373,949.5,575.8
2741,1656,972.6812040354517,242.12649915142373,949.5,575.8
2742,1656,972.6812040354517,242.12649915142373,949.5,575.8
2743,1656,972.6812040354517,242.12649915142373,949.5,575.8
2744,1656,972.6812040354517,242.12649915142373,949.5,575.8
2745,1656,972.6812040354517,242.12649915142373,949.5,575.8
2746,1656,972.6812040354517,242.12649915142373,949.5,575.8
2747,1656,972.6812040354517,242.12649915142373,949.5,575.8
2748,1656,972.6812040354517,242.12649915142373,949.5,575.8
2749,1656,972.6812040354517,242.12649915142373,949.5,575.8
2750,1656,972.6812040354517,242.12649915142373,949.5,575.8
2751,1656,972.6812040354517,242.12649915142373,949.5,575.8
2752,1656,972.6812040354517,242.12649915142373,949.5,575.8
2753,1656,972.6812040354517,242.12649915142373,949.5,575.8
2754,1656,972.6812040354517,242.12649915142373,949.5,575.8
2755,1656,972.6812040354517,242.12649915142373,949.5,575.8
2756,1656,972.6812040354517,242.12649915142373,949.5,575.8
2757,1656,972.6812040354517,242.12649915142373,949.5,575.8
2758,1656,972.6812040354517,242.12649915142373,949.5,575.8
2759,1656,972.6812040354517,242.12649915142373,949.5,575.8
2760,1656,972.6812040354517,242.12649915142373,949.5,575.8
2761,1657,972.6812040354517,242.12649915142373,949.5,575.8
2762,1658,972.6812040354517,242.12649915142373,949.5,575.8
2763,1659,972.6812040354517,242.12649915142373,949.5,575.8
2764,1660,972.6812040354517,242.12649915142373,949.5,575.8
2765,1661,972.6812040354517,242.12649915142373,949.5,575.8
2766,1662,972.6812040354517,242.12649915142373,949.5,575.8
2767,1663,972.6812040354517,242.12649915142373,949.5,575.8
2768,1664,972.6812040354517,242.12649915142373,949.5,575.8
2769,1665,972.6812040354517,242.12649915142373,949.7619047619048,559.0333333333333
2770,1666,972.6812040354517,242.12649915142373,950.0238095238095,542.2666666666667
2771,1667,972.6812040354517,242.12649915142373,950.2857142857143,525.5
2772,1668,972.6812040354517,242.12649915142373,950.547619047619,508.7333333333333
2773,1669,972.6812040354517,242.12649915142373,950.8095238095239,491.96666666666664
2774,1670,972.6812040354517,242.12649915142373,951.0714285714286,475.19999999999993
2775,1671,972.6812040354517,242.12649915142373,951.3333333333334,458.4333333333333
2776,1672,972.6812040354517,242.12649915142373,951.5952380952381,441.66666666666663
2777,1673,1157.6812040354516,251.12649915142373,951.8571428571429,424.9
2778,1674,1157.6812040354516,251.12649915142373,952.1190476190476,408.1333333333333
2779,1675,1157.6812040354516,251.12649915142373,952.3809523809524,391.3666666666666
2780,1676,1157.6812040354516,251.12649915142373,952.6428571428571,374.59999999999997
2781,1677,1157.6812040354516,251.12649915142373,952.9047619047619,357.8333333333333
2782,1678,1157.6812040354516,251.12649915142373,953.1666666666666,341.0666666666666
2783,1679,1157.6812040354516,251.12649915142373,953.4285714285714,324.29999999999995
2784,1680,1157.6812040354516,251.12649915142373,953.6904761904761,307.5333333333333
2785,1681,1157.6812040354516,251.12649915142373,953.952380952381,290.76666666666665
2786,1682,1157.6812040354516,251.12649915142373,954.2142857142857,274.0
2787,1683,1157.6812040354516,251.12649915142373,954.4761904761905,257.2333333333333
2788,1684,1157.6812040354516,251.12649915142373,954.7380952380952,240.46666666666664
2789,1685,1157.6812040354516,251.12649915142373,955.0,223.7
2790,1686,1157.6812040354516,251.12649915142373,955.0,223.7
2791,1687,1157.6812040354516,251.12649915142373,955.0,223.7
2792,1688,1157.6812040354516,251.12649915142373,955.0,223.7
2793,1689,1157.6812040354516,251.12649915142373,955.0,223.7
2794,1690,1157.6812040354516,251.12649915142373,955.0,223.7
2795,1691,1157.6812040354516,251.12649915142373,955.0,223.7
2796,1692,1157.6812040354516,251.12649915142373,955.0,223.7
2797,1693,1157.6812040354516,251.12649915142373,955.0,223.7
2798,1694,1157.6812040354516,251.12649915142373,955.0,223.7
2798,1695,1157.6812040354516,251.12649915142373,955.0,223.7
2798,1696,1157.6812040354516,251.12649915142373,955.0,223.7
2798,1697,1157.6812040354516,251.12649915142373,955.0,223.7
2798,1698,1157.6812040354516,251.12649915142373,955.0,223.7
2798,1699,1157.6812040354516,251.12649915142373,955.0,223.7
2798,1700,1157.6812040354516,251.12649915142373,955.0,223.7
2798,1701,1157.6812040354516,251.12649915142373,955.0,223.7
2798,1702,1157.6812040354516,251.12649915142373,955.0,223.7
2798,1703,1157.6812040354516,251.12649915142373,955.0,223.7
2798,1704,1157.6812040354516,251.12649915142373,955.0,223.7
2798,1705,1157.6812040354516,251.12649915142373,955.0,223.7
2798,1706,1157.6812040354516,251.12649915142373,955.0,223.7
2798,1707,1343.6812040354516,260.12649915142373,955.0,223.7
2798,1708,1343.6812040354516,260.12649915142373,955.0,223.7
2798,1709,1343.6812040354516,260.12649915142373,955.0,223.7
2798,1710,1343.6812040354516,260.12649915142373,955.0,223.7
2798,1711,1343.6812040354516,260.12649915142373,955.0,223.7
2798,1712,1343.6812040354516,260.12649915142373,955.0,223.7
2798,1713,1343.6812040354516,260.12649915142373,955.0,223.7
2798,1714,1343.6812040354516,260.12649915142373,955.0,223.7
2798,1715,1343.6812040354516,260.12649915142373,955.0,223.7
2798,1716,1343.6812040354516,260.12649915142373,955.0,223.7
2798,1717,1343.6812040354516,260.12649915142373,955.0,223.7
2798,1718,1343.6812040354516,260.12649915142373,955.0,223.7
2798,1719,1343.6812040354516,260.12649915142373,955.0,223.7
2798,1720,1343.6812040354516,260.12649915142373,955.0,223.7
2798,1721,1343.6812040354516,260.12649915142373,955.0,223.7
2798,1722,1343.6812040354516,260.12649915142373,955.0,223.7
2798,1723,1343.6812040354516,260.12649915142373,955.0,223.7
2798,1724,1343.6812040354516,260.12649915142373,955.0,223.7
2798,1725,1343.6812040354516,260.12649915142373,955.0,223.7
2798,1726,1343.6812040354516,260.12649915142373,955.0,223.7
2798,1727,1343.6812040354516,260.12649915142373,955.0,223.7
2798,1728,1343.6812040354516,260.12649915142373,955.0,223.7
2798,1729,1343.6812040354516,260.12649915142373,955.0,223.7
2798,1730,1343.6812040354516,260.12649915142373,955.0,223.7
2798,1731,1343.6812040354516,260.12649915142373,955.0,223.7
2798,1732,1343.6812040354516,260.12649915142373,955.0,223.7
2798,1733,1343.6812040354516,260.12649915142373,955.0,223.7
2798,1734,1343.6812040354516,260.12649915142373,955.0,223.7
2798,1735,1343.6812040354516,260.12649915142373,955.0,223.7
2798,1736,1343.6812040354516,260.12649915142373,955.0,223.7
2798,1737,1343.6812040354516,260.12649915142373,955.0,223.7
2798,1738,1343.6812040354516,260.12649915142373,955.0,223.7
2798,1739,1343.6812040354516,260.12649915142373,955.0,223.7
2798,1740,1343.6812040354516,260.12649915142373,955.0,223.7
2798,1741,1343.6812040354516,260.12649915142373,955.0,223.7
2798,1742,1343.6812040354516,260.12649915142373,955.0,223.7
2798,1743,1343.6812040354516,260.12649915142373,955.0,223.7
2798,1744,1343.6812040354516,260.12649915142373,955.0,223.7
2798,1745,1343.6812040354516,260.12649915142373,955.0,223.7
2798,1746,1343.6812040354516,260.12649915142373,955.0,223.7
2798,1747,1343.6812040354516,260.12649915142373,955.0,223.7
2798,1748,1343.6812040354516,260.12649915142373,955.0,223.7
2798,1749,1343.6812040354516,260.12649915142373,955.0,223.7
2798,1750,1343.6812040354516,260.12649915142373,955.0,223.7
2798,1751,1343.6812040354516,260.12649915142373,955.0,223.7
2798,1752,1343.6812040354516,260.12649915142373,955.0,223.7
2798,1753,1343.6812040354516,260.12649915142373,955.0,223.7
2798,1754,1343.6812040354516,260.12649915142373,955.0,223.7
2798,1755,1343.6812040354516,260.12649915142373,955.0,223.7
2798,1756,1343.6812040354516,260.12649915142373,955.0,223.7
2798,1757,1343.6812040354516,260.12649915142373,955.0,223.7
2798,1758,1343.6812040354516,260.12649915142373,955.0,223.7
2798,1759,1343.6812040354516,260.12649915142373,955.0,223.7
2798,1760,1343.6812040354516,260.12649915142373,955.0,223.7
2798,1761,1343.6812040354516,260.12649915142373,955.0,223.7
2798,1762,1343.6812040354516,260.12649915142373,955.0,223.7
2798,1763,1343.6812040354516,260.12649915142373,955.0,223.7
2798,1764,1343.6812040354516,260.12649915142373,955.0,223.7
2798,1765,1343.6812040354516,260.12649915142373,955.0,223.7
2798,1766,1343.6812040354516,260.12649915142373,955.0,223.7
2798,1767,1343.6812040354516,260.12649915142373,955.0,223.7
2798,1768,1343.6812040354516,260.12649915142373,955.0,223.7
2798,1769,1343.6812040354516,260.12649915142373,955.0,223.7
2798,1770,1343.6812040354516,260.12649915142373,955.0,223.7
2798,1771,1343.6812040354516,260.12649915142373,955.0,223.7
2798,1772,1343.6812040354516,260.12649915142373,955.0,223.7
2798,1773,1343.6812040354516,260.12649915142373,955.0,223.7
2798,1774,1343.6812040354516,260.12649915142373,955.0,223.7
2798,1775,1343.6812040354516,260.12649915142373,955.0,223.7
2798,1776,1343.6812040354516,260.12649915142373,955.0,223.7
2798,1777,1343.6812040354516,260.12649915142373,955.0,223.7
2798,1778,1343.6812040354516,260.12649915142373,955.0,223.7
2798,1779,1343.6812040354516,260.12649915142373,955.0,223.7
2798,1780,1343.6812040354516,260.12649915142373,955.0,223.7
2798,1781,1343.6812040354516,260.12649915142373,955.0,223.7
2798,1782,1343.6812040354516,260.12649915142373,955.0,223.7
2798,1783,1343.6812040354516,260.12649915142373,955.0,223.7
2798,1784,1343.6812040354516,260.12649915142373,955.0,223.7
2798,1785,1343.6812040354516,260.12649915142373,955.0,223.7
2798,1786,1343.6812040354516,260.12649915142373,955.0,223.7
2798,1787,1343.6812040354516,260.12649915142373,955.0,223.7
2798,1788,1343.6812040354516,260.12649915142373,955.0,223.7
2798,1789,1343.6812040354516,260.12649915142373,955.0,223.7
2798,1790,1343.6812040354516,260.12649915142373,955.0,223.7
2798,1791,1343.6812040354516,260.12649915142373,955.0,223.7
2798,1792,1343.6812040354516,260.12649915142373,955.0,223.7
2798,1793,1343.6812040354516,260.12649915142373,955.0,223.7
2799,1794,1343.6812040354516,260.12649915142373,955.0,223.7
2800,1795,1343.6812040354516,260.12649915142373,955.0,223.7
2801,1796,1343.6812040354516,260.12649915142373,955.0,223.7
2802,1797,1343.6812040354516,260.12649915142373,955.0,223.7
2803,1798,1343.6812040354516,260.12649915142373,955.0,223.7
2804,1799,1343.6812040354516,260.12649915142373,955.0,223.7
2805,1800,1343.6812040354516,260.12649915142373,955.0,223.7
2806,1801,1343.6812040354516,260.12649915142373,955.0,223.7
2807,1802,1343.6812040354516,260.12649915142373,955.0,223.7
2808,1803,1343.6812040354516,260.12649915142373,955.0,223.7
2809,1804,1343.6812040354516,260.12649915142373,955.0,223.7
2810,1805,1343.6812040354516,260.12649915142373,955.0,223.7
2811,1806,1343.6812040354516,260.12649915142373,955.0,223.7
2812,1807,1011.6812040354517,499.12649915142373,955.0,223.7
2813,1808,1011.6812040354517,499.12649915142373,955.0,223.7
2814,1809,1011.6812040354517,499.12649915142373,955.0,223.7
2815,1810,1011.6812040354517,499.12649915142373,955.0,223.7
2816,1811,1011.6812040354517,499.12649915142373,955.0,223.7
2817,1812,1011.6812040354517,499.12649915142373,955.0,223.7
2818,1813,1011.6812040354517,499.12649915142373,955.0,223.7
2819,1814,1011.6812040354517,499.12649915142373,955.0,223.7
2820,1815,1011.6812040354517,499.12649915142373,955.0,223.7
2821,1816,1011.6812040354517,499.12649915142373,955.0,223.7
2822,1817,1011.6812040354517,499.12649915142373,955.0,223.7
2823,1818,1011.6812040354517,499.12649915142373,955.0,223.7
2824,1819,1011.6812040354517,499.12649915142373,955.0,223.7
2825,1820,1011.6812040354517,499.12649915142373,955.0,223.7
2826,1821,1011.6812040354517,499.12649915142373,955.0,223.7
2827,1822,1011.6812040354517,499.12649915142373,955.0,223.7
2828,1823,1011.6812040354517,499.12649915142373,955.0,223.7
2829,1824,1011.6812040354517,499.12649915142373,955.0,223.7
2830,1825,1011.6812040354517,499.12649915142373,955.0,223.7
2831,1826,1011.6812040354517,499.12649915142373,955.0,223.7
2832,1827,1011.6812040354517,499.12649915142373,955.0,223.7
2833,1828,1011.6812040354517,499.12649915142373,955.0,223.7
2834,1829,1011.6812040354517,499.12649915142373,955.0,223.7
2835,1830,1011.6812040354517,499.12649915142373,955.0,223.7
2836,1831,1011.6812040354517,499.12649915142373,955.0,223.7
2837,1832,1011.6812040354517,499.12649915142373,955.0,223.7
2838,1833,1011.6812040354517,499.12649915142373,955.0,223.7
2839,1834,1011.6812040354517,499.12649915142373,955.0,223.7
2840,1835,1011.6812040354517,499.12649915142373,955.0,223.7
2841,1836,1011.6812040354517,499.12649915142373,955.0,223.7
2842,1837,1011.6812040354517,499.12649915142373,955.0,223.7
2843,1838,1011.6812040354517,499.12649915142373,955.0,223.7
2844,1839,1011.6812040354517,499.12649915142373,955.0,223.7
2845,1840,680.6812040354517,738.1264991514238,955.0,223.7
2846,1841,680.6812040354517,738.1264991514238,955.0,223.7
2847,1842,680.6812040354517,738.1264991514238,955.0,223.7
2848,1843,680.6812040354517,738.1264991514238,955.0,223.7
2849,1844,680.6812040354517,738.1264991514238,955.0,223.7
2850,1845,680.6812040354517,738.1264991514238,955.0,223.7
2851,1846,680.6812040354517,738.1264991514238,955.0,223.7
2852,1847,680.6812040354517,738.1264991514238,955.0,223.7
2853,1848,680.6812040354517,738.1264991514238,955.0,223.7
2854,1849,680.6812040354517,738.1264991514238,955.0,223.7
2855,1850,680.6812040354517,738.1264991514238,955.0,223.7
2856,1851,680.6812040354517,738.1264991514238,955.0,223.7
2857,1852,680.6812040354517,738.1264991514238,955.0,223.7
2858,1853,680.6812040354517,738.1264991514238,955.0,223.7
2859,1854,680.6812040354517,738.1264991514238,955.0,223.7
2860,1855,680.6812040354517,738.1264991514238,955.0,223.7
2861,1856,680.6812040354517,738.1264991514238,955.0,223.7
2862,1857,680.6812040354517,738.1264991514238,955.0,223.7
2863,1858,680.6812040354517,738.1264991514238,955.0,223.7
2864,1859,680.6812040354517,738.1264991514238,955.0,223.7
2865,1860,680.6812040354517,738.1264991514238,955.0,223.7
2866,1861,680.6812040354517,738.1264991514238,955.0,223.7
2867,1862,680.6812040354517,738.1264991514238,955.0,223.7
2868,1863,680.6812040354517,738.1264991514238,955.0,223.7
2869,1864,680.6812040354517,738.1264991514238,955.0,223.7
2870,1865,680.6812040354517,738.1264991514238,955.0,223.7
2871,1866,680.6812040354517,738.1264991514238,955.0,223.7
2872,1867,680.6812040354517,738.1264991514238,955.0,223.7
2873,1868,680.6812040354517,738.1264991514238,955.0,223.7
2874,1869,680.6812040354517,738.1264991514238,955.0,223.7
2875,1870,680.6812040354517,738.1264991514238,955.0,223.7
2876,1871,680.6812040354517,738.1264991514238,955.0,223.7
2877,1872,680.6812040354517,738.1264991514238,955.0,223.7
2878,1873,680.6812040354517,738.1264991514238,955.0,223.7
2879,1874,680.6812040354517,738.1264991514238,955.0,223.7
2880,1875,680.6812040354517,738.1264991514238,955.0,223.7
2881,1876,680.6812040354517,738.1264991514238,955.0,223.7
2882,1877,680.6812040354517,738.1264991514238,955.0,223.7
2883,1878,680.6812040354517,738.1264991514238,955.0,223.7
2884,1879,680.6812040354517,738.1264991514238,955.0,223.7
2885,1880,680.6812040354517,738.1264991514238,955.0,223.7
2886,1881,680.6812040354517,738.1264991514238,955.0,223.7
2887,1882,680.6812040354517,738.1264991514238,955.0,223.7
2888,1883,680.6812040354517,738.1264991514238,955.0,223.7
2889,1884,680.6812040354517,738.1264991514238,955.0,223.7
2890,1885,680.6812040354517,738.1264991514238,955.0,223.7
2891,1886,680.6812040354517,738.1264991514238,955.0,223.7
2892,1887,680.6812040354517,738.1264991514238,955.0,223.7
2893,1888,680.6812040354517,738.1264991514238,955.0,223.7
2894,1889,680.6812040354517,738.1264991514238,955.0,223.7
2895,1890,680.6812040354517,738.1264991514238,955.0,223.7
2896,1891,680.6812040354517,738.1264991514238,955.0,223.7
2897,1892,680.6812040354517,738.1264991514238,955.0,223.7
2898,1893,680.6812040354517,738.1264991514238,955.0,223.7
2899,1894,680.6812040354517,738.1264991514238,955.0,223.7
2900,1895,680.6812040354517,738.1264991514238,955.0,223.7
2901,1896,680.6812040354517,738.1264991514238,955.0,223.7
2902,1897,680.6812040354517,738.1264991514238,955.0,223.7
2903,1898,680.6812040354517,738.1264991514238,955.0,223.7
2904,1899,680.6812040354517,738.1264991514238,955.0,223.7
2905,1900,680.6812040354517,738.1264991514238,955.0,223.7
2906,1901,680.6812040354517,738.1264991514238,955.0,223.7
2907,1902,680.6812040354517,738.1264991514238,955.0,223.7
2908,1903,680.6812040354517,738.1264991514238,955.0,223.7
2909,1904,680.6812040354517,738.1264991514238,955.0,223.7
2910,1905,680.6812040354517,738.1264991514238,955.0,223.7
2911,1906,680.6812040354517,738.1264991514238,955.5555555555555,220.39999999999998
2912,1907,680.6812040354517,738.1264991514238,956.1111111111111,217.1
2913,1908,680.6812040354517,738.1264991514238,956.6666666666666,213.79999999999998
2914,1909,680.6812040354517,738.1264991514238,957.2222222222222,210.5
2915,1910,680.6812040354517,738.1264991514238,957.7777777777778,207.2
2916,1911,680.6812040354517,738.1264991514238,958.3333333333334,203.9
2917,1912,680.6812040354517,738.1264991514238,958.8888888888889,200.6
2918,1913,680.6812040354517,738.1264991514238,959.4444444444445,197.3
2919,1914,680.6812040354517,738.1264991514238,960.0,194.0
2920,1915,680.6812040354517,738.1264991514238,960.0,194.0
2921,1916,680.6812040354517,738.1264991514238,960.0,194.0
2922,1917,680.6812040354517,738.1264991514238,960.0,194.0
2923,1918,680.6812040354517,738.1264991514238,960.0,194.0
2924,1919,680.6812040354517,738.1264991514238,960.0,194.0
2925,1920,680.6812040354517,738.1264991514238,960.0,194.0
2926,1921,680.6812040354517,738.1264991514238,960.0,194.0
2927,1922,680.6812040354517,738.1264991514238,960.0,194.0
2928,1923,680.6812040354517,738.1264991514238,960.0,194.0
2929,1924,680.6812040354517,738.1264991514238,960.0,194.0
2930,1925,680.6812040354517,738.1264991514238,960.0,194.0
2931,1926,680.6812040354517,738.1264991514238,960.0,194.0
2932,1927,680.6812040354517,738.1264991514238,960.0,194.0
2933,1928,680.6812040354517,738.1264991514238,960.0,194.0
2934,1929,680.6812040354517,738.1264991514238,960.0,194.0
2935,1930,680.6812040354517,738.1264991514238,960.0,194.0
2936,1931,680.6812040354517,738.1264991514238,960.0,194.0
2937,1932,680.6812040354517,738.1264991514238,960.0,194.0
2938,1933,680.6812040354517,738.1264991514238,960.0,194.0
2939,1934,680.6812040354517,738.1264991514238,960.0,194.0
2940,1935,680.6812040354517,738.1264991514238,960.0,194.0
2941,1936,680.6812040354517,738.1264991514238,960.0,194.0
2942,1937,680.6812040354517,738.1264991514238,960.0,194.0
2943,1938,680.6812040354517,738.1264991514238,960.0,194.0
2944,1939,680.6812040354517,738.1264991514238,960.0,194.0
2945,1940,680.6812040354517,738.1264991514238,960.0,194.0
2946,1941,680.6812040354517,738.1264991514238,960.0,194.0
2947,1942,680.6812040354517,738.1264991514238,960.0,194.0
2948,1943,680.6812040354517,738.1264991514238,960.0,194.0
2949,1944,680.6812040354517,738.1264991514238,960.0,194.0
2950,1945,680.6812040354517,738.1264991514238,960.0,194.0
2951,1946,680.6812040354517,738.1264991514238,960.0,194.0
2952,1947,680.6812040354517,738.1264991514238,960.0,194.0
2953,1948,680.6812040354517,738.1264991514238,960.0,194.0
2954,1949,680.6812040354517,738.1264991514238,960.0,194.0
2955,1950,680.6812040354517,738.1264991514238,960.0,194.0
2956,1951,680.6812040354517,738.1264991514238,960.0,194.0
2957,1952,680.6812040354517,738.1264991514238,960.0,194.0
2958,1953,680.6812040354517,738.1264991514238,960.0,194.0
2959,1954,680.6812040354517,738.1264991514238,960.0,194.0
2960,1955,680.6812040354517,738.1264991514238,960.0,194.0
2961,1956,680.6812040354517,738.1264991514238,960.0,194.0
2962,1957,680.6812040354517,738.1264991514238,960.0,194.0
2963,1958,680.6812040354517,738.1264991514238,960.0,194.0
2964,1959,680.6812040354517,738.1264991514238,960.0,194.0
2965,1960,680.6812040354517,738.1264991514238,960.0,194.0
2965,1961,680.6812040354517,738.1264991514238,960.0,194.0
2965,1962,680.6812040354517,738.1264991514238,960.0,194.0
2965,1963,680.6812040354517,738.1264991514238,960.0,194.0
2965,1964,680.6812040354517,738.1264991514238,960.0,194.0
2965,1965,680.6812040354517,738.1264991514238,960.0,194.0
2965,1966,680.6812040354517,738.1264991514238,960.0,194.0
2965,1967,680.6812040354517,738.1264991514238,960.0,194.0
2965,1968,680.6812040354517,738.1264991514238,960.0,194.0
2965,1969,680.6812040354517,738.1264991514238,960.0,194.0
2965,1970,680.6812040354517,738.1264991514238,960.0,194.0
2965,1971,680.6812040354517,738.1264991514238,960.0,194.0
2965,1972,680.6812040354517,738.1264991514238,960.0,194.0
2965,1973,845.6812040354517,582.1264991514238,960.0,194.0
2965,1974,845.6812040354517,582.1264991514238,960.0,194.0
2965,1975,845.6812040354517,582.1264991514238,960.0,194.0
2965,1976,845.6812040354517,582.1264991514238,960.0,194.0
2965,1977,845.6812040354517,582.1264991514238,960.0,194.0
2965,1978,845.6812040354517,582.1264991514238,960.0,194.0
2965,1979,845.6812040354517,582.1264991514238,960.0,194.0
2965,1980,845.6812040354517,582.1264991514238,960.0,194.0
2965,1981,845.6812040354517,582.1264991514238,960.0,194.0
2965,1982,845.6812040354517,582.1264991514238,960.0,194.0
2965,1983,845.6812040354517,582.1264991514238,960.0,194.0
2965,1984,845.6812040354517,582.1264991514238,960.0,194.0
2965,1985,845.6812040354517,582.1264991514238,960.0,194.0
2965,1986,845.6812040354517,582.1264991514238,960.0,194.0
2965,1987,845.6812040354517,582.1264991514238,960.0,194.0
2965,1988,845.6812040354517,582.1264991514238,960.0,194.0
2965,1989,845.6812040354517,582.1264991514238,960.0,194.0
2965,1990,845.6812040354517,582.1264991514238,960.0,194.0
2965,1991,845.6812040354517,582.1264991514238,960.0,194.0
2965,1992,845.6812040354517,582.1264991514238,960.0,194.0
2965,1993,845.6812040354517,582.1264991514238,960.0,194.0
2965,1994,845.6812040354517,582.1264991514238,960.0,194.0
2965,1995,845.6812040354517,582.1264991514238,960.0,194.0
2965,1996,845.6812040354517,582.1264991514238,960.0,194.0
2965,1997,845.6812040354517,582.1264991514238,960.0,194.0
2965,1998,845.6812040354517,582.1264991514238,960.0,194.0
2965,1999,845.6812040354517,582.1264991514238,960.0,194.0
2965,2000,845.6812040354517,582.1264991514238,960.0,194.0
2965,2001,845.6812040354517,582.1264991514238,960.0,194.0
2965,2002,845.6812040354517,582.1264991514238,960.0,194.0
2965,2003,845.6812040354517,582.1264991514238,960.0,194.0
2965,2004,845.6812040354517,582.1264991514238,960.0,194.0
2965,2005,845.6812040354517,582.1264991514238,960.0,194.0
2965,2006,1010.6812040354517,426.12649915142373,960.0,194.0
2965,2007,1010.6812040354517,426.12649915142373,960.0,194.0
2965,2008,1010.6812040354517,426.12649915142373,960.0,194.0
2965,2009,1010.6812040354517,426.12649915142373,960.0,194.0
2965,2010,1010.6812040354517,426.12649915142373,960.0,194.0
2965,2011,1010.6812040354517,426.12649915142373,960.0,194.0
2965,2012,1010.6812040354517,426.12649915142373,960.0,194.0
2965,2013,1010.6812040354517,426.12649915142373,960.0,194.0
2965,2014,1010.6812040354517,426.12649915142373,960.0,194.0
2965,2015,1010.6812040354517,426.12649915142373,959.93125,206.934375
2965,2016,1010.6812040354517,426.12649915142373,959.8625,219.86875
2965,2017,1010.6812040354517,426.12649915142373,959.79375,232.803125
2965,2018,1010.6812040354517,426.12649915142373,959.725,245.7375
2965,2019,1010.6812040354517,426.12649915142373,959.65625,258.671875
2965,2020,1010.6812040354517,426.12649915142373,959.5875,271.60625
2965,2021,1010.6812040354517,426.12649915142373,959.51875,284.540625
2965,2022,1010.6812040354517,426.12649915142373,959.45,297.475
2965,2023,1010.6812040354517,426.12649915142373,959.38125,310.409375
2965,2024,1010.6812040354517,426.12649915142373,959.3125,323.34375
2965,2025,1010.6812040354517,426.12649915142373,959.24375,336.278125
2965,2026,1010.6812040354517,426.12649915142373,959.175,349.2125
2965,2027,1010.6812040354517,426.12649915142373,959.1062499999999,362.146875
2965,2028,1010.6812040354517,426.12649915142373,959.0375,375.08124999999995
2965,2029,1010.6812040354517,426.12649915142373,958.96875,388.015625
2965,2030,1010.6812040354517,426.12649915142373,958.9,400.95
2965,2031,1010.6812040354517,426.12649915142373,958.83125,413.884375
2965,2032,1010.6812040354517,426.12649915142373,958.7624999999999,426.81875
2965,2033,1010.6812040354517,426.12649915142373,958.69375,439.75312499999995
2965,2034,1010.6812040354517,426.12649915142373,958.625,452.6875
2965,2035,1010.6812040354517,426.12649915142373,958.55625,465.621875
2965,2036,1010.6812040354517,426.12649915142373,958.4875,478.55625
2965,2037,1010.6812040354517,426.12649915142373,958.4187499999999,491.49062499999997
2965,2038,1010.6812040354517,426.12649915142373,958.3499999999999,504.42499999999995
2965,2039,1010.6812040354517,426.12649915142373,958.28125,517.359375
2965,2040,1175.6812040354516,271.12649915142373,958.2125,530.29375
2965,2041,1175.6812040354516,271.12649915142373,958.14375,543.228125
2965,2042,1175.6812040354516,271.12649915142373,958.0749999999999,556.1624999999999
2965,2043,1175.6812040354516,271.12649915142373,958.0062499999999,569.096875
2965,2044,1175.6812040354516,271.12649915142373,957.9375,582.03125
2965,2045,1175.6812040354516,271.12649915142373,957.86875,594.965625
2965,2046,1175.6812040354516,271.12649915142373,957.8,607.9
2965,2047,1175.6812040354516,271.12649915142373,957.8,607.9
2965,2048,1175.6812040354516,271.12649915142373,957.8,607.9
2965,2049,1175.6812040354516,271.12649915142373,957.8,607.9
2965,2050,1175.6812040354516,271.12649915142373,957.8,607.9
2965,2051,1175.6812040354516,271.12649915142373,957.8,607.9
2965,2052,1175.6812040354516,271.12649915142373,957.8,607.9
2965,2053,1175.6812040354516,271.12649915142373,957.8,607.9
2965,2054,1175.6812040354516,271.12649915142373,957.8,607.9
2965,2055,1175.6812040354516,271.12649915142373,957.8,607.9
2965,2056,1175.6812040354516,271.12649915142373,957.8,607.9
2965,2057,1175.6812040354516,271.12649915142373,957.8,607.9
2965,2058,1175.6812040354516,271.12649915142373,957.8,607.9
2965,2059,1175.6812040354516,271.12649915142373,957.8,607.9
2965,2060,1175.6812040354516,271.12649915142373,957.8,607.9
2965,2061,1175.6812040354516,271.12649915142373,957.8,607.9
2965,2062,1175.6812040354516,271.12649915142373,957.8,607.9
2965,2063,1175.6812040354516,271.12649915142373,957.8,607.9
2965,2064,1175.6812040354516,271.12649915142373,957.8,607.9
2965,2065,1175.6812040354516,271.12649915142373,957.8,607.9
2965,2066,1175.6812040354516,271.12649915142373,957.8,607.9
2965,2067,1175.6812040354516,271.12649915142373,957.8,607.9
2965,2068,1175.6812040354516,271.12649915142373,957.8,607.9
2965,2069,1175.6812040354516,271.12649915142373,957.8,607.9
2965,2070,1175.6812040354516,271.12649915142373,957.8,607.9
2965,2071,1175.6812040354516,271.12649915142373,957.8,607.9
2965,2072,1175.6812040354516,271.12649915142373,957.8,607.9
2965,2073,1175.6812040354516,271.12649915142373,957.8,607.9
2965,2074,1175.6812040354516,271.12649915142373,957.8,607.9
2965,2075,1175.6812040354516,271.12649915142373,957.8,607.9
2965,2076,1175.6812040354516,271.12649915142373,957.8,607.9
2965,2077,1175.6812040354516,271.12649915142373,957.8,607.9
2965,2078,1175.6812040354516,271.12649915142373,957.8,607.9
2965,2079,1175.6812040354516,271.12649915142373,957.8,607.9
2965,2080,1175.6812040354516,271.12649915142373,957.8,607.9
2965,2081,1175.6812040354516,271.12649915142373,957.8,607.9
2965,2082,1175.6812040354516,271.12649915142373,957.8,607.9
2965,2083,1175.6812040354516,271.12649915142373,957.8,607.9
2965,2084,1175.6812040354516,271.12649915142373,957.8,607.9
2965,2085,1175.6812040354516,271.12649915142373,957.8,607.9
2965,2086,1175.6812040354516,271.12649915142373,957.8,607.9
2965,2087,1175.6812040354516,271.12649915142373,957.8,607.9
2965,2088,1175.6812040354516,271.12649915142373,957.8,607.9
2965,2089,1175.6812040354516,271.12649915142373,957.8,607.9
2965,2090,1175.6812040354516,271.12649915142373,957.8,607.9
2965,2091,1175.6812040354516,271.12649915142373,957.8,607.9
2965,2092,1175.6812040354516,271.12649915142373,957.8,607.9
2965,2093,1175.6812040354516,271.12649915142373,957.8,607.9
2965,2094,1175.6812040354516,271.12649915142373,957.8,607.9
2965,2095,1175.6812040354516,271.12649915142373,957.8,607.9
2965,2096,1175.6812040354516,271.12649915142373,957.8,607.9
2965,2097,1175.6812040354516,271.12649915142373,957.8,607.9
2965,2098,1175.6812040354516,271.12649915142373,957.8,607.9
2965,2099,1175.6812040354516,271.12649915142373,957.8,607.9
2965,2100,1175.6812040354516,271.12649915142373,957.8,607.9
2965,2101,1175.6812040354516,271.12649915142373,957.8,607.9
2965,2102,1175.6812040354516,271.12649915142373,957.8,607.9
2965,2103,1175.6812040354516,271.12649915142373,957.8,607.9
2965,2104,1175.6812040354516,271.12649915142373,957.8,607.9
2965,2105,1175.6812040354516,271.12649915142373,957.8,607.9
2965,2106,1092.6812040354516,260.12649915142373,957.8,607.9
2965,2107,1092.6812040354516,260.12649915142373,957.8,607.9
2965,2108,1092.6812040354516,260.12649915142373,957.8,607.9
2965,2109,1092.6812040354516,260.12649915142373,957.8,607.9
2965,2110,1092.6812040354516,260.12649915142373,957.8,607.9
2965,2111,1092.6812040354516,260.12649915142373,957.8,607.9
2965,2112,1092.6812040354516,260.12649915142373,957.8,607.9
2965,2113,1092.6812040354516,260.12649915142373,957.8,607.9
2965,2114,1092.6812040354516,260.12649915142373,957.8,607.9
2965,2115,1092.6812040354516,260.12649915142373,957.8,607.9
2965,2116,1092.6812040354516,260.12649915142373,957.8,607.9
2965,2117,1092.6812040354516,260.12649915142373,957.8,607.9
2965,2118,1092.6812040354516,260.12649915142373,957.8,607.9
2965,2119,1092.6812040354516,260.12649915142373,957.8,607.9
2965,2120,1092.6812040354516,260.12649915142373,957.8,607.9
2965,2121,1092.6812040354516,260.12649915142373,957.8,607.9
2965,2122,1092.6812040354516,260.12649915142373,957.8,607.9
2965,2123,1092.6812040354516,260.12649915142373,957.8,607.9
2965,2124,1092.6812040354516,260.12649915142373,957.8,607.9
2965,2125,1092.6812040354516,260.12649915142373,957.8,607.9
2965,2126,1092.6812040354516,260.12649915142373,957.8,607.9
2965,2127,1092.6812040354516,260.12649915142373,957.8,607.9
2965,2128,1092.6812040354516,260.12649915142373,957.8,607.9
2965,2129,1092.6812040354516,260.12649915142373,957.8,607.9
2965,2130,1092.6812040354516,260.12649915142373,957.8,607.9
2965,2131,1092.6812040354516,260.12649915142373,957.8,607.9
2965,2132,1092.6812040354516,260.12649915142373,957.8,607.9
2965,2133,1092.6812040354516,260.12649915142373,957.8,607.9
2965,2134,1092.6812040354516,260.12649915142373,957.8,607.9
2965,2135,1092.6812040354516,260.12649915142373,957.8,607.9
2965,2136,1092.6812040354516,260.12649915142373,957.8,607.9
2965,2137,1092.6812040354516,260.12649915142373,957.8,607.9
2965,2138,1092.6812040354516,260.12649915142373,957.8,607.9
2965,2139,1092.6812040354516,260.12649915142373,957.8,607.9
2965,2140,1009.6812040354517,248.12649915142373,957.8,607.9
2965,2141,1009.6812040354517,248.12649915142373,957.8,607.9
2965,2142,1009.6812040354517,248.12649915142373,957.8,607.9
2965,2143,1009.6812040354517,248.12649915142373,957.8,607.9
2965,2144,1009.6812040354517,248.12649915142373,957.8,607.9
2965,2145,1009.6812040354517,248.12649915142373,957.8,607.9
2965,2146,1009.6812040354517,248.12649915142373,957.8,607.9
2965,2147,1009.6812040354517,248.12649915142373,957.8,607.9
2965,2148,1009.6812040354517,248.12649915142373,957.8,607.9
2965,2149,1009.6812040354517,248.12649915142373,957.8,607.9
2965,2150,1009.6812040354517,248.12649915142373,957.8,607.9
2965,2151,1009.6812040354517,248.12649915142373,957.8,607.9
2965,2152,1009.6812040354517,248.12649915142373,957.8,607.9
2965,2153,1009.6812040354517,248.12649915142373,957.8,607.9
2966,2154,1009.6812040354517,248.12649915142373,957.8,607.9
2967,2155,1009.6812040354517,248.12649915142373,957.8,607.9
2968,2156,1009.6812040354517,248.12649915142373,957.8,607.9
2969,2157,1009.6812040354517,248.12649915142373,957.8,607.9
2970,2158,1009.6812040354517,248.12649915142373,957.8,607.9
2971,2159,1009.6812040354517,248.12649915142373,957.8,607.9
2972,2160,1009.6812040354517,248.12649915142373,957.8,607.9
2973,2161,1009.6812040354517,248.12649915142373,957.8,607.9
2974,2162,1009.6812040354517,248.12649915142373,957.8,607.9
2975,2163,1009.6812040354517,248.12649915142373,957.8,607.9
2976,2164,1009.6812040354517,248.12649915142373,957.8,607.9
2977,2165,1009.6812040354517,248.12649915142373,957.8,607.9
2978,2166,1009.6812040354517,248.12649915142373,957.8,607.9
2979,2167,1009.6812040354517,248.12649915142373,957.8,607.9
2980,2168,1009.6812040354517,248.12649915142373,957.8,607.9
2981,2169,1009.6812040354517,248.12649915142373,957.8,607.9
2982,2170,1009.6812040354517,248.12649915142373,957.8,607.9
2983,2171,1009.6812040354517,248.12649915142373,957.8,607.9
2984,2172,1009.6812040354517,248.12649915142373,957.8,607.9
2985,2173,1009.6812040354517,248.12649915142373,957.8,607.9
2986,2174,1009.6812040354517,248.12649915142373,957.8,607.9
2987,2175,1009.6812040354517,248.12649915142373,957.8,607.9
2988,2176,1009.6812040354517,248.12649915142373,957.8,607.9
2989,2177,1009.6812040354517,248.12649915142373,957.8,607.9
2990,2178,1009.6812040354517,248.12649915142373,957.8,607.9
2991,2179,1009.6812040354517,248.12649915142373,957.8,607.9
2992,2180,1009.6812040354517,248.12649915142373,957.8,607.9
2993,2181,1009.6812040354517,248.12649915142373,957.8,607.9
2994,2182,1009.6812040354517,248.12649915142373,957.8,607.9
2995,2183,1009.6812040354517,248.12649915142373,957.8,607.9
2996,2184,1009.6812040354517,248.12649915142373,957.8,607.9
2997,2185,1009.6812040354517,248.12649915142373,957.8,607.9
2998,2186,1009.6812040354517,248.12649915142373,957.8,607.9
2999,2187,1009.6812040354517,248.12649915142373,957.8,607.9
3000,2188,1009.6812040354517,248.12649915142373,957.8,607.9
3001,2189,1009.6812040354517,248.12649915142373,957.8,607.9
3002,2190,1009.6812040354517,248.12649915142373,957.8,607.9
3003,2191,1009.6812040354517,248.12649915142373,957.8,607.9
3004,2192,1009.6812040354517,248.12649915142373,957.8,607.9
3005,2193,1009.6812040354517,248.12649915142373,957.8,607.9
3006,2194,1009.6812040354517,248.12649915142373,957.8,607.9
3007,2195,1009.6812040354517,248.12649915142373,957.8,607.9
3008,2196,1009.6812040354517,248.12649915142373,957.8,607.9
3009,2197,1009.6812040354517,248.12649915142373,957.8,607.9
3010,2198,1009.6812040354517,248.12649915142373,957.8,607.9
3011,2199,1009.6812040354517,248.12649915142373,957.8,607.9
3012,2200,1009.6812040354517,248.12649915142373,957.8,607.9
3013,2201,1009.6812040354517,248.12649915142373,957.8,607.9
3014,2202,1009.6812040354517,248.12649915142373,957.8,607.9
3015,2203,1009.6812040354517,248.12649915142373,957.8,607.9
3016,2204,1009.6812040354517,248.12649915142373,957.8,607.9
3017,2205,1009.6812040354517,248.12649915142373,957.8,607.9
3018,2206,1009.6812040354517,248.12649915142373,957.8,607.9
3019,2207,1009.6812040354517,248.12649915142373,957.8,607.9
3020,2208,1009.6812040354517,248.12649915142373,957.8,607.9
3021,2209,1009.6812040354517,248.12649915142373,957.8,607.9
3022,2210,1009.6812040354517,248.12649915142373,957.8,607.9
3023,2211,1009.6812040354517,248.12649915142373,957.8,607.9
3024,2212,1009.6812040354517,248.12649915142373,957.8,607.9
3025,2213,1009.6812040354517,248.12649915142373,957.8,607.9
3026,2214,1009.6812040354517,248.12649915142373,957.8,607.9
3027,2215,1009.6812040354517,248.12649915142373,957.8,607.9
3028,2216,1009.6812040354517,248.12649915142373,957.8,607.9
3029,2217,1009.6812040354517,248.12649915142373,957.8,607.9
3030,2218,1009.6812040354517,248.12649915142373,957.8,607.9
3031,2219,1009.6812040354517,248.12649915142373,957.8,607.9
3032,2220,1009.6812040354517,248.12649915142373,957.8,607.9
3033,2221,1009.6812040354517,248.12649915142373,957.8,607.9
3034,2222,1009.6812040354517,248.12649915142373,957.8,607.9
3035,2223,1009.6812040354517,248.12649915142373,957.8,607.9
3036,2224,1009.6812040354517,248.12649915142373,957.8,607.9
3037,2225,1009.6812040354517,248.12649915142373,957.8,607.9
3038,2226,1009.6812040354517,248.12649915142373,957.8,607.9
3039,2227,1009.6812040354517,248.12649915142373,957.8,607.9
3040,2228,1009.6812040354517,248.12649915142373,957.8,607.9
3041,2229,1009.6812040354517,248.12649915142373,957.8,607.9
3042,2230,1009.6812040354517,248.12649915142373,957.8,607.9
3043,2231,1009.6812040354517,248.12649915142373,957.8,607.9
3044,2232,1009.6812040354517,248.12649915142373,957.8,607.9
3045,2233,1009.6812040354517,248.12649915142373,957.8,607.9
3046,2234,1009.6812040354517,248.12649915142373,957.8,607.9
3047,2235,1009.6812040354517,248.12649915142373,957.8,607.9
3048,2236,1009.6812040354517,248.12649915142373,957.8,607.9
3049,2237,1009.6812040354517,248.12649915142373,957.8,607.9
3050,2238,1009.6812040354517,248.12649915142373,957.8,607.9
3051,2239,1009.6812040354517,248.12649915142373,957.8,607.9
3052,2240,1009.6812040354517,248.12649915142373,957.8,607.9
3053,2241,1009.6812040354517,248.12649915142373,957.8,607.9
3054,2242,1009.6812040354517,248.12649915142373,957.8,607.9
3055,2243,1009.6812040354517,248.12649915142373,957.8,607.9
3056,2244,1009.6812040354517,248.12649915142373,957.8,607.9
3057,2245,1009.6812040354517,248.12649915142373,957.8,607.9
3058,2246,1009.6812040354517,248.12649915142373,957.8,607.9
3059,2247,1009.6812040354517,248.12649915142373,957.8,607.9
3060,2248,1009.6812040354517,248.12649915142373,957.8,607.9
3061,2249,1009.6812040354517,248.12649915142373,957.8,607.9
3062,2250,1009.6812040354517,248.12649915142373,957.8,607.9
3063,2251,1009.6812040354517,248.12649915142373,957.8,607.9
3064,2252,1009.6812040354517,248.12649915142373,957.8,607.9
3065,2253,1009.6812040354517,248.12649915142373,957.8,607.9
3066,2254,1009.6812040354517,248.12649915142373,957.8,607.9
3067,2255,1009.6812040354517,248.12649915142373,957.8,607.9
3068,2256,1009.6812040354517,248.12649915142373,957.8,607.9
3069,2257,1009.6812040354517,248.12649915142373,957.8,607.9
3070,2258,1009.6812040354517,248.12649915142373,957.8,607.9
3071,2259,1009.6812040354517,248.12649915142373,957.8,607.9
3072,2260,1009.6812040354517,248.12649915142373,957.8,607.9
3073,2261,1009.6812040354517,248.12649915142373,957.8,607.9
3074,2262,1009.6812040354517,248.12649915142373,957.8,607.9
3075,2263,1009.6812040354517,248.12649915142373,957.8,607.9
3076,2264,1009.6812040354517,248.12649915142373,957.8,607.9
3077,2265,1009.6812040354517,248.12649915142373,957.8,607.9
3078,2266,1009.6812040354517,248.12649915142373,957.8,607.9
3079,2267,1009.6812040354517,248.12649915142373,957.8,607.9
3080,2268,1009.6812040354517,248.12649915142373,957.8,607.9
3081,2269,1009.6812040354517,248.12649915142373,957.8,607.9
3082,2270,1009.6812040354517,248.12649915142373,957.8,607.9
3083,2271,1009.6812040354517,248.12649915142373,957.8,607.9
3084,2272,1009.6812040354517,248.12649915142373,957.8,607.9
3085,2273,1009.6812040354517,248.12649915142373,957.8,607.9
3086,2274,1009.6812040354517,248.12649915142373,957.8,607.9
3087,2275,1009.6812040354517,248.12649915142373,957.8,607.9
3088,2276,1009.6812040354517,248.12649915142373,957.8,607.9
3089,2277,1009.6812040354517,248.12649915142373,957.8,607.9
3090,2278,1009.6812040354517,248.12649915142373,957.8,607.9
3091,2279,1009.6812040354517,248.12649915142373,957.8,607.9
3092,2280,1009.6812040354517,248.12649915142373,957.8,607.9
3093,2281,1009.6812040354517,248.12649915142373,957.8,607.9
3094,2282,1009.6812040354517,248.12649915142373,957.8,607.9
3095,2283,1009.6812040354517,248.12649915142373,957.8,607.9
3096,2284,1009.6812040354517,248.12649915142373,957.8,607.9
3097,2285,1009.6812040354517,248.12649915142373,957.8,607.9
3098,2286,1009.6812040354517,248.12649915142373,957.8,607.9
3099,2287,1009.6812040354517,248.12649915142373,957.8,607.9
3099,2288,1009.6812040354517,248.12649915142373,957.8,607.9
3099,2289,1009.6812040354517,248.12649915142373,957.8,607.9
3099,2290,1009.6812040354517,248.12649915142373,957.8,607.9
3099,2291,1009.6812040354517,248.12649915142373,957.8,607.9
3099,2292,1009.6812040354517,248.12649915142373,957.8,607.9
3099,2293,1009.6812040354517,248.12649915142373,957.8,607.9
3099,2294,1009.6812040354517,248.12649915142373,957.8,607.9
3099,2295,1009.6812040354517,248.12649915142373,957.8,607.9
3099,2296,1009.6812040354517,248.12649915142373,957.8,607.9
3099,2297,1009.6812040354517,248.12649915142373,957.8,607.9
3099,2298,1009.6812040354517,248.12649915142373,957.8,607.9
3099,2299,1009.6812040354517,248.12649915142373,957.8,607.9
3099,2300,1009.6812040354517,248.12649915142373,957.8,607.9
3099,2301,1009.6812040354517,248.12649915142373,957.8,607.9
3099,2302,1009.6812040354517,248.12649915142373,957.8,607.9
3099,2303,1009.6812040354517,248.12649915142373,957.8,607.9
3099,2304,1009.6812040354517,248.12649915142373,957.8,607.9
3099,2305,1009.6812040354517,248.12649915142373,957.8,607.9
3099,2306,1009.6812040354517,248.12649915142373,957.8,607.9
3099,2307,925.6812040354517,467.12649915142373,957.8,607.9
3099,2308,925.6812040354517,467.12649915142373,957.8,607.9
3099,2309,925.6812040354517,467.12649915142373,957.8,607.9
3099,2310,925.6812040354517,467.12649915142373,957.8,607.9
3099,2311,925.6812040354517,467.12649915142373,957.8,607.9
3099,2312,925.6812040354517,467.12649915142373,957.8,607.9
3099,2313,925.6812040354517,467.12649915142373,957.8,607.9
3099,2314,925.6812040354517,467.12649915142373,957.8,607.9
3099,2315,925.6812040354517,467.12649915142373,957.8,607.9
3099,2316,925.6812040354517,467.12649915142373,957.8,607.9
3099,2317,925.6812040354517,467.12649915142373,957.8,607.9
3099,2318,925.6812040354517,467.12649915142373,957.8,607.9
3099,2319,925.6812040354517,467.12649915142373,957.8,607.9
3099,2320,925.6812040354517,467.12649915142373,957.8,607.9
3099,2321,925.6812040354517,467.12649915142373,957.8,607.9
3099,2322,925.6812040354517,467.12649915142373,957.8,607.9
3099,2323,925.6812040354517,467.12649915142373,957.8,607.9
3099,2324,925.6812040354517,467.12649915142373,957.8,607.9
3099,2325,925.6812040354517,467.12649915142373,957.8,607.9
3099,2326,925.6812040354517,467.12649915142373,957.8,607.9
3099,2327,925.6812040354517,467.12649915142373,957.8,607.9
3099,2328,925.6812040354517,467.12649915142373,957.8,607.9
3099,2329,925.6812040354517,467.12649915142373,957.8,607.9
3099,2330,925.6812040354517,467.12649915142373,957.8,607.9
3099,2331,925.6812040354517,467.12649915142373,957.8,607.9
3099,2332,925.6812040354517,467.12649915142373,957.8,607.9
3099,2333,925.6812040354517,467.12649915142373,957.8,607.9
3099,2334,925.6812040354517,467.12649915142373,957.8,607.9
3099,2335,925.6812040354517,467.12649915142373,957.8,607.9
3099,2336,925.6812040354517,467.12649915142373,957.8,607.9
3099,2337,925.6812040354517,467.12649915142373,957.8,607.9
3099,2338,925.6812040354517,467.12649915142373,957.8,607.9
3099,2339,925.6812040354517,467.12649915142373,957.8,607.9
3099,2340,841.6812040354517,687.1264991514238,957.8,607.9
3099,2341,841.6812040354517,687.1264991514238,957.8,607.9
3099,2342,841.6812040354517,687.1264991514238,957.8,607.9
3099,2343,841.6812040354517,687.1264991514238,957.8,607.9
3099,2344,841.6812040354517,687.1264991514238,957.8,607.9
3099,2345,841.6812040354517,687.1264991514238,957.8,607.9
3099,2346,841.6812040354517,687.1264991514238,957.8,607.9
3099,2347,841.6812040354517,687.1264991514238,957.8,607.9
3099,2348,841.6812040354517,687.1264991514238,957.8,607.9
3099,2349,841.6812040354517,687.1264991514238,957.8,607.9
3099,2350,841.6812040354517,687.1264991514238,957.8,607.9
3099,2351,841.6812040354517,687.1264991514238,957.8,607.9
3099,2352,841.6812040354517,687.1264991514238,957.8,607.9
3099,2353,841.6812040354517,687.1264991514238,957.8,607.9
3099,2354,841.6812040354517,687.1264991514238,957.8,607.9
3099,2355,841.6812040354517,687.1264991514238,957.8,607.9
3099,2356,841.6812040354517,687.1264991514238,957.8,607.9
3099,2357,841.6812040354517,687.1264991514238,957.8,607.9
3099,2358,841.6812040354517,687.1264991514238,957.8,607.9
3099,2359,841.6812040354517,687.1264991514238,957.8,607.9
3099,2360,841.6812040354517,687.1264991514238,957.8,607.9
3099,2361,841.6812040354517,687.1264991514238,957.8,607.9
3099,2362,841.6812040354517,687.1264991514238,957.8,607.9
3099,2363,841.6812040354517,687.1264991514238,957.8,607.9
3099,2364,841.6812040354517,687.1264991514238,957.8,607.9
3099,2365,841.6812040354517,687.1264991514238,957.8,607.9
3099,2366,841.6812040354517,687.1264991514238,957.8,607.9
3099,2367,841.6812040354517,687.1264991514238,957.8,607.9
3099,2368,841.6812040354517,687.1264991514238,957.8,607.9
3099,2369,841.6812040354517,687.1264991514238,957.8,607.9
3099,2370,841.6812040354517,687.1264991514238,957.8,607.9
3099,2371,841.6812040354517,687.1264991514238,957.8,607.9
3099,2372,841.6812040354517,687.1264991514238,957.8,607.9
3099,2373,841.6812040354517,687.1264991514238,957.8,607.9
3099,2374,841.6812040354517,687.1264991514238,957.8,607.9
3099,2375,841.6812040354517,687.1264991514238,957.8,607.9
3099,2376,841.6812040354517,687.1264991514238,957.8,607.9
3099,2377,841.6812040354517,687.1264991514238,957.8,607.9
3099,2378,841.6812040354517,687.1264991514238,957.8,607.9
3099,2379,841.6812040354517,687.1264991514238,957.8,607.9
3099,2380,841.6812040354517,687.1264991514238,957.8,607.9
3099,2381,841.6812040354517,687.1264991514238,957.8,607.9
3099,2382,841.6812040354517,687.1264991514238,957.8,607.9
3099,2383,841.6812040354517,687.1264991514238,957.8,607.9
3099,2384,841.6812040354517,687.1264991514238,957.8,607.9
3099,2385,841.6812040354517,687.1264991514238,957.8,607.9
3099,2386,841.6812040354517,687.1264991514238,957.8,607.9
3099,2387,841.6812040354517,687.1264991514238,957.8,607.9
3099,2388,841.6812040354517,687.1264991514238,957.8,607.9
3099,2389,841.6812040354517,687.1264991514238,957.8,607.9
3099,2390,841.6812040354517,687.1264991514238,957.8,607.9
3099,2391,841.6812040354517,687.1264991514238,957.8,607.9
3099,2392,841.6812040354517,687.1264991514238,957.8,607.9
3099,2393,841.6812040354517,687.1264991514238,957.8,607.9
3099,2394,841.6812040354517,687.1264991514238,957.8,607.9
3099,2395,841.6812040354517,687.1264991514238,957.8,607.9
3099,2396,841.6812040354517,687.1264991514238,957.8,607.9
3099,2397,841.6812040354517,687.1264991514238,957.8,607.9
3099,2398,841.6812040354517,687.1264991514238,957.8,607.9
3099,2399,841.6812040354517,687.1264991514238,957.8,607.9
3099,2400,841.6812040354517,687.1264991514238,957.8,607.9
3099,2401,841.6812040354517,687.1264991514238,957.8,607.9
3099,2402,841.6812040354517,687.1264991514238,957.8,607.9
3099,2403,841.6812040354517,687.1264991514238,957.8,607.9
3099,2404,841.6812040354517,687.1264991514238,957.8,607.9
3099,2405,841.6812040354517,687.1264991514238,957.8,607.9
3099,2406,841.6812040354517,687.1264991514238,957.8,607.9
3099,2407,841.6812040354517,687.1264991514238,957.8,607.9
3099,2408,841.6812040354517,687.1264991514238,957.8,607.9
3099,2409,841.6812040354517,687.1264991514238,957.8,607.9
3099,2410,841.6812040354517,687.1264991514238,957.8,607.9
3099,2411,841.6812040354517,687.1264991514238,957.8,607.9
3099,2412,841.6812040354517,687.1264991514238,957.8,607.9
3099,2413,841.6812040354517,687.1264991514238,957.8,607.9
3099,2414,841.6812040354517,687.1264991514238,957.8,607.9
3099,2415,841.6812040354517,687.1264991514238,957.8,607.9
3099,2416,841.6812040354517,687.1264991514238,957.8,607.9
3099,2417,841.6812040354517,687.1264991514238,957.8,607.9
3099,2418,841.6812040354517,687.1264991514238,957.8,607.9
3099,2419,841.6812040354517,687.1264991514238,957.8,607.9
3099,2420,841.6812040354517,687.1264991514238,957.8,607.9
3099,2421,841.6812040354517,687.1264991514238,957.8,607.9
3099,2422,841.6812040354517,687.1264991514238,957.8,607.9
3099,2423,841.6812040354517,687.1264991514238,957.8,607.9
3099,2424,841.6812040354517,687.1264991514238,957.8,607.9
3099,2425,841.6812040354517,687.1264991514238,957.8,607.9
3099,2426,841.6812040354517,687.1264991514238,957.8,607.9
3099,2427,841.6812040354517,687.1264991514238,957.8,607.9
3099,2428,841.6812040354517,687.1264991514238,957.8,607.9
3099,2429,841.6812040354517,687.1264991514238,957.8,607.9
3099,2430,841.6812040354517,687.1264991514238,957.8,607.9
3099,2431,841.6812040354517,687.1264991514238,957.8,607.9
3099,2432,841.6812040354517,687.1264991514238,957.8,607.9
3099,2433,841.6812040354517,687.1264991514238,957.8,607.9
3099,2434,841.6812040354517,687.1264991514238,957.8,607.9
3099,2435,841.6812040354517,687.1264991514238,957.8,607.9
3099,2436,841.6812040354517,687.1264991514238,957.8,607.9
3099,2437,841.6812040354517,687.1264991514238,957.8,607.9
3099,2438,841.6812040354517,687.1264991514238,957.8,607.9
3099,2439,841.6812040354517,687.1264991514238,957.8,607.9
3099,2440,884.6812040354517,713.1264991514238,957.8,607.9
3099,2441,884.6812040354517,713.1264991514238,957.8,607.9
3099,2442,884.6812040354517,713.1264991514238,957.8,607.9
3099,2443,884.6812040354517,713.1264991514238,957.8,607.9
3099,2444,884.6812040354517,713.1264991514238,957.8,607.9
3099,2445,884.6812040354517,713.1264991514238,957.8,607.9
3099,2446,884.6812040354517,713.1264991514238,957.8,607.9
3099,2447,884.6812040354517,713.1264991514238,957.8,607.9
3099,2448,884.6812040354517,713.1264991514238,957.8,607.9
3099,2449,884.6812040354517,713.1264991514238,957.8,607.9
3099,2450,884.6812040354517,713.1264991514238,957.8,607.9
3099,2451,884.6812040354517,713.1264991514238,957.8,607.9
3100,2452,884.6812040354517,713.1264991514238,957.8,607.9
3101,2453,884.6812040354517,713.1264991514238,957.8,607.9
3102,2454,884.6812040354517,713.1264991514238,957.8,607.9
3103,2455,884.6812040354517,713.1264991514238,957.8,607.9
3104,2456,884.6812040354517,713.1264991514238,957.8,607.9
3105,2457,884.6812040354517,713.1264991514238,957.8,607.9
3106,2458,884.6812040354517,713.1264991514238,957.8,607.9
3107,2459,884.6812040354517,713.1264991514238,957.8,607.9
3108,2460,884.6812040354517,713.1264991514238,957.8,607.9
3109,2461,884.6812040354517,713.1264991514238,957.8,607.9
3110,2462,884.6812040354517,713.1264991514238,957.8,607.9
3111,2463,884.6812040354517,713.1264991514238,957.8,607.9
3112,2464,884.6812040354517,713.1264991514238,957.8,607.9
3113,2465,884.6812040354517,713.1264991514238,957.8,607.9
3114,2466,884.6812040354517,713.1264991514238,957.8,607.9
3115,2467,884.6812040354517,713.1264991514238,957.8,607.9
3116,2468,884.6812040354517,713.1264991514238,957.8,607.9
3117,2469,884.6812040354517,713.1264991514238,957.8,607.9
3118,2470,884.6812040354517,713.1264991514238,957.8,607.9
3119,2471,884.6812040354517,713.1264991514238,957.8,607.9
3120,2472,884.6812040354517,713.1264991514238,957.8,607.9
3121,2473,884.6812040354517,713.1264991514238,957.8,607.9
3122,2474,884.6812040354517,713.1264991514238,957.8,607.9
3123,2475,884.6812040354517,713.1264991514238,957.8,607.9
3124,2476,884.6812040354517,713.1264991514238,957.8,607.9
3125,2477,884.6812040354517,713.1264991514238,957.8,607.9
3126,2478,884.6812040354517,713.1264991514238,957.8,607.9
3127,2479,884.6812040354517,713.1264991514238,957.8,607.9
3128,2480,884.6812040354517,713.1264991514238,957.8,607.9
3129,2481,884.6812040354517,713.1264991514238,957.8,607.9
3130,2482,884.6812040354517,713.1264991514238,957.8,607.9
3131,2483,884.6812040354517,713.1264991514238,957.8,607.9
3132,2484,884.6812040354517,713.1264991514238,957.8,607.9
3133,2485,884.6812040354517,713.1264991514238,957.8,607.9
3134,2486,884.6812040354517,713.1264991514238,957.8,607.9
3135,2487,884.6812040354517,713.1264991514238,957.8,607.9
3136,2488,884.6812040354517,713.1264991514238,957.8,607.9
3137,2489,884.6812040354517,713.1264991514238,957.8,607.9
3138,2490,884.6812040354517,713.1264991514238,957.8,607.9
3139,2491,884.6812040354517,713.1264991514238,957.8,607.9
3140,2492,884.6812040354517,713.1264991514238,957.8,607.9
3141,2493,884.6812040354517,713.1264991514238,957.8,607.9
3142,2494,884.6812040354517,713.1264991514238,957.8,607.9
3143,2495,884.6812040354517,713.1264991514238,957.8,607.9
3144,2496,884.6812040354517,713.1264991514238,957.8,607.9
3145,2497,884.6812040354517,713.1264991514238,957.8,607.9
3146,2498,884.6812040354517,713.1264991514238,957.8,607.9
3147,2499,884.6812040354517,713.1264991514238,957.8,607.9
3148,2500,884.6812040354517,713.1264991514238,957.8,607.9
3149,2501,884.6812040354517,713.1264991514238,957.8,607.9
3150,2502,884.6812040354517,713.1264991514238,957.8,607.9
3151,2503,884.6812040354517,713.1264991514238,957.8,607.9
3152,2504,884.6812040354517,713.1264991514238,957.8,607.9
3153,2505,884.6812040354517,713.1264991514238,957.8,607.9
3154,2506,884.6812040354517,713.1264991514238,957.8,607.9
3155,2507,884.6812040354517,713.1264991514238,957.8,607.9
3156,2508,884.6812040354517,713.1264991514238,957.8,607.9
3157,2509,884.6812040354517,713.1264991514238,957.8,607.9
3158,2510,884.6812040354517,713.1264991514238,957.8,607.9
3159,2511,884.6812040354517,713.1264991514238,957.8,607.9
3160,2512,884.6812040354517,713.1264991514238,957.8,607.9
3161,2513,884.6812040354517,713.1264991514238,957.8,607.9
3162,2514,884.6812040354517,713.1264991514238,957.8,607.9
3163,2515,884.6812040354517,713.1264991514238,957.8,607.9
3164,2516,884.6812040354517,713.1264991514238,957.8,607.9
3165,2517,884.6812040354517,713.1264991514238,957.8,607.9
3166,2518,884.6812040354517,713.1264991514238,957.8,607.9
3167,2519,884.6812040354517,713.1264991514238,957.8,607.9
3168,2520,884.6812040354517,713.1264991514238,957.8,607.9
3169,2521,884.6812040354517,713.1264991514238,957.8,607.9
3170,2522,884.6812040354517,713.1264991514238,957.8,607.9
3171,2523,884.6812040354517,713.1264991514238,957.8,607.9
3172,2524,884.6812040354517,713.1264991514238,957.8,607.9
3173,2525,884.6812040354517,713.1264991514238,957.8,607.9
3174,2526,884.6812040354517,713.1264991514238,957.8,607.9
3175,2527,884.6812040354517,713.1264991514238,957.8,607.9
3176,2528,884.6812040354517,713.1264991514238,957.8,607.9
3177,2529,884.6812040354517,713.1264991514238,957.8,607.9
3178,2530,884.6812040354517,713.1264991514238,957.8,607.9
3179,2531,884.6812040354517,713.1264991514238,957.8,607.9
3180,2532,884.6812040354517,713.1264991514238,957.8,607.9
3181,2533,884.6812040354517,713.1264991514238,957.8,607.9
3182,2534,884.6812040354517,713.1264991514238,957.8,607.9
3183,2535,884.6812040354517,713.1264991514238,957.8,607.9
3184,2536,884.6812040354517,713.1264991514238,957.8,607.9
3185,2537,884.6812040354517,713.1264991514238,957.8,607.9
3186,2538,884.6812040354517,713.1264991514238,957.8,607.9
3187,2539,884.6812040354517,713.1264991514238,957.8,607.9
3188,2540,757.6812040354517,714.1264991514238,957.8,607.9
3189,2541,757.6812040354517,714.1264991514238,957.8,607.9
3190,2542,757.6812040354517,714.1264991514238,957.8,607.9
3191,2543,757.6812040354517,714.1264991514238,957.8,607.9
3192,2544,757.6812040354517,714.1264991514238,957.8,607.9
3193,2545,757.6812040354517,714.1264991514238,957.8,607.9
3194,2546,757.6812040354517,714.1264991514238,957.8,607.9
3195,2547,757.6812040354517,714.1264991514238,957.8,607.9
3196,2548,757.6812040354517,714.1264991514238,957.8,607.9
3197,2549,757.6812040354517,714.1264991514238,957.8,607.9
3198,2550,757.6812040354517,714.1264991514238,957.8,607.9
3199,2551,757.6812040354517,714.1264991514238,957.8,607.9
3200,2552,757.6812040354517,714.1264991514238,957.8,607.9
3201,2553,757.6812040354517,714.1264991514238,957.8,607.9
3202,2554,757.6812040354517,714.1264991514238,957.8,607.9
3203,2555,757.6812040354517,714.1264991514238,957.8,607.9
3204,2556,757.6812040354517,714.1264991514238,957.8,607.9
3205,2557,757.6812040354517,714.1264991514238,957.8,607.9
3206,2558,757.6812040354517,714.1264991514238,957.8,607.9
3207,2559,757.6812040354517,714.1264991514238,957.8,607.9
3208,2560,757.6812040354517,714.1264991514238,957.8,607.9
3209,2561,757.6812040354517,714.1264991514238,957.8,607.9
3210,2562,757.6812040354517,714.1264991514238,957.8,607.9
3211,2563,757.6812040354517,714.1264991514238,957.8,607.9
3212,2564,757.6812040354517,714.1264991514238,957.8,607.9
3213,2565,757.6812040354517,714.1264991514238,957.8,607.9
3214,2566,757.6812040354517,714.1264991514238,957.8,607.9
3215,2567,757.6812040354517,714.1264991514238,957.8,607.9
3216,2568,757.6812040354517,714.1264991514238,957.8,607.9
3217,2569,757.6812040354517,714.1264991514238,957.8,607.9
3218,2570,757.6812040354517,714.1264991514238,957.8,607.9
3219,2571,757.6812040354517,714.1264991514238,957.8,607.9
3220,2572,757.6812040354517,714.1264991514238,957.8,607.9
3221,2573,631.6812040354517,715.1264991514238,957.8,607.9
3222,2574,631.6812040354517,715.1264991514238,957.8,607.9
3223,2575,631.6812040354517,715.1264991514238,957.8,607.9
3224,2576,631.6812040354517,715.1264991514238,957.8,607.9
3225,2577,631.6812040354517,715.1264991514238,957.8,607.9
3226,2578,631.6812040354517,715.1264991514238,957.8,607.9
3227,2579,631.6812040354517,715.1264991514238,957.8,607.9
3228,2580,631.6812040354517,715.1264991514238,957.8,607.9
3229,2581,631.6812040354517,715.1264991514238,957.8,607.9
3230,2582,631.6812040354517,715.1264991514238,957.8,607.9
3231,2583,631.6812040354517,715.1264991514238,957.8,607.9
3232,2584,631.6812040354517,715.1264991514238,957.8,607.9
3233,2585,631.6812040354517,715.1264991514238,957.8,607.9
3234,2586,631.6812040354517,715.1264991514238,957.8,607.9
3235,2587,631.6812040354517,715.1264991514238,957.8,607.9
3236,2588,631.6812040354517,715.1264991514238,957.8,607.9
3237,2589,631.6812040354517,715.1264991514238,969.3785714285714,606.5857142857143
3238,2590,631.6812040354517,715.1264991514238,980.9571428571428,605.2714285714286
3239,2591,631.6812040354517,715.1264991514238,992.5357142857142,603.9571428571428
3240,2592,631.6812040354517,715.1264991514238,1004.1142857142858,602.6428571428571
3241,2593,631.6812040354517,715.1264991514238,1015.6928571428572,601.3285714285714
3242,2594,631.6812040354517,715.1264991514238,1027.2714285714285,600.0142857142857
3243,2595,631.6812040354517,715.1264991514238,1038.85,598.7
3244,2596,631.6812040354517,715.1264991514238,1050.4285714285716,597.3857142857142
3245,2597,631.6812040354517,715.1264991514238,1062.007142857143,596.0714285714286
3246,2598,631.6812040354517,715.1264991514238,1073.5857142857144,594.7571428571429
3247,2599,631.6812040354517,715.1264991514238,1085.1642857142858,593.4428571428572
3248,2600,631.6812040354517,715.1264991514238,1096.7428571428572,592.1285714285714
3249,2601,631.6812040354517,715.1264991514238,1108.3214285714287,590.8142857142857
3250,2602,631.6812040354517,715.1264991514238,1119.9,589.5
3251,2603,631.6812040354517,715.1264991514238,1119.9,589.5
3252,2604,631.6812040354517,715.1264991514238,1119.9,589.5
3253,2605,631.6812040354517,715.1264991514238,1119.9,589.5
3254,2606,631.6812040354517,715.1264991514238,1119.9,589.5
3255,2607,631.6812040354517,715.1264991514238,1119.9,589.5
3256,2608,631.6812040354517,715.1264991514238,1119.9,589.5
3257,2609,631.6812040354517,715.1264991514238,1119.9,589.5
3258,2610,631.6812040354517,715.1264991514238,1119.9,589.5
3259,2611,631.6812040354517,715.1264991514238,1119.9,589.5
3260,2612,631.6812040354517,715.1264991514238,1119.9,589.5
3261,2613,631.6812040354517,715.1264991514238,1119.9,589.5
3262,2614,631.6812040354517,715.1264991514238,1119.9,589.5
3263,2615,631.6812040354517,715.1264991514238,1119.9,589.5
3264,2616,631.6812040354517,715.1264991514238,1119.9,589.5
3265,2617,631.6812040354517,715.1264991514238,1119.9,589.5
3266,2618,631.6812040354517,715.1264991514238,1119.9,589.5
3267,2619,631.6812040354517,715.1264991514238,1119.9,589.5
3268,2620,631.6812040354517,715.1264991514238,1119.9,589.5
3269,2621,631.6812040354517,715.1264991514238,1119.9,589.5
3270,2622,631.6812040354517,715.1264991514238,1119.9,589.5
3271,2623,631.6812040354517,715.1264991514238,1119.9,589.5
3272,2624,631.6812040354517,715.1264991514238,1119.9,589.5
3273,2625,631.6812040354517,715.1264991514238,1119.9,589.5
3274,2626,631.6812040354517,715.1264991514238,1119.9,589.5
3275,2627,631.6812040354517,715.1264991514238,1119.9,589.5
3276,2628,631.6812040354517,715.1264991514238,1119.9,589.5
3277,2629,631.6812040354517,715.1264991514238,1119.9,589.5
3278,2630,631.6812040354517,715.1264991514238,1119.9,589.5
3279,2631,631.6812040354517,715.1264991514238,1119.9,589.5
3280,2632,631.6812040354517,715.1264991514238,1119.9,589.5
3281,2633,631.6812040354517,715.1264991514238,1119.9,589.5
3282,2634,631.6812040354517,715.1264991514238,1119.9,589.5
3283,2635,631.6812040354517,715.1264991514238,1119.9,589.5
3284,2636,631.6812040354517,715.1264991514238,1119.9,589.5
3285,2637,631.6812040354517,715.1264991514238,1119.9,589.5
3286,2638,631.6812040354517,715.1264991514238,1119.9,589.5
3287,2639,631.6812040354517,715.1264991514238,1119.9,589.5
3288,2640,774.6812040354517,497.12649915142373,1119.9,589.5
3289,2641,774.6812040354517,497.12649915142373,1119.9,589.5
3290,2642,774.6812040354517,497.12649915142373,1119.9,589.5
3291,2643,774.6812040354517,497.12649915142373,1119.9,589.5
3292,2644,774.6812040354517,497.12649915142373,1119.9,589.5
3293,2645,774.6812040354517,497.12649915142373,1119.9,589.5
3294,2646,774.6812040354517,497.12649915142373,1119.9,589.5
3295,2647,774.6812040354517,497.12649915142373,1119.9,589.5
3296,2648,774.6812040354517,497.12649915142373,1119.9,589.5
3297,2649,774.6812040354517,497.12649915142373,1119.9,589.5
3298,2650,774.6812040354517,497.12649915142373,1119.9,589.5
3299,2651,774.6812040354517,497.12649915142373,1119.9,589.5
3300,2652,774.6812040354517,497.12649915142373,1119.9,589.5
3301,2653,774.6812040354517,497.12649915142373,1119.9,589.5
3302,2654,774.6812040354517,497.12649915142373,1119.9,589.5
3303,2655,774.6812040354517,497.12649915142373,1119.9,589.5
3304,2656,774.6812040354517,497.12649915142373,1119.9,589.5
3305,2657,774.6812040354517,497.12649915142373,1119.9,589.5
3306,2658,774.6812040354517,497.12649915142373,1119.9,589.5
3307,2659,774.6812040354517,497.12649915142373,1119.9,589.5
3308,2660,774.6812040354517,497.12649915142373,1119.9,589.5
3309,2661,774.6812040354517,497.12649915142373,1119.9,589.5
3310,2662,774.6812040354517,497.12649915142373,1119.9,589.5
3311,2663,774.6812040354517,497.12649915142373,1119.9,589.5
3312,2664,774.6812040354517,497.12649915142373,1119.9,589.5
3313,2665,774.6812040354517,497.12649915142373,1119.9,589.5
3314,2666,774.6812040354517,497.12649915142373,1119.9,589.5
3315,2667,774.6812040354517,497.12649915142373,1119.9,589.5
3316,2668,774.6812040354517,497.12649915142373,1119.9,589.5
3317,2669,774.6812040354517,497.12649915142373,1119.9,589.5
3318,2670,774.6812040354517,497.12649915142373,1119.9,589.5
3319,2671,774.6812040354517,497.12649915142373,1119.9,589.5
3320,2672,774.6812040354517,497.12649915142373,1119.9,589.5
3321,2673,918.6812040354517,278.12649915142373,1119.9,589.5
3322,2674,918.6812040354517,278.12649915142373,1119.9,589.5
3323,2675,918.6812040354517,278.12649915142373,1119.9,589.5
3324,2676,918.6812040354517,278.12649915142373,1119.9,589.5
3325,2677,918.6812040354517,278.12649915142373,1119.9,589.5
3326,2678,918.6812040354517,278.12649915142373,1119.9,589.5
3327,2679,918.6812040354517,278.12649915142373,1119.9,589.5
3328,2680,918.6812040354517,278.12649915142373,1119.9,589.5
3329,2681,918.6812040354517,278.12649915142373,1119.9,589.5
3330,2682,918.6812040354517,278.12649915142373,1119.9,589.5
3331,2683,918.6812040354517,278.12649915142373,1119.9,589.5
3332,2684,918.6812040354517,278.12649915142373,1119.9,589.5
3333,2685,918.6812040354517,278.12649915142373,1119.9,589.5
3334,2686,918.6812040354517,278.12649915142373,1119.9,589.5
3335,2687,918.6812040354517,278.12649915142373,1119.9,589.5
3336,2688,918.6812040354517,278.12649915142373,1119.9,589.5
3337,2689,918.6812040354517,278.12649915142373,1119.9,589.5
3338,2690,918.6812040354517,278.12649915142373,1119.9,589.5
3339,2691,918.6812040354517,278.12649915142373,1107.3066666666668,588.6866666666666
3340,2692,918.6812040354517,278.12649915142373,1094.7133333333334,587.8733333333333
3341,2693,918.6812040354517,278.12649915142373,1082.1200000000001,587.06
3342,2694,918.6812040354517,278.12649915142373,1069.5266666666666,586.2466666666667
3343,2695,918.6812040354517,278.12649915142373,1056.9333333333334,585.4333333333333
3344,2696,918.6812040354517,278.12649915142373,1044.3400000000001,584.62
3345,2697,918.6812040354517,278.12649915142373,1031.7466666666667,583.8066666666666
3346,2698,918.6812040354517,278.12649915142373,1019.1533333333334,582.9933333333333
3347,2699,918.6812040354517,278.12649915142373,1006.5600000000001,582.18
3348,2700,918.6812040354517,278.12649915142373,993.9666666666667,581.3666666666667
3349,2701,918.6812040354517,278.12649915142373,981.3733333333333,580.5533333333333
3350,2702,918.6812040354517,278.12649915142373,968.78,579.74
3351,2703,918.6812040354517,278.12649915142373,956.1866666666667,578.9266666666666
3352,2704,918.6812040354517,278.12649915142373,943.5933333333334,578.1133333333333
3353,2705,918.6812040354517,278.12649915142373,931.0,577.3
3354,2706,918.6812040354517,278.12649915142373,931.0,577.3
3355,2707,918.6812040354517,278.12649915142373,931.0,577.3
3356,2708,918.6812040354517,278.12649915142373,931.0,577.3
3357,2709,918.6812040354517,278.12649915142373,931.0,577.3
3358,2710,918.6812040354517,278.12649915142373,931.0,577.3
3359,2711,918.6812040354517,278.12649915142373,931.0,577.3
3360,2712,918.6812040354517,278.12649915142373,931.0,577.3
3361,2713,918.6812040354517,278.12649915142373,931.0,577.3
3362,2714,918.6812040354517,278.12649915142373,931.0,577.3
3363,2715,918.6812040354517,278.12649915142373,931.0,577.3
3364,2716,918.6812040354517,278.12649915142373,931.0,577.3
3365,2717,918.6812040354517,278.12649915142373,931.0,577.3
3365,2718,918.6812040354517,278.12649915142373,931.0,577.3
3365,2719,918.6812040354517,278.12649915142373,931.0,577.3
3365,2720,918.6812040354517,278.12649915142373,931.0,577.3
3365,2721,918.6812040354517,278.12649915142373,931.0,577.3
3365,2722,918.6812040354517,278.12649915142373,931.0,577.3
3365,2723,918.6812040354517,278.12649915142373,931.0,577.3
3365,2724,918.6812040354517,278.12649915142373,931.0,577.3
3365,2725,918.6812040354517,278.12649915142373,931.0,577.3
3365,2726,918.6812040354517,278.12649915142373,931.0,577.3
3365,2727,918.6812040354517,278.12649915142373,931.0,577.3
3365,2728,918.6812040354517,278.12649915142373,931.0,577.3
3365,2729,918.6812040354517,278.12649915142373,931.0,577.3
3365,2730,918.6812040354517,278.12649915142373,931.0,577.3
3365,2731,918.6812040354517,278.12649915142373,931.0,577.3
3365,2732,918.6812040354517,278.12649915142373,931.0,577.3
3365,2733,918.6812040354517,278.12649915142373,931.0,577.3
3365,2734,918.6812040354517,278.12649915142373,931.0,577.3
3365,2735,918.6812040354517,278.12649915142373,931.0,577.3
3365,2736,918.6812040354517,278.12649915142373,931.0,577.3
3365,2737,918.6812040354517,278.12649915142373,931.0,577.3
3365,2738,918.6812040354517,278.12649915142373,931.0,577.3
3365,2739,918.6812040354517,278.12649915142373,931.0,577.3
3365,2740,918.6812040354517,278.12649915142373,931.0,577.3
3365,2741,918.6812040354517,278.12649915142373,931.0,577.3
3365,2742,918.6812040354517,278.12649915142373,931.0,577.3
3365,2743,918.6812040354517,278.12649915142373,931.0,577.3
3365,2744,918.6812040354517,278.12649915142373,931.0,577.3
3365,2745,918.6812040354517,278.12649915142373,931.0,577.3
3365,2746,918.6812040354517,278.12649915142373,931.0,577.3
3365,2747,918.6812040354517,278.12649915142373,931.0,577.3
3365,2748,918.6812040354517,278.12649915142373,931.0,577.3
3365,2749,918.6812040354517,278.12649915142373,931.0,577.3
3365,2750,918.6812040354517,278.12649915142373,931.0,577.3
3365,2751,918.6812040354517,278.12649915142373,931.0,577.3
3365,2752,918.6812040354517,278.12649915142373,931.0,577.3
3365,2753,918.6812040354517,278.12649915142373,931.0,577.3
3365,2754,918.6812040354517,278.12649915142373,931.0,577.3
3365,2755,918.6812040354517,278.12649915142373,931.0,577.3
3365,2756,918.6812040354517,278.12649915142373,931.0,577.3
3365,2757,918.6812040354517,278.12649915142373,931.0,577.3
3365,2758,918.6812040354517,278.12649915142373,931.0,577.3
3365,2759,918.6812040354517,278.12649915142373,931.0,577.3
3365,2760,918.6812040354517,278.12649915142373,931.0,577.3
3365,2761,918.6812040354517,278.12649915142373,931.0,577.3
3365,2762,918.6812040354517,278.12649915142373,931.0,577.3
3365,2763,918.6812040354517,278.12649915142373,931.0,577.3
3365,2764,918.6812040354517,278.12649915142373,931.0,577.3
3365,2765,918.6812040354517,278.12649915142373,931.0,577.3
3365,2766,918.6812040354517,278.12649915142373,931.0,577.3
3365,2767,918.6812040354517,278.12649915142373,931.0,577.3
3365,2768,918.6812040354517,278.12649915142373,931.0,577.3
3365,2769,918.6812040354517,278.12649915142373,931.0,577.3
3365,2770,918.6812040354517,278.12649915142373,931.0,577.3
3365,2771,918.6812040354517,278.12649915142373,931.0,577.3
3365,2772,918.6812040354517,278.12649915142373,931.0,577.3
3365,2773,918.6812040354517,278.12649915142373,931.0,577.3
3365,2774,918.6812040354517,278.12649915142373,931.0,577.3
3365,2775,918.6812040354517,278.12649915142373,931.0,577.3
3365,2776,918.6812040354517,278.12649915142373,931.0,577.3
3365,2777,918.6812040354517,278.12649915142373,931.0,577.3
3365,2778,918.6812040354517,278.12649915142373,931.0,577.3
3365,2779,918.6812040354517,278.12649915142373,931.0,577.3
3365,2780,918.6812040354517,278.12649915142373,931.0,577.3
3365,2781,918.6812040354517,278.12649915142373,931.0,577.3
3365,2782,918.6812040354517,278.12649915142373,931.0,577.3
3365,2783,918.6812040354517,278.12649915142373,931.0,577.3
3365,2784,918.6812040354517,278.12649915142373,931.0,577.3
3365,2785,918.6812040354517,278.12649915142373,931.0,577.3
3365,2786,918.6812040354517,278.12649915142373,931.0,577.3
3365,2787,918.6812040354517,278.12649915142373,931.0,577.3
3365,2788,918.6812040354517,278.12649915142373,931.0,577.3
3365,2789,918.6812040354517,278.12649915142373,931.0,577.3
3365,2790,918.6812040354517,278.12649915142373,931.0,577.3
3365,2791,918.6812040354517,278.12649915142373,931.0,577.3
3365,2792,918.6812040354517,278.12649915142373,931.0,577.3
3365,2793,918.6812040354517,278.12649915142373,931.0,577.3
3365,2794,918.6812040354517,278.12649915142373,931.0,577.3
3365,2795,918.6812040354517,278.12649915142373,931.0,577.3
3365,2796,918.6812040354517,278.12649915142373,931.0,577.3
3365,2797,918.6812040354517,278.12649915142373,931.0,577.3
3365,2798,918.6812040354517,278.12649915142373,931.0,577.3
3365,2799,918.6812040354517,278.12649915142373,931.0,577.3
3365,2800,918.6812040354517,278.12649915142373,931.0,577.3
3365,2801,918.6812040354517,278.12649915142373,931.0,577.3
3365,2802,918.6812040354517,278.12649915142373,931.0,577.3
3365,2803,918.6812040354517,278.12649915142373,931.0,577.3
3365,2804,918.6812040354517,278.12649915142373,931.0,577.3
3365,2805,918.6812040354517,278.12649915142373,931.0,577.3
3365,2806,918.6812040354517,278.12649915142373,931.0,577.3
3365,2807,939.6812040354517,377.12649915142373,931.0,577.3
3365,2808,939.6812040354517,377.12649915142373,931.0,577.3
3365,2809,939.6812040354517,377.12649915142373,931.0,577.3
3365,2810,939.6812040354517,377.12649915142373,931.0,577.3
3365,2811,939.6812040354517,377.12649915142373,931.0,577.3
3365,2812,939.6812040354517,377.12649915142373,931.0,577.3
3365,2813,939.6812040354517,377.12649915142373,931.0,577.3
3365,2814,939.6812040354517,377.12649915142373,931.0,577.3
3365,2815,939.6812040354517,377.12649915142373,931.0,577.3
3365,2816,939.6812040354517,377.12649915142373,931.0,577.3
3365,2817,939.6812040354517,377.12649915142373,931.0,577.3
3365,2818,939.6812040354517,377.12649915142373,931.0,577.3
3365,2819,939.6812040354517,377.12649915142373,931.0,577.3
3365,2820,939.6812040354517,377.12649915142373,931.0,577.3
3365,2821,939.6812040354517,377.12649915142373,931.0,577.3
3365,2822,939.6812040354517,377.12649915142373,931.0,577.3
3365,2823,939.6812040354517,377.12649915142373,931.0,577.3
3365,2824,939.6812040354517,377.12649915142373,931.0,577.3
3365,2825,939.6812040354517,377.12649915142373,931.0,577.3
3365,2826,939.6812040354517,377.12649915142373,931.0,577.3
3365,2827,939.6812040354517,377.12649915142373,931.0,577.3
3365,2828,939.6812040354517,377.12649915142373,931.0,577.3
3365,2829,939.6812040354517,377.12649915142373,931.0,577.3
3365,2830,939.6812040354517,377.12649915142373,931.0,577.3
3365,2831,939.6812040354517,377.12649915142373,931.0,577.3
3365,2832,939.6812040354517,377.12649915142373,931.0,577.3
3365,2833,939.6812040354517,377.12649915142373,931.0,577.3
3365,2834,939.6812040354517,377.12649915142373,931.0,577.3
3365,2835,939.6812040354517,377.12649915142373,931.0,577.3
3365,2836,939.6812040354517,377.12649915142373,931.0,577.3
3365,2837,939.6812040354517,377.12649915142373,931.0,577.3
3365,2838,939.6812040354517,377.12649915142373,931.0,577.3
3365,2839,939.6812040354517,377.12649915142373,931.0,577.3
3365,2840,960.6812040354517,475.12649915142373,931.0,577.3
3365,2841,960.6812040354517,475.12649915142373,931.0,577.3
3365,2842,960.6812040354517,475.12649915142373,931.0,577.3
3365,2843,960.6812040354517,475.12649915142373,931.0,577.3
3365,2844,960.6812040354517,475.12649915142373,931.0,577.3
3365,2845,960.6812040354517,475.12649915142373,931.0,577.3
3365,2846,960.6812040354517,475.12649915142373,931.0,577.3
3365,2847,960.6812040354517,475.12649915142373,931.0,577.3
3365,2848,960.6812040354517,475.12649915142373,931.0,577.3
3365,2849,960.6812040354517,475.12649915142373,931.0,577.3
3365,2850,960.6812040354517,475.12649915142373,931.0,577.3
3365,2851,960.6812040354517,475.12649915142373,931.0,577.3
3365,2852,960.6812040354517,475.12649915142373,931.0,577.3
3365,2853,960.6812040354517,475.12649915142373,931.0,577.3
3365,2854,960.6812040354517,475.12649915142373,931.0,577.3
3365,2855,960.6812040354517,475.12649915142373,931.0,577.3
3365,2856,960.6812040354517,475.12649915142373,931.0,577.3
3365,2857,960.6812040354517,475.12649915142373,931.0,577.3
3365,2858,960.6812040354517,475.12649915142373,931.0,577.3
3365,2859,960.6812040354517,475.12649915142373,931.0,577.3
3365,2860,960.6812040354517,475.12649915142373,931.0,577.3
3365,2861,960.6812040354517,475.12649915142373,931.0,577.3
3365,2862,960.6812040354517,475.12649915142373,931.0,577.3
3365,2863,960.6812040354517,475.12649915142373,931.0,577.3
3365,2864,960.6812040354517,475.12649915142373,931.0,577.3
3365,2865,960.6812040354517,475.12649915142373,931.0,577.3
3365,2866,960.6812040354517,475.12649915142373,931.0,577.3
3365,2867,960.6812040354517,475.12649915142373,931.0,577.3
3365,2868,960.6812040354517,475.12649915142373,931.0,577.3
3365,2869,960.6812040354517,475.12649915142373,931.0,577.3
3365,2870,960.6812040354517,475.12649915142373,931.0,577.3
3365,2871,960.6812040354517,475.12649915142373,931.0,577.3
3365,2872,960.6812040354517,475.12649915142373,931.0,577.3
3365,2873,930.6812040354517,276.12649915142373,931.0,577.3
3365,2874,930.6812040354517,276.12649915142373,931.0,577.3
3365,2875,930.6812040354517,276.12649915142373,931.0,577.3
3365,2876,930.6812040354517,276.12649915142373,931.0,577.3
3365,2877,930.6812040354517,276.12649915142373,931.0,577.3
3365,2878,930.6812040354517,276.12649915142373,931.0,577.3
3365,2879,930.6812040354517,276.12649915142373,931.0,577.3
3365,2880,930.6812040354517,276.12649915142373,931.0,577.3
3365,2881,930.6812040354517,276.12649915142373,931.0,577.3
3365,2882,930.6812040354517,276.12649915142373,931.0,577.3
3365,2883,930.6812040354517,276.12649915142373,931.0,577.3
3365,2884,930.6812040354517,276.12649915142373,931.0,577.3
3365,2885,930.6812040354517,276.12649915142373,931.0,577.3
3365,2886,930.6812040354517,276.12649915142373,931.0,577.3
3365,2887,930.6812040354517,276.12649915142373,931.0,577.3
3365,2888,930.6812040354517,276.12649915142373,931.0,577.3
3365,2889,930.6812040354517,276.12649915142373,931.0,577.3
3365,2890,930.6812040354517,276.12649915142373,931.0,577.3
3365,2891,930.6812040354517,276.12649915142373,931.0,577.3
3365,2892,930.6812040354517,276.12649915142373,931.0,577.3
3365,2893,930.6812040354517,276.12649915142373,931.0,577.3
3365,2894,930.6812040354517,276.12649915142373,931.0,577.3
3365,2895,930.6812040354517,276.12649915142373,931.0,577.3
3365,2896,930.6812040354517,276.12649915142373,931.0,577.3
3365,2897,930.6812040354517,276.12649915142373,931.0,577.3
3365,2898,930.6812040354517,276.12649915142373,931.0,577.3
3365,2899,930.6812040354517,276.12649915142373,931.0,577.3
3365,2900,930.6812040354517,276.12649915142373,931.0,577.3
3365,2901,930.6812040354517,276.12649915142373,931.0,577.3
3365,2902,930.6812040354517,276.12649915142373,931.0,577.3
3365,2903,930.6812040354517,276.12649915142373,931.0,577.3
3365,2904,930.6812040354517,276.12649915142373,931.0,577.3
3365,2905,930.6812040354517,276.12649915142373,931.0,577.3
3365,2906,930.6812040354517,276.12649915142373,931.0,577.3
3365,2907,930.6812040354517,276.12649915142373,931.0,577.3
3365,2908,930.6812040354517,276.12649915142373,931.0,577.3
3365,2909,930.6812040354517,276.12649915142373,931.0,577.3
3365,2910,930.6812040354517,276.12649915142373,931.0,577.3
3365,2911,930.6812040354517,276.12649915142373,931.0,577.3
3365,2912,930.6812040354517,276.12649915142373,931.0,577.3
3365,2913,930.6812040354517,276.12649915142373,931.0,577.3
3365,2914,930.6812040354517,276.12649915142373,931.0,577.3
3365,2915,930.6812040354517,276.12649915142373,931.0,577.3
3365,2916,930.6812040354517,276.12649915142373,931.0,577.3
3365,2917,930.6812040354517,276.12649915142373,931.0,577.3
3365,2918,930.6812040354517,276.12649915142373,931.0,577.3
3365,2919,930.6812040354517,276.12649915142373,931.0,577.3
3365,2920,930.6812040354517,276.12649915142373,931.0,577.3
3365,2921,930.6812040354517,276.12649915142373,931.0,577.3
3365,2922,930.6812040354517,276.12649915142373,931.0,577.3
3365,2923,930.6812040354517,276.12649915142373,931.0,577.3
3365,2924,930.6812040354517,276.12649915142373,931.0,577.3
3365,2925,930.6812040354517,276.12649915142373,931.0,577.3
3365,2926,930.6812040354517,276.12649915142373,931.0,577.3
3365,2927,930.6812040354517,276.12649915142373,931.0,577.3
3365,2928,930.6812040354517,276.12649915142373,931.0,577.3
3365,2929,930.6812040354517,276.12649915142373,931.0,577.3
3365,2930,930.6812040354517,276.12649915142373,931.0,577.3
3365,2931,930.6812040354517,276.12649915142373,931.0,577.3
3365,2932,930.6812040354517,276.12649915142373,931.0,577.3
3365,2933,930.6812040354517,276.12649915142373,931.0,577.3
3365,2934,930.6812040354517,276.12649915142373,931.0,577.3
3365,2935,930.6812040354517,276.12649915142373,931.0,577.3
3365,2936,930.6812040354517,276.12649915142373,931.0,577.3
3365,2937,930.6812040354517,276.12649915142373,931.0,577.3
3365,2938,930.6812040354517,276.12649915142373,931.0,577.3
3365,2939,930.6812040354517,276.12649915142373,931.0,577.3
3365,2940,930.6812040354517,276.12649915142373,931.0,577.3
3365,2941,930.6812040354517,276.12649915142373,931.0,577.3
3365,2942,930.6812040354517,276.12649915142373,931.0,577.3
3365,2943,930.6812040354517,276.12649915142373,931.0,577.3
3365,2944,930.6812040354517,276.12649915142373,931.0,577.3
3365,2945,930.6812040354517,276.12649915142373,931.0,577.3
3365,2946,930.6812040354517,276.12649915142373,931.0,577.3
3365,2947,930.6812040354517,276.12649915142373,931.0,577.3
3365,2948,930.6812040354517,276.12649915142373,931.0,577.3
3365,2949,930.6812040354517,276.12649915142373,931.0,577.3
3365,2950,930.6812040354517,276.12649915142373,932.1625,567.0843749999999
3365,2951,930.6812040354517,276.12649915142373,933.325,556.86875
3365,2952,930.6812040354517,276.12649915142373,934.4875,546.6531249999999
3365,2953,930.6812040354517,276.12649915142373,935.65,536.4375
3365,2954,930.6812040354517,276.12649915142373,936.8125,526.221875
3365,2955,930.6812040354517,276.12649915142373,937.975,516.0062499999999
3365,2956,930.6812040354517,276.12649915142373,939.1375,505.790625
3365,2957,930.6812040354517,276.12649915142373,940.3,495.57499999999993
3365,2958,930.6812040354517,276.12649915142373,941.4625,485.35937499999994
3365,2959,930.6812040354517,276.12649915142373,942.625,475.14374999999995
3365,2960,930.6812040354517,276.12649915142373,943.7875,464.92812499999997
3365,2961,930.6812040354517,276.12649915142373,944.95,454.7125
3365,2962,930.6812040354517,276.12649915142373,946.1125000000001,444.49687499999993
3365,2963,930.6812040354517,276.12649915142373,947.275,434.28125
3365,2964,930.6812040354517,276.12649915142373,948.4375,424.06562499999995
3365,2965,930.6812040354517,276.12649915142373,949.6,413.84999999999997
3365,2966,930.6812040354517,276.12649915142373,950.7625,403.634375
3365,2967,930.6812040354517,276.12649915142373,951.9250000000001,393.41874999999993
3365,2968,930.6812040354517,276.12649915142373,953.0875,383.203125
3365,2969,930.6812040354517,276.12649915142373,954.25,372.98749999999995
3365,2970,930.6812040354517,276.12649915142373,955.4125,362.77187499999997
3365,2971,930.6812040354517,276.12649915142373,956.575,352.55625
3365,2972,930.6812040354517,276.12649915142373,957.7375000000001,342.34062499999993
3365,2973,930.6812040354517,276.12649915142373,958.9000000000001,332.125
3365,2974,930.6812040354517,276.12649915142373,960.0625,321.90937499999995
3365,2975,930.6812040354517,276.12649915142373,961.225,311.69374999999997
3365,2976,930.6812040354517,276.12649915142373,962.3875,301.478125
3365,2977,930.6812040354517,276.12649915142373,963.5500000000001,291.2625
3365,2978,930.6812040354517,276.12649915142373,964.7125000000001,281.046875
3365,2979,930.6812040354517,276.12649915142373,965.875,270.83124999999995
3365,2980,930.6812040354517,276.12649915142373,967.0375,260.61562499999997
3365,2981,930.6812040354517,276.12649915142373,968.2,250.4
3365,2982,930.6812040354517,276.12649915142373,968.2,250.4
3365,2983,930.6812040354517,276.12649915142373,968.2,250.4
3365,2984,930.6812040354517,276.12649915142373,968.2,250.4
3365,2985,930.6812040354517,276.12649915142373,968.2,250.4
3365,2986,930.6812040354517,276.12649915142373,968.2,250.4
3365,2987,930.6812040354517,276.12649915142373,968.2,250.4
3365,2988,930.6812040354517,276.12649915142373,968.2,250.4
3365,2989,930.6812040354517,276.12649915142373,968.2,250.4
3365,2990,930.6812040354517,276.12649915142373,968.2,250.4
3365,2991,930.6812040354517,276.12649915142373,968.2,250.4
3365,2992,930.6812040354517,276.12649915142373,968.2,250.4
3365,2993,930.6812040354517,276.12649915142373,968.2,250.4
3365,2994,930.6812040354517,276.12649915142373,968.2,250.4
3365,2995,930.6812040354517,276.12649915142373,968.2,250.4
3365,2996,930.6812040354517,276.12649915142373,968.2,250.4
3365,2997,930.6812040354517,276.12649915142373,968.2,250.4
3365,2998,930.6812040354517,276.12649915142373,968.2,250.4
3365,2999,930.6812040354517,276.12649915142373,968.2,250.4
3365,3000,930.6812040354517,276.12649915142373,968.2,250.4
3365,3001,930.6812040354517,276.12649915142373,968.2,250.4
3365,3002,930.6812040354517,276.12649915142373,968.2,250.4
3365,3003,930.6812040354517,276.12649915142373,968.2,250.4
3365,3004,930.6812040354517,276.12649915142373,968.2,250.4
3365,3005,930.6812040354517,276.12649915142373,968.2,250.4
3365,3006,930.6812040354517,276.12649915142373,968.2,250.4
3365,3007,930.6812040354517,276.12649915142373,968.2,250.4
3365,3008,930.6812040354517,276.12649915142373,968.2,250.4
3365,3009,930.6812040354517,276.12649915142373,968.2,250.4
3365,3010,930.6812040354517,276.12649915142373,968.2,250.4
3365,3011,930.6812040354517,276.12649915142373,968.2,250.4
3365,3012,930.6812040354517,276.12649915142373,968.2,250.4
3365,3013,930.6812040354517,276.12649915142373,968.2,250.4
3365,3014,930.6812040354517,276.12649915142373,968.2,250.4
3365,3015,930.6812040354517,276.12649915142373,968.2,250.4
3365,3016,930.6812040354517,276.12649915142373,968.2,250.4
3365,3017,930.6812040354517,276.12649915142373,968.2,250.4
3365,3018,930.6812040354517,276.12649915142373,968.2,250.4
3365,3019,930.6812040354517,276.12649915142373,968.2,250.4
3365,3020,930.6812040354517,276.12649915142373,968.2,250.4
3365,3021,930.6812040354517,276.12649915142373,968.2,250.4
3365,3022,930.6812040354517,276.12649915142373,968.2,250.4
3365,3023,930.6812040354517,276.12649915142373,968.2,250.4
3365,3024,930.6812040354517,276.12649915142373,968.2,250.4
3365,3025,930.6812040354517,276.12649915142373,968.2,250.4
3365,3026,930.6812040354517,276.12649915142373,968.2,250.4
3365,3027,930.6812040354517,276.12649915142373,968.2,250.4
3365,3028,930.6812040354517,276.12649915142373,968.2,250.4
3365,3029,930.6812040354517,276.12649915142373,968.2,250.4
3365,3030,930.6812040354517,276.12649915142373,968.2,250.4
3365,3031,930.6812040354517,276.12649915142373,968.2,250.4
3365,3032,930.6812040354517,276.12649915142373,968.2,250.4
3365,3033,930.6812040354517,276.12649915142373,968.2,250.4
3365,3034,930.6812040354517,276.12649915142373,968.2,250.4
3365,3035,930.6812040354517,276.12649915142373,968.2,250.4
3365,3036,930.6812040354517,276.12649915142373,968.2,250.4
3365,3037,930.6812040354517,276.12649915142373,968.2,250.4
3365,3038,930.6812040354517,276.12649915142373,968.2,250.4
3365,3039,930.6812040354517,276.12649915142373,968.2,250.4
3365,3040,930.6812040354517,276.12649915142373,968.2,250.4
3365,3041,930.6812040354517,276.12649915142373,968.2,250.4
3365,3042,930.6812040354517,276.12649915142373,968.2,250.4
3365,3043,930.6812040354517,276.12649915142373,968.2,250.4
3365,3044,930.6812040354517,276.12649915142373,968.2,250.4
3365,3045,930.6812040354517,276.12649915142373,968.2,250.4
3365,3046,930.6812040354517,276.12649915142373,968.2,250.4
3365,3047,930.6812040354517,276.12649915142373,968.2,250.4
3365,3048,930.6812040354517,276.12649915142373,968.2,250.4
3365,3049,930.6812040354517,276.12649915142373,968.2,250.4
3365,3050,930.6812040354517,276.12649915142373,968.2,250.4
3365,3051,930.6812040354517,276.12649915142373,968.2,250.4
3365,3052,930.6812040354517,276.12649915142373,968.2,250.4
3365,3053,930.6812040354517,276.12649915142373,968.2,250.4
3365,3054,930.6812040354517,276.12649915142373,968.2,250.4
3365,3055,930.6812040354517,276.12649915142373,968.2,250.4
3365,3056,930.6812040354517,276.12649915142373,968.2,250.4
3365,3057,930.6812040354517,276.12649915142373,968.2,250.4
3365,3058,930.6812040354517,276.12649915142373,968.2,250.4
3365,3059,930.6812040354517,276.12649915142373,968.2,250.4
3365,3060,930.6812040354517,276.12649915142373,968.2,250.4
3365,3061,930.6812040354517,276.12649915142373,968.2,250.4
3365,3062,930.6812040354517,276.12649915142373,968.2,250.4
3365,3063,930.6812040354517,276.12649915142373,968.2,250.4
3365,3064,930.6812040354517,276.12649915142373,968.2,250.4
3365,3065,930.6812040354517,276.12649915142373,968.2,250.4
3365,3066,930.6812040354517,276.12649915142373,968.2,250.4
3365,3067,930.6812040354517,276.12649915142373,968.2,250.4
3365,3068,930.6812040354517,276.12649915142373,968.2,250.4
3365,3069,930.6812040354517,276.12649915142373,968.2,250.4
3365,3070,930.6812040354517,276.12649915142373,968.2,250.4
3365,3071,930.6812040354517,276.12649915142373,968.2,250.4
3365,3072,930.6812040354517,276.12649915142373,968.2,250.4
3365,3073,755.6812040354517,500.12649915142373,968.2,250.4
3365,3074,755.6812040354517,500.12649915142373,968.2,250.4
3365,3075,755.6812040354517,500.12649915142373,968.2,250.4
3365,3076,755.6812040354517,500.12649915142373,968.2,250.4
3365,3077,755.6812040354517,500.12649915142373,968.2,250.4
3365,3078,755.6812040354517,500.12649915142373,968.2,250.4
3365,3079,755.6812040354517,500.12649915142373,968.2,250.4
3365,3080,755.6812040354517,500.12649915142373,968.2,250.4
3365,3081,755.6812040354517,500.12649915142373,968.2,250.4
3365,3082,755.6812040354517,500.12649915142373,968.2,250.4
3365,3083,755.6812040354517,500.12649915142373,968.2,250.4
3365,3084,755.6812040354517,500.12649915142373,968.2,250.4
3365,3085,755.6812040354517,500.12649915142373,968.2,250.4
3365,3086,755.6812040354517,500.12649915142373,968.2,250.4
3365,3087,755.6812040354517,500.12649915142373,968.2,250.4
3365,3088,755.6812040354517,500.12649915142373,968.2,250.4
3365,3089,755.6812040354517,500.12649915142373,968.2,250.4
3365,3090,755.6812040354517,500.12649915142373,968.2,250.4
3365,3091,755.6812040354517,500.12649915142373,968.2,250.4
3365,3092,755.6812040354517,500.12649915142373,968.2,250.4
3365,3093,755.6812040354517,500.12649915142373,968.2,250.4
3365,3094,755.6812040354517,500.12649915142373,968.2,250.4
3365,3095,755.6812040354517,500.12649915142373,968.2,250.4
3365,3096,755.6812040354517,500.12649915142373,968.2,250.4
3365,3097,755.6812040354517,500.12649915142373,968.2,250.4
3365,3098,755.6812040354517,500.12649915142373,968.2,250.4
3365,3099,755.6812040354517,500.12649915142373,968.2,250.4
3365,3100,755.6812040354517,500.12649915142373,968.2,250.4
3365,3101,755.6812040354517,500.12649915142373,968.2,250.4
3365,3102,755.6812040354517,500.12649915142373,968.2,250.4
3365,3103,755.6812040354517,500.12649915142373,968.2,250.4
3365,3104,755.6812040354517,500.12649915142373,968.2,250.4
3365,3105,755.6812040354517,500.12649915142373,968.2,250.4
3365,3106,755.6812040354517,500.12649915142373,968.2,250.4
3365,3107,581.6812040354517,724.1264991514238,968.2,250.4
3365,3108,581.6812040354517,724.1264991514238,968.2,250.4
3365,3109,581.6812040354517,724.1264991514238,968.2,250.4
3365,3110,581.6812040354517,724.1264991514238,968.2,250.4
3365,3111,581.6812040354517,724.1264991514238,968.2,250.4
3365,3112,581.6812040354517,724.1264991514238,968.2,250.4
3365,3113,581.6812040354517,724.1264991514238,968.2,250.4
3365,3114,581.6812040354517,724.1264991514238,968.2,250.4
3365,3115,581.6812040354517,724.1264991514238,968.2,250.4
3365,3116,581.6812040354517,724.1264991514238,968.2,250.4
3365,3117,581.6812040354517,724.1264991514238,968.2,250.4
3365,3118,581.6812040354517,724.1264991514238,968.2,250.4
3365,3119,581.6812040354517,724.1264991514238,968.2,250.4
3365,3120,581.6812040354517,724.1264991514238,968.2,250.4
3365,3121,581.6812040354517,724.1264991514238,968.2,250.4
3365,3122,581.6812040354517,724.1264991514238,968.2,250.4
3365,3123,581.6812040354517,724.1264991514238,968.2,250.4
3365,3124,581.6812040354517,724.1264991514238,968.2,250.4
3365,3125,581.6812040354517,724.1264991514238,968.2,250.4
3365,3126,581.6812040354517,724.1264991514238,968.2,250.4
3365,3127,581.6812040354517,724.1264991514238,968.2,250.4
3365,3128,581.6812040354517,724.1264991514238,968.2,250.4
3365,3129,581.6812040354517,724.1264991514238,968.2,250.4
3365,3130,581.6812040354517,724.1264991514238,968.2,250.4
3365,3131,581.6812040354517,724.1264991514238,968.2,250.4
3365,3132,581.6812040354517,724.1264991514238,968.2,250.4
3365,3133,581.6812040354517,724.1264991514238,968.2,250.4
3365,3134,581.6812040354517,724.1264991514238,968.2,250.4
3365,3135,581.6812040354517,724.1264991514238,968.2,250.4
3365,3136,581.6812040354517,724.1264991514238,968.2,250.4
3365,3137,581.6812040354517,724.1264991514238,968.3182926829269,253.55975609756098
3365,3138,581.6812040354517,724.1264991514238,968.4365853658537,256.719512195122
3365,3139,581.6812040354517,724.1264991514238,968.5548780487806,259.8792682926829
3365,3140,581.6812040354517,724.1264991514238,968.6731707317074,263.0390243902439
3365,3141,581.6812040354517,724.1264991514238,968.7914634146342,266.19878048780487
3365,3142,581.6812040354517,724.1264991514238,968.9097560975611,269.35853658536587
3365,3143,581.6812040354517,724.1264991514238,969.0280487804879,272.5182926829268
3365,3144,581.6812040354517,724.1264991514238,969.1463414634147,275.6780487804878
3365,3145,581.6812040354517,724.1264991514238,969.2646341463415,278.8378048780488
3365,3146,581.6812040354517,724.1264991514238,969.3829268292683,281.99756097560976
3365,3147,581.6812040354517,724.1264991514238,969.5012195121951,285.15731707317076
3365,3148,581.6812040354517,724.1264991514238,969.619512195122,288.3170731707317
3365,3149,581.6812040354517,724.1264991514238,969.7378048780488,291.4768292682927
3365,3150,581.6812040354517,724.1264991514238,969.8560975609756,294.63658536585365
3365,3151,581.6812040354517,724.1264991514238,969.9743902439025,297.79634146341465
3365,3152,581.6812040354517,724.1264991514238,970.0926829268293,300.95609756097565
3365,3153,581.6812040354517,724.1264991514238,970.2109756097561,304.1158536585366
3365,3154,581.6812040354517,724.1264991514238,970.329268292683,307.2756097560976
3365,3155,581.6812040354517,724.1264991514238,970.4475609756098,310.43536585365854
3365,3156,581.6812040354517,724.1264991514238,970.5658536585366,313.59512195121954
3365,3157,581.6812040354517,724.1264991514238,970.6841463414635,316.7548780487805
3365,3158,581.6812040354517,724.1264991514238,970.8024390243903,319.9146341463415
3365,3159,581.6812040354517,724.1264991514238,970.9207317073171,323.0743902439025
3365,3160,581.6812040354517,724.1264991514238,971.039024390244,326.23414634146343
3365,3161,581.6812040354517,724.1264991514238,971.1573170731707,329.3939024390244
3365,3162,581.6812040354517,724.1264991514238,971.2756097560975,332.5536585365854
3365,3163,581.6812040354517,724.1264991514238,971.3939024390244,335.7134146341464
3365,3164,581.6812040354517,724.1264991514238,971.5121951219512,338.8731707317073
3365,3165,581.6812040354517,724.1264991514238,971.630487804878,342.0329268292683
3365,3166,581.6812040354517,724.1264991514238,971.7487804878049,345.1926829268293
3365,3167,581.6812040354517,724.1264991514238,971.8670731707317,348.35243902439026
3365,3168,581.6812040354517,724.1264991514238,971.9853658536585,351.5121951219512
3365,3169,581.6812040354517,724.1264991514238,972.1036585365854,354.6719512195122
3365,3170,581.6812040354517,724.1264991514238,972.2219512195122,357.8317073170732
3365,3171,581.6812040354517,724.1264991514238,972.340243902439,360.99146341463415
3365,3172,581.6812040354517,724.1264991514238,972.4585365853659,364.15121951219515
3365,3173,581.6812040354517,724.1264991514238,972.5768292682927,367.3109756097561
3365,3174,581.6812040354517,724.1264991514238,972.6951219512196,370.4707317073171
3365,3175,581.6812040354517,724.1264991514238,972.8134146341464,373.63048780487804
3365,3176,581.6812040354517,724.1264991514238,972.9317073170732,376.79024390243904
3365,3177,581.6812040354517,724.1264991514238,973.05,379.95000000000005
3365,3178,581.6812040354517,724.1264991514238,973.1682926829268,383.109756097561
3365,3179,581.6812040354517,724.1264991514238,973.2865853658536,386.26951219512193
3365,3180,581.6812040354517,724.1264991514238,973.4048780487805,389.429268292683
3365,3181,581.6812040354517,724.1264991514238,973.5231707317073,392.58902439024394
3365,3182,581.6812040354517,724.1264991514238,973.6414634146341,395.7487804878049
3365,3183,581.6812040354517,724.1264991514238,973.759756097561,398.9085365853659
3365,3184,581.6812040354517,724.1264991514238,973.8780487804878,402.0682926829269
3365,3185,581.6812040354517,724.1264991514238,973.9963414634146,405.2280487804878
3365,3186,581.6812040354517,724.1264991514238,974.1146341463415,408.38780487804877
3365,3187,581.6812040354517,724.1264991514238,974.2329268292683,411.54756097560977
3365,3188,581.6812040354517,724.1264991514238,974.3512195121951,414.70731707317077
3365,3189,581.6812040354517,724.1264991514238,974.469512195122,417.8670731707317
3365,3190,581.6812040354517,724.1264991514238,974.5878048780488,421.0268292682927
3365,3191,581.6812040354517,724.1264991514238,974.7060975609756,424.1865853658537
3365,3192,581.6812040354517,724.1264991514238,974.8243902439025,427.34634146341466
3365,3193,581.6812040354517,724.1264991514238,974.9426829268293,430.5060975609756
3365,3194,581.6812040354517,724.1264991514238,975.060975609756,433.6658536585366
3365,3195,581.6812040354517,724.1264991514238,975.1792682926829,436.8256097560976
3365,3196,581.6812040354517,724.1264991514238,975.2975609756097,439.98536585365855
3365,3197,581.6812040354517,724.1264991514238,975.4158536585365,443.14512195121955
3365,3198,581.6812040354517,724.1264991514238,975.5341463414634,446.30487804878055
3365,3199,581.6812040354517,724.1264991514238,975.6524390243902,449.4646341463415
3365,3200,581.6812040354517,724.1264991514238,975.770731707317,452.62439024390244
3365,3201,581.6812040354517,724.1264991514238,975.8890243902439,455.78414634146344
3365,3202,581.6812040354517,724.1264991514238,976.0073170731707,458.94390243902444
3365,3203,581.6812040354517,724.1264991514238,976.1256097560976,462.1036585365854
3365,3204,581.6812040354517,724.1264991514238,976.2439024390244,465.26341463414633
3365,3205,581.6812040354517,724.1264991514238,976.3621951219512,468.4231707317074
3365,3206,581.6812040354517,724.1264991514238,976.4804878048781,471.58292682926833
3365,3207,581.6812040354517,724.1264991514238,976.5987804878049,474.7426829268293
3365,3208,581.6812040354517,724.1264991514238,976.7170731707317,477.9024390243903
3365,3209,581.6812040354517,724.1264991514238,976.8353658536586,481.0621951219513
3365,3210,581.6812040354517,724.1264991514238,976.9536585365853,484.2219512195122
3365,3211,581.6812040354517,724.1264991514238,977.0719512195121,487.38170731707316
3365,3212,581.6812040354517,724.1264991514238,977.190243902439,490.5414634146342
3365,3213,581.6812040354517,724.1264991514238,977.3085365853658,493.70121951219517
3365,3214,581.6812040354517,724.1264991514238,977.4268292682926,496.8609756097561
3365,3215,581.6812040354517,724.1264991514238,977.5451219512195,500.0207317073171
3365,3216,581.6812040354517,724.1264991514238,977.6634146341463,503.1804878048781
3365,3217,581.6812040354517,724.1264991514238,977.7817073170731,506.34024390243906
3365,3218,581.6812040354517,724.1264991514238,977.9,509.5
3365,3219,581.6812040354517,724.1264991514238,977.9,509.5
3365,3220,581.6812040354517,724.1264991514238,977.9,509.5
3365,3221,581.6812040354517,724.1264991514238,977.9,509.5
3365,3222,581.6812040354517,724.1264991514238,977.9,509.5
3365,3223,581.6812040354517,724.1264991514238,977.9,509.5
3365,3224,581.6812040354517,724.1264991514238,977.9,509.5
3365,3225,581.6812040354517,724.1264991514238,977.9,509.5
3365,3226,581.6812040354517,724.1264991514238,977.9,509.5
3365,3227,581.6812040354517,724.1264991514238,977.9,509.5
3365,3228,581.6812040354517,724.1264991514238,977.9,509.5
3365,3229,581.6812040354517,724.1264991514238,977.9,509.5
3365,3230,581.6812040354517,724.1264991514238,977.9,509.5
3365,3231,581.6812040354517,724.1264991514238,977.9,509.5
3365,3232,581.6812040354517,724.1264991514238,977.9,509.5
3365,3233,581.6812040354517,724.1264991514238,977.9,509.5
3365,3234,581.6812040354517,724.1264991514238,977.9,509.5
3365,3235,581.6812040354517,724.1264991514238,977.9,509.5
3365,3236,581.6812040354517,724.1264991514238,977.9,509.5
3365,3237,581.6812040354517,724.1264991514238,977.9,509.5
3365,3238,581.6812040354517,724.1264991514238,977.9,509.5
3365,3239,581.6812040354517,724.1264991514238,977.9,509.5
3365,3240,581.6812040354517,724.1264991514238,977.9,509.5
3365,3241,581.6812040354517,724.1264991514238,977.9,509.5
3365,3242,581.6812040354517,724.1264991514238,977.9,509.5
3365,3243,581.6812040354517,724.1264991514238,977.9,509.5
3365,3244,581.6812040354517,724.1264991514238,977.9,509.5
3365,3245,581.6812040354517,724.1264991514238,977.9,509.5
3365,3246,581.6812040354517,724.1264991514238,977.9,509.5
3365,3247,581.6812040354517,724.1264991514238,977.9,509.5
3365,3248,581.6812040354517,724.1264991514238,977.9,509.5
3365,3249,581.6812040354517,724.1264991514238,977.9,509.5
3365,3250,581.6812040354517,724.1264991514238,977.9,509.5
3365,3251,581.6812040354517,724.1264991514238,977.9,509.5
3365,3252,581.6812040354517,724.1264991514238,977.9,509.5
3365,3253,581.6812040354517,724.1264991514238,977.9,509.5
3365,3254,581.6812040354517,724.1264991514238,977.9,509.5
3365,3255,581.6812040354517,724.1264991514238,977.9,509.5
3365,3256,581.6812040354517,724.1264991514238,977.9,509.5
3365,3257,581.6812040354517,724.1264991514238,977.9,509.5
3365,3258,581.6812040354517,724.1264991514238,977.9,509.5
3365,3259,581.6812040354517,724.1264991514238,977.9,509.5
3365,3260,581.6812040354517,724.1264991514238,977.9,509.5
3365,3261,581.6812040354517,724.1264991514238,977.9,509.5
3365,3262,581.6812040354517,724.1264991514238,977.9,509.5
3365,3263,581.6812040354517,724.1264991514238,977.9,509.5
3365,3264,581.6812040354517,724.1264991514238,977.9,509.5
3365,3265,581.6812040354517,724.1264991514238,977.9,509.5
3365,3266,581.6812040354517,724.1264991514238,977.9,509.5
3365,3267,581.6812040354517,724.1264991514238,977.9,509.5
3365,3268,581.6812040354517,724.1264991514238,977.9,509.5
3365,3269,581.6812040354517,724.1264991514238,977.9,509.5
3365,3270,581.6812040354517,724.1264991514238,977.9,509.5
3365,3271,581.6812040354517,724.1264991514238,977.9,509.5
3365,3272,581.6812040354517,724.1264991514238,977.9,509.5
3365,3273,581.6812040354517,724.1264991514238,977.9,509.5
3365,3274,581.6812040354517,724.1264991514238,977.9,509.5
3365,3275,581.6812040354517,724.1264991514238,977.9,509.5
3365,3276,581.6812040354517,724.1264991514238,977.9,509.5
3365,3277,581.6812040354517,724.1264991514238,977.9,509.5
3365,3278,581.6812040354517,724.1264991514238,977.9,509.5
3365,3279,581.6812040354517,724.1264991514238,977.9,509.5
3365,3280,581.6812040354517,724.1264991514238,977.9,509.5
3365,3281,581.6812040354517,724.1264991514238,977.9,509.5
3365,3282,581.6812040354517,724.1264991514238,977.9,509.5
3365,3283,581.6812040354517,724.1264991514238,977.9,509.5
3365,3284,581.6812040354517,724.1264991514238,977.9,509.5
3365,3285,581.6812040354517,724.1264991514238,977.9,509.5
3365,3286,581.6812040354517,724.1264991514238,977.9,509.5
3365,3287,581.6812040354517,724.1264991514238,977.9,509.5
3365,3288,581.6812040354517,724.1264991514238,977.9,509.5
3365,3289,581.6812040354517,724.1264991514238,977.9,509.5
3365,3290,581.6812040354517,724.1264991514238,977.9,509.5
3365,3291,581.6812040354517,724.1264991514238,977.9,509.5
3365,3292,581.6812040354517,724.1264991514238,977.9,509.5
3365,3293,581.6812040354517,724.1264991514238,977.9,509.5
3365,3294,581.6812040354517,724.1264991514238,977.9,509.5
3365,3295,581.6812040354517,724.1264991514238,977.9,509.5
3365,3296,581.6812040354517,724.1264991514238,977.9,509.5
3365,3297,581.6812040354517,724.1264991514238,977.9,509.5
3365,3298,581.6812040354517,724.1264991514238,977.9,509.5
3365,3299,581.6812040354517,724.1264991514238,977.9,509.5
3365,3300,581.6812040354517,724.1264991514238,977.9,509.5
3365,3301,581.6812040354517,724.1264991514238,977.9,509.5
3365,3302,581.6812040354517,724.1264991514238,977.9,509.5
3365,3303,581.6812040354517,724.1264991514238,977.9,509.5
3365,3304,581.6812040354517,724.1264991514238,977.9,509.5
3365,3305,581.6812040354517,724.1264991514238,977.9,509.5
3365,3306,581.6812040354517,724.1264991514238,977.9,509.5
3365,3307,581.6812040354517,724.1264991514238,977.9,509.5
3365,3308,581.6812040354517,724.1264991514238,977.9,509.5
3365,3309,581.6812040354517,724.1264991514238,977.9,509.5
3365,3310,581.6812040354517,724.1264991514238,977.9,509.5
3365,3311,581.6812040354517,724.1264991514238,977.9,509.5
3365,3312,581.6812040354517,724.1264991514238,977.9,509.5
3365,3313,581.6812040354517,724.1264991514238,977.9,509.5
3365,3314,581.6812040354517,724.1264991514238,977.9,509.5
3365,3315,581.6812040354517,724.1264991514238,977.9,509.5
3365,3316,581.6812040354517,724.1264991514238,977.9,509.5
3365,3317,581.6812040354517,724.1264991514238,977.9,509.5
3365,3318,581.6812040354517,724.1264991514238,977.9,509.5
3365,3319,581.6812040354517,724.1264991514238,977.9,509.5
3365,3320,581.6812040354517,724.1264991514238,977.9,509.5
3365,3321,581.6812040354517,724.1264991514238,977.9,509.5
3365,3322,581.6812040354517,724.1264991514238,977.9,509.5
3365,3323,581.6812040354517,724.1264991514238,978.09375,518.1
3365,3324,581.6812040354517,724.1264991514238,978.2875,526.7
3365,3325,581.6812040354517,724.1264991514238,978.4812499999999,535.3
3365,3326,581.6812040354517,724.1264991514238,978.675,543.9
3365,3327,581.6812040354517,724.1264991514238,978.86875,552.5
3365,3328,581.6812040354517,724.1264991514238,979.0625,561.1
3365,3329,581.6812040354517,724.1264991514238,979.25625,569.7
3365,3330,581.6812040354517,724.1264991514238,979.45,578.3
3365,3331,581.6812040354517,724.1264991514238,979.64375,586.9
3365,3332,581.6812040354517,724.1264991514238,979.8375,595.5
3365,3333,581.6812040354517,724.1264991514238,980.03125,604.1
3365,3334,581.6812040354517,724.1264991514238,980.225,612.7
3365,3335,581.6812040354517,724.1264991514238,980.41875,621.3
3365,3336,581.6812040354517,724.1264991514238,980.6125,629.9
3365,3337,581.6812040354517,724.1264991514238,980.80625,638.5
3365,3338,581.6812040354517,724.1264991514238,981.0,647.1
3365,3339,581.6812040354517,724.1264991514238,981.0,647.1
3365,3340,581.6812040354517,724.1264991514238,981.0,647.1
3365,3341,581.6812040354517,724.1264991514238,981.0,647.1
3365,3342,581.6812040354517,724.1264991514238,981.0,647.1
3365,3343,581.6812040354517,724.1264991514238,981.0,647.1
3365,3344,581.6812040354517,724.1264991514238,981.0,647.1
3365,3345,581.6812040354517,724.1264991514238,981.0,647.1
3365,3346,581.6812040354517,724.1264991514238,981.0,647.1
3365,3347,581.6812040354517,724.1264991514238,981.0,647.1
3365,3348,581.6812040354517,724.1264991514238,981.0,647.1
3365,3349,581.6812040354517,724.1264991514238,981.0,647.1
3365,3350,581.6812040354517,724.1264991514238,981.0,647.1
3365,3351,581.6812040354517,724.1264991514238,981.0,647.1
3365,3352,581.6812040354517,724.1264991514238,981.0,647.1
3365,3353,581.6812040354517,724.1264991514238,981.0,647.1
3365,3354,581.6812040354517,724.1264991514238,981.0,647.1
3365,3355,581.6812040354517,724.1264991514238,981.0,647.1
3365,3356,581.6812040354517,724.1264991514238,981.0,647.1
3365,3357,581.6812040354517,724.1264991514238,981.0,647.1
3365,3358,581.6812040354517,724.1264991514238,981.0,647.1
3365,3359,581.6812040354517,724.1264991514238,981.0,647.1
3365,3360,581.6812040354517,724.1264991514238,981.0,647.1
3365,3361,581.6812040354517,724.1264991514238,981.0,647.1
3365,3362,581.6812040354517,724.1264991514238,981.0,647.1
3365,3363,581.6812040354517,724.1264991514238,981.0,647.1
3365,3364,581.6812040354517,724.1264991514238,981.0,647.1
3365,3365,581.6812040354517,724.1264991514238,981.0,647.1
3365,3366,581.6812040354517,724.1264991514238,981.0,647.1
3365,3367,581.6812040354517,724.1264991514238,981.0,647.1
3365,3368,581.6812040354517,724.1264991514238,981.0,647.1
3365,3369,581.6812040354517,724.1264991514238,981.0,647.1
3365,3370,581.6812040354517,724.1264991514238,981.0,647.1
3365,3371,581.6812040354517,724.1264991514238,981.0,647.1
3365,3372,581.6812040354517,724.1264991514238,981.0,647.1
3365,3373,581.6812040354517,724.1264991514238,981.0,647.1
3365,3374,581.6812040354517,724.1264991514238,981.0,647.1
3365,3375,581.6812040354517,724.1264991514238,981.0,647.1
3365,3376,581.6812040354517,724.1264991514238,981.0,647.1
3365,3377,581.6812040354517,724.1264991514238,981.0,647.1
3365,3378,581.6812040354517,724.1264991514238,981.0,647.1
3365,3379,581.6812040354517,724.1264991514238,981.0,647.1
3365,3380,581.6812040354517,724.1264991514238,981.0,647.1
3365,3381,581.6812040354517,724.1264991514238,981.0,647.1
3365,3382,581.6812040354517,724.1264991514238,981.0,647.1
3365,3383,581.6812040354517,724.1264991514238,981.0,647.1
3365,3384,581.6812040354517,724.1264991514238,981.0,647.1
3365,3385,581.6812040354517,724.1264991514238,981.0,647.1
3365,3386,581.6812040354517,724.1264991514238,981.0,647.1
3365,3387,581.6812040354517,724.1264991514238,981.0,647.1
3365,3388,581.6812040354517,724.1264991514238,981.0,647.1
3365,3389,581.6812040354517,724.1264991514238,981.0,647.1
3365,3390,581.6812040354517,724.1264991514238,981.0,647.1
3365,3391,581.6812040354517,724.1264991514238,981.0,647.1
3365,3392,581.6812040354517,724.1264991514238,981.0,647.1
3365,3393,581.6812040354517,724.1264991514238,981.0,647.1
3365,3394,581.6812040354517,724.1264991514238,981.0,647.1
3365,3395,581.6812040354517,724.1264991514238,981.0,647.1
3365,3396,581.6812040354517,724.1264991514238,981.0,647.1
3365,3397,581.6812040354517,724.1264991514238,981.0,647.1
3365,3398,581.6812040354517,724.1264991514238,981.0,647.1
3365,3399,581.6812040354517,724.1264991514238,981.0,647.1
3365,3400,581.6812040354517,724.1264991514238,981.0,647.1
3365,3401,581.6812040354517,724.1264991514238,981.0,647.1
3365,3402,581.6812040354517,724.1264991514238,981.0,647.1
3365,3403,581.6812040354517,724.1264991514238,981.0,647.1
3365,3404,581.6812040354517,724.1264991514238,981.0,647.1
3365,3405,581.6812040354517,724.1264991514238,981.0,647.1
3365,3406,601.6812040354517,706.1264991514238,981.0,647.1
3365,3407,601.6812040354517,706.1264991514238,981.0,647.1
3365,3408,601.6812040354517,706.1264991514238,981.0,647.1
3365,3409,601.6812040354517,706.1264991514238,981.0,647.1
3365,3410,601.6812040354517,706.1264991514238,981.0,647.1
3365,3411,601.6812040354517,706.1264991514238,981.0,647.1
3365,3412,601.6812040354517,706.1264991514238,981.0,647.1
3365,3413,601.6812040354517,706.1264991514238,981.0,647.1
3365,3414,601.6812040354517,706.1264991514238,981.0,647.1
3365,3415,601.6812040354517,706.1264991514238,981.0,647.1
3365,3416,601.6812040354517,706.1264991514238,981.0,647.1
3365,3417,601.6812040354517,706.1264991514238,981.0,647.1
3365,3418,601.6812040354517,706.1264991514238,981.0,647.1
3365,3419,601.6812040354517,706.1264991514238,981.0,647.1
3365,3420,601.6812040354517,706.1264991514238,981.0,647.1
3365,3421,601.6812040354517,706.1264991514238,981.0,647.1
3365,3422,601.6812040354517,706.1264991514238,981.0,647.1
3365,3423,601.6812040354517,706.1264991514238,981.0,647.1
3365,3424,601.6812040354517,706.1264991514238,981.0,647.1
3365,3425,601.6812040354517,706.1264991514238,981.0,647.1
3365,3426,601.6812040354517,706.1264991514238,981.0,647.1
3365,3427,601.6812040354517,706.1264991514238,981.0,647.1
3365,3428,601.6812040354517,706.1264991514238,981.0,647.1
3365,3429,601.6812040354517,706.1264991514238,981.0,647.1
3365,3430,601.6812040354517,706.1264991514238,981.0,647.1
3365,3431,601.6812040354517,706.1264991514238,981.0,647.1
3365,3432,601.6812040354517,706.1264991514238,981.0,647.1
3365,3433,601.6812040354517,706.1264991514238,981.0,647.1
3365,3434,601.6812040354517,706.1264991514238,981.0,647.1
3365,3435,601.6812040354517,706.1264991514238,981.0,647.1
3365,3436,601.6812040354517,706.1264991514238,981.0,647.1
3365,3437,601.6812040354517,706.1264991514238,981.0,647.1
3365,3438,601.6812040354517,706.1264991514238,981.0,647.1
3365,3439,601.6812040354517,706.1264991514238,981.0,647.1
3365,3440,621.6812040354517,689.1264991514238,981.0,647.1
3365,3441,621.6812040354517,689.1264991514238,981.0,647.1
3365,3442,621.6812040354517,689.1264991514238,971.6814814814815,652.5703703703704
3365,3443,621.6812040354517,689.1264991514238,962.3629629629629,658.0407407407407
3365,3444,621.6812040354517,689.1264991514238,953.0444444444445,663.5111111111112
3365,3445,621.6812040354517,689.1264991514238,943.7259259259259,668.9814814814815
3365,3446,621.6812040354517,689.1264991514238,934.4074074074074,674.4518518518519
3365,3447,621.6812040354517,689.1264991514238,925.0888888888888,679.9222222222222
3365,3448,621.6812040354517,689.1264991514238,915.7703703703703,685.3925925925926
3365,3449,621.6812040354517,689.1264991514238,906.4518518518519,690.8629629629629
3365,3450,621.6812040354517,689.1264991514238,897.1333333333333,696.3333333333334
3365,3451,621.6812040354517,689.1264991514238,887.8148148148148,701.8037037037037
3365,3452,621.6812040354517,689.1264991514238,878.4962962962962,707.2740740740741
3365,3453,621.6812040354517,689.1264991514238,869.1777777777778,712.7444444444444
3365,3454,621.6812040354517,689.1264991514238,859.8592592592593,718.2148148148149
3365,3455,621.6812040354517,689.1264991514238,850.5407407407407,723.6851851851852
3365,3456,621.6812040354517,689.1264991514238,841.2222222222222,729.1555555555556
3365,3457,621.6812040354517,689.1264991514238,831.9037037037037,734.6259259259259
3365,3458,621.6812040354517,689.1264991514238,822.5851851851852,740.0962962962963
3365,3459,621.6812040354517,689.1264991514238,813.2666666666667,745.5666666666666
3365,3460,621.6812040354517,689.1264991514238,803.9481481481481,751.037037037037
3365,3461,621.6812040354517,689.1264991514238,794.6296296296296,756.5074074074074
3365,3462,621.6812040354517,689.1264991514238,785.3111111111111,761.9777777777778
3365,3463,621.6812040354517,689.1264991514238,775.9925925925926,767.4481481481481
3365,3464,621.6812040354517,689.1264991514238,766.674074074074,772.9185185185185
3365,3465,621.6812040354517,689.1264991514238,757.3555555555555,778.3888888888889
3365,3466,621.6812040354517,689.1264991514238,748.037037037037,783.8592592592593
3365,3467,621.6812040354517,689.1264991514238,738.7185185185185,789.3296296296296
3365,3468,621.6812040354517,689.1264991514238,729.4,794.8
3365,3469,621.6812040354517,689.1264991514238,729.4,794.8
3365,3470,621.6812040354517,689.1264991514238,729.4,794.8
3365,3471,621.6812040354517,689.1264991514238,729.4,794.8
3365,3472,621.6812040354517,689.1264991514238,729.4,794.8
3365,3473,621.6812040354517,689.1264991514238,729.4,794.8
3365,3474,621.6812040354517,689.1264991514238,729.4,794.8
3365,3475,621.6812040354517,689.1264991514238,729.4,794.8
3365,3476,621.6812040354517,689.1264991514238,729.4,794.8
3365,3477,621.6812040354517,689.1264991514238,729.4,794.8
3365,3478,621.6812040354517,689.1264991514238,729.4,794.8
3365,3479,621.6812040354517,689.1264991514238,729.4,794.8
3365,3480,621.6812040354517,689.1264991514238,729.4,794.8
3365,3481,642.6812040354517,672.1264991514238,729.4,794.8
3365,3482,642.6812040354517,672.1264991514238,729.4,794.8
3365,3483,642.6812040354517,672.1264991514238,729.4,794.8
3365,3484,642.6812040354517,672.1264991514238,729.4,794.8
3365,3485,642.6812040354517,672.1264991514238,729.4,794.8
3365,3486,642.6812040354517,672.1264991514238,729.4,794.8
3365,3487,642.6812040354517,672.1264991514238,729.4,794.8
3365,3488,642.6812040354517,672.1264991514238,729.4,794.8
3365,3489,642.6812040354517,672.1264991514238,729.4,794.8
3365,3490,642.6812040354517,672.1264991514238,729.4,794.8
3365,3491,642.6812040354517,672.1264991514238,729.4,794.8
3365,3492,642.6812040354517,672.1264991514238,729.4,794.8
3365,3493,642.6812040354517,672.1264991514238,729.4,794.8
3365,3494,642.6812040354517,672.1264991514238,729.4,794.8
3365,3495,642.6812040354517,672.1264991514238,729.4,794.8
3365,3496,642.6812040354517,672.1264991514238,729.4,794.8
3365,3497,642.6812040354517,672.1264991514238,729.4,794.8
3365,3498,642.6812040354517,672.1264991514238,729.4,794.8
3365,3499,642.6812040354517,672.1264991514238,729.4,794.8
3365,3500,642.6812040354517,672.1264991514238,729.4,794.8
3365,3501,642.6812040354517,672.1264991514238,729.4,794.8
3365,3502,642.6812040354517,672.1264991514238,729.4,794.8
3365,3503,642.6812040354517,672.1264991514238,729.4,794.8
3365,3504,642.6812040354517,672.1264991514238,729.4,794.8
3365,3505,642.6812040354517,672.1264991514238,729.4,794.8
3365,3506,663.6812040354517,655.1264991514238,729.4,794.8
3365,3507,663.6812040354517,655.1264991514238,729.4,794.8
3365,3508,663.6812040354517,655.1264991514238,729.4,794.8
3365,3509,663.6812040354517,655.1264991514238,729.4,794.8
3365,3510,663.6812040354517,655.1264991514238,729.4,794.8
3365,3511,663.6812040354517,655.1264991514238,729.4,794.8
3365,3512,663.6812040354517,655.1264991514238,729.4,794.8
3365,3513,663.6812040354517,655.1264991514238,729.4,794.8
3365,3514,663.6812040354517,655.1264991514238,729.4,794.8
3365,3515,663.6812040354517,655.1264991514238,729.4,794.8
3365,3516,663.6812040354517,655.1264991514238,729.4,794.8
3365,3517,663.6812040354517,655.1264991514238,729.4,794.8
3365,3518,663.6812040354517,655.1264991514238,729.4,794.8
3365,3519,663.6812040354517,655.1264991514238,729.4,794.8
3365,3520,663.6812040354517,655.1264991514238,729.4,794.8
3365,3521,663.6812040354517,655.1264991514238,729.4,794.8
3365,3522,663.6812040354517,655.1264991514238,729.4,794.8
3365,3523,663.6812040354517,655.1264991514238,729.4,794.8
3365,3524,663.6812040354517,655.1264991514238,729.4,794.8
3365,3525,663.6812040354517,655.1264991514238,729.4,794.8
3365,3526,663.6812040354517,655.1264991514238,729.4,794.8
3365,3527,663.6812040354517,655.1264991514238,729.4,794.8
3365,3528,663.6812040354517,655.1264991514238,729.4,794.8
3365,3529,663.6812040354517,655.1264991514238,729.4,794.8
3365,3530,663.6812040354517,655.1264991514238,729.4,794.8
3365,3531,663.6812040354517,655.1264991514238,729.4,794.8
3365,3532,663.6812040354517,655.1264991514238,729.4,794.8
3365,3533,663.6812040354517,655.1264991514238,729.4,794.8
3365,3534,663.6812040354517,655.1264991514238,729.4,794.8
3365,3535,663.6812040354517,655.1264991514238,729.4,794.8
3365,3536,663.6812040354517,655.1264991514238,729.4,794.8
3365,3537,663.6812040354517,655.1264991514238,729.4,794.8
3365,3538,663.6812040354517,655.1264991514238,729.4,794.8
3365,3539,663.6812040354517,655.1264991514238,729.4,794.8
3365,3540,663.6812040354517,655.1264991514238,729.4,794.8
3365,3541,663.6812040354517,655.1264991514238,729.4,794.8
3365,3542,663.6812040354517,655.1264991514238,729.4,794.8
3365,3543,663.6812040354517,655.1264991514238,729.4,794.8
3365,3544,663.6812040354517,655.1264991514238,729.4,794.8
3365,3545,663.6812040354517,655.1264991514238,729.4,794.8
3365,3546,663.6812040354517,655.1264991514238,729.4,794.8
3365,3547,663.6812040354517,655.1264991514238,729.4,794.8
3365,3548,663.6812040354517,655.1264991514238,729.4,794.8
3365,3549,663.6812040354517,655.1264991514238,729.4,794.8
3365,3550,663.6812040354517,655.1264991514238,729.4,794.8
3365,3551,663.6812040354517,655.1264991514238,729.4,794.8
3365,3552,663.6812040354517,655.1264991514238,729.4,794.8
3365,3553,663.6812040354517,655.1264991514238,729.4,794.8
3365,3554,663.6812040354517,655.1264991514238,729.4,794.8
3365,3555,663.6812040354517,655.1264991514238,729.4,794.8
3365,3556,663.6812040354517,655.1264991514238,729.4,794.8
3365,3557,663.6812040354517,655.1264991514238,729.4,794.8
3365,3558,663.6812040354517,655.1264991514238,729.4,794.8
3365,3559,663.6812040354517,655.1264991514238,729.4,794.8
3365,3560,663.6812040354517,655.1264991514238,729.4,794.8
3365,3561,663.6812040354517,655.1264991514238,729.4,794.8
3365,3562,663.6812040354517,655.1264991514238,729.4,794.8
3365,3563,663.6812040354517,655.1264991514238,729.4,794.8
3365,3564,663.6812040354517,655.1264991514238,729.4,794.8
3365,3565,663.6812040354517,655.1264991514238,729.4,794.8
3365,3566,663.6812040354517,655.1264991514238,729.4,794.8
3366,3567,663.6812040354517,655.1264991514238,729.4,794.8
3367,3568,663.6812040354517,655.1264991514238,729.4,794.8
3368,3569,663.6812040354517,655.1264991514238,729.4,794.8
3369,3570,663.6812040354517,655.1264991514238,729.4,794.8
3370,3571,663.6812040354517,655.1264991514238,729.4,794.8
3371,3572,663.6812040354517,655.1264991514238,729.4,794.8
3372,3573,663.6812040354517,655.1264991514238,729.4,794.8
3373,3574,663.6812040354517,655.1264991514238,729.4,794.8
3374,3575,663.6812040354517,655.1264991514238,729.4,794.8
3375,3576,663.6812040354517,655.1264991514238,729.4,794.8
3376,3577,663.6812040354517,655.1264991514238,729.4,794.8
3377,3578,663.6812040354517,655.1264991514238,729.4,794.8
3378,3579,663.6812040354517,655.1264991514238,729.4,794.8
3379,3580,663.6812040354517,655.1264991514238,729.4,794.8
3380,3581,663.6812040354517,655.1264991514238,729.4,794.8
3381,3582,663.6812040354517,655.1264991514238,729.4,794.8
3382,3583,663.6812040354517,655.1264991514238,729.4,794.8
3383,3584,663.6812040354517,655.1264991514238,729.4,794.8
3384,3585,663.6812040354517,655.1264991514238,729.4,794.8
3385,3586,663.6812040354517,655.1264991514238,729.4,794.8
3386,3587,663.6812040354517,655.1264991514238,729.4,794.8
3387,3588,663.6812040354517,655.1264991514238,729.4,794.8
3388,3589,663.6812040354517,655.1264991514238,729.4,794.8
3389,3590,663.6812040354517,655.1264991514238,729.4,794.8
3390,3591,663.6812040354517,655.1264991514238,729.4,794.8
3391,3592,663.6812040354517,655.1264991514238,729.4,794.8
3392,3593,663.6812040354517,655.1264991514238,729.4,794.8
3393,3594,663.6812040354517,655.1264991514238,729.4,794.8
3394,3595,663.6812040354517,655.1264991514238,729.4,794.8
3395,3596,663.6812040354517,655.1264991514238,729.4,794.8
3396,3597,663.6812040354517,655.1264991514238,729.4,794.8
3397,3598,663.6812040354517,655.1264991514238,729.4,794.8
3398,3599,663.6812040354517,655.1264991514238,740.6,789.685294117647
3399,3600,663.6812040354517,655.1264991514238,751.8,784.570588235294
3400,3601,663.6812040354517,655.1264991514238,763.0,779.4558823529411
3401,3602,663.6812040354517,655.1264991514238,774.2,774.3411764705882
3402,3603,663.6812040354517,655.1264991514238,785.4,769.2264705882352
3403,3604,663.6812040354517,655.1264991514238,796.6,764.1117647058823
3404,3605,663.6812040354517,655.1264991514238,807.8,758.9970588235294
3405,3606,663.6812040354517,655.1264991514238,819.0,753.8823529411765
3406,3607,634.6812040354517,704.1264991514238,830.2,748.7676470588235
3407,3608,634.6812040354517,704.1264991514238,841.4,743.6529411764706
3408,3609,634.6812040354517,704.1264991514238,852.6,738.5382352941176
3409,3610,634.6812040354517,704.1264991514238,863.8,733.4235294117647
3410,3611,634.6812040354517,704.1264991514238,875.0,728.3088235294117
3411,3612,634.6812040354517,704.1264991514238,886.2,723.1941176470588
3412,3613,634.6812040354517,704.1264991514238,897.4000000000001,718.0794117647058
3413,3614,634.6812040354517,704.1264991514238,908.6,712.9647058823529
3414,3615,634.6812040354517,704.1264991514238,919.8,707.8499999999999
3415,3616,634.6812040354517,704.1264991514238,931.0,702.7352941176471
3416,3617,634.6812040354517,704.1264991514238,942.2,697.6205882352941
3417,3618,634.6812040354517,704.1264991514238,953.4000000000001,692.5058823529412
3418,3619,634.6812040354517,704.1264991514238,964.6,687.3911764705882
3419,3620,634.6812040354517,704.1264991514238,975.8000000000001,682.2764705882353
3420,3621,634.6812040354517,704.1264991514238,987.0,677.1617647058823
3421,3622,634.6812040354517,704.1264991514238,998.2,672.0470588235294
3422,3623,634.6812040354517,704.1264991514238,1009.4000000000001,666.9323529411764
3423,3624,634.6812040354517,704.1264991514238,1020.6,661.8176470588235
3424,3625,634.6812040354517,704.1264991514238,1031.8000000000002,656.7029411764705
3425,3626,634.6812040354517,704.1264991514238,1043.0,651.5882352941176
3426,3627,634.6812040354517,704.1264991514238,1054.2,646.4735294117647
3427,3628,634.6812040354517,704.1264991514238,1065.4,641.3588235294117
3428,3629,634.6812040354517,704.1264991514238,1076.6000000000001,636.2441176470588
3429,3630,634.6812040354517,704.1264991514238,1087.8000000000002,631.1294117647059
3430,3631,634.6812040354517,704.1264991514238,1099.0,626.0147058823529
3431,3632,634.6812040354517,704.1264991514238,1110.2,620.9
3432,3633,634.6812040354517,704.1264991514238,1110.2,620.9
3433,3634,634.6812040354517,704.1264991514238,1110.2,620.9
3434,3635,634.6812040354517,704.1264991514238,1110.2,620.9
3435,3636,634.6812040354517,704.1264991514238,1110.2,620.9
3436,3637,634.6812040354517,704.1264991514238,1110.2,620.9
3437,3638,634.6812040354517,704.1264991514238,1110.2,620.9
3438,3639,634.6812040354517,704.1264991514238,1110.2,620.9
3439,3640,634.6812040354517,704.1264991514238,1110.2,620.9
3440,3641,634.6812040354517,704.1264991514238,1110.2,620.9
3441,3642,634.6812040354517,704.1264991514238,1110.2,620.9
3442,3643,634.6812040354517,704.1264991514238,1110.2,620.9
3443,3644,634.6812040354517,704.1264991514238,1110.2,620.9
3444,3645,634.6812040354517,704.1264991514238,1110.2,620.9
3445,3646,634.6812040354517,704.1264991514238,1110.2,620.9
3446,3647,634.6812040354517,704.1264991514238,1110.2,620.9
3447,3648,634.6812040354517,704.1264991514238,1110.2,620.9
3448,3649,634.6812040354517,704.1264991514238,1110.2,620.9
3449,3650,634.6812040354517,704.1264991514238,1110.2,620.9
3450,3651,634.6812040354517,704.1264991514238,1110.2,620.9
3451,3652,634.6812040354517,704.1264991514238,1110.2,620.9
3452,3653,634.6812040354517,704.1264991514238,1110.2,620.9
3453,3654,634.6812040354517,704.1264991514238,1110.2,620.9
3454,3655,634.6812040354517,704.1264991514238,1110.2,620.9
3455,3656,634.6812040354517,704.1264991514238,1110.2,620.9
3456,3657,634.6812040354517,704.1264991514238,1110.2,620.9
3457,3658,634.6812040354517,704.1264991514238,1110.2,620.9
3458,3659,634.6812040354517,704.1264991514238,1110.2,620.9
3459,3660,634.6812040354517,704.1264991514238,1110.2,620.9
3460,3661,634.6812040354517,704.1264991514238,1110.2,620.9
3461,3662,634.6812040354517,704.1264991514238,1110.2,620.9
3462,3663,634.6812040354517,704.1264991514238,1110.2,620.9
3463,3664,634.6812040354517,704.1264991514238,1110.2,620.9
3464,3665,634.6812040354517,704.1264991514238,1110.2,620.9
3465,3666,634.6812040354517,704.1264991514238,1110.2,620.9
3466,3667,634.6812040354517,704.1264991514238,1110.2,620.9
3467,3668,634.6812040354517,704.1264991514238,1110.2,620.9
3468,3669,634.6812040354517,704.1264991514238,1110.2,620.9
3469,3670,634.6812040354517,704.1264991514238,1110.2,620.9
3470,3671,634.6812040354517,704.1264991514238,1110.2,620.9
3471,3672,634.6812040354517,704.1264991514238,1110.2,620.9
3472,3673,634.6812040354517,704.1264991514238,1110.2,620.9
3473,3674,634.6812040354517,704.1264991514238,1110.2,620.9
3474,3675,634.6812040354517,704.1264991514238,1110.2,620.9
3475,3676,634.6812040354517,704.1264991514238,1110.2,620.9
3476,3677,634.6812040354517,704.1264991514238,1110.2,620.9
3477,3678,634.6812040354517,704.1264991514238,1110.2,620.9
3478,3679,634.6812040354517,704.1264991514238,1110.2,620.9
3479,3680,634.6812040354517,704.1264991514238,1110.2,620.9
3480,3681,634.6812040354517,704.1264991514238,1110.2,620.9
3481,3682,634.6812040354517,704.1264991514238,1110.2,620.9
3482,3683,634.6812040354517,704.1264991514238,1110.2,620.9
3483,3684,634.6812040354517,704.1264991514238,1110.2,620.9
3484,3685,634.6812040354517,704.1264991514238,1110.2,620.9
3485,3686,634.6812040354517,704.1264991514238,1110.2,620.9
3486,3687,634.6812040354517,704.1264991514238,1110.2,620.9
3487,3688,634.6812040354517,704.1264991514238,1110.2,620.9
3488,3689,634.6812040354517,704.1264991514238,1110.2,620.9
3489,3690,634.6812040354517,704.1264991514238,1110.2,620.9
3490,3691,634.6812040354517,704.1264991514238,1110.2,620.9
3491,3692,634.6812040354517,704.1264991514238,1110.2,620.9
3492,3693,634.6812040354517,704.1264991514238,1110.2,620.9
3493,3694,634.6812040354517,704.1264991514238,1110.2,620.9
3494,3695,634.6812040354517,704.1264991514238,1110.2,620.9
3495,3696,634.6812040354517,704.1264991514238,1110.2,620.9
3496,3697,634.6812040354517,704.1264991514238,1110.2,620.9
3497,3698,634.6812040354517,704.1264991514238,1110.2,620.9
3498,3699,634.6812040354517,704.1264991514238,1110.2,620.9
3499,3700,634.6812040354517,704.1264991514238,1110.2,620.9
3500,3701,634.6812040354517,704.1264991514238,1110.2,620.9
3501,3702,634.6812040354517,704.1264991514238,1110.2,620.9
3502,3703,634.6812040354517,704.1264991514238,1110.2,620.9
3503,3704,634.6812040354517,704.1264991514238,1110.2,620.9
3504,3705,634.6812040354517,704.1264991514238,1110.2,620.9
3505,3706,634.6812040354517,704.1264991514238,1110.2,620.9
3506,3707,634.6812040354517,704.1264991514238,1110.2,620.9
3507,3708,634.6812040354517,704.1264991514238,1110.2,620.9
3508,3709,634.6812040354517,704.1264991514238,1110.2,620.9
3509,3710,634.6812040354517,704.1264991514238,1110.2,620.9
3510,3711,634.6812040354517,704.1264991514238,1110.2,620.9
3511,3712,634.6812040354517,704.1264991514238,1110.2,620.9
3512,3713,634.6812040354517,704.1264991514238,1110.2,620.9
3513,3714,634.6812040354517,704.1264991514238,1110.2,620.9
3514,3715,634.6812040354517,704.1264991514238,1110.2,620.9
3515,3716,634.6812040354517,704.1264991514238,1110.2,620.9
3516,3717,634.6812040354517,704.1264991514238,1110.2,620.9
3517,3718,634.6812040354517,704.1264991514238,1110.2,620.9
3518,3719,634.6812040354517,704.1264991514238,1110.2,620.9
3519,3720,634.6812040354517,704.1264991514238,1110.2,620.9
3520,3721,634.6812040354517,704.1264991514238,1110.2,620.9
3521,3722,634.6812040354517,704.1264991514238,1110.2,620.9
3522,3723,634.6812040354517,704.1264991514238,1110.2,620.9
3523,3724,634.6812040354517,704.1264991514238,1110.2,620.9
3524,3725,634.6812040354517,704.1264991514238,1110.2,620.9
3525,3726,634.6812040354517,704.1264991514238,1110.2,620.9
3526,3727,634.6812040354517,704.1264991514238,1110.2,620.9
3527,3728,634.6812040354517,704.1264991514238,1110.2,620.9
3528,3729,634.6812040354517,704.1264991514238,1110.2,620.9
3529,3730,634.6812040354517,704.1264991514238,1110.2,620.9
3530,3731,634.6812040354517,704.1264991514238,1110.2,620.9
3531,3732,634.6812040354517,704.1264991514238,1110.2,620.9
3532,3733,634.6812040354517,704.1264991514238,1110.2,620.9
3533,3734,634.6812040354517,704.1264991514238,1110.2,620.9
3534,3735,634.6812040354517,704.1264991514238,1110.2,620.9
3535,3736,634.6812040354517,704.1264991514238,1110.2,620.9
3536,3737,634.6812040354517,704.1264991514238,1110.2,620.9
3537,3738,634.6812040354517,704.1264991514238,1110.2,620.9
3538,3739,634.6812040354517,704.1264991514238,1110.2,620.9
3539,3740,634.6812040354517,704.1264991514238,1110.2,620.9
3540,3741,634.6812040354517,704.1264991514238,1110.2,620.9
3541,3742,634.6812040354517,704.1264991514238,1110.2,620.9
3542,3743,634.6812040354517,704.1264991514238,1110.2,620.9
3543,3744,634.6812040354517,704.1264991514238,1110.2,620.9
3544,3745,634.6812040354517,704.1264991514238,1110.2,620.9
3545,3746,634.6812040354517,704.1264991514238,1110.2,620.9
3546,3747,634.6812040354517,704.1264991514238,1110.2,620.9
3547,3748,634.6812040354517,704.1264991514238,1110.2,620.9
3548,3749,634.6812040354517,704.1264991514238,1110.2,620.9
3549,3750,634.6812040354517,704.1264991514238,1110.2,620.9
3550,3751,634.6812040354517,704.1264991514238,1110.2,620.9
3551,3752,634.6812040354517,704.1264991514238,1110.2,620.9
3552,3753,634.6812040354517,704.1264991514238,1110.2,620.9
3553,3754,634.6812040354517,704.1264991514238,1110.2,620.9
3554,3755,634.6812040354517,704.1264991514238,1110.2,620.9
3555,3756,634.6812040354517,704.1264991514238,1110.2,620.9
3556,3757,634.6812040354517,704.1264991514238,1110.2,620.9
3557,3758,634.6812040354517,704.1264991514238,1110.2,620.9
3558,3759,634.6812040354517,704.1264991514238,1110.2,620.9
3559,3760,634.6812040354517,704.1264991514238,1110.2,620.9
3560,3761,634.6812040354517,704.1264991514238,1110.2,620.9
3561,3762,634.6812040354517,704.1264991514238,1110.2,620.9
3562,3763,634.6812040354517,704.1264991514238,1110.2,620.9
3563,3764,634.6812040354517,704.1264991514238,1110.2,620.9
3564,3765,634.6812040354517,704.1264991514238,1110.2,620.9
3565,3766,634.6812040354517,704.1264991514238,1110.2,620.9
3566,3767,634.6812040354517,704.1264991514238,1110.2,620.9
3567,3768,634.6812040354517,704.1264991514238,1110.2,620.9
3568,3769,634.6812040354517,704.1264991514238,1110.2,620.9
3569,3770,634.6812040354517,704.1264991514238,1110.2,620.9
3570,3771,634.6812040354517,704.1264991514238,1110.2,620.9
3571,3772,634.6812040354517,704.1264991514238,1110.2,620.9
3572,3773,634.6812040354517,704.1264991514238,1110.2,620.9
3573,3774,634.6812040354517,704.1264991514238,1110.2,620.9
3574,3775,634.6812040354517,704.1264991514238,1110.2,620.9
3575,3776,634.6812040354517,704.1264991514238,1110.2,620.9
3576,3777,634.6812040354517,704.1264991514238,1110.2,620.9
3577,3778,634.6812040354517,704.1264991514238,1110.2,620.9
3578,3779,634.6812040354517,704.1264991514238,1110.2,620.9
3579,3780,634.6812040354517,704.1264991514238,1110.2,620.9
3580,3781,634.6812040354517,704.1264991514238,1110.2,620.9
3581,3782,634.6812040354517,704.1264991514238,1110.2,620.9
3582,3783,634.6812040354517,704.1264991514238,1110.2,620.9
3583,3784,634.6812040354517,704.1264991514238,1110.2,620.9
3584,3785,634.6812040354517,704.1264991514238,1110.2,620.9
3585,3786,634.6812040354517,704.1264991514238,1110.2,620.9
3586,3787,634.6812040354517,704.1264991514238,1110.2,620.9
3587,3788,634.6812040354517,704.1264991514238,1110.2,620.9
3588,3789,634.6812040354517,704.1264991514238,1110.2,620.9
3589,3790,634.6812040354517,704.1264991514238,1110.2,620.9
3590,3791,634.6812040354517,704.1264991514238,1110.2,620.9
3591,3792,634.6812040354517,704.1264991514238,1110.2,620.9
3592,3793,634.6812040354517,704.1264991514238,1110.2,620.9
3593,3794,634.6812040354517,704.1264991514238,1110.2,620.9
3594,3795,634.6812040354517,704.1264991514238,1110.2,620.9
3595,3796,634.6812040354517,704.1264991514238,1110.2,620.9
3596,3797,634.6812040354517,704.1264991514238,1110.2,620.9
3597,3798,634.6812040354517,704.1264991514238,1110.2,620.9
3598,3799,634.6812040354517,704.1264991514238,1110.2,620.9
3599,3800,634.6812040354517,704.1264991514238,1110.2,620.9
3600,3801,634.6812040354517,704.1264991514238,1110.2,620.9
3601,3802,634.6812040354517,704.1264991514238,1110.2,620.9
3602,3803,634.6812040354517,704.1264991514238,1110.2,620.9
3603,3804,634.6812040354517,704.1264991514238,1110.2,620.9
3604,3805,634.6812040354517,704.1264991514238,1110.2,620.9
3605,3806,932.6812040354517,692.1264991514238,1110.2,620.9
3606,3807,932.6812040354517,692.1264991514238,1110.2,620.9
3607,3808,932.6812040354517,692.1264991514238,1110.2,620.9
3608,3809,932.6812040354517,692.1264991514238,1110.2,620.9
3609,3810,932.6812040354517,692.1264991514238,1110.2,620.9
3610,3811,932.6812040354517,692.1264991514238,1110.2,620.9
3611,3812,932.6812040354517,692.1264991514238,1110.2,620.9
3612,3813,932.6812040354517,692.1264991514238,1110.2,620.9
3613,3814,932.6812040354517,692.1264991514238,1110.2,620.9
3614,3815,932.6812040354517,692.1264991514238,1110.2,620.9
3615,3816,932.6812040354517,692.1264991514238,1110.2,620.9
3616,3817,932.6812040354517,692.1264991514238,1110.2,620.9
3617,3818,932.6812040354517,692.1264991514238,1110.2,620.9
3618,3819,932.6812040354517,692.1264991514238,1110.2,620.9
3619,3820,932.6812040354517,692.1264991514238,1110.2,620.9
3620,3821,932.6812040354517,692.1264991514238,1110.2,620.9
3621,3822,932.6812040354517,692.1264991514238,1110.2,620.9
3622,3823,932.6812040354517,692.1264991514238,1110.2,620.9
3623,3824,932.6812040354517,692.1264991514238,1110.2,620.9
3624,3825,932.6812040354517,692.1264991514238,1110.2,620.9
3625,3826,932.6812040354517,692.1264991514238,1110.2,620.9
3626,3827,932.6812040354517,692.1264991514238,1110.2,620.9
3627,3828,932.6812040354517,692.1264991514238,1110.2,620.9
3628,3829,932.6812040354517,692.1264991514238,1110.2,620.9
3629,3830,932.6812040354517,692.1264991514238,1110.2,620.9
3630,3831,932.6812040354517,692.1264991514238,1110.2,620.9
3631,3832,932.6812040354517,692.1264991514238,1110.2,620.9
3632,3833,932.6812040354517,692.1264991514238,1110.2,620.9
3633,3834,932.6812040354517,692.1264991514238,1110.2,620.9
3634,3835,932.6812040354517,692.1264991514238,1110.2,620.9
3635,3836,932.6812040354517,692.1264991514238,1110.2,620.9
3636,3837,932.6812040354517,692.1264991514238,1110.2,620.9
3637,3838,932.6812040354517,692.1264991514238,1110.2,620.9
3638,3839,932.6812040354517,692.1264991514238,1110.2,620.9
3639,3840,932.6812040354517,692.1264991514238,1110.2,620.9
3640,3841,932.6812040354517,692.1264991514238,1110.2,620.9
3641,3842,932.6812040354517,692.1264991514238,1110.2,620.9
3642,3843,932.6812040354517,692.1264991514238,1110.2,620.9
3643,3844,932.6812040354517,692.1264991514238,1110.2,620.9
3644,3845,932.6812040354517,692.1264991514238,1110.2,620.9
3645,3846,932.6812040354517,692.1264991514238,1110.2,620.9
3646,3847,932.6812040354517,692.1264991514238,1110.2,620.9
3647,3848,932.6812040354517,692.1264991514238,1110.2,620.9
3648,3849,932.6812040354517,692.1264991514238,1110.2,620.9
3649,3850,932.6812040354517,692.1264991514238,1110.2,620.9
3650,3851,932.6812040354517,692.1264991514238,1110.2,620.9
3651,3852,932.6812040354517,692.1264991514238,1110.2,620.9
3652,3853,932.6812040354517,692.1264991514238,1110.2,620.9
3653,3854,932.6812040354517,692.1264991514238,1110.2,620.9
3654,3855,932.6812040354517,692.1264991514238,1110.2,620.9
3655,3856,932.6812040354517,692.1264991514238,1110.2,620.9
3656,3857,932.6812040354517,692.1264991514238,1110.2,620.9
3657,3858,932.6812040354517,692.1264991514238,1110.2,620.9
3658,3859,932.6812040354517,692.1264991514238,1110.2,620.9
3659,3860,932.6812040354517,692.1264991514238,1110.2,620.9
3660,3861,932.6812040354517,692.1264991514238,1110.2,620.9
3661,3862,932.6812040354517,692.1264991514238,1110.2,620.9
3662,3863,932.6812040354517,692.1264991514238,1110.2,620.9
3663,3864,932.6812040354517,692.1264991514238,1110.2,620.9
3664,3865,932.6812040354517,692.1264991514238,1110.2,620.9
3665,3866,932.6812040354517,692.1264991514238,1110.2,620.9
3665,3867,932.6812040354517,692.1264991514238,1110.2,620.9
3665,3868,932.6812040354517,692.1264991514238,1110.2,620.9
3665,3869,932.6812040354517,692.1264991514238,1110.2,620.9
3665,3870,932.6812040354517,692.1264991514238,1110.2,620.9
3665,3871,932.6812040354517,692.1264991514238,1110.2,620.9
3665,3872,932.6812040354517,692.1264991514238,1110.2,620.9
3665,3873,932.6812040354517,692.1264991514238,1110.2,620.9
3665,3874,932.6812040354517,692.1264991514238,1110.2,620.9
3665,3875,932.6812040354517,692.1264991514238,1110.2,620.9
3665,3876,932.6812040354517,692.1264991514238,1110.2,620.9
3665,3877,932.6812040354517,692.1264991514238,1110.2,620.9
3665,3878,932.6812040354517,692.1264991514238,1110.2,620.9
3665,3879,932.6812040354517,692.1264991514238,1110.2,620.9
3665,3880,932.6812040354517,692.1264991514238,1110.2,620.9
3665,3881,932.6812040354517,692.1264991514238,1110.2,620.9
3665,3882,932.6812040354517,692.1264991514238,1110.2,620.9
3665,3883,932.6812040354517,692.1264991514238,1110.2,620.9
3665,3884,932.6812040354517,692.1264991514238,1110.2,620.9
3665,3885,932.6812040354517,692.1264991514238,1110.2,620.9
3665,3886,932.6812040354517,692.1264991514238,1110.2,620.9
3665,3887,932.6812040354517,692.1264991514238,1110.2,620.9
3665,3888,932.6812040354517,692.1264991514238,1110.2,620.9
3665,3889,932.6812040354517,692.1264991514238,1110.2,620.9
3665,3890,932.6812040354517,692.1264991514238,1110.2,620.9
3665,3891,932.6812040354517,692.1264991514238,1110.2,620.9
3665,3892,932.6812040354517,692.1264991514238,1110.2,620.9
3665,3893,932.6812040354517,692.1264991514238,1110.2,620.9
3665,3894,932.6812040354517,692.1264991514238,1110.2,620.9
3665,3895,932.6812040354517,692.1264991514238,1110.2,620.9
3665,3896,932.6812040354517,692.1264991514238,1110.2,620.9
3665,3897,932.6812040354517,692.1264991514238,1105.6861111111111,610.4555555555555
3665,3898,932.6812040354517,692.1264991514238,1101.1722222222222,600.0111111111111
3665,3899,932.6812040354517,692.1264991514238,1096.6583333333333,589.5666666666666
3665,3900,932.6812040354517,692.1264991514238,1092.1444444444444,579.1222222222221
3665,3901,932.6812040354517,692.1264991514238,1087.6305555555557,568.6777777777778
3665,3902,932.6812040354517,692.1264991514238,1083.1166666666668,558.2333333333333
3665,3903,932.6812040354517,692.1264991514238,1078.6027777777779,547.7888888888889
3665,3904,932.6812040354517,692.1264991514238,1074.088888888889,537.3444444444444
3665,3905,932.6812040354517,692.1264991514238,1069.575,526.9
3665,3906,932.6812040354517,692.1264991514238,1065.0611111111111,516.4555555555555
3665,3907,932.6812040354517,692.1264991514238,1060.5472222222222,506.01111111111106
3665,3908,932.6812040354517,692.1264991514238,1056.0333333333333,495.5666666666666
3665,3909,932.6812040354517,692.1264991514238,1051.5194444444444,485.1222222222222
3665,3910,932.6812040354517,692.1264991514238,1047.0055555555557,474.67777777777775
3665,3911,932.6812040354517,692.1264991514238,1042.4916666666668,464.23333333333335
3665,3912,932.6812040354517,692.1264991514238,1037.9777777777779,453.7888888888889
3665,3913,932.6812040354517,692.1264991514238,1033.463888888889,443.34444444444443
3665,3914,932.6812040354517,692.1264991514238,1028.95,432.9
3665,3915,932.6812040354517,692.1264991514238,1024.4361111111111,422.4555555555555
3665,3916,932.6812040354517,692.1264991514238,1019.9222222222222,412.01111111111106
3665,3917,932.6812040354517,692.1264991514238,1015.4083333333334,401.5666666666666
3665,3918,932.6812040354517,692.1264991514238,1010.8944444444445,391.1222222222222
3665,3919,932.6812040354517,692.1264991514238,1006.3805555555556,380.67777777777775
3665,3920,932.6812040354517,692.1264991514238,1001.8666666666667,370.2333333333333
3665,3921,932.6812040354517,692.1264991514238,997.3527777777779,359.78888888888883
3665,3922,932.6812040354517,692.1264991514238,992.838888888889,349.34444444444443
3665,3923,932.6812040354517,692.1264991514238,988.325,338.9
3665,3924,932.6812040354517,692.1264991514238,983.8111111111111,328.4555555555555
3665,3925,932.6812040354517,692.1264991514238,979.2972222222222,318.01111111111106
3665,3926,932.6812040354517,692.1264991514238,974.7833333333333,307.56666666666666
3665,3927,932.6812040354517,692.1264991514238,970.2694444444445,297.1222222222222
3665,3928,932.6812040354517,692.1264991514238,965.7555555555556,286.67777777777775
3665,3929,932.6812040354517,692.1264991514238,961.2416666666667,276.2333333333333
3665,3930,932.6812040354517,692.1264991514238,956.7277777777779,265.78888888888883
3665,3931,932.6812040354517,692.1264991514238,952.213888888889,255.34444444444443
3665,3932,932.6812040354517,692.1264991514238,947.7,244.9
3665,3933,932.6812040354517,692.1264991514238,947.7,244.9
3665,3934,932.6812040354517,692.1264991514238,947.7,244.9
3665,3935,932.6812040354517,692.1264991514238,947.7,244.9
3665,3936,932.6812040354517,692.1264991514238,947.7,244.9
3665,3937,932.6812040354517,692.1264991514238,947.7,244.9
3665,3938,932.6812040354517,692.1264991514238,947.7,244.9
3665,3939,932.6812040354517,692.1264991514238,947.7,244.9
3665,3940,932.6812040354517,692.1264991514238,947.7,244.9
3665,3941,932.6812040354517,692.1264991514238,947.7,244.9
3665,3942,932.6812040354517,692.1264991514238,947.7,244.9
3665,3943,932.6812040354517,692.1264991514238,947.7,244.9
3665,3944,932.6812040354517,692.1264991514238,947.7,244.9
3665,3945,932.6812040354517,692.1264991514238,947.7,244.9
3665,3946,932.6812040354517,692.1264991514238,947.7,244.9
3665,3947,932.6812040354517,692.1264991514238,947.7,244.9
3665,3948,932.6812040354517,692.1264991514238,947.7,244.9
3665,3949,932.6812040354517,692.1264991514238,947.7,244.9
3665,3950,932.6812040354517,692.1264991514238,947.7,244.9
3665,3951,932.6812040354517,692.1264991514238,947.7,244.9
3665,3952,932.6812040354517,692.1264991514238,947.7,244.9
3665,3953,932.6812040354517,692.1264991514238,947.7,244.9
3665,3954,932.6812040354517,692.1264991514238,947.7,244.9
3665,3955,932.6812040354517,692.1264991514238,947.7,244.9
3665,3956,932.6812040354517,692.1264991514238,947.7,244.9
3665,3957,932.6812040354517,692.1264991514238,947.7,244.9
3665,3958,932.6812040354517,692.1264991514238,947.7,244.9
3665,3959,932.6812040354517,692.1264991514238,947.7,244.9
3665,3960,932.6812040354517,692.1264991514238,947.7,244.9
3665,3961,932.6812040354517,692.1264991514238,947.7,244.9
3665,3962,932.6812040354517,692.1264991514238,947.7,244.9
3665,3963,932.6812040354517,692.1264991514238,947.7,244.9
3665,3964,932.6812040354517,692.1264991514238,947.7,244.9
3665,3965,932.6812040354517,692.1264991514238,947.7,244.9
3665,3966,932.6812040354517,692.1264991514238,947.7,244.9
3665,3967,932.6812040354517,692.1264991514238,947.7,244.9
3665,3968,932.6812040354517,692.1264991514238,947.7,244.9
3665,3969,932.6812040354517,692.1264991514238,947.7,244.9
3665,3970,932.6812040354517,692.1264991514238,947.7,244.9
3665,3971,932.6812040354517,692.1264991514238,947.7,244.9
3665,3972,932.6812040354517,692.1264991514238,947.7,244.9
3665,3973,932.6812040354517,692.1264991514238,947.7,244.9
3665,3974,932.6812040354517,692.1264991514238,947.7,244.9
3665,3975,932.6812040354517,692.1264991514238,947.7,244.9
3665,3976,932.6812040354517,692.1264991514238,947.7,244.9
3665,3977,932.6812040354517,692.1264991514238,947.7,244.9
3665,3978,932.6812040354517,692.1264991514238,947.7,244.9
3665,3979,932.6812040354517,692.1264991514238,947.7,244.9
3665,3980,932.6812040354517,692.1264991514238,947.7,244.9
3665,3981,932.6812040354517,692.1264991514238,947.7,244.9
3665,3982,932.6812040354517,692.1264991514238,947.7,244.9
3665,3983,932.6812040354517,692.1264991514238,947.7,244.9
3665,3984,932.6812040354517,692.1264991514238,947.7,244.9
3665,3985,932.6812040354517,692.1264991514238,947.7,244.9
3665,3986,932.6812040354517,692.1264991514238,947.7,244.9
3665,3987,932.6812040354517,692.1264991514238,947.7,244.9
3665,3988,932.6812040354517,692.1264991514238,947.7,244.9
3665,3989,932.6812040354517,692.1264991514238,947.7,244.9
3665,3990,932.6812040354517,692.1264991514238,947.7,244.9
3665,3991,932.6812040354517,692.1264991514238,947.7,244.9
3665,3992,932.6812040354517,692.1264991514238,947.7,244.9
3665,3993,932.6812040354517,692.1264991514238,947.7,244.9
3665,3994,932.6812040354517,692.1264991514238,947.7,244.9
3665,3995,932.6812040354517,692.1264991514238,947.7,244.9
3665,3996,932.6812040354517,692.1264991514238,947.7,244.9
3665,3997,932.6812040354517,692.1264991514238,947.7,244.9
3665,3998,932.6812040354517,692.1264991514238,947.7,244.9
3665,3999,932.6812040354517,692.1264991514238,947.7,244.9
3665,4000,932.6812040354517,692.1264991514238,947.7,244.9
3665,4001,932.6812040354517,692.1264991514238,947.7,244.9
3665,4002,932.6812040354517,692.1264991514238,947.7,244.9
3665,4003,932.6812040354517,692.1264991514238,947.7,244.9
3665,4004,932.6812040354517,692.1264991514238,947.7,244.9
3665,4005,932.6812040354517,692.1264991514238,947.7,244.9
3665,4006,932.6812040354517,692.1264991514238,947.7,244.9
3665,4007,932.6812040354517,692.1264991514238,947.7,244.9
3665,4008,932.6812040354517,692.1264991514238,947.7,244.9
3665,4009,932.6812040354517,692.1264991514238,947.7,244.9
3665,4010,932.6812040354517,692.1264991514238,947.7,244.9
3665,4011,932.6812040354517,692.1264991514238,947.7,244.9
3665,4012,932.6812040354517,692.1264991514238,947.7,244.9
3665,4013,932.6812040354517,692.1264991514238,947.7,244.9
3665,4014,932.6812040354517,692.1264991514238,947.7,244.9
3665,4015,932.6812040354517,692.1264991514238,947.7,244.9
3665,4016,932.6812040354517,692.1264991514238,947.7,244.9
3665,4017,932.6812040354517,692.1264991514238,947.7,244.9
3665,4018,932.6812040354517,692.1264991514238,947.7,244.9
3665,4019,932.6812040354517,692.1264991514238,947.7,244.9
3665,4020,932.6812040354517,692.1264991514238,947.7,244.9
3665,4021,932.6812040354517,692.1264991514238,947.7,244.9
3665,4022,932.6812040354517,692.1264991514238,947.7,244.9
3665,4023,932.6812040354517,692.1264991514238,947.7,244.9
3665,4024,932.6812040354517,692.1264991514238,947.7,244.9
3665,4025,932.6812040354517,692.1264991514238,947.7,244.9
3665,4026,932.6812040354517,692.1264991514238,947.7,244.9
3665,4027,932.6812040354517,692.1264991514238,947.7,244.9
3665,4028,932.6812040354517,692.1264991514238,947.7,244.9
3665,4029,932.6812040354517,692.1264991514238,947.7,244.9
3665,4030,932.6812040354517,692.1264991514238,947.7,244.9
3665,4031,932.6812040354517,692.1264991514238,947.7,244.9
3665,4032,932.6812040354517,692.1264991514238,947.7,244.9
3665,4033,932.6812040354517,692.1264991514238,947.7,244.9
3665,4034,932.6812040354517,692.1264991514238,947.7,244.9
3665,4035,932.6812040354517,692.1264991514238,947.7,244.9
3665,4036,932.6812040354517,692.1264991514238,947.7,244.9
3665,4037,932.6812040354517,692.1264991514238,947.7,244.9
3665,4038,932.6812040354517,692.1264991514238,947.7,244.9
3665,4039,932.6812040354517,692.1264991514238,947.7,244.9
3665,4040,932.6812040354517,692.1264991514238,947.7,244.9
3665,4041,932.6812040354517,692.1264991514238,947.7,244.9
3665,4042,932.6812040354517,692.1264991514238,947.7,244.9
3665,4043,932.6812040354517,692.1264991514238,947.7,244.9
3665,4044,932.6812040354517,692.1264991514238,947.7,244.9
3665,4045,932.6812040354517,692.1264991514238,947.7,244.9
3665,4046,932.6812040354517,692.1264991514238,947.7,244.9
3665,4047,932.6812040354517,692.1264991514238,947.7,244.9
3665,4048,932.6812040354517,692.1264991514238,947.7,244.9
3665,4049,932.6812040354517,692.1264991514238,947.7,244.9
3665,4050,932.6812040354517,692.1264991514238,947.7,244.9
3665,4051,932.6812040354517,692.1264991514238,947.7,244.9
3665,4052,932.6812040354517,692.1264991514238,947.7,244.9
3665,4053,932.6812040354517,692.1264991514238,947.7,244.9
3665,4054,932.6812040354517,692.1264991514238,947.7,244.9
3665,4055,932.6812040354517,692.1264991514238,947.7,244.9
3665,4056,932.6812040354517,692.1264991514238,947.7,244.9
3665,4057,932.6812040354517,692.1264991514238,947.7,244.9
3665,4058,932.6812040354517,692.1264991514238,947.7,244.9
3665,4059,932.6812040354517,692.1264991514238,947.7,244.9
3665,4060,932.6812040354517,692.1264991514238,947.7,244.9
3665,4061,932.6812040354517,692.1264991514238,947.7,244.9
3665,4062,932.6812040354517,692.1264991514238,947.7,244.9
3665,4063,932.6812040354517,692.1264991514238,947.7,244.9
3665,4064,932.6812040354517,692.1264991514238,947.7,244.9
3665,4065,932.6812040354517,692.1264991514238,947.7,244.9
3665,4066,932.6812040354517,692.1264991514238,947.7,244.9
3665,4067,932.6812040354517,692.1264991514238,947.7,244.9
3665,4068,932.6812040354517,692.1264991514238,947.7,244.9
3665,4069,932.6812040354517,692.1264991514238,947.7,244.9
3665,4070,932.6812040354517,692.1264991514238,947.7,244.9
3665,4071,932.6812040354517,692.1264991514238,947.7,244.9
3665,4072,932.6812040354517,692.1264991514238,947.7,244.9
3665,4073,770.6812040354517,694.1264991514238,947.7,244.9
3665,4074,770.6812040354517,694.1264991514238,947.7,244.9
3665,4075,770.6812040354517,694.1264991514238,947.7,244.9
3665,4076,770.6812040354517,694.1264991514238,947.7,244.9
3665,4077,770.6812040354517,694.1264991514238,947.7,244.9
3665,4078,770.6812040354517,694.1264991514238,947.7,244.9
3665,4079,770.6812040354517,694.1264991514238,947.7,244.9
3665,4080,770.6812040354517,694.1264991514238,947.7,244.9
3665,4081,770.6812040354517,694.1264991514238,947.7,244.9
3665,4082,770.6812040354517,694.1264991514238,947.7,244.9
3665,4083,770.6812040354517,694.1264991514238,947.7,244.9
3665,4084,770.6812040354517,694.1264991514238,947.7,244.9
3665,4085,770.6812040354517,694.1264991514238,947.7,244.9
3665,4086,770.6812040354517,694.1264991514238,947.7,244.9
3665,4087,770.6812040354517,694.1264991514238,947.7,244.9
3665,4088,770.6812040354517,694.1264991514238,947.7,244.9
3665,4089,770.6812040354517,694.1264991514238,947.7,244.9
3665,4090,770.6812040354517,694.1264991514238,947.7,244.9
3665,4091,770.6812040354517,694.1264991514238,947.7,244.9
3665,4092,770.6812040354517,694.1264991514238,947.7,244.9
3665,4093,770.6812040354517,694.1264991514238,947.7,244.9
3665,4094,770.6812040354517,694.1264991514238,947.7,244.9
3665,4095,770.6812040354517,694.1264991514238,947.7,244.9
3665,4096,770.6812040354517,694.1264991514238,947.7,244.9
3665,4097,770.6812040354517,694.1264991514238,947.7,244.9
3665,4098,770.6812040354517,694.1264991514238,947.7,244.9
3665,4099,770.6812040354517,694.1264991514238,947.7,244.9
3665,4100,770.6812040354517,694.1264991514238,947.7,244.9
3665,4101,770.6812040354517,694.1264991514238,947.7,244.9
3665,4102,770.6812040354517,694.1264991514238,947.7,244.9
3665,4103,770.6812040354517,694.1264991514238,947.7,244.9
3665,4104,770.6812040354517,694.1264991514238,947.7,244.9
3665,4105,770.6812040354517,694.1264991514238,947.7,244.9
3665,4106,607.6812040354517,697.1264991514238,947.7,244.9
3665,4107,607.6812040354517,697.1264991514238,947.7,244.9
3665,4108,607.6812040354517,697.1264991514238,947.7,244.9
3665,4109,607.6812040354517,697.1264991514238,947.7,244.9
3665,4110,607.6812040354517,697.1264991514238,947.7,244.9
3665,4111,607.6812040354517,697.1264991514238,947.7,244.9
3665,4112,607.6812040354517,697.1264991514238,947.7,244.9
3665,4113,607.6812040354517,697.1264991514238,947.7,244.9
3665,4114,607.6812040354517,697.1264991514238,947.7,244.9
3665,4115,607.6812040354517,697.1264991514238,947.7,244.9
3665,4116,607.6812040354517,697.1264991514238,947.7,244.9
3665,4117,607.6812040354517,697.1264991514238,947.7,244.9
3665,4118,607.6812040354517,697.1264991514238,947.7,244.9
3665,4119,607.6812040354517,697.1264991514238,947.7,244.9
3665,4120,607.6812040354517,697.1264991514238,947.7,244.9
3665,4121,607.6812040354517,697.1264991514238,947.7,244.9
3665,4122,607.6812040354517,697.1264991514238,947.7,244.9
3665,4123,607.6812040354517,697.1264991514238,947.7,244.9
3665,4124,607.6812040354517,697.1264991514238,947.7,244.9
3665,4125,607.6812040354517,697.1264991514238,947.7,244.9
3665,4126,607.6812040354517,697.1264991514238,947.7,244.9
3665,4127,607.6812040354517,697.1264991514238,947.7,244.9
3665,4128,607.6812040354517,697.1264991514238,947.7,244.9
3665,4129,607.6812040354517,697.1264991514238,947.7,244.9
3665,4130,607.6812040354517,697.1264991514238,947.7,244.9
3665,4131,607.6812040354517,697.1264991514238,947.7,244.9
3665,4132,607.6812040354517,697.1264991514238,947.7,244.9
3665,4133,607.6812040354517,697.1264991514238,947.7,244.9
3665,4134,607.6812040354517,697.1264991514238,947.7,244.9
3665,4135,607.6812040354517,697.1264991514238,947.7,244.9
3665,4136,607.6812040354517,697.1264991514238,947.7,244.9
3665,4137,607.6812040354517,697.1264991514238,947.7,244.9
3665,4138,607.6812040354517,697.1264991514238,947.7,244.9
3665,4139,607.6812040354517,697.1264991514238,947.7,244.9
3665,4140,607.6812040354517,697.1264991514238,947.7,244.9
3665,4141,607.6812040354517,697.1264991514238,947.7,244.9
3665,4142,607.6812040354517,697.1264991514238,947.7,244.9
3665,4143,607.6812040354517,697.1264991514238,947.7,244.9
3665,4144,607.6812040354517,697.1264991514238,947.7,244.9
3665,4145,607.6812040354517,697.1264991514238,947.7,244.9
3665,4146,607.6812040354517,697.1264991514238,947.7,244.9
3665,4147,607.6812040354517,697.1264991514238,947.7,244.9
3665,4148,607.6812040354517,697.1264991514238,947.7,244.9
3665,4149,607.6812040354517,697.1264991514238,947.7,244.9
3665,4150,607.6812040354517,697.1264991514238,947.7,244.9
3665,4151,607.6812040354517,697.1264991514238,947.7,244.9
3665,4152,607.6812040354517,697.1264991514238,947.7,244.9
3665,4153,607.6812040354517,697.1264991514238,947.7,244.9
3665,4154,607.6812040354517,697.1264991514238,947.7,244.9
3665,4155,607.6812040354517,697.1264991514238,947.7,244.9
3665,4156,607.6812040354517,697.1264991514238,947.7,244.9
3665,4157,607.6812040354517,697.1264991514238,947.7,244.9
3665,4158,607.6812040354517,697.1264991514238,947.7,244.9
3665,4159,607.6812040354517,697.1264991514238,947.7,244.9
3665,4160,607.6812040354517,697.1264991514238,947.7,244.9
3665,4161,607.6812040354517,697.1264991514238,947.7,244.9
3665,4162,607.6812040354517,697.1264991514238,947.7,244.9
3665,4163,607.6812040354517,697.1264991514238,947.7,244.9
3665,4164,607.6812040354517,697.1264991514238,947.7,244.9
3665,4165,607.6812040354517,697.1264991514238,947.7,244.9
3665,4166,607.6812040354517,697.1264991514238,947.7,244.9
3665,4167,607.6812040354517,697.1264991514238,947.7,244.9
3665,4168,607.6812040354517,697.1264991514238,947.7,244.9
3665,4169,607.6812040354517,697.1264991514238,947.7,244.9
3665,4170,607.6812040354517,697.1264991514238,947.7,244.9
3665,4171,607.6812040354517,697.1264991514238,947.7,244.9
3665,4172,607.6812040354517,697.1264991514238,947.7,244.9
3665,4173,607.6812040354517,697.1264991514238,947.7,244.9
3665,4174,607.6812040354517,697.1264991514238,947.7,244.9
3665,4175,607.6812040354517,697.1264991514238,947.7,244.9
3665,4176,607.6812040354517,697.1264991514238,954.6451612903227,253.21612903225807
3665,4177,607.6812040354517,697.1264991514238,961.5903225806452,261.53225806451616
3665,4178,607.6812040354517,697.1264991514238,968.5354838709678,269.8483870967742
3665,4179,607.6812040354517,697.1264991514238,975.4806451612903,278.1645161290323
3665,4180,607.6812040354517,697.1264991514238,982.425806451613,286.48064516129034
3665,4181,607.6812040354517,697.1264991514238,989.3709677419355,294.7967741935484
3665,4182,607.6812040354517,697.1264991514238,996.3161290322581,303.11290322580646
3665,4183,607.6812040354517,697.1264991514238,1003.2612903225806,311.4290322580645
3665,4184,607.6812040354517,697.1264991514238,1010.2064516129033,319.7451612903226
3665,4185,607.6812040354517,697.1264991514238,1017.1516129032259,328.06129032258065
3665,4186,607.6812040354517,697.1264991514238,1024.0967741935483,336.3774193548387
3665,4187,607.6812040354517,697.1264991514238,1031.041935483871,344.69354838709677
3665,4188,607.6812040354517,697.1264991514238,1037.9870967741936,353.00967741935483
3665,4189,607.6812040354517,697.1264991514238,1044.9322580645162,361.3258064516129
3665,4190,607.6812040354517,697.1264991514238,1051.8774193548388,369.64193548387095
3665,4191,607.6812040354517,697.1264991514238,1058.8225806451612,377.958064516129
3665,4192,607.6812040354517,697.1264991514238,1065.7677419354839,386.2741935483871
3665,4193,607.6812040354517,697.1264991514238,1072.7129032258065,394.59032258064514
3665,4194,607.6812040354517,697.1264991514238,1079.6580645161291,402.9064516129032
3665,4195,607.6812040354517,697.1264991514238,1086.6032258064515,411.22258064516126
3665,4196,607.6812040354517,697.1264991514238,1093.5483870967741,419.5387096774193
3665,4197,607.6812040354517,697.1264991514238,1100.4935483870968,427.8548387096774
3665,4198,607.6812040354517,697.1264991514238,1107.4387096774194,436.17096774193544
3665,4199,607.6812040354517,697.1264991514238,1114.383870967742,444.48709677419356
3665,4200,607.6812040354517,697.1264991514238,1121.3290322580644,452.80322580645156
3665,4201,607.6812040354517,697.1264991514238,1128.274193548387,461.1193548387097
3665,4202,607.6812040354517,697.1264991514238,1135.2193548387097,469.4354838709677
3665,4203,607.6812040354517,697.1264991514238,1142.1645161290323,477.7516129032258
3665,4204,607.6812040354517,697.1264991514238,1149.1096774193547,486.0677419354838
3665,4205,607.6812040354517,697.1264991514238,1156.0548387096774,494.3838709677419
3665,4206,607.6812040354517,697.1264991514238,1163.0,502.7
3665,4207,607.6812040354517,697.1264991514238,1163.0,502.7
3665,4208,607.6812040354517,697.1264991514238,1163.0,502.7
3665,4209,607.6812040354517,697.1264991514238,1163.0,502.7
3665,4210,607.6812040354517,697.1264991514238,1163.0,502.7
3665,4211,607.6812040354517,697.1264991514238,1163.0,502.7
3665,4212,607.6812040354517,697.1264991514238,1163.0,502.7
3665,4213,607.6812040354517,697.1264991514238,1163.0,502.7
3665,4214,784.6812040354517,680.1264991514238,1163.0,502.7
3665,4215,784.6812040354517,680.1264991514238,1163.0,502.7
3665,4216,784.6812040354517,680.1264991514238,1163.0,502.7
3665,4217,784.6812040354517,680.1264991514238,1163.0,502.7
3665,4218,784.6812040354517,680.1264991514238,1163.0,502.7
3665,4219,784.6812040354517,680.1264991514238,1163.0,502.7
3665,4220,784.6812040354517,680.1264991514238,1163.0,502.7
3665,4221,784.6812040354517,680.1264991514238,1163.0,502.7
3665,4222,784.6812040354517,680.1264991514238,1163.0,502.7
3665,4223,784.6812040354517,680.1264991514238,1163.0,502.7
3665,4224,784.6812040354517,680.1264991514238,1163.0,502.7
3665,4225,784.6812040354517,680.1264991514238,1163.0,502.7
3665,4226,784.6812040354517,680.1264991514238,1163.0,502.7
3665,4227,784.6812040354517,680.1264991514238,1163.0,502.7
3665,4228,784.6812040354517,680.1264991514238,1163.0,502.7
3665,4229,784.6812040354517,680.1264991514238,1163.0,502.7
3665,4230,784.6812040354517,680.1264991514238,1163.0,502.7
3665,4231,784.6812040354517,680.1264991514238,1163.0,502.7
3665,4232,784.6812040354517,680.1264991514238,1163.0,502.7
3665,4233,784.6812040354517,680.1264991514238,1163.0,502.7
3665,4234,784.6812040354517,680.1264991514238,1163.0,502.7
3665,4235,784.6812040354517,680.1264991514238,1163.0,502.7
3665,4236,784.6812040354517,680.1264991514238,1163.0,502.7
3665,4237,784.6812040354517,680.1264991514238,1163.0,502.7
3665,4238,784.6812040354517,680.1264991514238,1163.0,502.7
3665,4239,784.6812040354517,680.1264991514238,1163.0,502.7
3665,4240,961.6812040354517,663.1264991514238,1163.0,502.7
3665,4241,961.6812040354517,663.1264991514238,1163.0,502.7
3665,4242,961.6812040354517,663.1264991514238,1163.0,502.7
3665,4243,961.6812040354517,663.1264991514238,1163.0,502.7
3665,4244,961.6812040354517,663.1264991514238,1163.0,502.7
3665,4245,961.6812040354517,663.1264991514238,1163.0,502.7
3665,4246,961.6812040354517,663.1264991514238,1163.0,502.7
3665,4247,961.6812040354517,663.1264991514238,1163.0,502.7
3665,4248,961.6812040354517,663.1264991514238,1163.0,502.7
3665,4249,961.6812040354517,663.1264991514238,1163.0,502.7
3665,4250,961.6812040354517,663.1264991514238,1163.0,502.7
3665,4251,961.6812040354517,663.1264991514238,1163.0,502.7
3665,4252,961.6812040354517,663.1264991514238,1163.0,502.7
3665,4253,961.6812040354517,663.1264991514238,1163.0,502.7
3665,4254,961.6812040354517,663.1264991514238,1163.0,502.7
3665,4255,961.6812040354517,663.1264991514238,1163.0,502.7
3665,4256,961.6812040354517,663.1264991514238,1163.0,502.7
3665,4257,961.6812040354517,663.1264991514238,1163.0,502.7
3665,4258,961.6812040354517,663.1264991514238,1163.0,502.7
3665,4259,961.6812040354517,663.1264991514238,1163.0,502.7
3665,4260,961.6812040354517,663.1264991514238,1163.0,502.7
3665,4261,961.6812040354517,663.1264991514238,1163.0,502.7
3665,4262,961.6812040354517,663.1264991514238,1163.0,502.7
3665,4263,961.6812040354517,663.1264991514238,1163.0,502.7
3665,4264,961.6812040354517,663.1264991514238,1150.01875,512.63125
3665,4265,961.6812040354517,663.1264991514238,1137.0375,522.5625
3665,4266,961.6812040354517,663.1264991514238,1124.05625,532.49375
3665,4267,961.6812040354517,663.1264991514238,1111.075,542.425
3665,4268,961.6812040354517,663.1264991514238,1098.09375,552.35625
3665,4269,961.6812040354517,663.1264991514238,1085.1125,562.2875
3665,4270,961.6812040354517,663.1264991514238,1072.13125,572.21875
3665,4271,961.6812040354517,663.1264991514238,1059.15,582.15
3665,4272,961.6812040354517,663.1264991514238,1046.16875,592.08125
3665,4273,961.6812040354517,663.1264991514238,1033.1875,602.0125
3665,4274,961.6812040354517,663.1264991514238,1020.20625,611.94375
3665,4275,961.6812040354517,663.1264991514238,1007.2249999999999,621.875
3665,4276,961.6812040354517,663.1264991514238,994.24375,631.80625
3665,4277,961.6812040354517,663.1264991514238,981.2624999999999,641.7375
3665,4278,961.6812040354517,663.1264991514238,968.28125,651.66875
3665,4279,961.6812040354517,663.1264991514238,955.3,661.6
3665,4280,961.6812040354517,663.1264991514238,955.3,661.6
3665,4281,961.6812040354517,663.1264991514238,955.3,661.6
3665,4282,961.6812040354517,663.1264991514238,955.3,661.6
3665,4283,961.6812040354517,663.1264991514238,955.3,661.6
3665,4284,961.6812040354517,663.1264991514238,955.3,661.6
3665,4285,961.6812040354517,663.1264991514238,955.3,661.6
3665,4286,961.6812040354517,663.1264991514238,955.3,661.6
3665,4287,961.6812040354517,663.1264991514238,955.3,661.6
3665,4288,961.6812040354517,663.1264991514238,955.3,661.6
3665,4289,961.6812040354517,663.1264991514238,955.3,661.6
3665,4290,961.6812040354517,663.1264991514238,955.3,661.6
3665,4291,961.6812040354517,663.1264991514238,955.3,661.6
3665,4292,961.6812040354517,663.1264991514238,955.3,661.6
3665,4293,961.6812040354517,663.1264991514238,955.3,661.6
3665,4294,961.6812040354517,663.1264991514238,955.3,661.6
3665,4295,961.6812040354517,663.1264991514238,955.3,661.6
3665,4296,961.6812040354517,663.1264991514238,955.3,661.6
3665,4297,961.6812040354517,663.1264991514238,955.3,661.6
3665,4298,961.6812040354517,663.1264991514238,955.3,661.6
3665,4299,961.6812040354517,663.1264991514238,955.3,661.6
3665,4300,961.6812040354517,663.1264991514238,955.3,661.6
3665,4301,961.6812040354517,663.1264991514238,955.3,661.6
3665,4302,961.6812040354517,663.1264991514238,955.3,661.6
3665,4303,961.6812040354517,663.1264991514238,955.3,661.6
3665,4304,961.6812040354517,663.1264991514238,955.3,661.6
3665,4305,961.6812040354517,663.1264991514238,955.3,661.6
3665,4306,961.6812040354517,663.1264991514238,955.3,661.6
3665,4307,961.6812040354517,663.1264991514238,955.3,661.6
3665,4308,961.6812040354517,663.1264991514238,955.3,661.6
3665,4309,961.6812040354517,663.1264991514238,955.3,661.6
3665,4310,961.6812040354517,663.1264991514238,955.3,661.6
3665,4311,961.6812040354517,663.1264991514238,955.3,661.6
3665,4312,961.6812040354517,663.1264991514238,955.3,661.6
3665,4313,961.6812040354517,663.1264991514238,955.3,661.6
3665,4314,961.6812040354517,663.1264991514238,955.3,661.6
3665,4315,961.6812040354517,663.1264991514238,955.3,661.6
3665,4316,961.6812040354517,663.1264991514238,955.3,661.6
3665,4317,961.6812040354517,663.1264991514238,955.3,661.6
3665,4318,961.6812040354517,663.1264991514238,955.3,661.6
3665,4319,961.6812040354517,663.1264991514238,955.3,661.6
3665,4320,961.6812040354517,663.1264991514238,955.3,661.6
3665,4321,961.6812040354517,663.1264991514238,955.3,661.6
3665,4322,961.6812040354517,663.1264991514238,955.3,661.6
3665,4323,961.6812040354517,663.1264991514238,955.3,661.6
3665,4324,961.6812040354517,663.1264991514238,955.3,661.6
3665,4325,961.6812040354517,663.1264991514238,955.3,661.6
3665,4326,961.6812040354517,663.1264991514238,955.3,661.6
3665,4327,961.6812040354517,663.1264991514238,955.3,661.6
3665,4328,961.6812040354517,663.1264991514238,955.3,661.6
3665,4329,961.6812040354517,663.1264991514238,955.3,661.6
3665,4330,961.6812040354517,663.1264991514238,955.3,661.6
3665,4331,961.6812040354517,663.1264991514238,955.3,661.6
3665,4332,961.6812040354517,663.1264991514238,955.3,661.6
3665,4333,961.6812040354517,663.1264991514238,955.3,661.6
3665,4334,961.6812040354517,663.1264991514238,955.3,661.6
3665,4335,961.6812040354517,663.1264991514238,955.3,661.6
3665,4336,961.6812040354517,663.1264991514238,955.3,661.6
3665,4337,961.6812040354517,663.1264991514238,955.3,661.6
3665,4338,961.6812040354517,663.1264991514238,955.3,661.6
3665,4339,961.6812040354517,663.1264991514238,955.3,661.6
3665,4340,961.6812040354517,663.1264991514238,955.3,661.6
3665,4341,961.6812040354517,663.1264991514238,955.3,661.6
3665,4342,961.6812040354517,663.1264991514238,955.3,661.6
3665,4343,961.6812040354517,663.1264991514238,955.3,661.6
3665,4344,961.6812040354517,663.1264991514238,955.3,661.6
3665,4345,961.6812040354517,663.1264991514238,955.3,661.6
3665,4346,961.6812040354517,663.1264991514238,955.3,661.6
3665,4347,961.6812040354517,663.1264991514238,955.3,661.6
3665,4348,961.6812040354517,663.1264991514238,955.3,661.6
3665,4349,961.6812040354517,663.1264991514238,955.3,661.6
3665,4350,961.6812040354517,663.1264991514238,955.3,661.6
3665,4351,961.6812040354517,663.1264991514238,955.3,661.6
3665,4352,961.6812040354517,663.1264991514238,955.3,661.6
3665,4353,961.6812040354517,663.1264991514238,955.3,661.6
3665,4354,961.6812040354517,663.1264991514238,955.3,661.6
3665,4355,961.6812040354517,663.1264991514238,955.3,661.6
3665,4356,961.6812040354517,663.1264991514238,955.3,661.6
3665,4357,961.6812040354517,663.1264991514238,955.3,661.6
3665,4358,961.6812040354517,663.1264991514238,955.3,661.6
3665,4359,961.6812040354517,663.1264991514238,955.3,661.6
3665,4360,961.6812040354517,663.1264991514238,955.3,661.6
3665,4361,961.6812040354517,663.1264991514238,955.3,661.6
3665,4362,961.6812040354517,663.1264991514238,955.3,661.6
3665,4363,961.6812040354517,663.1264991514238,955.3,661.6
3665,4364,961.6812040354517,663.1264991514238,955.3,661.6
3665,4365,961.6812040354517,663.1264991514238,955.3,661.6
3665,4366,961.6812040354517,663.1264991514238,955.3,661.6
3665,4367,961.6812040354517,663.1264991514238,955.3,661.6
3665,4368,961.6812040354517,663.1264991514238,955.3,661.6
3665,4369,961.6812040354517,663.1264991514238,955.3,661.6
3665,4370,961.6812040354517,663.1264991514238,955.3,661.6
3665,4371,961.6812040354517,663.1264991514238,955.3,661.6
3665,4372,961.6812040354517,663.1264991514238,955.3,661.6
3665,4373,1073.6812040354516,658.1264991514238,955.3,661.6
3665,4374,1073.6812040354516,658.1264991514238,955.3,661.6
3665,4375,1073.6812040354516,658.1264991514238,955.3,661.6
3665,4376,1073.6812040354516,658.1264991514238,955.3,661.6
3665,4377,1073.6812040354516,658.1264991514238,955.3,661.6
3665,4378,1073.6812040354516,658.1264991514238,955.3,661.6
3665,4379,1073.6812040354516,658.1264991514238,955.3,661.6
3665,4380,1073.6812040354516,658.1264991514238,955.3,661.6
3665,4381,1073.6812040354516,658.1264991514238,955.3,661.6
3665,4382,1073.6812040354516,658.1264991514238,955.3,661.6
3665,4383,1073.6812040354516,658.1264991514238,955.3,661.6
3665,4384,1073.6812040354516,658.1264991514238,955.3,661.6
3665,4385,1073.6812040354516,658.1264991514238,955.3,661.6
3665,4386,1073.6812040354516,658.1264991514238,955.3,661.6
3665,4387,1073.6812040354516,658.1264991514238,955.3,661.6
3665,4388,1073.6812040354516,658.1264991514238,955.3,661.6
3665,4389,1073.6812040354516,658.1264991514238,955.3,661.6
3665,4390,1073.6812040354516,658.1264991514238,955.3,661.6
3665,4391,1073.6812040354516,658.1264991514238,955.3,661.6
3665,4392,1073.6812040354516,658.1264991514238,955.3,661.6
3665,4393,1073.6812040354516,658.1264991514238,955.3,661.6
3665,4394,1073.6812040354516,658.1264991514238,955.3,661.6
3665,4395,1073.6812040354516,658.1264991514238,955.3,661.6
3665,4396,1073.6812040354516,658.1264991514238,955.3,661.6
3665,4397,1073.6812040354516,658.1264991514238,955.3,661.6
3665,4398,1073.6812040354516,658.1264991514238,955.3,661.6
3665,4399,1073.6812040354516,658.1264991514238,955.3,661.6
3665,4400,1073.6812040354516,658.1264991514238,955.3,661.6
3665,4401,1073.6812040354516,658.1264991514238,955.3,661.6
3665,4402,1073.6812040354516,658.1264991514238,955.3,661.6
3665,4403,1073.6812040354516,658.1264991514238,955.3,661.6
3665,4404,1073.6812040354516,658.1264991514238,955.3,661.6
3665,4405,1073.6812040354516,658.1264991514238,955.3,661.6
3665,4406,1185.6812040354516,653.1264991514238,955.3,661.6
3665,4407,1185.6812040354516,653.1264991514238,955.3,661.6
3665,4408,1185.6812040354516,653.1264991514238,955.3,661.6
3665,4409,1185.6812040354516,653.1264991514238,955.3,661.6
3665,4410,1185.6812040354516,653.1264991514238,955.3,661.6
3665,4411,1185.6812040354516,653.1264991514238,955.3,661.6
3665,4412,1185.6812040354516,653.1264991514238,955.3,661.6
3665,4413,1185.6812040354516,653.1264991514238,955.3,661.6
3665,4414,1185.6812040354516,653.1264991514238,955.3,661.6
3665,4415,1185.6812040354516,653.1264991514238,955.3,661.6
3665,4416,1185.6812040354516,653.1264991514238,955.3,661.6
3665,4417,1185.6812040354516,653.1264991514238,955.3,661.6
3665,4418,1185.6812040354516,653.1264991514238,955.3,661.6
3665,4419,1185.6812040354516,653.1264991514238,955.3,661.6
3665,4420,1185.6812040354516,653.1264991514238,955.3,661.6
3665,4421,1185.6812040354516,653.1264991514238,955.3,661.6
3665,4422,1185.6812040354516,653.1264991514238,955.3,661.6
3665,4423,1185.6812040354516,653.1264991514238,955.3,661.6
3665,4424,1185.6812040354516,653.1264991514238,955.3,661.6
3665,4425,1185.6812040354516,653.1264991514238,955.3,661.6
3665,4426,1185.6812040354516,653.1264991514238,955.3,661.6
3665,4427,1185.6812040354516,653.1264991514238,955.3,661.6
3665,4428,1185.6812040354516,653.1264991514238,955.3,661.6
3665,4429,1185.6812040354516,653.1264991514238,955.3,661.6
3665,4430,1185.6812040354516,653.1264991514238,955.3,661.6
3665,4431,1185.6812040354516,653.1264991514238,955.3,661.6
3665,4432,1185.6812040354516,653.1264991514238,955.3,661.6
3665,4433,1185.6812040354516,653.1264991514238,955.3,661.6
3665,4434,1185.6812040354516,653.1264991514238,955.3,661.6
3665,4435,1185.6812040354516,653.1264991514238,955.3,661.6
3665,4436,1185.6812040354516,653.1264991514238,955.3,661.6
3665,4437,1185.6812040354516,653.1264991514238,955.3,661.6
3665,4438,1185.6812040354516,653.1264991514238,955.3,661.6
3665,4439,1185.6812040354516,653.1264991514238,955.3,661.6
3665,4440,1185.6812040354516,653.1264991514238,955.3,661.6
3665,4441,1185.6812040354516,653.1264991514238,955.3,661.6
3665,4442,1185.6812040354516,653.1264991514238,955.3,661.6
3665,4443,1185.6812040354516,653.1264991514238,955.3,661.6
3665,4444,1185.6812040354516,653.1264991514238,955.3,661.6
3665,4445,1185.6812040354516,653.1264991514238,955.3,661.6
3665,4446,1185.6812040354516,653.1264991514238,955.3,661.6
3665,4447,1185.6812040354516,653.1264991514238,955.3,661.6
3665,4448,1185.6812040354516,653.1264991514238,955.3,661.6
3665,4449,1185.6812040354516,653.1264991514238,955.3,661.6
3665,4450,1185.6812040354516,653.1264991514238,955.3,661.6
3665,4451,1185.6812040354516,653.1264991514238,955.3,661.6
3665,4452,1185.6812040354516,653.1264991514238,955.3,661.6
3665,4453,1185.6812040354516,653.1264991514238,955.3,661.6
3665,4454,1185.6812040354516,653.1264991514238,955.3,661.6
3665,4455,1185.6812040354516,653.1264991514238,955.3,661.6
3665,4456,1185.6812040354516,653.1264991514238,955.3,661.6
3665,4457,1185.6812040354516,653.1264991514238,955.3,661.6
3665,4458,1185.6812040354516,653.1264991514238,955.3,661.6
3665,4459,1185.6812040354516,653.1264991514238,955.3,661.6
3665,4460,1185.6812040354516,653.1264991514238,955.3,661.6
3665,4461,1185.6812040354516,653.1264991514238,955.3,661.6
3665,4462,1185.6812040354516,653.1264991514238,955.3,661.6
3665,4463,1185.6812040354516,653.1264991514238,955.3,661.6
3665,4464,1185.6812040354516,653.1264991514238,955.3,661.6
3665,4465,1185.6812040354516,653.1264991514238,955.3,661.6
3665,4466,1185.6812040354516,653.1264991514238,955.3,661.6
3665,4467,1185.6812040354516,653.1264991514238,955.3,661.6
3665,4468,1185.6812040354516,653.1264991514238,955.3,661.6
3665,4469,1185.6812040354516,653.1264991514238,955.3,661.6
3665,4470,1185.6812040354516,653.1264991514238,955.3,661.6
3665,4471,1185.6812040354516,653.1264991514238,955.3,661.6
3665,4472,1185.6812040354516,653.1264991514238,955.3,661.6
3665,4473,1185.6812040354516,653.1264991514238,955.3,661.6
3665,4474,1185.6812040354516,653.1264991514238,955.3,661.6
3665,4475,1185.6812040354516,653.1264991514238,955.3,661.6
3665,4476,1185.6812040354516,653.1264991514238,955.3,661.6
3665,4477,1185.6812040354516,653.1264991514238,955.3,661.6
3665,4478,1185.6812040354516,653.1264991514238,955.3,661.6
3665,4479,1185.6812040354516,653.1264991514238,955.3,661.6
3665,4480,1185.6812040354516,653.1264991514238,955.3,661.6
3665,4481,1185.6812040354516,653.1264991514238,955.3,661.6
3665,4482,1185.6812040354516,653.1264991514238,955.3,661.6
3665,4483,1185.6812040354516,653.1264991514238,955.3,661.6
3665,4484,1185.6812040354516,653.1264991514238,955.3,661.6
3665,4485,1185.6812040354516,653.1264991514238,955.3,661.6
3665,4486,1185.6812040354516,653.1264991514238,955.3,661.6
3665,4487,1185.6812040354516,653.1264991514238,955.3,661.6
3665,4488,1185.6812040354516,653.1264991514238,955.3,661.6
3665,4489,1185.6812040354516,653.1264991514238,955.3,661.6
3665,4490,1185.6812040354516,653.1264991514238,955.3,661.6
3665,4491,1185.6812040354516,653.1264991514238,955.3,661.6
3665,4492,1185.6812040354516,653.1264991514238,955.3,661.6
3665,4493,1185.6812040354516,653.1264991514238,955.3,661.6
3665,4494,1185.6812040354516,653.1264991514238,955.3,661.6
3665,4495,1185.6812040354516,653.1264991514238,955.3,661.6
3665,4496,1185.6812040354516,653.1264991514238,955.3,661.6
3665,4497,1185.6812040354516,653.1264991514238,955.3,661.6
3665,4498,1185.6812040354516,653.1264991514238,955.3,661.6
3665,4499,1185.6812040354516,653.1264991514238,955.3,661.6
3665,4500,1185.6812040354516,653.1264991514238,955.3,661.6
3665,4501,1185.6812040354516,653.1264991514238,955.3,661.6
3665,4502,1185.6812040354516,653.1264991514238,955.3,661.6
3665,4503,1185.6812040354516,653.1264991514238,955.3,661.6
3665,4504,1185.6812040354516,653.1264991514238,955.3,661.6
3665,4505,1185.6812040354516,653.1264991514238,955.3,661.6
3665,4506,1185.6812040354516,653.1264991514238,955.3,661.6
3665,4507,1185.6812040354516,653.1264991514238,955.3,661.6
3665,4508,1185.6812040354516,653.1264991514238,955.3,661.6
3665,4509,1185.6812040354516,653.1264991514238,955.3,661.6
3665,4510,1185.6812040354516,653.1264991514238,955.3,661.6
3665,4511,1185.6812040354516,653.1264991514238,955.3,661.6
3665,4512,1185.6812040354516,653.1264991514238,955.3,661.6
3665,4513,1185.6812040354516,653.1264991514238,955.3,661.6
3665,4514,1185.6812040354516,653.1264991514238,955.3,661.6
3665,4515,1185.6812040354516,653.1264991514238,955.3,661.6
3665,4516,1185.6812040354516,653.1264991514238,955.3,661.6
3665,4517,1185.6812040354516,653.1264991514238,955.3,661.6
3665,4518,1185.6812040354516,653.1264991514238,955.3,661.6
3665,4519,1185.6812040354516,653.1264991514238,955.3,661.6
3665,4520,1185.6812040354516,653.1264991514238,955.3,661.6
3665,4521,1185.6812040354516,653.1264991514238,955.3,661.6
3665,4522,1185.6812040354516,653.1264991514238,955.3,661.6
3665,4523,1185.6812040354516,653.1264991514238,955.3,661.6
3665,4524,1185.6812040354516,653.1264991514238,955.3,661.6
3665,4525,1185.6812040354516,653.1264991514238,955.3,661.6
3665,4526,1185.6812040354516,653.1264991514238,955.3,661.6
3665,4527,1185.6812040354516,653.1264991514238,955.3,661.6
3665,4528,1185.6812040354516,653.1264991514238,955.3,661.6
3665,4529,1185.6812040354516,653.1264991514238,955.3,661.6
3665,4530,1185.6812040354516,653.1264991514238,955.3,661.6
3665,4531,1185.6812040354516,653.1264991514238,955.3,661.6
3665,4532,1185.6812040354516,653.1264991514238,955.3,661.6
3665,4533,1185.6812040354516,653.1264991514238,955.3,661.6
3665,4534,1185.6812040354516,653.1264991514238,955.3,661.6
3665,4535,1185.6812040354516,653.1264991514238,955.3,661.6
3665,4536,1185.6812040354516,653.1264991514238,955.3,661.6
3665,4537,1185.6812040354516,653.1264991514238,955.3,661.6
3665,4538,1185.6812040354516,653.1264991514238,955.3,661.6
3665,4539,1185.6812040354516,653.1264991514238,955.3,661.6
3665,4540,1185.6812040354516,653.1264991514238,955.3,661.6
3665,4541,1185.6812040354516,653.1264991514238,955.3,661.6
3665,4542,1185.6812040354516,653.1264991514238,955.3,661.6
3665,4543,1185.6812040354516,653.1264991514238,955.3,661.6
3665,4544,1185.6812040354516,653.1264991514238,955.3,661.6
3665,4545,1185.6812040354516,653.1264991514238,955.3,661.6
3665,4546,1185.6812040354516,653.1264991514238,955.3,661.6
3665,4547,1185.6812040354516,653.1264991514238,955.3,661.6
3665,4548,1185.6812040354516,653.1264991514238,955.3,661.6
3665,4549,1185.6812040354516,653.1264991514238,955.3,661.6
3665,4550,1185.6812040354516,653.1264991514238,955.3,661.6
3665,4551,1185.6812040354516,653.1264991514238,955.3,661.6
3665,4552,1185.6812040354516,653.1264991514238,955.2310344827586,655.0
3665,4553,1185.6812040354516,653.1264991514238,955.1620689655172,648.4
3665,4554,1185.6812040354516,653.1264991514238,955.0931034482758,641.8000000000001
3665,4555,1185.6812040354516,653.1264991514238,955.0241379310345,635.2
3665,4556,1185.6812040354516,653.1264991514238,954.9551724137931,628.6
3665,4557,1185.6812040354516,653.1264991514238,954.8862068965517,622.0
3665,4558,1185.6812040354516,653.1264991514238,954.8172413793103,615.4
3665,4559,1185.6812040354516,653.1264991514238,954.7482758620689,608.8
3665,4560,1185.6812040354516,653.1264991514238,954.6793103448275,602.2
3665,4561,1185.6812040354516,653.1264991514238,954.6103448275861,595.6
3665,4562,1185.6812040354516,653.1264991514238,954.5413793103448,589.0
3665,4563,1185.6812040354516,653.1264991514238,954.4724137931034,582.4
3665,4564,1185.6812040354516,653.1264991514238,954.403448275862,575.8
3665,4565,1185.6812040354516,653.1264991514238,954.3344827586207,569.2
3665,4566,1185.6812040354516,653.1264991514238,954.2655172413793,562.6
3665,4567,1185.6812040354516,653.1264991514238,954.1965517241379,556.0
3665,4568,1185.6812040354516,653.1264991514238,954.1275862068965,549.4
3665,4569,1185.6812040354516,653.1264991514238,954.0586206896551,542.8
3665,4570,1185.6812040354516,653.1264991514238,953.9896551724138,536.2
3665,4571,1185.6812040354516,653.1264991514238,953.9206896551724,529.6
3665,4572,1185.6812040354516,653.1264991514238,953.851724137931,523.0
3665,4573,940.6812040354517,670.1264991514238,953.7827586206896,516.4
3665,4574,940.6812040354517,670.1264991514238,953.7137931034482,509.79999999999995
3665,4575,940.6812040354517,670.1264991514238,953.6448275862068,503.2
3665,4576,940.6812040354517,670.1264991514238,953.5758620689654,496.6
3665,4577,940.6812040354517,670.1264991514238,953.5068965517241,490.0
3665,4578,940.6812040354517,670.1264991514238,953.4379310344827,483.4
3665,4579,940.6812040354517,670.1264991514238,953.3689655172413,476.79999999999995
3665,4580,940.6812040354517,670.1264991514238,953.3,470.2
3665,4581,940.6812040354517,670.1264991514238,953.3,470.2
3665,4582,940.6812040354517,670.1264991514238,953.3,470.2
3665,4583,940.6812040354517,670.1264991514238,953.3,470.2
3665,4584,940.6812040354517,670.1264991514238,953.3,470.2
3665,4585,940.6812040354517,670.1264991514238,953.3,470.2
3665,4586,940.6812040354517,670.1264991514238,953.3,470.2
3665,4587,940.6812040354517,670.1264991514238,953.3,470.2
3665,4588,940.6812040354517,670.1264991514238,953.3,470.2
3665,4589,940.6812040354517,670.1264991514238,953.3,470.2
3665,4590,940.6812040354517,670.1264991514238,953.3,470.2
3665,4591,940.6812040354517,670.1264991514238,953.3,470.2
3665,4592,940.6812040354517,670.1264991514238,953.3,470.2
3665,4593,940.6812040354517,670.1264991514238,953.3,470.2
3665,4594,940.6812040354517,670.1264991514238,953.3,470.2
3665,4595,940.6812040354517,670.1264991514238,953.3,470.2
3665,4596,940.6812040354517,670.1264991514238,953.3,470.2
3665,4597,940.6812040354517,670.1264991514238,953.3,470.2
3665,4598,940.6812040354517,670.1264991514238,953.3,470.2
3665,4599,940.6812040354517,670.1264991514238,953.3,470.2
3665,4600,940.6812040354517,670.1264991514238,953.3,470.2
3665,4601,940.6812040354517,670.1264991514238,953.3,470.2
3665,4602,940.6812040354517,670.1264991514238,953.3,470.2
3665,4603,940.6812040354517,670.1264991514238,953.3,470.2
3665,4604,940.6812040354517,670.1264991514238,953.3,470.2
3665,4605,940.6812040354517,670.1264991514238,953.3,470.2
3665,4606,940.6812040354517,670.1264991514238,953.3,470.2
3665,4607,695.6812040354517,688.1264991514238,953.3,470.2
3665,4608,695.6812040354517,688.1264991514238,953.3,470.2
3665,4609,695.6812040354517,688.1264991514238,953.3,470.2
3665,4610,695.6812040354517,688.1264991514238,953.3,470.2
3665,4611,695.6812040354517,688.1264991514238,953.3,470.2
3665,4612,695.6812040354517,688.1264991514238,953.3,470.2
3665,4613,695.6812040354517,688.1264991514238,953.3,470.2
3665,4614,695.6812040354517,688.1264991514238,953.3,470.2
3665,4615,695.6812040354517,688.1264991514238,953.3,470.2
3665,4616,695.6812040354517,688.1264991514238,953.3,470.2
3665,4617,695.6812040354517,688.1264991514238,953.3,470.2
3665,4618,695.6812040354517,688.1264991514238,953.3,470.2
3665,4619,695.6812040354517,688.1264991514238,953.3,470.2
3665,4620,695.6812040354517,688.1264991514238,953.3,470.2
3665,4621,695.6812040354517,688.1264991514238,953.3,470.2
3665,4622,695.6812040354517,688.1264991514238,953.3,470.2
3665,4623,695.6812040354517,688.1264991514238,953.3,470.2
3665,4624,695.6812040354517,688.1264991514238,953.3,470.2
3665,4625,695.6812040354517,688.1264991514238,953.3,470.2
3665,4626,695.6812040354517,688.1264991514238,953.3,470.2
3665,4627,695.6812040354517,688.1264991514238,953.3,470.2
3665,4628,695.6812040354517,688.1264991514238,953.3,470.2
3665,4629,695.6812040354517,688.1264991514238,953.3,470.2
3665,4630,695.6812040354517,688.1264991514238,953.3,470.2
3665,4631,695.6812040354517,688.1264991514238,953.3,470.2
3665,4632,695.6812040354517,688.1264991514238,953.3,470.2
3665,4633,695.6812040354517,688.1264991514238,953.3,470.2
3665,4634,695.6812040354517,688.1264991514238,952.4833333333333,457.4888888888889
3665,4635,695.6812040354517,688.1264991514238,951.6666666666666,444.77777777777777
3665,4636,695.6812040354517,688.1264991514238,950.8499999999999,432.06666666666666
3665,4637,695.6812040354517,688.1264991514238,950.0333333333333,419.35555555555555
3666,4638,695.6812040354517,688.1264991514238,949.2166666666667,406.64444444444445
3667,4639,695.6812040354517,688.1264991514238,948.4,393.93333333333334
3668,4640,695.6812040354517,688.1264991514238,947.5833333333333,381.22222222222223
3669,4641,695.6812040354517,688.1264991514238,946.7666666666667,368.5111111111111
3670,4642,695.6812040354517,688.1264991514238,945.95,355.8
3671,4643,695.6812040354517,688.1264991514238,945.1333333333333,343.0888888888889
3672,4644,695.6812040354517,688.1264991514238,944.3166666666666,330.37777777777774
3673,4645,695.6812040354517,688.1264991514238,943.5,317.66666666666663
3674,4645,695.6812040354517,688.1264991514238,942.6833333333334,304.9555555555555
3675,4645,695.6812040354517,688.1264991514238,941.8666666666667,292.2444444444444
3676,4645,695.6812040354517,688.1264991514238,941.05,279.5333333333333
3677,4645,695.6812040354517,688.1264991514238,940.2333333333333,266.8222222222222
3678,4645,695.6812040354517,688.1264991514238,939.4166666666667,254.11111111111111
3679,4645,695.6812040354517,688.1264991514238,938.6,241.4
3680,4645,695.6812040354517,688.1264991514238,938.6,241.4
3681,4645,695.6812040354517,688.1264991514238,938.6,241.4
3682,4645,695.6812040354517,688.1264991514238,938.6,241.4
3683,4645,695.6812040354517,688.1264991514238,938.6,241.4
3684,4645,695.6812040354517,688.1264991514238,938.6,241.4
3685,4645,695.6812040354517,688.1264991514238,938.6,241.4
3686,4645,695.6812040354517,688.1264991514238,938.6,241.4
3687,4645,695.6812040354517,688.1264991514238,938.6,241.4
3688,4645,695.6812040354517,688.1264991514238,938.6,241.4
3689,4645,695.6812040354517,688.1264991514238,938.6,241.4
3690,4645,695.6812040354517,688.1264991514238,938.6,241.4
3691,4645,695.6812040354517,688.1264991514238,938.6,241.4
3692,4645,695.6812040354517,688.1264991514238,938.6,241.4
3693,4645,695.6812040354517,688.1264991514238,938.6,241.4
3694,4645,695.6812040354517,688.1264991514238,938.6,241.4
3695,4645,695.6812040354517,688.1264991514238,938.6,241.4
3696,4645,695.6812040354517,688.1264991514238,938.6,241.4
3697,4646,695.6812040354517,688.1264991514238,938.6,241.4
3698,4647,695.6812040354517,688.1264991514238,938.6,241.4
3699,4648,695.6812040354517,688.1264991514238,938.6,241.4
3700,4649,695.6812040354517,688.1264991514238,938.6,241.4
3701,4650,695.6812040354517,688.1264991514238,938.6,241.4
3702,4651,695.6812040354517,688.1264991514238,938.6,241.4
3703,4652,695.6812040354517,688.1264991514238,938.6,241.4
3704,4653,695.6812040354517,688.1264991514238,938.6,241.4
3705,4654,695.6812040354517,688.1264991514238,938.6,241.4
3706,4655,695.6812040354517,688.1264991514238,938.6,241.4
3707,4656,695.6812040354517,688.1264991514238,938.6,241.4
3708,4657,695.6812040354517,688.1264991514238,938.6,241.4
3709,4658,695.6812040354517,688.1264991514238,938.6,241.4
3710,4659,695.6812040354517,688.1264991514238,938.6,241.4
3711,4660,695.6812040354517,688.1264991514238,938.6,241.4
3712,4661,695.6812040354517,688.1264991514238,938.6,241.4
3713,4662,695.6812040354517,688.1264991514238,938.6,241.4
3714,4663,695.6812040354517,688.1264991514238,938.6,241.4
3715,4664,695.6812040354517,688.1264991514238,938.6,241.4
3716,4665,695.6812040354517,688.1264991514238,938.6,241.4
3717,4666,695.6812040354517,688.1264991514238,938.6,241.4
3718,4667,695.6812040354517,688.1264991514238,938.6,241.4
3719,4668,695.6812040354517,688.1264991514238,938.6,241.4
3720,4669,695.6812040354517,688.1264991514238,938.6,241.4
3721,4670,695.6812040354517,688.1264991514238,938.6,241.4
3722,4671,695.6812040354517,688.1264991514238,938.6,241.4
3723,4672,695.6812040354517,688.1264991514238,938.6,241.4
3724,4673,695.6812040354517,688.1264991514238,938.6,241.4
3725,4674,695.6812040354517,688.1264991514238,938.6,241.4
3726,4675,695.6812040354517,688.1264991514238,938.6,241.4
3727,4676,695.6812040354517,688.1264991514238,938.6,241.4
3728,4677,695.6812040354517,688.1264991514238,938.6,241.4
3729,4678,695.6812040354517,688.1264991514238,938.6,241.4
3730,4679,695.6812040354517,688.1264991514238,938.6,241.4
3731,4680,695.6812040354517,688.1264991514238,938.6,241.4
3732,4681,695.6812040354517,688.1264991514238,938.6,241.4
3733,4682,695.6812040354517,688.1264991514238,938.6,241.4
3734,4683,646.6812040354517,672.1264991514238,938.6,241.4
3735,4684,646.6812040354517,672.1264991514238,938.6,241.4
3736,4685,646.6812040354517,672.1264991514238,938.6,241.4
3737,4686,646.6812040354517,672.1264991514238,938.6,241.4
3738,4687,646.6812040354517,672.1264991514238,938.6,241.4
3739,4688,646.6812040354517,672.1264991514238,938.6,241.4
3740,4689,646.6812040354517,672.1264991514238,938.6,241.4
3741,4690,646.6812040354517,672.1264991514238,938.6,241.4
3742,4691,646.6812040354517,672.1264991514238,938.6,241.4
3743,4692,646.6812040354517,672.1264991514238,938.6,241.4
3744,4693,646.6812040354517,672.1264991514238,938.6,241.4
3745,4694,646.6812040354517,672.1264991514238,938.6,241.4
3746,4695,646.6812040354517,672.1264991514238,938.6,241.4
3747,4696,646.6812040354517,672.1264991514238,938.6,241.4
3748,4697,646.6812040354517,672.1264991514238,938.6,241.4
3749,4698,646.6812040354517,672.1264991514238,938.6,241.4
3750,4699,646.6812040354517,672.1264991514238,938.6,241.4
3751,4700,646.6812040354517,672.1264991514238,938.6,241.4
3752,4701,646.6812040354517,672.1264991514238,938.6,241.4
3753,4702,646.6812040354517,672.1264991514238,938.6,241.4
3754,4703,646.6812040354517,672.1264991514238,938.6,241.4
3755,4704,646.6812040354517,672.1264991514238,938.6,241.4
3756,4705,646.6812040354517,672.1264991514238,938.6,241.4
3757,4706,646.6812040354517,672.1264991514238,938.6,241.4
3758,4707,646.6812040354517,672.1264991514238,938.6,241.4
3759,4708,646.6812040354517,672.1264991514238,938.6,241.4
3760,4709,646.6812040354517,672.1264991514238,938.6,241.4
3761,4710,646.6812040354517,672.1264991514238,938.6,241.4
3762,4711,646.6812040354517,672.1264991514238,938.6,241.4
3763,4712,646.6812040354517,672.1264991514238,938.6,241.4
3764,4713,646.6812040354517,672.1264991514238,938.6,241.4
3765,4714,646.6812040354517,672.1264991514238,938.6,241.4
3766,4715,646.6812040354517,672.1264991514238,938.6,241.4
3767,4716,646.6812040354517,672.1264991514238,938.6,241.4
3768,4717,598.6812040354517,657.1264991514238,938.6,241.4
3769,4718,598.6812040354517,657.1264991514238,938.6,241.4
3770,4719,598.6812040354517,657.1264991514238,938.6,241.4
3771,4720,598.6812040354517,657.1264991514238,938.6,241.4
3772,4721,598.6812040354517,657.1264991514238,938.6,241.4
3773,4722,598.6812040354517,657.1264991514238,938.6,241.4
3774,4723,598.6812040354517,657.1264991514238,938.6,241.4
3775,4724,598.6812040354517,657.1264991514238,938.6,241.4
3776,4725,598.6812040354517,657.1264991514238,938.6,241.4
3777,4726,598.6812040354517,657.1264991514238,938.6,241.4
3778,4727,598.6812040354517,657.1264991514238,938.6,241.4
3779,4728,598.6812040354517,657.1264991514238,938.6,241.4
3780,4729,598.6812040354517,657.1264991514238,938.6,241.4
3781,4730,598.6812040354517,657.1264991514238,938.6,241.4
3782,4731,598.6812040354517,657.1264991514238,938.6,241.4
3783,4732,598.6812040354517,657.1264991514238,938.6,241.4
3784,4733,598.6812040354517,657.1264991514238,938.6,241.4
3785,4734,598.6812040354517,657.1264991514238,938.6,241.4
3786,4735,598.6812040354517,657.1264991514238,938.6,241.4
3787,4736,598.6812040354517,657.1264991514238,938.6,241.4
3788,4737,598.6812040354517,657.1264991514238,938.6,241.4
3789,4738,598.6812040354517,657.1264991514238,938.6,241.4
3790,4739,598.6812040354517,657.1264991514238,938.6,241.4
3791,4740,598.6812040354517,657.1264991514238,938.6,241.4
3792,4741,598.6812040354517,657.1264991514238,938.6,241.4
3793,4742,598.6812040354517,657.1264991514238,938.6,241.4
3794,4743,598.6812040354517,657.1264991514238,938.6,241.4
3795,4744,598.6812040354517,657.1264991514238,938.6,241.4
3796,4745,598.6812040354517,657.1264991514238,938.6,241.4
3797,4746,598.6812040354517,657.1264991514238,938.6,241.4
3798,4747,598.6812040354517,657.1264991514238,938.6,241.4
3799,4748,598.6812040354517,657.1264991514238,938.6,241.4
3800,4749,598.6812040354517,657.1264991514238,938.6,241.4
3801,4750,598.6812040354517,657.1264991514238,938.6,241.4
3802,4751,598.6812040354517,657.1264991514238,938.6,241.4
3803,4752,598.6812040354517,657.1264991514238,938.6,241.4
3804,4753,598.6812040354517,657.1264991514238,938.6,241.4
3805,4754,598.6812040354517,657.1264991514238,938.6,241.4
3806,4755,598.6812040354517,657.1264991514238,938.6,241.4
3807,4756,598.6812040354517,657.1264991514238,938.6,241.4
3808,4757,598.6812040354517,657.1264991514238,938.6,241.4
3809,4758,598.6812040354517,657.1264991514238,938.6,241.4
3810,4759,598.6812040354517,657.1264991514238,938.6,241.4
3811,4760,598.6812040354517,657.1264991514238,938.6,241.4
3812,4761,598.6812040354517,657.1264991514238,938.6,241.4
3813,4762,598.6812040354517,657.1264991514238,938.6,241.4
3814,4763,598.6812040354517,657.1264991514238,938.6,241.4
3815,4764,598.6812040354517,657.1264991514238,938.6,241.4
3816,4765,598.6812040354517,657.1264991514238,938.6,241.4
3817,4766,598.6812040354517,657.1264991514238,938.6,241.4
3818,4767,598.6812040354517,657.1264991514238,938.6,241.4
3819,4768,598.6812040354517,657.1264991514238,938.6,241.4
3820,4769,598.6812040354517,657.1264991514238,938.6,241.4
3821,4770,598.6812040354517,657.1264991514238,938.6,241.4
3822,4771,598.6812040354517,657.1264991514238,938.6,241.4
3823,4772,598.6812040354517,657.1264991514238,938.6,241.4
3824,4773,598.6812040354517,657.1264991514238,938.6,241.4
3825,4774,598.6812040354517,657.1264991514238,938.6,241.4
3826,4775,598.6812040354517,657.1264991514238,938.6,241.4
3827,4776,598.6812040354517,657.1264991514238,938.6,241.4
3828,4777,598.6812040354517,657.1264991514238,938.6,241.4
3829,4778,598.6812040354517,657.1264991514238,938.6,241.4
3830,4779,598.6812040354517,657.1264991514238,938.6,241.4
3831,4780,598.6812040354517,657.1264991514238,938.6,241.4
3832,4781,598.6812040354517,657.1264991514238,938.6,241.4
3833,4782,598.6812040354517,657.1264991514238,938.6,241.4
3834,4783,598.6812040354517,657.1264991514238,938.6,241.4
3835,4784,598.6812040354517,657.1264991514238,938.6,241.4
3836,4785,598.6812040354517,657.1264991514238,938.6,241.4
3837,4786,598.6812040354517,657.1264991514238,938.6,241.4
3838,4787,598.6812040354517,657.1264991514238,938.6,241.4
3839,4788,598.6812040354517,657.1264991514238,938.6,241.4
3840,4789,598.6812040354517,657.1264991514238,938.6,241.4
3841,4790,598.6812040354517,657.1264991514238,938.6,241.4
3842,4791,598.6812040354517,657.1264991514238,938.6,241.4
3843,4792,598.6812040354517,657.1264991514238,938.6,241.4
3844,4793,598.6812040354517,657.1264991514238,938.6,241.4
3845,4794,598.6812040354517,657.1264991514238,938.6,241.4
3846,4795,598.6812040354517,657.1264991514238,938.6,241.4
3847,4796,598.6812040354517,657.1264991514238,938.6,241.4
3848,4797,598.6812040354517,657.1264991514238,938.6,241.4
3849,4798,598.6812040354517,657.1264991514238,938.6,241.4
3850,4799,598.6812040354517,657.1264991514238,938.6,241.4
3851,4800,598.6812040354517,657.1264991514238,938.6,241.4
3852,4801,598.6812040354517,657.1264991514238,938.6,241.4
3853,4802,598.6812040354517,657.1264991514238,938.6,241.4
3854,4803,598.6812040354517,657.1264991514238,938.6,241.4
3855,4804,598.6812040354517,657.1264991514238,938.6,241.4
3856,4805,598.6812040354517,657.1264991514238,938.6,241.4
3857,4806,598.6812040354517,657.1264991514238,938.6,241.4
3858,4807,598.6812040354517,657.1264991514238,938.6,241.4
3859,4808,598.6812040354517,657.1264991514238,938.6,241.4
3860,4809,598.6812040354517,657.1264991514238,938.6,241.4
3861,4810,598.6812040354517,657.1264991514238,938.6,241.4
3862,4811,598.6812040354517,657.1264991514238,938.6,241.4
3863,4812,598.6812040354517,657.1264991514238,938.6,241.4
3864,4813,598.6812040354517,657.1264991514238,938.6,241.4
3865,4814,598.6812040354517,657.1264991514238,938.6,241.4
3866,4815,598.6812040354517,657.1264991514238,938.6,241.4
3867,4816,598.6812040354517,657.1264991514238,938.6,241.4
3868,4817,598.6812040354517,657.1264991514238,938.6,241.4
3869,4818,598.6812040354517,657.1264991514238,938.6,241.4
3870,4819,598.6812040354517,657.1264991514238,942.4846153846154,236.22307692307692
3871,4820,598.6812040354517,657.1264991514238,946.3692307692307,231.04615384615386
3872,4821,598.6812040354517,657.1264991514238,950.2538461538462,225.86923076923077
3873,4822,598.6812040354517,657.1264991514238,954.1384615384616,220.69230769230768
3874,4823,598.6812040354517,657.1264991514238,958.0230769230769,215.51538461538462
3875,4824,598.6812040354517,657.1264991514238,961.9076923076923,210.33846153846153
3876,4825,598.6812040354517,657.1264991514238,965.7923076923078,205.16153846153844
3877,4826,598.6812040354517,657.1264991514238,969.6769230769231,199.98461538461538
3878,4827,598.6812040354517,657.1264991514238,973.5615384615385,194.80769230769232
3879,4828,598.6812040354517,657.1264991514238,977.4461538461538,189.63076923076923
3880,4829,598.6812040354517,657.1264991514238,981.3307692307693,184.45384615384614
3881,4830,598.6812040354517,657.1264991514238,985.2153846153847,179.27692307692308
3882,4831,598.6812040354517,657.1264991514238,989.1,174.1
3883,4832,598.6812040354517,657.1264991514238,989.1,174.1
3884,4833,598.6812040354517,657.1264991514238,989.1,174.1
3885,4834,598.6812040354517,657.1264991514238,989.1,174.1
3886,4835,598.6812040354517,657.1264991514238,989.1,174.1
3887,4836,598.6812040354517,657.1264991514238,989.1,174.1
3888,4837,598.6812040354517,657.1264991514238,989.1,174.1
3889,4838,598.6812040354517,657.1264991514238,989.1,174.1
3890,4839,598.6812040354517,657.1264991514238,989.1,174.1
3891,4840,598.6812040354517,657.1264991514238,989.1,174.1
3892,4841,598.6812040354517,657.1264991514238,989.1,174.1
3893,4842,598.6812040354517,657.1264991514238,989.1,174.1
3894,4843,598.6812040354517,657.1264991514238,989.1,174.1
3895,4844,598.6812040354517,657.1264991514238,989.1,174.1
3896,4845,598.6812040354517,657.1264991514238,989.1,174.1
3897,4846,598.6812040354517,657.1264991514238,989.1,174.1
3898,4847,598.6812040354517,657.1264991514238,989.1,174.1
3899,4848,598.6812040354517,657.1264991514238,989.1,174.1
3900,4849,598.6812040354517,657.1264991514238,989.1,174.1
3901,4850,598.6812040354517,657.1264991514238,989.1,174.1
3902,4851,598.6812040354517,657.1264991514238,989.1,174.1
3903,4852,598.6812040354517,657.1264991514238,989.1,174.1
3904,4853,598.6812040354517,657.1264991514238,989.1,174.1
3905,4854,598.6812040354517,657.1264991514238,989.1,174.1
3906,4855,598.6812040354517,657.1264991514238,989.1,174.1
3907,4856,598.6812040354517,657.1264991514238,989.1,174.1
3908,4857,598.6812040354517,657.1264991514238,989.1,174.1
3909,4858,598.6812040354517,657.1264991514238,989.1,174.1
3910,4859,598.6812040354517,657.1264991514238,989.1,174.1
3911,4860,598.6812040354517,657.1264991514238,989.1,174.1
3912,4861,598.6812040354517,657.1264991514238,989.1,174.1
3913,4862,598.6812040354517,657.1264991514238,989.1,174.1
3914,4863,598.6812040354517,657.1264991514238,989.1,174.1
3915,4864,598.6812040354517,657.1264991514238,989.1,174.1
3916,4865,598.6812040354517,657.1264991514238,989.1,174.1
3917,4866,598.6812040354517,657.1264991514238,989.1,174.1
3918,4867,598.6812040354517,657.1264991514238,989.1,174.1
3919,4868,598.6812040354517,657.1264991514238,989.1,174.1
3920,4869,598.6812040354517,657.1264991514238,989.1,174.1
3921,4870,598.6812040354517,657.1264991514238,989.1,174.1
3922,4871,598.6812040354517,657.1264991514238,989.1,174.1
3923,4872,598.6812040354517,657.1264991514238,989.1,174.1
3924,4873,598.6812040354517,657.1264991514238,989.1,174.1
3925,4874,598.6812040354517,657.1264991514238,989.1,174.1
3926,4875,598.6812040354517,657.1264991514238,989.1,174.1
3927,4876,598.6812040354517,657.1264991514238,989.1,174.1
3928,4877,598.6812040354517,657.1264991514238,989.1,174.1
3929,4878,598.6812040354517,657.1264991514238,989.1,174.1
3930,4879,598.6812040354517,657.1264991514238,989.1,174.1
3931,4880,598.6812040354517,657.1264991514238,989.1,174.1
3932,4881,598.6812040354517,657.1264991514238,989.1,174.1
3933,4882,598.6812040354517,657.1264991514238,989.1,174.1
3934,4883,598.6812040354517,657.1264991514238,989.1,174.1
3935,4884,771.6812040354517,462.12649915142373,989.1,174.1
3936,4885,771.6812040354517,462.12649915142373,989.1,174.1
3937,4886,771.6812040354517,462.12649915142373,989.1,174.1
3938,4887,771.6812040354517,462.12649915142373,989.1,174.1
3939,4888,771.6812040354517,462.12649915142373,989.1,174.1
3940,4889,771.6812040354517,462.12649915142373,989.1,174.1
3941,4890,771.6812040354517,462.12649915142373,989.1,174.1
3942,4891,771.6812040354517,462.12649915142373,989.1,174.1
3943,4892,771.6812040354517,462.12649915142373,989.1,174.1
3944,4893,771.6812040354517,462.12649915142373,989.1,174.1
3945,4894,771.6812040354517,462.12649915142373,989.1,174.1
3946,4895,771.6812040354517,462.12649915142373,989.1,174.1
3947,4896,771.6812040354517,462.12649915142373,989.1,174.1
3948,4897,771.6812040354517,462.12649915142373,989.1,174.1
3949,4898,771.6812040354517,462.12649915142373,989.1,174.1
3950,4899,771.6812040354517,462.12649915142373,989.1,174.1
3951,4900,771.6812040354517,462.12649915142373,989.1,174.1
3952,4901,771.6812040354517,462.12649915142373,989.1,174.1
3953,4902,771.6812040354517,462.12649915142373,989.1,174.1
3954,4903,771.6812040354517,462.12649915142373,989.1,174.1
3955,4904,771.6812040354517,462.12649915142373,989.1,174.1
3956,4905,771.6812040354517,462.12649915142373,989.1,174.1
3957,4906,771.6812040354517,462.12649915142373,989.1,174.1
3958,4907,771.6812040354517,462.12649915142373,989.1,174.1
3959,4908,771.6812040354517,462.12649915142373,989.1,174.1
3960,4909,771.6812040354517,462.12649915142373,989.1,174.1
3961,4910,771.6812040354517,462.12649915142373,989.1,174.1
3962,4911,771.6812040354517,462.12649915142373,989.1,174.1
3963,4912,771.6812040354517,462.12649915142373,989.1,174.1
3964,4913,771.6812040354517,462.12649915142373,989.1,174.1
3965,4914,771.6812040354517,462.12649915142373,989.1,174.1
3966,4915,771.6812040354517,462.12649915142373,989.1,174.1
3967,4916,771.6812040354517,462.12649915142373,989.1,174.1
3968,4917,943.6812040354517,267.12649915142373,989.1,174.1
3969,4918,943.6812040354517,267.12649915142373,989.1,174.1
3970,4919,943.6812040354517,267.12649915142373,989.1,174.1
3971,4920,943.6812040354517,267.12649915142373,989.1,174.1
3972,4921,943.6812040354517,267.12649915142373,989.1,174.1
3973,4922,943.6812040354517,267.12649915142373,989.1,174.1
3974,4923,943.6812040354517,267.12649915142373,989.1,174.1
3975,4924,943.6812040354517,267.12649915142373,989.1,174.1
3976,4925,943.6812040354517,267.12649915142373,989.1,174.1
3977,4926,943.6812040354517,267.12649915142373,989.1,174.1
3978,4927,943.6812040354517,267.12649915142373,989.1,174.1
3979,4928,943.6812040354517,267.12649915142373,989.1,174.1
3980,4929,943.6812040354517,267.12649915142373,989.1,174.1
3981,4930,943.6812040354517,267.12649915142373,989.1,174.1
3982,4931,943.6812040354517,267.12649915142373,989.1,174.1
3983,4932,943.6812040354517,267.12649915142373,989.1,174.1
3984,4933,943.6812040354517,267.12649915142373,989.1,174.1
3985,4934,943.6812040354517,267.12649915142373,989.1,174.1
3986,4935,943.6812040354517,267.12649915142373,989.1,174.1
3987,4936,943.6812040354517,267.12649915142373,989.1,174.1
3988,4937,943.6812040354517,267.12649915142373,989.1,174.1
3989,4938,943.6812040354517,267.12649915142373,989.1,174.1
3990,4939,943.6812040354517,267.12649915142373,989.1,174.1
3991,4940,943.6812040354517,267.12649915142373,989.1,174.1
3992,4941,943.6812040354517,267.12649915142373,989.1,174.1
3993,4942,943.6812040354517,267.12649915142373,989.1,174.1
3994,4943,943.6812040354517,267.12649915142373,989.1,174.1
3995,4944,943.6812040354517,267.12649915142373,989.1,174.1
3996,4945,943.6812040354517,267.12649915142373,989.1,174.1
3997,4946,943.6812040354517,267.12649915142373,989.1,174.1
3998,4947,943.6812040354517,267.12649915142373,989.1,174.1
3999,4948,943.6812040354517,267.12649915142373,989.1,174.1
3999,4949,943.6812040354517,267.12649915142373,989.1,174.1
3999,4950,943.6812040354517,267.12649915142373,989.1,174.1
3999,4951,943.6812040354517,267.12649915142373,989.1,174.1
3999,4952,943.6812040354517,267.12649915142373,989.1,174.1
3999,4953,943.6812040354517,267.12649915142373,989.1,174.1
3999,4954,943.6812040354517,267.12649915142373,989.1,174.1
3999,4955,943.6812040354517,267.12649915142373,989.1,174.1
3999,4956,943.6812040354517,267.12649915142373,989.1,174.1
3999,4957,943.6812040354517,267.12649915142373,989.1,174.1
3999,4958,943.6812040354517,267.12649915142373,989.1,174.1
3999,4959,943.6812040354517,267.12649915142373,989.1,174.1
3999,4960,943.6812040354517,267.12649915142373,989.1,174.1
3999,4961,943.6812040354517,267.12649915142373,989.1,174.1
3999,4962,943.6812040354517,267.12649915142373,989.1,174.1
3999,4963,943.6812040354517,267.12649915142373,989.1,174.1
3999,4964,943.6812040354517,267.12649915142373,989.1,174.1
3999,4965,943.6812040354517,267.12649915142373,989.1,174.1
3999,4966,943.6812040354517,267.12649915142373,989.1,174.1
3999,4967,943.6812040354517,267.12649915142373,989.1,174.1
3999,4968,943.6812040354517,267.12649915142373,989.1,174.1
3999,4969,943.6812040354517,267.12649915142373,989.1,174.1
3999,4970,943.6812040354517,267.12649915142373,989.1,174.1
3999,4971,943.6812040354517,267.12649915142373,989.1,174.1
3999,4972,943.6812040354517,267.12649915142373,989.1,174.1
3999,4973,943.6812040354517,267.12649915142373,989.1,174.1
3999,4974,943.6812040354517,267.12649915142373,989.1,174.1
3999,4975,943.6812040354517,267.12649915142373,989.1,174.1
3999,4976,943.6812040354517,267.12649915142373,989.1,174.1
3999,4977,943.6812040354517,267.12649915142373,989.1,174.1
3999,4978,943.6812040354517,267.12649915142373,989.1,174.1
3999,4979,943.6812040354517,267.12649915142373,989.1,174.1
3999,4980,943.6812040354517,267.12649915142373,989.1,174.1
3999,4981,943.6812040354517,267.12649915142373,989.1,174.1
3999,4982,943.6812040354517,267.12649915142373,989.1,174.1
3999,4983,943.6812040354517,267.12649915142373,989.1,174.1
3999,4984,943.6812040354517,267.12649915142373,989.1,174.1
3999,4985,943.6812040354517,267.12649915142373,989.1,174.1
3999,4986,943.6812040354517,267.12649915142373,989.1,174.1
4000,4987,943.6812040354517,267.12649915142373,989.1,174.1
4001,4988,943.6812040354517,267.12649915142373,989.1,174.1
4002,4989,943.6812040354517,267.12649915142373,989.1,174.1
4003,4990,943.6812040354517,267.12649915142373,989.1,174.1
4004,4991,943.6812040354517,267.12649915142373,989.1,174.1
4005,4992,943.6812040354517,267.12649915142373,989.1,174.1
4006,4993,943.6812040354517,267.12649915142373,989.1,174.1
4007,4994,943.6812040354517,267.12649915142373,989.1,174.1
4008,4995,943.6812040354517,267.12649915142373,989.1,174.1
4009,4996,943.6812040354517,267.12649915142373,989.1,174.1
4010,4997,943.6812040354517,267.12649915142373,989.1,174.1
4011,4998,943.6812040354517,267.12649915142373,989.1,174.1
4012,4999,943.6812040354517,267.12649915142373,989.1,174.1
4013,5000,943.6812040354517,267.12649915142373,989.1,174.1
4014,5001,943.6812040354517,267.12649915142373,989.1,174.1
4015,5002,943.6812040354517,267.12649915142373,989.1,174.1
4016,5003,943.6812040354517,267.12649915142373,989.1,174.1
4017,5004,943.6812040354517,267.12649915142373,989.1,174.1
4018,5005,943.6812040354517,267.12649915142373,989.1,174.1
4019,5006,943.6812040354517,267.12649915142373,989.1,174.1
4020,5007,943.6812040354517,267.12649915142373,989.1,174.1
4021,5008,943.6812040354517,267.12649915142373,989.1,174.1
4022,5009,943.6812040354517,267.12649915142373,989.1,174.1
4023,5010,943.6812040354517,267.12649915142373,989.1,174.1
4024,5011,943.6812040354517,267.12649915142373,989.1,174.1
4025,5012,943.6812040354517,267.12649915142373,989.1,174.1
4026,5013,943.6812040354517,267.12649915142373,989.1,174.1
4027,5014,943.6812040354517,267.12649915142373,989.1,174.1
4028,5015,943.6812040354517,267.12649915142373,988.9088888888889,175.25333333333333
4029,5016,943.6812040354517,267.12649915142373,988.7177777777778,176.40666666666667
4030,5017,943.6812040354517,267.12649915142373,988.5266666666666,177.56
4031,5018,943.6812040354517,267.12649915142373,988.3355555555556,178.71333333333334
4032,5019,943.6812040354517,267.12649915142373,988.1444444444445,179.86666666666667
4033,5020,943.6812040354517,267.12649915142373,987.9533333333334,181.01999999999998
4034,5021,943.6812040354517,267.12649915142373,987.7622222222222,182.17333333333332
4035,5022,943.6812040354517,267.12649915142373,987.5711111111111,183.32666666666665
4036,5023,943.6812040354517,267.12649915142373,987.38,184.48
4037,5024,943.6812040354517,267.12649915142373,987.1888888888889,185.63333333333333
4038,5025,801.6812040354517,450.12649915142373,986.9977777777777,186.78666666666666
4039,5026,801.6812040354517,450.12649915142373,986.8066666666667,187.94
4040,5027,801.6812040354517,450.12649915142373,986.6155555555556,189.09333333333333
4041,5028,801.6812040354517,450.12649915142373,986.4244444444445,190.24666666666667
4042,5029,801.6812040354517,450.12649915142373,986.2333333333333,191.39999999999998
4043,5030,801.6812040354517,450.12649915142373,986.0422222222222,192.5533333333333
4044,5031,801.6812040354517,450.12649915142373,985.8511111111111,193.70666666666665
4045,5032,801.6812040354517,450.12649915142373,985.66,194.85999999999999
4046,5033,801.6812040354517,450.12649915142373,985.468888888889,196.01333333333332
4047,5034,801.6812040354517,450.12649915142373,985.2777777777778,197.16666666666666
4048,5035,801.6812040354517,450.12649915142373,985.0866666666667,198.32
4049,5036,801.6812040354517,450.12649915142373,984.8955555555556,199.47333333333333
4050,5037,801.6812040354517,450.12649915142373,984.7044444444444,200.62666666666667
4051,5038,801.6812040354517,450.12649915142373,984.5133333333333,201.77999999999997
4052,5039,801.6812040354517,450.12649915142373,984.3222222222222,202.93333333333334
4053,5040,801.6812040354517,450.12649915142373,984.1311111111111,204.08666666666664
4054,5041,801.6812040354517,450.12649915142373,983.94,205.23999999999998
4055,5042,801.6812040354517,450.12649915142373,983.7488888888889,206.39333333333332
4056,5043,801.6812040354517,450.12649915142373,983.5577777777778,207.54666666666665
4057,5044,801.6812040354517,450.12649915142373,983.3666666666667,208.7
4058,5045,801.6812040354517,450.12649915142373,983.1755555555555,209.85333333333332
4059,5046,801.6812040354517,450.12649915142373,982.9844444444444,211.00666666666666
4060,5047,801.6812040354517,450.12649915142373,982.7933333333333,212.16
4061,5048,801.6812040354517,450.12649915142373,982.6022222222223,213.31333333333333
4062,5049,801.6812040354517,450.12649915142373,982.4111111111112,214.46666666666664
4063,5050,659.6812040354517,633.1264991514238,982.22,215.61999999999998
4064,5051,659.6812040354517,633.1264991514238,982.0288888888889,216.7733333333333
4065,5052,659.6812040354517,633.1264991514238,981.8377777777778,217.92666666666665
4066,5053,659.6812040354517,633.1264991514238,981.6466666666666,219.07999999999998
4067,5054,659.6812040354517,633.1264991514238,981.4555555555555,220.23333333333332
4068,5055,659.6812040354517,633.1264991514238,981.2644444444444,221.38666666666666
4069,5056,659.6812040354517,633.1264991514238,981.0733333333334,222.54
4070,5057,659.6812040354517,633.1264991514238,980.8822222222223,223.69333333333333
4071,5058,659.6812040354517,633.1264991514238,980.6911111111111,224.84666666666664
4072,5059,659.6812040354517,633.1264991514238,980.5,226.0
4073,5060,659.6812040354517,633.1264991514238,980.3088888888889,227.1533333333333
4074,5061,659.6812040354517,633.1264991514238,980.1177777777777,228.30666666666664
4075,5062,659.6812040354517,633.1264991514238,979.9266666666666,229.45999999999998
4076,5063,659.6812040354517,633.1264991514238,979.7355555555556,230.61333333333332
4077,5064,659.6812040354517,633.1264991514238,979.5444444444445,231.76666666666665
4078,5065,659.6812040354517,633.1264991514238,979.3533333333334,232.92
4079,5066,659.6812040354517,633.1264991514238,979.1622222222222,234.07333333333332
4080,5067,659.6812040354517,633.1264991514238,978.9711111111111,235.22666666666663
4081,5068,659.6812040354517,633.1264991514238,978.78,236.38
4082,5069,659.6812040354517,633.1264991514238,978.5888888888888,237.5333333333333
4083,5070,659.6812040354517,633.1264991514238,978.3977777777777,238.68666666666667
4084,5071,659.6812040354517,633.1264991514238,978.2066666666667,239.83999999999997
4085,5072,659.6812040354517,633.1264991514238,978.0155555555556,240.9933333333333
4086,5073,659.6812040354517,633.1264991514238,977.8244444444445,242.14666666666665
4087,5074,659.6812040354517,633.1264991514238,977.6333333333333,243.29999999999998
4088,5075,659.6812040354517,633.1264991514238,977.4422222222222,244.45333333333332
4089,5076,659.6812040354517,633.1264991514238,977.2511111111111,245.60666666666663
4090,5077,659.6812040354517,633.1264991514238,977.06,246.76
4091,5078,659.6812040354517,633.1264991514238,976.8688888888889,247.9133333333333
4092,5079,659.6812040354517,633.1264991514238,976.6777777777778,249.06666666666666
4093,5080,659.6812040354517,633.1264991514238,976.4866666666667,250.21999999999997
4094,5081,659.6812040354517,633.1264991514238,976.2955555555556,251.3733333333333
4095,5082,659.6812040354517,633.1264991514238,976.1044444444444,252.52666666666664
4096,5083,659.6812040354517,633.1264991514238,975.9133333333333,253.67999999999998
4097,5084,659.6812040354517,633.1264991514238,975.7222222222222,254.83333333333331
4098,5085,659.6812040354517,633.1264991514238,975.531111111111,255.98666666666665
4099,5086,659.6812040354517,633.1264991514238,975.34,257.14
4100,5087,659.6812040354517,633.1264991514238,975.1488888888889,258.2933333333333
4101,5088,659.6812040354517,633.1264991514238,974.9577777777778,259.44666666666666
4102,5089,659.6812040354517,633.1264991514238,974.7666666666667,260.59999999999997
4103,5090,659.6812040354517,633.1264991514238,974.5755555555555,261.75333333333333
4104,5091,659.6812040354517,633.1264991514238,974.3844444444444,262.90666666666664
4105,5092,659.6812040354517,633.1264991514238,974.1933333333333,264.05999999999995
4106,5093,659.6812040354517,633.1264991514238,974.0022222222223,265.2133333333333
4107,5094,659.6812040354517,633.1264991514238,973.8111111111111,266.3666666666667
4108,5095,659.6812040354517,633.1264991514238,973.62,267.52
4109,5096,659.6812040354517,633.1264991514238,973.4288888888889,268.6733333333333
4110,5097,659.6812040354517,633.1264991514238,973.2377777777778,269.82666666666665
4111,5098,659.6812040354517,633.1264991514238,973.0466666666666,270.97999999999996
4112,5099,659.6812040354517,633.1264991514238,972.8555555555555,272.1333333333333
4113,5100,659.6812040354517,633.1264991514238,972.6644444444444,273.28666666666663
4114,5101,659.6812040354517,633.1264991514238,972.4733333333334,274.43999999999994
4115,5102,659.6812040354517,633.1264991514238,972.2822222222222,275.5933333333333
4116,5103,659.6812040354517,633.1264991514238,972.0911111111111,276.74666666666667
4117,5104,659.6812040354517,633.1264991514238,971.9,277.9
4118,5105,659.6812040354517,633.1264991514238,971.9,277.9
4119,5106,659.6812040354517,633.1264991514238,971.9,277.9
4120,5107,659.6812040354517,633.1264991514238,971.9,277.9
4121,5108,659.6812040354517,633.1264991514238,971.9,277.9
4122,5109,659.6812040354517,633.1264991514238,971.9,277.9
4123,5110,659.6812040354517,633.1264991514238,971.9,277.9
4124,5111,659.6812040354517,633.1264991514238,971.9,277.9
4125,5112,659.6812040354517,633.1264991514238,971.9,277.9
4126,5113,659.6812040354517,633.1264991514238,971.9,277.9
4127,5114,659.6812040354517,633.1264991514238,971.9,277.9
4128,5115,659.6812040354517,633.1264991514238,971.9,277.9
4129,5116,659.6812040354517,633.1264991514238,971.9,277.9
4130,5117,659.6812040354517,633.1264991514238,971.9,277.9
4131,5118,659.6812040354517,633.1264991514238,971.9,277.9
4132,5119,659.6812040354517,633.1264991514238,971.9,277.9
4132,5120,659.6812040354517,633.1264991514238,971.9,277.9
4132,5121,659.6812040354517,633.1264991514238,971.9,277.9
4132,5122,659.6812040354517,633.1264991514238,971.9,277.9
4132,5123,659.6812040354517,633.1264991514238,971.9,277.9
4132,5124,659.6812040354517,633.1264991514238,971.9,277.9
4132,5125,659.6812040354517,633.1264991514238,971.9,277.9
4132,5126,659.6812040354517,633.1264991514238,971.9,277.9
4132,5127,659.6812040354517,633.1264991514238,971.9,277.9
4132,5128,659.6812040354517,633.1264991514238,971.9,277.9
4132,5129,659.6812040354517,633.1264991514238,971.9,277.9
4132,5130,659.6812040354517,633.1264991514238,971.9,277.9
4132,5131,659.6812040354517,633.1264991514238,971.9,277.9
4132,5132,659.6812040354517,633.1264991514238,971.9,277.9
4132,5133,659.6812040354517,633.1264991514238,971.9,277.9
4132,5134,659.6812040354517,633.1264991514238,971.9,277.9
4132,5135,659.6812040354517,633.1264991514238,971.9,277.9
4132,5136,659.6812040354517,633.1264991514238,971.9,277.9
4132,5137,659.6812040354517,633.1264991514238,971.9,277.9
4132,5138,659.6812040354517,633.1264991514238,971.9,277.9
4132,5139,659.6812040354517,633.1264991514238,971.9,277.9
4132,5140,659.6812040354517,633.1264991514238,971.9,277.9
4132,5141,659.6812040354517,633.1264991514238,971.9,277.9
4132,5142,659.6812040354517,633.1264991514238,971.9,277.9
4132,5143,659.6812040354517,633.1264991514238,971.9,277.9
4132,5144,659.6812040354517,633.1264991514238,971.9,277.9
4132,5145,659.6812040354517,633.1264991514238,971.9,277.9
4132,5146,659.6812040354517,633.1264991514238,971.9,277.9
4132,5147,659.6812040354517,633.1264991514238,971.9,277.9
4132,5148,659.6812040354517,633.1264991514238,971.9,277.9
4132,5149,659.6812040354517,633.1264991514238,971.9,277.9
4132,5150,571.6812040354517,636.1264991514238,971.9,277.9
4132,5151,571.6812040354517,636.1264991514238,971.9,277.9
4132,5152,571.6812040354517,636.1264991514238,971.9,277.9
4132,5153,571.6812040354517,636.1264991514238,971.9,277.9
4132,5154,571.6812040354517,636.1264991514238,971.9,277.9
4132,5155,571.6812040354517,636.1264991514238,971.9,277.9
4132,5156,571.6812040354517,636.1264991514238,971.9,277.9
4132,5157,571.6812040354517,636.1264991514238,971.9,277.9
4132,5158,571.6812040354517,636.1264991514238,971.9,277.9
4132,5159,571.6812040354517,636.1264991514238,971.9,277.9
4132,5160,571.6812040354517,636.1264991514238,971.9,277.9
4132,5161,571.6812040354517,636.1264991514238,971.9,277.9
4132,5162,571.6812040354517,636.1264991514238,971.9,277.9
4132,5163,571.6812040354517,636.1264991514238,971.9,277.9
4132,5164,571.6812040354517,636.1264991514238,971.9,277.9
4132,5165,571.6812040354517,636.1264991514238,971.9,277.9
4132,5166,571.6812040354517,636.1264991514238,971.9,277.9
4132,5167,571.6812040354517,636.1264991514238,971.9,277.9
4132,5168,571.6812040354517,636.1264991514238,971.9,277.9
4132,5169,571.6812040354517,636.1264991514238,971.9,277.9
4132,5170,571.6812040354517,636.1264991514238,971.9,277.9
4132,5171,571.6812040354517,636.1264991514238,971.9,277.9
4132,5172,571.6812040354517,636.1264991514238,971.9,277.9
4132,5173,571.6812040354517,636.1264991514238,971.9,277.9
4132,5174,571.6812040354517,636.1264991514238,971.9,277.9
4132,5175,571.6812040354517,636.1264991514238,971.9,277.9
4132,5176,571.6812040354517,636.1264991514238,971.9,277.9
4132,5177,571.6812040354517,636.1264991514238,971.9,277.9
4132,5178,571.6812040354517,636.1264991514238,971.9,277.9
4132,5179,571.6812040354517,636.1264991514238,971.9,277.9
4132,5180,571.6812040354517,636.1264991514238,971.9,277.9
4132,5181,571.6812040354517,636.1264991514238,971.9,277.9
4132,5182,571.6812040354517,636.1264991514238,971.9,277.9
4132,5183,571.6812040354517,636.1264991514238,971.9,277.9
4132,5184,761.6812040354517,426.12649915142373,971.9,277.9
4132,5185,761.6812040354517,426.12649915142373,971.9,277.9
4132,5186,761.6812040354517,426.12649915142373,971.9,277.9
4132,5187,761.6812040354517,426.12649915142373,971.9,277.9
4132,5188,761.6812040354517,426.12649915142373,971.9,277.9
4132,5189,761.6812040354517,426.12649915142373,971.9,277.9
4132,5190,761.6812040354517,426.12649915142373,971.9,277.9
4132,5191,761.6812040354517,426.12649915142373,971.9,277.9
4132,5192,761.6812040354517,426.12649915142373,971.9,277.9
4132,5193,761.6812040354517,426.12649915142373,971.9,277.9
4132,5194,761.6812040354517,426.12649915142373,971.9,277.9
4132,5195,761.6812040354517,426.12649915142373,971.9,277.9
4132,5196,761.6812040354517,426.12649915142373,971.9,277.9
4132,5197,761.6812040354517,426.12649915142373,971.9,277.9
4132,5198,761.6812040354517,426.12649915142373,971.9,277.9
4132,5199,761.6812040354517,426.12649915142373,971.9,277.9
4132,5200,761.6812040354517,426.12649915142373,971.9,277.9
4132,5201,761.6812040354517,426.12649915142373,971.9,277.9
4132,5202,761.6812040354517,426.12649915142373,971.9,277.9
4132,5203,761.6812040354517,426.12649915142373,971.9,277.9
4132,5204,761.6812040354517,426.12649915142373,971.9633333333334,288.59666666666664
4132,5205,761.6812040354517,426.12649915142373,972.0266666666666,299.2933333333333
4132,5206,761.6812040354517,426.12649915142373,972.0899999999999,309.98999999999995
4132,5207,761.6812040354517,426.12649915142373,972.1533333333333,320.6866666666666
4132,5208,761.6812040354517,426.12649915142373,972.2166666666667,331.3833333333333
4132,5209,761.6812040354517,426.12649915142373,972.28,342.08
4132,5210,761.6812040354517,426.12649915142373,972.3433333333332,352.77666666666664
4132,5211,761.6812040354517,426.12649915142373,972.4066666666666,363.4733333333333
4132,5212,761.6812040354517,426.12649915142373,972.47,374.16999999999996
4132,5213,761.6812040354517,426.12649915142373,972.5333333333333,384.8666666666666
4132,5214,761.6812040354517,426.12649915142373,972.5966666666666,395.5633333333333
4132,5215,761.6812040354517,426.12649915142373,972.66,406.26
4132,5216,950.6812040354517,216.12649915142373,972.7233333333334,416.9566666666666
4132,5217,950.6812040354517,216.12649915142373,972.7866666666666,427.6533333333333
4132,5218,950.6812040354517,216.12649915142373,972.8499999999999,438.34999999999997
4132,5219,950.6812040354517,216.12649915142373,972.9133333333333,449.0466666666666
4132,5220,950.6812040354517,216.12649915142373,972.9766666666667,459.7433333333333
4132,5221,950.6812040354517,216.12649915142373,973.04,470.43999999999994
4132,5222,950.6812040354517,216.12649915142373,973.1033333333332,481.13666666666666
4132,5223,950.6812040354517,216.12649915142373,973.1666666666666,491.83333333333326
4132,5224,950.6812040354517,216.12649915142373,973.23,502.53
4132,5225,950.6812040354517,216.12649915142373,973.2933333333333,513.2266666666667
4132,5226,950.6812040354517,216.12649915142373,973.3566666666666,523.9233333333333
4132,5227,950.6812040354517,216.12649915142373,973.42,534.6199999999999
4132,5228,950.6812040354517,216.12649915142373,973.4833333333333,545.3166666666666
4132,5229,950.6812040354517,216.12649915142373,973.5466666666666,556.0133333333333
4132,5230,950.6812040354517,216.12649915142373,973.6099999999999,566.7099999999999
4132,5231,950.6812040354517,216.12649915142373,973.6733333333333,577.4066666666666
4132,5232,950.6812040354517,216.12649915142373,973.7366666666667,588.1033333333332
4132,5233,950.6812040354517,216.12649915142373,973.8,598.8
4132,5234,950.6812040354517,216.12649915142373,973.8,598.8
4132,5235,950.6812040354517,216.12649915142373,973.8,598.8
4132,5236,950.6812040354517,216.12649915142373,973.8,598.8
4132,5237,950.6812040354517,216.12649915142373,973.8,598.8
4132,5238,950.6812040354517,216.12649915142373,973.8,598.8
4132,5239,950.6812040354517,216.12649915142373,973.8,598.8
4132,5240,950.6812040354517,216.12649915142373,973.8,598.8
4132,5241,950.6812040354517,216.12649915142373,973.8,598.8
4132,5242,950.6812040354517,216.12649915142373,973.8,598.8
4132,5243,950.6812040354517,216.12649915142373,973.8,598.8
4132,5244,950.6812040354517,216.12649915142373,973.8,598.8
4132,5245,950.6812040354517,216.12649915142373,973.8,598.8
4132,5246,950.6812040354517,216.12649915142373,973.8,598.8
4132,5247,950.6812040354517,216.12649915142373,973.8,598.8
4132,5248,950.6812040354517,216.12649915142373,973.8,598.8
4132,5249,950.6812040354517,216.12649915142373,973.8,598.8
4132,5250,950.6812040354517,216.12649915142373,973.8,598.8
4132,5251,950.6812040354517,216.12649915142373,973.8,598.8
4132,5252,950.6812040354517,216.12649915142373,973.8,598.8
4132,5253,950.6812040354517,216.12649915142373,973.8,598.8
4132,5254,950.6812040354517,216.12649915142373,973.8,598.8
4132,5255,950.6812040354517,216.12649915142373,973.8,598.8
4132,5256,950.6812040354517,216.12649915142373,973.8,598.8
4132,5257,950.6812040354517,216.12649915142373,973.8,598.8
4132,5258,950.6812040354517,216.12649915142373,973.8,598.8
4132,5259,950.6812040354517,216.12649915142373,973.8,598.8
4132,5260,950.6812040354517,216.12649915142373,973.8,598.8
4132,5261,950.6812040354517,216.12649915142373,973.8,598.8
4132,5262,950.6812040354517,216.12649915142373,973.8,598.8
4132,5263,950.6812040354517,216.12649915142373,973.8,598.8
4132,5264,950.6812040354517,216.12649915142373,973.8,598.8
4132,5265,950.6812040354517,216.12649915142373,973.8,598.8
4132,5266,950.6812040354517,216.12649915142373,973.8,598.8
4132,5267,950.6812040354517,216.12649915142373,973.8,598.8
4132,5268,950.6812040354517,216.12649915142373,973.8,598.8
4132,5269,950.6812040354517,216.12649915142373,973.8,598.8
4132,5270,950.6812040354517,216.12649915142373,973.8,598.8
4132,5271,950.6812040354517,216.12649915142373,973.8,598.8
4132,5272,950.6812040354517,216.12649915142373,973.8,598.8
4132,5273,950.6812040354517,216.12649915142373,973.8,598.8
4132,5274,950.6812040354517,216.12649915142373,973.8,598.8
4132,5275,950.6812040354517,216.12649915142373,973.8,598.8
4132,5276,950.6812040354517,216.12649915142373,973.8,598.8
4132,5277,950.6812040354517,216.12649915142373,973.8,598.8
4132,5278,950.6812040354517,216.12649915142373,973.8,598.8
4132,5279,950.6812040354517,216.12649915142373,973.8,598.8
4132,5280,950.6812040354517,216.12649915142373,973.8,598.8
4132,5281,950.6812040354517,216.12649915142373,973.8,598.8
4132,5282,950.6812040354517,216.12649915142373,973.8,598.8
4132,5283,950.6812040354517,216.12649915142373,973.8,598.8
4132,5284,950.6812040354517,216.12649915142373,973.8,598.8
4132,5285,950.6812040354517,216.12649915142373,973.8,598.8
4132,5286,950.6812040354517,216.12649915142373,973.8,598.8
4132,5287,950.6812040354517,216.12649915142373,973.8,598.8
4132,5288,950.6812040354517,216.12649915142373,973.8,598.8
4132,5289,950.6812040354517,216.12649915142373,973.8,598.8
4132,5290,950.6812040354517,216.12649915142373,973.8,598.8
4132,5291,950.6812040354517,216.12649915142373,973.8,598.8
4132,5292,950.6812040354517,216.12649915142373,973.8,598.8
4132,5293,950.6812040354517,216.12649915142373,973.8,598.8
4132,5294,950.6812040354517,216.12649915142373,973.8,598.8
4132,5295,950.6812040354517,216.12649915142373,973.8,598.8
4132,5296,950.6812040354517,216.12649915142373,973.8,598.8
4132,5297,950.6812040354517,216.12649915142373,973.8,598.8
4132,5298,950.6812040354517,216.12649915142373,973.8,598.8
4132,5299,950.6812040354517,216.12649915142373,973.8,598.8
4132,5300,950.6812040354517,216.12649915142373,973.8,598.8
4133,5301,950.6812040354517,216.12649915142373,973.8,598.8
4134,5302,950.6812040354517,216.12649915142373,973.8,598.8
4135,5303,950.6812040354517,216.12649915142373,973.8,598.8
4136,5304,950.6812040354517,216.12649915142373,973.8,598.8
4137,5305,950.6812040354517,216.12649915142373,973.8,598.8
4138,5306,950.6812040354517,216.12649915142373,973.8,598.8
4139,5307,950.6812040354517,216.12649915142373,973.8,598.8
4140,5308,950.6812040354517,216.12649915142373,973.8,598.8
4141,5309,950.6812040354517,216.12649915142373,973.8,598.8
4142,5310,950.6812040354517,216.12649915142373,973.8,598.8
4143,5311,950.6812040354517,216.12649915142373,973.8,598.8
4144,5312,950.6812040354517,216.12649915142373,973.8,598.8
4145,5313,950.6812040354517,216.12649915142373,973.8,598.8
4146,5314,950.6812040354517,216.12649915142373,973.8,598.8
4147,5315,950.6812040354517,216.12649915142373,973.8,598.8
4148,5316,950.6812040354517,216.12649915142373,973.8,598.8
4149,5317,950.6812040354517,216.12649915142373,973.8,598.8
4150,5318,950.6812040354517,216.12649915142373,973.8,598.8
4151,5319,950.6812040354517,216.12649915142373,973.8,598.8
4152,5320,950.6812040354517,216.12649915142373,973.8,598.8
4153,5321,950.6812040354517,216.12649915142373,973.8,598.8
4154,5322,950.6812040354517,216.12649915142373,973.8,598.8
4155,5323,950.6812040354517,216.12649915142373,973.8,598.8
4156,5324,950.6812040354517,216.12649915142373,973.8,598.8
4157,5325,950.6812040354517,216.12649915142373,973.0894736842105,602.8105263157894
4158,5326,950.6812040354517,216.12649915142373,972.378947368421,606.8210526315789
4159,5327,950.6812040354517,216.12649915142373,971.6684210526315,610.8315789473684
4160,5328,950.6812040354517,216.12649915142373,970.957894736842,614.8421052631578
4161,5329,950.6812040354517,216.12649915142373,970.2473684210526,618.8526315789474
4162,5330,950.6812040354517,216.12649915142373,969.5368421052631,622.8631578947368
4163,5331,950.6812040354517,216.12649915142373,968.8263157894736,626.8736842105263
4164,5332,950.6812040354517,216.12649915142373,968.1157894736841,630.8842105263158
4165,5333,950.6812040354517,216.12649915142373,967.4052631578946,634.8947368421052
4166,5334,950.6812040354517,216.12649915142373,966.6947368421053,638.9052631578948
4167,5335,950.6812040354517,216.12649915142373,965.9842105263158,642.9157894736842
4168,5336,950.6812040354517,216.12649915142373,965.2736842105263,646.9263157894736
4169,5337,950.6812040354517,216.12649915142373,964.5631578947368,650.9368421052632
4170,5338,950.6812040354517,216.12649915142373,963.8526315789474,654.9473684210526
4171,5339,950.6812040354517,216.12649915142373,963.1421052631579,658.957894736842
4172,5340,950.6812040354517,216.12649915142373,962.4315789473684,662.9684210526316
4173,5341,950.6812040354517,216.12649915142373,961.7210526315789,666.978947368421
4174,5342,950.6812040354517,216.12649915142373,961.0105263157894,670.9894736842106
4175,5343,950.6812040354517,216.12649915142373,960.3,675.0
4176,5344,950.6812040354517,216.12649915142373,960.3,675.0
4177,5345,950.6812040354517,216.12649915142373,960.3,675.0
4178,5346,950.6812040354517,216.12649915142373,960.3,675.0
4179,5347,950.6812040354517,216.12649915142373,960.3,675.0
4180,5348,950.6812040354517,216.12649915142373,960.3,675.0
4181,5349,950.6812040354517,216.12649915142373,960.3,675.0
4182,5350,950.6812040354517,216.12649915142373,960.3,675.0
4183,5351,950.6812040354517,216.12649915142373,960.3,675.0
4184,5352,950.6812040354517,216.12649915142373,960.3,675.0
4185,5353,950.6812040354517,216.12649915142373,960.3,675.0
4186,5354,950.6812040354517,216.12649915142373,960.3,675.0
4187,5355,950.6812040354517,216.12649915142373,960.3,675.0
4188,5356,950.6812040354517,216.12649915142373,960.3,675.0
4189,5357,950.6812040354517,216.12649915142373,960.3,675.0
4190,5358,950.6812040354517,216.12649915142373,960.3,675.0
4191,5359,950.6812040354517,216.12649915142373,960.3,675.0
4192,5360,950.6812040354517,216.12649915142373,960.3,675.0
4193,5361,950.6812040354517,216.12649915142373,960.3,675.0
4194,5362,950.6812040354517,216.12649915142373,960.3,675.0
4195,5363,950.6812040354517,216.12649915142373,960.3,675.0
4196,5364,950.6812040354517,216.12649915142373,960.3,675.0
4197,5365,950.6812040354517,216.12649915142373,960.3,675.0
4198,5366,950.6812040354517,216.12649915142373,960.3,675.0
4199,5367,950.6812040354517,216.12649915142373,960.3,675.0
4200,5368,950.6812040354517,216.12649915142373,960.3,675.0
4201,5369,950.6812040354517,216.12649915142373,960.3,675.0
4202,5370,950.6812040354517,216.12649915142373,960.3,675.0
4203,5371,950.6812040354517,216.12649915142373,960.3,675.0
4204,5372,950.6812040354517,216.12649915142373,960.3,675.0
4205,5373,950.6812040354517,216.12649915142373,960.3,675.0
4206,5374,950.6812040354517,216.12649915142373,960.3,675.0
4207,5375,950.6812040354517,216.12649915142373,960.3,675.0
4208,5376,950.6812040354517,216.12649915142373,960.3,675.0
4209,5377,950.6812040354517,216.12649915142373,960.3,675.0
4210,5378,950.6812040354517,216.12649915142373,960.3,675.0
4211,5379,950.6812040354517,216.12649915142373,960.3,675.0
4212,5380,950.6812040354517,216.12649915142373,960.3,675.0
4213,5381,950.6812040354517,216.12649915142373,960.3,675.0
4214,5382,950.6812040354517,216.12649915142373,960.3,675.0
4215,5383,950.6812040354517,216.12649915142373,960.3,675.0
4216,5384,950.6812040354517,216.12649915142373,960.3,675.0
4217,5385,950.6812040354517,216.12649915142373,960.3,675.0
4218,5386,950.6812040354517,216.12649915142373,960.3,675.0
4219,5387,950.6812040354517,216.12649915142373,960.3,675.0
4220,5388,950.6812040354517,216.12649915142373,960.3,675.0
4221,5389,950.6812040354517,216.12649915142373,960.3,675.0
4222,5390,950.6812040354517,216.12649915142373,960.3,675.0
4223,5391,950.6812040354517,216.12649915142373,960.3,675.0
4224,5392,950.6812040354517,216.12649915142373,960.3,675.0
4225,5393,950.6812040354517,216.12649915142373,960.3,675.0
4226,5394,950.6812040354517,216.12649915142373,960.3,675.0
4227,5395,950.6812040354517,216.12649915142373,960.3,675.0
4228,5396,950.6812040354517,216.12649915142373,960.3,675.0
4229,5397,950.6812040354517,216.12649915142373,960.3,675.0
4230,5398,950.6812040354517,216.12649915142373,960.3,675.0
4231,5399,950.6812040354517,216.12649915142373,960.3,675.0
4232,5400,950.6812040354517,216.12649915142373,960.3,675.0
4232,5401,950.6812040354517,216.12649915142373,960.3,675.0
4232,5402,950.6812040354517,216.12649915142373,960.3,675.0
4232,5403,950.6812040354517,216.12649915142373,960.3,675.0
4232,5404,950.6812040354517,216.12649915142373,960.3,675.0
4232,5405,950.6812040354517,216.12649915142373,960.3,675.0
4232,5406,950.6812040354517,216.12649915142373,960.3,675.0
4232,5407,950.6812040354517,216.12649915142373,960.3,675.0
4232,5408,950.6812040354517,216.12649915142373,960.3,675.0
4232,5409,950.6812040354517,216.12649915142373,960.3,675.0
4232,5410,950.6812040354517,216.12649915142373,960.3,675.0
4232,5411,950.6812040354517,216.12649915142373,960.3,675.0
4232,5412,950.6812040354517,216.12649915142373,960.3,675.0
4232,5413,950.6812040354517,216.12649915142373,960.3,675.0
4232,5414,950.6812040354517,216.12649915142373,960.3,675.0
4232,5415,950.6812040354517,216.12649915142373,960.3,675.0
4232,5416,929.6812040354517,224.12649915142373,960.3,675.0
4232,5417,929.6812040354517,224.12649915142373,960.3,675.0
4232,5418,929.6812040354517,224.12649915142373,960.3,675.0
4232,5419,929.6812040354517,224.12649915142373,960.3,675.0
4232,5420,929.6812040354517,224.12649915142373,960.3,675.0
4232,5421,929.6812040354517,224.12649915142373,960.3,675.0
4232,5422,929.6812040354517,224.12649915142373,960.3,675.0
4232,5423,929.6812040354517,224.12649915142373,960.3,675.0
4232,5424,929.6812040354517,224.12649915142373,960.3,675.0
4232,5425,929.6812040354517,224.12649915142373,960.3,675.0
4232,5426,929.6812040354517,224.12649915142373,960.3,675.0
4232,5427,929.6812040354517,224.12649915142373,960.3,675.0
4232,5428,929.6812040354517,224.12649915142373,960.3,675.0
4232,5429,929.6812040354517,224.12649915142373,960.3,675.0
4232,5430,929.6812040354517,224.12649915142373,960.3,675.0
4232,5431,929.6812040354517,224.12649915142373,960.3,675.0
4232,5432,929.6812040354517,224.12649915142373,960.3,675.0
4232,5433,929.6812040354517,224.12649915142373,960.3,675.0
4232,5434,929.6812040354517,224.12649915142373,960.3,675.0
4232,5435,929.6812040354517,224.12649915142373,960.3,675.0
4232,5436,929.6812040354517,224.12649915142373,960.3,675.0
4232,5437,929.6812040354517,224.12649915142373,960.3,675.0
4232,5438,929.6812040354517,224.12649915142373,960.3,675.0
4232,5439,929.6812040354517,224.12649915142373,960.3,675.0
4232,5440,929.6812040354517,224.12649915142373,960.3,675.0
4232,5441,929.6812040354517,224.12649915142373,960.3,675.0
4232,5442,929.6812040354517,224.12649915142373,960.3,675.0
4232,5443,929.6812040354517,224.12649915142373,960.3,675.0
4232,5444,929.6812040354517,224.12649915142373,960.3,675.0
4232,5445,929.6812040354517,224.12649915142373,960.3,675.0
4232,5446,929.6812040354517,224.12649915142373,960.3,675.0
4232,5447,929.6812040354517,224.12649915142373,960.3,675.0
4232,5448,929.6812040354517,224.12649915142373,960.3,675.0
4232,5449,929.6812040354517,224.12649915142373,960.3,675.0
4232,5450,907.6812040354517,232.12649915142373,960.3,675.0
4232,5451,907.6812040354517,232.12649915142373,960.3,675.0
4232,5452,907.6812040354517,232.12649915142373,960.3,675.0
4232,5453,907.6812040354517,232.12649915142373,960.3,675.0
4232,5454,907.6812040354517,232.12649915142373,960.3,675.0
4232,5455,907.6812040354517,232.12649915142373,960.3,675.0
4232,5456,907.6812040354517,232.12649915142373,960.3,675.0
4232,5457,907.6812040354517,232.12649915142373,960.3,675.0
4232,5458,907.6812040354517,232.12649915142373,960.3,675.0
4232,5459,907.6812040354517,232.12649915142373,960.3,675.0
4232,5460,907.6812040354517,232.12649915142373,960.3,675.0
4232,5461,907.6812040354517,232.12649915142373,960.3,675.0
4232,5462,907.6812040354517,232.12649915142373,960.3,675.0
4232,5463,907.6812040354517,232.12649915142373,960.3,675.0
4232,5464,907.6812040354517,232.12649915142373,960.3,675.0
4232,5465,907.6812040354517,232.12649915142373,960.3,675.0
4232,5466,907.6812040354517,232.12649915142373,960.3,675.0
4232,5467,907.6812040354517,232.12649915142373,960.3,675.0
4232,5468,907.6812040354517,232.12649915142373,960.3,675.0
4232,5469,907.6812040354517,232.12649915142373,960.3,675.0
4232,5470,907.6812040354517,232.12649915142373,960.3,675.0
4232,5471,907.6812040354517,232.12649915142373,960.3,675.0
4232,5472,907.6812040354517,232.12649915142373,960.3,675.0
4232,5473,907.6812040354517,232.12649915142373,960.3,675.0
4232,5474,907.6812040354517,232.12649915142373,960.3,675.0
4232,5475,907.6812040354517,232.12649915142373,960.3,675.0
4232,5476,907.6812040354517,232.12649915142373,960.3,675.0
4232,5477,907.6812040354517,232.12649915142373,960.3,675.0
4232,5478,907.6812040354517,232.12649915142373,960.3,675.0
4232,5479,907.6812040354517,232.12649915142373,960.3,675.0
4232,5480,907.6812040354517,232.12649915142373,960.3,675.0
4232,5481,907.6812040354517,232.12649915142373,960.3,675.0
4232,5482,907.6812040354517,232.12649915142373,960.3,675.0
4232,5483,907.6812040354517,232.12649915142373,960.3,675.0
4232,5484,907.6812040354517,232.12649915142373,960.3,675.0
4232,5485,907.6812040354517,232.12649915142373,960.3,675.0
4232,5486,907.6812040354517,232.12649915142373,960.3,675.0
4232,5487,907.6812040354517,232.12649915142373,960.3,675.0
4232,5488,907.6812040354517,232.12649915142373,960.3,675.0
4232,5489,907.6812040354517,232.12649915142373,960.3,675.0
4232,5490,907.6812040354517,232.12649915142373,960.3,675.0
4232,5491,907.6812040354517,232.12649915142373,960.3,675.0
4232,5492,907.6812040354517,232.12649915142373,960.3,675.0
4232,5493,907.6812040354517,232.12649915142373,960.3,675.0
4232,5494,907.6812040354517,232.12649915142373,960.3,675.0
4232,5495,907.6812040354517,232.12649915142373,960.3,675.0
4233,5496,907.6812040354517,232.12649915142373,960.3,675.0
4234,5497,907.6812040354517,232.12649915142373,960.3,675.0
4235,5498,907.6812040354517,232.12649915142373,960.3,675.0
4236,5499,907.6812040354517,232.12649915142373,960.3,675.0
4237,5500,907.6812040354517,232.12649915142373,960.3,675.0
4238,5501,907.6812040354517,232.12649915142373,960.3,675.0
4239,5502,907.6812040354517,232.12649915142373,960.3,675.0
4240,5503,907.6812040354517,232.12649915142373,960.3,675.0
4241,5504,907.6812040354517,232.12649915142373,960.3,675.0
4242,5505,907.6812040354517,232.12649915142373,960.3,675.0
4243,5506,907.6812040354517,232.12649915142373,960.3,675.0
4244,5507,907.6812040354517,232.12649915142373,960.3,675.0
4245,5508,907.6812040354517,232.12649915142373,960.3,675.0
4246,5509,907.6812040354517,232.12649915142373,960.3,675.0
4247,5510,907.6812040354517,232.12649915142373,960.3,675.0
4248,5511,907.6812040354517,232.12649915142373,960.3,675.0
4249,5512,907.6812040354517,232.12649915142373,960.3,675.0
4250,5513,907.6812040354517,232.12649915142373,960.3,675.0
4251,5514,907.6812040354517,232.12649915142373,960.3,675.0
4252,5515,907.6812040354517,232.12649915142373,960.3,675.0
4253,5516,907.6812040354517,232.12649915142373,960.3,675.0
4254,5517,907.6812040354517,232.12649915142373,960.3,675.0
4255,5518,907.6812040354517,232.12649915142373,960.3,675.0
4256,5519,907.6812040354517,232.12649915142373,960.3,675.0
4257,5520,907.6812040354517,232.12649915142373,960.3,675.0
4258,5521,907.6812040354517,232.12649915142373,960.3,675.0
4259,5522,907.6812040354517,232.12649915142373,960.3,675.0
4260,5523,907.6812040354517,232.12649915142373,960.3,675.0
4261,5524,907.6812040354517,232.12649915142373,960.3,675.0
4262,5525,907.6812040354517,232.12649915142373,960.3,675.0
4263,5526,907.6812040354517,232.12649915142373,960.3,675.0
4264,5527,907.6812040354517,232.12649915142373,960.3,675.0
4265,5528,907.6812040354517,232.12649915142373,960.3,675.0
4266,5529,907.6812040354517,232.12649915142373,960.3,675.0
4267,5530,907.6812040354517,232.12649915142373,968.4285714285713,673.9095238095238
4268,5531,907.6812040354517,232.12649915142373,976.5571428571428,672.8190476190476
4269,5532,907.6812040354517,232.12649915142373,984.6857142857142,671.7285714285714
4270,5533,907.6812040354517,232.12649915142373,992.8142857142857,670.6380952380953
4271,5534,907.6812040354517,232.12649915142373,1000.9428571428571,669.547619047619
4272,5535,907.6812040354517,232.12649915142373,1009.0714285714286,668.4571428571429
4273,5536,907.6812040354517,232.12649915142373,1017.1999999999999,667.3666666666667
4274,5537,907.6812040354517,232.12649915142373,1025.3285714285714,666.2761904761904
4275,5538,907.6812040354517,232.12649915142373,1033.4571428571428,665.1857142857143
4276,5539,907.6812040354517,232.12649915142373,1041.5857142857142,664.0952380952381
4277,5540,907.6812040354517,232.12649915142373,1049.7142857142858,663.004761904762
4278,5541,907.6812040354517,232.12649915142373,1057.8428571428572,661.9142857142857
4279,5542,907.6812040354517,232.12649915142373,1065.9714285714285,660.8238095238096
4280,5543,907.6812040354517,232.12649915142373,1074.1,659.7333333333333
4281,5544,907.6812040354517,232.12649915142373,1082.2285714285713,658.6428571428571
4282,5545,907.6812040354517,232.12649915142373,1090.357142857143,657.552380952381
4283,5546,907.6812040354517,232.12649915142373,1098.4857142857143,656.4619047619047
4284,5547,907.6812040354517,232.12649915142373,1106.6142857142856,655.3714285714286
4285,5548,907.6812040354517,232.12649915142373,1114.7428571428572,654.2809523809524
4286,5549,907.6812040354517,232.12649915142373,1122.8714285714286,653.1904761904763
4287,5550,848.6812040354517,441.12649915142373,1131.0,652.1
4288,5551,848.6812040354517,441.12649915142373,1131.0,652.1
4289,5552,848.6812040354517,441.12649915142373,1131.0,652.1
4290,5553,848.6812040354517,441.12649915142373,1131.0,652.1
4291,5554,848.6812040354517,441.12649915142373,1131.0,652.1
4292,5555,848.6812040354517,441.12649915142373,1131.0,652.1
4293,5556,848.6812040354517,441.12649915142373,1131.0,652.1
4294,5557,848.6812040354517,441.12649915142373,1131.0,652.1
4295,5558,848.6812040354517,441.12649915142373,1131.0,652.1
4296,5559,848.6812040354517,441.12649915142373,1131.0,652.1
4297,5560,848.6812040354517,441.12649915142373,1131.0,652.1
4298,5561,848.6812040354517,441.12649915142373,1131.0,652.1
4299,5562,848.6812040354517,441.12649915142373,1131.0,652.1
4300,5563,848.6812040354517,441.12649915142373,1131.0,652.1
4301,5564,848.6812040354517,441.12649915142373,1131.0,652.1
4302,5565,848.6812040354517,441.12649915142373,1131.0,652.1
4303,5566,848.6812040354517,441.12649915142373,1131.0,652.1
4304,5567,848.6812040354517,441.12649915142373,1131.0,652.1
4305,5568,848.6812040354517,441.12649915142373,1131.0,652.1
4306,5569,848.6812040354517,441.12649915142373,1131.0,652.1
4307,5570,848.6812040354517,441.12649915142373,1131.0,652.1
4308,5571,848.6812040354517,441.12649915142373,1131.0,652.1
4309,5572,848.6812040354517,441.12649915142373,1131.0,652.1
4310,5573,848.6812040354517,441.12649915142373,1131.0,652.1
4311,5574,848.6812040354517,441.12649915142373,1131.0,652.1
4312,5575,848.6812040354517,441.12649915142373,1131.0,652.1
4313,5576,848.6812040354517,441.12649915142373,1131.0,652.1
4314,5577,848.6812040354517,441.12649915142373,1131.0,652.1
4315,5578,848.6812040354517,441.12649915142373,1131.0,652.1
4316,5579,848.6812040354517,441.12649915142373,1131.0,652.1
4317,5580,848.6812040354517,441.12649915142373,1131.0,652.1
4318,5581,848.6812040354517,441.12649915142373,1131.0,652.1
4319,5582,848.6812040354517,441.12649915142373,1131.0,652.1
4320,5583,788.6812040354517,650.1264991514238,1131.0,652.1
4321,5584,788.6812040354517,650.1264991514238,1131.0,652.1
4322,5585,788.6812040354517,650.1264991514238,1131.0,652.1
4323,5586,788.6812040354517,650.1264991514238,1131.0,652.1
4324,5587,788.6812040354517,650.1264991514238,1131.0,652.1
4325,5588,788.6812040354517,650.1264991514238,1131.0,652.1
4326,5589,788.6812040354517,650.1264991514238,1131.0,652.1
4327,5590,788.6812040354517,650.1264991514238,1131.0,652.1
4328,5591,788.6812040354517,650.1264991514238,1131.0,652.1
4329,5592,788.6812040354517,650.1264991514238,1131.0,652.1
4330,5593,788.6812040354517,650.1264991514238,1131.0,652.1
4331,5594,788.6812040354517,650.1264991514238,1131.0,652.1
4332,5595,788.6812040354517,650.1264991514238,1131.0,652.1
4333,5596,788.6812040354517,650.1264991514238,1131.0,652.1
4334,5597,788.6812040354517,650.1264991514238,1131.0,652.1
4335,5598,788.6812040354517,650.1264991514238,1131.0,652.1
4336,5599,788.6812040354517,650.1264991514238,1131.0,652.1
4337,5600,788.6812040354517,650.1264991514238,1131.0,652.1
4338,5601,788.6812040354517,650.1264991514238,1131.0,652.1
4339,5602,788.6812040354517,650.1264991514238,1131.0,652.1
4340,5603,788.6812040354517,650.1264991514238,1131.0,652.1
4341,5604,788.6812040354517,650.1264991514238,1131.0,652.1
4342,5605,788.6812040354517,650.1264991514238,1131.0,652.1
4343,5606,788.6812040354517,650.1264991514238,1131.0,652.1
4344,5607,788.6812040354517,650.1264991514238,1131.0,652.1
4345,5608,788.6812040354517,650.1264991514238,1131.0,652.1
4346,5609,788.6812040354517,650.1264991514238,1131.0,652.1
4347,5610,788.6812040354517,650.1264991514238,1131.0,652.1
4348,5611,788.6812040354517,650.1264991514238,1131.0,652.1
4349,5612,788.6812040354517,650.1264991514238,1131.0,652.1
4350,5613,788.6812040354517,650.1264991514238,1131.0,652.1
4351,5614,788.6812040354517,650.1264991514238,1131.0,652.1
4352,5615,788.6812040354517,650.1264991514238,1131.0,652.1
4353,5616,788.6812040354517,650.1264991514238,1131.0,652.1
4354,5617,788.6812040354517,650.1264991514238,1131.0,652.1
4355,5618,788.6812040354517,650.1264991514238,1131.0,652.1
4356,5619,788.6812040354517,650.1264991514238,1131.0,652.1
4357,5620,788.6812040354517,650.1264991514238,1131.0,652.1
4358,5621,788.6812040354517,650.1264991514238,1131.0,652.1
4359,5622,788.6812040354517,650.1264991514238,1131.0,652.1
4360,5623,788.6812040354517,650.1264991514238,1131.0,652.1
4361,5624,788.6812040354517,650.1264991514238,1131.0,652.1
4362,5625,788.6812040354517,650.1264991514238,1131.0,652.1
4363,5626,788.6812040354517,650.1264991514238,1131.0,652.1
4364,5627,788.6812040354517,650.1264991514238,1131.0,652.1
4365,5628,788.6812040354517,650.1264991514238,1131.0,652.1
4366,5629,788.6812040354517,650.1264991514238,1131.0,652.1
4367,5630,788.6812040354517,650.1264991514238,1131.0,652.1
4368,5631,788.6812040354517,650.1264991514238,1131.0,652.1
4369,5632,788.6812040354517,650.1264991514238,1131.0,652.1
4370,5633,788.6812040354517,650.1264991514238,1131.0,652.1
4371,5634,788.6812040354517,650.1264991514238,1131.0,652.1
4372,5635,788.6812040354517,650.1264991514238,1131.0,652.1
4373,5636,788.6812040354517,650.1264991514238,1131.0,652.1
4374,5637,788.6812040354517,650.1264991514238,1131.0,652.1
4375,5638,788.6812040354517,650.1264991514238,1131.0,652.1
4376,5639,788.6812040354517,650.1264991514238,1131.0,652.1
4377,5640,788.6812040354517,650.1264991514238,1131.0,652.1
4378,5641,788.6812040354517,650.1264991514238,1131.0,652.1
4379,5642,788.6812040354517,650.1264991514238,1131.0,652.1
4380,5643,788.6812040354517,650.1264991514238,1131.0,652.1
4381,5644,788.6812040354517,650.1264991514238,1131.0,652.1
4382,5645,788.6812040354517,650.1264991514238,1131.0,652.1
4383,5646,788.6812040354517,650.1264991514238,1131.0,652.1
4384,5647,788.6812040354517,650.1264991514238,1131.0,652.1
4385,5648,788.6812040354517,650.1264991514238,1131.0,652.1
4386,5649,788.6812040354517,650.1264991514238,1131.0,652.1
4387,5650,694.6812040354517,655.1264991514238,1131.0,652.1
4388,5651,694.6812040354517,655.1264991514238,1131.0,652.1
4389,5652,694.6812040354517,655.1264991514238,1131.0,652.1
4390,5653,694.6812040354517,655.1264991514238,1131.0,652.1
4391,5654,694.6812040354517,655.1264991514238,1131.0,652.1
4392,5655,694.6812040354517,655.1264991514238,1131.0,652.1
4393,5656,694.6812040354517,655.1264991514238,1131.0,652.1
4394,5657,694.6812040354517,655.1264991514238,1131.0,652.1
4395,5658,694.6812040354517,655.1264991514238,1131.0,652.1
4396,5659,694.6812040354517,655.1264991514238,1131.0,652.1
4397,5660,694.6812040354517,655.1264991514238,1131.0,652.1
4398,5661,694.6812040354517,655.1264991514238,1131.0,652.1
4399,5662,694.6812040354517,655.1264991514238,1131.0,652.1
4400,5663,694.6812040354517,655.1264991514238,1131.0,652.1
4401,5664,694.6812040354517,655.1264991514238,1131.0,652.1
4402,5665,694.6812040354517,655.1264991514238,1131.0,652.1
4403,5666,694.6812040354517,655.1264991514238,1131.0,652.1
4404,5667,694.6812040354517,655.1264991514238,1131.0,652.1
4405,5668,694.6812040354517,655.1264991514238,1131.0,652.1
4406,5669,694.6812040354517,655.1264991514238,1131.0,652.1
4407,5670,694.6812040354517,655.1264991514238,1131.0,652.1
4408,5671,694.6812040354517,655.1264991514238,1131.0,652.1
4409,5672,694.6812040354517,655.1264991514238,1131.0,652.1
4410,5673,694.6812040354517,655.1264991514238,1131.0,652.1
4411,5674,694.6812040354517,655.1264991514238,1131.0,652.1
4412,5675,694.6812040354517,655.1264991514238,1131.0,652.1
4413,5676,694.6812040354517,655.1264991514238,1131.0,652.1
4414,5677,694.6812040354517,655.1264991514238,1131.0,652.1
4415,5678,694.6812040354517,655.1264991514238,1131.0,652.1
4416,5679,694.6812040354517,655.1264991514238,1131.0,652.1
4417,5680,694.6812040354517,655.1264991514238,1131.0,652.1
4418,5681,694.6812040354517,655.1264991514238,1131.0,652.1
4419,5682,694.6812040354517,655.1264991514238,1131.0,652.1
4420,5683,600.6812040354517,660.1264991514238,1131.0,652.1
4421,5684,600.6812040354517,660.1264991514238,1131.0,652.1
4422,5685,600.6812040354517,660.1264991514238,1131.0,652.1
4423,5686,600.6812040354517,660.1264991514238,1131.0,652.1
4424,5687,600.6812040354517,660.1264991514238,1131.0,652.1
4425,5688,600.6812040354517,660.1264991514238,1131.0,652.1
4426,5689,600.6812040354517,660.1264991514238,1131.0,652.1
4427,5690,600.6812040354517,660.1264991514238,1131.0,652.1
4428,5691,600.6812040354517,660.1264991514238,1131.0,652.1
4429,5692,600.6812040354517,660.1264991514238,1131.0,652.1
4430,5693,600.6812040354517,660.1264991514238,1131.0,652.1
4431,5694,600.6812040354517,660.1264991514238,1131.0,652.1
4432,5695,600.6812040354517,660.1264991514238,1131.0,652.1
4433,5696,600.6812040354517,660.1264991514238,1131.0,652.1
4434,5697,600.6812040354517,660.1264991514238,1131.0,652.1
4435,5698,600.6812040354517,660.1264991514238,1131.0,652.1
4436,5699,600.6812040354517,660.1264991514238,1131.0,652.1
4437,5700,600.6812040354517,660.1264991514238,1131.0,652.1
4438,5701,600.6812040354517,660.1264991514238,1131.0,652.1
4439,5702,600.6812040354517,660.1264991514238,1131.0,652.1
4440,5703,600.6812040354517,660.1264991514238,1131.0,652.1
4441,5704,600.6812040354517,660.1264991514238,1131.0,652.1
4442,5705,600.6812040354517,660.1264991514238,1131.0,652.1
4443,5706,600.6812040354517,660.1264991514238,1131.0,652.1
4444,5707,600.6812040354517,660.1264991514238,1131.0,652.1
4445,5708,600.6812040354517,660.1264991514238,1131.0,652.1
4446,5709,600.6812040354517,660.1264991514238,1131.0,652.1
4447,5710,600.6812040354517,660.1264991514238,1131.0,652.1
4448,5711,600.6812040354517,660.1264991514238,1131.0,652.1
4449,5712,600.6812040354517,660.1264991514238,1131.0,652.1
4450,5713,600.6812040354517,660.1264991514238,1131.0,652.1
4451,5714,600.6812040354517,660.1264991514238,1131.0,652.1
4452,5715,600.6812040354517,660.1264991514238,1131.0,652.1
4453,5716,600.6812040354517,660.1264991514238,1131.0,652.1
4454,5717,600.6812040354517,660.1264991514238,1131.0,652.1
4455,5718,600.6812040354517,660.1264991514238,1131.0,652.1
4456,5719,600.6812040354517,660.1264991514238,1131.0,652.1
4457,5720,600.6812040354517,660.1264991514238,1131.0,652.1
4458,5721,600.6812040354517,660.1264991514238,1131.0,652.1
4459,5722,600.6812040354517,660.1264991514238,1131.0,652.1
4460,5723,600.6812040354517,660.1264991514238,1131.0,652.1
4461,5724,600.6812040354517,660.1264991514238,1131.0,652.1
4462,5725,600.6812040354517,660.1264991514238,1131.0,652.1
4463,5726,600.6812040354517,660.1264991514238,1131.0,652.1
4464,5727,600.6812040354517,660.1264991514238,1131.0,652.1
4465,5728,600.6812040354517,660.1264991514238,1131.0,652.1
4466,5729,600.6812040354517,660.1264991514238,1131.0,652.1
4467,5730,600.6812040354517,660.1264991514238,1131.0,652.1
4468,5731,600.6812040354517,660.1264991514238,1131.0,652.1
4469,5732,600.6812040354517,660.1264991514238,1131.0,652.1
4470,5733,600.6812040354517,660.1264991514238,1131.0,652.1
4471,5734,600.6812040354517,660.1264991514238,1131.0,652.1
4472,5735,600.6812040354517,660.1264991514238,1131.0,652.1
4473,5736,600.6812040354517,660.1264991514238,1131.0,652.1
4474,5737,600.6812040354517,660.1264991514238,1131.0,652.1
4475,5738,600.6812040354517,660.1264991514238,1131.0,652.1
4476,5739,600.6812040354517,660.1264991514238,1131.0,652.1
4477,5740,600.6812040354517,660.1264991514238,1131.0,652.1
4478,5741,600.6812040354517,660.1264991514238,1131.0,652.1
4479,5742,600.6812040354517,660.1264991514238,1131.0,652.1
4480,5743,600.6812040354517,660.1264991514238,1131.0,652.1
4481,5744,600.6812040354517,660.1264991514238,1131.0,652.1
4482,5745,600.6812040354517,660.1264991514238,1131.0,652.1
4483,5746,600.6812040354517,660.1264991514238,1131.0,652.1
4484,5747,600.6812040354517,660.1264991514238,1131.0,652.1
4485,5748,600.6812040354517,660.1264991514238,1131.0,652.1
4486,5749,600.6812040354517,660.1264991514238,1131.0,652.1
4487,5750,600.6812040354517,660.1264991514238,1131.0,652.1
4488,5751,600.6812040354517,660.1264991514238,1131.0,652.1
4489,5752,600.6812040354517,660.1264991514238,1131.0,652.1
4490,5753,600.6812040354517,660.1264991514238,1131.0,652.1
4491,5754,600.6812040354517,660.1264991514238,1131.0,652.1
4492,5755,600.6812040354517,660.1264991514238,1131.0,652.1
4493,5756,600.6812040354517,660.1264991514238,1131.0,652.1
4494,5757,600.6812040354517,660.1264991514238,1131.0,652.1
4495,5758,600.6812040354517,660.1264991514238,1121.99375,653.525
4496,5759,600.6812040354517,660.1264991514238,1112.9875,654.95
4497,5760,600.6812040354517,660.1264991514238,1103.98125,656.375
4498,5761,600.6812040354517,660.1264991514238,1094.975,657.8
4499,5762,600.6812040354517,660.1264991514238,1085.96875,659.225
4499,5763,600.6812040354517,660.1264991514238,1076.9625,660.65
4499,5764,600.6812040354517,660.1264991514238,1067.95625,662.075
4499,5765,600.6812040354517,660.1264991514238,1058.95,663.5
4499,5766,600.6812040354517,660.1264991514238,1049.94375,664.925
4499,5767,600.6812040354517,660.1264991514238,1040.9375,666.35
4499,5768,600.6812040354517,660.1264991514238,1031.93125,667.775
4499,5769,600.6812040354517,660.1264991514238,1022.925,669.2
4499,5770,600.6812040354517,660.1264991514238,1013.91875,670.625
4499,5771,600.6812040354517,660.1264991514238,1004.9125,672.05
4499,5772,600.6812040354517,660.1264991514238,995.90625,673.475
4499,5773,600.6812040354517,660.1264991514238,986.9,674.9
4499,5774,600.6812040354517,660.1264991514238,986.9,674.9
4499,5775,600.6812040354517,660.1264991514238,986.9,674.9
4499,5776,600.6812040354517,660.1264991514238,986.9,674.9
4499,5777,600.6812040354517,660.1264991514238,986.9,674.9
4499,5778,600.6812040354517,660.1264991514238,986.9,674.9
4499,5779,600.6812040354517,660.1264991514238,986.9,674.9
4499,5780,600.6812040354517,660.1264991514238,986.9,674.9
4499,5781,600.6812040354517,660.1264991514238,986.9,674.9
4499,5782,600.6812040354517,660.1264991514238,986.9,674.9
4499,5783,600.6812040354517,660.1264991514238,986.9,674.9
4499,5784,905.6812040354517,656.1264991514238,986.9,674.9
4499,5785,905.6812040354517,656.1264991514238,986.9,674.9
4499,5786,905.6812040354517,656.1264991514238,986.9,674.9
4499,5787,905.6812040354517,656.1264991514238,986.9,674.9
4499,5788,905.6812040354517,656.1264991514238,986.9,674.9
4499,5789,905.6812040354517,656.1264991514238,986.9,674.9
4499,5790,905.6812040354517,656.1264991514238,986.9,674.9
4499,5791,905.6812040354517,656.1264991514238,986.9,674.9
4499,5792,905.6812040354517,656.1264991514238,986.9,674.9
4499,5793,905.6812040354517,656.1264991514238,986.9,674.9
4499,5794,905.6812040354517,656.1264991514238,986.9,674.9
4499,5795,905.6812040354517,656.1264991514238,986.9,674.9
4499,5796,905.6812040354517,656.1264991514238,986.9,674.9
4499,5797,905.6812040354517,656.1264991514238,986.9,674.9
4499,5798,905.6812040354517,656.1264991514238,986.9,674.9
4499,5799,905.6812040354517,656.1264991514238,986.9,674.9
4499,5800,905.6812040354517,656.1264991514238,986.9,674.9
4499,5801,905.6812040354517,656.1264991514238,986.9,674.9
4499,5802,905.6812040354517,656.1264991514238,986.9,674.9
4499,5803,905.6812040354517,656.1264991514238,986.9,674.9
4499,5804,905.6812040354517,656.1264991514238,986.9,674.9
4499,5805,905.6812040354517,656.1264991514238,986.9,674.9
4499,5806,905.6812040354517,656.1264991514238,986.9,674.9
4499,5807,905.6812040354517,656.1264991514238,986.9,674.9
4499,5808,905.6812040354517,656.1264991514238,986.9,674.9
4499,5809,905.6812040354517,656.1264991514238,986.9,674.9
4499,5810,905.6812040354517,656.1264991514238,986.9,674.9
4499,5811,905.6812040354517,656.1264991514238,986.9,674.9
4499,5812,905.6812040354517,656.1264991514238,986.9,674.9
4499,5813,905.6812040354517,656.1264991514238,986.9,674.9
4499,5814,905.6812040354517,656.1264991514238,986.9,674.9
4499,5815,905.6812040354517,656.1264991514238,986.9,674.9
4499,5816,1209.6812040354516,653.1264991514238,986.9,674.9
4499,5817,1209.6812040354516,653.1264991514238,986.9,674.9
4499,5818,1209.6812040354516,653.1264991514238,986.9,674.9
4499,5819,1209.6812040354516,653.1264991514238,986.9,674.9
4499,5820,1209.6812040354516,653.1264991514238,986.9,674.9
4499,5821,1209.6812040354516,653.1264991514238,986.9,674.9
4499,5822,1209.6812040354516,653.1264991514238,986.9,674.9
4499,5823,1209.6812040354516,653.1264991514238,986.9,674.9
4499,5824,1209.6812040354516,653.1264991514238,986.9,674.9
4499,5825,1209.6812040354516,653.1264991514238,986.9,674.9
4499,5826,1209.6812040354516,653.1264991514238,986.9,674.9
4499,5827,1209.6812040354516,653.1264991514238,986.9,674.9
4499,5828,1209.6812040354516,653.1264991514238,986.9,674.9
4499,5829,1209.6812040354516,653.1264991514238,986.9,674.9
4499,5830,1209.6812040354516,653.1264991514238,986.9,674.9
4499,5831,1209.6812040354516,653.1264991514238,986.9,674.9
4499,5832,1209.6812040354516,653.1264991514238,986.9,674.9
4499,5833,1209.6812040354516,653.1264991514238,986.9,674.9
4499,5834,1209.6812040354516,653.1264991514238,986.9,674.9
4499,5835,1209.6812040354516,653.1264991514238,986.9,674.9
4499,5836,1209.6812040354516,653.1264991514238,986.9,674.9
4499,5837,1209.6812040354516,653.1264991514238,986.9,674.9
4499,5838,1209.6812040354516,653.1264991514238,986.9,674.9
4499,5839,1209.6812040354516,653.1264991514238,986.9,674.9
4499,5840,1209.6812040354516,653.1264991514238,986.9,674.9
4499,5841,1209.6812040354516,653.1264991514238,986.9,674.9
4499,5842,1209.6812040354516,653.1264991514238,986.9,674.9
4499,5843,1209.6812040354516,653.1264991514238,986.9,674.9
4499,5844,1209.6812040354516,653.1264991514238,986.9,674.9
4499,5845,1209.6812040354516,653.1264991514238,986.9,674.9
4499,5846,1209.6812040354516,653.1264991514238,986.9,674.9
4499,5847,1209.6812040354516,653.1264991514238,986.9,674.9
4499,5848,1209.6812040354516,653.1264991514238,986.9,674.9
4499,5849,1209.6812040354516,653.1264991514238,986.9,674.9
4499,5850,1209.6812040354516,653.1264991514238,986.9,674.9
4499,5851,1209.6812040354516,653.1264991514238,986.9,674.9
4499,5852,1209.6812040354516,653.1264991514238,986.9,674.9
4499,5853,1209.6812040354516,653.1264991514238,986.9,674.9
4499,5854,1209.6812040354516,653.1264991514238,986.9,674.9
4499,5855,1209.6812040354516,653.1264991514238,986.9,674.9
4499,5856,1209.6812040354516,653.1264991514238,986.9,674.9
4499,5857,1209.6812040354516,653.1264991514238,986.9,674.9
4499,5858,1209.6812040354516,653.1264991514238,986.9,674.9
4499,5859,1209.6812040354516,653.1264991514238,986.9,674.9
4499,5860,1209.6812040354516,653.1264991514238,986.9,674.9
4499,5861,1209.6812040354516,653.1264991514238,986.9,674.9
4499,5862,1209.6812040354516,653.1264991514238,986.9,674.9
4499,5863,1209.6812040354516,653.1264991514238,986.9,674.9
4499,5864,1209.6812040354516,653.1264991514238,986.9,674.9
4499,5865,1209.6812040354516,653.1264991514238,986.9,674.9
4499,5866,1209.6812040354516,653.1264991514238,986.9,674.9
4499,5867,1209.6812040354516,653.1264991514238,986.9,674.9
4499,5868,1209.6812040354516,653.1264991514238,986.9,674.9
4499,5869,1209.6812040354516,653.1264991514238,986.9,674.9
4499,5870,1209.6812040354516,653.1264991514238,986.9,674.9
4499,5871,1209.6812040354516,653.1264991514238,986.9,674.9
4499,5872,1209.6812040354516,653.1264991514238,986.9,674.9
4499,5873,1209.6812040354516,653.1264991514238,986.9,674.9
4499,5874,1209.6812040354516,653.1264991514238,986.9,674.9
4499,5875,1209.6812040354516,653.1264991514238,986.9,674.9
4499,5876,1209.6812040354516,653.1264991514238,986.9,674.9
4499,5877,1209.6812040354516,653.1264991514238,986.9,674.9
4499,5878,1209.6812040354516,653.1264991514238,986.9,674.9
4499,5879,1209.6812040354516,653.1264991514238,986.9,674.9
4499,5880,1209.6812040354516,653.1264991514238,986.9,674.9
4499,5881,1209.6812040354516,653.1264991514238,986.9,674.9
4499,5882,1209.6812040354516,653.1264991514238,986.9,674.9
4499,5883,1209.6812040354516,653.1264991514238,986.9,674.9
4499,5884,1209.6812040354516,653.1264991514238,986.9,674.9
4499,5885,1209.6812040354516,653.1264991514238,986.9,674.9
4499,5886,1209.6812040354516,653.1264991514238,986.9,674.9
4499,5887,1209.6812040354516,653.1264991514238,986.9,674.9
4499,5888,1209.6812040354516,653.1264991514238,986.9,674.9
4499,5889,1209.6812040354516,653.1264991514238,986.9,674.9
4499,5890,1209.6812040354516,653.1264991514238,986.9,674.9
4499,5891,1209.6812040354516,653.1264991514238,986.9,674.9
4499,5892,1209.6812040354516,653.1264991514238,986.9,674.9
4499,5893,1209.6812040354516,653.1264991514238,986.9,674.9
4499,5894,1209.6812040354516,653.1264991514238,986.9,674.9
4499,5895,1209.6812040354516,653.1264991514238,986.9,674.9
4499,5896,1209.6812040354516,653.1264991514238,986.9,674.9
4499,5897,1209.6812040354516,653.1264991514238,986.9,674.9
4499,5898,1209.6812040354516,653.1264991514238,986.9,674.9
4499,5899,1209.6812040354516,653.1264991514238,986.9,674.9
4499,5900,1209.6812040354516,653.1264991514238,986.9,674.9
4499,5901,1209.6812040354516,653.1264991514238,986.9,674.9
4499,5902,1209.6812040354516,653.1264991514238,986.9,674.9
4499,5903,1209.6812040354516,653.1264991514238,986.9,674.9
4499,5904,1209.6812040354516,653.1264991514238,986.9,674.9
4499,5905,1209.6812040354516,653.1264991514238,986.9,674.9
4499,5906,1209.6812040354516,653.1264991514238,986.9,674.9
4499,5907,1209.6812040354516,653.1264991514238,986.9,674.9
4499,5908,1209.6812040354516,653.1264991514238,986.9,674.9
4499,5909,1209.6812040354516,653.1264991514238,986.9,674.9
4499,5910,1209.6812040354516,653.1264991514238,986.9,674.9
4499,5911,1209.6812040354516,653.1264991514238,986.9,674.9
4499,5912,1209.6812040354516,653.1264991514238,986.9,674.9
4499,5913,1209.6812040354516,653.1264991514238,986.9,674.9
4499,5914,1209.6812040354516,653.1264991514238,986.9,674.9
4499,5915,1209.6812040354516,653.1264991514238,986.9,674.9
4499,5916,1209.6812040354516,653.1264991514238,986.9,674.9
4499,5917,1209.6812040354516,653.1264991514238,986.9,674.9
4499,5918,1209.6812040354516,653.1264991514238,986.9,674.9
4499,5919,1209.6812040354516,653.1264991514238,986.9,674.9
4499,5920,1209.6812040354516,653.1264991514238,986.9,674.9
4499,5921,1209.6812040354516,653.1264991514238,986.9,674.9
4499,5922,1209.6812040354516,653.1264991514238,986.9,674.9
4499,5923,1209.6812040354516,653.1264991514238,986.9,674.9
4499,5924,1209.6812040354516,653.1264991514238,986.9,674.9
4499,5925,1209.6812040354516,653.1264991514238,986.9,674.9
4499,5926,1209.6812040354516,653.1264991514238,986.9,674.9
4499,5927,1209.6812040354516,653.1264991514238,986.9,674.9
4499,5928,1209.6812040354516,653.1264991514238,986.9,674.9
4499,5929,1209.6812040354516,653.1264991514238,986.9,674.9
4499,5930,1209.6812040354516,653.1264991514238,986.9,674.9
4499,5931,1209.6812040354516,653.1264991514238,986.9,674.9
4499,5932,1209.6812040354516,653.1264991514238,986.9,674.9
4499,5933,1209.6812040354516,653.1264991514238,986.9,674.9
4499,5934,1209.6812040354516,653.1264991514238,986.9,674.9
4499,5935,1209.6812040354516,653.1264991514238,986.9,674.9
4499,5936,1209.6812040354516,653.1264991514238,986.9,674.9
4499,5937,1209.6812040354516,653.1264991514238,986.9,674.9
4499,5938,1209.6812040354516,653.1264991514238,986.9,674.9
4499,5939,1209.6812040354516,653.1264991514238,986.9,674.9
4499,5940,1209.6812040354516,653.1264991514238,986.9,674.9
4499,5941,1209.6812040354516,653.1264991514238,986.9,674.9
4499,5942,1209.6812040354516,653.1264991514238,986.9,674.9
4499,5943,1209.6812040354516,653.1264991514238,986.9,674.9
4499,5944,1209.6812040354516,653.1264991514238,986.9,674.9
4499,5945,1209.6812040354516,653.1264991514238,986.9,674.9
4499,5946,1209.6812040354516,653.1264991514238,986.9,674.9
4499,5947,1209.6812040354516,653.1264991514238,986.9,674.9
4499,5948,1209.6812040354516,653.1264991514238,986.9,674.9
4499,5949,1209.6812040354516,653.1264991514238,986.9,674.9
4499,5950,893.6812040354517,625.1264991514238,986.9,674.9
4499,5951,893.6812040354517,625.1264991514238,986.9,674.9
4499,5952,893.6812040354517,625.1264991514238,986.9,674.9
4499,5953,893.6812040354517,625.1264991514238,986.9,674.9
4499,5954,893.6812040354517,625.1264991514238,986.9,674.9
4499,5955,893.6812040354517,625.1264991514238,986.9,674.9
4499,5956,893.6812040354517,625.1264991514238,986.9,674.9
4499,5957,893.6812040354517,625.1264991514238,986.9,674.9
4499,5958,893.6812040354517,625.1264991514238,986.9,674.9
4499,5959,893.6812040354517,625.1264991514238,986.9,674.9
4499,5960,893.6812040354517,625.1264991514238,986.9,674.9
4499,5961,893.6812040354517,625.1264991514238,986.9,674.9
4499,5962,893.6812040354517,625.1264991514238,986.9,674.9
4499,5963,893.6812040354517,625.1264991514238,986.9,674.9
4499,5964,893.6812040354517,625.1264991514238,986.9,674.9
4499,5965,893.6812040354517,625.1264991514238,986.9,674.9
4499,5966,893.6812040354517,625.1264991514238,986.9,674.9
4499,5967,893.6812040354517,625.1264991514238,986.9,674.9
4499,5968,893.6812040354517,625.1264991514238,986.9,674.9
4499,5969,893.6812040354517,625.1264991514238,986.9,674.9
4499,5970,893.6812040354517,625.1264991514238,986.9,674.9
4499,5971,893.6812040354517,625.1264991514238,986.9,674.9
4499,5972,893.6812040354517,625.1264991514238,986.9,674.9
4499,5973,893.6812040354517,625.1264991514238,986.9,674.9
4499,5974,893.6812040354517,625.1264991514238,986.9,674.9
4499,5975,893.6812040354517,625.1264991514238,986.9,674.9
4499,5976,893.6812040354517,625.1264991514238,986.9,674.9
4499,5977,893.6812040354517,625.1264991514238,986.9,674.9
4499,5978,893.6812040354517,625.1264991514238,986.9,674.9
4499,5979,893.6812040354517,625.1264991514238,986.9,674.9
4499,5980,893.6812040354517,625.1264991514238,986.9,674.9
4499,5981,893.6812040354517,625.1264991514238,986.9,674.9
4499,5982,893.6812040354517,625.1264991514238,986.9,674.9
4499,5983,893.6812040354517,625.1264991514238,986.9,674.9
4499,5984,893.6812040354517,625.1264991514238,986.9,674.9
4499,5985,893.6812040354517,625.1264991514238,986.9,674.9
4499,5986,893.6812040354517,625.1264991514238,986.9,674.9
4499,5987,893.6812040354517,625.1264991514238,986.9,674.9
4499,5988,893.6812040354517,625.1264991514238,986.9,674.9
4499,5989,893.6812040354517,625.1264991514238,986.9,674.9
4499,5990,893.6812040354517,625.1264991514238,986.9,674.9
4499,5991,893.6812040354517,625.1264991514238,986.9,674.9
4499,5992,893.6812040354517,625.1264991514238,986.9,674.9
4499,5993,893.6812040354517,625.1264991514238,986.9,674.9
4499,5994,893.6812040354517,625.1264991514238,986.9,674.9
4499,5995,893.6812040354517,625.1264991514238,986.9,674.9
4499,5996,893.6812040354517,625.1264991514238,986.9,674.9
4499,5997,893.6812040354517,625.1264991514238,986.9,674.9
4499,5998,893.6812040354517,625.1264991514238,986.9,674.9
4499,5999,893.6812040354517,625.1264991514238,986.9,674.9
4499,6000,893.6812040354517,625.1264991514238,986.9,674.9
4499,6001,893.6812040354517,625.1264991514238,986.9,674.9
4499,6002,893.6812040354517,625.1264991514238,986.9,674.9
4499,6003,893.6812040354517,625.1264991514238,986.9,674.9
4499,6004,893.6812040354517,625.1264991514238,986.9,674.9
4499,6005,893.6812040354517,625.1264991514238,986.9,674.9
4499,6006,893.6812040354517,625.1264991514238,986.9,674.9
4499,6007,893.6812040354517,625.1264991514238,986.9,674.9
4499,6008,893.6812040354517,625.1264991514238,986.9,674.9
4499,6009,893.6812040354517,625.1264991514238,986.9,674.9
4499,6010,893.6812040354517,625.1264991514238,986.9,674.9
4499,6011,893.6812040354517,625.1264991514238,986.9,674.9
4499,6012,893.6812040354517,625.1264991514238,986.9,674.9
4499,6013,893.6812040354517,625.1264991514238,986.9,674.9
4499,6014,893.6812040354517,625.1264991514238,986.9,674.9
4499,6015,893.6812040354517,625.1264991514238,986.9,674.9
4499,6016,893.6812040354517,625.1264991514238,986.9,674.9
4499,6017,893.6812040354517,625.1264991514238,986.9,674.9
4499,6018,893.6812040354517,625.1264991514238,986.9,674.9
4499,6019,893.6812040354517,625.1264991514238,986.9,674.9
4499,6020,893.6812040354517,625.1264991514238,986.9,674.9
4499,6021,893.6812040354517,625.1264991514238,986.9,674.9
4499,6022,893.6812040354517,625.1264991514238,986.9,674.9
4499,6023,893.6812040354517,625.1264991514238,986.9,674.9
4499,6024,893.6812040354517,625.1264991514238,986.9,674.9
4499,6025,893.6812040354517,625.1264991514238,986.9,674.9
4499,6026,893.6812040354517,625.1264991514238,986.9,674.9
4499,6027,893.6812040354517,625.1264991514238,986.9,674.9
4499,6028,893.6812040354517,625.1264991514238,986.9,674.9
4499,6029,893.6812040354517,625.1264991514238,986.9,674.9
4499,6030,893.6812040354517,625.1264991514238,986.9,674.9
4499,6031,893.6812040354517,625.1264991514238,986.9,674.9
4499,6032,893.6812040354517,625.1264991514238,986.9,674.9
4499,6033,893.6812040354517,625.1264991514238,986.9,674.9
4499,6034,893.6812040354517,625.1264991514238,986.9,674.9
4499,6035,893.6812040354517,625.1264991514238,986.9,674.9
4499,6036,893.6812040354517,625.1264991514238,986.9,674.9
4499,6037,893.6812040354517,625.1264991514238,986.9,674.9
4499,6038,893.6812040354517,625.1264991514238,986.9,674.9
4499,6039,893.6812040354517,625.1264991514238,986.9,674.9
4499,6040,893.6812040354517,625.1264991514238,986.9,674.9
4499,6041,893.6812040354517,625.1264991514238,986.9,674.9
4499,6042,893.6812040354517,625.1264991514238,986.9,674.9
4499,6043,893.6812040354517,625.1264991514238,986.9,674.9
4499,6044,893.6812040354517,625.1264991514238,986.9,674.9
4499,6045,893.6812040354517,625.1264991514238,986.9,674.9
4499,6046,893.6812040354517,625.1264991514238,986.9,674.9
4499,6047,893.6812040354517,625.1264991514238,986.9,674.9
4499,6048,893.6812040354517,625.1264991514238,986.9,674.9
4499,6049,893.6812040354517,625.1264991514238,986.9,674.9
4499,6050,893.6812040354517,625.1264991514238,986.9,674.9
4499,6051,893.6812040354517,625.1264991514238,986.9,674.9
4499,6052,893.6812040354517,625.1264991514238,986.9,674.9
4499,6053,893.6812040354517,625.1264991514238,986.9,674.9
4499,6054,893.6812040354517,625.1264991514238,986.9,674.9
4499,6055,893.6812040354517,625.1264991514238,986.9,674.9
4499,6056,893.6812040354517,625.1264991514238,986.9,674.9
4499,6057,893.6812040354517,625.1264991514238,986.9,674.9
4499,6058,893.6812040354517,625.1264991514238,986.9,674.9
4499,6059,893.6812040354517,625.1264991514238,986.9,674.9
4499,6060,893.6812040354517,625.1264991514238,986.9,674.9
4499,6061,893.6812040354517,625.1264991514238,986.9,674.9
4499,6062,893.6812040354517,625.1264991514238,986.9,674.9
4499,6063,893.6812040354517,625.1264991514238,986.9,674.9
4499,6064,893.6812040354517,625.1264991514238,986.9,674.9
4499,6065,893.6812040354517,625.1264991514238,986.9,674.9
4499,6066,893.6812040354517,625.1264991514238,986.9,674.9
4499,6067,893.6812040354517,625.1264991514238,986.9,674.9
4499,6068,893.6812040354517,625.1264991514238,986.9,674.9
4499,6069,893.6812040354517,625.1264991514238,986.9,674.9
4499,6070,893.6812040354517,625.1264991514238,986.9,674.9
4499,6071,893.6812040354517,625.1264991514238,986.9,674.9
4499,6072,893.6812040354517,625.1264991514238,986.9,674.9
4499,6073,893.6812040354517,625.1264991514238,986.9,674.9
4499,6074,893.6812040354517,625.1264991514238,986.9,674.9
4499,6075,893.6812040354517,625.1264991514238,986.9,674.9
4499,6076,893.6812040354517,625.1264991514238,986.9,674.9
4499,6077,893.6812040354517,625.1264991514238,986.9,674.9
4499,6078,893.6812040354517,625.1264991514238,986.9,674.9
4499,6079,893.6812040354517,625.1264991514238,986.9,674.9
4499,6080,893.6812040354517,625.1264991514238,986.9,674.9
4499,6081,893.6812040354517,625.1264991514238,986.9,674.9
4499,6082,893.6812040354517,625.1264991514238,986.9,674.9
4499,6083,893.6812040354517,625.1264991514238,986.9,674.9
4499,6084,893.6812040354517,625.1264991514238,986.9,674.9
4499,6085,893.6812040354517,625.1264991514238,986.9,674.9
4499,6086,893.6812040354517,625.1264991514238,986.9,674.9
4499,6087,893.6812040354517,625.1264991514238,986.9,674.9
4499,6088,893.6812040354517,625.1264991514238,986.9,674.9
4499,6089,893.6812040354517,625.1264991514238,986.9,674.9
4499,6090,893.6812040354517,625.1264991514238,986.9,674.9
4499,6091,893.6812040354517,625.1264991514238,986.9,674.9
4499,6092,893.6812040354517,625.1264991514238,986.9,674.9
4499,6093,893.6812040354517,625.1264991514238,986.9,674.9
4499,6094,893.6812040354517,625.1264991514238,986.9,674.9
4499,6095,893.6812040354517,625.1264991514238,986.9,674.9
4499,6096,893.6812040354517,625.1264991514238,986.9,674.9
4499,6097,893.6812040354517,625.1264991514238,986.9,674.9
4499,6098,893.6812040354517,625.1264991514238,986.9,674.9
4499,6099,893.6812040354517,625.1264991514238,986.9,674.9
4499,6100,893.6812040354517,625.1264991514238,986.9,674.9
4499,6101,893.6812040354517,625.1264991514238,986.9,674.9
4499,6102,893.6812040354517,625.1264991514238,986.9,674.9
4499,6103,893.6812040354517,625.1264991514238,986.9,674.9
4499,6104,893.6812040354517,625.1264991514238,986.9,674.9
4499,6105,893.6812040354517,625.1264991514238,986.9,674.9
4499,6106,893.6812040354517,625.1264991514238,986.9,674.9
4499,6107,893.6812040354517,625.1264991514238,986.9,674.9
4499,6108,893.6812040354517,625.1264991514238,986.9,674.9
4499,6109,893.6812040354517,625.1264991514238,986.9,674.9
4499,6110,893.6812040354517,625.1264991514238,986.9,674.9
4499,6111,893.6812040354517,625.1264991514238,986.9,674.9
4499,6112,893.6812040354517,625.1264991514238,986.9,674.9
4499,6113,893.6812040354517,625.1264991514238,986.9,674.9
4499,6114,893.6812040354517,625.1264991514238,986.9,674.9
4499,6115,893.6812040354517,625.1264991514238,986.9,674.9
4499,6116,893.6812040354517,625.1264991514238,986.9,674.9
4499,6117,893.6812040354517,625.1264991514238,986.9,674.9
4499,6118,893.6812040354517,625.1264991514238,986.9,674.9
4499,6119,893.6812040354517,625.1264991514238,986.9,674.9
4499,6120,893.6812040354517,625.1264991514238,986.9,674.9
4499,6121,893.6812040354517,625.1264991514238,986.9,674.9
4499,6122,893.6812040354517,625.1264991514238,986.9,674.9
4499,6123,893.6812040354517,625.1264991514238,986.9,674.9
4499,6124,893.6812040354517,625.1264991514238,986.9,674.9
4499,6125,893.6812040354517,625.1264991514238,986.9,674.9
4499,6126,893.6812040354517,625.1264991514238,986.9,674.9
4499,6127,893.6812040354517,625.1264991514238,986.9,674.9
4499,6128,893.6812040354517,625.1264991514238,986.9,674.9
4499,6129,893.6812040354517,625.1264991514238,986.9,674.9
4499,6130,893.6812040354517,625.1264991514238,986.9,674.9
4499,6131,893.6812040354517,625.1264991514238,986.9,674.9
4499,6132,893.6812040354517,625.1264991514238,986.9,674.9
4499,6133,893.6812040354517,625.1264991514238,986.9,674.9
4499,6134,893.6812040354517,625.1264991514238,986.9,674.9
4499,6135,893.6812040354517,625.1264991514238,986.9,674.9
4499,6136,893.6812040354517,625.1264991514238,986.9,674.9
4499,6137,893.6812040354517,625.1264991514238,986.9,674.9
4499,6138,893.6812040354517,625.1264991514238,986.9,674.9
4499,6139,893.6812040354517,625.1264991514238,986.9,674.9
4499,6140,893.6812040354517,625.1264991514238,986.9,674.9
4499,6141,893.6812040354517,625.1264991514238,986.9,674.9
4499,6142,893.6812040354517,625.1264991514238,986.9,674.9
4499,6143,893.6812040354517,625.1264991514238,986.9,674.9
4499,6144,893.6812040354517,625.1264991514238,986.9,674.9
4499,6145,893.6812040354517,625.1264991514238,986.9,674.9
4499,6146,893.6812040354517,625.1264991514238,986.9,674.9
4499,6147,893.6812040354517,625.1264991514238,986.9,674.9
4499,6148,893.6812040354517,625.1264991514238,986.9,674.9
4499,6149,893.6812040354517,625.1264991514238,986.9,674.9
4499,6150,893.6812040354517,625.1264991514238,986.9,674.9
4499,6151,893.6812040354517,625.1264991514238,986.9,674.9
4499,6152,893.6812040354517,625.1264991514238,986.9,674.9
4499,6153,893.6812040354517,625.1264991514238,986.9,674.9
4499,6154,893.6812040354517,625.1264991514238,986.9,674.9
4499,6155,893.6812040354517,625.1264991514238,986.9,674.9
4499,6156,893.6812040354517,625.1264991514238,986.9,674.9
4499,6157,893.6812040354517,625.1264991514238,986.9,674.9
4499,6158,893.6812040354517,625.1264991514238,986.9,674.9
4499,6159,893.6812040354517,625.1264991514238,986.9,674.9
4499,6160,893.6812040354517,625.1264991514238,986.9,674.9
4499,6161,893.6812040354517,625.1264991514238,986.9,674.9
4499,6162,893.6812040354517,625.1264991514238,986.9,674.9
4499,6163,893.6812040354517,625.1264991514238,986.9,674.9
4499,6164,893.6812040354517,625.1264991514238,986.9,674.9
4499,6165,893.6812040354517,625.1264991514238,986.9,674.9
4499,6166,893.6812040354517,625.1264991514238,986.9,674.9
4499,6167,893.6812040354517,625.1264991514238,986.9,674.9
4499,6168,893.6812040354517,625.1264991514238,986.9,674.9
4499,6169,893.6812040354517,625.1264991514238,986.9,674.9
4499,6170,893.6812040354517,625.1264991514238,986.9,674.9
4499,6171,893.6812040354517,625.1264991514238,986.9,674.9
4499,6172,893.6812040354517,625.1264991514238,986.9,674.9
4499,6173,893.6812040354517,625.1264991514238,986.9,674.9
4499,6174,893.6812040354517,625.1264991514238,986.9,674.9
4499,6175,893.6812040354517,625.1264991514238,986.9,674.9
4499,6176,893.6812040354517,625.1264991514238,986.9,674.9
4499,6177,893.6812040354517,625.1264991514238,986.9,674.9
4499,6178,893.6812040354517,625.1264991514238,986.9,674.9
4499,6179,893.6812040354517,625.1264991514238,986.9,674.9
4499,6180,893.6812040354517,625.1264991514238,986.9,674.9
4499,6181,893.6812040354517,625.1264991514238,986.9,674.9
4499,6182,893.6812040354517,625.1264991514238,986.9,674.9
4499,6183,893.6812040354517,625.1264991514238,986.9,674.9
4499,6184,893.6812040354517,625.1264991514238,986.9,674.9
4499,6185,893.6812040354517,625.1264991514238,986.9,674.9
4499,6186,893.6812040354517,625.1264991514238,986.9,674.9
4499,6187,893.6812040354517,625.1264991514238,986.9,674.9
4499,6188,893.6812040354517,625.1264991514238,986.9,674.9
4499,6189,893.6812040354517,625.1264991514238,986.9,674.9
4499,6190,893.6812040354517,625.1264991514238,986.9,674.9
4499,6191,893.6812040354517,625.1264991514238,986.9,674.9
4499,6192,893.6812040354517,625.1264991514238,986.9,674.9
4499,6193,893.6812040354517,625.1264991514238,986.9,674.9
4499,6194,893.6812040354517,625.1264991514238,986.9,674.9
4499,6195,893.6812040354517,625.1264991514238,986.9,674.9
4499,6196,893.6812040354517,625.1264991514238,986.9,674.9
4499,6197,893.6812040354517,625.1264991514238,986.9,674.9
4499,6198,893.6812040354517,625.1264991514238,986.9,674.9
4499,6199,893.6812040354517,625.1264991514238,986.9,674.9
4499,6200,893.6812040354517,625.1264991514238,986.9,674.9
4499,6201,893.6812040354517,625.1264991514238,986.9,674.9
4499,6202,893.6812040354517,625.1264991514238,986.9,674.9
4499,6203,893.6812040354517,625.1264991514238,986.9,674.9
4499,6204,893.6812040354517,625.1264991514238,986.9,674.9
4499,6205,893.6812040354517,625.1264991514238,986.9,674.9
4499,6206,893.6812040354517,625.1264991514238,986.9,674.9
4499,6207,893.6812040354517,625.1264991514238,986.9,674.9
4499,6208,893.6812040354517,625.1264991514238,986.9,674.9
4499,6209,893.6812040354517,625.1264991514238,986.9,674.9
4499,6210,893.6812040354517,625.1264991514238,986.9,674.9
4499,6211,893.6812040354517,625.1264991514238,986.9,674.9
4499,6212,893.6812040354517,625.1264991514238,986.9,674.9
4499,6213,893.6812040354517,625.1264991514238,986.9,674.9
4499,6214,893.6812040354517,625.1264991514238,986.9,674.9
4499,6215,893.6812040354517,625.1264991514238,986.9,674.9
4499,6216,893.6812040354517,625.1264991514238,986.9,674.9
4499,6217,893.6812040354517,625.1264991514238,986.9,674.9
4499,6218,893.6812040354517,625.1264991514238,986.9,674.9
4499,6219,893.6812040354517,625.1264991514238,986.9,674.9
4499,6220,893.6812040354517,625.1264991514238,986.9,674.9
4499,6221,893.6812040354517,625.1264991514238,986.9,674.9
4499,6222,893.6812040354517,625.1264991514238,986.9,674.9
4499,6223,893.6812040354517,625.1264991514238,986.9,674.9
4499,6224,893.6812040354517,625.1264991514238,986.9,674.9
4499,6225,893.6812040354517,625.1264991514238,986.9,674.9
4499,6226,893.6812040354517,625.1264991514238,986.9,674.9
4499,6227,893.6812040354517,625.1264991514238,986.9,674.9
4499,6228,893.6812040354517,625.1264991514238,986.9,674.9
4499,6229,893.6812040354517,625.1264991514238,986.9,674.9
4499,6230,893.6812040354517,625.1264991514238,986.9,674.9
4499,6231,893.6812040354517,625.1264991514238,986.9,674.9
4499,6232,893.6812040354517,625.1264991514238,986.9,674.9
4499,6233,893.6812040354517,625.1264991514238,986.9,674.9
4499,6234,893.6812040354517,625.1264991514238,986.9,674.9
4499,6235,893.6812040354517,625.1264991514238,986.9,674.9
4499,6236,893.6812040354517,625.1264991514238,986.9,674.9
4499,6237,893.6812040354517,625.1264991514238,986.9,674.9
4499,6238,893.6812040354517,625.1264991514238,986.9,674.9
4499,6239,893.6812040354517,625.1264991514238,986.9,674.9
4499,6240,893.6812040354517,625.1264991514238,986.9,674.9
4499,6241,893.6812040354517,625.1264991514238,986.9,674.9
4499,6242,893.6812040354517,625.1264991514238,986.9,674.9
4499,6243,893.6812040354517,625.1264991514238,986.9,674.9
4499,6244,893.6812040354517,625.1264991514238,986.9,674.9
4499,6245,893.6812040354517,625.1264991514238,986.9,674.9
4499,6246,893.6812040354517,625.1264991514238,986.9,674.9
4499,6247,893.6812040354517,625.1264991514238,986.9,674.9
4499,6248,893.6812040354517,625.1264991514238,986.9,674.9
4499,6249,893.6812040354517,625.1264991514238,986.9,674.9
4499,6250,893.6812040354517,625.1264991514238,986.9,674.9
4499,6251,893.6812040354517,625.1264991514238,986.9,674.9
4499,6252,893.6812040354517,625.1264991514238,986.9,674.9
4499,6253,893.6812040354517,625.1264991514238,986.9,674.9
4499,6254,893.6812040354517,625.1264991514238,986.9,674.9
4499,6255,893.6812040354517,625.1264991514238,986.9,674.9
4499,6256,893.6812040354517,625.1264991514238,986.9,674.9
4499,6257,893.6812040354517,625.1264991514238,986.9,674.9
4499,6258,893.6812040354517,625.1264991514238,986.9,674.9
4499,6259,893.6812040354517,625.1264991514238,986.9,674.9
4499,6260,893.6812040354517,625.1264991514238,986.9,674.9
4499,6261,893.6812040354517,625.1264991514238,986.9,674.9
4499,6262,893.6812040354517,625.1264991514238,986.9,674.9
4499,6263,893.6812040354517,625.1264991514238,986.9,674.9
4499,6264,893.6812040354517,625.1264991514238,986.9,674.9
4499,6265,893.6812040354517,625.1264991514238,986.9,674.9
4499,6266,893.6812040354517,625.1264991514238,986.9,674.9
4499,6267,893.6812040354517,625.1264991514238,986.9,674.9
4499,6268,893.6812040354517,625.1264991514238,986.9,674.9
4499,6269,893.6812040354517,625.1264991514238,986.9,674.9
4500,6270,893.6812040354517,625.1264991514238,986.9,674.9
4501,6270,893.6812040354517,625.1264991514238,986.9,674.9
4502,6270,893.6812040354517,625.1264991514238,986.9,674.9
4503,6270,893.6812040354517,625.1264991514238,986.9,674.9
4504,6270,893.6812040354517,625.1264991514238,986.9,674.9
4505,6270,893.6812040354517,625.1264991514238,986.9,674.9
4506,6270,893.6812040354517,625.1264991514238,986.9,674.9
4507,6271,893.6812040354517,625.1264991514238,986.9,674.9
4508,6272,893.6812040354517,625.1264991514238,986.9,674.9
4509,6273,893.6812040354517,625.1264991514238,986.9,674.9
4510,6274,893.6812040354517,625.1264991514238,986.9,674.9
4511,6275,893.6812040354517,625.1264991514238,986.9,674.9
4512,6276,893.6812040354517,625.1264991514238,986.9,674.9
4513,6277,893.6812040354517,625.1264991514238,986.9,674.9
4514,6278,893.6812040354517,625.1264991514238,986.9,674.9
4515,6279,893.6812040354517,625.1264991514238,986.9,674.9
4516,6280,893.6812040354517,625.1264991514238,986.9,674.9
4517,6281,893.6812040354517,625.1264991514238,986.9,674.9
4518,6282,893.6812040354517,625.1264991514238,986.9,674.9
4519,6283,893.6812040354517,625.1264991514238,986.9,674.9
4520,6284,893.6812040354517,625.1264991514238,986.9,674.9
4521,6285,893.6812040354517,625.1264991514238,986.9,674.9
4522,6286,893.6812040354517,625.1264991514238,986.9,674.9
4523,6287,893.6812040354517,625.1264991514238,986.9,674.9
4524,6288,893.6812040354517,625.1264991514238,986.9,674.9
4525,6289,893.6812040354517,625.1264991514238,986.9,674.9
4526,6290,893.6812040354517,625.1264991514238,986.9,674.9
4527,6291,893.6812040354517,625.1264991514238,986.9,674.9
4528,6292,893.6812040354517,625.1264991514238,986.9,674.9
4529,6293,893.6812040354517,625.1264991514238,986.9,674.9
4530,6294,893.6812040354517,625.1264991514238,986.9,674.9
4531,6295,893.6812040354517,625.1264991514238,986.9,674.9
4532,6296,893.6812040354517,625.1264991514238,986.9,674.9
4532,6297,893.6812040354517,625.1264991514238,986.9,674.9
4532,6298,893.6812040354517,625.1264991514238,986.9,674.9
4532,6299,893.6812040354517,625.1264991514238,986.9,674.9
4532,6300,893.6812040354517,625.1264991514238,986.9,674.9
4532,6301,893.6812040354517,625.1264991514238,986.9,674.9
4532,6302,893.6812040354517,625.1264991514238,986.9,674.9
4532,6303,893.6812040354517,625.1264991514238,986.9,674.9
4532,6304,893.6812040354517,625.1264991514238,986.9,674.9
4532,6305,893.6812040354517,625.1264991514238,986.9,674.9
4532,6306,893.6812040354517,625.1264991514238,986.9,674.9
4532,6307,893.6812040354517,625.1264991514238,986.9,674.9
4532,6308,893.6812040354517,625.1264991514238,986.9,674.9
4532,6309,893.6812040354517,625.1264991514238,986.9,674.9
4532,6310,893.6812040354517,625.1264991514238,986.9,674.9
4532,6311,893.6812040354517,625.1264991514238,986.9,674.9
4532,6312,893.6812040354517,625.1264991514238,986.9,674.9
4532,6313,893.6812040354517,625.1264991514238,986.9,674.9
4532,6314,893.6812040354517,625.1264991514238,986.9,674.9
4532,6315,893.6812040354517,625.1264991514238,986.9,674.9
4532,6316,893.6812040354517,625.1264991514238,986.9,674.9
4532,6317,893.6812040354517,625.1264991514238,986.9,674.9
4532,6318,893.6812040354517,625.1264991514238,986.9,674.9
4532,6319,893.6812040354517,625.1264991514238,986.9,674.9
4532,6320,893.6812040354517,625.1264991514238,986.9,674.9
4532,6321,893.6812040354517,625.1264991514238,986.9,674.9
4532,6322,893.6812040354517,625.1264991514238,986.9,674.9
4532,6323,893.6812040354517,625.1264991514238,986.9,674.9
4532,6324,893.6812040354517,625.1264991514238,986.9,674.9
4532,6325,893.6812040354517,625.1264991514238,986.9,674.9
4532,6326,893.6812040354517,625.1264991514238,986.9,674.9
4532,6327,893.6812040354517,625.1264991514238,986.9,674.9
4532,6328,893.6812040354517,625.1264991514238,986.9,674.9
4532,6329,893.6812040354517,625.1264991514238,986.9,674.9
4532,6330,893.6812040354517,625.1264991514238,986.9,674.9
4532,6331,893.6812040354517,625.1264991514238,986.9,674.9
4532,6332,893.6812040354517,625.1264991514238,986.9,674.9
4532,6333,893.6812040354517,625.1264991514238,986.9,674.9
4532,6334,893.6812040354517,625.1264991514238,986.9,674.9
4532,6335,893.6812040354517,625.1264991514238,986.9,674.9
4532,6336,893.6812040354517,625.1264991514238,986.9,674.9
4532,6337,893.6812040354517,625.1264991514238,986.9,674.9
4532,6338,893.6812040354517,625.1264991514238,986.9,674.9
4532,6339,893.6812040354517,625.1264991514238,986.9,674.9
4532,6340,893.6812040354517,625.1264991514238,986.9,674.9
4532,6341,893.6812040354517,625.1264991514238,986.9,674.9
4532,6342,893.6812040354517,625.1264991514238,986.9,674.9
4532,6343,893.6812040354517,625.1264991514238,986.9,674.9
4532,6344,775.6812040354517,648.1264991514238,986.9,674.9
4532,6345,775.6812040354517,648.1264991514238,986.9,674.9
4532,6346,775.6812040354517,648.1264991514238,986.9,674.9
4532,6347,775.6812040354517,648.1264991514238,986.9,674.9
4532,6348,775.6812040354517,648.1264991514238,984.0749999999999,669.5214285714286
4532,6349,775.6812040354517,648.1264991514238,981.25,664.1428571428571
4532,6350,775.6812040354517,648.1264991514238,978.425,658.7642857142857
4532,6351,775.6812040354517,648.1264991514238,975.6,653.3857142857142
4532,6352,775.6812040354517,648.1264991514238,972.775,648.0071428571429
4532,6353,775.6812040354517,648.1264991514238,969.9499999999999,642.6285714285714
4532,6354,775.6812040354517,648.1264991514238,967.125,637.25
4532,6355,775.6812040354517,648.1264991514238,964.3,631.8714285714285
4532,6356,775.6812040354517,648.1264991514238,961.475,626.4928571428571
4532,6357,775.6812040354517,648.1264991514238,958.65,621.1142857142856
4532,6358,775.6812040354517,648.1264991514238,955.8249999999999,615.7357142857143
4532,6359,775.6812040354517,648.1264991514238,953.0,610.3571428571429
4532,6360,775.6812040354517,648.1264991514238,950.175,604.9785714285714
4532,6361,775.6812040354517,648.1264991514238,947.3499999999999,599.5999999999999
4532,6362,775.6812040354517,648.1264991514238,944.525,594.2214285714285
4532,6363,775.6812040354517,648.1264991514238,941.6999999999999,588.8428571428572
4532,6364,775.6812040354517,648.1264991514238,938.875,583.4642857142857
4532,6365,775.6812040354517,648.1264991514238,936.05,578.0857142857143
4532,6366,775.6812040354517,648.1264991514238,933.2249999999999,572.7071428571428
4532,6367,775.6812040354517,648.1264991514238,930.4,567.3285714285714
4532,6368,775.6812040354517,648.1264991514238,927.5749999999999,561.9499999999999
4532,6369,775.6812040354517,648.1264991514238,924.75,556.5714285714286
4532,6370,775.6812040354517,648.1264991514238,921.925,551.1928571428571
4532,6371,775.6812040354517,648.1264991514238,919.0999999999999,545.8142857142857
4532,6372,775.6812040354517,648.1264991514238,916.275,540.4357142857143
4532,6373,775.6812040354517,648.1264991514238,913.4499999999999,535.0571428571428
4532,6374,775.6812040354517,648.1264991514238,910.625,529.6785714285713
4532,6375,775.6812040354517,648.1264991514238,907.8,524.3
4532,6376,775.6812040354517,648.1264991514238,907.8,524.3
4532,6377,658.6812040354517,671.1264991514238,907.8,524.3
4532,6378,658.6812040354517,671.1264991514238,907.8,524.3
4532,6379,658.6812040354517,671.1264991514238,907.8,524.3
4532,6380,658.6812040354517,671.1264991514238,907.8,524.3
4532,6381,658.6812040354517,671.1264991514238,907.8,524.3
4532,6382,658.6812040354517,671.1264991514238,907.8,524.3
4532,6383,658.6812040354517,671.1264991514238,907.8,524.3
4532,6384,658.6812040354517,671.1264991514238,907.8,524.3
4532,6385,658.6812040354517,671.1264991514238,907.8,524.3
4532,6386,658.6812040354517,671.1264991514238,907.8,524.3
4532,6387,658.6812040354517,671.1264991514238,907.8,524.3
4532,6388,658.6812040354517,671.1264991514238,907.8,524.3
4532,6389,658.6812040354517,671.1264991514238,907.8,524.3
4532,6390,658.6812040354517,671.1264991514238,907.8,524.3
4532,6391,658.6812040354517,671.1264991514238,907.8,524.3
4532,6392,658.6812040354517,671.1264991514238,907.8,524.3
4532,6393,658.6812040354517,671.1264991514238,907.8,524.3
4532,6394,658.6812040354517,671.1264991514238,907.8,524.3
4532,6395,658.6812040354517,671.1264991514238,907.8,524.3
4532,6396,658.6812040354517,671.1264991514238,907.8,524.3
4532,6397,658.6812040354517,671.1264991514238,907.8,524.3
4532,6398,658.6812040354517,671.1264991514238,907.8,524.3
4532,6399,658.6812040354517,671.1264991514238,907.8,524.3
4532,6400,658.6812040354517,671.1264991514238,907.8,524.3
4532,6401,658.6812040354517,671.1264991514238,907.8,524.3
4532,6402,658.6812040354517,671.1264991514238,907.8,524.3
4532,6403,658.6812040354517,671.1264991514238,907.8,524.3
4532,6404,658.6812040354517,671.1264991514238,907.8,524.3
4532,6405,658.6812040354517,671.1264991514238,907.8,524.3
4532,6406,658.6812040354517,671.1264991514238,907.8,524.3
4532,6407,658.6812040354517,671.1264991514238,907.8,524.3
4532,6408,658.6812040354517,671.1264991514238,907.8,524.3
4532,6409,658.6812040354517,671.1264991514238,907.8,524.3
4532,6410,658.6812040354517,671.1264991514238,907.8,524.3
4532,6411,658.6812040354517,671.1264991514238,907.8,524.3
4532,6412,658.6812040354517,671.1264991514238,907.8,524.3
4532,6413,658.6812040354517,671.1264991514238,907.8,524.3
4532,6414,658.6812040354517,671.1264991514238,907.8,524.3
4532,6415,658.6812040354517,671.1264991514238,907.8,524.3
4532,6416,658.6812040354517,671.1264991514238,907.8,524.3
4532,6417,658.6812040354517,671.1264991514238,907.8,524.3
4532,6418,658.6812040354517,671.1264991514238,907.8,524.3
4532,6419,658.6812040354517,671.1264991514238,907.8,524.3
4532,6420,658.6812040354517,671.1264991514238,907.8,524.3
4532,6421,658.6812040354517,671.1264991514238,907.8,524.3
4532,6422,658.6812040354517,671.1264991514238,907.8,524.3
4532,6423,658.6812040354517,671.1264991514238,907.8,524.3
4532,6424,658.6812040354517,671.1264991514238,907.8,524.3
4532,6425,658.6812040354517,671.1264991514238,907.8,524.3
4532,6426,658.6812040354517,671.1264991514238,907.8,524.3
4532,6427,658.6812040354517,671.1264991514238,907.8,524.3
4532,6428,658.6812040354517,671.1264991514238,907.8,524.3
4532,6429,658.6812040354517,671.1264991514238,907.8,524.3
4532,6430,658.6812040354517,671.1264991514238,907.8,524.3
4532,6431,658.6812040354517,671.1264991514238,907.8,524.3
4532,6432,658.6812040354517,671.1264991514238,907.8,524.3
4532,6433,658.6812040354517,671.1264991514238,907.8,524.3
4532,6434,658.6812040354517,671.1264991514238,907.8,524.3
4532,6435,658.6812040354517,671.1264991514238,907.8,524.3
4532,6436,658.6812040354517,671.1264991514238,907.8,524.3
4532,6437,658.6812040354517,671.1264991514238,907.8,524.3
4532,6438,658.6812040354517,671.1264991514238,907.8,524.3
4532,6439,658.6812040354517,671.1264991514238,907.8,524.3
4532,6440,658.6812040354517,671.1264991514238,907.8,524.3
4532,6441,658.6812040354517,671.1264991514238,907.8,524.3
4532,6442,658.6812040354517,671.1264991514238,907.8,524.3
4532,6443,658.6812040354517,671.1264991514238,907.8,524.3
4532,6444,610.6812040354517,657.1264991514238,907.8,524.3
4532,6445,610.6812040354517,657.1264991514238,907.8,524.3
4532,6446,610.6812040354517,657.1264991514238,907.8,524.3
4532,6447,610.6812040354517,657.1264991514238,907.8,524.3
4532,6448,610.6812040354517,657.1264991514238,907.8,524.3
4532,6449,610.6812040354517,657.1264991514238,907.8,524.3
4532,6450,610.6812040354517,657.1264991514238,907.8,524.3
4532,6451,610.6812040354517,657.1264991514238,907.8,524.3
4532,6452,610.6812040354517,657.1264991514238,907.8,524.3
4532,6453,610.6812040354517,657.1264991514238,907.8,524.3
4532,6454,610.6812040354517,657.1264991514238,907.8,524.3
4532,6455,610.6812040354517,657.1264991514238,907.8,524.3
4532,6456,610.6812040354517,657.1264991514238,907.8,524.3
4532,6457,610.6812040354517,657.1264991514238,907.8,524.3
4532,6458,610.6812040354517,657.1264991514238,907.8,524.3
4532,6459,610.6812040354517,657.1264991514238,907.8,524.3
4532,6460,610.6812040354517,657.1264991514238,907.8,524.3
4532,6461,610.6812040354517,657.1264991514238,907.8,524.3
4532,6462,610.6812040354517,657.1264991514238,907.8,524.3
4532,6463,610.6812040354517,657.1264991514238,907.8,524.3
4532,6464,610.6812040354517,657.1264991514238,907.8,524.3
4532,6465,610.6812040354517,657.1264991514238,907.8,524.3
4532,6466,610.6812040354517,657.1264991514238,907.8,524.3
4532,6467,610.6812040354517,657.1264991514238,907.8,524.3
4532,6468,610.6812040354517,657.1264991514238,907.8,524.3
4532,6469,610.6812040354517,657.1264991514238,907.8,524.3
4532,6470,610.6812040354517,657.1264991514238,907.8,524.3
4532,6471,610.6812040354517,657.1264991514238,907.8,524.3
4532,6472,610.6812040354517,657.1264991514238,907.8,524.3
4532,6473,610.6812040354517,657.1264991514238,907.8,524.3
4532,6474,610.6812040354517,657.1264991514238,907.8,524.3
4532,6475,610.6812040354517,657.1264991514238,907.8,524.3
4532,6476,610.6812040354517,657.1264991514238,907.8,524.3
4532,6477,562.6812040354517,644.1264991514238,907.8,524.3
4532,6478,562.6812040354517,644.1264991514238,907.8,524.3
4532,6479,562.6812040354517,644.1264991514238,907.8,524.3
4532,6480,562.6812040354517,644.1264991514238,907.8,524.3
4532,6481,562.6812040354517,644.1264991514238,907.8,524.3
4532,6482,562.6812040354517,644.1264991514238,907.8,524.3
4532,6483,562.6812040354517,644.1264991514238,907.8,524.3
4532,6484,562.6812040354517,644.1264991514238,907.8,524.3
4532,6485,562.6812040354517,644.1264991514238,907.8,524.3
4532,6486,562.6812040354517,644.1264991514238,907.8,524.3
4532,6487,562.6812040354517,644.1264991514238,907.8,524.3
4532,6488,562.6812040354517,644.1264991514238,907.8,524.3
4532,6489,562.6812040354517,644.1264991514238,907.8,524.3
4532,6490,562.6812040354517,644.1264991514238,907.8,524.3
4532,6491,562.6812040354517,644.1264991514238,907.8,524.3
4532,6492,562.6812040354517,644.1264991514238,907.8,524.3
4532,6493,562.6812040354517,644.1264991514238,907.8,524.3
4532,6494,562.6812040354517,644.1264991514238,907.8,524.3
4532,6495,562.6812040354517,644.1264991514238,907.8,524.3
4532,6496,562.6812040354517,644.1264991514238,907.8,524.3
4532,6497,562.6812040354517,644.1264991514238,907.8,524.3
4532,6498,562.6812040354517,644.1264991514238,907.8,524.3
4532,6499,562.6812040354517,644.1264991514238,907.8,524.3
4532,6500,562.6812040354517,644.1264991514238,907.8,524.3
4532,6501,562.6812040354517,644.1264991514238,907.8,524.3
4532,6502,562.6812040354517,644.1264991514238,907.8,524.3
4532,6503,562.6812040354517,644.1264991514238,907.8,524.3
4532,6504,562.6812040354517,644.1264991514238,907.8,524.3
4532,6505,562.6812040354517,644.1264991514238,907.8,524.3
4532,6506,562.6812040354517,644.1264991514238,907.8,524.3
4532,6507,562.6812040354517,644.1264991514238,907.8,524.3
4532,6508,562.6812040354517,644.1264991514238,907.8,524.3
4532,6509,562.6812040354517,644.1264991514238,907.8,524.3
4532,6510,562.6812040354517,644.1264991514238,907.8,524.3
4532,6511,562.6812040354517,644.1264991514238,907.8,524.3
4532,6512,562.6812040354517,644.1264991514238,907.8,524.3
4532,6513,562.6812040354517,644.1264991514238,907.8,524.3
4532,6514,562.6812040354517,644.1264991514238,907.8,524.3
4532,6515,562.6812040354517,644.1264991514238,907.8,524.3
4532,6516,562.6812040354517,644.1264991514238,907.8,524.3
4532,6517,562.6812040354517,644.1264991514238,907.8,524.3
4532,6518,562.6812040354517,644.1264991514238,907.8,524.3
4532,6519,562.6812040354517,644.1264991514238,907.8,524.3
4532,6520,562.6812040354517,644.1264991514238,907.8,524.3
4532,6521,562.6812040354517,644.1264991514238,907.8,524.3
4532,6522,562.6812040354517,644.1264991514238,907.8,524.3
4532,6523,562.6812040354517,644.1264991514238,907.8,524.3
4532,6524,562.6812040354517,644.1264991514238,907.8,524.3
4532,6525,562.6812040354517,644.1264991514238,907.8,524.3
4532,6526,562.6812040354517,644.1264991514238,907.8,524.3
4532,6527,562.6812040354517,644.1264991514238,907.8,524.3
4532,6528,562.6812040354517,644.1264991514238,907.8,524.3
4532,6529,562.6812040354517,644.1264991514238,907.8,524.3
4532,6530,562.6812040354517,644.1264991514238,907.8,524.3
4532,6531,562.6812040354517,644.1264991514238,907.8,524.3
4532,6532,562.6812040354517,644.1264991514238,907.8,524.3
4532,6533,562.6812040354517,644.1264991514238,907.8,524.3
4532,6534,562.6812040354517,644.1264991514238,907.8,524.3
4532,6535,562.6812040354517,644.1264991514238,907.8,524.3
4533,6536,562.6812040354517,644.1264991514238,907.8,524.3
4534,6537,562.6812040354517,644.1264991514238,907.8,524.3
4535,6538,562.6812040354517,644.1264991514238,907.8,524.3
4536,6539,562.6812040354517,644.1264991514238,907.8,524.3
4537,6540,562.6812040354517,644.1264991514238,907.8,524.3
4538,6541,562.6812040354517,644.1264991514238,907.8,524.3
4539,6542,562.6812040354517,644.1264991514238,907.8,524.3
4540,6543,562.6812040354517,644.1264991514238,907.8,524.3
4541,6544,562.6812040354517,644.1264991514238,907.8,524.3
4542,6545,562.6812040354517,644.1264991514238,907.8,524.3
4543,6546,562.6812040354517,644.1264991514238,907.8,524.3
4544,6547,562.6812040354517,644.1264991514238,907.8,524.3
4545,6548,562.6812040354517,644.1264991514238,907.8,524.3
4546,6549,562.6812040354517,644.1264991514238,907.8,524.3
4547,6550,562.6812040354517,644.1264991514238,907.8,524.3
4548,6551,562.6812040354517,644.1264991514238,907.8,524.3
4549,6552,562.6812040354517,644.1264991514238,907.8,524.3
4550,6553,562.6812040354517,644.1264991514238,907.8,524.3
4551,6554,562.6812040354517,644.1264991514238,907.8,524.3
4552,6555,562.6812040354517,644.1264991514238,907.8,524.3
4553,6556,562.6812040354517,644.1264991514238,907.8,524.3
4554,6557,562.6812040354517,644.1264991514238,907.8,524.3
4555,6558,562.6812040354517,644.1264991514238,907.8,524.3
4556,6559,562.6812040354517,644.1264991514238,907.8,524.3
4557,6560,562.6812040354517,644.1264991514238,907.8,524.3
4558,6561,562.6812040354517,644.1264991514238,907.8,524.3
4559,6562,562.6812040354517,644.1264991514238,907.8,524.3
4560,6563,562.6812040354517,644.1264991514238,907.8,524.3
4561,6564,562.6812040354517,644.1264991514238,907.8,524.3
4562,6565,562.6812040354517,644.1264991514238,907.8,524.3
4563,6566,562.6812040354517,644.1264991514238,907.8,524.3
4564,6567,562.6812040354517,644.1264991514238,907.8,524.3
4565,6568,562.6812040354517,644.1264991514238,907.8,524.3
4565,6569,562.6812040354517,644.1264991514238,907.8,524.3
4565,6570,562.6812040354517,644.1264991514238,907.8,524.3
4565,6571,562.6812040354517,644.1264991514238,907.8,524.3
4565,6572,562.6812040354517,644.1264991514238,907.8,524.3
4565,6573,562.6812040354517,644.1264991514238,907.8,524.3
4565,6574,562.6812040354517,644.1264991514238,907.8,524.3
4565,6575,562.6812040354517,644.1264991514238,907.8,524.3
4565,6576,562.6812040354517,644.1264991514238,907.8,524.3
4565,6577,562.6812040354517,644.1264991514238,907.8,524.3
4565,6578,562.6812040354517,644.1264991514238,907.8,524.3
4565,6579,562.6812040354517,644.1264991514238,907.8,524.3
4565,6580,562.6812040354517,644.1264991514238,907.8,524.3
4565,6581,562.6812040354517,644.1264991514238,907.8,524.3
4565,6582,562.6812040354517,644.1264991514238,907.8,524.3
4565,6583,562.6812040354517,644.1264991514238,907.8,524.3
4565,6584,562.6812040354517,644.1264991514238,907.8,524.3
4565,6585,562.6812040354517,644.1264991514238,907.8,524.3
4565,6586,562.6812040354517,644.1264991514238,907.8,524.3
4565,6587,562.6812040354517,644.1264991514238,907.8,524.3
4565,6588,562.6812040354517,644.1264991514238,907.8,524.3
4565,6589,562.6812040354517,644.1264991514238,907.8,524.3
4565,6590,562.6812040354517,644.1264991514238,907.8,524.3
4565,6591,562.6812040354517,644.1264991514238,907.8,524.3
4565,6592,562.6812040354517,644.1264991514238,907.8,524.3
4565,6593,562.6812040354517,644.1264991514238,907.8,524.3
4565,6594,562.6812040354517,644.1264991514238,907.8,524.3
4565,6595,562.6812040354517,644.1264991514238,907.8,524.3
4565,6596,562.6812040354517,644.1264991514238,907.8,524.3
4565,6597,562.6812040354517,644.1264991514238,907.8,524.3
4565,6598,562.6812040354517,644.1264991514238,907.8,524.3
4565,6599,562.6812040354517,644.1264991514238,907.8,524.3
4565,6600,562.6812040354517,644.1264991514238,907.8,524.3
4565,6601,562.6812040354517,644.1264991514238,907.8,524.3
4565,6602,562.6812040354517,644.1264991514238,907.8,524.3
4565,6603,562.6812040354517,644.1264991514238,907.8,524.3
4565,6604,562.6812040354517,644.1264991514238,907.8,524.3
4565,6605,562.6812040354517,644.1264991514238,907.8,524.3
4565,6606,562.6812040354517,644.1264991514238,907.8,524.3
4565,6607,562.6812040354517,644.1264991514238,907.8,524.3
4565,6608,562.6812040354517,644.1264991514238,907.8,524.3
4565,6609,562.6812040354517,644.1264991514238,907.8,524.3
4565,6610,1190.6812040354516,646.1264991514238,907.8,524.3
4565,6611,1190.6812040354516,646.1264991514238,907.8,524.3
4565,6612,1190.6812040354516,646.1264991514238,907.8,524.3
4565,6613,1190.6812040354516,646.1264991514238,907.8,524.3
4565,6614,1190.6812040354516,646.1264991514238,907.8,524.3
4565,6615,1190.6812040354516,646.1264991514238,907.8,524.3
4565,6616,1190.6812040354516,646.1264991514238,907.8,524.3
4565,6617,1190.6812040354516,646.1264991514238,907.8,524.3
4565,6618,1190.6812040354516,646.1264991514238,907.8,524.3
4565,6619,1190.6812040354516,646.1264991514238,907.8,524.3
4565,6620,1190.6812040354516,646.1264991514238,907.8,524.3
4565,6621,1190.6812040354516,646.1264991514238,911.5888888888888,528.8074074074074
4565,6622,1190.6812040354516,646.1264991514238,915.3777777777777,533.3148148148148
4565,6623,1190.6812040354516,646.1264991514238,919.1666666666666,537.8222222222222
4565,6624,1190.6812040354516,646.1264991514238,922.9555555555555,542.3296296296296
4565,6625,1190.6812040354516,646.1264991514238,926.7444444444444,546.837037037037
4565,6626,1190.6812040354516,646.1264991514238,930.5333333333333,551.3444444444444
4565,6627,1190.6812040354516,646.1264991514238,934.3222222222222,555.8518518518518
4565,6628,1190.6812040354516,646.1264991514238,938.1111111111111,560.3592592592593
4565,6629,1190.6812040354516,646.1264991514238,941.9,564.8666666666667
4565,6630,1190.6812040354516,646.1264991514238,945.6888888888889,569.3740740740741
4565,6631,1190.6812040354516,646.1264991514238,949.4777777777778,573.8814814814815
4565,6632,1190.6812040354516,646.1264991514238,953.2666666666667,578.3888888888889
4565,6633,1190.6812040354516,646.1264991514238,957.0555555555555,582.8962962962962
4565,6634,1190.6812040354516,646.1264991514238,960.8444444444444,587.4037037037036
4565,6635,1190.6812040354516,646.1264991514238,964.6333333333333,591.911111111111
4565,6636,1190.6812040354516,646.1264991514238,968.4222222222222,596.4185185185185
4565,6637,1190.6812040354516,646.1264991514238,972.2111111111111,600.9259259259259
4565,6638,1190.6812040354516,646.1264991514238,976.0,605.4333333333333
4565,6639,1190.6812040354516,646.1264991514238,979.7888888888889,609.9407407407407
4565,6640,1190.6812040354516,646.1264991514238,983.5777777777778,614.4481481481481
4565,6641,1190.6812040354516,646.1264991514238,987.3666666666667,618.9555555555555
4565,6642,1190.6812040354516,646.1264991514238,991.1555555555556,623.4629629629629
4565,6643,1190.6812040354516,646.1264991514238,994.9444444444445,627.9703703703703
4565,6644,1190.6812040354516,646.1264991514238,998.7333333333333,632.4777777777778
4565,6645,1190.6812040354516,646.1264991514238,1002.5222222222222,636.9851851851852
4565,6646,1190.6812040354516,646.1264991514238,1006.3111111111111,641.4925925925926
4565,6647,1190.6812040354516,646.1264991514238,1010.1,646.0
4565,6648,1190.6812040354516,646.1264991514238,1010.1,646.0
4565,6649,1190.6812040354516,646.1264991514238,1010.1,646.0
4565,6650,1190.6812040354516,646.1264991514238,1010.1,646.0
4565,6651,1190.6812040354516,646.1264991514238,1010.1,646.0
4565,6652,1190.6812040354516,646.1264991514238,1010.1,646.0
4565,6653,1190.6812040354516,646.1264991514238,1010.1,646.0
4565,6654,1190.6812040354516,646.1264991514238,1010.1,646.0
4565,6655,1190.6812040354516,646.1264991514238,1010.1,646.0
4565,6656,1190.6812040354516,646.1264991514238,1010.1,646.0
4565,6657,1190.6812040354516,646.1264991514238,1010.1,646.0
4565,6658,1190.6812040354516,646.1264991514238,1010.1,646.0
4565,6659,1190.6812040354516,646.1264991514238,1010.1,646.0
4565,6660,1190.6812040354516,646.1264991514238,1010.1,646.0
4565,6661,1190.6812040354516,646.1264991514238,1010.1,646.0
4565,6662,1190.6812040354516,646.1264991514238,1010.1,646.0
4565,6663,1190.6812040354516,646.1264991514238,1010.1,646.0
4565,6664,1190.6812040354516,646.1264991514238,1010.1,646.0
4565,6665,1190.6812040354516,646.1264991514238,1010.1,646.0
4565,6666,1190.6812040354516,646.1264991514238,1010.1,646.0
4565,6667,1190.6812040354516,646.1264991514238,1010.1,646.0
4565,6668,1190.6812040354516,646.1264991514238,1010.1,646.0
4565,6669,1190.6812040354516,646.1264991514238,1010.1,646.0
4565,6670,1190.6812040354516,646.1264991514238,1010.1,646.0
4565,6671,1190.6812040354516,646.1264991514238,1010.1,646.0
4565,6672,1190.6812040354516,646.1264991514238,1010.1,646.0
4565,6673,1190.6812040354516,646.1264991514238,1010.1,646.0
4565,6674,1190.6812040354516,646.1264991514238,1010.1,646.0
4565,6675,1190.6812040354516,646.1264991514238,1010.1,646.0
4565,6676,1190.6812040354516,646.1264991514238,1010.1,646.0
4565,6677,1190.6812040354516,646.1264991514238,1010.1,646.0
4565,6678,1190.6812040354516,646.1264991514238,1010.1,646.0
4565,6679,1190.6812040354516,646.1264991514238,1010.1,646.0
4565,6680,1190.6812040354516,646.1264991514238,1010.1,646.0
4565,6681,1190.6812040354516,646.1264991514238,1010.1,646.0
4565,6682,1190.6812040354516,646.1264991514238,1010.1,646.0
4565,6683,1190.6812040354516,646.1264991514238,1010.1,646.0
4565,6684,1190.6812040354516,646.1264991514238,1010.1,646.0
4565,6685,1190.6812040354516,646.1264991514238,1010.1,646.0
4565,6686,1190.6812040354516,646.1264991514238,1010.1,646.0
4565,6687,1190.6812040354516,646.1264991514238,1010.1,646.0
4565,6688,1190.6812040354516,646.1264991514238,1010.1,646.0
4565,6689,1190.6812040354516,646.1264991514238,1010.1,646.0
4565,6690,1190.6812040354516,646.1264991514238,1010.1,646.0
4565,6691,1190.6812040354516,646.1264991514238,1010.1,646.0
4565,6692,1190.6812040354516,646.1264991514238,1010.1,646.0
4565,6693,1190.6812040354516,646.1264991514238,1010.1,646.0
4565,6694,1190.6812040354516,646.1264991514238,1010.1,646.0
4565,6695,1190.6812040354516,646.1264991514238,1010.1,646.0
4565,6696,1190.6812040354516,646.1264991514238,1010.1,646.0
4565,6697,1190.6812040354516,646.1264991514238,1010.1,646.0
4565,6698,1190.6812040354516,646.1264991514238,1010.1,646.0
4565,6699,1190.6812040354516,646.1264991514238,1010.1,646.0
4565,6700,1190.6812040354516,646.1264991514238,1010.1,646.0
4565,6701,1190.6812040354516,646.1264991514238,1010.1,646.0
4565,6702,1190.6812040354516,646.1264991514238,1010.1,646.0
4565,6703,1190.6812040354516,646.1264991514238,1010.1,646.0
4565,6704,1190.6812040354516,646.1264991514238,1010.1,646.0
4565,6705,1190.6812040354516,646.1264991514238,1010.1,646.0
4565,6706,1190.6812040354516,646.1264991514238,1010.1,646.0
4565,6707,1190.6812040354516,646.1264991514238,1010.1,646.0
4565,6708,1190.6812040354516,646.1264991514238,1010.1,646.0
4565,6709,1190.6812040354516,646.1264991514238,1010.1,646.0
4566,6710,1190.6812040354516,646.1264991514238,1010.1,646.0
4567,6711,1190.6812040354516,646.1264991514238,1010.1,646.0
4568,6712,1190.6812040354516,646.1264991514238,1010.1,646.0
4569,6713,1190.6812040354516,646.1264991514238,1010.1,646.0
4570,6714,1190.6812040354516,646.1264991514238,1010.1,646.0
4571,6715,1190.6812040354516,646.1264991514238,1010.1,646.0
4572,6716,1190.6812040354516,646.1264991514238,1010.1,646.0
4573,6717,1190.6812040354516,646.1264991514238,1010.1,646.0
4574,6718,1190.6812040354516,646.1264991514238,1010.1,646.0
4575,6719,1190.6812040354516,646.1264991514238,1010.1,646.0
4576,6720,1190.6812040354516,646.1264991514238,1010.1,646.0
4577,6721,1190.6812040354516,646.1264991514238,1010.1,646.0
4578,6722,1190.6812040354516,646.1264991514238,1010.1,646.0
4579,6723,1190.6812040354516,646.1264991514238,1010.1,646.0
4580,6724,1190.6812040354516,646.1264991514238,1010.1,646.0
4581,6725,1190.6812040354516,646.1264991514238,1010.1,646.0
4582,6726,1190.6812040354516,646.1264991514238,1010.1,646.0
4583,6727,1190.6812040354516,646.1264991514238,1010.1,646.0
4584,6728,1190.6812040354516,646.1264991514238,1010.1,646.0
4585,6729,1190.6812040354516,646.1264991514238,1010.1,646.0
4586,6730,1190.6812040354516,646.1264991514238,1010.1,646.0
4587,6731,1190.6812040354516,646.1264991514238,1010.1,646.0
4588,6732,1190.6812040354516,646.1264991514238,1010.1,646.0
4589,6733,1190.6812040354516,646.1264991514238,1010.1,646.0
4590,6734,1190.6812040354516,646.1264991514238,1010.1,646.0
4591,6735,1190.6812040354516,646.1264991514238,1010.1,646.0
4592,6736,1190.6812040354516,646.1264991514238,1010.1,646.0
4593,6737,1190.6812040354516,646.1264991514238,1010.1,646.0
4594,6738,1190.6812040354516,646.1264991514238,1010.1,646.0
4595,6739,1190.6812040354516,646.1264991514238,1010.1,646.0
4596,6740,1190.6812040354516,646.1264991514238,1010.1,646.0
4597,6741,1190.6812040354516,646.1264991514238,1010.1,646.0
4598,6742,1190.6812040354516,646.1264991514238,1010.1,646.0
4599,6743,1190.6812040354516,646.1264991514238,1010.1,646.0
4600,6744,1190.6812040354516,646.1264991514238,1010.1,646.0
4601,6745,1190.6812040354516,646.1264991514238,1010.1,646.0
4602,6746,1190.6812040354516,646.1264991514238,1010.1,646.0
4603,6747,1190.6812040354516,646.1264991514238,1010.1,646.0
4604,6748,1190.6812040354516,646.1264991514238,1010.1,646.0
4605,6749,1190.6812040354516,646.1264991514238,1010.1,646.0
4606,6750,1190.6812040354516,646.1264991514238,1010.1,646.0
4607,6751,1190.6812040354516,646.1264991514238,1010.1,646.0
4608,6752,1190.6812040354516,646.1264991514238,1010.1,646.0
4609,6753,1190.6812040354516,646.1264991514238,1010.1,646.0
4610,6754,1190.6812040354516,646.1264991514238,1010.1,646.0
4611,6755,1190.6812040354516,646.1264991514238,1010.1,646.0
4612,6756,1190.6812040354516,646.1264991514238,1010.1,646.0
4613,6757,1190.6812040354516,646.1264991514238,1010.1,646.0
4614,6758,1190.6812040354516,646.1264991514238,1010.1,646.0
4615,6759,1190.6812040354516,646.1264991514238,1010.1,646.0
4616,6760,1190.6812040354516,646.1264991514238,1010.1,646.0
4617,6761,1190.6812040354516,646.1264991514238,1010.1,646.0
4618,6762,1190.6812040354516,646.1264991514238,1010.1,646.0
4619,6763,1190.6812040354516,646.1264991514238,1010.1,646.0
4620,6764,1190.6812040354516,646.1264991514238,1010.1,646.0
4621,6765,1190.6812040354516,646.1264991514238,1010.1,646.0
4622,6766,1190.6812040354516,646.1264991514238,1010.1,646.0
4623,6767,1190.6812040354516,646.1264991514238,1010.1,646.0
4624,6768,1190.6812040354516,646.1264991514238,1010.1,646.0
4625,6769,1190.6812040354516,646.1264991514238,1010.1,646.0
4626,6770,1190.6812040354516,646.1264991514238,1010.1,646.0
4627,6771,1190.6812040354516,646.1264991514238,1010.1,646.0
4628,6772,1190.6812040354516,646.1264991514238,1010.1,646.0
4629,6773,1190.6812040354516,646.1264991514238,1010.1,646.0
4630,6774,1190.6812040354516,646.1264991514238,1010.1,646.0
4631,6775,1190.6812040354516,646.1264991514238,1010.1,646.0
4632,6776,1190.6812040354516,646.1264991514238,1010.1,646.0
4633,6777,974.6812040354517,620.1264991514238,1010.1,646.0
4634,6778,974.6812040354517,620.1264991514238,1010.1,646.0
4635,6779,974.6812040354517,620.1264991514238,1010.1,646.0
4636,6780,974.6812040354517,620.1264991514238,1010.1,646.0
4637,6781,974.6812040354517,620.1264991514238,1010.1,646.0
4638,6782,974.6812040354517,620.1264991514238,1010.1,646.0
4639,6783,974.6812040354517,620.1264991514238,1010.1,646.0
4640,6784,974.6812040354517,620.1264991514238,1010.1,646.0
4641,6785,974.6812040354517,620.1264991514238,1010.1,646.0
4642,6786,974.6812040354517,620.1264991514238,1010.1,646.0
4643,6787,974.6812040354517,620.1264991514238,1010.1,646.0
4644,6788,974.6812040354517,620.1264991514238,1010.1,646.0
4645,6789,974.6812040354517,620.1264991514238,1010.1,646.0
4646,6790,974.6812040354517,620.1264991514238,1010.1,646.0
4647,6791,974.6812040354517,620.1264991514238,1010.1,646.0
4648,6792,974.6812040354517,620.1264991514238,1010.1,646.0
4649,6793,974.6812040354517,620.1264991514238,1010.1,646.0
4650,6794,974.6812040354517,620.1264991514238,1010.1,646.0
4651,6795,974.6812040354517,620.1264991514238,1010.1,646.0
4652,6796,974.6812040354517,620.1264991514238,1010.1,646.0
4653,6797,974.6812040354517,620.1264991514238,1010.1,646.0
4654,6798,974.6812040354517,620.1264991514238,1010.1,646.0
4655,6799,974.6812040354517,620.1264991514238,1010.1,646.0
4656,6800,974.6812040354517,620.1264991514238,1010.1,646.0
4657,6801,974.6812040354517,620.1264991514238,1010.1,646.0
4658,6802,974.6812040354517,620.1264991514238,1010.1,646.0
4659,6803,974.6812040354517,620.1264991514238,1010.1,646.0
4660,6804,974.6812040354517,620.1264991514238,1010.1,646.0
4661,6805,974.6812040354517,620.1264991514238,1010.1,646.0
4662,6806,974.6812040354517,620.1264991514238,1010.1,646.0
4663,6807,974.6812040354517,620.1264991514238,1010.1,646.0
4664,6808,974.6812040354517,620.1264991514238,1010.1,646.0
4665,6809,974.6812040354517,620.1264991514238,1010.1,646.0
4666,6810,974.6812040354517,620.1264991514238,1010.1,646.0
4667,6811,758.6812040354517,595.1264991514238,1010.1,646.0
4668,6812,758.6812040354517,595.1264991514238,1010.1,646.0
4669,6813,758.6812040354517,595.1264991514238,1010.1,646.0
4670,6814,758.6812040354517,595.1264991514238,1010.1,646.0
4671,6815,758.6812040354517,595.1264991514238,1010.1,646.0
4672,6816,758.6812040354517,595.1264991514238,1010.1,646.0
4673,6817,758.6812040354517,595.1264991514238,1010.1,646.0
4674,6818,758.6812040354517,595.1264991514238,1010.1,646.0
4675,6819,758.6812040354517,595.1264991514238,1010.1,646.0
4676,6820,758.6812040354517,595.1264991514238,1010.1,646.0
4677,6821,758.6812040354517,595.1264991514238,1010.1,646.0
4678,6822,758.6812040354517,595.1264991514238,1010.1,646.0
4679,6823,758.6812040354517,595.1264991514238,1010.1,646.0
4680,6824,758.6812040354517,595.1264991514238,1010.1,646.0
4681,6825,758.6812040354517,595.1264991514238,1010.1,646.0
4682,6826,758.6812040354517,595.1264991514238,1010.1,646.0
4683,6827,758.6812040354517,595.1264991514238,1010.1,646.0
4684,6828,758.6812040354517,595.1264991514238,1010.1,646.0
4685,6829,758.6812040354517,595.1264991514238,1010.1,646.0
4686,6830,758.6812040354517,595.1264991514238,1010.1,646.0
4687,6831,758.6812040354517,595.1264991514238,1010.1,646.0
4688,6832,758.6812040354517,595.1264991514238,1010.1,646.0
4689,6833,758.6812040354517,595.1264991514238,1010.1,646.0
4690,6834,758.6812040354517,595.1264991514238,1010.1,646.0
4691,6835,758.6812040354517,595.1264991514238,1010.1,646.0
4692,6836,758.6812040354517,595.1264991514238,1010.1,646.0
4693,6837,758.6812040354517,595.1264991514238,1010.1,646.0
4694,6838,758.6812040354517,595.1264991514238,1010.1,646.0
4695,6839,758.6812040354517,595.1264991514238,1010.1,646.0
4696,6840,758.6812040354517,595.1264991514238,1010.1,646.0
4697,6841,758.6812040354517,595.1264991514238,1010.1,646.0
4698,6842,758.6812040354517,595.1264991514238,1010.1,646.0
4699,6843,758.6812040354517,595.1264991514238,1010.1,646.0
4700,6844,758.6812040354517,595.1264991514238,1010.1,646.0
4701,6845,758.6812040354517,595.1264991514238,1010.1,646.0
4702,6846,758.6812040354517,595.1264991514238,1010.1,646.0
4703,6847,758.6812040354517,595.1264991514238,1010.1,646.0
4704,6848,758.6812040354517,595.1264991514238,1010.1,646.0
4705,6849,758.6812040354517,595.1264991514238,1010.1,646.0
4706,6850,758.6812040354517,595.1264991514238,1010.1,646.0
4707,6851,758.6812040354517,595.1264991514238,1010.1,646.0
4708,6852,758.6812040354517,595.1264991514238,1010.1,646.0
4709,6853,758.6812040354517,595.1264991514238,1010.1,646.0
4710,6854,758.6812040354517,595.1264991514238,1010.1,646.0
4711,6855,758.6812040354517,595.1264991514238,1010.1,646.0
4712,6856,758.6812040354517,595.1264991514238,1010.1,646.0
4713,6857,758.6812040354517,595.1264991514238,1010.1,646.0
4714,6858,758.6812040354517,595.1264991514238,1010.1,646.0
4715,6859,758.6812040354517,595.1264991514238,1010.1,646.0
4716,6860,758.6812040354517,595.1264991514238,1010.1,646.0
4717,6861,758.6812040354517,595.1264991514238,1010.1,646.0
4718,6862,758.6812040354517,595.1264991514238,1010.1,646.0
4719,6863,758.6812040354517,595.1264991514238,1010.1,646.0
4720,6864,758.6812040354517,595.1264991514238,1010.1,646.0
4721,6865,758.6812040354517,595.1264991514238,1010.1,646.0
4722,6866,758.6812040354517,595.1264991514238,1010.1,646.0
4723,6867,758.6812040354517,595.1264991514238,1010.1,646.0
4724,6868,758.6812040354517,595.1264991514238,1010.1,646.0
4725,6869,758.6812040354517,595.1264991514238,1010.1,646.0
4726,6870,758.6812040354517,595.1264991514238,1010.1,646.0
4727,6871,758.6812040354517,595.1264991514238,1010.1,646.0
4728,6872,758.6812040354517,595.1264991514238,1010.1,646.0
4729,6873,758.6812040354517,595.1264991514238,1010.1,646.0
4730,6874,758.6812040354517,595.1264991514238,1010.1,646.0
4731,6875,758.6812040354517,595.1264991514238,1010.1,646.0
4732,6876,758.6812040354517,595.1264991514238,1010.1,646.0
4733,6877,971.6812040354517,606.1264991514238,1010.1,646.0
4734,6878,971.6812040354517,606.1264991514238,1010.1,646.0
4735,6879,971.6812040354517,606.1264991514238,1010.1,646.0
4736,6880,971.6812040354517,606.1264991514238,1010.1,646.0
4737,6881,971.6812040354517,606.1264991514238,1010.1,646.0
4738,6882,971.6812040354517,606.1264991514238,1010.1,646.0
4739,6883,971.6812040354517,606.1264991514238,1010.1,646.0
4740,6884,971.6812040354517,606.1264991514238,1010.1,646.0
4741,6885,971.6812040354517,606.1264991514238,1010.1,646.0
4742,6886,971.6812040354517,606.1264991514238,1010.1,646.0
4743,6887,971.6812040354517,606.1264991514238,1010.1,646.0
4744,6888,971.6812040354517,606.1264991514238,1010.1,646.0
4745,6889,971.6812040354517,606.1264991514238,1010.1,646.0
4746,6890,971.6812040354517,606.1264991514238,1010.1,646.0
4747,6891,971.6812040354517,606.1264991514238,1010.1,646.0
4748,6892,971.6812040354517,606.1264991514238,1010.1,646.0
4749,6893,971.6812040354517,606.1264991514238,1010.1,646.0
4750,6894,971.6812040354517,606.1264991514238,1010.1,646.0
4751,6895,971.6812040354517,606.1264991514238,1010.1,646.0
4752,6896,971.6812040354517,606.1264991514238,1010.1,646.0
4753,6897,971.6812040354517,606.1264991514238,1010.1,646.0
4754,6898,971.6812040354517,606.1264991514238,1010.1,646.0
4755,6899,971.6812040354517,606.1264991514238,1010.1,646.0
4756,6900,971.6812040354517,606.1264991514238,1010.1,646.0
4757,6901,971.6812040354517,606.1264991514238,1010.1,646.0
4758,6902,971.6812040354517,606.1264991514238,1010.1,646.0
4759,6903,971.6812040354517,606.1264991514238,1010.1,646.0
4760,6904,971.6812040354517,606.1264991514238,1010.1,646.0
4761,6905,971.6812040354517,606.1264991514238,1010.1,646.0
4762,6906,971.6812040354517,606.1264991514238,1010.1,646.0
4763,6907,971.6812040354517,606.1264991514238,1010.1,646.0
4764,6908,971.6812040354517,606.1264991514238,1010.1,646.0
4765,6909,971.6812040354517,606.1264991514238,1010.1,646.0
4766,6910,971.6812040354517,606.1264991514238,1010.1,646.0
4767,6911,1184.6812040354516,617.1264991514238,1010.1,646.0
4768,6912,1184.6812040354516,617.1264991514238,1010.1,646.0
4769,6913,1184.6812040354516,617.1264991514238,1010.1,646.0
4770,6914,1184.6812040354516,617.1264991514238,1010.1,646.0
4771,6915,1184.6812040354516,617.1264991514238,1010.1,646.0
4772,6916,1184.6812040354516,617.1264991514238,1010.1,646.0
4773,6917,1184.6812040354516,617.1264991514238,1010.1,646.0
4774,6918,1184.6812040354516,617.1264991514238,1010.1,646.0
4775,6919,1184.6812040354516,617.1264991514238,1010.1,646.0
4776,6920,1184.6812040354516,617.1264991514238,1010.1,646.0
4777,6921,1184.6812040354516,617.1264991514238,1010.1,646.0
4778,6922,1184.6812040354516,617.1264991514238,1010.1,646.0
4779,6923,1184.6812040354516,617.1264991514238,1010.1,646.0
4780,6924,1184.6812040354516,617.1264991514238,1010.1,646.0
4781,6925,1184.6812040354516,617.1264991514238,1010.1,646.0
4782,6926,1184.6812040354516,617.1264991514238,1010.1,646.0
4783,6927,1184.6812040354516,617.1264991514238,1010.1,646.0
4784,6928,1184.6812040354516,617.1264991514238,1010.1,646.0
4785,6929,1184.6812040354516,617.1264991514238,1010.1,646.0
4786,6930,1184.6812040354516,617.1264991514238,1010.1,646.0
4787,6931,1184.6812040354516,617.1264991514238,1010.1,646.0
4788,6932,1184.6812040354516,617.1264991514238,1010.1,646.0
4789,6933,1184.6812040354516,617.1264991514238,1010.1,646.0
4790,6934,1184.6812040354516,617.1264991514238,1010.1,646.0
4791,6935,1184.6812040354516,617.1264991514238,1010.1,646.0
4792,6936,1184.6812040354516,617.1264991514238,1010.1,646.0
4793,6937,1184.6812040354516,617.1264991514238,1010.1,646.0
4794,6938,1184.6812040354516,617.1264991514238,1010.1,646.0
4795,6939,1184.6812040354516,617.1264991514238,1010.1,646.0
4796,6940,1184.6812040354516,617.1264991514238,1010.1,646.0
4797,6941,1184.6812040354516,617.1264991514238,1010.1,646.0
4798,6942,1184.6812040354516,617.1264991514238,1010.1,646.0
4799,6943,1184.6812040354516,617.1264991514238,1010.1,646.0
4800,6944,1184.6812040354516,617.1264991514238,1010.1,646.0
4801,6945,1184.6812040354516,617.1264991514238,1010.1,646.0
4802,6946,1184.6812040354516,617.1264991514238,1010.1,646.0
4803,6947,1184.6812040354516,617.1264991514238,1010.1,646.0
4804,6948,1184.6812040354516,617.1264991514238,1010.1,646.0
4805,6949,1184.6812040354516,617.1264991514238,1010.1,646.0
4806,6950,1184.6812040354516,617.1264991514238,1010.1,646.0
4807,6951,1184.6812040354516,617.1264991514238,1010.1,646.0
4808,6952,1184.6812040354516,617.1264991514238,1010.1,646.0
4809,6953,1184.6812040354516,617.1264991514238,1010.1,646.0
4810,6954,1184.6812040354516,617.1264991514238,1010.1,646.0
4811,6955,1184.6812040354516,617.1264991514238,1010.1,646.0
4812,6956,1184.6812040354516,617.1264991514238,1010.1,646.0
4813,6957,1184.6812040354516,617.1264991514238,1010.1,646.0
4814,6958,1184.6812040354516,617.1264991514238,1010.1,646.0
4815,6959,1184.6812040354516,617.1264991514238,1010.1,646.0
4816,6960,1184.6812040354516,617.1264991514238,1010.1,646.0
4817,6961,1184.6812040354516,617.1264991514238,1010.1,646.0
4818,6962,1184.6812040354516,617.1264991514238,1010.1,646.0
4819,6963,1184.6812040354516,617.1264991514238,1010.1,646.0
4820,6964,1184.6812040354516,617.1264991514238,1010.1,646.0
4821,6965,1184.6812040354516,617.1264991514238,1010.1,646.0
4822,6966,1184.6812040354516,617.1264991514238,1010.1,646.0
4823,6967,1184.6812040354516,617.1264991514238,1010.1,646.0
4824,6968,1184.6812040354516,617.1264991514238,1010.1,646.0
4825,6969,1184.6812040354516,617.1264991514238,1010.1,646.0
4826,6970,1184.6812040354516,617.1264991514238,1010.1,646.0
4827,6971,1184.6812040354516,617.1264991514238,1010.1,646.0
4828,6972,1184.6812040354516,617.1264991514238,1010.1,646.0
4829,6973,1184.6812040354516,617.1264991514238,1010.1,646.0
4830,6974,1184.6812040354516,617.1264991514238,1010.1,646.0
4831,6975,1184.6812040354516,617.1264991514238,1010.1,646.0
4832,6976,1184.6812040354516,617.1264991514238,1010.1,646.0
4833,6977,1184.6812040354516,617.1264991514238,1010.1,646.0
4834,6978,1184.6812040354516,617.1264991514238,1010.1,646.0
4835,6979,1184.6812040354516,617.1264991514238,1010.1,646.0
4836,6980,1184.6812040354516,617.1264991514238,1010.1,646.0
4837,6981,1184.6812040354516,617.1264991514238,1010.1,646.0
4838,6982,1184.6812040354516,617.1264991514238,1010.1,646.0
4839,6983,1184.6812040354516,617.1264991514238,1010.1,646.0
4840,6984,1184.6812040354516,617.1264991514238,1010.1,646.0
4841,6985,1184.6812040354516,617.1264991514238,1010.1,646.0
4842,6986,1184.6812040354516,617.1264991514238,1010.1,646.0
4843,6987,1184.6812040354516,617.1264991514238,1010.1,646.0
4844,6988,1184.6812040354516,617.1264991514238,1010.1,646.0
4845,6989,1184.6812040354516,617.1264991514238,1010.1,646.0
4846,6990,1184.6812040354516,617.1264991514238,1010.1,646.0
4847,6991,1184.6812040354516,617.1264991514238,1010.1,646.0
4848,6992,1184.6812040354516,617.1264991514238,1010.1,646.0
4849,6993,1184.6812040354516,617.1264991514238,1010.1,646.0
4850,6994,1184.6812040354516,617.1264991514238,1010.1,646.0
4851,6995,1184.6812040354516,617.1264991514238,1010.1,646.0
4852,6996,1184.6812040354516,617.1264991514238,1010.1,646.0
4853,6997,1184.6812040354516,617.1264991514238,1010.1,646.0
4854,6998,1184.6812040354516,617.1264991514238,1010.1,646.0
4855,6999,1184.6812040354516,617.1264991514238,1010.1,646.0
4856,7000,1184.6812040354516,617.1264991514238,1010.1,646.0
4857,7001,1184.6812040354516,617.1264991514238,1010.1,646.0
4858,7002,1184.6812040354516,617.1264991514238,1010.1,646.0
4859,7003,1184.6812040354516,617.1264991514238,1010.1,646.0
4860,7004,1184.6812040354516,617.1264991514238,1010.1,646.0
4861,7005,1184.6812040354516,617.1264991514238,1010.1,646.0
4862,7006,1184.6812040354516,617.1264991514238,1010.1,646.0
4863,7007,1184.6812040354516,617.1264991514238,1010.1,646.0
4864,7008,1184.6812040354516,617.1264991514238,1010.1,646.0
4865,7009,1184.6812040354516,617.1264991514238,1010.1,646.0
4866,7010,1078.6812040354516,517.1264991514238,1010.1,646.0
4867,7011,1078.6812040354516,517.1264991514238,1010.1,646.0
4868,7012,1078.6812040354516,517.1264991514238,1010.1,646.0
4869,7013,1078.6812040354516,517.1264991514238,1010.1,646.0
4870,7014,1078.6812040354516,517.1264991514238,1010.1,646.0
4871,7015,1078.6812040354516,517.1264991514238,1010.1,646.0
4872,7016,1078.6812040354516,517.1264991514238,1010.1,646.0
4873,7017,1078.6812040354516,517.1264991514238,1010.1,646.0
4874,7018,1078.6812040354516,517.1264991514238,1010.1,646.0
4875,7019,1078.6812040354516,517.1264991514238,1010.1,646.0
4876,7020,1078.6812040354516,517.1264991514238,1010.1,646.0
4877,7021,1078.6812040354516,517.1264991514238,1010.1,646.0
4878,7022,1078.6812040354516,517.1264991514238,1010.1,646.0
4879,7023,1078.6812040354516,517.1264991514238,1010.1,646.0
4880,7024,1078.6812040354516,517.1264991514238,1010.1,646.0
4881,7025,1078.6812040354516,517.1264991514238,1010.1,646.0
4882,7026,1078.6812040354516,517.1264991514238,1010.1,646.0
4883,7027,1078.6812040354516,517.1264991514238,1010.1,646.0
4884,7028,1078.6812040354516,517.1264991514238,1010.1,646.0
4885,7029,1078.6812040354516,517.1264991514238,1010.1,646.0
4886,7030,1078.6812040354516,517.1264991514238,1010.1,646.0
4887,7031,1078.6812040354516,517.1264991514238,1010.1,646.0
4888,7032,1078.6812040354516,517.1264991514238,1010.1,646.0
4889,7033,1078.6812040354516,517.1264991514238,1010.1,646.0
4890,7034,1078.6812040354516,517.1264991514238,1010.1,646.0
4891,7035,1078.6812040354516,517.1264991514238,1010.1,646.0
4892,7036,1078.6812040354516,517.1264991514238,1010.1,646.0
4893,7037,1078.6812040354516,517.1264991514238,1010.1,646.0
4894,7038,1078.6812040354516,517.1264991514238,1010.1,646.0
4895,7039,1078.6812040354516,517.1264991514238,1010.1,646.0
4896,7040,1078.6812040354516,517.1264991514238,1010.1,646.0
4897,7041,1078.6812040354516,517.1264991514238,1010.1,646.0
4898,7042,1078.6812040354516,517.1264991514238,1010.1,646.0
4899,7043,1078.6812040354516,517.1264991514238,1010.1,646.0
4900,7044,971.6812040354517,416.12649915142373,1010.1,646.0
4901,7045,971.6812040354517,416.12649915142373,1010.1,646.0
4902,7046,971.6812040354517,416.12649915142373,1010.1,646.0
4903,7047,971.6812040354517,416.12649915142373,1010.1,646.0
4904,7048,971.6812040354517,416.12649915142373,1010.1,646.0
4905,7049,971.6812040354517,416.12649915142373,1010.1,646.0
4906,7050,971.6812040354517,416.12649915142373,1010.1,646.0
4907,7051,971.6812040354517,416.12649915142373,1010.1,646.0
4908,7052,971.6812040354517,416.12649915142373,1010.1,646.0
4909,7053,971.6812040354517,416.12649915142373,1010.1,646.0
4910,7054,971.6812040354517,416.12649915142373,1010.1,646.0
4911,7055,971.6812040354517,416.12649915142373,1010.1,646.0
4912,7056,971.6812040354517,416.12649915142373,1010.1,646.0
4913,7057,971.6812040354517,416.12649915142373,1010.1,646.0
4914,7058,971.6812040354517,416.12649915142373,1010.1,646.0
4915,7059,971.6812040354517,416.12649915142373,1010.1,646.0
4916,7060,971.6812040354517,416.12649915142373,1010.1,646.0
4917,7061,971.6812040354517,416.12649915142373,1010.1,646.0
4918,7062,971.6812040354517,416.12649915142373,1010.1,646.0
4919,7063,971.6812040354517,416.12649915142373,1010.1,646.0
4920,7064,971.6812040354517,416.12649915142373,1010.1,646.0
4921,7065,971.6812040354517,416.12649915142373,1010.1,646.0
4922,7066,971.6812040354517,416.12649915142373,1010.1,646.0
4923,7067,971.6812040354517,416.12649915142373,1010.1,646.0
4924,7068,971.6812040354517,416.12649915142373,1010.1,646.0
4925,7069,971.6812040354517,416.12649915142373,1010.1,646.0
4926,7070,971.6812040354517,416.12649915142373,1010.1,646.0
4927,7071,971.6812040354517,416.12649915142373,1010.1,646.0
4928,7072,971.6812040354517,416.12649915142373,1010.1,646.0
4929,7073,971.6812040354517,416.12649915142373,1010.1,646.0
4930,7074,971.6812040354517,416.12649915142373,1010.1,646.0
4931,7075,971.6812040354517,416.12649915142373,1010.1,646.0
4932,7076,971.6812040354517,416.12649915142373,1010.1,646.0
4933,7077,971.6812040354517,416.12649915142373,1010.1,646.0
4934,7078,971.6812040354517,416.12649915142373,1010.1,646.0
4935,7079,971.6812040354517,416.12649915142373,1010.1,646.0
4936,7080,971.6812040354517,416.12649915142373,1010.1,646.0
4937,7081,971.6812040354517,416.12649915142373,1010.1,646.0
4938,7082,971.6812040354517,416.12649915142373,1010.1,646.0
4939,7083,971.6812040354517,416.12649915142373,1010.1,646.0
4940,7084,971.6812040354517,416.12649915142373,1010.1,646.0
4941,7085,971.6812040354517,416.12649915142373,1010.1,646.0
4942,7086,971.6812040354517,416.12649915142373,1010.1,646.0
4943,7087,971.6812040354517,416.12649915142373,1010.1,646.0
4944,7088,971.6812040354517,416.12649915142373,1010.1,646.0
4945,7089,971.6812040354517,416.12649915142373,1010.1,646.0
4946,7090,971.6812040354517,416.12649915142373,1010.1,646.0
4947,7091,971.6812040354517,416.12649915142373,1010.1,646.0
4948,7092,971.6812040354517,416.12649915142373,1010.1,646.0
4949,7093,971.6812040354517,416.12649915142373,1010.1,646.0
4950,7094,971.6812040354517,416.12649915142373,1010.1,646.0
4951,7095,971.6812040354517,416.12649915142373,1010.1,646.0
4952,7096,971.6812040354517,416.12649915142373,1010.1,646.0
4953,7097,971.6812040354517,416.12649915142373,1010.1,646.0
4954,7098,971.6812040354517,416.12649915142373,1010.1,646.0
4955,7099,971.6812040354517,416.12649915142373,1010.1,646.0
4956,7100,971.6812040354517,416.12649915142373,1010.1,646.0
4957,7101,971.6812040354517,416.12649915142373,1010.1,646.0
4958,7102,971.6812040354517,416.12649915142373,1010.1,646.0
4959,7103,971.6812040354517,416.12649915142373,1010.1,646.0
4960,7104,971.6812040354517,416.12649915142373,1010.1,646.0
4961,7105,971.6812040354517,416.12649915142373,1010.1,646.0
4962,7106,971.6812040354517,416.12649915142373,1010.1,646.0
4963,7107,971.6812040354517,416.12649915142373,1010.1,646.0
4964,7108,971.6812040354517,416.12649915142373,1010.1,646.0
4965,7109,971.6812040354517,416.12649915142373,1010.1,646.0
4966,7110,971.6812040354517,416.12649915142373,1010.1,646.0
4967,7111,971.6812040354517,416.12649915142373,1010.1,646.0
4968,7112,971.6812040354517,416.12649915142373,1010.1,646.0
4969,7113,971.6812040354517,416.12649915142373,1010.1,646.0
4970,7114,971.6812040354517,416.12649915142373,1010.1,646.0
4971,7115,971.6812040354517,416.12649915142373,1010.1,646.0
4972,7116,971.6812040354517,416.12649915142373,1010.1,646.0
4973,7117,971.6812040354517,416.12649915142373,1010.1,646.0
4974,7118,971.6812040354517,416.12649915142373,1010.1,646.0
4975,7119,971.6812040354517,416.12649915142373,1010.1,646.0
4976,7120,971.6812040354517,416.12649915142373,1010.1,646.0
4977,7121,971.6812040354517,416.12649915142373,1010.1,646.0
4978,7122,971.6812040354517,416.12649915142373,1010.1,646.0
4979,7123,971.6812040354517,416.12649915142373,1010.1,646.0
4980,7124,971.6812040354517,416.12649915142373,1010.1,646.0
4981,7125,971.6812040354517,416.12649915142373,1010.1,646.0
4982,7126,971.6812040354517,416.12649915142373,1010.1,646.0
4983,7127,971.6812040354517,416.12649915142373,1010.1,646.0
4984,7128,971.6812040354517,416.12649915142373,1010.1,646.0
4985,7129,971.6812040354517,416.12649915142373,1010.1,646.0
4986,7130,971.6812040354517,416.12649915142373,1010.1,646.0
4987,7131,971.6812040354517,416.12649915142373,1010.1,646.0
4988,7132,971.6812040354517,416.12649915142373,1010.1,646.0
4989,7133,971.6812040354517,416.12649915142373,1010.1,646.0
4990,7134,971.6812040354517,416.12649915142373,1010.1,646.0
4991,7135,971.6812040354517,416.12649915142373,1010.1,646.0
4992,7136,971.6812040354517,416.12649915142373,1010.1,646.0
4993,7137,971.6812040354517,416.12649915142373,1010.1,646.0
4994,7138,971.6812040354517,416.12649915142373,1010.1,646.0
4995,7139,971.6812040354517,416.12649915142373,1010.1,646.0
4996,7140,971.6812040354517,416.12649915142373,1010.1,646.0
4997,7141,971.6812040354517,416.12649915142373,1010.1,646.0
4998,7142,971.6812040354517,416.12649915142373,1010.1,646.0
4999,7143,971.6812040354517,416.12649915142373,1010.1,646.0
5000,7144,971.6812040354517,416.12649915142373,1010.1,646.0
5001,7145,971.6812040354517,416.12649915142373,1010.1,646.0
5002,7146,971.6812040354517,416.12649915142373,1010.1,646.0
5003,7147,971.6812040354517,416.12649915142373,1010.1,646.0
5004,7148,971.6812040354517,416.12649915142373,1010.1,646.0
5005,7149,971.6812040354517,416.12649915142373,1010.1,646.0
5006,7150,971.6812040354517,416.12649915142373,1010.1,646.0
5007,7151,971.6812040354517,416.12649915142373,1010.1,646.0
5008,7152,971.6812040354517,416.12649915142373,1010.1,646.0
5009,7153,971.6812040354517,416.12649915142373,1010.1,646.0
5010,7154,971.6812040354517,416.12649915142373,1010.1,646.0
5011,7155,971.6812040354517,416.12649915142373,1010.1,646.0
5012,7156,971.6812040354517,416.12649915142373,1010.1,646.0
5013,7157,971.6812040354517,416.12649915142373,1010.1,646.0
5014,7158,971.6812040354517,416.12649915142373,1010.1,646.0
5015,7159,971.6812040354517,416.12649915142373,1010.1,646.0
5016,7160,971.6812040354517,416.12649915142373,1010.1,646.0
5017,7161,971.6812040354517,416.12649915142373,1010.1,646.0
5018,7162,971.6812040354517,416.12649915142373,1010.1,646.0
5019,7163,971.6812040354517,416.12649915142373,1010.1,646.0
5020,7164,971.6812040354517,416.12649915142373,1010.1,646.0
5021,7165,971.6812040354517,416.12649915142373,1010.1,646.0
5022,7166,971.6812040354517,416.12649915142373,1010.1,646.0
5023,7167,971.6812040354517,416.12649915142373,1010.1,646.0
5024,7168,971.6812040354517,416.12649915142373,1010.1,646.0
5025,7169,971.6812040354517,416.12649915142373,1010.1,646.0
5026,7170,971.6812040354517,416.12649915142373,1010.1,646.0
5027,7171,971.6812040354517,416.12649915142373,1010.1,646.0
5028,7172,971.6812040354517,416.12649915142373,1010.1,646.0
5029,7173,971.6812040354517,416.12649915142373,1010.1,646.0
5030,7174,971.6812040354517,416.12649915142373,1010.1,646.0
5031,7175,971.6812040354517,416.12649915142373,1010.1,646.0
5032,7176,971.6812040354517,416.12649915142373,1010.1,646.0
5033,7177,837.6812040354517,414.12649915142373,1010.1,646.0
5034,7178,837.6812040354517,414.12649915142373,1010.1,646.0
5035,7179,837.6812040354517,414.12649915142373,1010.1,646.0
5036,7180,837.6812040354517,414.12649915142373,1010.1,646.0
5037,7181,837.6812040354517,414.12649915142373,1010.1,646.0
5038,7182,837.6812040354517,414.12649915142373,1010.1,646.0
5039,7183,837.6812040354517,414.12649915142373,1010.1,646.0
5040,7184,837.6812040354517,414.12649915142373,1010.1,646.0
5041,7185,837.6812040354517,414.12649915142373,1010.1,646.0
5042,7186,837.6812040354517,414.12649915142373,1010.1,646.0
5043,7187,837.6812040354517,414.12649915142373,1010.1,646.0
5044,7188,837.6812040354517,414.12649915142373,1010.1,646.0
5045,7189,837.6812040354517,414.12649915142373,1010.1,646.0
5046,7190,837.6812040354517,414.12649915142373,1010.1,646.0
5047,7191,837.6812040354517,414.12649915142373,1010.1,646.0
5048,7192,837.6812040354517,414.12649915142373,1010.1,646.0
5049,7193,837.6812040354517,414.12649915142373,1010.1,646.0
5050,7194,837.6812040354517,414.12649915142373,1010.1,646.0
5051,7195,837.6812040354517,414.12649915142373,1010.1,646.0
5052,7196,837.6812040354517,414.12649915142373,1010.1,646.0
5053,7197,837.6812040354517,414.12649915142373,1010.1,646.0
5054,7198,837.6812040354517,414.12649915142373,1010.1,646.0
5055,7199,837.6812040354517,414.12649915142373,1010.1,646.0
5056,7200,837.6812040354517,414.12649915142373,1010.1,646.0
5057,7201,837.6812040354517,414.12649915142373,1010.1,646.0
5058,7202,837.6812040354517,414.12649915142373,1010.1,646.0
5059,7203,837.6812040354517,414.12649915142373,1010.1,646.0
5060,7204,837.6812040354517,414.12649915142373,1010.1,646.0
5061,7205,837.6812040354517,414.12649915142373,1010.1,646.0
5062,7206,837.6812040354517,414.12649915142373,1010.1,646.0
5063,7207,837.6812040354517,414.12649915142373,1010.1,646.0
5064,7208,837.6812040354517,414.12649915142373,1010.1,646.0
5065,7209,837.6812040354517,414.12649915142373,1010.1,646.0
5066,7210,837.6812040354517,414.12649915142373,1010.1,646.0
5067,7211,837.6812040354517,414.12649915142373,1010.1,646.0
5068,7212,837.6812040354517,414.12649915142373,1010.1,646.0
5069,7213,837.6812040354517,414.12649915142373,1010.1,646.0
5070,7214,837.6812040354517,414.12649915142373,1010.1,646.0
5071,7215,837.6812040354517,414.12649915142373,1010.1,646.0
5072,7216,837.6812040354517,414.12649915142373,1010.1,646.0
5073,7217,837.6812040354517,414.12649915142373,1010.1,646.0
5074,7218,837.6812040354517,414.12649915142373,1010.1,646.0
5075,7219,837.6812040354517,414.12649915142373,1010.1,646.0
5076,7220,837.6812040354517,414.12649915142373,1010.1,646.0
5077,7221,837.6812040354517,414.12649915142373,1010.1,646.0
5078,7222,837.6812040354517,414.12649915142373,1010.1,646.0
5079,7223,837.6812040354517,414.12649915142373,1010.1,646.0
5080,7224,837.6812040354517,414.12649915142373,1010.1,646.0
5081,7225,837.6812040354517,414.12649915142373,1010.1,646.0
5082,7226,837.6812040354517,414.12649915142373,1010.1,646.0
5083,7227,837.6812040354517,414.12649915142373,1010.1,646.0
5084,7228,837.6812040354517,414.12649915142373,1010.1,646.0
5085,7229,837.6812040354517,414.12649915142373,1010.1,646.0
5086,7230,837.6812040354517,414.12649915142373,1010.1,646.0
5087,7231,837.6812040354517,414.12649915142373,1010.1,646.0
5088,7232,837.6812040354517,414.12649915142373,1010.1,646.0
5089,7233,837.6812040354517,414.12649915142373,1010.1,646.0
5090,7234,837.6812040354517,414.12649915142373,1010.1,646.0
5091,7235,837.6812040354517,414.12649915142373,1010.1,646.0
5092,7236,837.6812040354517,414.12649915142373,1010.1,646.0
5093,7237,837.6812040354517,414.12649915142373,1010.1,646.0
5094,7238,837.6812040354517,414.12649915142373,1010.1,646.0
5095,7239,837.6812040354517,414.12649915142373,1010.1,646.0
5096,7240,837.6812040354517,414.12649915142373,1010.1,646.0
5097,7241,837.6812040354517,414.12649915142373,1010.1,646.0
5098,7242,837.6812040354517,414.12649915142373,1010.1,646.0
5099,7243,837.6812040354517,414.12649915142373,1010.1,646.0
5100,7244,837.6812040354517,414.12649915142373,1010.1,646.0
5101,7245,837.6812040354517,414.12649915142373,1010.1,646.0
5102,7246,837.6812040354517,414.12649915142373,1010.1,646.0
5103,7247,837.6812040354517,414.12649915142373,1010.1,646.0
5104,7248,837.6812040354517,414.12649915142373,1010.1,646.0
5105,7249,837.6812040354517,414.12649915142373,1010.1,646.0
5106,7250,837.6812040354517,414.12649915142373,1010.1,646.0
5107,7251,837.6812040354517,414.12649915142373,1010.1,646.0
5108,7252,837.6812040354517,414.12649915142373,1010.1,646.0
5109,7253,837.6812040354517,414.12649915142373,1010.1,646.0
5110,7254,837.6812040354517,414.12649915142373,1010.1,646.0
5111,7255,837.6812040354517,414.12649915142373,1010.1,646.0
5112,7256,837.6812040354517,414.12649915142373,1010.1,646.0
5113,7257,837.6812040354517,414.12649915142373,1010.1,646.0
5114,7258,837.6812040354517,414.12649915142373,1010.1,646.0
5115,7259,837.6812040354517,414.12649915142373,1010.1,646.0
5116,7260,837.6812040354517,414.12649915142373,1010.1,646.0
5117,7261,837.6812040354517,414.12649915142373,1010.1,646.0
5118,7262,837.6812040354517,414.12649915142373,1010.1,646.0
5119,7263,837.6812040354517,414.12649915142373,1010.1,646.0
5120,7264,837.6812040354517,414.12649915142373,1010.1,646.0
5121,7265,837.6812040354517,414.12649915142373,1010.1,646.0
5122,7266,837.6812040354517,414.12649915142373,1010.1,646.0
5123,7267,837.6812040354517,414.12649915142373,1010.1,646.0
5124,7268,837.6812040354517,414.12649915142373,1010.1,646.0
5125,7269,837.6812040354517,414.12649915142373,1010.1,646.0
5126,7270,837.6812040354517,414.12649915142373,1010.1,646.0
5127,7271,837.6812040354517,414.12649915142373,1010.1,646.0
5128,7272,837.6812040354517,414.12649915142373,1010.1,646.0
5129,7273,837.6812040354517,414.12649915142373,1010.1,646.0
5130,7274,837.6812040354517,414.12649915142373,1010.1,646.0
5131,7275,837.6812040354517,414.12649915142373,1010.1,646.0
5132,7276,837.6812040354517,414.12649915142373,1010.1,646.0
5133,7277,837.6812040354517,414.12649915142373,1010.1,646.0
5134,7278,837.6812040354517,414.12649915142373,1010.1,646.0
5135,7279,837.6812040354517,414.12649915142373,1010.1,646.0
5136,7280,837.6812040354517,414.12649915142373,1010.1,646.0
5137,7281,837.6812040354517,414.12649915142373,1010.1,646.0
5138,7282,837.6812040354517,414.12649915142373,1010.1,646.0
5139,7283,837.6812040354517,414.12649915142373,1010.1,646.0
5140,7284,837.6812040354517,414.12649915142373,1010.1,646.0
5141,7285,837.6812040354517,414.12649915142373,1010.1,646.0
5142,7286,837.6812040354517,414.12649915142373,1010.1,646.0
5143,7287,837.6812040354517,414.12649915142373,1010.1,646.0
5144,7288,837.6812040354517,414.12649915142373,1010.1,646.0
5145,7289,837.6812040354517,414.12649915142373,1010.1,646.0
5146,7290,837.6812040354517,414.12649915142373,1010.1,646.0
5147,7291,837.6812040354517,414.12649915142373,1010.1,646.0
5148,7292,837.6812040354517,414.12649915142373,1010.1,646.0
5149,7293,837.6812040354517,414.12649915142373,1010.1,646.0
5150,7294,837.6812040354517,414.12649915142373,1010.1,646.0
5151,7295,837.6812040354517,414.12649915142373,1010.1,646.0
5152,7296,837.6812040354517,414.12649915142373,1010.1,646.0
5153,7297,837.6812040354517,414.12649915142373,1010.1,646.0
5154,7298,837.6812040354517,414.12649915142373,1010.1,646.0
5155,7299,837.6812040354517,414.12649915142373,1010.1,646.0
5156,7300,837.6812040354517,414.12649915142373,1010.1,646.0
5157,7301,837.6812040354517,414.12649915142373,1010.1,646.0
5158,7302,837.6812040354517,414.12649915142373,1010.1,646.0
5159,7303,837.6812040354517,414.12649915142373,1010.1,646.0
5160,7304,837.6812040354517,414.12649915142373,1010.1,646.0
5161,7305,837.6812040354517,414.12649915142373,1010.1,646.0
5162,7306,837.6812040354517,414.12649915142373,1010.1,646.0
5163,7307,837.6812040354517,414.12649915142373,1010.1,646.0
5164,7308,837.6812040354517,414.12649915142373,1010.1,646.0
5165,7309,837.6812040354517,414.12649915142373,1010.1,646.0
5166,7310,814.6812040354517,504.12649915142373,1010.1,646.0
5167,7311,814.6812040354517,504.12649915142373,1010.1,646.0
5168,7312,814.6812040354517,504.12649915142373,1010.1,646.0
5169,7313,814.6812040354517,504.12649915142373,1010.1,646.0
5170,7314,814.6812040354517,504.12649915142373,1010.1,646.0
5171,7315,814.6812040354517,504.12649915142373,1010.1,646.0
5172,7316,814.6812040354517,504.12649915142373,1010.1,646.0
5173,7317,814.6812040354517,504.12649915142373,1010.1,646.0
5174,7318,814.6812040354517,504.12649915142373,1010.1,646.0
5175,7319,814.6812040354517,504.12649915142373,1010.1,646.0
5176,7320,814.6812040354517,504.12649915142373,1010.1,646.0
5177,7321,814.6812040354517,504.12649915142373,1010.1,646.0
5178,7322,814.6812040354517,504.12649915142373,1010.1,646.0
5179,7323,814.6812040354517,504.12649915142373,1010.1,646.0
5180,7324,814.6812040354517,504.12649915142373,1010.1,646.0
5181,7325,814.6812040354517,504.12649915142373,1010.1,646.0
5182,7326,814.6812040354517,504.12649915142373,1010.1,646.0
5183,7327,814.6812040354517,504.12649915142373,1010.1,646.0
5184,7328,814.6812040354517,504.12649915142373,1010.1,646.0
5185,7329,814.6812040354517,504.12649915142373,1010.1,646.0
5186,7330,814.6812040354517,504.12649915142373,1010.1,646.0
5187,7331,814.6812040354517,504.12649915142373,1010.1,646.0
5188,7332,814.6812040354517,504.12649915142373,1010.1,646.0
5189,7333,814.6812040354517,504.12649915142373,1010.1,646.0
5190,7334,814.6812040354517,504.12649915142373,1010.1,646.0
5191,7335,814.6812040354517,504.12649915142373,1010.1,646.0
5192,7336,814.6812040354517,504.12649915142373,1010.1,646.0
5193,7337,814.6812040354517,504.12649915142373,1010.1,646.0
5194,7338,814.6812040354517,504.12649915142373,1010.1,646.0
5195,7339,814.6812040354517,504.12649915142373,1010.1,646.0
5196,7340,814.6812040354517,504.12649915142373,1010.1,646.0
5197,7341,814.6812040354517,504.12649915142373,1010.1,646.0
5198,7342,814.6812040354517,504.12649915142373,1010.1,646.0
5199,7343,814.6812040354517,504.12649915142373,1010.1,646.0
5200,7344,790.6812040354517,595.1264991514238,1010.1,646.0
5201,7345,790.6812040354517,595.1264991514238,1010.1,646.0
5202,7346,790.6812040354517,595.1264991514238,1010.1,646.0
5203,7347,790.6812040354517,595.1264991514238,1010.1,646.0
5204,7348,790.6812040354517,595.1264991514238,1010.1,646.0
5205,7349,790.6812040354517,595.1264991514238,1010.1,646.0
5206,7350,790.6812040354517,595.1264991514238,1010.1,646.0
5207,7351,790.6812040354517,595.1264991514238,1010.1,646.0
5208,7352,790.6812040354517,595.1264991514238,1010.1,646.0
5209,7353,790.6812040354517,595.1264991514238,1010.1,646.0
5210,7354,790.6812040354517,595.1264991514238,1010.1,646.0
5211,7355,790.6812040354517,595.1264991514238,1010.1,646.0
5212,7356,790.6812040354517,595.1264991514238,1010.1,646.0
5213,7357,790.6812040354517,595.1264991514238,1001.7846153846154,646.1
5214,7358,790.6812040354517,595.1264991514238,993.4692307692308,646.2
5215,7359,790.6812040354517,595.1264991514238,985.1538461538462,646.3
5216,7360,790.6812040354517,595.1264991514238,976.8384615384615,646.4
5217,7361,790.6812040354517,595.1264991514238,968.5230769230769,646.5
5218,7362,790.6812040354517,595.1264991514238,960.2076923076924,646.6
5219,7363,790.6812040354517,595.1264991514238,951.8923076923077,646.6999999999999
5220,7364,790.6812040354517,595.1264991514238,943.5769230769231,646.8
5221,7365,790.6812040354517,595.1264991514238,935.2615384615385,646.9
5222,7366,790.6812040354517,595.1264991514238,926.9461538461538,647.0
5223,7367,790.6812040354517,595.1264991514238,918.6307692307693,647.0999999999999
5224,7368,790.6812040354517,595.1264991514238,910.3153846153846,647.1999999999999
5225,7369,790.6812040354517,595.1264991514238,902.0,647.3
5226,7370,790.6812040354517,595.1264991514238,902.0,647.3
5227,7371,790.6812040354517,595.1264991514238,902.0,647.3
5228,7372,790.6812040354517,595.1264991514238,902.0,647.3
5229,7373,790.6812040354517,595.1264991514238,902.0,647.3
5230,7374,790.6812040354517,595.1264991514238,902.0,647.3
5231,7375,790.6812040354517,595.1264991514238,902.0,647.3
5232,7376,790.6812040354517,595.1264991514238,902.0,647.3
5233,7377,790.6812040354517,595.1264991514238,902.0,647.3
5234,7378,790.6812040354517,595.1264991514238,902.0,647.3
5235,7379,790.6812040354517,595.1264991514238,902.0,647.3
5236,7380,790.6812040354517,595.1264991514238,902.0,647.3
5237,7381,790.6812040354517,595.1264991514238,902.0,647.3
5238,7382,790.6812040354517,595.1264991514238,902.0,647.3
5239,7383,790.6812040354517,595.1264991514238,902.0,647.3
5240,7384,790.6812040354517,595.1264991514238,902.0,647.3
5241,7385,790.6812040354517,595.1264991514238,902.0,647.3
5242,7386,790.6812040354517,595.1264991514238,902.0,647.3
5243,7387,790.6812040354517,595.1264991514238,902.0,647.3
5244,7388,790.6812040354517,595.1264991514238,902.0,647.3
5245,7389,790.6812040354517,595.1264991514238,902.0,647.3
5246,7390,790.6812040354517,595.1264991514238,902.0,647.3
5247,7391,790.6812040354517,595.1264991514238,902.0,647.3
5248,7392,790.6812040354517,595.1264991514238,902.0,647.3
5249,7393,790.6812040354517,595.1264991514238,902.0,647.3
5250,7394,790.6812040354517,595.1264991514238,902.0,647.3
5251,7395,790.6812040354517,595.1264991514238,902.0,647.3
5252,7396,790.6812040354517,595.1264991514238,902.0,647.3
5253,7397,790.6812040354517,595.1264991514238,902.0,647.3
5254,7398,790.6812040354517,595.1264991514238,902.0,647.3
5255,7399,790.6812040354517,595.1264991514238,902.0,647.3
5256,7400,790.6812040354517,595.1264991514238,902.0,647.3
5257,7401,790.6812040354517,595.1264991514238,902.0,647.3
5258,7402,790.6812040354517,595.1264991514238,902.0,647.3
5259,7403,790.6812040354517,595.1264991514238,902.0,647.3
5260,7404,790.6812040354517,595.1264991514238,902.0,647.3
5261,7405,790.6812040354517,595.1264991514238,902.0,647.3
5262,7406,790.6812040354517,595.1264991514238,902.0,647.3
5263,7407,790.6812040354517,595.1264991514238,902.0,647.3
5264,7408,790.6812040354517,595.1264991514238,902.0,647.3
5265,7409,790.6812040354517,595.1264991514238,902.0,647.3
5266,7410,790.6812040354517,595.1264991514238,902.0,647.3
5267,7411,790.6812040354517,595.1264991514238,902.0,647.3
5268,7412,790.6812040354517,595.1264991514238,902.0,647.3
5269,7413,790.6812040354517,595.1264991514238,902.0,647.3
5270,7414,790.6812040354517,595.1264991514238,902.0,647.3
5271,7415,790.6812040354517,595.1264991514238,902.0,647.3
5272,7416,790.6812040354517,595.1264991514238,902.0,647.3
5273,7417,790.6812040354517,595.1264991514238,902.0,647.3
5274,7418,790.6812040354517,595.1264991514238,902.0,647.3
5275,7419,790.6812040354517,595.1264991514238,902.0,647.3
5276,7420,790.6812040354517,595.1264991514238,902.0,647.3
5277,7421,790.6812040354517,595.1264991514238,902.0,647.3
5278,7422,790.6812040354517,595.1264991514238,902.0,647.3
5279,7423,790.6812040354517,595.1264991514238,902.0,647.3
5280,7424,790.6812040354517,595.1264991514238,902.0,647.3
5281,7425,790.6812040354517,595.1264991514238,902.0,647.3
5282,7426,790.6812040354517,595.1264991514238,902.0,647.3
5283,7427,790.6812040354517,595.1264991514238,902.0,647.3
5284,7428,790.6812040354517,595.1264991514238,902.0,647.3
5285,7429,790.6812040354517,595.1264991514238,902.0,647.3
5286,7430,790.6812040354517,595.1264991514238,902.0,647.3
5287,7431,790.6812040354517,595.1264991514238,902.0,647.3
5288,7432,790.6812040354517,595.1264991514238,902.0,647.3
5289,7433,790.6812040354517,595.1264991514238,902.0,647.3
5290,7434,790.6812040354517,595.1264991514238,902.0,647.3
5291,7435,790.6812040354517,595.1264991514238,902.0,647.3
5292,7436,790.6812040354517,595.1264991514238,902.0,647.3
5293,7437,790.6812040354517,595.1264991514238,902.0,647.3
5294,7438,790.6812040354517,595.1264991514238,902.0,647.3
5295,7439,790.6812040354517,595.1264991514238,902.0,647.3
5296,7440,790.6812040354517,595.1264991514238,902.0,647.3
5297,7441,790.6812040354517,595.1264991514238,902.0,647.3
5298,7442,790.6812040354517,595.1264991514238,902.0,647.3
5299,7443,790.6812040354517,595.1264991514238,902.0,647.3
5300,7444,1014.6812040354517,613.1264991514238,902.0,647.3
5301,7445,1014.6812040354517,613.1264991514238,902.0,647.3
5302,7446,1014.6812040354517,613.1264991514238,902.0,647.3
5303,7447,1014.6812040354517,613.1264991514238,902.0,647.3
5304,7448,1014.6812040354517,613.1264991514238,902.0,647.3
5305,7449,1014.6812040354517,613.1264991514238,902.0,647.3
5306,7450,1014.6812040354517,613.1264991514238,902.0,647.3
5307,7451,1014.6812040354517,613.1264991514238,902.0,647.3
5308,7452,1014.6812040354517,613.1264991514238,902.0,647.3
5309,7453,1014.6812040354517,613.1264991514238,902.0,647.3
5310,7454,1014.6812040354517,613.1264991514238,902.0,647.3
5311,7455,1014.6812040354517,613.1264991514238,902.0,647.3
5312,7456,1014.6812040354517,613.1264991514238,902.0,647.3
5313,7457,1014.6812040354517,613.1264991514238,902.0,647.3
5314,7458,1014.6812040354517,613.1264991514238,902.0,647.3
5315,7459,1014.6812040354517,613.1264991514238,902.0,647.3
5316,7460,1014.6812040354517,613.1264991514238,902.0,647.3
5317,7461,1014.6812040354517,613.1264991514238,902.0,647.3
5318,7462,1014.6812040354517,613.1264991514238,902.0,647.3
5319,7463,1014.6812040354517,613.1264991514238,902.0,647.3
5320,7464,1014.6812040354517,613.1264991514238,902.0,647.3
5321,7465,1014.6812040354517,613.1264991514238,902.0,647.3
5322,7466,1014.6812040354517,613.1264991514238,902.0,647.3
5323,7467,1014.6812040354517,613.1264991514238,902.0,647.3
5324,7468,1014.6812040354517,613.1264991514238,902.0,647.3
5325,7469,1014.6812040354517,613.1264991514238,902.0,647.3
5326,7470,1014.6812040354517,613.1264991514238,902.0,647.3
5327,7471,1014.6812040354517,613.1264991514238,902.0,647.3
5328,7472,1014.6812040354517,613.1264991514238,902.0,647.3
5329,7473,1014.6812040354517,613.1264991514238,902.0,647.3
5330,7474,1014.6812040354517,613.1264991514238,902.0,647.3
5331,7475,1014.6812040354517,613.1264991514238,902.0,647.3
5332,7476,1014.6812040354517,613.1264991514238,902.0,647.3
5333,7477,1239.6812040354516,631.1264991514238,902.0,647.3
5334,7478,1239.6812040354516,631.1264991514238,902.0,647.3
5335,7479,1239.6812040354516,631.1264991514238,902.0,647.3
5336,7480,1239.6812040354516,631.1264991514238,902.0,647.3
5337,7481,1239.6812040354516,631.1264991514238,902.0,647.3
5338,7482,1239.6812040354516,631.1264991514238,902.0,647.3
5339,7483,1239.6812040354516,631.1264991514238,902.0,647.3
5340,7484,1239.6812040354516,631.1264991514238,902.0,647.3
5341,7485,1239.6812040354516,631.1264991514238,902.0,647.3
5342,7486,1239.6812040354516,631.1264991514238,902.0,647.3
5343,7487,1239.6812040354516,631.1264991514238,902.0,647.3
5344,7488,1239.6812040354516,631.1264991514238,902.0,647.3
5345,7489,1239.6812040354516,631.1264991514238,902.0,647.3
5346,7490,1239.6812040354516,631.1264991514238,902.0,647.3
5347,7491,1239.6812040354516,631.1264991514238,902.0,647.3
5348,7492,1239.6812040354516,631.1264991514238,902.0,647.3
5349,7493,1239.6812040354516,631.1264991514238,902.0,647.3
5350,7494,1239.6812040354516,631.1264991514238,902.0,647.3
5351,7495,1239.6812040354516,631.1264991514238,902.0,647.3
5352,7496,1239.6812040354516,631.1264991514238,902.0,647.3
5353,7497,1239.6812040354516,631.1264991514238,902.0,647.3
5354,7498,1239.6812040354516,631.1264991514238,902.0,647.3
5355,7499,1239.6812040354516,631.1264991514238,902.0,647.3
5356,7500,1239.6812040354516,631.1264991514238,902.0,647.3
5357,7501,1239.6812040354516,631.1264991514238,902.0,647.3
5358,7502,1239.6812040354516,631.1264991514238,902.0,647.3
5359,7503,1239.6812040354516,631.1264991514238,902.0,647.3
5360,7504,1239.6812040354516,631.1264991514238,902.0,647.3
5361,7505,1239.6812040354516,631.1264991514238,902.0,647.3
5362,7506,1239.6812040354516,631.1264991514238,902.0,647.3
5363,7507,1239.6812040354516,631.1264991514238,902.0,647.3
5364,7508,1239.6812040354516,631.1264991514238,902.0,647.3
5365,7509,1239.6812040354516,631.1264991514238,902.0,647.3
5366,7510,1239.6812040354516,631.1264991514238,902.0,647.3
5367,7511,1239.6812040354516,631.1264991514238,902.0,647.3
5368,7512,1239.6812040354516,631.1264991514238,902.0,647.3
5369,7513,1239.6812040354516,631.1264991514238,902.0,647.3
5370,7514,1239.6812040354516,631.1264991514238,902.0,647.3
5371,7515,1239.6812040354516,631.1264991514238,902.0,647.3
5372,7516,1239.6812040354516,631.1264991514238,902.0,647.3
5373,7517,1239.6812040354516,631.1264991514238,902.0,647.3
5374,7518,1239.6812040354516,631.1264991514238,902.0,647.3
5375,7519,1239.6812040354516,631.1264991514238,902.0,647.3
5376,7520,1239.6812040354516,631.1264991514238,902.0,647.3
5377,7521,1239.6812040354516,631.1264991514238,902.0,647.3
5378,7522,1239.6812040354516,631.1264991514238,902.0,647.3
5379,7523,1239.6812040354516,631.1264991514238,902.0,647.3
5380,7524,1239.6812040354516,631.1264991514238,902.0,647.3
5381,7525,1239.6812040354516,631.1264991514238,902.0,647.3
5382,7526,1239.6812040354516,631.1264991514238,902.0,647.3
5383,7527,1239.6812040354516,631.1264991514238,902.0,647.3
5384,7528,1239.6812040354516,631.1264991514238,902.0,647.3
5385,7529,1239.6812040354516,631.1264991514238,902.0,647.3
5386,7530,1239.6812040354516,631.1264991514238,902.0,647.3
5387,7531,1239.6812040354516,631.1264991514238,902.0,647.3
5388,7532,1239.6812040354516,631.1264991514238,902.0,647.3
5389,7533,1239.6812040354516,631.1264991514238,902.0,647.3
5390,7534,1239.6812040354516,631.1264991514238,902.0,647.3
5391,7535,1239.6812040354516,631.1264991514238,902.0,647.3
5392,7536,1239.6812040354516,631.1264991514238,902.0,647.3
5393,7537,1239.6812040354516,631.1264991514238,902.0,647.3
5394,7538,1239.6812040354516,631.1264991514238,902.0,647.3
5395,7539,1239.6812040354516,631.1264991514238,902.0,647.3
5396,7540,1239.6812040354516,631.1264991514238,902.0,647.3
5397,7541,1239.6812040354516,631.1264991514238,902.0,647.3
5398,7542,1239.6812040354516,631.1264991514238,902.0,647.3
5399,7543,1239.6812040354516,631.1264991514238,902.0,647.3
5400,7544,1068.6812040354516,626.1264991514238,902.0,647.3
5401,7545,1068.6812040354516,626.1264991514238,902.0,647.3
5402,7546,1068.6812040354516,626.1264991514238,902.0,647.3
5403,7547,1068.6812040354516,626.1264991514238,902.0,647.3
5404,7548,1068.6812040354516,626.1264991514238,902.0,647.3
5405,7549,1068.6812040354516,626.1264991514238,902.0,647.3
5406,7550,1068.6812040354516,626.1264991514238,902.0,647.3
5407,7551,1068.6812040354516,626.1264991514238,902.0,647.3
5408,7552,1068.6812040354516,626.1264991514238,902.0,647.3
5409,7553,1068.6812040354516,626.1264991514238,902.0,647.3
5410,7554,1068.6812040354516,626.1264991514238,902.0,647.3
5411,7555,1068.6812040354516,626.1264991514238,902.0,647.3
5412,7556,1068.6812040354516,626.1264991514238,902.0,647.3
5413,7557,1068.6812040354516,626.1264991514238,902.0,647.3
5414,7558,1068.6812040354516,626.1264991514238,902.0,647.3
5415,7559,1068.6812040354516,626.1264991514238,902.0,647.3
5416,7560,1068.6812040354516,626.1264991514238,902.0,647.3
5417,7561,1068.6812040354516,626.1264991514238,902.0,647.3
5418,7562,1068.6812040354516,626.1264991514238,902.0,647.3
5419,7563,1068.6812040354516,626.1264991514238,902.0,647.3
5420,7564,1068.6812040354516,626.1264991514238,902.0,647.3
5421,7565,1068.6812040354516,626.1264991514238,902.0,647.3
5422,7566,1068.6812040354516,626.1264991514238,902.0,647.3
5423,7567,1068.6812040354516,626.1264991514238,902.0,647.3
5424,7568,1068.6812040354516,626.1264991514238,902.0,647.3
5425,7569,1068.6812040354516,626.1264991514238,902.0,647.3
5426,7570,1068.6812040354516,626.1264991514238,902.0,647.3
5427,7571,1068.6812040354516,626.1264991514238,902.0,647.3
5428,7572,1068.6812040354516,626.1264991514238,902.0,647.3
5429,7573,1068.6812040354516,626.1264991514238,902.0,647.3
5430,7574,1068.6812040354516,626.1264991514238,902.0,647.3
5431,7575,1068.6812040354516,626.1264991514238,902.0,647.3
5432,7576,1068.6812040354516,626.1264991514238,902.0,647.3
5433,7577,897.6812040354517,620.1264991514238,902.0,647.3
5434,7578,897.6812040354517,620.1264991514238,902.0,647.3
5435,7579,897.6812040354517,620.1264991514238,902.0,647.3
5436,7580,897.6812040354517,620.1264991514238,902.0,647.3
5437,7581,897.6812040354517,620.1264991514238,902.0,647.3
5438,7582,897.6812040354517,620.1264991514238,902.0,647.3
5439,7583,897.6812040354517,620.1264991514238,902.0,647.3
5440,7584,897.6812040354517,620.1264991514238,902.0,647.3
5441,7585,897.6812040354517,620.1264991514238,902.0,647.3
5442,7586,897.6812040354517,620.1264991514238,902.0,647.3
5443,7587,897.6812040354517,620.1264991514238,902.0,647.3
5444,7588,897.6812040354517,620.1264991514238,902.0,647.3
5445,7589,897.6812040354517,620.1264991514238,902.0,647.3
5446,7590,897.6812040354517,620.1264991514238,902.0,647.3
5447,7591,897.6812040354517,620.1264991514238,902.0,647.3
5448,7592,897.6812040354517,620.1264991514238,902.0,647.3
5449,7593,897.6812040354517,620.1264991514238,902.0,647.3
5450,7594,897.6812040354517,620.1264991514238,902.0,647.3
5451,7595,897.6812040354517,620.1264991514238,902.0,647.3
5452,7596,897.6812040354517,620.1264991514238,902.0,647.3
5453,7597,897.6812040354517,620.1264991514238,902.0,647.3
5454,7598,897.6812040354517,620.1264991514238,902.0,647.3
5455,7599,897.6812040354517,620.1264991514238,902.0,647.3
5456,7600,897.6812040354517,620.1264991514238,902.0,647.3
5457,7601,897.6812040354517,620.1264991514238,902.0,647.3
5458,7602,897.6812040354517,620.1264991514238,902.0,647.3
5459,7603,897.6812040354517,620.1264991514238,902.0,647.3
5460,7604,897.6812040354517,620.1264991514238,902.0,647.3
5461,7605,897.6812040354517,620.1264991514238,902.0,647.3
5462,7606,897.6812040354517,620.1264991514238,902.0,647.3
5463,7607,897.6812040354517,620.1264991514238,902.0,647.3
5464,7608,897.6812040354517,620.1264991514238,902.0,647.3
5465,7609,897.6812040354517,620.1264991514238,902.0,647.3
5466,7610,882.6812040354517,431.12649915142373,902.0,647.3
5467,7611,882.6812040354517,431.12649915142373,902.0,647.3
5468,7612,882.6812040354517,431.12649915142373,902.0,647.3
5469,7613,882.6812040354517,431.12649915142373,902.0,647.3
5470,7614,882.6812040354517,431.12649915142373,902.0,647.3
5471,7615,882.6812040354517,431.12649915142373,902.0,647.3
5472,7616,882.6812040354517,431.12649915142373,902.0,647.3
5473,7617,882.6812040354517,431.12649915142373,902.0,647.3
5474,7618,882.6812040354517,431.12649915142373,902.0,647.3
5475,7619,882.6812040354517,431.12649915142373,902.0,647.3
5476,7620,882.6812040354517,431.12649915142373,902.0,647.3
5477,7621,882.6812040354517,431.12649915142373,902.0,647.3
5478,7622,882.6812040354517,431.12649915142373,902.0,647.3
5479,7623,882.6812040354517,431.12649915142373,902.0,647.3
5480,7624,882.6812040354517,431.12649915142373,902.0,647.3
5481,7625,882.6812040354517,431.12649915142373,902.0,647.3
5482,7626,882.6812040354517,431.12649915142373,902.0,647.3
5483,7627,882.6812040354517,431.12649915142373,902.0,647.3
5484,7628,882.6812040354517,431.12649915142373,902.0,647.3
5485,7629,882.6812040354517,431.12649915142373,902.0,647.3
5486,7630,882.6812040354517,431.12649915142373,902.0,647.3
5487,7631,882.6812040354517,431.12649915142373,902.0,647.3
5488,7632,882.6812040354517,431.12649915142373,902.0,647.3
5489,7633,882.6812040354517,431.12649915142373,902.0,647.3
5490,7634,882.6812040354517,431.12649915142373,902.0,647.3
5491,7635,882.6812040354517,431.12649915142373,902.0,647.3
5492,7636,882.6812040354517,431.12649915142373,902.0,647.3
5493,7637,882.6812040354517,431.12649915142373,902.0,647.3
5494,7638,882.6812040354517,431.12649915142373,902.0,647.3
5495,7639,882.6812040354517,431.12649915142373,902.0,647.3
5496,7640,882.6812040354517,431.12649915142373,902.0,647.3
5497,7641,882.6812040354517,431.12649915142373,902.0,647.3
5498,7642,882.6812040354517,431.12649915142373,902.0,647.3
5499,7643,882.6812040354517,431.12649915142373,902.0,647.3
5500,7644,882.6812040354517,431.12649915142373,902.0,647.3
5501,7645,882.6812040354517,431.12649915142373,902.0,647.3
5502,7646,882.6812040354517,431.12649915142373,902.0,647.3
5503,7647,882.6812040354517,431.12649915142373,902.0,647.3
5504,7648,882.6812040354517,431.12649915142373,902.0,647.3
5505,7649,882.6812040354517,431.12649915142373,902.0,647.3
5506,7650,882.6812040354517,431.12649915142373,902.0,647.3
5507,7651,882.6812040354517,431.12649915142373,902.0,647.3
5508,7652,882.6812040354517,431.12649915142373,902.0,647.3
5509,7653,882.6812040354517,431.12649915142373,902.0,647.3
5510,7654,882.6812040354517,431.12649915142373,902.0,647.3
5511,7655,882.6812040354517,431.12649915142373,902.0,647.3
5512,7656,882.6812040354517,431.12649915142373,902.0,647.3
5513,7657,882.6812040354517,431.12649915142373,902.0,647.3
5514,7658,882.6812040354517,431.12649915142373,902.0,647.3
5515,7659,882.6812040354517,431.12649915142373,902.0,647.3
5516,7660,882.6812040354517,431.12649915142373,902.0,647.3
5517,7661,882.6812040354517,431.12649915142373,902.0,647.3
5518,7662,882.6812040354517,431.12649915142373,902.0,647.3
5519,7663,882.6812040354517,431.12649915142373,902.0,647.3
5520,7664,882.6812040354517,431.12649915142373,902.0,647.3
5521,7665,882.6812040354517,431.12649915142373,902.0,647.3
5522,7666,882.6812040354517,431.12649915142373,902.0,647.3
5523,7667,882.6812040354517,431.12649915142373,902.0,647.3
5524,7668,882.6812040354517,431.12649915142373,902.0,647.3
5525,7669,882.6812040354517,431.12649915142373,902.0,647.3
5526,7670,882.6812040354517,431.12649915142373,902.0,647.3
5527,7671,882.6812040354517,431.12649915142373,902.0,647.3
5528,7672,882.6812040354517,431.12649915142373,902.0,647.3
5529,7673,882.6812040354517,431.12649915142373,902.0,647.3
5530,7674,882.6812040354517,431.12649915142373,902.0,647.3
5531,7675,882.6812040354517,431.12649915142373,902.0,647.3
5532,7676,882.6812040354517,431.12649915142373,902.0,647.3
5533,7677,882.6812040354517,431.12649915142373,902.0,647.3
5534,7678,882.6812040354517,431.12649915142373,902.0,647.3
5535,7679,882.6812040354517,431.12649915142373,902.0,647.3
5536,7680,882.6812040354517,431.12649915142373,902.0,647.3
5537,7681,882.6812040354517,431.12649915142373,902.0,647.3
5538,7682,882.6812040354517,431.12649915142373,902.0,647.3
5539,7683,882.6812040354517,431.12649915142373,902.0,647.3
5540,7684,882.6812040354517,431.12649915142373,902.0,647.3
5541,7685,882.6812040354517,431.12649915142373,902.0,647.3
5542,7686,882.6812040354517,431.12649915142373,902.0,647.3
5543,7687,882.6812040354517,431.12649915142373,902.0,647.3
5544,7688,882.6812040354517,431.12649915142373,902.0,647.3
5545,7689,882.6812040354517,431.12649915142373,902.0,647.3
5546,7690,882.6812040354517,431.12649915142373,902.0,647.3
5547,7691,882.6812040354517,431.12649915142373,902.0,647.3
5548,7692,882.6812040354517,431.12649915142373,902.0,647.3
5549,7693,882.6812040354517,431.12649915142373,902.0,647.3
5550,7694,882.6812040354517,431.12649915142373,902.0,647.3
5551,7695,882.6812040354517,431.12649915142373,902.0,647.3
5552,7696,882.6812040354517,431.12649915142373,902.0,647.3
5553,7697,882.6812040354517,431.12649915142373,902.0,647.3
5554,7698,882.6812040354517,431.12649915142373,902.0,647.3
5555,7699,882.6812040354517,431.12649915142373,902.0,647.3
5556,7700,882.6812040354517,431.12649915142373,902.0,647.3
5557,7701,882.6812040354517,431.12649915142373,902.0,647.3
5558,7702,882.6812040354517,431.12649915142373,902.0,647.3
5559,7703,882.6812040354517,431.12649915142373,902.0,647.3
5560,7704,882.6812040354517,431.12649915142373,902.0,647.3
5561,7705,882.6812040354517,431.12649915142373,902.0,647.3
5562,7706,882.6812040354517,431.12649915142373,902.0,647.3
5563,7707,882.6812040354517,431.12649915142373,902.0,647.3
5564,7708,882.6812040354517,431.12649915142373,902.0,647.3
5565,7709,882.6812040354517,431.12649915142373,902.0,647.3
5566,7710,882.6812040354517,431.12649915142373,902.0,647.3
5567,7711,882.6812040354517,431.12649915142373,902.0,647.3
5568,7712,882.6812040354517,431.12649915142373,902.0,647.3
5569,7713,882.6812040354517,431.12649915142373,902.0,647.3
5570,7714,882.6812040354517,431.12649915142373,902.0,647.3
5571,7715,882.6812040354517,431.12649915142373,902.0,647.3
5572,7716,882.6812040354517,431.12649915142373,902.0,647.3
5573,7717,882.6812040354517,431.12649915142373,902.0,647.3
5574,7718,882.6812040354517,431.12649915142373,902.0,647.3
5575,7719,882.6812040354517,431.12649915142373,902.0,647.3
5576,7720,882.6812040354517,431.12649915142373,902.0,647.3
5577,7721,882.6812040354517,431.12649915142373,902.0,647.3
5578,7722,882.6812040354517,431.12649915142373,902.0,647.3
5579,7723,882.6812040354517,431.12649915142373,902.0,647.3
5580,7724,882.6812040354517,431.12649915142373,902.0,647.3
5581,7725,882.6812040354517,431.12649915142373,902.0,647.3
5582,7726,882.6812040354517,431.12649915142373,902.0,647.3
5583,7727,882.6812040354517,431.12649915142373,902.0,647.3
5584,7728,882.6812040354517,431.12649915142373,902.0,647.3
5585,7729,882.6812040354517,431.12649915142373,902.0,647.3
5586,7730,882.6812040354517,431.12649915142373,902.0,647.3
5587,7731,882.6812040354517,431.12649915142373,902.0,647.3
5588,7732,882.6812040354517,431.12649915142373,902.0,647.3
5589,7733,882.6812040354517,431.12649915142373,902.0,647.3
5590,7734,882.6812040354517,431.12649915142373,902.0,647.3
5591,7735,882.6812040354517,431.12649915142373,902.0,647.3
5592,7736,882.6812040354517,431.12649915142373,902.0,647.3
5593,7737,882.6812040354517,431.12649915142373,902.0,647.3
5594,7738,882.6812040354517,431.12649915142373,902.0,647.3
5595,7739,882.6812040354517,431.12649915142373,902.0,647.3
5596,7740,882.6812040354517,431.12649915142373,902.0,647.3
5597,7741,882.6812040354517,431.12649915142373,902.0,647.3
5598,7742,882.6812040354517,431.12649915142373,902.0,647.3
5599,7743,882.6812040354517,431.12649915142373,902.0,647.3
5600,7744,890.6812040354517,549.1264991514238,902.0,647.3
5601,7745,890.6812040354517,549.1264991514238,902.0,647.3
5602,7746,890.6812040354517,549.1264991514238,902.0,647.3
5603,7747,890.6812040354517,549.1264991514238,902.0,647.3
5604,7748,890.6812040354517,549.1264991514238,902.0,647.3
5605,7749,890.6812040354517,549.1264991514238,902.0,647.3
5606,7750,890.6812040354517,549.1264991514238,902.0,647.3
5607,7751,890.6812040354517,549.1264991514238,902.0,647.3
5608,7752,890.6812040354517,549.1264991514238,902.0,647.3
5609,7753,890.6812040354517,549.1264991514238,902.0,647.3
5610,7754,890.6812040354517,549.1264991514238,902.0,647.3
5611,7755,890.6812040354517,549.1264991514238,902.0,647.3
5612,7756,890.6812040354517,549.1264991514238,902.0,647.3
5613,7757,890.6812040354517,549.1264991514238,902.0,647.3
5614,7758,890.6812040354517,549.1264991514238,902.0,647.3
5615,7759,890.6812040354517,549.1264991514238,902.0,647.3
5616,7760,890.6812040354517,549.1264991514238,902.0,647.3
5617,7761,890.6812040354517,549.1264991514238,902.0,647.3
5618,7762,890.6812040354517,549.1264991514238,902.0,647.3
5619,7763,890.6812040354517,549.1264991514238,902.0,647.3
5620,7764,890.6812040354517,549.1264991514238,902.0,647.3
5621,7765,890.6812040354517,549.1264991514238,902.0,647.3
5622,7766,890.6812040354517,549.1264991514238,902.0,647.3
5623,7767,890.6812040354517,549.1264991514238,902.0,647.3
5624,7768,890.6812040354517,549.1264991514238,902.0,647.3
5625,7769,890.6812040354517,549.1264991514238,902.0,647.3
5626,7770,890.6812040354517,549.1264991514238,902.0,647.3
5627,7771,890.6812040354517,549.1264991514238,902.0,647.3
5628,7772,890.6812040354517,549.1264991514238,902.0,647.3
5629,7773,890.6812040354517,549.1264991514238,902.0,647.3
5630,7774,890.6812040354517,549.1264991514238,902.0,647.3
5631,7775,890.6812040354517,549.1264991514238,902.0,647.3
5632,7776,890.6812040354517,549.1264991514238,902.0,647.3
5633,7777,897.6812040354517,668.1264991514238,902.0,647.3
5634,7778,897.6812040354517,668.1264991514238,902.0,647.3
5635,7779,897.6812040354517,668.1264991514238,902.0,647.3
5636,7780,897.6812040354517,668.1264991514238,902.0,647.3
5637,7781,897.6812040354517,668.1264991514238,902.0,647.3
5638,7782,897.6812040354517,668.1264991514238,902.0,647.3
5639,7783,897.6812040354517,668.1264991514238,902.0,647.3
5640,7784,897.6812040354517,668.1264991514238,902.0,647.3
5641,7785,897.6812040354517,668.1264991514238,902.0,647.3
5642,7786,897.6812040354517,668.1264991514238,902.0,647.3
5643,7787,897.6812040354517,668.1264991514238,902.0,647.3
5644,7788,897.6812040354517,668.1264991514238,902.0,647.3
5645,7789,897.6812040354517,668.1264991514238,902.0,647.3
5646,7790,897.6812040354517,668.1264991514238,902.0,647.3
5647,7791,897.6812040354517,668.1264991514238,902.0,647.3
5648,7792,897.6812040354517,668.1264991514238,902.0,647.3
5649,7793,897.6812040354517,668.1264991514238,902.0,647.3
5650,7794,897.6812040354517,668.1264991514238,902.0,647.3
5651,7795,897.6812040354517,668.1264991514238,902.0,647.3
5652,7796,897.6812040354517,668.1264991514238,902.0,647.3
5653,7797,897.6812040354517,668.1264991514238,902.0,647.3
5654,7798,897.6812040354517,668.1264991514238,902.0,647.3
5655,7799,897.6812040354517,668.1264991514238,902.0,647.3
5656,7800,897.6812040354517,668.1264991514238,902.0,647.3
5657,7801,897.6812040354517,668.1264991514238,902.0,647.3
5658,7802,897.6812040354517,668.1264991514238,902.0,647.3
5659,7803,897.6812040354517,668.1264991514238,902.0,647.3
5660,7804,897.6812040354517,668.1264991514238,902.0,647.3
5661,7805,897.6812040354517,668.1264991514238,902.0,647.3
5662,7806,897.6812040354517,668.1264991514238,902.0,647.3
5663,7807,897.6812040354517,668.1264991514238,902.0,647.3
5664,7808,897.6812040354517,668.1264991514238,902.0,647.3
5665,7809,897.6812040354517,668.1264991514238,902.0,647.3
5666,7810,897.6812040354517,668.1264991514238,902.0,647.3
5667,7811,897.6812040354517,668.1264991514238,902.0,647.3
5668,7812,897.6812040354517,668.1264991514238,902.0,647.3
5669,7813,897.6812040354517,668.1264991514238,902.0,647.3
5670,7814,897.6812040354517,668.1264991514238,902.0,647.3
5671,7815,897.6812040354517,668.1264991514238,902.0,647.3
5672,7816,897.6812040354517,668.1264991514238,902.0,647.3
5673,7817,897.6812040354517,668.1264991514238,902.0,647.3
5674,7818,897.6812040354517,668.1264991514238,902.0,647.3
5675,7819,897.6812040354517,668.1264991514238,902.0,647.3
5676,7820,897.6812040354517,668.1264991514238,902.0,647.3
5677,7821,897.6812040354517,668.1264991514238,902.0,647.3
5678,7822,897.6812040354517,668.1264991514238,902.0,647.3
5679,7823,897.6812040354517,668.1264991514238,902.0,647.3
5680,7824,897.6812040354517,668.1264991514238,902.0,647.3
5681,7825,897.6812040354517,668.1264991514238,902.0,647.3
5682,7826,897.6812040354517,668.1264991514238,902.0,647.3
5683,7827,897.6812040354517,668.1264991514238,902.0,647.3
5684,7828,897.6812040354517,668.1264991514238,902.0,647.3
5685,7829,897.6812040354517,668.1264991514238,902.0,647.3
5686,7830,897.6812040354517,668.1264991514238,902.0,647.3
5687,7831,897.6812040354517,668.1264991514238,902.0,647.3
5688,7832,897.6812040354517,668.1264991514238,902.0,647.3
5689,7833,897.6812040354517,668.1264991514238,902.0,647.3
5690,7834,897.6812040354517,668.1264991514238,902.0,647.3
5691,7835,897.6812040354517,668.1264991514238,902.0,647.3
5692,7836,897.6812040354517,668.1264991514238,902.0,647.3
5693,7837,897.6812040354517,668.1264991514238,902.0,647.3
5694,7838,897.6812040354517,668.1264991514238,902.0,647.3
5695,7839,897.6812040354517,668.1264991514238,902.0,647.3
5696,7840,897.6812040354517,668.1264991514238,902.0,647.3
5697,7841,897.6812040354517,668.1264991514238,902.0,647.3
5698,7842,897.6812040354517,668.1264991514238,902.0,647.3
5699,7843,897.6812040354517,668.1264991514238,902.0,647.3
5700,7844,897.6812040354517,668.1264991514238,902.0,647.3
5701,7845,897.6812040354517,668.1264991514238,902.0,647.3
5702,7846,897.6812040354517,668.1264991514238,902.0,647.3
5703,7847,897.6812040354517,668.1264991514238,902.0,647.3
5704,7848,897.6812040354517,668.1264991514238,902.0,647.3
5705,7849,897.6812040354517,668.1264991514238,902.0,647.3
5706,7850,897.6812040354517,668.1264991514238,902.0,647.3
5707,7851,897.6812040354517,668.1264991514238,902.0,647.3
5708,7852,897.6812040354517,668.1264991514238,902.0,647.3
5709,7853,897.6812040354517,668.1264991514238,902.0,647.3
5710,7854,897.6812040354517,668.1264991514238,902.0,647.3
5711,7855,897.6812040354517,668.1264991514238,902.0,647.3
5712,7856,897.6812040354517,668.1264991514238,902.0,647.3
5713,7857,897.6812040354517,668.1264991514238,902.0,647.3
5714,7858,897.6812040354517,668.1264991514238,902.0,647.3
5715,7859,897.6812040354517,668.1264991514238,902.0,647.3
5716,7860,897.6812040354517,668.1264991514238,902.0,647.3
5717,7861,897.6812040354517,668.1264991514238,902.0,647.3
5718,7862,897.6812040354517,668.1264991514238,902.0,647.3
5719,7863,897.6812040354517,668.1264991514238,902.0,647.3
5720,7864,897.6812040354517,668.1264991514238,902.0,647.3
5721,7865,897.6812040354517,668.1264991514238,902.0,647.3
5722,7866,897.6812040354517,668.1264991514238,902.0,647.3
5723,7867,897.6812040354517,668.1264991514238,902.0,647.3
5724,7868,897.6812040354517,668.1264991514238,902.0,647.3
5725,7869,897.6812040354517,668.1264991514238,902.0,647.3
5726,7870,897.6812040354517,668.1264991514238,902.0,647.3
5727,7871,897.6812040354517,668.1264991514238,902.0,647.3
5728,7872,897.6812040354517,668.1264991514238,902.0,647.3
5729,7873,897.6812040354517,668.1264991514238,902.0,647.3
5730,7874,897.6812040354517,668.1264991514238,902.0,647.3
5731,7875,897.6812040354517,668.1264991514238,902.0,647.3
5732,7876,897.6812040354517,668.1264991514238,902.0,647.3
5733,7877,897.6812040354517,668.1264991514238,902.0,647.3
5734,7878,897.6812040354517,668.1264991514238,902.0,647.3
5735,7879,897.6812040354517,668.1264991514238,902.0,647.3
5736,7880,897.6812040354517,668.1264991514238,902.0,647.3
5737,7881,897.6812040354517,668.1264991514238,902.0,647.3
5738,7882,897.6812040354517,668.1264991514238,902.0,647.3
5739,7883,897.6812040354517,668.1264991514238,902.0,647.3
5740,7884,897.6812040354517,668.1264991514238,902.0,647.3
5741,7885,897.6812040354517,668.1264991514238,902.0,647.3
5742,7886,897.6812040354517,668.1264991514238,902.0,647.3
5743,7887,897.6812040354517,668.1264991514238,902.0,647.3
5744,7888,897.6812040354517,668.1264991514238,902.0,647.3
5745,7889,897.6812040354517,668.1264991514238,902.0,647.3
5746,7890,897.6812040354517,668.1264991514238,902.0,647.3
5747,7891,897.6812040354517,668.1264991514238,902.0,647.3
5748,7892,897.6812040354517,668.1264991514238,902.0,647.3
5749,7893,897.6812040354517,668.1264991514238,902.0,647.3
5750,7894,897.6812040354517,668.1264991514238,902.0,647.3
5751,7895,897.6812040354517,668.1264991514238,902.0,647.3
5752,7896,897.6812040354517,668.1264991514238,902.0,647.3
5753,7897,897.6812040354517,668.1264991514238,902.0,647.3
5754,7898,897.6812040354517,668.1264991514238,902.0,647.3
5755,7899,897.6812040354517,668.1264991514238,902.0,647.3
5756,7900,897.6812040354517,668.1264991514238,902.0,647.3
5757,7901,897.6812040354517,668.1264991514238,902.0,647.3
5758,7902,897.6812040354517,668.1264991514238,902.0,647.3
5759,7903,897.6812040354517,668.1264991514238,902.0,647.3
5760,7904,897.6812040354517,668.1264991514238,902.0,647.3
5761,7905,897.6812040354517,668.1264991514238,902.0,647.3
5762,7906,897.6812040354517,668.1264991514238,902.0,647.3
5763,7907,897.6812040354517,668.1264991514238,902.0,647.3
5764,7908,897.6812040354517,668.1264991514238,902.0,647.3
5765,7909,897.6812040354517,668.1264991514238,902.0,647.3
5765,7910,897.6812040354517,668.1264991514238,902.0,647.3
5765,7911,897.6812040354517,668.1264991514238,902.0,647.3
5765,7912,897.6812040354517,668.1264991514238,902.0,647.3
5765,7913,897.6812040354517,668.1264991514238,902.0,647.3
5765,7914,897.6812040354517,668.1264991514238,902.0,647.3
5765,7915,897.6812040354517,668.1264991514238,902.0,647.3
5765,7916,897.6812040354517,668.1264991514238,902.0,647.3
5765,7917,897.6812040354517,668.1264991514238,902.0,647.3
5765,7918,897.6812040354517,668.1264991514238,902.0,647.3
5765,7919,897.6812040354517,668.1264991514238,902.0,647.3
5765,7920,897.6812040354517,668.1264991514238,902.0,647.3
5765,7921,897.6812040354517,668.1264991514238,902.0,647.3
5765,7922,897.6812040354517,668.1264991514238,902.0,647.3
5765,7923,897.6812040354517,668.1264991514238,902.0,647.3
5765,7924,897.6812040354517,668.1264991514238,902.0,647.3
5765,7925,897.6812040354517,668.1264991514238,902.0,647.3
5765,7926,897.6812040354517,668.1264991514238,902.0,647.3
5765,7927,897.6812040354517,668.1264991514238,902.0,647.3
5765,7928,897.6812040354517,668.1264991514238,902.0,647.3
5765,7929,897.6812040354517,668.1264991514238,902.0,647.3
5765,7930,897.6812040354517,668.1264991514238,902.0,647.3
5765,7931,897.6812040354517,668.1264991514238,902.0,647.3
5765,7932,897.6812040354517,668.1264991514238,902.0,647.3
5765,7933,897.6812040354517,668.1264991514238,902.0,647.3
5765,7934,897.6812040354517,668.1264991514238,902.0,647.3
5765,7935,897.6812040354517,668.1264991514238,902.0,647.3
5765,7936,897.6812040354517,668.1264991514238,902.0,647.3
5765,7937,897.6812040354517,668.1264991514238,902.0,647.3
5765,7938,897.6812040354517,668.1264991514238,902.0,647.3
5765,7939,897.6812040354517,668.1264991514238,902.0,647.3
5765,7940,897.6812040354517,668.1264991514238,902.0,647.3
5765,7941,897.6812040354517,668.1264991514238,902.0,647.3
5765,7942,897.6812040354517,668.1264991514238,902.0,647.3
5765,7943,897.6812040354517,668.1264991514238,902.0,647.3
5765,7944,897.6812040354517,668.1264991514238,902.0,647.3
5765,7945,897.6812040354517,668.1264991514238,902.0,647.3
5765,7946,897.6812040354517,668.1264991514238,902.0,647.3
5765,7947,897.6812040354517,668.1264991514238,902.0,647.3
5765,7948,897.6812040354517,668.1264991514238,902.0,647.3
5765,7949,897.6812040354517,668.1264991514238,902.0,647.3
5765,7950,897.6812040354517,668.1264991514238,902.0,647.3
5765,7951,897.6812040354517,668.1264991514238,902.0,647.3
5765,7952,897.6812040354517,668.1264991514238,902.0,647.3
5765,7953,897.6812040354517,668.1264991514238,902.0,647.3
5765,7954,897.6812040354517,668.1264991514238,902.0,647.3
5765,7955,897.6812040354517,668.1264991514238,902.0,647.3
5765,7956,897.6812040354517,668.1264991514238,902.0,647.3
5765,7957,897.6812040354517,668.1264991514238,902.0,647.3
5765,7958,897.6812040354517,668.1264991514238,902.0,647.3
5765,7959,897.6812040354517,668.1264991514238,902.0,647.3
5765,7960,897.6812040354517,668.1264991514238,902.0,647.3
5765,7961,897.6812040354517,668.1264991514238,902.0,647.3
5765,7962,897.6812040354517,668.1264991514238,902.0,647.3
5765,7963,897.6812040354517,668.1264991514238,902.0,647.3
5765,7964,897.6812040354517,668.1264991514238,902.0,647.3
5765,7965,897.6812040354517,668.1264991514238,902.0,647.3
5765,7966,897.6812040354517,668.1264991514238,902.0,647.3
5765,7967,897.6812040354517,668.1264991514238,902.0,647.3
5765,7968,897.6812040354517,668.1264991514238,902.0,647.3
5765,7969,897.6812040354517,668.1264991514238,902.0,647.3
5765,7970,897.6812040354517,668.1264991514238,902.0,647.3
5765,7971,897.6812040354517,668.1264991514238,902.0,647.3
5765,7972,897.6812040354517,668.1264991514238,902.0,647.3
5765,7973,897.6812040354517,668.1264991514238,902.0,647.3
5765,7974,897.6812040354517,668.1264991514238,902.0,647.3
5765,7975,897.6812040354517,668.1264991514238,902.0,647.3
5765,7976,897.6812040354517,668.1264991514238,902.0,647.3
5765,7977,897.6812040354517,668.1264991514238,902.0,647.3
5765,7978,897.6812040354517,668.1264991514238,902.0,647.3
5765,7979,897.6812040354517,668.1264991514238,902.0,647.3
5765,7980,897.6812040354517,668.1264991514238,902.0,647.3
5765,7981,897.6812040354517,668.1264991514238,902.0,647.3
5765,7982,897.6812040354517,668.1264991514238,902.0,647.3
5765,7983,897.6812040354517,668.1264991514238,902.0,647.3
5765,7984,897.6812040354517,668.1264991514238,902.0,647.3
5765,7985,897.6812040354517,668.1264991514238,902.0,647.3
5765,7986,897.6812040354517,668.1264991514238,902.0,647.3
5765,7987,897.6812040354517,668.1264991514238,902.0,647.3
5765,7988,897.6812040354517,668.1264991514238,902.0,647.3
5765,7989,897.6812040354517,668.1264991514238,902.0,647.3
5765,7990,897.6812040354517,668.1264991514238,902.0,647.3
5765,7991,897.6812040354517,668.1264991514238,902.0,647.3
5765,7992,897.6812040354517,668.1264991514238,902.0,647.3
5765,7993,897.6812040354517,668.1264991514238,902.0,647.3
5765,7994,897.6812040354517,668.1264991514238,902.0,647.3
5765,7995,897.6812040354517,668.1264991514238,902.0,647.3
5765,7996,897.6812040354517,668.1264991514238,902.0,647.3
5765,7997,897.6812040354517,668.1264991514238,902.0,647.3
5765,7998,897.6812040354517,668.1264991514238,902.0,647.3
5765,7999,897.6812040354517,668.1264991514238,902.0,647.3
5765,8000,897.6812040354517,668.1264991514238,902.0,647.3
5765,8001,897.6812040354517,668.1264991514238,902.0,647.3
5765,8002,897.6812040354517,668.1264991514238,902.0,647.3
5765,8003,897.6812040354517,668.1264991514238,902.0,647.3
5765,8004,897.6812040354517,668.1264991514238,902.0,647.3
5765,8005,897.6812040354517,668.1264991514238,902.0,647.3
5765,8006,897.6812040354517,668.1264991514238,902.0,647.3
5765,8007,897.6812040354517,668.1264991514238,902.0,647.3
5765,8008,897.6812040354517,668.1264991514238,902.0,647.3
5765,8009,897.6812040354517,668.1264991514238,902.0,647.3
5765,8010,897.6812040354517,668.1264991514238,902.0,647.3
5765,8011,897.6812040354517,668.1264991514238,902.0,647.3
5765,8012,897.6812040354517,668.1264991514238,902.0,647.3
5765,8013,897.6812040354517,668.1264991514238,902.0,647.3
5765,8014,897.6812040354517,668.1264991514238,902.0,647.3
5765,8015,897.6812040354517,668.1264991514238,902.0,647.3
5765,8016,897.6812040354517,668.1264991514238,902.0,647.3
5765,8017,897.6812040354517,668.1264991514238,902.0,647.3
5765,8018,897.6812040354517,668.1264991514238,902.0,647.3
5765,8019,897.6812040354517,668.1264991514238,902.0,647.3
5765,8020,897.6812040354517,668.1264991514238,902.0,647.3
5765,8021,897.6812040354517,668.1264991514238,902.0,647.3
5765,8022,897.6812040354517,668.1264991514238,902.0,647.3
5765,8023,897.6812040354517,668.1264991514238,902.0,647.3
5765,8024,897.6812040354517,668.1264991514238,902.0,647.3
5765,8025,897.6812040354517,668.1264991514238,902.0,647.3
5765,8026,897.6812040354517,668.1264991514238,902.0,647.3
5765,8027,897.6812040354517,668.1264991514238,902.0,647.3
5765,8028,897.6812040354517,668.1264991514238,902.0,647.3
5765,8029,897.6812040354517,668.1264991514238,902.0,647.3
5765,8030,897.6812040354517,668.1264991514238,902.0,647.3
5765,8031,897.6812040354517,668.1264991514238,902.0,647.3
5765,8032,897.6812040354517,668.1264991514238,902.0,647.3
5765,8033,897.6812040354517,668.1264991514238,902.0,647.3
5765,8034,897.6812040354517,668.1264991514238,902.0,647.3
5765,8035,897.6812040354517,668.1264991514238,902.0,647.3
5765,8036,897.6812040354517,668.1264991514238,902.0,647.3
5765,8037,897.6812040354517,668.1264991514238,902.0,647.3
5765,8038,897.6812040354517,668.1264991514238,902.0,647.3
5765,8039,897.6812040354517,668.1264991514238,902.0,647.3
5765,8040,897.6812040354517,668.1264991514238,902.0,647.3
5765,8041,897.6812040354517,668.1264991514238,902.0,647.3
5765,8042,897.6812040354517,668.1264991514238,902.0,647.3
5765,8043,897.6812040354517,668.1264991514238,902.0,647.3
5765,8044,1054.6812040354516,657.1264991514238,902.0,647.3
5765,8045,1054.6812040354516,657.1264991514238,902.0,647.3
5765,8046,1054.6812040354516,657.1264991514238,902.0,647.3
5765,8047,1054.6812040354516,657.1264991514238,902.0,647.3
5765,8048,1054.6812040354516,657.1264991514238,902.0,647.3
5765,8049,1054.6812040354516,657.1264991514238,902.0,647.3
5765,8050,1054.6812040354516,657.1264991514238,902.0,647.3
5765,8051,1054.6812040354516,657.1264991514238,902.0,647.3
5765,8052,1054.6812040354516,657.1264991514238,902.0,647.3
5765,8053,1054.6812040354516,657.1264991514238,902.0,647.3
5765,8054,1054.6812040354516,657.1264991514238,902.0,647.3
5765,8055,1054.6812040354516,657.1264991514238,902.0,647.3
5765,8056,1054.6812040354516,657.1264991514238,902.0,647.3
5765,8057,1054.6812040354516,657.1264991514238,902.0,647.3
5765,8058,1054.6812040354516,657.1264991514238,902.0,647.3
5765,8059,1054.6812040354516,657.1264991514238,902.0,647.3
5765,8060,1054.6812040354516,657.1264991514238,902.0,647.3
5765,8061,1054.6812040354516,657.1264991514238,902.0,647.3
5765,8062,1054.6812040354516,657.1264991514238,902.0,647.3
5765,8063,1054.6812040354516,657.1264991514238,902.0,647.3
5765,8064,1054.6812040354516,657.1264991514238,902.0,647.3
5765,8065,1054.6812040354516,657.1264991514238,902.0,647.3
5765,8066,1054.6812040354516,657.1264991514238,902.0,647.3
5765,8067,1054.6812040354516,657.1264991514238,902.0,647.3
5765,8068,1054.6812040354516,657.1264991514238,902.0,647.3
5765,8069,1054.6812040354516,657.1264991514238,902.0,647.3
5765,8070,1054.6812040354516,657.1264991514238,902.0,647.3
5765,8071,1054.6812040354516,657.1264991514238,902.0,647.3
5765,8072,1054.6812040354516,657.1264991514238,902.0,647.3
5765,8073,1054.6812040354516,657.1264991514238,902.0,647.3
5765,8074,1054.6812040354516,657.1264991514238,902.0,647.3
5765,8075,1054.6812040354516,657.1264991514238,902.0,647.3
5765,8076,1054.6812040354516,657.1264991514238,902.0,647.3
5765,8077,1211.6812040354516,646.1264991514238,902.0,647.3
5765,8078,1211.6812040354516,646.1264991514238,902.0,647.3
5765,8079,1211.6812040354516,646.1264991514238,902.0,647.3
5765,8080,1211.6812040354516,646.1264991514238,902.0,647.3
5765,8081,1211.6812040354516,646.1264991514238,902.0,647.3
5765,8082,1211.6812040354516,646.1264991514238,902.0,647.3
5765,8083,1211.6812040354516,646.1264991514238,902.0,647.3
5765,8084,1211.6812040354516,646.1264991514238,902.0,647.3
5765,8085,1211.6812040354516,646.1264991514238,902.0,647.3
5765,8086,1211.6812040354516,646.1264991514238,902.0,647.3
5765,8087,1211.6812040354516,646.1264991514238,902.0,647.3
5765,8088,1211.6812040354516,646.1264991514238,902.0,647.3
5765,8089,1211.6812040354516,646.1264991514238,902.0,647.3
5765,8090,1211.6812040354516,646.1264991514238,902.0,647.3
5765,8091,1211.6812040354516,646.1264991514238,902.0,647.3
5765,8092,1211.6812040354516,646.1264991514238,902.0,647.3
5765,8093,1211.6812040354516,646.1264991514238,902.0,647.3
5765,8094,1211.6812040354516,646.1264991514238,902.0,647.3
5765,8095,1211.6812040354516,646.1264991514238,902.0,647.3
5765,8096,1211.6812040354516,646.1264991514238,902.0,647.3
5765,8097,1211.6812040354516,646.1264991514238,902.0,647.3
5765,8098,1211.6812040354516,646.1264991514238,902.0,647.3
5765,8099,1211.6812040354516,646.1264991514238,902.0,647.3
5765,8100,1211.6812040354516,646.1264991514238,902.0,647.3
5765,8101,1211.6812040354516,646.1264991514238,902.0,647.3
5765,8102,1211.6812040354516,646.1264991514238,902.0,647.3
5765,8103,1211.6812040354516,646.1264991514238,902.0,647.3
5765,8104,1211.6812040354516,646.1264991514238,902.0,647.3
5765,8105,1211.6812040354516,646.1264991514238,902.0,647.3
5765,8106,1211.6812040354516,646.1264991514238,902.0,647.3
5765,8107,1211.6812040354516,646.1264991514238,902.0,647.3
5765,8108,1211.6812040354516,646.1264991514238,902.0,647.3
5765,8109,1211.6812040354516,646.1264991514238,902.0,647.3
5765,8110,1211.6812040354516,646.1264991514238,902.0,647.3
5765,8111,1211.6812040354516,646.1264991514238,902.0,647.3
5765,8112,1211.6812040354516,646.1264991514238,902.0,647.3
5765,8113,1211.6812040354516,646.1264991514238,902.0,647.3
5765,8114,1211.6812040354516,646.1264991514238,902.0,647.3
5765,8115,1211.6812040354516,646.1264991514238,902.0,647.3
5765,8116,1211.6812040354516,646.1264991514238,902.0,647.3
5765,8117,1211.6812040354516,646.1264991514238,902.0,647.3
5765,8118,1211.6812040354516,646.1264991514238,902.0,647.3
5765,8119,1211.6812040354516,646.1264991514238,902.0,647.3
5765,8120,1211.6812040354516,646.1264991514238,902.0,647.3
5765,8121,1211.6812040354516,646.1264991514238,902.0,647.3
5765,8122,1211.6812040354516,646.1264991514238,902.0,647.3
5765,8123,1211.6812040354516,646.1264991514238,902.0,647.3
5765,8124,1211.6812040354516,646.1264991514238,902.0,647.3
5765,8125,1211.6812040354516,646.1264991514238,902.0,647.3
5765,8126,1211.6812040354516,646.1264991514238,902.0,647.3
5765,8127,1211.6812040354516,646.1264991514238,902.0,647.3
5765,8128,1211.6812040354516,646.1264991514238,902.0,647.3
5765,8129,1211.6812040354516,646.1264991514238,902.0,647.3
5765,8130,1211.6812040354516,646.1264991514238,902.0,647.3
5765,8131,1211.6812040354516,646.1264991514238,902.0,647.3
5765,8132,1211.6812040354516,646.1264991514238,902.0,647.3
5765,8133,1211.6812040354516,646.1264991514238,902.0,647.3
5765,8134,1211.6812040354516,646.1264991514238,902.0,647.3
5765,8135,1211.6812040354516,646.1264991514238,902.0,647.3
5765,8136,1211.6812040354516,646.1264991514238,902.0,647.3
5765,8137,1211.6812040354516,646.1264991514238,902.0,647.3
5765,8138,1211.6812040354516,646.1264991514238,902.0,647.3
5765,8139,1211.6812040354516,646.1264991514238,902.0,647.3
5765,8140,1211.6812040354516,646.1264991514238,902.0,647.3
5765,8141,1211.6812040354516,646.1264991514238,902.0,647.3
5765,8142,1211.6812040354516,646.1264991514238,902.0,647.3
5765,8143,1211.6812040354516,646.1264991514238,902.0,647.3
5765,8144,1211.6812040354516,646.1264991514238,902.0,647.3
5765,8145,1211.6812040354516,646.1264991514238,902.0,647.3
5765,8146,1211.6812040354516,646.1264991514238,902.0,647.3
5765,8147,1211.6812040354516,646.1264991514238,902.0,647.3
5765,8148,1211.6812040354516,646.1264991514238,902.0,647.3
5765,8149,1211.6812040354516,646.1264991514238,902.0,647.3
5765,8150,1211.6812040354516,646.1264991514238,902.0,647.3
5765,8151,1211.6812040354516,646.1264991514238,902.0,647.3
5765,8152,1211.6812040354516,646.1264991514238,902.0,647.3
5765,8153,1211.6812040354516,646.1264991514238,902.0,647.3
5765,8154,1211.6812040354516,646.1264991514238,902.0,647.3
5765,8155,1211.6812040354516,646.1264991514238,902.0,647.3
5765,8156,1211.6812040354516,646.1264991514238,902.0,647.3
5765,8157,1211.6812040354516,646.1264991514238,902.0,647.3
5765,8158,1211.6812040354516,646.1264991514238,902.0,647.3
5765,8159,1211.6812040354516,646.1264991514238,902.0,647.3
5765,8160,1211.6812040354516,646.1264991514238,902.0,647.3
5765,8161,1211.6812040354516,646.1264991514238,902.0,647.3
5765,8162,1211.6812040354516,646.1264991514238,902.0,647.3
5765,8163,1211.6812040354516,646.1264991514238,902.0,647.3
5765,8164,1211.6812040354516,646.1264991514238,902.0,647.3
5765,8165,1211.6812040354516,646.1264991514238,902.0,647.3
5765,8166,1211.6812040354516,646.1264991514238,902.0,647.3
5765,8167,1211.6812040354516,646.1264991514238,902.0,647.3
5765,8168,1211.6812040354516,646.1264991514238,902.0,647.3
5765,8169,1211.6812040354516,646.1264991514238,902.0,647.3
5765,8170,1211.6812040354516,646.1264991514238,902.0,647.3
5765,8171,1211.6812040354516,646.1264991514238,902.0,647.3
5765,8172,1211.6812040354516,646.1264991514238,902.0,647.3
5765,8173,1211.6812040354516,646.1264991514238,902.0,647.3
5765,8174,1211.6812040354516,646.1264991514238,902.0,647.3
5765,8175,1211.6812040354516,646.1264991514238,902.0,647.3
5765,8176,1211.6812040354516,646.1264991514238,902.0,647.3
5765,8177,1211.6812040354516,646.1264991514238,902.0,647.3
5765,8178,1211.6812040354516,646.1264991514238,902.0,647.3
5765,8179,1211.6812040354516,646.1264991514238,902.0,647.3
5765,8180,1211.6812040354516,646.1264991514238,902.0,647.3
5765,8181,1211.6812040354516,646.1264991514238,902.0,647.3
5765,8182,1211.6812040354516,646.1264991514238,902.0,647.3
5765,8183,1211.6812040354516,646.1264991514238,902.0,647.3
5765,8184,1211.6812040354516,646.1264991514238,902.0,647.3
5765,8185,1211.6812040354516,646.1264991514238,902.0,647.3
5765,8186,1211.6812040354516,646.1264991514238,902.0,647.3
5765,8187,1211.6812040354516,646.1264991514238,902.0,647.3
5765,8188,1211.6812040354516,646.1264991514238,902.0,647.3
5765,8189,1211.6812040354516,646.1264991514238,902.0,647.3
5765,8190,1211.6812040354516,646.1264991514238,902.0,647.3
5765,8191,1211.6812040354516,646.1264991514238,902.0,647.3
5765,8192,1211.6812040354516,646.1264991514238,902.0,647.3
5765,8193,1211.6812040354516,646.1264991514238,902.0,647.3
5765,8194,1211.6812040354516,646.1264991514238,902.0,647.3
5765,8195,1211.6812040354516,646.1264991514238,902.0,647.3
5765,8196,1211.6812040354516,646.1264991514238,902.0,647.3
5765,8197,1211.6812040354516,646.1264991514238,902.0,647.3
5765,8198,1211.6812040354516,646.1264991514238,902.0,647.3
5765,8199,1211.6812040354516,646.1264991514238,902.0,647.3
5765,8200,1211.6812040354516,646.1264991514238,902.0,647.3
5765,8201,1211.6812040354516,646.1264991514238,902.0,647.3
5765,8202,1211.6812040354516,646.1264991514238,902.0,647.3
5765,8203,1211.6812040354516,646.1264991514238,902.0,647.3
5765,8204,1211.6812040354516,646.1264991514238,902.0,647.3
5765,8205,1211.6812040354516,646.1264991514238,902.0,647.3
5765,8206,1211.6812040354516,646.1264991514238,902.0,647.3
5765,8207,1211.6812040354516,646.1264991514238,902.0,647.3
5765,8208,1211.6812040354516,646.1264991514238,902.0,647.3
5765,8209,1211.6812040354516,646.1264991514238,902.0,647.3
5765,8210,1211.6812040354516,646.1264991514238,902.0,647.3
5765,8211,763.6812040354517,622.1264991514238,902.0,647.3
5765,8212,763.6812040354517,622.1264991514238,902.0,647.3
5765,8213,763.6812040354517,622.1264991514238,902.0,647.3
5765,8214,763.6812040354517,622.1264991514238,902.0,647.3
5765,8215,763.6812040354517,622.1264991514238,902.0,647.3
5765,8216,763.6812040354517,622.1264991514238,902.0,647.3
5765,8217,763.6812040354517,622.1264991514238,902.0,647.3
5765,8218,763.6812040354517,622.1264991514238,902.0,647.3
5765,8219,763.6812040354517,622.1264991514238,902.0,647.3
5765,8220,763.6812040354517,622.1264991514238,902.0,647.3
5765,8221,763.6812040354517,622.1264991514238,902.0,647.3
5765,8222,763.6812040354517,622.1264991514238,902.0,647.3
5765,8223,763.6812040354517,622.1264991514238,902.0,647.3
5765,8224,763.6812040354517,622.1264991514238,902.0,647.3
5765,8225,763.6812040354517,622.1264991514238,902.0,647.3
5765,8226,763.6812040354517,622.1264991514238,902.0,647.3
5765,8227,763.6812040354517,622.1264991514238,902.0,647.3
5765,8228,763.6812040354517,622.1264991514238,902.0,647.3
5765,8229,763.6812040354517,622.1264991514238,902.0,647.3
5765,8230,763.6812040354517,622.1264991514238,902.0,647.3
5765,8231,763.6812040354517,622.1264991514238,902.0,647.3
5765,8232,763.6812040354517,622.1264991514238,902.0,647.3
5765,8233,763.6812040354517,622.1264991514238,902.0,647.3
5765,8234,763.6812040354517,622.1264991514238,902.0,647.3
5765,8235,763.6812040354517,622.1264991514238,902.0,647.3
5765,8236,763.6812040354517,622.1264991514238,902.0,647.3
5765,8237,763.6812040354517,622.1264991514238,902.0,647.3
5765,8238,763.6812040354517,622.1264991514238,902.0,647.3
5765,8239,763.6812040354517,622.1264991514238,902.0,647.3
5765,8240,763.6812040354517,622.1264991514238,902.0,647.3
5765,8241,763.6812040354517,622.1264991514238,902.0,647.3
5765,8242,763.6812040354517,622.1264991514238,902.0,647.3
5765,8243,763.6812040354517,622.1264991514238,902.0,647.3
5765,8244,763.6812040354517,622.1264991514238,902.0,647.3
5765,8245,763.6812040354517,622.1264991514238,902.0,647.3
5765,8246,763.6812040354517,622.1264991514238,902.0,647.3
5765,8247,763.6812040354517,622.1264991514238,902.0,647.3
5765,8248,763.6812040354517,622.1264991514238,902.0,647.3
5765,8249,763.6812040354517,622.1264991514238,902.0,647.3
5765,8250,763.6812040354517,622.1264991514238,902.0,647.3
5765,8251,763.6812040354517,622.1264991514238,902.0,647.3
5765,8252,763.6812040354517,622.1264991514238,902.0,647.3
5765,8253,763.6812040354517,622.1264991514238,902.0,647.3
5765,8254,763.6812040354517,622.1264991514238,902.0,647.3
5765,8255,763.6812040354517,622.1264991514238,902.0,647.3
5765,8256,763.6812040354517,622.1264991514238,902.0,647.3
5765,8257,763.6812040354517,622.1264991514238,902.0,647.3
5765,8258,763.6812040354517,622.1264991514238,902.0,647.3
5765,8259,763.6812040354517,622.1264991514238,902.0,647.3
5765,8260,763.6812040354517,622.1264991514238,902.0,647.3
5765,8261,763.6812040354517,622.1264991514238,902.0,647.3
5765,8262,763.6812040354517,622.1264991514238,902.0,647.3
5765,8263,763.6812040354517,622.1264991514238,902.0,647.3
5765,8264,763.6812040354517,622.1264991514238,902.0,647.3
5765,8265,763.6812040354517,622.1264991514238,902.0,647.3
5765,8266,763.6812040354517,622.1264991514238,902.0,647.3
5765,8267,763.6812040354517,622.1264991514238,902.0,647.3
5765,8268,763.6812040354517,622.1264991514238,902.0,647.3
5765,8269,763.6812040354517,622.1264991514238,902.0,647.3
5765,8270,763.6812040354517,622.1264991514238,902.0,647.3
5765,8271,763.6812040354517,622.1264991514238,902.0,647.3
5765,8272,763.6812040354517,622.1264991514238,902.0,647.3
5765,8273,763.6812040354517,622.1264991514238,902.0,647.3
5765,8274,763.6812040354517,622.1264991514238,902.0,647.3
5765,8275,763.6812040354517,622.1264991514238,902.0,647.3
5765,8276,763.6812040354517,622.1264991514238,902.0,647.3
5765,8277,763.6812040354517,622.1264991514238,902.0,647.3
5765,8278,763.6812040354517,622.1264991514238,902.0,647.3
5765,8279,763.6812040354517,622.1264991514238,902.0,647.3
5765,8280,763.6812040354517,622.1264991514238,902.0,647.3
5765,8281,763.6812040354517,622.1264991514238,902.0,647.3
5765,8282,763.6812040354517,622.1264991514238,902.0,647.3
5765,8283,763.6812040354517,622.1264991514238,902.0,647.3
5765,8284,763.6812040354517,622.1264991514238,902.0,647.3
5765,8285,763.6812040354517,622.1264991514238,902.0,647.3
5765,8286,763.6812040354517,622.1264991514238,902.0,647.3
5765,8287,763.6812040354517,622.1264991514238,902.0,647.3
5765,8288,763.6812040354517,622.1264991514238,902.0,647.3
5765,8289,763.6812040354517,622.1264991514238,902.0,647.3
5765,8290,763.6812040354517,622.1264991514238,902.0,647.3
5765,8291,763.6812040354517,622.1264991514238,902.0,647.3
5765,8292,763.6812040354517,622.1264991514238,902.0,647.3
5765,8293,763.6812040354517,622.1264991514238,902.0,647.3
5765,8294,763.6812040354517,622.1264991514238,902.0,647.3
5765,8295,763.6812040354517,622.1264991514238,902.0,647.3
5765,8296,763.6812040354517,622.1264991514238,902.0,647.3
5765,8297,763.6812040354517,622.1264991514238,902.0,647.3
5765,8298,763.6812040354517,622.1264991514238,902.0,647.3
5765,8299,763.6812040354517,622.1264991514238,902.0,647.3
5765,8300,763.6812040354517,622.1264991514238,902.0,647.3
5765,8301,763.6812040354517,622.1264991514238,902.0,647.3
5765,8302,763.6812040354517,622.1264991514238,902.0,647.3
5765,8303,763.6812040354517,622.1264991514238,902.0,647.3
5765,8304,763.6812040354517,622.1264991514238,902.0,647.3
5765,8305,763.6812040354517,622.1264991514238,902.0,647.3
5765,8306,763.6812040354517,622.1264991514238,902.0,647.3
5765,8307,763.6812040354517,622.1264991514238,902.0,647.3
5765,8308,763.6812040354517,622.1264991514238,902.0,647.3
5765,8309,763.6812040354517,622.1264991514238,902.0,647.3
5765,8310,763.6812040354517,622.1264991514238,902.0,647.3
5765,8311,699.6812040354517,635.1264991514238,902.0,647.3
5765,8312,699.6812040354517,635.1264991514238,902.0,647.3
5765,8313,699.6812040354517,635.1264991514238,902.0,647.3
5765,8314,699.6812040354517,635.1264991514238,902.0,647.3
5765,8315,699.6812040354517,635.1264991514238,902.0,647.3
5765,8316,699.6812040354517,635.1264991514238,902.0,647.3
5765,8317,699.6812040354517,635.1264991514238,902.0,647.3
5765,8318,699.6812040354517,635.1264991514238,902.0,647.3
5765,8319,699.6812040354517,635.1264991514238,902.0,647.3
5765,8320,699.6812040354517,635.1264991514238,902.0,647.3
5765,8321,699.6812040354517,635.1264991514238,902.0,647.3
5765,8322,699.6812040354517,635.1264991514238,902.0,647.3
5765,8323,699.6812040354517,635.1264991514238,902.0,647.3
5765,8324,699.6812040354517,635.1264991514238,902.0,647.3
5765,8325,699.6812040354517,635.1264991514238,902.0,647.3
5765,8326,699.6812040354517,635.1264991514238,902.0,647.3
5765,8327,699.6812040354517,635.1264991514238,902.0,647.3
5765,8328,699.6812040354517,635.1264991514238,902.0,647.3
5765,8329,699.6812040354517,635.1264991514238,902.0,647.3
5765,8330,699.6812040354517,635.1264991514238,902.0,647.3
5765,8331,699.6812040354517,635.1264991514238,902.0,647.3
5765,8332,699.6812040354517,635.1264991514238,902.0,647.3
5765,8333,699.6812040354517,635.1264991514238,902.0,647.3
5765,8334,699.6812040354517,635.1264991514238,902.0,647.3
5765,8335,699.6812040354517,635.1264991514238,902.0,647.3
5765,8336,699.6812040354517,635.1264991514238,902.0,647.3
5765,8337,699.6812040354517,635.1264991514238,902.0,647.3
5765,8338,699.6812040354517,635.1264991514238,902.0,647.3
5765,8339,699.6812040354517,635.1264991514238,902.0,647.3
5765,8340,699.6812040354517,635.1264991514238,902.0,647.3
5765,8341,699.6812040354517,635.1264991514238,902.0,647.3
5765,8342,699.6812040354517,635.1264991514238,902.0,647.3
5765,8343,699.6812040354517,635.1264991514238,902.0,647.3
5765,8344,634.6812040354517,648.1264991514238,902.0,647.3
5765,8345,634.6812040354517,648.1264991514238,902.0,647.3
5765,8346,634.6812040354517,648.1264991514238,902.0,647.3
5765,8347,634.6812040354517,648.1264991514238,902.0,647.3
5765,8348,634.6812040354517,648.1264991514238,902.0,647.3
5765,8349,634.6812040354517,648.1264991514238,902.0,647.3
5765,8350,634.6812040354517,648.1264991514238,902.0,647.3
5765,8351,634.6812040354517,648.1264991514238,902.0,647.3
5765,8352,634.6812040354517,648.1264991514238,902.0,647.3
5765,8353,634.6812040354517,648.1264991514238,902.0,647.3
5765,8354,634.6812040354517,648.1264991514238,902.0,647.3
5765,8355,634.6812040354517,648.1264991514238,902.0,647.3
5765,8356,634.6812040354517,648.1264991514238,902.0,647.3
5765,8357,634.6812040354517,648.1264991514238,902.0,647.3
5765,8358,634.6812040354517,648.1264991514238,902.0,647.3
5765,8359,634.6812040354517,648.1264991514238,902.0,647.3
5765,8360,634.6812040354517,648.1264991514238,902.0,647.3
5765,8361,634.6812040354517,648.1264991514238,902.0,647.3
5765,8362,634.6812040354517,648.1264991514238,902.0,647.3
5765,8363,634.6812040354517,648.1264991514238,902.0,647.3
5765,8364,634.6812040354517,648.1264991514238,902.0,647.3
5765,8365,634.6812040354517,648.1264991514238,902.0,647.3
5765,8366,634.6812040354517,648.1264991514238,902.0,647.3
5765,8367,634.6812040354517,648.1264991514238,902.0,647.3
5765,8368,634.6812040354517,648.1264991514238,902.0,647.3
5765,8369,634.6812040354517,648.1264991514238,902.0,647.3
5765,8370,634.6812040354517,648.1264991514238,902.0,647.3
5765,8371,634.6812040354517,648.1264991514238,902.0,647.3
5765,8372,634.6812040354517,648.1264991514238,902.0,647.3
5765,8373,634.6812040354517,648.1264991514238,902.0,647.3
5765,8374,634.6812040354517,648.1264991514238,902.0,647.3
5765,8375,634.6812040354517,648.1264991514238,902.0,647.3
5765,8376,634.6812040354517,648.1264991514238,902.0,647.3
5765,8377,634.6812040354517,648.1264991514238,902.0,647.3
5765,8378,634.6812040354517,648.1264991514238,902.0,647.3
5765,8379,634.6812040354517,648.1264991514238,902.0,647.3
5765,8380,634.6812040354517,648.1264991514238,902.0,647.3
5765,8381,634.6812040354517,648.1264991514238,902.0,647.3
5765,8382,634.6812040354517,648.1264991514238,902.0,647.3
5765,8383,634.6812040354517,648.1264991514238,902.0,647.3
5765,8384,634.6812040354517,648.1264991514238,902.0,647.3
5765,8385,634.6812040354517,648.1264991514238,902.0,647.3
5765,8386,634.6812040354517,648.1264991514238,902.0,647.3
5765,8387,634.6812040354517,648.1264991514238,902.0,647.3
5765,8388,634.6812040354517,648.1264991514238,902.0,647.3
5765,8389,634.6812040354517,648.1264991514238,902.0,647.3
5765,8390,634.6812040354517,648.1264991514238,902.0,647.3
5765,8391,634.6812040354517,648.1264991514238,902.0,647.3
5765,8392,634.6812040354517,648.1264991514238,902.0,647.3
5765,8393,634.6812040354517,648.1264991514238,902.0,647.3
5765,8394,634.6812040354517,648.1264991514238,902.0,647.3
5765,8395,634.6812040354517,648.1264991514238,902.0,647.3
5765,8396,634.6812040354517,648.1264991514238,902.0,647.3
5765,8397,634.6812040354517,648.1264991514238,902.0,647.3
5765,8398,634.6812040354517,648.1264991514238,902.0,647.3
5765,8399,634.6812040354517,648.1264991514238,902.0,647.3
5765,8400,634.6812040354517,648.1264991514238,902.0,647.3
5765,8401,634.6812040354517,648.1264991514238,902.0,647.3
5765,8402,634.6812040354517,648.1264991514238,902.0,647.3
5765,8403,634.6812040354517,648.1264991514238,902.0,647.3
5765,8404,634.6812040354517,648.1264991514238,902.0,647.3
5765,8405,634.6812040354517,648.1264991514238,902.0,647.3
5765,8406,634.6812040354517,648.1264991514238,902.0,647.3
5765,8407,634.6812040354517,648.1264991514238,902.0,647.3
5765,8408,634.6812040354517,648.1264991514238,902.0,647.3
5765,8409,634.6812040354517,648.1264991514238,902.0,647.3
5765,8410,634.6812040354517,648.1264991514238,902.0,647.3
5765,8411,634.6812040354517,648.1264991514238,902.0,647.3
5765,8412,634.6812040354517,648.1264991514238,902.0,647.3
5765,8413,634.6812040354517,648.1264991514238,902.0,647.3
5765,8414,634.6812040354517,648.1264991514238,902.0,647.3
5765,8415,634.6812040354517,648.1264991514238,902.0,647.3
5765,8416,634.6812040354517,648.1264991514238,902.0,647.3
5765,8417,634.6812040354517,648.1264991514238,902.0,647.3
5765,8418,634.6812040354517,648.1264991514238,902.0,647.3
5765,8419,634.6812040354517,648.1264991514238,902.0,647.3
5765,8420,634.6812040354517,648.1264991514238,902.0,647.3
5765,8421,634.6812040354517,648.1264991514238,902.0,647.3
5765,8422,634.6812040354517,648.1264991514238,902.0,647.3
5765,8423,634.6812040354517,648.1264991514238,902.0,647.3
5765,8424,634.6812040354517,648.1264991514238,902.0,647.3
5765,8425,634.6812040354517,648.1264991514238,902.0,647.3
5765,8426,634.6812040354517,648.1264991514238,902.0,647.3
5765,8427,634.6812040354517,648.1264991514238,902.0,647.3
5765,8428,634.6812040354517,648.1264991514238,902.0,647.3
5765,8429,634.6812040354517,648.1264991514238,902.0,647.3
5765,8430,634.6812040354517,648.1264991514238,902.0,647.3
5765,8431,634.6812040354517,648.1264991514238,902.0,647.3
5765,8432,634.6812040354517,648.1264991514238,902.0,647.3
5765,8433,634.6812040354517,648.1264991514238,902.0,647.3
5765,8434,634.6812040354517,648.1264991514238,902.0,647.3
5765,8435,634.6812040354517,648.1264991514238,902.0,647.3
5765,8436,634.6812040354517,648.1264991514238,902.0,647.3
5765,8437,634.6812040354517,648.1264991514238,902.0,647.3
5765,8438,634.6812040354517,648.1264991514238,902.0,647.3
5765,8439,634.6812040354517,648.1264991514238,902.0,647.3
5765,8440,634.6812040354517,648.1264991514238,902.0,647.3
5765,8441,634.6812040354517,648.1264991514238,902.0,647.3
5765,8442,634.6812040354517,648.1264991514238,902.0,647.3
5765,8443,634.6812040354517,648.1264991514238,902.0,647.3
5765,8444,775.6812040354517,499.12649915142373,902.0,647.3
5765,8445,775.6812040354517,499.12649915142373,902.0,647.3
5765,8446,775.6812040354517,499.12649915142373,902.0,647.3
5765,8447,775.6812040354517,499.12649915142373,902.0,647.3
5765,8448,775.6812040354517,499.12649915142373,902.0,647.3
5765,8449,775.6812040354517,499.12649915142373,902.0,647.3
5765,8450,775.6812040354517,499.12649915142373,902.0,647.3
5765,8451,775.6812040354517,499.12649915142373,902.0,647.3
5765,8452,775.6812040354517,499.12649915142373,902.0,647.3
5765,8453,775.6812040354517,499.12649915142373,902.0,647.3
5765,8454,775.6812040354517,499.12649915142373,902.0,647.3
5765,8455,775.6812040354517,499.12649915142373,902.0,647.3
5765,8456,775.6812040354517,499.12649915142373,902.0,647.3
5765,8457,775.6812040354517,499.12649915142373,902.0,647.3
5765,8458,775.6812040354517,499.12649915142373,902.0,647.3
5765,8459,775.6812040354517,499.12649915142373,902.0,647.3
5765,8460,775.6812040354517,499.12649915142373,902.0,647.3
5765,8461,775.6812040354517,499.12649915142373,902.0,647.3
5765,8462,775.6812040354517,499.12649915142373,902.0,647.3
5765,8463,775.6812040354517,499.12649915142373,902.0,647.3
5765,8464,775.6812040354517,499.12649915142373,902.0,647.3
5765,8465,775.6812040354517,499.12649915142373,902.0,647.3
5765,8466,775.6812040354517,499.12649915142373,902.0,647.3
5765,8467,775.6812040354517,499.12649915142373,902.0,647.3
5765,8468,775.6812040354517,499.12649915142373,902.0,647.3
5765,8469,775.6812040354517,499.12649915142373,902.0,647.3
5765,8470,775.6812040354517,499.12649915142373,902.0,647.3
5765,8471,775.6812040354517,499.12649915142373,902.0,647.3
5765,8472,775.6812040354517,499.12649915142373,902.0,647.3
5765,8473,775.6812040354517,499.12649915142373,902.0,647.3
5765,8474,775.6812040354517,499.12649915142373,902.0,647.3
5765,8475,775.6812040354517,499.12649915142373,902.0,647.3
5765,8476,775.6812040354517,499.12649915142373,902.0,647.3
5765,8477,915.6812040354517,351.12649915142373,902.0,647.3
5765,8478,915.6812040354517,351.12649915142373,902.0,647.3
5765,8479,915.6812040354517,351.12649915142373,902.0,647.3
5765,8480,915.6812040354517,351.12649915142373,902.0,647.3
5765,8481,915.6812040354517,351.12649915142373,902.0,647.3
5765,8482,915.6812040354517,351.12649915142373,902.0,647.3
5765,8483,915.6812040354517,351.12649915142373,902.0,647.3
5765,8484,915.6812040354517,351.12649915142373,902.0,647.3
5765,8485,915.6812040354517,351.12649915142373,902.0,647.3
5765,8486,915.6812040354517,351.12649915142373,902.0,647.3
5765,8487,915.6812040354517,351.12649915142373,902.0,647.3
5765,8488,915.6812040354517,351.12649915142373,902.0,647.3
5765,8489,915.6812040354517,351.12649915142373,902.0,647.3
5765,8490,915.6812040354517,351.12649915142373,902.0,647.3
5765,8491,915.6812040354517,351.12649915142373,902.0,647.3
5765,8492,915.6812040354517,351.12649915142373,902.0,647.3
5765,8493,915.6812040354517,351.12649915142373,902.0,647.3
5765,8494,915.6812040354517,351.12649915142373,902.0,647.3
5765,8495,915.6812040354517,351.12649915142373,902.0,647.3
5765,8496,915.6812040354517,351.12649915142373,902.0,647.3
5765,8497,915.6812040354517,351.12649915142373,902.0,647.3
5765,8498,915.6812040354517,351.12649915142373,902.0,647.3
5765,8499,915.6812040354517,351.12649915142373,902.0,647.3
5765,8500,915.6812040354517,351.12649915142373,902.0,647.3
5765,8501,915.6812040354517,351.12649915142373,902.0,647.3
5765,8502,915.6812040354517,351.12649915142373,902.0,647.3
5765,8503,915.6812040354517,351.12649915142373,902.0,647.3
5765,8504,915.6812040354517,351.12649915142373,902.0,647.3
5765,8505,915.6812040354517,351.12649915142373,902.0,647.3
5765,8506,915.6812040354517,351.12649915142373,902.0,647.3
5765,8507,915.6812040354517,351.12649915142373,902.0,647.3
5765,8508,915.6812040354517,351.12649915142373,902.0,647.3
5765,8509,915.6812040354517,351.12649915142373,902.0,647.3
5765,8510,915.6812040354517,351.12649915142373,902.0,647.3
5765,8511,915.6812040354517,351.12649915142373,902.0,647.3
5765,8512,915.6812040354517,351.12649915142373,902.0,647.3
5765,8513,915.6812040354517,351.12649915142373,902.0,647.3
5765,8514,915.6812040354517,351.12649915142373,902.0,647.3
5765,8515,915.6812040354517,351.12649915142373,902.0,647.3
5765,8516,915.6812040354517,351.12649915142373,902.0,647.3
5765,8517,915.6812040354517,351.12649915142373,902.0,647.3
5765,8518,915.6812040354517,351.12649915142373,902.0,647.3
5765,8519,915.6812040354517,351.12649915142373,902.0,647.3
5765,8520,915.6812040354517,351.12649915142373,902.0,647.3
5765,8521,915.6812040354517,351.12649915142373,902.0,647.3
5765,8522,915.6812040354517,351.12649915142373,902.0,647.3
5765,8523,915.6812040354517,351.12649915142373,902.0,647.3
5765,8524,915.6812040354517,351.12649915142373,902.0,647.3
5765,8525,915.6812040354517,351.12649915142373,902.0,647.3
5765,8526,915.6812040354517,351.12649915142373,902.0,647.3
5765,8527,915.6812040354517,351.12649915142373,902.0,647.3
5765,8528,915.6812040354517,351.12649915142373,902.0,647.3
5765,8529,915.6812040354517,351.12649915142373,902.0,647.3
5765,8530,915.6812040354517,351.12649915142373,902.0,647.3
5765,8531,915.6812040354517,351.12649915142373,902.0,647.3
5765,8532,915.6812040354517,351.12649915142373,902.0,647.3
5765,8533,915.6812040354517,351.12649915142373,902.0,647.3
5765,8534,915.6812040354517,351.12649915142373,902.0,647.3
5765,8535,915.6812040354517,351.12649915142373,902.0,647.3
5765,8536,915.6812040354517,351.12649915142373,902.0,647.3
5765,8537,915.6812040354517,351.12649915142373,902.0,647.3
5765,8538,915.6812040354517,351.12649915142373,902.0,647.3
5765,8539,915.6812040354517,351.12649915142373,902.0,647.3
5765,8540,915.6812040354517,351.12649915142373,902.0,647.3
5765,8541,915.6812040354517,351.12649915142373,902.0,647.3
5765,8542,915.6812040354517,351.12649915142373,902.0,647.3
5765,8543,915.6812040354517,351.12649915142373,902.0,647.3
5765,8544,915.6812040354517,351.12649915142373,902.0,647.3
5765,8545,915.6812040354517,351.12649915142373,902.0,647.3
5765,8546,915.6812040354517,351.12649915142373,902.0,647.3
5765,8547,915.6812040354517,351.12649915142373,902.0,647.3
5765,8548,915.6812040354517,351.12649915142373,902.0,647.3
5765,8549,915.6812040354517,351.12649915142373,902.0,647.3
5765,8550,915.6812040354517,351.12649915142373,902.0,647.3
5765,8551,915.6812040354517,351.12649915142373,902.0,647.3
5765,8552,915.6812040354517,351.12649915142373,902.0,647.3
5765,8553,915.6812040354517,351.12649915142373,902.0,647.3
5765,8554,915.6812040354517,351.12649915142373,902.0,647.3
5765,8555,915.6812040354517,351.12649915142373,902.0,647.3
5765,8556,915.6812040354517,351.12649915142373,902.0,647.3
5765,8557,915.6812040354517,351.12649915142373,902.0,647.3
5765,8558,915.6812040354517,351.12649915142373,902.0,647.3
5765,8559,915.6812040354517,351.12649915142373,902.0,647.3
5765,8560,915.6812040354517,351.12649915142373,902.0,647.3
5765,8561,915.6812040354517,351.12649915142373,902.0,647.3
5765,8562,915.6812040354517,351.12649915142373,902.0,647.3
5765,8563,915.6812040354517,351.12649915142373,902.0,647.3
5765,8564,915.6812040354517,351.12649915142373,902.0,647.3
5765,8565,915.6812040354517,351.12649915142373,902.0,647.3
5765,8566,915.6812040354517,351.12649915142373,902.0,647.3
5765,8567,915.6812040354517,351.12649915142373,902.0,647.3
5765,8568,915.6812040354517,351.12649915142373,902.0,647.3
5765,8569,915.6812040354517,351.12649915142373,902.0,647.3
5765,8570,915.6812040354517,351.12649915142373,902.0,647.3
5765,8571,915.6812040354517,351.12649915142373,902.0,647.3
5765,8572,915.6812040354517,351.12649915142373,902.0,647.3
5765,8573,915.6812040354517,351.12649915142373,902.0,647.3
5765,8574,915.6812040354517,351.12649915142373,902.0,647.3
5765,8575,915.6812040354517,351.12649915142373,902.0,647.3
5765,8576,915.6812040354517,351.12649915142373,902.0,647.3
5765,8577,915.6812040354517,351.12649915142373,902.0,647.3
5765,8578,915.6812040354517,351.12649915142373,902.0,647.3
5765,8579,915.6812040354517,351.12649915142373,902.0,647.3
5765,8580,915.6812040354517,351.12649915142373,902.0,647.3
5765,8581,915.6812040354517,351.12649915142373,902.0,647.3
5765,8582,915.6812040354517,351.12649915142373,902.0,647.3
5765,8583,915.6812040354517,351.12649915142373,902.0,647.3
5765,8584,915.6812040354517,351.12649915142373,902.0,647.3
5765,8585,1041.6812040354516,501.12649915142373,902.0,647.3
5765,8586,1041.6812040354516,501.12649915142373,902.0,647.3
5765,8587,1041.6812040354516,501.12649915142373,902.0,647.3
5765,8588,1041.6812040354516,501.12649915142373,902.0,647.3
5765,8589,1041.6812040354516,501.12649915142373,902.0,647.3
5765,8590,1041.6812040354516,501.12649915142373,902.0,647.3
5765,8591,1041.6812040354516,501.12649915142373,902.0,647.3
5765,8592,1041.6812040354516,501.12649915142373,902.0,647.3
5765,8593,1041.6812040354516,501.12649915142373,902.0,647.3
5765,8594,1041.6812040354516,501.12649915142373,902.0,647.3
5765,8595,1041.6812040354516,501.12649915142373,902.0,647.3
5765,8596,1041.6812040354516,501.12649915142373,902.0,647.3
5765,8597,1041.6812040354516,501.12649915142373,902.0,647.3
5765,8598,1041.6812040354516,501.12649915142373,902.0,647.3
5765,8599,1041.6812040354516,501.12649915142373,902.0,647.3
5765,8600,1041.6812040354516,501.12649915142373,902.0,647.3
5765,8601,1041.6812040354516,501.12649915142373,905.74375,647.46875
5765,8602,1041.6812040354516,501.12649915142373,909.4875,647.6374999999999
5765,8603,1041.6812040354516,501.12649915142373,913.23125,647.80625
5765,8604,1041.6812040354516,501.12649915142373,916.975,647.9749999999999
5765,8605,1041.6812040354516,501.12649915142373,920.71875,648.14375
5765,8606,1041.6812040354516,501.12649915142373,924.4625,648.3125
5765,8607,1041.6812040354516,501.12649915142373,928.20625,648.4812499999999
5765,8608,1041.6812040354516,501.12649915142373,931.95,648.65
5765,8609,1041.6812040354516,501.12649915142373,935.69375,648.81875
5765,8610,1041.6812040354516,501.12649915142373,939.4375,648.9875
5765,8611,1167.6812040354516,651.1264991514238,943.18125,649.15625
5765,8612,1167.6812040354516,651.1264991514238,946.925,649.325
5765,8613,1167.6812040354516,651.1264991514238,950.6687499999999,649.49375
5765,8614,1167.6812040354516,651.1264991514238,954.4125,649.6625
5765,8615,1167.6812040354516,651.1264991514238,958.15625,649.83125
5765,8616,1167.6812040354516,651.1264991514238,961.9,650.0
5765,8617,1167.6812040354516,651.1264991514238,961.9,650.0
5765,8618,1167.6812040354516,651.1264991514238,961.9,650.0
5765,8619,1167.6812040354516,651.1264991514238,961.9,650.0
5765,8620,1167.6812040354516,651.1264991514238,961.9,650.0
5765,8621,1167.6812040354516,651.1264991514238,961.9,650.0
5765,8622,1167.6812040354516,651.1264991514238,961.9,650.0
5765,8623,1167.6812040354516,651.1264991514238,961.9,650.0
5765,8624,1167.6812040354516,651.1264991514238,961.9,650.0
5765,8625,1167.6812040354516,651.1264991514238,961.9,650.0
5765,8626,1167.6812040354516,651.1264991514238,961.9,650.0
5765,8627,1167.6812040354516,651.1264991514238,961.9,650.0
5765,8628,1167.6812040354516,651.1264991514238,961.9,650.0
5765,8629,1167.6812040354516,651.1264991514238,961.9,650.0
5765,8630,1167.6812040354516,651.1264991514238,961.9,650.0
5765,8631,1167.6812040354516,651.1264991514238,961.9,650.0
5765,8632,1167.6812040354516,651.1264991514238,961.9,650.0
5765,8633,1167.6812040354516,651.1264991514238,961.9,650.0
5765,8634,1167.6812040354516,651.1264991514238,961.9,650.0
5765,8635,1167.6812040354516,651.1264991514238,961.9,650.0
5765,8636,1167.6812040354516,651.1264991514238,961.9,650.0
5765,8637,1167.6812040354516,651.1264991514238,961.9,650.0
5765,8638,1167.6812040354516,651.1264991514238,961.9,650.0
5765,8639,1167.6812040354516,651.1264991514238,961.9,650.0
5765,8640,1167.6812040354516,651.1264991514238,961.9,650.0
5765,8641,1167.6812040354516,651.1264991514238,961.9,650.0
5765,8642,1167.6812040354516,651.1264991514238,961.9,650.0
5765,8643,1167.6812040354516,651.1264991514238,961.9,650.0
5765,8644,1167.6812040354516,651.1264991514238,961.9,650.0
5765,8645,1167.6812040354516,651.1264991514238,961.9,650.0
5765,8646,1167.6812040354516,651.1264991514238,961.9,650.0
5765,8647,1167.6812040354516,651.1264991514238,961.9,650.0
5765,8648,1167.6812040354516,651.1264991514238,961.9,650.0
5765,8649,1167.6812040354516,651.1264991514238,961.9,650.0
5765,8650,1167.6812040354516,651.1264991514238,961.9,650.0
5765,8651,1167.6812040354516,651.1264991514238,961.9,650.0
5765,8652,1167.6812040354516,651.1264991514238,961.9,650.0
5765,8653,1167.6812040354516,651.1264991514238,961.9,650.0
5765,8654,1167.6812040354516,651.1264991514238,961.9,650.0
5765,8655,1167.6812040354516,651.1264991514238,961.9,650.0
5765,8656,1167.6812040354516,651.1264991514238,961.9,650.0
5765,8657,1167.6812040354516,651.1264991514238,961.9,650.0
5765,8658,1167.6812040354516,651.1264991514238,961.9,650.0
5765,8659,1167.6812040354516,651.1264991514238,961.9,650.0
5765,8660,1167.6812040354516,651.1264991514238,961.9,650.0
5765,8661,1167.6812040354516,651.1264991514238,961.9,650.0
5765,8662,1167.6812040354516,651.1264991514238,961.9,650.0
5765,8663,1167.6812040354516,651.1264991514238,961.9,650.0
5765,8664,1167.6812040354516,651.1264991514238,961.9,650.0
5765,8665,1167.6812040354516,651.1264991514238,961.9,650.0
5765,8666,1167.6812040354516,651.1264991514238,961.9,650.0
5765,8667,1167.6812040354516,651.1264991514238,961.9,650.0
5765,8668,1167.6812040354516,651.1264991514238,961.9,650.0
5765,8669,1167.6812040354516,651.1264991514238,961.9,650.0
5765,8670,1167.6812040354516,651.1264991514238,961.9,650.0
5765,8671,1167.6812040354516,651.1264991514238,961.9,650.0
5765,8672,1167.6812040354516,651.1264991514238,961.9,650.0
5765,8673,1167.6812040354516,651.1264991514238,961.9,650.0
5765,8674,1167.6812040354516,651.1264991514238,961.9,650.0
5765,8675,1167.6812040354516,651.1264991514238,961.9,650.0
5765,8676,1167.6812040354516,651.1264991514238,961.9,650.0
5765,8677,1167.6812040354516,651.1264991514238,961.9,650.0
5765,8678,1167.6812040354516,651.1264991514238,961.9,650.0
5765,8679,1167.6812040354516,651.1264991514238,961.9,650.0
5765,8680,1167.6812040354516,651.1264991514238,961.9,650.0
5765,8681,1167.6812040354516,651.1264991514238,961.9,650.0
5765,8682,1167.6812040354516,651.1264991514238,961.9,650.0
5765,8683,1167.6812040354516,651.1264991514238,961.9,650.0
5765,8684,1167.6812040354516,651.1264991514238,961.9,650.0
5765,8685,1167.6812040354516,651.1264991514238,961.9,650.0
5765,8686,1167.6812040354516,651.1264991514238,961.9,650.0
5765,8687,1167.6812040354516,651.1264991514238,961.9,650.0
5765,8688,1167.6812040354516,651.1264991514238,961.9,650.0
5765,8689,1167.6812040354516,651.1264991514238,961.9,650.0
5765,8690,1167.6812040354516,651.1264991514238,961.9,650.0
5765,8691,1167.6812040354516,651.1264991514238,961.9,650.0
5765,8692,1167.6812040354516,651.1264991514238,961.9,650.0
5765,8693,1167.6812040354516,651.1264991514238,961.9,650.0
5765,8694,1167.6812040354516,651.1264991514238,961.9,650.0
5765,8695,1167.6812040354516,651.1264991514238,961.9,650.0
5765,8696,1167.6812040354516,651.1264991514238,961.9,650.0
5765,8697,1167.6812040354516,651.1264991514238,961.9,650.0
5765,8698,1167.6812040354516,651.1264991514238,961.9,650.0
5765,8699,1167.6812040354516,651.1264991514238,961.9,650.0
5765,8700,1167.6812040354516,651.1264991514238,961.9,650.0
5765,8701,1167.6812040354516,651.1264991514238,961.9,650.0
5765,8702,1167.6812040354516,651.1264991514238,961.9,650.0
5765,8703,1167.6812040354516,651.1264991514238,961.9,650.0
5765,8704,1167.6812040354516,651.1264991514238,961.9,650.0
5765,8705,1167.6812040354516,651.1264991514238,961.9,650.0
5765,8706,1167.6812040354516,651.1264991514238,961.9,650.0
5765,8707,1167.6812040354516,651.1264991514238,961.9,650.0
5765,8708,1167.6812040354516,651.1264991514238,961.9,650.0
5765,8709,1167.6812040354516,651.1264991514238,961.9,650.0
5765,8710,1167.6812040354516,651.1264991514238,961.9,650.0
5765,8711,1167.6812040354516,651.1264991514238,961.9,650.0
5765,8712,1167.6812040354516,651.1264991514238,961.9,650.0
5765,8713,1167.6812040354516,651.1264991514238,961.9,650.0
5765,8714,1167.6812040354516,651.1264991514238,961.9,650.0
5765,8715,1167.6812040354516,651.1264991514238,961.9,650.0
5765,8716,1167.6812040354516,651.1264991514238,961.9,650.0
5765,8717,1167.6812040354516,651.1264991514238,961.9,650.0
5765,8718,1167.6812040354516,651.1264991514238,961.9,650.0
5765,8719,1167.6812040354516,651.1264991514238,961.9,650.0
5765,8720,1167.6812040354516,651.1264991514238,961.9,650.0
5765,8721,1167.6812040354516,651.1264991514238,961.9,650.0
5765,8722,1167.6812040354516,651.1264991514238,961.9,650.0
5765,8723,1167.6812040354516,651.1264991514238,961.9,650.0
5765,8724,1167.6812040354516,651.1264991514238,961.9,650.0
5765,8725,1167.6812040354516,651.1264991514238,961.9,650.0
5765,8726,1167.6812040354516,651.1264991514238,961.9,650.0
5765,8727,1167.6812040354516,651.1264991514238,961.9,650.0
5765,8728,1167.6812040354516,651.1264991514238,961.9,650.0
5765,8729,1167.6812040354516,651.1264991514238,961.9,650.0
5765,8730,1167.6812040354516,651.1264991514238,961.9,650.0
5765,8731,1167.6812040354516,651.1264991514238,961.9,650.0
5765,8732,1167.6812040354516,651.1264991514238,961.9,650.0
5765,8733,1167.6812040354516,651.1264991514238,961.9,650.0
5765,8734,1167.6812040354516,651.1264991514238,961.9,650.0
5765,8735,1167.6812040354516,651.1264991514238,961.9,650.0
5765,8736,1167.6812040354516,651.1264991514238,961.9,650.0
5765,8737,1167.6812040354516,651.1264991514238,961.9,650.0
5765,8738,1167.6812040354516,651.1264991514238,961.9,650.0
5765,8739,1167.6812040354516,651.1264991514238,961.9,650.0
5765,8740,1167.6812040354516,651.1264991514238,961.9,650.0
5765,8741,1167.6812040354516,651.1264991514238,961.9,650.0
5765,8742,1167.6812040354516,651.1264991514238,961.9,650.0
5765,8743,1167.6812040354516,651.1264991514238,961.9,650.0
5765,8744,1167.6812040354516,651.1264991514238,961.9,650.0
5765,8745,1167.6812040354516,651.1264991514238,961.9,650.0
5765,8746,1167.6812040354516,651.1264991514238,961.9,650.0
5765,8747,1167.6812040354516,651.1264991514238,961.9,650.0
5765,8748,1167.6812040354516,651.1264991514238,961.9,650.0
5765,8749,1167.6812040354516,651.1264991514238,961.9,650.0
5765,8750,1167.6812040354516,651.1264991514238,961.9,650.0
5765,8751,1167.6812040354516,651.1264991514238,961.9,650.0
5765,8752,1054.6812040354516,645.1264991514238,961.9,650.0
5765,8753,1054.6812040354516,645.1264991514238,961.9,650.0
5765,8754,1054.6812040354516,645.1264991514238,961.9,650.0
5765,8755,1054.6812040354516,645.1264991514238,961.9,650.0
5765,8756,1054.6812040354516,645.1264991514238,961.9,650.0
5765,8757,1054.6812040354516,645.1264991514238,961.9,650.0
5765,8758,1054.6812040354516,645.1264991514238,961.9,650.0
5765,8759,1054.6812040354516,645.1264991514238,961.9,650.0
5765,8760,1054.6812040354516,645.1264991514238,961.9,650.0
5765,8761,1054.6812040354516,645.1264991514238,961.9,650.0
5765,8762,1054.6812040354516,645.1264991514238,961.9,650.0
5765,8763,1054.6812040354516,645.1264991514238,961.9,650.0
5765,8764,1054.6812040354516,645.1264991514238,961.9,650.0
5765,8765,1054.6812040354516,645.1264991514238,961.9,650.0
5765,8766,1054.6812040354516,645.1264991514238,961.9,650.0
5765,8767,1054.6812040354516,645.1264991514238,961.9,650.0
5765,8768,1054.6812040354516,645.1264991514238,961.9,650.0
5765,8769,1054.6812040354516,645.1264991514238,961.9,650.0
5765,8770,1054.6812040354516,645.1264991514238,961.9,650.0
5765,8771,1054.6812040354516,645.1264991514238,961.9,650.0
5765,8772,1054.6812040354516,645.1264991514238,961.9,650.0
5765,8773,1054.6812040354516,645.1264991514238,961.9,650.0
5765,8774,1054.6812040354516,645.1264991514238,961.9,650.0
5765,8775,1054.6812040354516,645.1264991514238,961.9,650.0
5765,8776,1054.6812040354516,645.1264991514238,961.9,650.0
5765,8777,941.6812040354517,639.1264991514238,961.9,650.0
5765,8778,941.6812040354517,639.1264991514238,961.9,650.0
5765,8779,941.6812040354517,639.1264991514238,961.9,650.0
5765,8780,941.6812040354517,639.1264991514238,961.9,650.0
5765,8781,941.6812040354517,639.1264991514238,961.9,650.0
5765,8782,941.6812040354517,639.1264991514238,961.9,650.0
5765,8783,941.6812040354517,639.1264991514238,961.9,650.0
5765,8784,941.6812040354517,639.1264991514238,961.9,650.0
5765,8785,941.6812040354517,639.1264991514238,961.9,650.0
5765,8786,941.6812040354517,639.1264991514238,961.9,650.0
5765,8787,941.6812040354517,639.1264991514238,961.9,650.0
5765,8788,941.6812040354517,639.1264991514238,961.9,650.0
5765,8789,941.6812040354517,639.1264991514238,961.9,650.0
5765,8790,941.6812040354517,639.1264991514238,961.9,650.0
5765,8791,941.6812040354517,639.1264991514238,961.9,650.0
5765,8792,941.6812040354517,639.1264991514238,961.9,650.0
5765,8793,941.6812040354517,639.1264991514238,961.9,650.0
5765,8794,941.6812040354517,639.1264991514238,961.9,650.0
5765,8795,941.6812040354517,639.1264991514238,961.9,650.0
5765,8796,941.6812040354517,639.1264991514238,961.9,650.0
5765,8797,941.6812040354517,639.1264991514238,961.9,650.0
5765,8798,941.6812040354517,639.1264991514238,961.9,650.0
5765,8799,941.6812040354517,639.1264991514238,961.9,650.0
5765,8800,941.6812040354517,639.1264991514238,961.9,650.0
5765,8801,941.6812040354517,639.1264991514238,961.9,650.0
5765,8802,941.6812040354517,639.1264991514238,961.9,650.0
5765,8803,941.6812040354517,639.1264991514238,961.9,650.0
5765,8804,941.6812040354517,639.1264991514238,961.9,650.0
5765,8805,941.6812040354517,639.1264991514238,961.9,650.0
5765,8806,941.6812040354517,639.1264991514238,961.9,650.0
5765,8807,941.6812040354517,639.1264991514238,961.9,650.0
5765,8808,941.6812040354517,639.1264991514238,961.9,650.0
5765,8809,941.6812040354517,639.1264991514238,961.9,650.0
5765,8810,941.6812040354517,639.1264991514238,961.9,650.0
5765,8811,941.6812040354517,639.1264991514238,961.9,650.0
5765,8812,941.6812040354517,639.1264991514238,961.9,650.0
5765,8813,941.6812040354517,639.1264991514238,961.9,650.0
5765,8814,941.6812040354517,639.1264991514238,961.9,650.0
5765,8815,941.6812040354517,639.1264991514238,961.9,650.0
5765,8816,941.6812040354517,639.1264991514238,961.9,650.0
5765,8817,941.6812040354517,639.1264991514238,961.9,650.0
5765,8818,941.6812040354517,639.1264991514238,961.9,650.0
5765,8819,941.6812040354517,639.1264991514238,961.9,650.0
5765,8820,941.6812040354517,639.1264991514238,961.9,650.0
5765,8821,941.6812040354517,639.1264991514238,961.9,650.0
5765,8822,941.6812040354517,639.1264991514238,961.9,650.0
5765,8823,941.6812040354517,639.1264991514238,961.9,650.0
5765,8824,941.6812040354517,639.1264991514238,961.9,650.0
5765,8825,941.6812040354517,639.1264991514238,961.9,650.0
5765,8826,941.6812040354517,639.1264991514238,961.9,650.0
5765,8827,941.6812040354517,639.1264991514238,961.9,650.0
5765,8828,941.6812040354517,639.1264991514238,961.9,650.0
5765,8829,941.6812040354517,639.1264991514238,961.9,650.0
5765,8830,941.6812040354517,639.1264991514238,961.9,650.0
5765,8831,941.6812040354517,639.1264991514238,961.9,650.0
5765,8832,941.6812040354517,639.1264991514238,961.9,650.0
5765,8833,941.6812040354517,639.1264991514238,961.9,650.0
5765,8834,941.6812040354517,639.1264991514238,961.9,650.0
5765,8835,941.6812040354517,639.1264991514238,961.9,650.0
5765,8836,941.6812040354517,639.1264991514238,961.9,650.0
5765,8837,941.6812040354517,639.1264991514238,961.9,650.0
5765,8838,941.6812040354517,639.1264991514238,961.9,650.0
5765,8839,941.6812040354517,639.1264991514238,961.9,650.0
5765,8840,941.6812040354517,639.1264991514238,961.9,650.0
5765,8841,941.6812040354517,639.1264991514238,961.9,650.0
5765,8842,941.6812040354517,639.1264991514238,961.9,650.0
5765,8843,941.6812040354517,639.1264991514238,961.9,650.0
5765,8844,941.6812040354517,639.1264991514238,961.9,650.0
5765,8845,941.6812040354517,639.1264991514238,961.9,650.0
5765,8846,941.6812040354517,639.1264991514238,961.9,650.0
5765,8847,941.6812040354517,639.1264991514238,961.9,650.0
5765,8848,941.6812040354517,639.1264991514238,961.9,650.0
5765,8849,941.6812040354517,639.1264991514238,961.9,650.0
5765,8850,941.6812040354517,639.1264991514238,961.9,650.0
5765,8851,941.6812040354517,639.1264991514238,961.9,650.0
5765,8852,941.6812040354517,639.1264991514238,961.9,650.0
5765,8853,941.6812040354517,639.1264991514238,961.9,650.0
5765,8854,941.6812040354517,639.1264991514238,961.9,650.0
5765,8855,941.6812040354517,639.1264991514238,961.9,650.0
5765,8856,941.6812040354517,639.1264991514238,961.9,650.0
5765,8857,941.6812040354517,639.1264991514238,961.9,650.0
5765,8858,941.6812040354517,639.1264991514238,961.9,650.0
5765,8859,941.6812040354517,639.1264991514238,961.9,650.0
5765,8860,941.6812040354517,639.1264991514238,961.9,650.0
5765,8861,941.6812040354517,639.1264991514238,961.9,650.0
5765,8862,941.6812040354517,639.1264991514238,961.9,650.0
5765,8863,941.6812040354517,639.1264991514238,961.9,650.0
5765,8864,941.6812040354517,639.1264991514238,961.9,650.0
5765,8865,941.6812040354517,639.1264991514238,961.9,650.0
5765,8866,941.6812040354517,639.1264991514238,961.9,650.0
5765,8867,941.6812040354517,639.1264991514238,961.9,650.0
5765,8868,941.6812040354517,639.1264991514238,961.9,650.0
5765,8869,941.6812040354517,639.1264991514238,961.9,650.0
5765,8870,941.6812040354517,639.1264991514238,961.9,650.0
5765,8871,941.6812040354517,639.1264991514238,961.9,650.0
5765,8872,941.6812040354517,639.1264991514238,961.9,650.0
5765,8873,941.6812040354517,639.1264991514238,961.9,650.0
5765,8874,941.6812040354517,639.1264991514238,961.9,650.0
5765,8875,941.6812040354517,639.1264991514238,961.9,650.0
5765,8876,941.6812040354517,639.1264991514238,961.9,650.0
5765,8877,941.6812040354517,639.1264991514238,961.9,650.0
5765,8878,941.6812040354517,639.1264991514238,961.9,650.0
5765,8879,941.6812040354517,639.1264991514238,961.9,650.0
5765,8880,941.6812040354517,639.1264991514238,961.9,650.0
5765,8881,941.6812040354517,639.1264991514238,961.9,650.0
5765,8882,941.6812040354517,639.1264991514238,961.9,650.0
5765,8883,941.6812040354517,639.1264991514238,961.9,650.0
5765,8884,941.6812040354517,639.1264991514238,961.9,650.0
5765,8885,941.6812040354517,639.1264991514238,961.9,650.0
5765,8886,941.6812040354517,639.1264991514238,961.9,650.0
5765,8887,941.6812040354517,639.1264991514238,961.9,650.0
5765,8888,941.6812040354517,639.1264991514238,961.9,650.0
5765,8889,941.6812040354517,639.1264991514238,961.9,650.0
5765,8890,941.6812040354517,639.1264991514238,961.9,650.0
5765,8891,941.6812040354517,639.1264991514238,961.9,650.0
5765,8892,941.6812040354517,639.1264991514238,961.9,650.0
5765,8893,941.6812040354517,639.1264991514238,961.9,650.0
5765,8894,941.6812040354517,639.1264991514238,961.9,650.0
5765,8895,941.6812040354517,639.1264991514238,961.9,650.0
5765,8896,941.6812040354517,639.1264991514238,961.9,650.0
5765,8897,941.6812040354517,639.1264991514238,961.9,650.0
5765,8898,941.6812040354517,639.1264991514238,961.9,650.0
5765,8899,941.6812040354517,639.1264991514238,961.9,650.0
5765,8900,941.6812040354517,639.1264991514238,961.9,650.0
5765,8901,941.6812040354517,639.1264991514238,961.9,650.0
5765,8902,941.6812040354517,639.1264991514238,961.9,650.0
5765,8903,941.6812040354517,639.1264991514238,961.9,650.0
5765,8904,941.6812040354517,639.1264991514238,961.9,650.0
5765,8905,941.6812040354517,639.1264991514238,961.9,650.0
5765,8906,941.6812040354517,639.1264991514238,961.9,650.0
5765,8907,941.6812040354517,639.1264991514238,961.9,650.0
5765,8908,941.6812040354517,639.1264991514238,961.9,650.0
5765,8909,941.6812040354517,639.1264991514238,961.9,650.0
5765,8910,941.6812040354517,639.1264991514238,961.9,650.0
5765,8911,941.6812040354517,639.1264991514238,961.9,650.0
5765,8912,941.6812040354517,639.1264991514238,961.9,650.0
5765,8913,941.6812040354517,639.1264991514238,961.9,650.0
5765,8914,941.6812040354517,639.1264991514238,961.9,650.0
5765,8915,941.6812040354517,639.1264991514238,961.9,650.0
5765,8916,941.6812040354517,639.1264991514238,961.9,650.0
5765,8917,941.6812040354517,639.1264991514238,961.9,650.0
5765,8918,941.6812040354517,639.1264991514238,961.9,650.0
5765,8919,941.6812040354517,639.1264991514238,961.9,650.0
5765,8920,941.6812040354517,639.1264991514238,961.9,650.0
5765,8921,941.6812040354517,639.1264991514238,961.9,650.0
5765,8922,941.6812040354517,639.1264991514238,961.9,650.0
5765,8923,941.6812040354517,639.1264991514238,961.9,650.0
5765,8924,941.6812040354517,639.1264991514238,961.9,650.0
5765,8925,941.6812040354517,639.1264991514238,961.9,650.0
5765,8926,941.6812040354517,639.1264991514238,961.9,650.0
5765,8927,941.6812040354517,639.1264991514238,961.9,650.0
5765,8928,941.6812040354517,639.1264991514238,961.9,650.0
5765,8929,941.6812040354517,639.1264991514238,961.9,650.0
5765,8930,941.6812040354517,639.1264991514238,961.9,650.0
5765,8931,941.6812040354517,639.1264991514238,961.9,650.0
5765,8932,941.6812040354517,639.1264991514238,961.9,650.0
5765,8933,941.6812040354517,639.1264991514238,961.9,650.0
5765,8934,941.6812040354517,639.1264991514238,961.9,650.0
5765,8935,941.6812040354517,639.1264991514238,961.9,650.0
5765,8936,941.6812040354517,639.1264991514238,961.9,650.0
5765,8937,941.6812040354517,639.1264991514238,961.9,650.0
5765,8938,941.6812040354517,639.1264991514238,961.9,650.0
5765,8939,941.6812040354517,639.1264991514238,961.9,650.0
5765,8940,941.6812040354517,639.1264991514238,961.9,650.0
5765,8941,941.6812040354517,639.1264991514238,961.9,650.0
5765,8942,941.6812040354517,639.1264991514238,961.9,650.0
5765,8943,941.6812040354517,639.1264991514238,961.9,650.0
5765,8944,941.6812040354517,639.1264991514238,961.9,650.0
5765,8945,941.6812040354517,639.1264991514238,961.9,650.0
5765,8946,941.6812040354517,639.1264991514238,961.9,650.0
5765,8947,941.6812040354517,639.1264991514238,961.9,650.0
5765,8948,941.6812040354517,639.1264991514238,961.9,650.0
5765,8949,941.6812040354517,639.1264991514238,961.9,650.0
5765,8950,941.6812040354517,639.1264991514238,961.9,650.0
5765,8951,941.6812040354517,639.1264991514238,961.9,650.0
5765,8952,941.6812040354517,639.1264991514238,961.9,650.0
5765,8953,941.6812040354517,639.1264991514238,961.9,650.0
5765,8954,941.6812040354517,639.1264991514238,961.9,650.0
5765,8955,941.6812040354517,639.1264991514238,961.9,650.0
5765,8956,941.6812040354517,639.1264991514238,961.9,650.0
5765,8957,941.6812040354517,639.1264991514238,961.9,650.0
5765,8958,941.6812040354517,639.1264991514238,961.9,650.0
5765,8959,941.6812040354517,639.1264991514238,961.9,650.0
5765,8960,941.6812040354517,639.1264991514238,961.9,650.0
5765,8961,941.6812040354517,639.1264991514238,961.9,650.0
5765,8962,941.6812040354517,639.1264991514238,961.9,650.0
5765,8963,941.6812040354517,639.1264991514238,961.9,650.0
5765,8964,941.6812040354517,639.1264991514238,961.9,650.0
5765,8965,941.6812040354517,639.1264991514238,961.9,650.0
5765,8966,941.6812040354517,639.1264991514238,961.9,650.0
5765,8967,941.6812040354517,639.1264991514238,961.9,650.0
5765,8968,941.6812040354517,639.1264991514238,961.9,650.0
5765,8969,941.6812040354517,639.1264991514238,961.9,650.0
5765,8970,941.6812040354517,639.1264991514238,961.9,650.0
5765,8971,941.6812040354517,639.1264991514238,961.9,650.0
5765,8972,941.6812040354517,639.1264991514238,961.9,650.0
5765,8973,941.6812040354517,639.1264991514238,961.9,650.0
5765,8974,941.6812040354517,639.1264991514238,961.9,650.0
5765,8975,941.6812040354517,639.1264991514238,961.9,650.0
5765,8976,941.6812040354517,639.1264991514238,961.9,650.0
5765,8977,941.6812040354517,639.1264991514238,961.9,650.0
5765,8978,941.6812040354517,639.1264991514238,961.9,650.0
5765,8979,941.6812040354517,639.1264991514238,961.9,650.0
5765,8980,941.6812040354517,639.1264991514238,961.9,650.0
5765,8981,941.6812040354517,639.1264991514238,961.9,650.0
5765,8982,941.6812040354517,639.1264991514238,961.9,650.0
5765,8983,941.6812040354517,639.1264991514238,961.9,650.0
5765,8984,941.6812040354517,639.1264991514238,961.9,650.0
5765,8985,941.6812040354517,639.1264991514238,961.9,650.0
5765,8986,941.6812040354517,639.1264991514238,961.9,650.0
5765,8987,941.6812040354517,639.1264991514238,961.9,650.0
5765,8988,941.6812040354517,639.1264991514238,961.9,650.0
5765,8989,941.6812040354517,639.1264991514238,961.9,650.0
5765,8990,941.6812040354517,639.1264991514238,961.9,650.0
5765,8991,941.6812040354517,639.1264991514238,961.9,650.0
5765,8992,941.6812040354517,639.1264991514238,961.9,650.0
5765,8993,941.6812040354517,639.1264991514238,961.9,650.0
5765,8994,941.6812040354517,639.1264991514238,961.9,650.0
5765,8995,941.6812040354517,639.1264991514238,961.9,650.0
5765,8996,941.6812040354517,639.1264991514238,961.9,650.0
5765,8997,941.6812040354517,639.1264991514238,961.9,650.0
5765,8998,941.6812040354517,639.1264991514238,961.9,650.0
5765,8999,941.6812040354517,639.1264991514238,961.9,650.0
5765,9000,941.6812040354517,639.1264991514238,961.9,650.0
5765,9001,941.6812040354517,639.1264991514238,961.9,650.0
5765,9002,941.6812040354517,639.1264991514238,961.9,650.0
5765,9003,941.6812040354517,639.1264991514238,961.9,650.0
5765,9004,941.6812040354517,639.1264991514238,961.9,650.0
5765,9005,941.6812040354517,639.1264991514238,961.9,650.0
5765,9006,941.6812040354517,639.1264991514238,961.9,650.0
5765,9007,941.6812040354517,639.1264991514238,961.9,650.0
5765,9008,941.6812040354517,639.1264991514238,961.9,650.0
5765,9009,941.6812040354517,639.1264991514238,961.9,650.0
5765,9010,809.6812040354517,633.1264991514238,961.9,650.0
5765,9011,809.6812040354517,633.1264991514238,961.9,650.0
5765,9012,809.6812040354517,633.1264991514238,961.9,650.0
5765,9013,809.6812040354517,633.1264991514238,961.9,650.0
5765,9014,809.6812040354517,633.1264991514238,961.9,650.0
5765,9015,809.6812040354517,633.1264991514238,961.9,650.0
5765,9016,809.6812040354517,633.1264991514238,961.9,650.0
5765,9017,809.6812040354517,633.1264991514238,961.9,650.0
5765,9018,809.6812040354517,633.1264991514238,961.9,650.0
5765,9019,809.6812040354517,633.1264991514238,961.9,650.0
5765,9020,809.6812040354517,633.1264991514238,961.9,650.0
5765,9021,809.6812040354517,633.1264991514238,961.9,650.0
5765,9022,809.6812040354517,633.1264991514238,961.9,650.0
5765,9023,809.6812040354517,633.1264991514238,961.9,650.0
5765,9024,809.6812040354517,633.1264991514238,961.9,650.0
5765,9025,809.6812040354517,633.1264991514238,961.9,650.0
5765,9026,809.6812040354517,633.1264991514238,961.9,650.0
5765,9027,809.6812040354517,633.1264991514238,961.9,650.0
5765,9028,809.6812040354517,633.1264991514238,961.9,650.0
5765,9029,809.6812040354517,633.1264991514238,961.9,650.0
5765,9030,809.6812040354517,633.1264991514238,961.9,650.0
5765,9031,809.6812040354517,633.1264991514238,961.9,650.0
5765,9032,809.6812040354517,633.1264991514238,961.9,650.0
5765,9033,809.6812040354517,633.1264991514238,961.9,650.0
5765,9034,809.6812040354517,633.1264991514238,961.9,650.0
5765,9035,809.6812040354517,633.1264991514238,961.9,650.0
5765,9036,809.6812040354517,633.1264991514238,961.9,650.0
5765,9037,809.6812040354517,633.1264991514238,961.9,650.0
5765,9038,809.6812040354517,633.1264991514238,961.9,650.0
5765,9039,809.6812040354517,633.1264991514238,961.9,650.0
5765,9040,809.6812040354517,633.1264991514238,961.9,650.0
5765,9041,809.6812040354517,633.1264991514238,961.9,650.0
5765,9042,809.6812040354517,633.1264991514238,961.9,650.0
5765,9043,809.6812040354517,633.1264991514238,961.9,650.0
5765,9044,809.6812040354517,633.1264991514238,961.9,650.0
5765,9045,809.6812040354517,633.1264991514238,961.9,650.0
5765,9046,809.6812040354517,633.1264991514238,961.9,650.0
5765,9047,809.6812040354517,633.1264991514238,961.9,650.0
5765,9048,809.6812040354517,633.1264991514238,961.9,650.0
5765,9049,809.6812040354517,633.1264991514238,961.9,650.0
5765,9050,809.6812040354517,633.1264991514238,961.9,650.0
5765,9051,809.6812040354517,633.1264991514238,961.9,650.0
5765,9052,809.6812040354517,633.1264991514238,961.9,650.0
5765,9053,809.6812040354517,633.1264991514238,961.9,650.0
5765,9054,809.6812040354517,633.1264991514238,961.9,650.0
5765,9055,809.6812040354517,633.1264991514238,961.9,650.0
5765,9056,809.6812040354517,633.1264991514238,961.9,650.0
5765,9057,809.6812040354517,633.1264991514238,961.9,650.0
5765,9058,809.6812040354517,633.1264991514238,961.9,650.0
5765,9059,809.6812040354517,633.1264991514238,961.9,650.0
5765,9060,809.6812040354517,633.1264991514238,961.9,650.0
5765,9061,809.6812040354517,633.1264991514238,961.9,650.0
5765,9062,809.6812040354517,633.1264991514238,961.9,650.0
5765,9063,809.6812040354517,633.1264991514238,961.9,650.0
5765,9064,809.6812040354517,633.1264991514238,961.9,650.0
5765,9065,809.6812040354517,633.1264991514238,961.9,650.0
5765,9066,809.6812040354517,633.1264991514238,961.9,650.0
5765,9067,809.6812040354517,633.1264991514238,961.9,650.0
5765,9068,809.6812040354517,633.1264991514238,961.9,650.0
5765,9069,809.6812040354517,633.1264991514238,961.9,650.0
5765,9070,809.6812040354517,633.1264991514238,961.9,650.0
5765,9071,809.6812040354517,633.1264991514238,961.9,650.0
5765,9072,809.6812040354517,633.1264991514238,961.9,650.0
5765,9073,809.6812040354517,633.1264991514238,961.9,650.0
5765,9074,809.6812040354517,633.1264991514238,961.9,650.0
5765,9075,809.6812040354517,633.1264991514238,961.9,650.0
5765,9076,809.6812040354517,633.1264991514238,961.9,650.0
5765,9077,809.6812040354517,633.1264991514238,961.9,650.0
5765,9078,809.6812040354517,633.1264991514238,961.9,650.0
5765,9079,809.6812040354517,633.1264991514238,961.9,650.0
5765,9080,809.6812040354517,633.1264991514238,961.9,650.0
5765,9081,809.6812040354517,633.1264991514238,961.9,650.0
5765,9082,809.6812040354517,633.1264991514238,961.9,650.0
5765,9083,809.6812040354517,633.1264991514238,961.9,650.0
5765,9084,809.6812040354517,633.1264991514238,961.9,650.0
5765,9085,809.6812040354517,633.1264991514238,961.9,650.0
5765,9086,809.6812040354517,633.1264991514238,961.9,650.0
5765,9087,809.6812040354517,633.1264991514238,961.9,650.0
5765,9088,809.6812040354517,633.1264991514238,961.9,650.0
5765,9089,809.6812040354517,633.1264991514238,961.9,650.0
5765,9090,809.6812040354517,633.1264991514238,961.9,650.0
5765,9091,809.6812040354517,633.1264991514238,961.9,650.0
5765,9092,809.6812040354517,633.1264991514238,961.9,650.0
5765,9093,809.6812040354517,633.1264991514238,961.9,650.0
5765,9094,809.6812040354517,633.1264991514238,961.9,650.0
5765,9095,809.6812040354517,633.1264991514238,961.9,650.0
5765,9096,809.6812040354517,633.1264991514238,961.9,650.0
5765,9097,809.6812040354517,633.1264991514238,961.9,650.0
5765,9098,809.6812040354517,633.1264991514238,961.9,650.0
5765,9099,809.6812040354517,633.1264991514238,961.9,650.0
5765,9100,809.6812040354517,633.1264991514238,961.9,650.0
5765,9101,809.6812040354517,633.1264991514238,961.9,650.0
5765,9102,809.6812040354517,633.1264991514238,961.9,650.0
5765,9103,809.6812040354517,633.1264991514238,961.9,650.0
5765,9104,809.6812040354517,633.1264991514238,961.9,650.0
5765,9105,809.6812040354517,633.1264991514238,961.9,650.0
5765,9106,809.6812040354517,633.1264991514238,961.9,650.0
5765,9107,809.6812040354517,633.1264991514238,961.9,650.0
5765,9108,809.6812040354517,633.1264991514238,961.9,650.0
5765,9109,809.6812040354517,633.1264991514238,961.9,650.0
5765,9110,809.6812040354517,633.1264991514238,961.9,650.0
5765,9111,846.6812040354517,635.1264991514238,961.9,650.0
5765,9112,846.6812040354517,635.1264991514238,961.9,650.0
5765,9113,846.6812040354517,635.1264991514238,961.9,650.0
5765,9114,846.6812040354517,635.1264991514238,961.9,650.0
5765,9115,846.6812040354517,635.1264991514238,961.9,650.0
5765,9116,846.6812040354517,635.1264991514238,961.9,650.0
5765,9117,846.6812040354517,635.1264991514238,961.9,650.0
5765,9118,846.6812040354517,635.1264991514238,961.9,650.0
5765,9119,846.6812040354517,635.1264991514238,961.9,650.0
5765,9120,846.6812040354517,635.1264991514238,961.9,650.0
5765,9121,846.6812040354517,635.1264991514238,961.9,650.0
5765,9122,846.6812040354517,635.1264991514238,961.9,650.0
5765,9123,846.6812040354517,635.1264991514238,961.9,650.0
5765,9124,846.6812040354517,635.1264991514238,961.9,650.0
5765,9125,846.6812040354517,635.1264991514238,961.9,650.0
5765,9126,846.6812040354517,635.1264991514238,961.9,650.0
5765,9127,846.6812040354517,635.1264991514238,961.9,650.0
5765,9128,846.6812040354517,635.1264991514238,961.9,650.0
5765,9129,846.6812040354517,635.1264991514238,961.9,650.0
5765,9130,846.6812040354517,635.1264991514238,961.9,650.0
5765,9131,846.6812040354517,635.1264991514238,961.9,650.0
5765,9132,846.6812040354517,635.1264991514238,961.9,650.0
5765,9133,846.6812040354517,635.1264991514238,961.9,650.0
5765,9134,846.6812040354517,635.1264991514238,961.9,650.0
5765,9135,846.6812040354517,635.1264991514238,961.9,650.0
5765,9136,846.6812040354517,635.1264991514238,961.9,650.0
5765,9137,846.6812040354517,635.1264991514238,961.9,650.0
5765,9138,846.6812040354517,635.1264991514238,961.9,650.0
5765,9139,846.6812040354517,635.1264991514238,961.9,650.0
5765,9140,846.6812040354517,635.1264991514238,961.9,650.0
5765,9141,846.6812040354517,635.1264991514238,961.9,650.0
5765,9142,846.6812040354517,635.1264991514238,961.9,650.0
5765,9143,846.6812040354517,635.1264991514238,961.9,650.0
5765,9144,883.6812040354517,637.1264991514238,961.9,650.0
5765,9145,883.6812040354517,637.1264991514238,961.9,650.0
5765,9146,883.6812040354517,637.1264991514238,961.9,650.0
5765,9147,883.6812040354517,637.1264991514238,961.9,650.0
5765,9148,883.6812040354517,637.1264991514238,961.9,650.0
5765,9149,883.6812040354517,637.1264991514238,961.9,650.0
5765,9150,883.6812040354517,637.1264991514238,961.9,650.0
5765,9151,883.6812040354517,637.1264991514238,961.9,650.0
5765,9152,883.6812040354517,637.1264991514238,961.9,650.0
5765,9153,883.6812040354517,637.1264991514238,961.9,650.0
5765,9154,883.6812040354517,637.1264991514238,961.9,650.0
5765,9155,883.6812040354517,637.1264991514238,961.9,650.0
5765,9156,883.6812040354517,637.1264991514238,961.9,650.0
5765,9157,883.6812040354517,637.1264991514238,961.9,650.0
5765,9158,883.6812040354517,637.1264991514238,961.9,650.0
5765,9159,883.6812040354517,637.1264991514238,961.9,650.0
5765,9160,883.6812040354517,637.1264991514238,961.9,650.0
5765,9161,883.6812040354517,637.1264991514238,961.9,650.0
5765,9162,883.6812040354517,637.1264991514238,961.9,650.0
5765,9163,883.6812040354517,637.1264991514238,961.9,650.0
5765,9164,883.6812040354517,637.1264991514238,961.9,650.0
5765,9165,883.6812040354517,637.1264991514238,961.9,650.0
5765,9166,883.6812040354517,637.1264991514238,961.9,650.0
5765,9167,883.6812040354517,637.1264991514238,961.9,650.0
5765,9168,883.6812040354517,637.1264991514238,961.9,650.0
5765,9169,883.6812040354517,637.1264991514238,961.9,650.0
5765,9170,883.6812040354517,637.1264991514238,961.9,650.0
5765,9171,883.6812040354517,637.1264991514238,961.9,650.0
5765,9172,883.6812040354517,637.1264991514238,961.9,650.0
5765,9173,883.6812040354517,637.1264991514238,961.9,650.0
5765,9174,883.6812040354517,637.1264991514238,961.9,650.0
5765,9175,883.6812040354517,637.1264991514238,961.9,650.0
5765,9176,883.6812040354517,637.1264991514238,961.9,650.0
5765,9177,883.6812040354517,637.1264991514238,961.9,650.0
5765,9178,883.6812040354517,637.1264991514238,961.9,650.0
5765,9179,883.6812040354517,637.1264991514238,961.9,650.0
5765,9180,883.6812040354517,637.1264991514238,961.9,650.0
5765,9181,883.6812040354517,637.1264991514238,961.9,650.0
5765,9182,883.6812040354517,637.1264991514238,961.9,650.0
5765,9183,883.6812040354517,637.1264991514238,961.9,650.0
5765,9184,883.6812040354517,637.1264991514238,961.9,650.0
5765,9185,883.6812040354517,637.1264991514238,961.9,650.0
5765,9186,883.6812040354517,637.1264991514238,961.9,650.0
5765,9187,883.6812040354517,637.1264991514238,961.9,650.0
5765,9188,883.6812040354517,637.1264991514238,961.9,650.0
5765,9189,883.6812040354517,637.1264991514238,961.9,650.0
5765,9190,883.6812040354517,637.1264991514238,961.9,650.0
5765,9191,883.6812040354517,637.1264991514238,961.9,650.0
5765,9192,883.6812040354517,637.1264991514238,961.9,650.0
5765,9193,883.6812040354517,637.1264991514238,961.9,650.0
5765,9194,883.6812040354517,637.1264991514238,961.9,650.0
5765,9195,883.6812040354517,637.1264991514238,961.9,650.0
5765,9196,883.6812040354517,637.1264991514238,961.9,650.0
5765,9197,883.6812040354517,637.1264991514238,961.9,650.0
5765,9198,883.6812040354517,637.1264991514238,961.9,650.0
5765,9199,883.6812040354517,637.1264991514238,961.9,650.0
5765,9200,883.6812040354517,637.1264991514238,961.9,650.0
5765,9201,883.6812040354517,637.1264991514238,961.9,650.0
5765,9202,883.6812040354517,637.1264991514238,961.9,650.0
5765,9203,883.6812040354517,637.1264991514238,961.9,650.0
5765,9204,883.6812040354517,637.1264991514238,961.9,650.0
5765,9205,883.6812040354517,637.1264991514238,961.9,650.0
5765,9206,883.6812040354517,637.1264991514238,961.9,650.0
5765,9207,883.6812040354517,637.1264991514238,961.9,650.0
5765,9208,883.6812040354517,637.1264991514238,961.9,650.0
5765,9209,883.6812040354517,637.1264991514238,961.9,650.0
5765,9210,883.6812040354517,637.1264991514238,961.9,650.0
5765,9211,883.6812040354517,637.1264991514238,961.9,650.0
5765,9212,883.6812040354517,637.1264991514238,961.9,650.0
5765,9213,883.6812040354517,637.1264991514238,961.9,650.0
5765,9214,883.6812040354517,637.1264991514238,961.9,650.0
5765,9215,883.6812040354517,637.1264991514238,961.9,650.0
5765,9216,883.6812040354517,637.1264991514238,961.9,650.0
5765,9217,883.6812040354517,637.1264991514238,961.9,650.0
5765,9218,883.6812040354517,637.1264991514238,961.9,650.0
5765,9219,883.6812040354517,637.1264991514238,961.9,650.0
5765,9220,883.6812040354517,637.1264991514238,961.9,650.0
5765,9221,883.6812040354517,637.1264991514238,961.9,650.0
5765,9222,883.6812040354517,637.1264991514238,961.9,650.0
5765,9223,883.6812040354517,637.1264991514238,961.9,650.0
5765,9224,883.6812040354517,637.1264991514238,961.9,650.0
5765,9225,883.6812040354517,637.1264991514238,961.9,650.0
5765,9226,883.6812040354517,637.1264991514238,961.9,650.0
5765,9227,883.6812040354517,637.1264991514238,961.9,650.0
5765,9228,883.6812040354517,637.1264991514238,961.9,650.0
5765,9229,883.6812040354517,637.1264991514238,961.9,650.0
5765,9230,883.6812040354517,637.1264991514238,961.9,650.0
5765,9231,883.6812040354517,637.1264991514238,961.9,650.0
5765,9232,883.6812040354517,637.1264991514238,961.9,650.0
5765,9233,883.6812040354517,637.1264991514238,961.9,650.0
5765,9234,883.6812040354517,637.1264991514238,961.9,650.0
5765,9235,883.6812040354517,637.1264991514238,961.9,650.0
5765,9236,883.6812040354517,637.1264991514238,961.9,650.0
5765,9237,883.6812040354517,637.1264991514238,961.9,650.0
5765,9238,883.6812040354517,637.1264991514238,961.9,650.0
5765,9239,883.6812040354517,637.1264991514238,961.9,650.0
5765,9240,883.6812040354517,637.1264991514238,961.9,650.0
5765,9241,883.6812040354517,637.1264991514238,961.9,650.0
5765,9242,883.6812040354517,637.1264991514238,961.9,650.0
5765,9243,741.6812040354517,644.1264991514238,961.9,650.0
5765,9244,741.6812040354517,644.1264991514238,961.9,650.0
5765,9245,741.6812040354517,644.1264991514238,961.9,650.0
5765,9246,741.6812040354517,644.1264991514238,961.9,650.0
5765,9247,741.6812040354517,644.1264991514238,961.9,650.0
5765,9248,741.6812040354517,644.1264991514238,961.9,650.0
5765,9249,741.6812040354517,644.1264991514238,961.9,650.0
5765,9250,741.6812040354517,644.1264991514238,961.9,650.0
5765,9251,741.6812040354517,644.1264991514238,961.9,650.0
5765,9252,741.6812040354517,644.1264991514238,961.9,650.0
5765,9253,741.6812040354517,644.1264991514238,961.9,650.0
5765,9254,741.6812040354517,644.1264991514238,961.9,650.0
5765,9255,741.6812040354517,644.1264991514238,961.9,650.0
5765,9256,741.6812040354517,644.1264991514238,961.9,650.0
5765,9257,741.6812040354517,644.1264991514238,961.9,650.0
5765,9258,741.6812040354517,644.1264991514238,961.9,650.0
5765,9259,741.6812040354517,644.1264991514238,961.9,650.0
5765,9260,741.6812040354517,644.1264991514238,961.9,650.0
5765,9261,741.6812040354517,644.1264991514238,961.9,650.0
5765,9262,741.6812040354517,644.1264991514238,961.9,650.0
5765,9263,741.6812040354517,644.1264991514238,961.9,650.0
5765,9264,741.6812040354517,644.1264991514238,961.9,650.0
5765,9265,741.6812040354517,644.1264991514238,961.9,650.0
5765,9266,741.6812040354517,644.1264991514238,961.9,650.0
5765,9267,741.6812040354517,644.1264991514238,961.9,650.0
5765,9268,741.6812040354517,644.1264991514238,961.9,650.0
5765,9269,741.6812040354517,644.1264991514238,961.9,650.0
5765,9270,741.6812040354517,644.1264991514238,961.9,650.0
5765,9271,741.6812040354517,644.1264991514238,961.9,650.0
5765,9272,741.6812040354517,644.1264991514238,961.9,650.0
5765,9273,741.6812040354517,644.1264991514238,961.9,650.0
5765,9274,741.6812040354517,644.1264991514238,961.9,650.0
5765,9275,741.6812040354517,644.1264991514238,961.9,650.0
5765,9276,741.6812040354517,644.1264991514238,961.9,650.0
5765,9277,599.6812040354517,650.1264991514238,961.9,650.0
5765,9278,599.6812040354517,650.1264991514238,961.9,650.0
5765,9279,599.6812040354517,650.1264991514238,961.9,650.0
5765,9280,599.6812040354517,650.1264991514238,961.9,650.0
5765,9281,599.6812040354517,650.1264991514238,961.9,650.0
5765,9282,599.6812040354517,650.1264991514238,961.9,650.0
5765,9283,599.6812040354517,650.1264991514238,961.9,650.0
5765,9284,599.6812040354517,650.1264991514238,961.9,650.0
5765,9285,599.6812040354517,650.1264991514238,961.9,650.0
5765,9286,599.6812040354517,650.1264991514238,961.9,650.0
5765,9287,599.6812040354517,650.1264991514238,961.9,650.0
5765,9288,599.6812040354517,650.1264991514238,961.9,650.0
5765,9289,599.6812040354517,650.1264991514238,961.9,650.0
5765,9290,599.6812040354517,650.1264991514238,961.9,650.0
5765,9291,599.6812040354517,650.1264991514238,961.9,650.0
5765,9292,599.6812040354517,650.1264991514238,961.9,650.0
5765,9293,599.6812040354517,650.1264991514238,961.9,650.0
5765,9294,599.6812040354517,650.1264991514238,961.9,650.0
5765,9295,599.6812040354517,650.1264991514238,961.9,650.0
5765,9296,599.6812040354517,650.1264991514238,961.9,650.0
5765,9297,599.6812040354517,650.1264991514238,961.9,650.0
5765,9298,599.6812040354517,650.1264991514238,961.9,650.0
5765,9299,599.6812040354517,650.1264991514238,961.9,650.0
5765,9300,599.6812040354517,650.1264991514238,961.9,650.0
5765,9301,599.6812040354517,650.1264991514238,961.9,650.0
5765,9302,599.6812040354517,650.1264991514238,961.9,650.0
5765,9303,599.6812040354517,650.1264991514238,961.9,650.0
5765,9304,599.6812040354517,650.1264991514238,961.9,650.0
5765,9305,599.6812040354517,650.1264991514238,961.9,650.0
5765,9306,599.6812040354517,650.1264991514238,961.9,650.0
5765,9307,599.6812040354517,650.1264991514238,961.9,650.0
5765,9308,599.6812040354517,650.1264991514238,961.9,650.0
5765,9309,599.6812040354517,650.1264991514238,961.9,650.0
5765,9310,599.6812040354517,650.1264991514238,961.9,650.0
5765,9311,599.6812040354517,650.1264991514238,961.9,650.0
5765,9312,599.6812040354517,650.1264991514238,961.9,650.0
5765,9313,599.6812040354517,650.1264991514238,961.9,650.0
5765,9314,599.6812040354517,650.1264991514238,961.9,650.0
5765,9315,599.6812040354517,650.1264991514238,961.9,650.0
5765,9316,599.6812040354517,650.1264991514238,961.9,650.0
5765,9317,599.6812040354517,650.1264991514238,961.9,650.0
5765,9318,599.6812040354517,650.1264991514238,961.9,650.0
5765,9319,599.6812040354517,650.1264991514238,961.9,650.0
5765,9320,599.6812040354517,650.1264991514238,961.9,650.0
5765,9321,599.6812040354517,650.1264991514238,961.9,650.0
5765,9322,599.6812040354517,650.1264991514238,961.9,650.0
5765,9323,599.6812040354517,650.1264991514238,961.9,650.0
5765,9324,599.6812040354517,650.1264991514238,961.9,650.0
5765,9325,599.6812040354517,650.1264991514238,961.9,650.0
5765,9326,599.6812040354517,650.1264991514238,961.9,650.0
5765,9327,599.6812040354517,650.1264991514238,961.9,650.0
5765,9328,599.6812040354517,650.1264991514238,961.9,650.0
5765,9329,599.6812040354517,650.1264991514238,961.9,650.0
5766,9330,599.6812040354517,650.1264991514238,961.9,650.0
5767,9331,599.6812040354517,650.1264991514238,961.9,650.0
5768,9332,599.6812040354517,650.1264991514238,961.9,650.0
5769,9333,599.6812040354517,650.1264991514238,961.9,650.0
5770,9334,599.6812040354517,650.1264991514238,961.9,650.0
5771,9335,599.6812040354517,650.1264991514238,961.9,650.0
5772,9336,599.6812040354517,650.1264991514238,961.9,650.0
5773,9337,599.6812040354517,650.1264991514238,961.9,650.0
5774,9338,599.6812040354517,650.1264991514238,961.9,650.0
5775,9339,599.6812040354517,650.1264991514238,961.9,650.0
5776,9340,599.6812040354517,650.1264991514238,961.9,650.0
5777,9341,599.6812040354517,650.1264991514238,961.9,650.0
5778,9342,599.6812040354517,650.1264991514238,961.9,650.0
5779,9343,599.6812040354517,650.1264991514238,961.9,650.0
5780,9344,599.6812040354517,650.1264991514238,961.9,650.0
5781,9345,599.6812040354517,650.1264991514238,961.9,650.0
5782,9346,599.6812040354517,650.1264991514238,961.9,650.0
5783,9347,599.6812040354517,650.1264991514238,961.9,650.0
5784,9348,599.6812040354517,650.1264991514238,961.9,650.0
5785,9349,599.6812040354517,650.1264991514238,961.9,650.0
5786,9350,599.6812040354517,650.1264991514238,961.9,650.0
5787,9351,599.6812040354517,650.1264991514238,961.9,650.0
5788,9352,599.6812040354517,650.1264991514238,961.9,650.0
5789,9353,599.6812040354517,650.1264991514238,961.9,650.0
5790,9354,599.6812040354517,650.1264991514238,961.9,650.0
5791,9355,599.6812040354517,650.1264991514238,961.9,650.0
5792,9356,599.6812040354517,650.1264991514238,961.9,650.0
5793,9357,599.6812040354517,650.1264991514238,961.9,650.0
5794,9358,599.6812040354517,650.1264991514238,961.9,650.0
5795,9359,599.6812040354517,650.1264991514238,961.9,650.0
5796,9360,599.6812040354517,650.1264991514238,961.9,650.0
5797,9361,599.6812040354517,650.1264991514238,961.9,650.0
5798,9362,599.6812040354517,650.1264991514238,961.9,650.0
5799,9363,599.6812040354517,650.1264991514238,961.9,650.0
5800,9364,599.6812040354517,650.1264991514238,961.9,650.0
5801,9365,599.6812040354517,650.1264991514238,961.9,650.0
5802,9366,599.6812040354517,650.1264991514238,961.9,650.0
5803,9367,599.6812040354517,650.1264991514238,961.9,650.0
5804,9368,599.6812040354517,650.1264991514238,961.9,650.0
5805,9369,599.6812040354517,650.1264991514238,961.9,650.0
5806,9370,599.6812040354517,650.1264991514238,961.9,650.0
5807,9371,599.6812040354517,650.1264991514238,961.9,650.0
5808,9372,599.6812040354517,650.1264991514238,961.9,650.0
5809,9373,599.6812040354517,650.1264991514238,961.9,650.0
5810,9374,599.6812040354517,650.1264991514238,961.9,650.0
5811,9375,599.6812040354517,650.1264991514238,961.9,650.0
5812,9376,599.6812040354517,650.1264991514238,961.9,650.0
5813,9377,599.6812040354517,650.1264991514238,961.9,650.0
5814,9378,599.6812040354517,650.1264991514238,961.9,650.0
5815,9379,599.6812040354517,650.1264991514238,961.9,650.0
5816,9380,599.6812040354517,650.1264991514238,961.9,650.0
5817,9381,599.6812040354517,650.1264991514238,961.9,650.0
5818,9382,599.6812040354517,650.1264991514238,961.9,650.0
5819,9383,599.6812040354517,650.1264991514238,961.9,650.0
5820,9384,599.6812040354517,650.1264991514238,961.9,650.0
5821,9385,599.6812040354517,650.1264991514238,961.9,650.0
5822,9386,599.6812040354517,650.1264991514238,961.9,650.0
5823,9387,599.6812040354517,650.1264991514238,961.9,650.0
5824,9388,599.6812040354517,650.1264991514238,961.9,650.0
5825,9389,599.6812040354517,650.1264991514238,961.9,650.0
5826,9390,599.6812040354517,650.1264991514238,961.9,650.0
5827,9391,599.6812040354517,650.1264991514238,961.9,650.0
5828,9392,599.6812040354517,650.1264991514238,961.9,650.0
5829,9393,599.6812040354517,650.1264991514238,961.9,650.0
5830,9394,599.6812040354517,650.1264991514238,961.9,650.0
5831,9395,599.6812040354517,650.1264991514238,961.9,650.0
5832,9396,599.6812040354517,650.1264991514238,961.9,650.0
5833,9397,599.6812040354517,650.1264991514238,961.9,650.0
5834,9398,599.6812040354517,650.1264991514238,961.9,650.0
5835,9399,599.6812040354517,650.1264991514238,961.9,650.0
5836,9400,599.6812040354517,650.1264991514238,961.9,650.0
5837,9401,599.6812040354517,650.1264991514238,961.9,650.0
5838,9402,599.6812040354517,650.1264991514238,961.9,650.0
5839,9403,599.6812040354517,650.1264991514238,961.9,650.0
5840,9404,599.6812040354517,650.1264991514238,961.9,650.0
5841,9405,599.6812040354517,650.1264991514238,961.9,650.0
5842,9406,599.6812040354517,650.1264991514238,961.9,650.0
5843,9407,599.6812040354517,650.1264991514238,961.9,650.0
5844,9408,599.6812040354517,650.1264991514238,961.9,650.0
5845,9409,599.6812040354517,650.1264991514238,961.9,650.0
5846,9410,599.6812040354517,650.1264991514238,961.9,650.0
5847,9411,599.6812040354517,650.1264991514238,961.9,650.0
5848,9412,599.6812040354517,650.1264991514238,961.9,650.0
5849,9413,599.6812040354517,650.1264991514238,961.9,650.0
5850,9414,599.6812040354517,650.1264991514238,961.9,650.0
5851,9415,599.6812040354517,650.1264991514238,961.9,650.0
5852,9416,599.6812040354517,650.1264991514238,961.9,650.0
5853,9417,599.6812040354517,650.1264991514238,961.9,650.0
5854,9418,599.6812040354517,650.1264991514238,961.9,650.0
5855,9419,599.6812040354517,650.1264991514238,961.9,650.0
5856,9420,599.6812040354517,650.1264991514238,961.9,650.0
5857,9421,599.6812040354517,650.1264991514238,961.9,650.0
5858,9422,599.6812040354517,650.1264991514238,961.9,650.0
5859,9423,599.6812040354517,650.1264991514238,961.9,650.0
5860,9424,599.6812040354517,650.1264991514238,961.9,650.0
5861,9425,599.6812040354517,650.1264991514238,958.7111111111111,649.3555555555556
5862,9426,599.6812040354517,650.1264991514238,955.5222222222222,648.7111111111111
5863,9427,599.6812040354517,650.1264991514238,952.3333333333334,648.0666666666667
5864,9428,599.6812040354517,650.1264991514238,949.1444444444445,647.4222222222222
5865,9429,599.6812040354517,650.1264991514238,945.9555555555555,646.7777777777778
5866,9430,599.6812040354517,650.1264991514238,942.7666666666667,646.1333333333333
5867,9431,599.6812040354517,650.1264991514238,939.5777777777778,645.4888888888889
5868,9432,599.6812040354517,650.1264991514238,936.3888888888889,644.8444444444444
5869,9433,599.6812040354517,650.1264991514238,933.2,644.2
5870,9434,599.6812040354517,650.1264991514238,933.2,644.2
5871,9435,599.6812040354517,650.1264991514238,933.2,644.2
5872,9436,599.6812040354517,650.1264991514238,933.2,644.2
5873,9437,599.6812040354517,650.1264991514238,933.2,644.2
5874,9438,599.6812040354517,650.1264991514238,933.2,644.2
5875,9439,599.6812040354517,650.1264991514238,933.2,644.2
5876,9440,599.6812040354517,650.1264991514238,933.2,644.2
5877,9441,599.6812040354517,650.1264991514238,933.2,644.2
5878,9442,599.6812040354517,650.1264991514238,933.2,644.2
5879,9443,599.6812040354517,650.1264991514238,933.2,644.2
5880,9444,821.6812040354517,623.1264991514238,933.2,644.2
5881,9445,821.6812040354517,623.1264991514238,933.2,644.2
5882,9446,821.6812040354517,623.1264991514238,933.2,644.2
5883,9447,821.6812040354517,623.1264991514238,933.2,644.2
5884,9448,821.6812040354517,623.1264991514238,933.2,644.2
5885,9449,821.6812040354517,623.1264991514238,933.2,644.2
5886,9450,821.6812040354517,623.1264991514238,933.2,644.2
5887,9451,821.6812040354517,623.1264991514238,933.2,644.2
5888,9452,821.6812040354517,623.1264991514238,933.2,644.2
5889,9453,821.6812040354517,623.1264991514238,933.2,644.2
5890,9454,821.6812040354517,623.1264991514238,933.2,644.2
5891,9455,821.6812040354517,623.1264991514238,933.2,644.2
5892,9456,821.6812040354517,623.1264991514238,933.2,644.2
5893,9457,821.6812040354517,623.1264991514238,933.2,644.2
5894,9458,821.6812040354517,623.1264991514238,933.2,644.2
5895,9459,821.6812040354517,623.1264991514238,933.2,644.2
5896,9460,821.6812040354517,623.1264991514238,933.2,644.2
5897,9461,821.6812040354517,623.1264991514238,933.2,644.2
5898,9462,821.6812040354517,623.1264991514238,933.2,644.2
5899,9463,821.6812040354517,623.1264991514238,933.2,644.2
5900,9464,821.6812040354517,623.1264991514238,933.2,644.2
5901,9465,821.6812040354517,623.1264991514238,933.2,644.2
5902,9466,821.6812040354517,623.1264991514238,933.2,644.2
5903,9467,821.6812040354517,623.1264991514238,933.2,644.2
5904,9468,821.6812040354517,623.1264991514238,933.2,644.2
5905,9469,821.6812040354517,623.1264991514238,933.2,644.2
5906,9470,821.6812040354517,623.1264991514238,933.2,644.2
5907,9471,821.6812040354517,623.1264991514238,933.2,644.2
5908,9472,821.6812040354517,623.1264991514238,933.2,644.2
5909,9473,821.6812040354517,623.1264991514238,933.2,644.2
5910,9474,821.6812040354517,623.1264991514238,933.2,644.2
5911,9475,821.6812040354517,623.1264991514238,933.2,644.2
5912,9476,821.6812040354517,623.1264991514238,933.2,644.2
5913,9477,1043.6812040354516,597.1264991514238,933.2,644.2
5914,9478,1043.6812040354516,597.1264991514238,933.2,644.2
5915,9479,1043.6812040354516,597.1264991514238,933.2,644.2
5916,9480,1043.6812040354516,597.1264991514238,933.2,644.2
5917,9481,1043.6812040354516,597.1264991514238,933.2,644.2
5918,9482,1043.6812040354516,597.1264991514238,933.2,644.2
5919,9483,1043.6812040354516,597.1264991514238,933.2,644.2
5920,9484,1043.6812040354516,597.1264991514238,933.2,644.2
5921,9485,1043.6812040354516,597.1264991514238,933.2,644.2
5922,9486,1043.6812040354516,597.1264991514238,933.2,644.2
5923,9487,1043.6812040354516,597.1264991514238,933.2,644.2
5924,9488,1043.6812040354516,597.1264991514238,933.2,644.2
5925,9489,1043.6812040354516,597.1264991514238,933.2,644.2
5926,9490,1043.6812040354516,597.1264991514238,933.2,644.2
5927,9491,1043.6812040354516,597.1264991514238,933.2,644.2
5928,9492,1043.6812040354516,597.1264991514238,933.2,644.2
5929,9493,1043.6812040354516,597.1264991514238,933.2,644.2
5930,9494,1043.6812040354516,597.1264991514238,933.2,644.2
5931,9495,1043.6812040354516,597.1264991514238,933.2,644.2
5932,9496,1043.6812040354516,597.1264991514238,933.2,644.2
5932,9497,1043.6812040354516,597.1264991514238,933.2,644.2
5932,9498,1043.6812040354516,597.1264991514238,933.2,644.2
5932,9499,1043.6812040354516,597.1264991514238,933.2,644.2
5932,9500,1043.6812040354516,597.1264991514238,933.2,644.2
5932,9501,1043.6812040354516,597.1264991514238,933.2,644.2
5932,9502,1043.6812040354516,597.1264991514238,933.2,644.2
5932,9503,1043.6812040354516,597.1264991514238,933.2,644.2
5932,9504,1043.6812040354516,597.1264991514238,933.2,644.2
5932,9505,1043.6812040354516,597.1264991514238,933.2,644.2
5932,9506,1043.6812040354516,597.1264991514238,933.2,644.2
5932,9507,1043.6812040354516,597.1264991514238,933.2,644.2
5932,9508,1043.6812040354516,597.1264991514238,933.2,644.2
5932,9509,1043.6812040354516,597.1264991514238,933.2,644.2
5932,9510,1023.6812040354517,449.12649915142373,933.2,644.2
5932,9511,1023.6812040354517,449.12649915142373,933.2,644.2
5932,9512,1023.6812040354517,449.12649915142373,933.2,644.2
5932,9513,1023.6812040354517,449.12649915142373,933.2,644.2
5932,9514,1023.6812040354517,449.12649915142373,933.2,644.2
5932,9515,1023.6812040354517,449.12649915142373,933.2,644.2
5932,9516,1023.6812040354517,449.12649915142373,933.2,644.2
5932,9517,1023.6812040354517,449.12649915142373,933.2,644.2
5932,9518,1023.6812040354517,449.12649915142373,933.2,644.2
5932,9519,1023.6812040354517,449.12649915142373,933.2,644.2
5932,9520,1023.6812040354517,449.12649915142373,933.2,644.2
5932,9521,1023.6812040354517,449.12649915142373,933.2,644.2
5932,9522,1023.6812040354517,449.12649915142373,933.2,644.2
5932,9523,1023.6812040354517,449.12649915142373,933.2,644.2
5932,9524,1023.6812040354517,449.12649915142373,933.2,644.2
5932,9525,1023.6812040354517,449.12649915142373,933.2,644.2
5932,9526,1023.6812040354517,449.12649915142373,933.2,644.2
5932,9527,1023.6812040354517,449.12649915142373,933.2,644.2
5932,9528,1023.6812040354517,449.12649915142373,933.2,644.2
5932,9529,1023.6812040354517,449.12649915142373,933.2,644.2
5932,9530,1023.6812040354517,449.12649915142373,933.2,644.2
5932,9531,1023.6812040354517,449.12649915142373,933.2,644.2
5932,9532,1023.6812040354517,449.12649915142373,933.2,644.2
5932,9533,1023.6812040354517,449.12649915142373,933.2,644.2
5932,9534,1023.6812040354517,449.12649915142373,933.2,644.2
5932,9535,1023.6812040354517,449.12649915142373,933.2,644.2
5932,9536,1023.6812040354517,449.12649915142373,933.2,644.2
5932,9537,1023.6812040354517,449.12649915142373,933.2,644.2
5932,9538,1023.6812040354517,449.12649915142373,933.2,644.2
5932,9539,1023.6812040354517,449.12649915142373,933.2,644.2
5932,9540,1023.6812040354517,449.12649915142373,933.2,644.2
5932,9541,1023.6812040354517,449.12649915142373,933.2,644.2
5932,9542,1023.6812040354517,449.12649915142373,933.2,644.2
5932,9543,1023.6812040354517,449.12649915142373,933.2,644.2
5932,9544,1003.6812040354517,301.12649915142373,933.2,644.2
5932,9545,1003.6812040354517,301.12649915142373,933.2,644.2
5932,9546,1003.6812040354517,301.12649915142373,933.2,644.2
5932,9547,1003.6812040354517,301.12649915142373,933.2,644.2
5932,9548,1003.6812040354517,301.12649915142373,933.2,644.2
5932,9549,1003.6812040354517,301.12649915142373,933.2,644.2
5932,9550,1003.6812040354517,301.12649915142373,933.2,644.2
5932,9551,1003.6812040354517,301.12649915142373,933.2,644.2
5932,9552,1003.6812040354517,301.12649915142373,933.2,644.2
5932,9553,1003.6812040354517,301.12649915142373,933.2,644.2
5932,9554,1003.6812040354517,301.12649915142373,933.2,644.2
5932,9555,1003.6812040354517,301.12649915142373,933.2,644.2
5932,9556,1003.6812040354517,301.12649915142373,933.2,644.2
5932,9557,1003.6812040354517,301.12649915142373,933.2,644.2
5932,9558,1003.6812040354517,301.12649915142373,933.2,644.2
5932,9559,1003.6812040354517,301.12649915142373,933.2,644.2
5932,9560,1003.6812040354517,301.12649915142373,933.2,644.2
5932,9561,1003.6812040354517,301.12649915142373,933.2,644.2
5932,9562,1003.6812040354517,301.12649915142373,933.2,644.2
5932,9563,1003.6812040354517,301.12649915142373,933.2,644.2
5932,9564,1003.6812040354517,301.12649915142373,933.2,644.2
5932,9565,1003.6812040354517,301.12649915142373,933.2,644.2
5932,9566,1003.6812040354517,301.12649915142373,933.2,644.2
5932,9567,1003.6812040354517,301.12649915142373,933.2,644.2
5932,9568,1003.6812040354517,301.12649915142373,933.2,644.2
5932,9569,1003.6812040354517,301.12649915142373,933.2,644.2
5932,9570,1003.6812040354517,301.12649915142373,933.2,644.2
5932,9571,1003.6812040354517,301.12649915142373,933.2,644.2
5932,9572,1003.6812040354517,301.12649915142373,933.2,644.2
5932,9573,1003.6812040354517,301.12649915142373,933.2,644.2
5932,9574,1003.6812040354517,301.12649915142373,933.2,644.2
5932,9575,1003.6812040354517,301.12649915142373,933.2,644.2
5932,9576,1003.6812040354517,301.12649915142373,933.2,644.2
5932,9577,1003.6812040354517,301.12649915142373,933.2,644.2
5932,9578,1003.6812040354517,301.12649915142373,933.2,644.2
5932,9579,1003.6812040354517,301.12649915142373,933.2,644.2
5932,9580,1003.6812040354517,301.12649915142373,933.2,644.2
5932,9581,1003.6812040354517,301.12649915142373,933.2,644.2
5932,9582,1003.6812040354517,301.12649915142373,933.2,644.2
5932,9583,1003.6812040354517,301.12649915142373,933.2,644.2
5932,9584,1003.6812040354517,301.12649915142373,933.2,644.2
5932,9585,1003.6812040354517,301.12649915142373,933.2,644.2
5932,9586,1003.6812040354517,301.12649915142373,933.2,644.2
5932,9587,1003.6812040354517,301.12649915142373,933.2,644.2
5932,9588,1003.6812040354517,301.12649915142373,933.2,644.2
5932,9589,1003.6812040354517,301.12649915142373,933.2,644.2
5932,9590,1003.6812040354517,301.12649915142373,933.2,644.2
5932,9591,1003.6812040354517,301.12649915142373,933.2,644.2
5932,9592,1003.6812040354517,301.12649915142373,933.2,644.2
5932,9593,1003.6812040354517,301.12649915142373,933.2,644.2
5932,9594,1003.6812040354517,301.12649915142373,933.2,644.2
5932,9595,1003.6812040354517,301.12649915142373,933.2,644.2
5932,9596,1003.6812040354517,301.12649915142373,933.2,644.2
5932,9597,1003.6812040354517,301.12649915142373,933.2,644.2
5932,9598,1003.6812040354517,301.12649915142373,933.2,644.2
5932,9599,1003.6812040354517,301.12649915142373,933.2,644.2
5932,9600,1003.6812040354517,301.12649915142373,933.2,644.2
5932,9601,1003.6812040354517,301.12649915142373,933.2,644.2
5932,9602,1003.6812040354517,301.12649915142373,933.2,644.2
5932,9603,1003.6812040354517,301.12649915142373,933.2,644.2
5932,9604,1003.6812040354517,301.12649915142373,933.2,644.2
5932,9605,1003.6812040354517,301.12649915142373,933.2,644.2
5932,9606,1003.6812040354517,301.12649915142373,933.2,644.2
5932,9607,1003.6812040354517,301.12649915142373,933.2,644.2
5932,9608,1003.6812040354517,301.12649915142373,933.2,644.2
5932,9609,1003.6812040354517,301.12649915142373,933.2,644.2
5932,9610,1003.6812040354517,301.12649915142373,933.2,644.2
5932,9611,1003.6812040354517,301.12649915142373,933.2,644.2
5932,9612,1003.6812040354517,301.12649915142373,933.2,644.2
5932,9613,1003.6812040354517,301.12649915142373,933.2,644.2
5932,9614,1003.6812040354517,301.12649915142373,933.2,644.2
5932,9615,1003.6812040354517,301.12649915142373,933.2,644.2
5932,9616,1003.6812040354517,301.12649915142373,933.2,644.2
5932,9617,1003.6812040354517,301.12649915142373,933.2,644.2
5932,9618,1003.6812040354517,301.12649915142373,933.2,644.2
5932,9619,1003.6812040354517,301.12649915142373,933.2,644.2
5932,9620,1003.6812040354517,301.12649915142373,933.2,644.2
5932,9621,1003.6812040354517,301.12649915142373,933.2,644.2
5932,9622,1003.6812040354517,301.12649915142373,933.2,644.2
5932,9623,1003.6812040354517,301.12649915142373,933.2,644.2
5932,9624,1003.6812040354517,301.12649915142373,933.2,644.2
5932,9625,1003.6812040354517,301.12649915142373,933.2,644.2
5932,9626,1003.6812040354517,301.12649915142373,933.2,644.2
5932,9627,1003.6812040354517,301.12649915142373,933.2,644.2
5932,9628,1003.6812040354517,301.12649915142373,933.2,644.2
5932,9629,1003.6812040354517,301.12649915142373,933.2,644.2
5932,9630,1003.6812040354517,301.12649915142373,933.2,644.2
5932,9631,1003.6812040354517,301.12649915142373,933.2,644.2
5932,9632,1003.6812040354517,301.12649915142373,933.2,644.2
5932,9633,1003.6812040354517,301.12649915142373,933.2,644.2
5932,9634,1003.6812040354517,301.12649915142373,933.2,644.2
5932,9635,1003.6812040354517,301.12649915142373,933.2,644.2
5932,9636,1003.6812040354517,301.12649915142373,933.2,644.2
5932,9637,1003.6812040354517,301.12649915142373,933.2,644.2
5932,9638,1003.6812040354517,301.12649915142373,933.2,644.2
5932,9639,1003.6812040354517,301.12649915142373,933.2,644.2
5932,9640,1003.6812040354517,301.12649915142373,933.2,644.2
5932,9641,1003.6812040354517,301.12649915142373,933.2,644.2
5932,9642,1003.6812040354517,301.12649915142373,933.2,644.2
5932,9643,959.6812040354517,277.12649915142373,933.2,644.2
5932,9644,959.6812040354517,277.12649915142373,933.2,644.2
5932,9645,959.6812040354517,277.12649915142373,933.2,644.2
5932,9646,959.6812040354517,277.12649915142373,933.2,644.2
5932,9647,959.6812040354517,277.12649915142373,933.2,644.2
5932,9648,959.6812040354517,277.12649915142373,933.2,644.2
5932,9649,959.6812040354517,277.12649915142373,933.2,644.2
5932,9650,959.6812040354517,277.12649915142373,933.2,644.2
5932,9651,959.6812040354517,277.12649915142373,933.2,644.2
5932,9652,959.6812040354517,277.12649915142373,933.2,644.2
5932,9653,959.6812040354517,277.12649915142373,933.2,644.2
5932,9654,959.6812040354517,277.12649915142373,933.2,644.2
5932,9655,959.6812040354517,277.12649915142373,933.2,644.2
5932,9656,959.6812040354517,277.12649915142373,933.2,644.2
5932,9657,959.6812040354517,277.12649915142373,933.2,644.2
5932,9658,959.6812040354517,277.12649915142373,933.2,644.2
5932,9659,959.6812040354517,277.12649915142373,933.2,644.2
5932,9660,959.6812040354517,277.12649915142373,933.2,644.2
5932,9661,959.6812040354517,277.12649915142373,933.2,644.2
5932,9662,959.6812040354517,277.12649915142373,933.2,644.2
5932,9663,959.6812040354517,277.12649915142373,933.2,644.2
5932,9664,959.6812040354517,277.12649915142373,933.2,644.2
5932,9665,959.6812040354517,277.12649915142373,933.2,644.2
5932,9666,959.6812040354517,277.12649915142373,933.2,644.2
5932,9667,959.6812040354517,277.12649915142373,933.2,644.2
5932,9668,959.6812040354517,277.12649915142373,933.2,644.2
5932,9669,959.6812040354517,277.12649915142373,933.2,644.2
5932,9670,959.6812040354517,277.12649915142373,933.2,644.2
5932,9671,959.6812040354517,277.12649915142373,933.2,644.2
5932,9672,959.6812040354517,277.12649915142373,933.2,644.2
5932,9673,959.6812040354517,277.12649915142373,933.2,644.2
5932,9674,959.6812040354517,277.12649915142373,933.2,644.2
5932,9675,959.6812040354517,277.12649915142373,933.2,644.2
5932,9676,959.6812040354517,277.12649915142373,933.2,644.2
5932,9677,914.6812040354517,254.12649915142373,933.2,644.2
5932,9678,914.6812040354517,254.12649915142373,933.2,644.2
5932,9679,914.6812040354517,254.12649915142373,933.2,644.2
5932,9680,914.6812040354517,254.12649915142373,933.2,644.2
5932,9681,914.6812040354517,254.12649915142373,933.2,644.2
5932,9682,914.6812040354517,254.12649915142373,933.2,644.2
5932,9683,914.6812040354517,254.12649915142373,933.2,644.2
5932,9684,914.6812040354517,254.12649915142373,933.2,644.2
5932,9685,914.6812040354517,254.12649915142373,933.2,644.2
5932,9686,914.6812040354517,254.12649915142373,933.2,644.2
5932,9687,914.6812040354517,254.12649915142373,933.2,644.2
5932,9688,914.6812040354517,254.12649915142373,933.2,644.2
5932,9689,914.6812040354517,254.12649915142373,933.2,644.2
5932,9690,914.6812040354517,254.12649915142373,933.2,644.2
5932,9691,914.6812040354517,254.12649915142373,933.2,644.2
5932,9692,914.6812040354517,254.12649915142373,933.2,644.2
5932,9693,914.6812040354517,254.12649915142373,933.2,644.2
5932,9694,914.6812040354517,254.12649915142373,933.2,644.2
5932,9695,914.6812040354517,254.12649915142373,933.2,644.2
5932,9696,914.6812040354517,254.12649915142373,933.2,644.2
5932,9697,914.6812040354517,254.12649915142373,933.2,644.2
5932,9698,914.6812040354517,254.12649915142373,933.2,644.2
5932,9699,914.6812040354517,254.12649915142373,933.2,644.2
5932,9700,914.6812040354517,254.12649915142373,933.2,644.2
5932,9701,914.6812040354517,254.12649915142373,933.2,644.2
5932,9702,914.6812040354517,254.12649915142373,933.2,644.2
5932,9703,914.6812040354517,254.12649915142373,933.2,644.2
5932,9704,914.6812040354517,254.12649915142373,921.6478260869566,643.4956521739131
5932,9705,914.6812040354517,254.12649915142373,910.0956521739131,642.7913043478261
5932,9706,914.6812040354517,254.12649915142373,898.5434782608696,642.0869565217391
5932,9707,914.6812040354517,254.12649915142373,886.9913043478261,641.3826086956523
5932,9708,914.6812040354517,254.12649915142373,875.4391304347827,640.6782608695653
5932,9709,914.6812040354517,254.12649915142373,863.8869565217392,639.9739130434783
5932,9710,914.6812040354517,254.12649915142373,852.3347826086957,639.2695652173913
5932,9711,914.6812040354517,254.12649915142373,840.7826086956522,638.5652173913044
5932,9712,914.6812040354517,254.12649915142373,829.2304347826088,637.8608695652174
5932,9713,914.6812040354517,254.12649915142373,817.6782608695653,637.1565217391304
5932,9714,914.6812040354517,254.12649915142373,806.1260869565217,636.4521739130435
5932,9715,914.6812040354517,254.12649915142373,794.5739130434783,635.7478260869566
5932,9716,914.6812040354517,254.12649915142373,783.0217391304348,635.0434782608696
5932,9717,914.6812040354517,254.12649915142373,771.4695652173913,634.3391304347826
5932,9718,914.6812040354517,254.12649915142373,759.9173913043478,633.6347826086957
5932,9719,914.6812040354517,254.12649915142373,748.3652173913043,632.9304347826087
5932,9720,914.6812040354517,254.12649915142373,736.8130434782609,632.2260869565217
5932,9721,914.6812040354517,254.12649915142373,725.2608695652174,631.5217391304348
5932,9722,914.6812040354517,254.12649915142373,713.7086956521739,630.8173913043478
5932,9723,914.6812040354517,254.12649915142373,702.1565217391304,630.1130434782609
5932,9724,914.6812040354517,254.12649915142373,690.604347826087,629.408695652174
5932,9725,914.6812040354517,254.12649915142373,679.0521739130435,628.704347826087
5932,9726,914.6812040354517,254.12649915142373,667.5,628.0
5932,9727,914.6812040354517,254.12649915142373,667.5,628.0
5932,9728,914.6812040354517,254.12649915142373,667.5,628.0
5932,9729,914.6812040354517,254.12649915142373,667.5,628.0
5932,9730,914.6812040354517,254.12649915142373,667.5,628.0
5932,9731,914.6812040354517,254.12649915142373,667.5,628.0
5932,9732,914.6812040354517,254.12649915142373,667.5,628.0
5932,9733,914.6812040354517,254.12649915142373,667.5,628.0
5932,9734,914.6812040354517,254.12649915142373,667.5,628.0
5932,9735,914.6812040354517,254.12649915142373,667.5,628.0
5932,9736,914.6812040354517,254.12649915142373,667.5,628.0
5932,9737,914.6812040354517,254.12649915142373,667.5,628.0
5932,9738,914.6812040354517,254.12649915142373,667.5,628.0
5932,9739,914.6812040354517,254.12649915142373,667.5,628.0
5932,9740,914.6812040354517,254.12649915142373,667.5,628.0
5932,9741,914.6812040354517,254.12649915142373,667.5,628.0
5932,9742,914.6812040354517,254.12649915142373,667.5,628.0
5932,9743,914.6812040354517,254.12649915142373,667.5,628.0
5932,9744,887.6812040354517,464.12649915142373,667.5,628.0
5932,9745,887.6812040354517,464.12649915142373,667.5,628.0
5932,9746,887.6812040354517,464.12649915142373,667.5,628.0
5932,9747,887.6812040354517,464.12649915142373,667.5,628.0
5932,9748,887.6812040354517,464.12649915142373,667.5,628.0
5932,9749,887.6812040354517,464.12649915142373,667.5,628.0
5932,9750,887.6812040354517,464.12649915142373,667.5,628.0
5932,9751,887.6812040354517,464.12649915142373,667.5,628.0
5932,9752,887.6812040354517,464.12649915142373,667.5,628.0
5932,9753,887.6812040354517,464.12649915142373,667.5,628.0
5932,9754,887.6812040354517,464.12649915142373,667.5,628.0
5932,9755,887.6812040354517,464.12649915142373,667.5,628.0
5932,9756,887.6812040354517,464.12649915142373,667.5,628.0
5932,9757,887.6812040354517,464.12649915142373,667.5,628.0
5932,9758,887.6812040354517,464.12649915142373,667.5,628.0
5932,9759,887.6812040354517,464.12649915142373,667.5,628.0
5932,9760,887.6812040354517,464.12649915142373,667.5,628.0
5932,9761,887.6812040354517,464.12649915142373,667.5,628.0
5932,9762,887.6812040354517,464.12649915142373,667.5,628.0
5932,9763,887.6812040354517,464.12649915142373,667.5,628.0
5932,9764,887.6812040354517,464.12649915142373,667.5,628.0
5932,9765,887.6812040354517,464.12649915142373,667.5,628.0
5932,9766,887.6812040354517,464.12649915142373,667.5,628.0
5932,9767,887.6812040354517,464.12649915142373,667.5,628.0
5932,9768,887.6812040354517,464.12649915142373,667.5,628.0
5932,9769,887.6812040354517,464.12649915142373,667.5,628.0
5932,9770,887.6812040354517,464.12649915142373,667.5,628.0
5932,9771,887.6812040354517,464.12649915142373,667.5,628.0
5932,9772,887.6812040354517,464.12649915142373,667.5,628.0
5932,9773,887.6812040354517,464.12649915142373,667.5,628.0
5932,9774,887.6812040354517,464.12649915142373,667.5,628.0
5932,9775,887.6812040354517,464.12649915142373,667.5,628.0
5932,9776,887.6812040354517,464.12649915142373,667.5,628.0
5932,9777,860.6812040354517,673.1264991514238,667.5,628.0
5932,9778,860.6812040354517,673.1264991514238,667.5,628.0
5932,9779,860.6812040354517,673.1264991514238,667.5,628.0
5932,9780,860.6812040354517,673.1264991514238,667.5,628.0
5932,9781,860.6812040354517,673.1264991514238,667.5,628.0
5932,9782,860.6812040354517,673.1264991514238,667.5,628.0
5932,9783,860.6812040354517,673.1264991514238,667.5,628.0
5932,9784,860.6812040354517,673.1264991514238,667.5,628.0
5932,9785,860.6812040354517,673.1264991514238,667.5,628.0
5932,9786,860.6812040354517,673.1264991514238,667.5,628.0
5932,9787,860.6812040354517,673.1264991514238,667.5,628.0
5932,9788,860.6812040354517,673.1264991514238,667.5,628.0
5932,9789,860.6812040354517,673.1264991514238,667.5,628.0
5932,9790,860.6812040354517,673.1264991514238,667.5,628.0
5932,9791,860.6812040354517,673.1264991514238,667.5,628.0
5932,9792,860.6812040354517,673.1264991514238,667.5,628.0
5932,9793,860.6812040354517,673.1264991514238,667.5,628.0
5932,9794,860.6812040354517,673.1264991514238,667.5,628.0
5932,9795,860.6812040354517,673.1264991514238,667.5,628.0
5932,9796,860.6812040354517,673.1264991514238,667.5,628.0
5932,9797,860.6812040354517,673.1264991514238,667.5,628.0
5932,9798,860.6812040354517,673.1264991514238,667.5,628.0
5932,9799,860.6812040354517,673.1264991514238,667.5,628.0
5932,9800,860.6812040354517,673.1264991514238,667.5,628.0
5932,9801,860.6812040354517,673.1264991514238,667.5,628.0
5932,9802,860.6812040354517,673.1264991514238,667.5,628.0
5932,9803,860.6812040354517,673.1264991514238,667.5,628.0
5932,9804,860.6812040354517,673.1264991514238,667.5,628.0
5932,9805,860.6812040354517,673.1264991514238,667.5,628.0
5932,9806,860.6812040354517,673.1264991514238,667.5,628.0
5932,9807,860.6812040354517,673.1264991514238,667.5,628.0
5932,9808,860.6812040354517,673.1264991514238,667.5,628.0
5932,9809,860.6812040354517,673.1264991514238,667.5,628.0
5932,9810,860.6812040354517,673.1264991514238,667.5,628.0
5932,9811,860.6812040354517,673.1264991514238,667.5,628.0
5932,9812,860.6812040354517,673.1264991514238,667.5,628.0
5932,9813,860.6812040354517,673.1264991514238,667.5,628.0
5932,9814,860.6812040354517,673.1264991514238,667.5,628.0
5932,9815,860.6812040354517,673.1264991514238,667.5,628.0
5932,9816,860.6812040354517,673.1264991514238,667.5,628.0
5932,9817,860.6812040354517,673.1264991514238,667.5,628.0
5932,9818,860.6812040354517,673.1264991514238,667.5,628.0
5932,9819,860.6812040354517,673.1264991514238,667.5,628.0
5932,9820,860.6812040354517,673.1264991514238,667.5,628.0
5932,9821,860.6812040354517,673.1264991514238,667.5,628.0
5932,9822,860.6812040354517,673.1264991514238,667.5,628.0
5932,9823,860.6812040354517,673.1264991514238,667.5,628.0
5932,9824,860.6812040354517,673.1264991514238,667.5,628.0
5932,9825,860.6812040354517,673.1264991514238,667.5,628.0
5932,9826,860.6812040354517,673.1264991514238,667.5,628.0
5932,9827,860.6812040354517,673.1264991514238,667.5,628.0
5932,9828,860.6812040354517,673.1264991514238,667.5,628.0
5932,9829,860.6812040354517,673.1264991514238,667.5,628.0
5932,9830,860.6812040354517,673.1264991514238,667.5,628.0
5932,9831,860.6812040354517,673.1264991514238,667.5,628.0
5932,9832,860.6812040354517,673.1264991514238,667.5,628.0
5932,9833,860.6812040354517,673.1264991514238,667.5,628.0
5932,9834,860.6812040354517,673.1264991514238,667.5,628.0
5932,9835,860.6812040354517,673.1264991514238,667.5,628.0
5932,9836,860.6812040354517,673.1264991514238,667.5,628.0
5932,9837,860.6812040354517,673.1264991514238,667.5,628.0
5932,9838,860.6812040354517,673.1264991514238,667.5,628.0
5932,9839,860.6812040354517,673.1264991514238,667.5,628.0
5932,9840,860.6812040354517,673.1264991514238,667.5,628.0
5932,9841,860.6812040354517,673.1264991514238,667.5,628.0
5932,9842,860.6812040354517,673.1264991514238,667.5,628.0
5932,9843,1025.6812040354516,315.12649915142373,667.5,628.0
5932,9844,1025.6812040354516,315.12649915142373,667.5,628.0
5932,9845,1025.6812040354516,315.12649915142373,667.5,628.0
5932,9846,1025.6812040354516,315.12649915142373,667.5,628.0
5932,9847,1025.6812040354516,315.12649915142373,667.5,628.0
5932,9848,1025.6812040354516,315.12649915142373,667.5,628.0
5932,9849,1025.6812040354516,315.12649915142373,667.5,628.0
5932,9850,1025.6812040354516,315.12649915142373,667.5,628.0
5932,9851,1025.6812040354516,315.12649915142373,667.5,628.0
5932,9852,1025.6812040354516,315.12649915142373,667.5,628.0
5932,9853,1025.6812040354516,315.12649915142373,667.5,628.0
5932,9854,1025.6812040354516,315.12649915142373,667.5,628.0
5932,9855,1025.6812040354516,315.12649915142373,667.5,628.0
5932,9856,1025.6812040354516,315.12649915142373,667.5,628.0
5932,9857,1025.6812040354516,315.12649915142373,667.5,628.0
5932,9858,1025.6812040354516,315.12649915142373,667.5,628.0
5932,9859,1025.6812040354516,315.12649915142373,667.5,628.0
5932,9860,1025.6812040354516,315.12649915142373,667.5,628.0
5932,9861,1025.6812040354516,315.12649915142373,667.5,628.0
5932,9862,1025.6812040354516,315.12649915142373,667.5,628.0
5932,9863,1025.6812040354516,315.12649915142373,667.5,628.0
5932,9864,1025.6812040354516,315.12649915142373,667.5,628.0
5932,9865,1025.6812040354516,315.12649915142373,667.5,628.0
5932,9866,1025.6812040354516,315.12649915142373,667.5,628.0
5932,9867,1025.6812040354516,315.12649915142373,667.5,628.0
5932,9868,1025.6812040354516,315.12649915142373,667.5,628.0
5932,9869,1025.6812040354516,315.12649915142373,667.5,628.0
5932,9870,1025.6812040354516,315.12649915142373,667.5,628.0
5932,9871,1025.6812040354516,315.12649915142373,667.5,628.0
5932,9872,1025.6812040354516,315.12649915142373,667.5,628.0
5932,9873,1025.6812040354516,315.12649915142373,667.5,628.0
5932,9874,1025.6812040354516,315.12649915142373,667.5,628.0
5932,9875,1025.6812040354516,315.12649915142373,667.5,628.0
5932,9876,1025.6812040354516,315.12649915142373,667.5,628.0
5932,9877,1025.6812040354516,315.12649915142373,667.5,628.0
5932,9878,1025.6812040354516,315.12649915142373,667.5,628.0
5932,9879,1025.6812040354516,315.12649915142373,667.5,628.0
5932,9880,1025.6812040354516,315.12649915142373,667.5,628.0
5932,9881,1025.6812040354516,315.12649915142373,667.5,628.0
5932,9882,1025.6812040354516,315.12649915142373,667.5,628.0
5932,9883,1025.6812040354516,315.12649915142373,667.5,628.0
5932,9884,1025.6812040354516,315.12649915142373,667.5,628.0
5932,9885,1025.6812040354516,315.12649915142373,667.5,628.0
5932,9886,1025.6812040354516,315.12649915142373,667.5,628.0
5932,9887,1025.6812040354516,315.12649915142373,667.5,628.0
5932,9888,1025.6812040354516,315.12649915142373,667.5,628.0
5932,9889,1025.6812040354516,315.12649915142373,667.5,628.0
5932,9890,1025.6812040354516,315.12649915142373,667.5,628.0
5932,9891,1025.6812040354516,315.12649915142373,667.5,628.0
5932,9892,1025.6812040354516,315.12649915142373,667.5,628.0
5932,9893,1025.6812040354516,315.12649915142373,667.5,628.0
5932,9894,1025.6812040354516,315.12649915142373,667.5,628.0
5932,9895,1025.6812040354516,315.12649915142373,667.5,628.0
5932,9896,1025.6812040354516,315.12649915142373,667.5,628.0
5932,9897,1025.6812040354516,315.12649915142373,667.5,628.0
5932,9898,1025.6812040354516,315.12649915142373,667.5,628.0
5932,9899,1025.6812040354516,315.12649915142373,667.5,628.0
5932,9900,1025.6812040354516,315.12649915142373,667.5,628.0
5932,9901,1025.6812040354516,315.12649915142373,667.5,628.0
5932,9902,1025.6812040354516,315.12649915142373,667.5,628.0
5932,9903,1025.6812040354516,315.12649915142373,667.5,628.0
5932,9904,1025.6812040354516,315.12649915142373,667.5,628.0
5932,9905,1025.6812040354516,315.12649915142373,667.5,628.0
5932,9906,1025.6812040354516,315.12649915142373,667.5,628.0
5932,9907,1025.6812040354516,315.12649915142373,667.5,628.0
5932,9908,1025.6812040354516,315.12649915142373,667.5,628.0
5932,9909,1025.6812040354516,315.12649915142373,686.10625,628.225
5932,9910,1025.6812040354516,315.12649915142373,704.7125,628.45
5932,9911,987.6812040354517,279.12649915142373,723.31875,628.675
5932,9912,987.6812040354517,279.12649915142373,741.925,628.9
5932,9913,987.6812040354517,279.12649915142373,760.53125,629.125
5932,9914,987.6812040354517,279.12649915142373,779.1375,629.35
5932,9915,987.6812040354517,279.12649915142373,797.7437500000001,629.575
5932,9916,987.6812040354517,279.12649915142373,816.35,629.8
5932,9917,987.6812040354517,279.12649915142373,834.95625,630.025
5932,9918,987.6812040354517,279.12649915142373,853.5625,630.25
5932,9919,987.6812040354517,279.12649915142373,872.16875,630.475
5932,9920,987.6812040354517,279.12649915142373,890.7750000000001,630.7
5932,9921,987.6812040354517,279.12649915142373,909.38125,630.9250000000001
5932,9922,987.6812040354517,279.12649915142373,927.9875000000001,631.15
5932,9923,987.6812040354517,279.12649915142373,946.59375,631.375
5932,9924,987.6812040354517,279.12649915142373,965.2,631.6
5932,9925,987.6812040354517,279.12649915142373,965.2,631.6
5932,9926,987.6812040354517,279.12649915142373,965.2,631.6
5932,9927,987.6812040354517,279.12649915142373,965.2,631.6
5932,9928,987.6812040354517,279.12649915142373,965.2,631.6
5932,9929,987.6812040354517,279.12649915142373,965.2,631.6
5932,9930,987.6812040354517,279.12649915142373,965.2,631.6
5932,9931,987.6812040354517,279.12649915142373,965.2,631.6
5932,9932,987.6812040354517,279.12649915142373,965.2,631.6
5932,9933,987.6812040354517,279.12649915142373,965.2,631.6
5932,9934,987.6812040354517,279.12649915142373,965.2,631.6
5932,9935,987.6812040354517,279.12649915142373,965.2,631.6
5932,9936,987.6812040354517,279.12649915142373,965.2,631.6
5932,9937,987.6812040354517,279.12649915142373,965.2,631.6
5932,9938,987.6812040354517,279.12649915142373,965.2,631.6
5932,9939,987.6812040354517,279.12649915142373,965.2,631.6
5932,9940,987.6812040354517,279.12649915142373,965.2,631.6
5932,9941,987.6812040354517,279.12649915142373,965.2,631.6
5932,9942,987.6812040354517,279.12649915142373,965.2,631.6
5932,9943,949.6812040354517,242.12649915142373,965.2,631.6
5932,9944,949.6812040354517,242.12649915142373,965.2,631.6
5932,9945,949.6812040354517,242.12649915142373,965.2,631.6
5932,9946,949.6812040354517,242.12649915142373,965.2,631.6
5932,9947,949.6812040354517,242.12649915142373,965.2,631.6
5932,9948,949.6812040354517,242.12649915142373,965.2,631.6
5932,9949,949.6812040354517,242.12649915142373,965.2,631.6
5932,9950,949.6812040354517,242.12649915142373,965.2,631.6
5932,9951,949.6812040354517,242.12649915142373,965.2,631.6
5932,9952,949.6812040354517,242.12649915142373,965.2,631.6
5932,9953,949.6812040354517,242.12649915142373,965.2,631.6
5932,9954,949.6812040354517,242.12649915142373,965.2,631.6
5932,9955,949.6812040354517,242.12649915142373,965.2,631.6
5932,9956,949.6812040354517,242.12649915142373,965.2,631.6
5932,9957,949.6812040354517,242.12649915142373,965.2,631.6
5932,9958,949.6812040354517,242.12649915142373,965.2,631.6
5932,9959,949.6812040354517,242.12649915142373,965.2,631.6
5932,9960,949.6812040354517,242.12649915142373,965.2,631.6
5932,9961,949.6812040354517,242.12649915142373,965.2,631.6
5932,9962,949.6812040354517,242.12649915142373,965.2,631.6
5932,9963,949.6812040354517,242.12649915142373,965.2,631.6
5932,9964,949.6812040354517,242.12649915142373,965.2,631.6
5932,9965,949.6812040354517,242.12649915142373,965.2,631.6
5932,9966,949.6812040354517,242.12649915142373,965.2,631.6
5932,9967,949.6812040354517,242.12649915142373,965.2,631.6
5932,9968,949.6812040354517,242.12649915142373,965.2,631.6
5932,9969,949.6812040354517,242.12649915142373,965.2,631.6
5932,9970,949.6812040354517,242.12649915142373,965.2,631.6
5932,9971,949.6812040354517,242.12649915142373,965.2,631.6
5932,9972,949.6812040354517,242.12649915142373,965.2,631.6
5932,9973,949.6812040354517,242.12649915142373,965.2,631.6
5932,9974,949.6812040354517,242.12649915142373,965.2,631.6
5932,9975,949.6812040354517,242.12649915142373,965.2,631.6
5932,9976,949.6812040354517,242.12649915142373,965.2,631.6
5932,9977,949.6812040354517,242.12649915142373,965.2,631.6
5932,9978,949.6812040354517,242.12649915142373,965.2,631.6
5932,9979,949.6812040354517,242.12649915142373,965.2,631.6
5932,9980,949.6812040354517,242.12649915142373,965.2,631.6
5932,9981,949.6812040354517,242.12649915142373,965.2,631.6
5932,9982,949.6812040354517,242.12649915142373,965.2,631.6
5932,9983,949.6812040354517,242.12649915142373,965.2,631.6
5932,9984,949.6812040354517,242.12649915142373,965.2,631.6
5932,9985,949.6812040354517,242.12649915142373,965.2,631.6
5932,9986,949.6812040354517,242.12649915142373,965.2,631.6
5932,9987,949.6812040354517,242.12649915142373,965.2,631.6
5932,9988,949.6812040354517,242.12649915142373,965.2,631.6
5932,9989,949.6812040354517,242.12649915142373,965.2,631.6
5932,9990,949.6812040354517,242.12649915142373,965.2,631.6
5932,9991,949.6812040354517,242.12649915142373,965.2,631.6
5932,9992,949.6812040354517,242.12649915142373,965.2,631.6
5932,9993,949.6812040354517,242.12649915142373,965.2,631.6
5932,9994,949.6812040354517,242.12649915142373,965.2,631.6
5932,9995,949.6812040354517,242.12649915142373,965.2,631.6
5932,9996,949.6812040354517,242.12649915142373,965.2,631.6
5932,9997,949.6812040354517,242.12649915142373,965.2,631.6
5932,9998,949.6812040354517,242.12649915142373,965.2,631.6
5932,9999,949.6812040354517,242.12649915142373,965.2,631.6
5932,10000,949.6812040354517,242.12649915142373,965.2,631.6
5932,10001,949.6812040354517,242.12649915142373,965.2,631.6
5932,10002,949.6812040354517,242.12649915142373,965.2,631.6
5932,10003,949.6812040354517,242.12649915142373,965.2,631.6
5932,10004,949.6812040354517,242.12649915142373,965.2,631.6
5932,10005,949.6812040354517,242.12649915142373,965.2,631.6
5932,10006,949.6812040354517,242.12649915142373,965.2,631.6
5932,10007,949.6812040354517,242.12649915142373,965.2,631.6
5932,10008,949.6812040354517,242.12649915142373,965.2,631.6
5932,10009,949.6812040354517,242.12649915142373,965.2,631.6
5932,10010,949.6812040354517,242.12649915142373,965.2,631.6
5932,10011,949.6812040354517,242.12649915142373,965.2,631.6
5932,10012,949.6812040354517,242.12649915142373,965.2,631.6
5932,10013,949.6812040354517,242.12649915142373,965.2,631.6
5932,10014,949.6812040354517,242.12649915142373,965.2,631.6
5932,10015,949.6812040354517,242.12649915142373,965.2,631.6
5932,10016,949.6812040354517,242.12649915142373,965.2,631.6
5932,10017,949.6812040354517,242.12649915142373,965.2,631.6
5932,10018,949.6812040354517,242.12649915142373,965.2,631.6
5932,10019,949.6812040354517,242.12649915142373,965.2,631.6
5932,10020,949.6812040354517,242.12649915142373,965.2,631.6
5932,10021,949.6812040354517,242.12649915142373,965.2,631.6
5932,10022,949.6812040354517,242.12649915142373,965.2,631.6
5932,10023,949.6812040354517,242.12649915142373,965.2,631.6
5932,10024,949.6812040354517,242.12649915142373,965.2,631.6
5932,10025,949.6812040354517,242.12649915142373,965.2,631.6
5932,10026,949.6812040354517,242.12649915142373,965.2,631.6
5932,10027,949.6812040354517,242.12649915142373,965.2,631.6
5932,10028,949.6812040354517,242.12649915142373,965.2,631.6
5932,10029,949.6812040354517,242.12649915142373,965.2,631.6
5932,10030,949.6812040354517,242.12649915142373,965.2,631.6
5932,10031,949.6812040354517,242.12649915142373,965.2,631.6
5932,10032,949.6812040354517,242.12649915142373,965.2,631.6
5932,10033,949.6812040354517,242.12649915142373,965.2,631.6
5932,10034,949.6812040354517,242.12649915142373,965.2,631.6
5932,10035,949.6812040354517,242.12649915142373,965.2,631.6
5932,10036,949.6812040354517,242.12649915142373,965.2,631.6
5932,10037,949.6812040354517,242.12649915142373,965.2,631.6
5932,10038,949.6812040354517,242.12649915142373,965.2,631.6
5932,10039,949.6812040354517,242.12649915142373,965.2,631.6
5932,10040,949.6812040354517,242.12649915142373,965.2,631.6
5932,10041,949.6812040354517,242.12649915142373,965.2,631.6
5932,10042,949.6812040354517,242.12649915142373,965.2,631.6
5932,10043,949.6812040354517,242.12649915142373,965.2,631.6
5932,10044,949.6812040354517,242.12649915142373,965.2,631.6
5932,10045,949.6812040354517,242.12649915142373,965.2,631.6
5932,10046,949.6812040354517,242.12649915142373,965.2,631.6
5932,10047,949.6812040354517,242.12649915142373,965.2,631.6
5932,10048,949.6812040354517,242.12649915142373,965.2,631.6
5932,10049,949.6812040354517,242.12649915142373,965.2,631.6
5932,10050,949.6812040354517,242.12649915142373,965.2,631.6
5932,10051,949.6812040354517,242.12649915142373,965.2,631.6
5932,10052,949.6812040354517,242.12649915142373,965.2,631.6
5932,10053,949.6812040354517,242.12649915142373,965.2,631.6
5932,10054,949.6812040354517,242.12649915142373,965.2,631.6
5932,10055,949.6812040354517,242.12649915142373,965.2,631.6
5932,10056,949.6812040354517,242.12649915142373,965.2,631.6
5932,10057,949.6812040354517,242.12649915142373,965.2,631.6
5932,10058,949.6812040354517,242.12649915142373,965.2,631.6
5932,10059,949.6812040354517,242.12649915142373,965.2,631.6
5932,10060,949.6812040354517,242.12649915142373,965.2,631.6
5932,10061,949.6812040354517,242.12649915142373,965.2,631.6
5932,10062,949.6812040354517,242.12649915142373,965.2,631.6
5932,10063,949.6812040354517,242.12649915142373,965.2,631.6
5932,10064,949.6812040354517,242.12649915142373,965.2,631.6
5932,10065,949.6812040354517,242.12649915142373,965.2,631.6
5932,10066,949.6812040354517,242.12649915142373,965.2,631.6
5932,10067,949.6812040354517,242.12649915142373,965.2,631.6
5932,10068,949.6812040354517,242.12649915142373,965.2,631.6
5932,10069,949.6812040354517,242.12649915142373,965.2,631.6
5932,10070,949.6812040354517,242.12649915142373,965.2,631.6
5932,10071,949.6812040354517,242.12649915142373,965.2,631.6
5932,10072,949.6812040354517,242.12649915142373,965.2,631.6
5932,10073,949.6812040354517,242.12649915142373,965.2,631.6
5932,10074,949.6812040354517,242.12649915142373,965.2,631.6
5932,10075,949.6812040354517,242.12649915142373,965.2,631.6
5932,10076,949.6812040354517,242.12649915142373,965.2,631.6
5932,10077,949.6812040354517,242.12649915142373,965.2,631.6
5932,10078,949.6812040354517,242.12649915142373,965.2,631.6
5932,10079,949.6812040354517,242.12649915142373,965.2,631.6
5932,10080,949.6812040354517,242.12649915142373,965.2,631.6
5932,10081,949.6812040354517,242.12649915142373,965.2,631.6
5932,10082,949.6812040354517,242.12649915142373,965.2,631.6
5932,10083,949.6812040354517,242.12649915142373,965.2,631.6
5932,10084,949.6812040354517,242.12649915142373,965.2,631.6
5932,10085,949.6812040354517,242.12649915142373,965.2,631.6
5932,10086,949.6812040354517,242.12649915142373,965.2,631.6
5932,10087,949.6812040354517,242.12649915142373,965.2,631.6
5932,10088,949.6812040354517,242.12649915142373,965.2,631.6
5932,10089,949.6812040354517,242.12649915142373,965.2,631.6
5932,10090,949.6812040354517,242.12649915142373,965.2,631.6
5932,10091,949.6812040354517,242.12649915142373,965.2,631.6
5932,10092,949.6812040354517,242.12649915142373,965.2,631.6
5932,10093,949.6812040354517,242.12649915142373,965.2,631.6
5932,10094,949.6812040354517,242.12649915142373,965.2,631.6
5932,10095,949.6812040354517,242.12649915142373,965.2,631.6
5932,10096,949.6812040354517,242.12649915142373,965.2,631.6
5932,10097,949.6812040354517,242.12649915142373,965.2,631.6
5932,10098,949.6812040354517,242.12649915142373,965.2,631.6
5932,10099,949.6812040354517,242.12649915142373,965.2,631.6
5932,10100,949.6812040354517,242.12649915142373,965.2,631.6
5932,10101,949.6812040354517,242.12649915142373,965.2,631.6
5932,10102,949.6812040354517,242.12649915142373,965.2,631.6
5932,10103,949.6812040354517,242.12649915142373,965.2,631.6
5932,10104,949.6812040354517,242.12649915142373,965.2,631.6
5932,10105,949.6812040354517,242.12649915142373,965.2,631.6
5932,10106,949.6812040354517,242.12649915142373,965.2,631.6
5932,10107,949.6812040354517,242.12649915142373,965.2,631.6
5932,10108,949.6812040354517,242.12649915142373,965.2,631.6
5932,10109,949.6812040354517,242.12649915142373,965.2,631.6
5932,10110,1304.6812040354516,251.12649915142373,965.2,631.6
5932,10111,1304.6812040354516,251.12649915142373,965.2,631.6
5932,10112,1304.6812040354516,251.12649915142373,965.2,631.6
5932,10113,1304.6812040354516,251.12649915142373,965.2,631.6
5932,10114,1304.6812040354516,251.12649915142373,965.2,631.6
5932,10115,1304.6812040354516,251.12649915142373,965.2,631.6
5932,10116,1304.6812040354516,251.12649915142373,965.2,631.6
5932,10117,1304.6812040354516,251.12649915142373,965.2,631.6
5932,10118,1304.6812040354516,251.12649915142373,965.2,631.6
5932,10119,1304.6812040354516,251.12649915142373,965.2,631.6
5932,10120,1304.6812040354516,251.12649915142373,965.2,631.6
5932,10121,1304.6812040354516,251.12649915142373,965.2,631.6
5932,10122,1304.6812040354516,251.12649915142373,965.2,631.6
5932,10123,1304.6812040354516,251.12649915142373,965.2,631.6
5932,10124,1304.6812040354516,251.12649915142373,965.2,631.6
5932,10125,1304.6812040354516,251.12649915142373,965.2,631.6
5932,10126,1304.6812040354516,251.12649915142373,965.2,631.6
5932,10127,1304.6812040354516,251.12649915142373,965.2,631.6
5932,10128,1304.6812040354516,251.12649915142373,965.2,631.6
5932,10129,1304.6812040354516,251.12649915142373,965.2,631.6
5932,10130,1304.6812040354516,251.12649915142373,965.2,631.6
5932,10131,1304.6812040354516,251.12649915142373,965.2,631.6
5932,10132,1304.6812040354516,251.12649915142373,965.2,631.6
5932,10133,1304.6812040354516,251.12649915142373,965.2,631.6
5932,10134,1304.6812040354516,251.12649915142373,965.2,631.6
5932,10135,1304.6812040354516,251.12649915142373,965.2,631.6
5932,10136,1304.6812040354516,251.12649915142373,955.825,630.9166666666667
5932,10137,1304.6812040354516,251.12649915142373,946.45,630.2333333333333
5932,10138,1304.6812040354516,251.12649915142373,937.075,629.5500000000001
5932,10139,1304.6812040354516,251.12649915142373,927.7,628.8666666666667
5932,10140,1304.6812040354516,251.12649915142373,918.325,628.1833333333334
5932,10141,1304.6812040354516,251.12649915142373,908.95,627.5
5932,10142,1304.6812040354516,251.12649915142373,899.575,626.8166666666667
5932,10143,1304.6812040354516,251.12649915142373,890.2,626.1333333333333
5932,10144,1304.6812040354516,251.12649915142373,880.825,625.45
5932,10145,1304.6812040354516,251.12649915142373,871.45,624.7666666666667
5932,10146,1304.6812040354516,251.12649915142373,862.075,624.0833333333334
5932,10147,1304.6812040354516,251.12649915142373,852.7,623.4000000000001
5932,10148,1304.6812040354516,251.12649915142373,843.325,622.7166666666667
5932,10149,1304.6812040354516,251.12649915142373,833.95,622.0333333333334
5932,10150,1304.6812040354516,251.12649915142373,824.575,621.35
5932,10151,1304.6812040354516,251.12649915142373,815.2,620.6666666666667
5932,10152,1304.6812040354516,251.12649915142373,805.825,619.9833333333333
5932,10153,1304.6812040354516,251.12649915142373,796.45,619.3000000000001
5932,10154,1304.6812040354516,251.12649915142373,787.075,618.6166666666667
5932,10155,1304.6812040354516,251.12649915142373,777.7,617.9333333333334
5932,10156,1304.6812040354516,251.12649915142373,768.325,617.25
5932,10157,1304.6812040354516,251.12649915142373,758.95,616.5666666666667
5932,10158,1304.6812040354516,251.12649915142373,749.575,615.8833333333333
5932,10159,1304.6812040354516,251.12649915142373,740.2,615.2
5932,10160,1304.6812040354516,251.12649915142373,740.2,615.2
5932,10161,1304.6812040354516,251.12649915142373,740.2,615.2
5932,10162,1304.6812040354516,251.12649915142373,740.2,615.2
5932,10163,1304.6812040354516,251.12649915142373,740.2,615.2
5932,10164,1304.6812040354516,251.12649915142373,740.2,615.2
5932,10165,1304.6812040354516,251.12649915142373,740.2,615.2
5932,10166,1304.6812040354516,251.12649915142373,740.2,615.2
5932,10167,1304.6812040354516,251.12649915142373,740.2,615.2
5932,10168,1304.6812040354516,251.12649915142373,740.2,615.2
5932,10169,1304.6812040354516,251.12649915142373,740.2,615.2
5932,10170,1304.6812040354516,251.12649915142373,740.2,615.2
5932,10171,1304.6812040354516,251.12649915142373,740.2,615.2
5932,10172,1304.6812040354516,251.12649915142373,740.2,615.2
5932,10173,1304.6812040354516,251.12649915142373,740.2,615.2
5932,10174,1304.6812040354516,251.12649915142373,740.2,615.2
5932,10175,1304.6812040354516,251.12649915142373,740.2,615.2
5932,10176,1304.6812040354516,251.12649915142373,740.2,615.2
5932,10177,1304.6812040354516,251.12649915142373,740.2,615.2
5932,10178,1304.6812040354516,251.12649915142373,740.2,615.2
5932,10179,1304.6812040354516,251.12649915142373,740.2,615.2
5932,10180,1304.6812040354516,251.12649915142373,740.2,615.2
5932,10181,1304.6812040354516,251.12649915142373,740.2,615.2
5932,10182,1304.6812040354516,251.12649915142373,740.2,615.2
5932,10183,1304.6812040354516,251.12649915142373,740.2,615.2
5932,10184,1304.6812040354516,251.12649915142373,740.2,615.2
5932,10185,1304.6812040354516,251.12649915142373,740.2,615.2
5932,10186,1304.6812040354516,251.12649915142373,740.2,615.2
5932,10187,1304.6812040354516,251.12649915142373,740.2,615.2
5932,10188,1304.6812040354516,251.12649915142373,740.2,615.2
5932,10189,1304.6812040354516,251.12649915142373,740.2,615.2
5932,10190,1304.6812040354516,251.12649915142373,740.2,615.2
5932,10191,1304.6812040354516,251.12649915142373,740.2,615.2
5932,10192,1304.6812040354516,251.12649915142373,740.2,615.2
5932,10193,1304.6812040354516,251.12649915142373,740.2,615.2
5932,10194,1304.6812040354516,251.12649915142373,740.2,615.2
5932,10195,1304.6812040354516,251.12649915142373,740.2,615.2
5932,10196,1304.6812040354516,251.12649915142373,740.2,615.2
5932,10197,1304.6812040354516,251.12649915142373,740.2,615.2
5932,10198,1304.6812040354516,251.12649915142373,740.2,615.2
5932,10199,1304.6812040354516,251.12649915142373,740.2,615.2
5932,10200,1304.6812040354516,251.12649915142373,740.2,615.2
5932,10201,1304.6812040354516,251.12649915142373,740.2,615.2
5932,10202,1304.6812040354516,251.12649915142373,740.2,615.2
5932,10203,1304.6812040354516,251.12649915142373,740.2,615.2
5932,10204,1304.6812040354516,251.12649915142373,740.2,615.2
5932,10205,1304.6812040354516,251.12649915142373,740.2,615.2
5932,10206,1304.6812040354516,251.12649915142373,740.2,615.2
5932,10207,1304.6812040354516,251.12649915142373,740.2,615.2
5932,10208,1304.6812040354516,251.12649915142373,740.2,615.2
5932,10209,1304.6812040354516,251.12649915142373,740.2,615.2
5932,10210,1304.6812040354516,251.12649915142373,740.2,615.2
5932,10211,1116.6812040354516,465.12649915142373,740.2,615.2
5932,10212,1116.6812040354516,465.12649915142373,740.2,615.2
5932,10213,1116.6812040354516,465.12649915142373,740.2,615.2
5932,10214,1116.6812040354516,465.12649915142373,740.2,615.2
5932,10215,1116.6812040354516,465.12649915142373,740.2,615.2
5932,10216,1116.6812040354516,465.12649915142373,740.2,615.2
5932,10217,1116.6812040354516,465.12649915142373,740.2,615.2
5932,10218,1116.6812040354516,465.12649915142373,740.2,615.2
5932,10219,1116.6812040354516,465.12649915142373,740.2,615.2
5932,10220,1116.6812040354516,465.12649915142373,740.2,615.2
5932,10221,1116.6812040354516,465.12649915142373,740.2,615.2
5932,10222,1116.6812040354516,465.12649915142373,740.2,615.2
5932,10223,1116.6812040354516,465.12649915142373,740.2,615.2
5932,10224,1116.6812040354516,465.12649915142373,740.2,615.2
5932,10225,1116.6812040354516,465.12649915142373,740.2,615.2
5932,10226,1116.6812040354516,465.12649915142373,740.2,615.2
5932,10227,1116.6812040354516,465.12649915142373,740.2,615.2
5932,10228,1116.6812040354516,465.12649915142373,740.2,615.2
5932,10229,1116.6812040354516,465.12649915142373,740.2,615.2
5932,10230,1116.6812040354516,465.12649915142373,740.2,615.2
5932,10231,1116.6812040354516,465.12649915142373,740.2,615.2
5932,10232,1116.6812040354516,465.12649915142373,740.2,615.2
5932,10233,1116.6812040354516,465.12649915142373,740.2,615.2
5932,10234,1116.6812040354516,465.12649915142373,740.2,615.2
5932,10235,1116.6812040354516,465.12649915142373,740.2,615.2
5932,10236,1116.6812040354516,465.12649915142373,740.2,615.2
5932,10237,1116.6812040354516,465.12649915142373,740.2,615.2
5932,10238,1116.6812040354516,465.12649915142373,740.2,615.2
5932,10239,1116.6812040354516,465.12649915142373,740.2,615.2
5932,10240,1116.6812040354516,465.12649915142373,740.2,615.2
5932,10241,1116.6812040354516,465.12649915142373,740.2,615.2
5932,10242,1116.6812040354516,465.12649915142373,740.2,615.2
5932,10243,1116.6812040354516,465.12649915142373,740.2,615.2
5932,10244,927.6812040354517,679.1264991514238,740.2,615.2
5932,10245,927.6812040354517,679.1264991514238,740.2,615.2
5932,10246,927.6812040354517,679.1264991514238,740.2,615.2
5932,10247,927.6812040354517,679.1264991514238,740.2,615.2
5932,10248,927.6812040354517,679.1264991514238,740.2,615.2
5932,10249,927.6812040354517,679.1264991514238,740.2,615.2
5932,10250,927.6812040354517,679.1264991514238,740.2,615.2
5932,10251,927.6812040354517,679.1264991514238,740.2,615.2
5932,10252,927.6812040354517,679.1264991514238,740.2,615.2
5932,10253,927.6812040354517,679.1264991514238,740.2,615.2
5932,10254,927.6812040354517,679.1264991514238,740.2,615.2
5932,10255,927.6812040354517,679.1264991514238,740.2,615.2
5932,10256,927.6812040354517,679.1264991514238,740.2,615.2
5932,10257,927.6812040354517,679.1264991514238,740.2,615.2
5932,10258,927.6812040354517,679.1264991514238,740.2,615.2
5932,10259,927.6812040354517,679.1264991514238,740.2,615.2
5932,10260,927.6812040354517,679.1264991514238,740.2,615.2
5932,10261,927.6812040354517,679.1264991514238,740.2,615.2
5932,10262,927.6812040354517,679.1264991514238,740.2,615.2
5932,10263,927.6812040354517,679.1264991514238,740.2,615.2
5932,10264,927.6812040354517,679.1264991514238,740.2,615.2
5932,10265,927.6812040354517,679.1264991514238,740.2,615.2
5932,10266,927.6812040354517,679.1264991514238,740.2,615.2
5932,10267,927.6812040354517,679.1264991514238,740.2,615.2
5932,10268,927.6812040354517,679.1264991514238,740.2,615.2
5932,10269,927.6812040354517,679.1264991514238,740.2,615.2
5932,10270,927.6812040354517,679.1264991514238,740.2,615.2
5932,10271,927.6812040354517,679.1264991514238,740.2,615.2
5932,10272,927.6812040354517,679.1264991514238,740.2,615.2
5932,10273,927.6812040354517,679.1264991514238,740.2,615.2
5932,10274,927.6812040354517,679.1264991514238,740.2,615.2
5932,10275,927.6812040354517,679.1264991514238,740.2,615.2
5932,10276,927.6812040354517,679.1264991514238,740.2,615.2
5932,10277,927.6812040354517,679.1264991514238,740.2,615.2
5932,10278,927.6812040354517,679.1264991514238,740.2,615.2
5932,10279,927.6812040354517,679.1264991514238,748.0833333333334,615.6750000000001
5932,10280,927.6812040354517,679.1264991514238,755.9666666666667,616.1500000000001
5932,10281,927.6812040354517,679.1264991514238,763.85,616.625
5932,10282,927.6812040354517,679.1264991514238,771.7333333333333,617.1
5932,10283,927.6812040354517,679.1264991514238,779.6166666666667,617.575
5932,10284,927.6812040354517,679.1264991514238,787.5,618.0500000000001
5932,10285,927.6812040354517,679.1264991514238,795.3833333333333,618.5250000000001
5932,10286,927.6812040354517,679.1264991514238,803.2666666666667,619.0
5932,10287,927.6812040354517,679.1264991514238,811.15,619.475
5932,10288,927.6812040354517,679.1264991514238,819.0333333333333,619.95
5932,10289,927.6812040354517,679.1264991514238,826.9166666666666,620.4250000000001
5932,10290,927.6812040354517,679.1264991514238,834.8,620.9000000000001
5932,10291,927.6812040354517,679.1264991514238,842.6833333333334,621.375
5932,10292,927.6812040354517,679.1264991514238,850.5666666666666,621.85
5932,10293,927.6812040354517,679.1264991514238,858.45,622.325
5932,10294,927.6812040354517,679.1264991514238,866.3333333333334,622.8000000000001
5932,10295,927.6812040354517,679.1264991514238,874.2166666666667,623.275
5932,10296,927.6812040354517,679.1264991514238,882.1,623.75
5932,10297,927.6812040354517,679.1264991514238,889.9833333333333,624.225
5932,10298,927.6812040354517,679.1264991514238,897.8666666666667,624.7
5932,10299,927.6812040354517,679.1264991514238,905.75,625.1750000000001
5932,10300,927.6812040354517,679.1264991514238,913.6333333333333,625.65
5932,10301,927.6812040354517,679.1264991514238,921.5166666666667,626.125
5932,10302,927.6812040354517,679.1264991514238,929.4,626.6
5932,10303,927.6812040354517,679.1264991514238,929.4,626.6
5932,10304,927.6812040354517,679.1264991514238,929.4,626.6
5932,10305,927.6812040354517,679.1264991514238,929.4,626.6
5932,10306,927.6812040354517,679.1264991514238,929.4,626.6
5932,10307,927.6812040354517,679.1264991514238,929.4,626.6
5932,10308,927.6812040354517,679.1264991514238,929.4,626.6
5932,10309,927.6812040354517,679.1264991514238,929.4,626.6
5932,10310,927.6812040354517,679.1264991514238,929.4,626.6
5932,10311,927.6812040354517,679.1264991514238,929.4,626.6
5932,10312,927.6812040354517,679.1264991514238,929.4,626.6
5932,10313,927.6812040354517,679.1264991514238,929.4,626.6
5932,10314,927.6812040354517,679.1264991514238,929.4,626.6
5932,10315,927.6812040354517,679.1264991514238,929.4,626.6
5932,10316,927.6812040354517,679.1264991514238,929.4,626.6
5932,10317,927.6812040354517,679.1264991514238,929.4,626.6
5932,10318,927.6812040354517,679.1264991514238,929.4,626.6
5932,10319,927.6812040354517,679.1264991514238,929.4,626.6
5932,10320,927.6812040354517,679.1264991514238,929.4,626.6
5932,10321,927.6812040354517,679.1264991514238,929.4,626.6
5932,10322,927.6812040354517,679.1264991514238,929.4,626.6
5932,10323,927.6812040354517,679.1264991514238,929.4,626.6
5933,10324,927.6812040354517,679.1264991514238,929.4,626.6
5934,10325,927.6812040354517,679.1264991514238,929.4,626.6
5935,10326,927.6812040354517,679.1264991514238,929.4,626.6
5935,10327,927.6812040354517,679.1264991514238,929.4,626.6
5936,10328,927.6812040354517,679.1264991514238,929.4,626.6
5937,10329,927.6812040354517,679.1264991514238,929.4,626.6
5938,10330,927.6812040354517,679.1264991514238,929.4,626.6
5939,10331,927.6812040354517,679.1264991514238,929.4,626.6
5940,10332,927.6812040354517,679.1264991514238,929.4,626.6
5941,10333,927.6812040354517,679.1264991514238,929.4,626.6
5942,10334,927.6812040354517,679.1264991514238,929.4,626.6
5943,10335,927.6812040354517,679.1264991514238,929.4,626.6
5944,10336,927.6812040354517,679.1264991514238,929.4,626.6
5945,10337,927.6812040354517,679.1264991514238,929.4,626.6
5946,10338,927.6812040354517,679.1264991514238,929.4,626.6
5947,10339,927.6812040354517,679.1264991514238,929.4,626.6
5948,10340,927.6812040354517,679.1264991514238,929.4,626.6
5949,10341,927.6812040354517,679.1264991514238,929.4,626.6
5950,10342,927.6812040354517,679.1264991514238,929.4,626.6
5951,10343,786.6812040354517,663.1264991514238,929.4,626.6
5952,10344,786.6812040354517,663.1264991514238,929.4,626.6
5953,10345,786.6812040354517,663.1264991514238,929.4,626.6
5954,10346,786.6812040354517,663.1264991514238,929.4,626.6
5955,10347,786.6812040354517,663.1264991514238,929.4,626.6
5956,10348,786.6812040354517,663.1264991514238,929.4,626.6
5957,10349,786.6812040354517,663.1264991514238,929.4,626.6
5958,10350,786.6812040354517,663.1264991514238,929.4,626.6
5959,10351,786.6812040354517,663.1264991514238,929.4,626.6
5960,10352,786.6812040354517,663.1264991514238,929.4,626.6
5961,10353,786.6812040354517,663.1264991514238,929.4,626.6
5962,10354,786.6812040354517,663.1264991514238,929.4,626.6
5963,10355,786.6812040354517,663.1264991514238,929.4,626.6
5964,10356,786.6812040354517,663.1264991514238,929.4,626.6
5965,10357,786.6812040354517,663.1264991514238,929.4,626.6
5966,10358,786.6812040354517,663.1264991514238,929.4,626.6
5967,10359,786.6812040354517,663.1264991514238,929.4,626.6
5968,10360,786.6812040354517,663.1264991514238,929.4,626.6
5969,10361,786.6812040354517,663.1264991514238,929.4,626.6
5970,10362,786.6812040354517,663.1264991514238,929.4,626.6
5971,10363,786.6812040354517,663.1264991514238,929.4,626.6
5972,10364,786.6812040354517,663.1264991514238,929.4,626.6
5973,10365,786.6812040354517,663.1264991514238,929.4,626.6
5974,10366,786.6812040354517,663.1264991514238,929.4,626.6
5975,10367,786.6812040354517,663.1264991514238,929.4,626.6
5976,10368,786.6812040354517,663.1264991514238,929.4,626.6
5977,10369,786.6812040354517,663.1264991514238,929.4,626.6
5978,10370,786.6812040354517,663.1264991514238,929.4,626.6
5979,10371,786.6812040354517,663.1264991514238,929.4,626.6
5980,10372,786.6812040354517,663.1264991514238,929.4,626.6
5981,10373,786.6812040354517,663.1264991514238,929.4,626.6
5982,10374,786.6812040354517,663.1264991514238,929.4,626.6
5983,10375,786.6812040354517,663.1264991514238,929.4,626.6
5984,10376,786.6812040354517,663.1264991514238,929.4,626.6
5985,10377,644.6812040354517,647.1264991514238,929.4,626.6
5986,10378,644.6812040354517,647.1264991514238,929.4,626.6
5987,10379,644.6812040354517,647.1264991514238,929.4,626.6
5988,10380,644.6812040354517,647.1264991514238,929.4,626.6
5989,10381,644.6812040354517,647.1264991514238,929.4,626.6
5990,10382,644.6812040354517,647.1264991514238,929.4,626.6
5991,10383,644.6812040354517,647.1264991514238,929.4,626.6
5992,10384,644.6812040354517,647.1264991514238,929.4,626.6
5993,10385,644.6812040354517,647.1264991514238,929.4,626.6
5994,10386,644.6812040354517,647.1264991514238,929.4,626.6
5995,10387,644.6812040354517,647.1264991514238,929.4,626.6
5996,10388,644.6812040354517,647.1264991514238,929.4,626.6
5997,10389,644.6812040354517,647.1264991514238,929.4,626.6
5998,10390,644.6812040354517,647.1264991514238,929.4,626.6
5999,10391,644.6812040354517,647.1264991514238,929.4,626.6
6000,10392,644.6812040354517,647.1264991514238,929.4,626.6
6001,10393,644.6812040354517,647.1264991514238,929.4,626.6
6002,10394,644.6812040354517,647.1264991514238,929.4,626.6
6003,10395,644.6812040354517,647.1264991514238,929.4,626.6
6004,10396,644.6812040354517,647.1264991514238,929.4,626.6
6005,10397,644.6812040354517,647.1264991514238,929.4,626.6
6006,10398,644.6812040354517,647.1264991514238,929.4,626.6
6007,10399,644.6812040354517,647.1264991514238,929.4,626.6
6008,10400,644.6812040354517,647.1264991514238,929.4,626.6
6009,10401,644.6812040354517,647.1264991514238,929.4,626.6
6010,10402,644.6812040354517,647.1264991514238,929.4,626.6
6011,10403,644.6812040354517,647.1264991514238,929.4,626.6
6012,10404,644.6812040354517,647.1264991514238,929.4,626.6
6013,10405,644.6812040354517,647.1264991514238,929.4,626.6
6014,10406,644.6812040354517,647.1264991514238,929.4,626.6
6015,10407,644.6812040354517,647.1264991514238,929.4,626.6
6016,10408,644.6812040354517,647.1264991514238,929.4,626.6
6017,10409,644.6812040354517,647.1264991514238,929.4,626.6
6018,10410,644.6812040354517,647.1264991514238,929.4,626.6
6019,10411,644.6812040354517,647.1264991514238,929.4,626.6
6020,10412,644.6812040354517,647.1264991514238,929.4,626.6
6021,10413,644.6812040354517,647.1264991514238,929.4,626.6
6022,10414,644.6812040354517,647.1264991514238,929.4,626.6
6023,10415,644.6812040354517,647.1264991514238,929.4,626.6
6024,10416,644.6812040354517,647.1264991514238,929.4,626.6
6025,10417,644.6812040354517,647.1264991514238,929.4,626.6
6026,10418,644.6812040354517,647.1264991514238,929.4,626.6
6027,10419,644.6812040354517,647.1264991514238,929.4,626.6
6028,10420,644.6812040354517,647.1264991514238,929.4,626.6
6029,10421,644.6812040354517,647.1264991514238,929.4,626.6
6030,10422,644.6812040354517,647.1264991514238,929.4,626.6
6031,10423,644.6812040354517,647.1264991514238,929.4,626.6
6032,10424,644.6812040354517,647.1264991514238,929.4,626.6
6033,10425,644.6812040354517,647.1264991514238,929.4,626.6
6034,10426,644.6812040354517,647.1264991514238,929.4,626.6
6035,10427,644.6812040354517,647.1264991514238,929.4,626.6
6036,10428,644.6812040354517,647.1264991514238,929.4,626.6
6037,10429,644.6812040354517,647.1264991514238,929.4,626.6
6038,10430,644.6812040354517,647.1264991514238,929.4,626.6
6039,10431,644.6812040354517,647.1264991514238,929.4,626.6
6040,10432,644.6812040354517,647.1264991514238,929.4,626.6
6041,10433,644.6812040354517,647.1264991514238,929.4,626.6
6042,10434,644.6812040354517,647.1264991514238,929.4,626.6
6043,10435,644.6812040354517,647.1264991514238,929.4,626.6
6044,10436,644.6812040354517,647.1264991514238,929.4,626.6
6045,10437,644.6812040354517,647.1264991514238,929.4,626.6
6046,10438,644.6812040354517,647.1264991514238,929.4,626.6
6047,10439,644.6812040354517,647.1264991514238,929.4,626.6
6048,10440,644.6812040354517,647.1264991514238,929.4,626.6
6049,10441,644.6812040354517,647.1264991514238,929.4,626.6
6050,10442,644.6812040354517,647.1264991514238,929.4,626.6
6051,10443,644.6812040354517,647.1264991514238,929.4,626.6
6052,10444,644.6812040354517,647.1264991514238,929.4,626.6
6053,10445,644.6812040354517,647.1264991514238,929.4,626.6
6054,10446,644.6812040354517,647.1264991514238,929.4,626.6
6055,10447,644.6812040354517,647.1264991514238,929.4,626.6
6056,10448,644.6812040354517,647.1264991514238,929.4,626.6
6057,10449,644.6812040354517,647.1264991514238,929.4,626.6
6058,10450,644.6812040354517,647.1264991514238,929.4,626.6
6059,10451,644.6812040354517,647.1264991514238,929.4,626.6
6060,10452,644.6812040354517,647.1264991514238,929.4,626.6
6061,10453,644.6812040354517,647.1264991514238,929.4,626.6
6062,10454,644.6812040354517,647.1264991514238,929.4,626.6
6063,10455,644.6812040354517,647.1264991514238,929.4,626.6
6064,10456,644.6812040354517,647.1264991514238,929.4,626.6
6065,10457,644.6812040354517,647.1264991514238,929.4,626.6
6065,10458,644.6812040354517,647.1264991514238,929.4,626.6
6065,10459,644.6812040354517,647.1264991514238,929.4,626.6
6065,10460,644.6812040354517,647.1264991514238,929.4,626.6
6065,10461,644.6812040354517,647.1264991514238,929.4,626.6
6065,10462,644.6812040354517,647.1264991514238,929.4,626.6
6065,10463,644.6812040354517,647.1264991514238,929.4,626.6
6065,10464,644.6812040354517,647.1264991514238,929.4,626.6
6065,10465,644.6812040354517,647.1264991514238,929.4,626.6
6065,10466,644.6812040354517,647.1264991514238,929.4,626.6
6065,10467,644.6812040354517,647.1264991514238,929.4,626.6
6065,10468,644.6812040354517,647.1264991514238,929.4,626.6
6065,10469,644.6812040354517,647.1264991514238,929.4,626.6
6065,10470,644.6812040354517,647.1264991514238,929.4,626.6
6065,10471,644.6812040354517,647.1264991514238,929.4,626.6
6065,10472,644.6812040354517,647.1264991514238,929.4,626.6
6065,10473,644.6812040354517,647.1264991514238,929.4,626.6
6065,10474,644.6812040354517,647.1264991514238,929.4,626.6
6065,10475,644.6812040354517,647.1264991514238,929.4,626.6
6065,10476,644.6812040354517,647.1264991514238,929.4,626.6
6065,10477,776.6812040354517,637.1264991514238,929.4,626.6
6065,10478,776.6812040354517,637.1264991514238,929.4,626.6
6065,10479,776.6812040354517,637.1264991514238,929.4,626.6
6065,10480,776.6812040354517,637.1264991514238,929.4,626.6
6065,10481,776.6812040354517,637.1264991514238,929.4,626.6
6065,10482,776.6812040354517,637.1264991514238,929.4,626.6
6065,10483,776.6812040354517,637.1264991514238,929.4,626.6
6065,10484,776.6812040354517,637.1264991514238,929.4,626.6
6065,10485,776.6812040354517,637.1264991514238,929.4,626.6
6065,10486,776.6812040354517,637.1264991514238,929.4,626.6
6065,10487,776.6812040354517,637.1264991514238,929.4,626.6
6065,10488,776.6812040354517,637.1264991514238,929.4,626.6
6065,10489,776.6812040354517,637.1264991514238,929.4,626.6
6065,10490,776.6812040354517,637.1264991514238,929.4,626.6
6065,10491,776.6812040354517,637.1264991514238,929.4,626.6
6065,10492,776.6812040354517,637.1264991514238,929.4,626.6
6065,10493,776.6812040354517,637.1264991514238,929.4,626.6
6065,10494,776.6812040354517,637.1264991514238,929.4,626.6
6065,10495,776.6812040354517,637.1264991514238,929.4,626.6
6065,10496,776.6812040354517,637.1264991514238,929.4,626.6
6065,10497,776.6812040354517,637.1264991514238,929.4,626.6
6065,10498,776.6812040354517,637.1264991514238,929.4,626.6
6065,10499,776.6812040354517,637.1264991514238,929.4,626.6
6065,10500,776.6812040354517,637.1264991514238,929.4,626.6
6065,10501,776.6812040354517,637.1264991514238,929.4,626.6
6065,10502,776.6812040354517,637.1264991514238,929.4,626.6
6065,10503,776.6812040354517,637.1264991514238,929.4,626.6
6065,10504,776.6812040354517,637.1264991514238,929.4,626.6
6065,10505,776.6812040354517,637.1264991514238,929.4,626.6
6065,10506,776.6812040354517,637.1264991514238,929.4,626.6
6065,10507,776.6812040354517,637.1264991514238,929.4,626.6
6065,10508,776.6812040354517,637.1264991514238,929.4,626.6
6065,10509,776.6812040354517,637.1264991514238,929.4,626.6
6065,10510,908.6812040354517,628.1264991514238,929.4,626.6
6065,10511,908.6812040354517,628.1264991514238,929.4,626.6
6065,10512,908.6812040354517,628.1264991514238,929.4,626.6
6065,10513,908.6812040354517,628.1264991514238,929.4,626.6
6065,10514,908.6812040354517,628.1264991514238,929.4,626.6
6065,10515,908.6812040354517,628.1264991514238,929.4,626.6
6065,10516,908.6812040354517,628.1264991514238,929.4,626.6
6065,10517,908.6812040354517,628.1264991514238,919.7071428571428,623.9571428571429
6065,10518,908.6812040354517,628.1264991514238,910.0142857142857,621.3142857142857
6065,10519,908.6812040354517,628.1264991514238,900.3214285714286,618.6714285714286
6065,10520,908.6812040354517,628.1264991514238,890.6285714285714,616.0285714285715
6065,10521,908.6812040354517,628.1264991514238,880.9357142857143,613.3857142857144
6065,10522,908.6812040354517,628.1264991514238,871.2428571428571,610.7428571428571
6065,10523,908.6812040354517,628.1264991514238,861.55,608.1
6065,10524,908.6812040354517,628.1264991514238,851.8571428571429,605.4571428571429
6065,10525,908.6812040354517,628.1264991514238,842.1642857142857,602.8142857142857
6065,10526,908.6812040354517,628.1264991514238,832.4714285714286,600.1714285714286
6065,10527,908.6812040354517,628.1264991514238,822.7785714285715,597.5285714285715
6065,10528,908.6812040354517,628.1264991514238,813.0857142857143,594.8857142857144
6065,10529,908.6812040354517,628.1264991514238,803.3928571428572,592.2428571428571
6065,10530,908.6812040354517,628.1264991514238,793.7,589.6
6065,10531,908.6812040354517,628.1264991514238,793.7,589.6
6065,10532,908.6812040354517,628.1264991514238,793.7,589.6
6065,10533,908.6812040354517,628.1264991514238,793.7,589.6
6065,10534,908.6812040354517,628.1264991514238,793.7,589.6
6065,10535,908.6812040354517,628.1264991514238,793.7,589.6
6065,10536,908.6812040354517,628.1264991514238,793.7,589.6
6065,10537,908.6812040354517,628.1264991514238,793.7,589.6
6065,10538,908.6812040354517,628.1264991514238,793.7,589.6
6065,10539,908.6812040354517,628.1264991514238,793.7,589.6
6065,10540,908.6812040354517,628.1264991514238,793.7,589.6
6065,10541,908.6812040354517,628.1264991514238,793.7,589.6
6065,10542,908.6812040354517,628.1264991514238,793.7,589.6
6065,10543,908.6812040354517,628.1264991514238,793.7,589.6
6065,10544,908.6812040354517,628.1264991514238,793.7,589.6
6065,10545,908.6812040354517,628.1264991514238,793.7,589.6
6065,10546,908.6812040354517,628.1264991514238,793.7,589.6
6065,10547,908.6812040354517,628.1264991514238,793.7,589.6
6065,10548,908.6812040354517,628.1264991514238,793.7,589.6
6065,10549,908.6812040354517,628.1264991514238,793.7,589.6
6065,10550,908.6812040354517,628.1264991514238,793.7,589.6
6065,10551,908.6812040354517,628.1264991514238,793.7,589.6
6065,10552,908.6812040354517,628.1264991514238,793.7,589.6
6065,10553,908.6812040354517,628.1264991514238,793.7,589.6
6065,10554,908.6812040354517,628.1264991514238,793.7,589.6
6065,10555,908.6812040354517,628.1264991514238,793.7,589.6
6065,10556,908.6812040354517,628.1264991514238,793.7,589.6
6065,10557,908.6812040354517,628.1264991514238,793.7,589.6
6065,10558,908.6812040354517,628.1264991514238,793.7,589.6
6065,10559,908.6812040354517,628.1264991514238,793.7,589.6
6065,10560,908.6812040354517,628.1264991514238,793.7,589.6
6065,10561,908.6812040354517,628.1264991514238,793.7,589.6
6065,10562,908.6812040354517,628.1264991514238,793.7,589.6
6065,10563,908.6812040354517,628.1264991514238,793.7,589.6
6065,10564,908.6812040354517,628.1264991514238,793.7,589.6
6065,10565,908.6812040354517,628.1264991514238,793.7,589.6
6065,10566,908.6812040354517,628.1264991514238,793.7,589.6
6065,10567,908.6812040354517,628.1264991514238,793.7,589.6
6065,10568,908.6812040354517,628.1264991514238,793.7,589.6
6065,10569,908.6812040354517,628.1264991514238,793.7,589.6
6065,10570,908.6812040354517,628.1264991514238,793.7,589.6
6065,10571,908.6812040354517,628.1264991514238,793.7,589.6
6065,10572,908.6812040354517,628.1264991514238,793.7,589.6
6065,10573,908.6812040354517,628.1264991514238,793.7,589.6
6065,10574,908.6812040354517,628.1264991514238,793.7,589.6
6065,10575,908.6812040354517,628.1264991514238,793.7,589.6
6065,10576,908.6812040354517,628.1264991514238,793.7,589.6
6065,10577,908.6812040354517,628.1264991514238,793.7,589.6
6065,10578,908.6812040354517,628.1264991514238,793.7,589.6
6065,10579,908.6812040354517,628.1264991514238,793.7,589.6
6065,10580,908.6812040354517,628.1264991514238,793.7,589.6
6065,10581,908.6812040354517,628.1264991514238,793.7,589.6
6065,10582,908.6812040354517,628.1264991514238,793.7,589.6
6065,10583,908.6812040354517,628.1264991514238,793.7,589.6
6065,10584,908.6812040354517,628.1264991514238,793.7,589.6
6065,10585,908.6812040354517,628.1264991514238,793.7,589.6
6065,10586,908.6812040354517,628.1264991514238,793.7,589.6
6065,10587,908.6812040354517,628.1264991514238,793.7,589.6
6065,10588,908.6812040354517,628.1264991514238,793.7,589.6
6065,10589,908.6812040354517,628.1264991514238,793.7,589.6
6065,10590,908.6812040354517,628.1264991514238,793.7,589.6
6065,10591,908.6812040354517,628.1264991514238,793.7,589.6
6065,10592,908.6812040354517,628.1264991514238,793.7,589.6
6065,10593,908.6812040354517,628.1264991514238,793.7,589.6
6065,10594,908.6812040354517,628.1264991514238,793.7,589.6
6065,10595,908.6812040354517,628.1264991514238,793.7,589.6
6065,10596,908.6812040354517,628.1264991514238,793.7,589.6
6065,10597,908.6812040354517,628.1264991514238,793.7,589.6
6065,10598,908.6812040354517,628.1264991514238,793.7,589.6
6065,10599,908.6812040354517,628.1264991514238,793.7,589.6
6065,10600,908.6812040354517,628.1264991514238,793.7,589.6
6065,10601,908.6812040354517,628.1264991514238,793.7,589.6
6065,10602,908.6812040354517,628.1264991514238,793.7,589.6
6065,10603,908.6812040354517,628.1264991514238,793.7,589.6
6065,10604,908.6812040354517,628.1264991514238,793.7,589.6
6065,10605,908.6812040354517,628.1264991514238,793.7,589.6
6065,10606,908.6812040354517,628.1264991514238,793.7,589.6
6065,10607,908.6812040354517,628.1264991514238,793.7,589.6
6065,10608,908.6812040354517,628.1264991514238,793.7,589.6
6065,10609,908.6812040354517,628.1264991514238,793.7,589.6
6065,10610,908.6812040354517,628.1264991514238,793.7,589.6
6065,10611,908.6812040354517,628.1264991514238,793.7,589.6
6065,10612,908.6812040354517,628.1264991514238,793.7,589.6
6065,10613,908.6812040354517,628.1264991514238,793.7,589.6
6065,10614,908.6812040354517,628.1264991514238,793.7,589.6
6065,10615,908.6812040354517,628.1264991514238,793.7,589.6
6065,10616,908.6812040354517,628.1264991514238,793.7,589.6
6065,10617,908.6812040354517,628.1264991514238,793.7,589.6
6065,10618,908.6812040354517,628.1264991514238,793.7,589.6
6065,10619,908.6812040354517,628.1264991514238,793.7,589.6
6065,10620,908.6812040354517,628.1264991514238,793.7,589.6
6065,10621,908.6812040354517,628.1264991514238,793.7,589.6
6065,10622,908.6812040354517,628.1264991514238,793.7,589.6
6065,10623,908.6812040354517,628.1264991514238,793.7,589.6
6065,10624,908.6812040354517,628.1264991514238,793.7,589.6
6065,10625,908.6812040354517,628.1264991514238,793.7,589.6
6065,10626,908.6812040354517,628.1264991514238,793.7,589.6
6065,10627,908.6812040354517,628.1264991514238,793.7,589.6
6065,10628,908.6812040354517,628.1264991514238,793.7,589.6
6065,10629,908.6812040354517,628.1264991514238,793.7,589.6
6065,10630,908.6812040354517,628.1264991514238,793.7,589.6
6065,10631,908.6812040354517,628.1264991514238,793.7,589.6
6065,10632,908.6812040354517,628.1264991514238,793.7,589.6
6065,10633,908.6812040354517,628.1264991514238,793.7,589.6
6065,10634,908.6812040354517,628.1264991514238,793.7,589.6
6065,10635,908.6812040354517,628.1264991514238,793.7,589.6
6065,10636,908.6812040354517,628.1264991514238,793.7,589.6
6065,10637,908.6812040354517,628.1264991514238,793.7,589.6
6065,10638,908.6812040354517,628.1264991514238,793.7,589.6
6065,10639,908.6812040354517,628.1264991514238,793.7,589.6
6065,10640,908.6812040354517,628.1264991514238,793.7,589.6
6065,10641,908.6812040354517,628.1264991514238,793.7,589.6
6065,10642,908.6812040354517,628.1264991514238,793.7,589.6
6065,10643,908.6812040354517,628.1264991514238,793.7,589.6
6065,10644,908.6812040354517,628.1264991514238,793.7,589.6
6065,10645,908.6812040354517,628.1264991514238,793.7,589.6
6065,10646,908.6812040354517,628.1264991514238,793.7,589.6
6065,10647,908.6812040354517,628.1264991514238,793.7,589.6
6065,10648,908.6812040354517,628.1264991514238,793.7,589.6
6065,10649,908.6812040354517,628.1264991514238,793.7,589.6
6065,10650,908.6812040354517,628.1264991514238,793.7,589.6
6065,10651,908.6812040354517,628.1264991514238,793.7,589.6
6065,10652,908.6812040354517,628.1264991514238,793.7,589.6
6065,10653,908.6812040354517,628.1264991514238,793.7,589.6
6065,10654,908.6812040354517,628.1264991514238,793.7,589.6
6065,10655,908.6812040354517,628.1264991514238,793.7,589.6
6065,10656,908.6812040354517,628.1264991514238,793.7,589.6
6065,10657,908.6812040354517,628.1264991514238,793.7,589.6
6065,10658,908.6812040354517,628.1264991514238,793.7,589.6
6065,10659,908.6812040354517,628.1264991514238,793.7,589.6
6065,10660,908.6812040354517,628.1264991514238,793.7,589.6
6065,10661,908.6812040354517,628.1264991514238,793.7,589.6
6065,10662,908.6812040354517,628.1264991514238,793.7,589.6
6065,10663,908.6812040354517,628.1264991514238,786.2956521739131,591.3347826086957
6065,10664,908.6812040354517,628.1264991514238,778.8913043478261,593.0695652173913
6065,10665,908.6812040354517,628.1264991514238,771.4869565217392,594.804347826087
6065,10666,908.6812040354517,628.1264991514238,764.0826086956522,596.5391304347826
6065,10667,908.6812040354517,628.1264991514238,756.6782608695653,598.2739130434783
6065,10668,908.6812040354517,628.1264991514238,749.2739130434783,600.008695652174
6065,10669,908.6812040354517,628.1264991514238,741.8695652173914,601.7434782608696
6065,10670,908.6812040354517,628.1264991514238,734.4652173913043,603.4782608695652
6065,10671,908.6812040354517,628.1264991514238,727.0608695652174,605.2130434782608
6065,10672,908.6812040354517,628.1264991514238,719.6565217391304,606.9478260869565
6065,10673,908.6812040354517,628.1264991514238,712.2521739130435,608.6826086956522
6065,10674,908.6812040354517,628.1264991514238,704.8478260869565,610.4173913043478
6065,10675,908.6812040354517,628.1264991514238,697.4434782608696,612.1521739130435
6065,10676,908.6812040354517,628.1264991514238,690.0391304347826,613.8869565217392
6065,10677,908.6812040354517,628.1264991514238,682.6347826086957,615.6217391304348
6065,10678,908.6812040354517,628.1264991514238,675.2304347826087,617.3565217391305
6065,10679,908.6812040354517,628.1264991514238,667.8260869565217,619.091304347826
6065,10680,908.6812040354517,628.1264991514238,660.4217391304348,620.8260869565217
6065,10681,908.6812040354517,628.1264991514238,653.0173913043478,622.5608695652174
6065,10682,908.6812040354517,628.1264991514238,645.6130434782608,624.295652173913
6065,10683,908.6812040354517,628.1264991514238,638.2086956521739,626.0304347826087
6065,10684,908.6812040354517,628.1264991514238,630.804347826087,627.7652173913043
6065,10685,908.6812040354517,628.1264991514238,623.4,629.5
6065,10686,908.6812040354517,628.1264991514238,623.4,629.5
6065,10687,908.6812040354517,628.1264991514238,623.4,629.5
6065,10688,908.6812040354517,628.1264991514238,623.4,629.5
6065,10689,908.6812040354517,628.1264991514238,623.4,629.5
6065,10690,908.6812040354517,628.1264991514238,623.4,629.5
6065,10691,908.6812040354517,628.1264991514238,623.4,629.5
6065,10692,908.6812040354517,628.1264991514238,623.4,629.5
6065,10693,908.6812040354517,628.1264991514238,623.4,629.5
6065,10694,908.6812040354517,628.1264991514238,623.4,629.5
6065,10695,908.6812040354517,628.1264991514238,623.4,629.5
6065,10696,908.6812040354517,628.1264991514238,623.4,629.5
6065,10697,908.6812040354517,628.1264991514238,623.4,629.5
6065,10698,908.6812040354517,628.1264991514238,623.4,629.5
6065,10699,908.6812040354517,628.1264991514238,623.4,629.5
6065,10700,908.6812040354517,628.1264991514238,623.4,629.5
6065,10701,908.6812040354517,628.1264991514238,623.4,629.5
6065,10702,908.6812040354517,628.1264991514238,623.4,629.5
6065,10703,908.6812040354517,628.1264991514238,623.4,629.5
6065,10704,908.6812040354517,628.1264991514238,623.4,629.5
6065,10705,908.6812040354517,628.1264991514238,623.4,629.5
6065,10706,908.6812040354517,628.1264991514238,623.4,629.5
6065,10707,908.6812040354517,628.1264991514238,623.4,629.5
6065,10708,908.6812040354517,628.1264991514238,623.4,629.5
6065,10709,908.6812040354517,628.1264991514238,623.4,629.5
6065,10710,908.6812040354517,628.1264991514238,623.4,629.5
6065,10711,908.6812040354517,628.1264991514238,623.4,629.5
6065,10712,908.6812040354517,628.1264991514238,623.4,629.5
6065,10713,908.6812040354517,628.1264991514238,623.4,629.5
6065,10714,908.6812040354517,628.1264991514238,623.4,629.5
6065,10715,908.6812040354517,628.1264991514238,623.4,629.5
6065,10716,908.6812040354517,628.1264991514238,623.4,629.5
6065,10717,908.6812040354517,628.1264991514238,623.4,629.5
6065,10718,908.6812040354517,628.1264991514238,623.4,629.5
6065,10719,908.6812040354517,628.1264991514238,623.4,629.5
6065,10720,908.6812040354517,628.1264991514238,623.4,629.5
6065,10721,908.6812040354517,628.1264991514238,623.4,629.5
6065,10722,908.6812040354517,628.1264991514238,623.4,629.5
6065,10723,908.6812040354517,628.1264991514238,623.4,629.5
6065,10724,908.6812040354517,628.1264991514238,623.4,629.5
6065,10725,908.6812040354517,628.1264991514238,623.4,629.5
6065,10726,908.6812040354517,628.1264991514238,623.4,629.5
6065,10727,908.6812040354517,628.1264991514238,623.4,629.5
6065,10728,908.6812040354517,628.1264991514238,623.4,629.5
6065,10729,908.6812040354517,628.1264991514238,623.4,629.5
6065,10730,908.6812040354517,628.1264991514238,623.4,629.5
6065,10731,908.6812040354517,628.1264991514238,623.4,629.5
6065,10732,908.6812040354517,628.1264991514238,623.4,629.5
6065,10733,908.6812040354517,628.1264991514238,623.4,629.5
6065,10734,908.6812040354517,628.1264991514238,623.4,629.5
6065,10735,908.6812040354517,628.1264991514238,623.4,629.5
6065,10736,908.6812040354517,628.1264991514238,623.4,629.5
6065,10737,908.6812040354517,628.1264991514238,623.4,629.5
6065,10738,908.6812040354517,628.1264991514238,623.4,629.5
6065,10739,908.6812040354517,628.1264991514238,623.4,629.5
6065,10740,908.6812040354517,628.1264991514238,623.4,629.5
6065,10741,908.6812040354517,628.1264991514238,623.4,629.5
6065,10742,908.6812040354517,628.1264991514238,623.4,629.5
6065,10743,908.6812040354517,628.1264991514238,623.4,629.5
6065,10744,908.6812040354517,628.1264991514238,623.4,629.5
6065,10745,908.6812040354517,628.1264991514238,623.4,629.5
6065,10746,908.6812040354517,628.1264991514238,623.4,629.5
6065,10747,908.6812040354517,628.1264991514238,623.4,629.5
6065,10748,908.6812040354517,628.1264991514238,623.4,629.5
6065,10749,908.6812040354517,628.1264991514238,623.4,629.5
6065,10750,908.6812040354517,628.1264991514238,623.4,629.5
6065,10751,908.6812040354517,628.1264991514238,623.4,629.5
6065,10752,908.6812040354517,628.1264991514238,623.4,629.5
6065,10753,908.6812040354517,628.1264991514238,623.4,629.5
6065,10754,908.6812040354517,628.1264991514238,623.4,629.5
6065,10755,908.6812040354517,628.1264991514238,623.4,629.5
6065,10756,908.6812040354517,628.1264991514238,623.4,629.5
6065,10757,908.6812040354517,628.1264991514238,623.4,629.5
6065,10758,908.6812040354517,628.1264991514238,623.4,629.5
6065,10759,908.6812040354517,628.1264991514238,623.4,629.5
6065,10760,908.6812040354517,628.1264991514238,623.4,629.5
6065,10761,908.6812040354517,628.1264991514238,623.4,629.5
6065,10762,908.6812040354517,628.1264991514238,623.4,629.5
6065,10763,908.6812040354517,628.1264991514238,623.4,629.5
6065,10764,908.6812040354517,628.1264991514238,623.4,629.5
6065,10765,908.6812040354517,628.1264991514238,623.4,629.5
6065,10766,908.6812040354517,628.1264991514238,623.4,629.5
6065,10767,908.6812040354517,628.1264991514238,623.4,629.5
6065,10768,908.6812040354517,628.1264991514238,623.4,629.5
6065,10769,908.6812040354517,628.1264991514238,623.4,629.5
6065,10770,908.6812040354517,628.1264991514238,623.4,629.5
6065,10771,908.6812040354517,628.1264991514238,623.4,629.5
6065,10772,908.6812040354517,628.1264991514238,623.4,629.5
6065,10773,908.6812040354517,628.1264991514238,623.4,629.5
6065,10774,908.6812040354517,628.1264991514238,623.4,629.5
6065,10775,908.6812040354517,628.1264991514238,623.4,629.5
6065,10776,908.6812040354517,628.1264991514238,623.4,629.5
6065,10777,908.6812040354517,628.1264991514238,623.4,629.5
6065,10778,908.6812040354517,628.1264991514238,623.4,629.5
6065,10779,908.6812040354517,628.1264991514238,623.4,629.5
6065,10780,908.6812040354517,628.1264991514238,623.4,629.5
6065,10781,908.6812040354517,628.1264991514238,623.4,629.5
6065,10782,908.6812040354517,628.1264991514238,623.4,629.5
6065,10783,908.6812040354517,628.1264991514238,623.4,629.5
6065,10784,908.6812040354517,628.1264991514238,623.4,629.5
6065,10785,908.6812040354517,628.1264991514238,623.4,629.5
6065,10786,908.6812040354517,628.1264991514238,623.4,629.5
6065,10787,908.6812040354517,628.1264991514238,623.4,629.5
6065,10788,908.6812040354517,628.1264991514238,623.4,629.5
6065,10789,908.6812040354517,628.1264991514238,623.4,629.5
6065,10790,908.6812040354517,628.1264991514238,623.4,629.5
6065,10791,908.6812040354517,628.1264991514238,623.4,629.5
6065,10792,908.6812040354517,628.1264991514238,623.4,629.5
6065,10793,908.6812040354517,628.1264991514238,623.4,629.5
6065,10794,908.6812040354517,628.1264991514238,623.4,629.5
6065,10795,908.6812040354517,628.1264991514238,623.4,629.5
6065,10796,908.6812040354517,628.1264991514238,623.4,629.5
6065,10797,908.6812040354517,628.1264991514238,623.4,629.5
6065,10798,908.6812040354517,628.1264991514238,623.4,629.5
6065,10799,908.6812040354517,628.1264991514238,623.4,629.5
6065,10800,908.6812040354517,628.1264991514238,623.4,629.5
6065,10801,908.6812040354517,628.1264991514238,623.4,629.5
6065,10802,908.6812040354517,628.1264991514238,623.4,629.5
6065,10803,908.6812040354517,628.1264991514238,623.4,629.5
6065,10804,908.6812040354517,628.1264991514238,623.4,629.5
6065,10805,908.6812040354517,628.1264991514238,623.4,629.5
6065,10806,908.6812040354517,628.1264991514238,623.4,629.5
6065,10807,908.6812040354517,628.1264991514238,623.4,629.5
6065,10808,908.6812040354517,628.1264991514238,623.4,629.5
6065,10809,908.6812040354517,628.1264991514238,623.4,629.5
6065,10810,908.6812040354517,628.1264991514238,623.4,629.5
6065,10811,780.6812040354517,638.1264991514238,623.4,629.5
6065,10812,780.6812040354517,638.1264991514238,623.4,629.5
6065,10813,780.6812040354517,638.1264991514238,623.4,629.5
6065,10814,780.6812040354517,638.1264991514238,623.4,629.5
6065,10815,780.6812040354517,638.1264991514238,623.4,629.5
6065,10816,780.6812040354517,638.1264991514238,623.4,629.5
6065,10817,780.6812040354517,638.1264991514238,623.4,629.5
6065,10818,780.6812040354517,638.1264991514238,623.4,629.5
6065,10819,780.6812040354517,638.1264991514238,623.4,629.5
6065,10820,780.6812040354517,638.1264991514238,623.4,629.5
6065,10821,780.6812040354517,638.1264991514238,623.4,629.5
6065,10822,780.6812040354517,638.1264991514238,623.4,629.5
6065,10823,780.6812040354517,638.1264991514238,623.4,629.5
6065,10824,780.6812040354517,638.1264991514238,623.4,629.5
6065,10825,780.6812040354517,638.1264991514238,623.4,629.5
6065,10826,780.6812040354517,638.1264991514238,623.4,629.5
6065,10827,780.6812040354517,638.1264991514238,623.4,629.5
6065,10828,780.6812040354517,638.1264991514238,623.4,629.5
6065,10829,780.6812040354517,638.1264991514238,623.4,629.5
6065,10830,780.6812040354517,638.1264991514238,623.4,629.5
6065,10831,780.6812040354517,638.1264991514238,623.4,629.5
6065,10832,780.6812040354517,638.1264991514238,623.4,629.5
6065,10833,780.6812040354517,638.1264991514238,623.4,629.5
6065,10834,780.6812040354517,638.1264991514238,623.4,629.5
6065,10835,780.6812040354517,638.1264991514238,623.4,629.5
6065,10836,780.6812040354517,638.1264991514238,623.4,629.5
6065,10837,780.6812040354517,638.1264991514238,623.4,629.5
6065,10838,780.6812040354517,638.1264991514238,623.4,629.5
6065,10839,780.6812040354517,638.1264991514238,633.7275862068965,628.9896551724138
6065,10840,780.6812040354517,638.1264991514238,644.0551724137931,628.4793103448276
6065,10841,780.6812040354517,638.1264991514238,654.3827586206896,627.9689655172414
6065,10842,780.6812040354517,638.1264991514238,664.7103448275861,627.4586206896552
6065,10843,652.6812040354517,648.1264991514238,675.0379310344828,626.948275862069
6065,10844,652.6812040354517,648.1264991514238,685.3655172413793,626.4379310344827
6065,10845,652.6812040354517,648.1264991514238,695.6931034482758,625.9275862068965
6065,10846,652.6812040354517,648.1264991514238,706.0206896551724,625.4172413793103
6065,10847,652.6812040354517,648.1264991514238,716.3482758620689,624.9068965517241
6065,10848,652.6812040354517,648.1264991514238,726.6758620689654,624.3965517241379
6065,10849,652.6812040354517,648.1264991514238,737.0034482758621,623.8862068965517
6065,10850,652.6812040354517,648.1264991514238,747.3310344827586,623.3758620689655
6065,10851,652.6812040354517,648.1264991514238,757.6586206896552,622.8655172413793
6065,10852,652.6812040354517,648.1264991514238,767.9862068965517,622.3551724137931
6065,10853,652.6812040354517,648.1264991514238,778.3137931034482,621.844827586207
6065,10854,652.6812040354517,648.1264991514238,788.6413793103447,621.3344827586208
6065,10855,652.6812040354517,648.1264991514238,798.9689655172414,620.8241379310346
6065,10856,652.6812040354517,648.1264991514238,809.2965517241379,620.3137931034483
6065,10857,652.6812040354517,648.1264991514238,819.6241379310345,619.8034482758621
6065,10858,652.6812040354517,648.1264991514238,829.951724137931,619.2931034482759
6065,10859,652.6812040354517,648.1264991514238,840.2793103448275,618.7827586206897
6065,10860,652.6812040354517,648.1264991514238,850.606896551724,618.2724137931035
6065,10861,652.6812040354517,648.1264991514238,860.9344827586207,617.7620689655173
6065,10862,652.6812040354517,648.1264991514238,871.2620689655172,617.2517241379311
6065,10863,652.6812040354517,648.1264991514238,881.5896551724138,616.7413793103449
6065,10864,652.6812040354517,648.1264991514238,891.9172413793103,616.2310344827587
6065,10865,652.6812040354517,648.1264991514238,902.2448275862068,615.7206896551725
6065,10866,652.6812040354517,648.1264991514238,912.5724137931034,615.2103448275863
6065,10867,652.6812040354517,648.1264991514238,922.9,614.7
6065,10868,652.6812040354517,648.1264991514238,922.9,614.7
6065,10869,652.6812040354517,648.1264991514238,922.9,614.7
6065,10870,652.6812040354517,648.1264991514238,922.9,614.7
6065,10871,652.6812040354517,648.1264991514238,922.9,614.7
6065,10872,652.6812040354517,648.1264991514238,922.9,614.7
6065,10873,652.6812040354517,648.1264991514238,922.9,614.7
6065,10874,652.6812040354517,648.1264991514238,922.9,614.7
6065,10875,652.6812040354517,648.1264991514238,922.9,614.7
6065,10876,652.6812040354517,648.1264991514238,922.9,614.7
6065,10877,652.6812040354517,648.1264991514238,922.9,614.7
6065,10878,652.6812040354517,648.1264991514238,922.9,614.7
6065,10879,652.6812040354517,648.1264991514238,922.9,614.7
6065,10880,652.6812040354517,648.1264991514238,922.9,614.7
6065,10881,652.6812040354517,648.1264991514238,922.9,614.7
6065,10882,652.6812040354517,648.1264991514238,922.9,614.7
6065,10883,652.6812040354517,648.1264991514238,922.9,614.7
6065,10884,652.6812040354517,648.1264991514238,922.9,614.7
6065,10885,652.6812040354517,648.1264991514238,922.9,614.7
6065,10886,652.6812040354517,648.1264991514238,922.9,614.7
6065,10887,652.6812040354517,648.1264991514238,922.9,614.7
6065,10888,652.6812040354517,648.1264991514238,922.9,614.7
6065,10889,652.6812040354517,648.1264991514238,922.9,614.7
6065,10890,652.6812040354517,648.1264991514238,922.9,614.7
6065,10891,652.6812040354517,648.1264991514238,922.9,614.7
6065,10892,652.6812040354517,648.1264991514238,922.9,614.7
6065,10893,652.6812040354517,648.1264991514238,922.9,614.7
6065,10894,652.6812040354517,648.1264991514238,922.9,614.7
6065,10895,652.6812040354517,648.1264991514238,922.9,614.7
6065,10896,652.6812040354517,648.1264991514238,922.9,614.7
6065,10897,652.6812040354517,648.1264991514238,922.9,614.7
6065,10898,652.6812040354517,648.1264991514238,922.9,614.7
6065,10899,652.6812040354517,648.1264991514238,922.9,614.7
6065,10900,652.6812040354517,648.1264991514238,922.9,614.7
6065,10901,652.6812040354517,648.1264991514238,922.9,614.7
6065,10902,652.6812040354517,648.1264991514238,922.9,614.7
6065,10903,652.6812040354517,648.1264991514238,922.9,614.7
6065,10904,652.6812040354517,648.1264991514238,922.9,614.7
6065,10905,652.6812040354517,648.1264991514238,922.9,614.7
6065,10906,652.6812040354517,648.1264991514238,922.9,614.7
6065,10907,652.6812040354517,648.1264991514238,922.9,614.7
6065,10908,652.6812040354517,648.1264991514238,922.9,614.7
6065,10909,652.6812040354517,648.1264991514238,922.9,614.7
6065,10910,652.6812040354517,648.1264991514238,922.9,614.7
6065,10911,652.6812040354517,648.1264991514238,922.9,614.7
6065,10912,652.6812040354517,648.1264991514238,922.9,614.7
6065,10913,652.6812040354517,648.1264991514238,922.9,614.7
6065,10914,652.6812040354517,648.1264991514238,922.9,614.7
6065,10915,652.6812040354517,648.1264991514238,922.9,614.7
6065,10916,652.6812040354517,648.1264991514238,922.9,614.7
6065,10917,652.6812040354517,648.1264991514238,922.9,614.7
6065,10918,652.6812040354517,648.1264991514238,922.9,614.7
6065,10919,652.6812040354517,648.1264991514238,922.9,614.7
6065,10920,652.6812040354517,648.1264991514238,922.9,614.7
6065,10921,652.6812040354517,648.1264991514238,922.9,614.7
6065,10922,652.6812040354517,648.1264991514238,922.9,614.7
6065,10923,652.6812040354517,648.1264991514238,922.9,614.7
6065,10924,652.6812040354517,648.1264991514238,922.9,614.7
6065,10925,652.6812040354517,648.1264991514238,922.9,614.7
6065,10926,652.6812040354517,648.1264991514238,922.9,614.7
6065,10927,652.6812040354517,648.1264991514238,922.9,614.7
6065,10928,652.6812040354517,648.1264991514238,922.9,614.7
6065,10929,652.6812040354517,648.1264991514238,922.9,614.7
6065,10930,652.6812040354517,648.1264991514238,922.9,614.7
6065,10931,652.6812040354517,648.1264991514238,922.9,614.7
6065,10932,652.6812040354517,648.1264991514238,932.7708333333333,616.1083333333333
6065,10933,652.6812040354517,648.1264991514238,942.6416666666667,617.5166666666667
6065,10934,652.6812040354517,648.1264991514238,952.5124999999999,618.9250000000001
6065,10935,652.6812040354517,648.1264991514238,962.3833333333333,620.3333333333334
6065,10936,652.6812040354517,648.1264991514238,972.2541666666666,621.7416666666667
6065,10937,652.6812040354517,648.1264991514238,982.125,623.1500000000001
6065,10938,652.6812040354517,648.1264991514238,991.9958333333333,624.5583333333334
6065,10939,652.6812040354517,648.1264991514238,1001.8666666666667,625.9666666666667
6065,10940,652.6812040354517,648.1264991514238,1011.7375,627.375
6065,10941,652.6812040354517,648.1264991514238,1021.6083333333333,628.7833333333333
6065,10942,652.6812040354517,648.1264991514238,1031.4791666666665,630.1916666666667
6065,10943,652.6812040354517,648.1264991514238,1041.35,631.6
6065,10944,896.6812040354517,651.1264991514238,1051.2208333333333,633.0083333333333
6065,10945,896.6812040354517,651.1264991514238,1061.0916666666667,634.4166666666667
6065,10946,896.6812040354517,651.1264991514238,1070.9624999999999,635.825
6065,10947,896.6812040354517,651.1264991514238,1080.8333333333333,637.2333333333333
6065,10948,896.6812040354517,651.1264991514238,1090.7041666666667,638.6416666666667
6066,10949,896.6812040354517,651.1264991514238,1100.575,640.05
6067,10950,896.6812040354517,651.1264991514238,1110.4458333333332,641.4583333333334
6068,10951,896.6812040354517,651.1264991514238,1120.3166666666666,642.8666666666667
6069,10952,896.6812040354517,651.1264991514238,1130.1875,644.275
6070,10953,896.6812040354517,651.1264991514238,1140.0583333333334,645.6833333333334
6071,10954,896.6812040354517,651.1264991514238,1149.9291666666666,647.0916666666667
6072,10955,896.6812040354517,651.1264991514238,1159.8,648.5
6073,10956,896.6812040354517,651.1264991514238,1159.8,648.5
6074,10957,896.6812040354517,651.1264991514238,1159.8,648.5
6075,10958,896.6812040354517,651.1264991514238,1159.8,648.5
6076,10959,896.6812040354517,651.1264991514238,1159.8,648.5
6077,10960,896.6812040354517,651.1264991514238,1159.8,648.5
6078,10961,896.6812040354517,651.1264991514238,1159.8,648.5
6079,10962,896.6812040354517,651.1264991514238,1159.8,648.5
6080,10963,896.6812040354517,651.1264991514238,1159.8,648.5
6081,10964,896.6812040354517,651.1264991514238,1159.8,648.5
6082,10965,896.6812040354517,651.1264991514238,1159.8,648.5
6083,10966,896.6812040354517,651.1264991514238,1159.8,648.5
6084,10967,896.6812040354517,651.1264991514238,1159.8,648.5
6085,10968,896.6812040354517,651.1264991514238,1159.8,648.5
6086,10969,896.6812040354517,651.1264991514238,1159.8,648.5
6087,10970,896.6812040354517,651.1264991514238,1159.8,648.5
6088,10971,896.6812040354517,651.1264991514238,1159.8,648.5
6089,10972,896.6812040354517,651.1264991514238,1159.8,648.5
6090,10973,896.6812040354517,651.1264991514238,1159.8,648.5
6091,10974,896.6812040354517,651.1264991514238,1159.8,648.5
6092,10975,896.6812040354517,651.1264991514238,1159.8,648.5
6093,10976,896.6812040354517,651.1264991514238,1159.8,648.5
6094,10977,1140.6812040354516,654.1264991514238,1159.8,648.5
6095,10978,1140.6812040354516,654.1264991514238,1159.8,648.5
6096,10979,1140.6812040354516,654.1264991514238,1159.8,648.5
6097,10980,1140.6812040354516,654.1264991514238,1159.8,648.5
6098,10981,1140.6812040354516,654.1264991514238,1159.8,648.5
6099,10982,1140.6812040354516,654.1264991514238,1159.8,648.5
6100,10983,1140.6812040354516,654.1264991514238,1159.8,648.5
6101,10984,1140.6812040354516,654.1264991514238,1159.8,648.5
6102,10985,1140.6812040354516,654.1264991514238,1159.8,648.5
6103,10986,1140.6812040354516,654.1264991514238,1159.8,648.5
6104,10987,1140.6812040354516,654.1264991514238,1159.8,648.5
6105,10988,1140.6812040354516,654.1264991514238,1159.8,648.5
6106,10989,1140.6812040354516,654.1264991514238,1159.8,648.5
6107,10990,1140.6812040354516,654.1264991514238,1159.8,648.5
6108,10991,1140.6812040354516,654.1264991514238,1159.8,648.5
6109,10992,1140.6812040354516,654.1264991514238,1159.8,648.5
6110,10993,1140.6812040354516,654.1264991514238,1159.8,648.5
6111,10994,1140.6812040354516,654.1264991514238,1159.8,648.5
6112,10995,1140.6812040354516,654.1264991514238,1159.8,648.5
6113,10996,1140.6812040354516,654.1264991514238,1159.8,648.5
6114,10997,1140.6812040354516,654.1264991514238,1159.8,648.5
6115,10998,1140.6812040354516,654.1264991514238,1159.8,648.5
6116,10999,1140.6812040354516,654.1264991514238,1159.8,648.5
6117,11000,1140.6812040354516,654.1264991514238,1159.8,648.5
6118,11001,1140.6812040354516,654.1264991514238,1159.8,648.5
6119,11002,1140.6812040354516,654.1264991514238,1159.8,648.5
6120,11003,1140.6812040354516,654.1264991514238,1159.8,648.5
6121,11004,1140.6812040354516,654.1264991514238,1159.8,648.5
6122,11005,1140.6812040354516,654.1264991514238,1159.8,648.5
6123,11006,1140.6812040354516,654.1264991514238,1159.8,648.5
6124,11007,1140.6812040354516,654.1264991514238,1159.8,648.5
6125,11008,1140.6812040354516,654.1264991514238,1159.8,648.5
6126,11009,1140.6812040354516,654.1264991514238,1159.8,648.5
6127,11010,1140.6812040354516,654.1264991514238,1159.8,648.5
6128,11011,1140.6812040354516,654.1264991514238,1159.8,648.5
6129,11012,1140.6812040354516,654.1264991514238,1159.8,648.5
6130,11013,1140.6812040354516,654.1264991514238,1159.8,648.5
6131,11014,1140.6812040354516,654.1264991514238,1159.8,648.5
6132,11015,1140.6812040354516,654.1264991514238,1159.8,648.5
6133,11016,1140.6812040354516,654.1264991514238,1159.8,648.5
6134,11017,1140.6812040354516,654.1264991514238,1159.8,648.5
6135,11018,1140.6812040354516,654.1264991514238,1159.8,648.5
6136,11019,1140.6812040354516,654.1264991514238,1159.8,648.5
6137,11020,1140.6812040354516,654.1264991514238,1159.8,648.5
6138,11021,1140.6812040354516,654.1264991514238,1159.8,648.5
6139,11022,1140.6812040354516,654.1264991514238,1159.8,648.5
6140,11023,1140.6812040354516,654.1264991514238,1159.8,648.5
6141,11024,1140.6812040354516,654.1264991514238,1159.8,648.5
6142,11025,1140.6812040354516,654.1264991514238,1159.8,648.5
6143,11026,1140.6812040354516,654.1264991514238,1159.8,648.5
6144,11027,1140.6812040354516,654.1264991514238,1159.8,648.5
6145,11028,1140.6812040354516,654.1264991514238,1159.8,648.5
6146,11029,1140.6812040354516,654.1264991514238,1159.8,648.5
6147,11030,1140.6812040354516,654.1264991514238,1159.8,648.5
6148,11031,1140.6812040354516,654.1264991514238,1159.8,648.5
6149,11032,1140.6812040354516,654.1264991514238,1159.8,648.5
6150,11033,1140.6812040354516,654.1264991514238,1159.8,648.5
6151,11034,1140.6812040354516,654.1264991514238,1159.8,648.5
6152,11035,1140.6812040354516,654.1264991514238,1159.8,648.5
6153,11036,1140.6812040354516,654.1264991514238,1159.8,648.5
6154,11037,1140.6812040354516,654.1264991514238,1159.8,648.5
6155,11038,1140.6812040354516,654.1264991514238,1159.8,648.5
6156,11039,1140.6812040354516,654.1264991514238,1159.8,648.5
6157,11040,1140.6812040354516,654.1264991514238,1159.8,648.5
6158,11041,1140.6812040354516,654.1264991514238,1159.8,648.5
6159,11042,1140.6812040354516,654.1264991514238,1159.8,648.5
6160,11043,1140.6812040354516,654.1264991514238,1159.8,648.5
6161,11044,1043.6812040354516,452.12649915142373,1159.8,648.5
6162,11045,1043.6812040354516,452.12649915142373,1159.8,648.5
6163,11046,1043.6812040354516,452.12649915142373,1159.8,648.5
6164,11047,1043.6812040354516,452.12649915142373,1159.8,648.5
6165,11048,1043.6812040354516,452.12649915142373,1159.8,648.5
6166,11049,1043.6812040354516,452.12649915142373,1159.8,648.5
6167,11050,1043.6812040354516,452.12649915142373,1159.8,648.5
6168,11051,1043.6812040354516,452.12649915142373,1159.8,648.5
6169,11052,1043.6812040354516,452.12649915142373,1159.8,648.5
6170,11053,1043.6812040354516,452.12649915142373,1159.8,648.5
6171,11054,1043.6812040354516,452.12649915142373,1159.8,648.5
6172,11055,1043.6812040354516,452.12649915142373,1159.8,648.5
6173,11056,1043.6812040354516,452.12649915142373,1159.8,648.5
6174,11057,1043.6812040354516,452.12649915142373,1144.5049999999999,647.285
6175,11058,1043.6812040354516,452.12649915142373,1129.21,646.07
6176,11059,1043.6812040354516,452.12649915142373,1113.915,644.855
6177,11060,1043.6812040354516,452.12649915142373,1098.62,643.64
6178,11061,1043.6812040354516,452.12649915142373,1083.325,642.425
6179,11062,1043.6812040354516,452.12649915142373,1068.03,641.21
6180,11063,1043.6812040354516,452.12649915142373,1052.735,639.995
6181,11064,1043.6812040354516,452.12649915142373,1037.44,638.78
6182,11065,1043.6812040354516,452.12649915142373,1022.145,637.565
6183,11066,1043.6812040354516,452.12649915142373,1006.8499999999999,636.35
6184,11067,1043.6812040354516,452.12649915142373,991.555,635.135
6185,11068,1043.6812040354516,452.12649915142373,976.26,633.9200000000001
6186,11069,1043.6812040354516,452.12649915142373,960.9649999999999,632.705
6187,11070,1043.6812040354516,452.12649915142373,945.67,631.49
6188,11071,1043.6812040354516,452.12649915142373,930.375,630.2750000000001
6189,11072,1043.6812040354516,452.12649915142373,915.0799999999999,629.0600000000001
6190,11073,1043.6812040354516,452.12649915142373,899.785,627.845
6191,11074,1043.6812040354516,452.12649915142373,884.49,626.63
6192,11075,1043.6812040354516,452.12649915142373,869.1949999999999,625.4150000000001
6193,11076,1043.6812040354516,452.12649915142373,853.9,624.2
6194,11077,946.6812040354517,250.12649915142373,853.9,624.2
6195,11078,946.6812040354517,250.12649915142373,853.9,624.2
6196,11079,946.6812040354517,250.12649915142373,853.9,624.2
6197,11080,946.6812040354517,250.12649915142373,853.9,624.2
6198,11081,946.6812040354517,250.12649915142373,853.9,624.2
6199,11082,946.6812040354517,250.12649915142373,853.9,624.2
6200,11083,946.6812040354517,250.12649915142373,853.9,624.2
6201,11084,946.6812040354517,250.12649915142373,853.9,624.2
6202,11085,946.6812040354517,250.12649915142373,853.9,624.2
6203,11086,946.6812040354517,250.12649915142373,853.9,624.2
6204,11087,946.6812040354517,250.12649915142373,853.9,624.2
6205,11088,946.6812040354517,250.12649915142373,853.9,624.2
6206,11089,946.6812040354517,250.12649915142373,853.9,624.2
6207,11090,946.6812040354517,250.12649915142373,853.9,624.2
6208,11091,946.6812040354517,250.12649915142373,853.9,624.2
6209,11092,946.6812040354517,250.12649915142373,853.9,624.2
6210,11093,946.6812040354517,250.12649915142373,853.9,624.2
6211,11094,946.6812040354517,250.12649915142373,853.9,624.2
6212,11095,946.6812040354517,250.12649915142373,853.9,624.2
6213,11096,946.6812040354517,250.12649915142373,853.9,624.2
6214,11097,946.6812040354517,250.12649915142373,853.9,624.2
6215,11098,946.6812040354517,250.12649915142373,853.9,624.2
6216,11099,946.6812040354517,250.12649915142373,853.9,624.2
6217,11100,946.6812040354517,250.12649915142373,853.9,624.2
6218,11101,946.6812040354517,250.12649915142373,853.9,624.2
6219,11102,946.6812040354517,250.12649915142373,853.9,624.2
6220,11103,946.6812040354517,250.12649915142373,853.9,624.2
6221,11104,946.6812040354517,250.12649915142373,853.9,624.2
6222,11105,946.6812040354517,250.12649915142373,853.9,624.2
6223,11106,946.6812040354517,250.12649915142373,853.9,624.2
6224,11107,946.6812040354517,250.12649915142373,853.9,624.2
6225,11108,946.6812040354517,250.12649915142373,853.9,624.2
6226,11109,946.6812040354517,250.12649915142373,853.9,624.2
6227,11110,946.6812040354517,250.12649915142373,853.9,624.2
6228,11111,946.6812040354517,250.12649915142373,853.9,624.2
6229,11112,946.6812040354517,250.12649915142373,853.9,624.2
6230,11113,946.6812040354517,250.12649915142373,853.9,624.2
6231,11114,946.6812040354517,250.12649915142373,853.9,624.2
6232,11115,946.6812040354517,250.12649915142373,853.9,624.2
6233,11116,946.6812040354517,250.12649915142373,853.9,624.2
6234,11117,946.6812040354517,250.12649915142373,853.9,624.2
6235,11118,946.6812040354517,250.12649915142373,853.9,624.2
6236,11119,946.6812040354517,250.12649915142373,853.9,624.2
6237,11120,946.6812040354517,250.12649915142373,853.9,624.2
6238,11121,946.6812040354517,250.12649915142373,853.9,624.2
6239,11122,946.6812040354517,250.12649915142373,853.9,624.2
6240,11123,946.6812040354517,250.12649915142373,853.9,624.2
6241,11124,946.6812040354517,250.12649915142373,853.9,624.2
6242,11125,946.6812040354517,250.12649915142373,853.9,624.2
6243,11126,946.6812040354517,250.12649915142373,853.9,624.2
6244,11127,946.6812040354517,250.12649915142373,853.9,624.2
6245,11128,946.6812040354517,250.12649915142373,853.9,624.2
6246,11129,946.6812040354517,250.12649915142373,853.9,624.2
6247,11130,946.6812040354517,250.12649915142373,853.9,624.2
6248,11131,946.6812040354517,250.12649915142373,853.9,624.2
6249,11132,946.6812040354517,250.12649915142373,853.9,624.2
6250,11133,946.6812040354517,250.12649915142373,853.9,624.2
6251,11134,946.6812040354517,250.12649915142373,853.9,624.2
6252,11135,946.6812040354517,250.12649915142373,853.9,624.2
6253,11136,946.6812040354517,250.12649915142373,853.9,624.2
6254,11137,946.6812040354517,250.12649915142373,853.9,624.2
6255,11138,946.6812040354517,250.12649915142373,853.9,624.2
6256,11139,946.6812040354517,250.12649915142373,853.9,624.2
6257,11140,946.6812040354517,250.12649915142373,853.9,624.2
6258,11141,946.6812040354517,250.12649915142373,853.9,624.2
6259,11142,946.6812040354517,250.12649915142373,853.9,624.2
6260,11143,946.6812040354517,250.12649915142373,853.9,624.2
6261,11144,946.6812040354517,250.12649915142373,853.9,624.2
6262,11145,946.6812040354517,250.12649915142373,853.9,624.2
6263,11146,946.6812040354517,250.12649915142373,853.9,624.2
6264,11147,946.6812040354517,250.12649915142373,853.9,624.2
6265,11148,946.6812040354517,250.12649915142373,853.9,624.2
6266,11149,946.6812040354517,250.12649915142373,853.9,624.2
6267,11150,946.6812040354517,250.12649915142373,853.9,624.2
6268,11151,946.6812040354517,250.12649915142373,853.9,624.2
6269,11152,934.6812040354517,246.12649915142373,853.9,624.2
6270,11153,934.6812040354517,246.12649915142373,853.9,624.2
6271,11154,934.6812040354517,246.12649915142373,853.9,624.2
6272,11155,934.6812040354517,246.12649915142373,853.9,624.2
6273,11156,934.6812040354517,246.12649915142373,853.9,624.2
6274,11157,934.6812040354517,246.12649915142373,853.9,624.2
6275,11158,934.6812040354517,246.12649915142373,853.9,624.2
6276,11159,934.6812040354517,246.12649915142373,853.9,624.2
6277,11160,934.6812040354517,246.12649915142373,853.9,624.2
6278,11161,934.6812040354517,246.12649915142373,853.9,624.2
6279,11162,934.6812040354517,246.12649915142373,853.9,624.2
6280,11163,934.6812040354517,246.12649915142373,853.9,624.2
6281,11164,934.6812040354517,246.12649915142373,853.9,624.2
6282,11165,934.6812040354517,246.12649915142373,853.9,624.2
6283,11166,934.6812040354517,246.12649915142373,853.9,624.2
6284,11167,934.6812040354517,246.12649915142373,853.9,624.2
6285,11168,934.6812040354517,246.12649915142373,853.9,624.2
6286,11169,934.6812040354517,246.12649915142373,853.9,624.2
6287,11170,934.6812040354517,246.12649915142373,853.9,624.2
6288,11171,934.6812040354517,246.12649915142373,853.9,624.2
6289,11172,934.6812040354517,246.12649915142373,853.9,624.2
6290,11173,934.6812040354517,246.12649915142373,853.9,624.2
6291,11174,934.6812040354517,246.12649915142373,853.9,624.2
6292,11175,934.6812040354517,246.12649915142373,853.9,624.2
6293,11176,934.6812040354517,246.12649915142373,853.9,624.2
6294,11177,921.6812040354517,241.12649915142373,853.9,624.2
6295,11178,921.6812040354517,241.12649915142373,853.9,624.2
6296,11179,921.6812040354517,241.12649915142373,853.9,624.2
6297,11180,921.6812040354517,241.12649915142373,853.9,624.2
6298,11181,921.6812040354517,241.12649915142373,853.9,624.2
6299,11182,921.6812040354517,241.12649915142373,853.9,624.2
6299,11183,921.6812040354517,241.12649915142373,853.9,624.2
6299,11184,921.6812040354517,241.12649915142373,853.9,624.2
6299,11185,921.6812040354517,241.12649915142373,853.9,624.2
6299,11186,921.6812040354517,241.12649915142373,853.9,624.2
6299,11187,921.6812040354517,241.12649915142373,853.9,624.2
6299,11188,921.6812040354517,241.12649915142373,853.9,624.2
6299,11189,921.6812040354517,241.12649915142373,853.9,624.2
6299,11190,921.6812040354517,241.12649915142373,853.9,624.2
6299,11191,921.6812040354517,241.12649915142373,853.9,624.2
6299,11192,921.6812040354517,241.12649915142373,853.9,624.2
6299,11193,921.6812040354517,241.12649915142373,853.9,624.2
6299,11194,921.6812040354517,241.12649915142373,853.9,624.2
6299,11195,921.6812040354517,241.12649915142373,853.9,624.2
6299,11196,921.6812040354517,241.12649915142373,853.9,624.2
6299,11197,921.6812040354517,241.12649915142373,853.9,624.2
6299,11198,921.6812040354517,241.12649915142373,853.9,624.2
6299,11199,921.6812040354517,241.12649915142373,853.9,624.2
6299,11200,921.6812040354517,241.12649915142373,853.9,624.2
6299,11201,921.6812040354517,241.12649915142373,853.9,624.2
6299,11202,921.6812040354517,241.12649915142373,853.9,624.2
6299,11203,921.6812040354517,241.12649915142373,853.9,624.2
6299,11204,921.6812040354517,241.12649915142373,853.9,624.2
6299,11205,921.6812040354517,241.12649915142373,853.9,624.2
6299,11206,921.6812040354517,241.12649915142373,853.9,624.2
6299,11207,921.6812040354517,241.12649915142373,853.9,624.2
6299,11208,921.6812040354517,241.12649915142373,853.9,624.2
6299,11209,921.6812040354517,241.12649915142373,853.9,624.2
6299,11210,921.6812040354517,241.12649915142373,853.9,624.2
6299,11211,921.6812040354517,241.12649915142373,853.9,624.2
6299,11212,921.6812040354517,241.12649915142373,853.9,624.2
6299,11213,921.6812040354517,241.12649915142373,853.9,624.2
6299,11214,921.6812040354517,241.12649915142373,853.9,624.2
6299,11215,921.6812040354517,241.12649915142373,853.9,624.2
6299,11216,921.6812040354517,241.12649915142373,853.9,624.2
6299,11217,921.6812040354517,241.12649915142373,853.9,624.2
6299,11218,921.6812040354517,241.12649915142373,853.9,624.2
6299,11219,921.6812040354517,241.12649915142373,853.9,624.2
6299,11220,921.6812040354517,241.12649915142373,853.9,624.2
6299,11221,921.6812040354517,241.12649915142373,853.9,624.2
6299,11222,921.6812040354517,241.12649915142373,853.9,624.2
6299,11223,921.6812040354517,241.12649915142373,853.9,624.2
6299,11224,921.6812040354517,241.12649915142373,853.9,624.2
6299,11225,921.6812040354517,241.12649915142373,853.9,624.2
6299,11226,921.6812040354517,241.12649915142373,853.9,624.2
6299,11227,921.6812040354517,241.12649915142373,853.9,624.2
6299,11228,921.6812040354517,241.12649915142373,853.9,624.2
6299,11229,921.6812040354517,241.12649915142373,853.9,624.2
6299,11230,921.6812040354517,241.12649915142373,853.9,624.2
6299,11231,921.6812040354517,241.12649915142373,853.9,624.2
6299,11232,921.6812040354517,241.12649915142373,853.9,624.2
6299,11233,921.6812040354517,241.12649915142373,853.9,624.2
6299,11234,921.6812040354517,241.12649915142373,853.9,624.2
6299,11235,921.6812040354517,241.12649915142373,853.9,624.2
6299,11236,921.6812040354517,241.12649915142373,853.9,624.2
6299,11237,921.6812040354517,241.12649915142373,853.9,624.2
6299,11238,921.6812040354517,241.12649915142373,853.9,624.2
6299,11239,921.6812040354517,241.12649915142373,853.9,624.2
6299,11240,921.6812040354517,241.12649915142373,858.4933333333333,617.7733333333334
6299,11241,921.6812040354517,241.12649915142373,863.0866666666666,611.3466666666667
6299,11242,921.6812040354517,241.12649915142373,867.68,604.9200000000001
6299,11243,921.6812040354517,241.12649915142373,872.2733333333333,598.4933333333333
6299,11244,921.6812040354517,241.12649915142373,876.8666666666667,592.0666666666667
6299,11245,921.6812040354517,241.12649915142373,881.4599999999999,585.64
6299,11246,921.6812040354517,241.12649915142373,886.0533333333333,579.2133333333334
6299,11247,921.6812040354517,241.12649915142373,890.6466666666666,572.7866666666666
6299,11248,921.6812040354517,241.12649915142373,895.24,566.36
6299,11249,921.6812040354517,241.12649915142373,899.8333333333333,559.9333333333333
6299,11250,921.6812040354517,241.12649915142373,904.4266666666666,553.5066666666667
6299,11251,921.6812040354517,241.12649915142373,909.02,547.0799999999999
6299,11252,921.6812040354517,241.12649915142373,913.6133333333333,540.6533333333333
6299,11253,921.6812040354517,241.12649915142373,918.2066666666666,534.2266666666667
6299,11254,921.6812040354517,241.12649915142373,922.8,527.8
6299,11255,921.6812040354517,241.12649915142373,922.8,527.8
6299,11256,921.6812040354517,241.12649915142373,922.8,527.8
6299,11257,921.6812040354517,241.12649915142373,922.8,527.8
6299,11258,921.6812040354517,241.12649915142373,922.8,527.8
6299,11259,921.6812040354517,241.12649915142373,922.8,527.8
6299,11260,921.6812040354517,241.12649915142373,922.8,527.8
6299,11261,921.6812040354517,241.12649915142373,922.8,527.8
6299,11262,921.6812040354517,241.12649915142373,922.8,527.8
6299,11263,921.6812040354517,241.12649915142373,922.8,527.8
6299,11264,921.6812040354517,241.12649915142373,922.8,527.8
6299,11265,921.6812040354517,241.12649915142373,922.8,527.8
6299,11266,921.6812040354517,241.12649915142373,922.8,527.8
6299,11267,921.6812040354517,241.12649915142373,922.8,527.8
6299,11268,921.6812040354517,241.12649915142373,922.8,527.8
6299,11269,921.6812040354517,241.12649915142373,922.8,527.8
6299,11270,921.6812040354517,241.12649915142373,922.8,527.8
6299,11271,921.6812040354517,241.12649915142373,922.8,527.8
6299,11272,921.6812040354517,241.12649915142373,922.8,527.8
6299,11273,921.6812040354517,241.12649915142373,922.8,527.8
6299,11274,921.6812040354517,241.12649915142373,922.8,527.8
6299,11275,921.6812040354517,241.12649915142373,922.8,527.8
6299,11276,921.6812040354517,241.12649915142373,922.8,527.8
6299,11277,921.6812040354517,241.12649915142373,922.8,527.8
6299,11278,921.6812040354517,241.12649915142373,922.8,527.8
6299,11279,921.6812040354517,241.12649915142373,922.8,527.8
6299,11280,921.6812040354517,241.12649915142373,922.8,527.8
6299,11281,921.6812040354517,241.12649915142373,922.8,527.8
6299,11282,921.6812040354517,241.12649915142373,922.8,527.8
6299,11283,921.6812040354517,241.12649915142373,922.8,527.8
6299,11284,921.6812040354517,241.12649915142373,922.8,527.8
6299,11285,921.6812040354517,241.12649915142373,922.8,527.8
6299,11286,921.6812040354517,241.12649915142373,922.8,527.8
6299,11287,921.6812040354517,241.12649915142373,922.8,527.8
6299,11288,921.6812040354517,241.12649915142373,922.8,527.8
6299,11289,921.6812040354517,241.12649915142373,922.8,527.8
6299,11290,921.6812040354517,241.12649915142373,922.8,527.8
6299,11291,921.6812040354517,241.12649915142373,922.8,527.8
6299,11292,921.6812040354517,241.12649915142373,922.8,527.8
6299,11293,921.6812040354517,241.12649915142373,922.8,527.8
6299,11294,921.6812040354517,241.12649915142373,922.8,527.8
6299,11295,921.6812040354517,241.12649915142373,922.8,527.8
6299,11296,921.6812040354517,241.12649915142373,922.8,527.8
6299,11297,921.6812040354517,241.12649915142373,922.8,527.8
6299,11298,921.6812040354517,241.12649915142373,922.8,527.8
6299,11299,921.6812040354517,241.12649915142373,922.8,527.8
6299,11300,921.6812040354517,241.12649915142373,922.8,527.8
6299,11301,921.6812040354517,241.12649915142373,922.8,527.8
6299,11302,921.6812040354517,241.12649915142373,922.8,527.8
6299,11303,921.6812040354517,241.12649915142373,922.8,527.8
6299,11304,921.6812040354517,241.12649915142373,922.8,527.8
6299,11305,921.6812040354517,241.12649915142373,922.8,527.8
6299,11306,921.6812040354517,241.12649915142373,922.8,527.8
6299,11307,921.6812040354517,241.12649915142373,922.8,527.8
6299,11308,921.6812040354517,241.12649915142373,922.8,527.8
6299,11309,921.6812040354517,241.12649915142373,922.8,527.8
6299,11310,921.6812040354517,241.12649915142373,922.8,527.8
6299,11311,921.6812040354517,241.12649915142373,922.8,527.8
6299,11312,921.6812040354517,241.12649915142373,922.8,527.8
6299,11313,921.6812040354517,241.12649915142373,922.8,527.8
6299,11314,921.6812040354517,241.12649915142373,922.8,527.8
6299,11315,921.6812040354517,241.12649915142373,922.8,527.8
6299,11316,921.6812040354517,241.12649915142373,922.8,527.8
6299,11317,921.6812040354517,241.12649915142373,922.8,527.8
6299,11318,921.6812040354517,241.12649915142373,922.8,527.8
6299,11319,921.6812040354517,241.12649915142373,922.8,527.8
6299,11320,921.6812040354517,241.12649915142373,922.8,527.8
6299,11321,921.6812040354517,241.12649915142373,922.8,527.8
6299,11322,921.6812040354517,241.12649915142373,922.8,527.8
6299,11323,921.6812040354517,241.12649915142373,922.8,527.8
6299,11324,921.6812040354517,241.12649915142373,922.8,527.8
6299,11325,921.6812040354517,241.12649915142373,922.8,527.8
6299,11326,921.6812040354517,241.12649915142373,922.8,527.8
6299,11327,921.6812040354517,241.12649915142373,922.8,527.8
6299,11328,921.6812040354517,241.12649915142373,922.8,527.8
6299,11329,921.6812040354517,241.12649915142373,923.415625,517.2937499999999
6299,11330,921.6812040354517,241.12649915142373,924.03125,506.78749999999997
6299,11331,921.6812040354517,241.12649915142373,924.6468749999999,496.28124999999994
6299,11332,921.6812040354517,241.12649915142373,925.2624999999999,485.775
6299,11333,921.6812040354517,241.12649915142373,925.878125,475.26874999999995
6299,11334,921.6812040354517,241.12649915142373,926.49375,464.7625
6299,11335,921.6812040354517,241.12649915142373,927.109375,454.25624999999997
6299,11336,921.6812040354517,241.12649915142373,927.7249999999999,443.75
6299,11337,921.6812040354517,241.12649915142373,928.3406249999999,433.24375
6299,11338,921.6812040354517,241.12649915142373,928.95625,422.73749999999995
6299,11339,921.6812040354517,241.12649915142373,929.571875,412.23125
6299,11340,921.6812040354517,241.12649915142373,930.1875,401.72499999999997
6299,11341,921.6812040354517,241.12649915142373,930.803125,391.21875
6299,11342,921.6812040354517,241.12649915142373,931.4187499999999,380.7125
6299,11343,779.6812040354517,481.12649915142373,932.034375,370.20624999999995
6299,11344,779.6812040354517,481.12649915142373,932.65,359.7
6299,11345,779.6812040354517,481.12649915142373,933.265625,349.19375
6299,11346,779.6812040354517,481.12649915142373,933.88125,338.6875
6299,11347,779.6812040354517,481.12649915142373,934.4968749999999,328.18125
6299,11348,779.6812040354517,481.12649915142373,935.1125,317.675
6299,11349,779.6812040354517,481.12649915142373,935.728125,307.16875
6299,11350,779.6812040354517,481.12649915142373,936.34375,296.6625
6299,11351,779.6812040354517,481.12649915142373,936.959375,286.15625
6299,11352,779.6812040354517,481.12649915142373,937.575,275.65
6299,11353,779.6812040354517,481.12649915142373,938.190625,265.14375
6299,11354,779.6812040354517,481.12649915142373,938.80625,254.6375
6299,11355,779.6812040354517,481.12649915142373,939.421875,244.13125000000002
6299,11356,779.6812040354517,481.12649915142373,940.0375,233.625
6299,11357,779.6812040354517,481.12649915142373,940.653125,223.11875000000003
6299,11358,779.6812040354517,481.12649915142373,941.26875,212.6125
6299,11359,779.6812040354517,481.12649915142373,941.884375,202.10625000000005
6299,11360,779.6812040354517,481.12649915142373,942.5,191.6
6299,11361,779.6812040354517,481.12649915142373,942.5,191.6
6299,11362,779.6812040354517,481.12649915142373,942.5,191.6
6299,11363,779.6812040354517,481.12649915142373,942.5,191.6
6299,11364,779.6812040354517,481.12649915142373,942.5,191.6
6299,11365,779.6812040354517,481.12649915142373,942.5,191.6
6299,11366,779.6812040354517,481.12649915142373,942.5,191.6
6299,11367,779.6812040354517,481.12649915142373,942.5,191.6
6299,11368,779.6812040354517,481.12649915142373,942.5,191.6
6299,11369,779.6812040354517,481.12649915142373,942.5,191.6
6299,11370,779.6812040354517,481.12649915142373,942.5,191.6
6299,11371,779.6812040354517,481.12649915142373,942.5,191.6
6299,11372,779.6812040354517,481.12649915142373,942.5,191.6
6299,11373,779.6812040354517,481.12649915142373,942.5,191.6
6299,11374,779.6812040354517,481.12649915142373,942.5,191.6
6299,11375,779.6812040354517,481.12649915142373,942.5,191.6
6299,11376,779.6812040354517,481.12649915142373,942.5,191.6
6299,11377,638.6812040354517,720.1264991514238,942.5,191.6
6299,11378,638.6812040354517,720.1264991514238,942.5,191.6
6299,11379,638.6812040354517,720.1264991514238,942.5,191.6
6299,11380,638.6812040354517,720.1264991514238,942.5,191.6
6299,11381,638.6812040354517,720.1264991514238,942.5,191.6
6299,11382,638.6812040354517,720.1264991514238,942.5,191.6
6299,11383,638.6812040354517,720.1264991514238,942.5,191.6
6299,11384,638.6812040354517,720.1264991514238,942.5,191.6
6299,11385,638.6812040354517,720.1264991514238,942.5,191.6
6299,11386,638.6812040354517,720.1264991514238,942.5,191.6
6299,11387,638.6812040354517,720.1264991514238,942.5,191.6
6299,11388,638.6812040354517,720.1264991514238,942.5,191.6
6299,11389,638.6812040354517,720.1264991514238,942.5,191.6
6299,11390,638.6812040354517,720.1264991514238,942.5,191.6
6299,11391,638.6812040354517,720.1264991514238,942.5,191.6
6299,11392,638.6812040354517,720.1264991514238,942.5,191.6
6299,11393,638.6812040354517,720.1264991514238,942.5,191.6
6299,11394,638.6812040354517,720.1264991514238,942.5,191.6
6299,11395,638.6812040354517,720.1264991514238,942.5,191.6
6299,11396,638.6812040354517,720.1264991514238,942.5,191.6
6299,11397,638.6812040354517,720.1264991514238,942.5,191.6
6299,11398,638.6812040354517,720.1264991514238,942.5,191.6
6299,11399,638.6812040354517,720.1264991514238,942.5,191.6
6299,11400,638.6812040354517,720.1264991514238,942.5,191.6
6299,11401,638.6812040354517,720.1264991514238,942.5,191.6
6299,11402,638.6812040354517,720.1264991514238,942.5,191.6
6299,11403,638.6812040354517,720.1264991514238,942.5,191.6
6299,11404,638.6812040354517,720.1264991514238,942.5,191.6
6299,11405,638.6812040354517,720.1264991514238,942.5,191.6
6299,11406,638.6812040354517,720.1264991514238,942.5,191.6
6299,11407,638.6812040354517,720.1264991514238,942.5,191.6
6299,11408,638.6812040354517,720.1264991514238,942.5,191.6
6299,11409,638.6812040354517,720.1264991514238,942.5,191.6
6299,11410,638.6812040354517,720.1264991514238,942.5,191.6
6299,11411,638.6812040354517,720.1264991514238,942.5,191.6
6299,11412,638.6812040354517,720.1264991514238,942.5,191.6
6299,11413,638.6812040354517,720.1264991514238,942.5,191.6
6299,11414,638.6812040354517,720.1264991514238,942.5,191.6
6299,11415,638.6812040354517,720.1264991514238,942.5,191.6
6299,11416,638.6812040354517,720.1264991514238,942.5,191.6
6299,11417,638.6812040354517,720.1264991514238,942.5,191.6
6299,11418,638.6812040354517,720.1264991514238,942.5,191.6
6299,11419,638.6812040354517,720.1264991514238,942.5,191.6
6299,11420,638.6812040354517,720.1264991514238,942.5,191.6
6299,11421,638.6812040354517,720.1264991514238,942.5,191.6
6299,11422,638.6812040354517,720.1264991514238,942.5,191.6
6299,11423,638.6812040354517,720.1264991514238,942.5,191.6
6299,11424,638.6812040354517,720.1264991514238,942.5,191.6
6299,11425,638.6812040354517,720.1264991514238,942.5,191.6
6299,11426,638.6812040354517,720.1264991514238,942.5,191.6
6299,11427,638.6812040354517,720.1264991514238,942.5,191.6
6299,11428,638.6812040354517,720.1264991514238,942.5,191.6
6300,11429,638.6812040354517,720.1264991514238,942.5,191.6
6301,11430,638.6812040354517,720.1264991514238,942.5,191.6
6302,11431,638.6812040354517,720.1264991514238,942.5,191.6
6303,11432,638.6812040354517,720.1264991514238,942.5,191.6
6304,11433,638.6812040354517,720.1264991514238,942.5,191.6
6305,11434,638.6812040354517,720.1264991514238,942.5,191.6
6306,11435,638.6812040354517,720.1264991514238,942.5,191.6
6307,11436,638.6812040354517,720.1264991514238,942.5,191.6
6308,11437,638.6812040354517,720.1264991514238,942.5,191.6
6309,11437,638.6812040354517,720.1264991514238,942.5,191.6
6310,11437,638.6812040354517,720.1264991514238,942.5,191.6
6311,11437,638.6812040354517,720.1264991514238,942.5,191.6
6312,11437,638.6812040354517,720.1264991514238,942.5,191.6
6313,11437,638.6812040354517,720.1264991514238,942.5,191.6
6314,11437,638.6812040354517,720.1264991514238,942.5,191.6
6315,11437,638.6812040354517,720.1264991514238,942.5,191.6
6316,11437,638.6812040354517,720.1264991514238,942.5,191.6
6317,11437,638.6812040354517,720.1264991514238,942.5,191.6
6318,11437,638.6812040354517,720.1264991514238,942.5,191.6
6319,11437,638.6812040354517,720.1264991514238,942.5,191.6
6320,11437,638.6812040354517,720.1264991514238,942.5,191.6
6321,11437,638.6812040354517,720.1264991514238,942.5,191.6
6322,11437,638.6812040354517,720.1264991514238,942.5,191.6
6323,11437,638.6812040354517,720.1264991514238,942.5,191.6
6324,11437,638.6812040354517,720.1264991514238,942.5,191.6
6325,11437,638.6812040354517,720.1264991514238,942.5,191.6
6326,11437,638.6812040354517,720.1264991514238,942.5,191.6
6327,11437,638.6812040354517,720.1264991514238,942.5,191.6
6328,11437,638.6812040354517,720.1264991514238,942.5,191.6
6329,11437,638.6812040354517,720.1264991514238,942.5,191.6
6330,11437,638.6812040354517,720.1264991514238,942.5,191.6
6331,11437,638.6812040354517,720.1264991514238,942.5,191.6
6332,11437,638.6812040354517,720.1264991514238,942.5,191.6
6333,11437,638.6812040354517,720.1264991514238,942.5,191.6
6334,11437,638.6812040354517,720.1264991514238,942.5,191.6
6335,11437,638.6812040354517,720.1264991514238,942.5,191.6
6336,11437,638.6812040354517,720.1264991514238,942.5,191.6
6337,11437,638.6812040354517,720.1264991514238,942.5,191.6
6338,11437,638.6812040354517,720.1264991514238,942.5,191.6
6339,11437,638.6812040354517,720.1264991514238,942.5,191.6
6340,11437,638.6812040354517,720.1264991514238,942.5,191.6
6341,11437,638.6812040354517,720.1264991514238,942.5,191.6
6342,11437,638.6812040354517,720.1264991514238,942.5,191.6
6343,11437,638.6812040354517,720.1264991514238,942.5,191.6
6344,11437,638.6812040354517,720.1264991514238,942.5,191.6
6345,11437,638.6812040354517,720.1264991514238,942.5,191.6
6346,11437,638.6812040354517,720.1264991514238,942.5,191.6
6347,11437,638.6812040354517,720.1264991514238,942.5,191.6
6348,11437,845.6812040354517,671.1264991514238,942.5,191.6
6349,11437,845.6812040354517,671.1264991514238,942.5,191.6
6350,11437,845.6812040354517,671.1264991514238,942.5,191.6
6351,11437,845.6812040354517,671.1264991514238,942.5,191.6
6352,11437,845.6812040354517,671.1264991514238,942.5,191.6
6353,11437,845.6812040354517,671.1264991514238,942.5,191.6
6354,11437,845.6812040354517,671.1264991514238,942.5,191.6
6355,11437,845.6812040354517,671.1264991514238,942.5,191.6
6356,11437,845.6812040354517,671.1264991514238,942.5,191.6
6357,11437,845.6812040354517,671.1264991514238,942.5,191.6
6358,11437,845.6812040354517,671.1264991514238,942.5,191.6
6359,11437,845.6812040354517,671.1264991514238,942.5,191.6
6360,11437,845.6812040354517,671.1264991514238,942.5,191.6
6361,11437,845.6812040354517,671.1264991514238,942.5,191.6
6362,11437,845.6812040354517,671.1264991514238,942.5,191.6
6363,11437,845.6812040354517,671.1264991514238,942.5,191.6
6364,11437,845.6812040354517,671.1264991514238,942.5,191.6
6365,11437,845.6812040354517,671.1264991514238,942.5,191.6
6366,11437,845.6812040354517,671.1264991514238,942.5,191.6
6367,11437,845.6812040354517,671.1264991514238,942.5,191.6
6368,11437,845.6812040354517,671.1264991514238,942.5,191.6
6369,11437,845.6812040354517,671.1264991514238,942.5,191.6
6370,11437,845.6812040354517,671.1264991514238,942.5,191.6
6371,11437,845.6812040354517,671.1264991514238,942.5,191.6
6372,11437,845.6812040354517,671.1264991514238,942.5,191.6
6373,11437,845.6812040354517,671.1264991514238,942.5,191.6
6374,11437,845.6812040354517,671.1264991514238,942.5,191.6
6375,11437,845.6812040354517,671.1264991514238,942.5,191.6
6376,11437,845.6812040354517,671.1264991514238,942.5,191.6
6377,11437,845.6812040354517,671.1264991514238,942.5,191.6
6378,11437,845.6812040354517,671.1264991514238,942.5,191.6
6379,11437,845.6812040354517,671.1264991514238,942.5,191.6
6380,11437,845.6812040354517,671.1264991514238,942.5,191.6
6381,11437,845.6812040354517,671.1264991514238,942.5,191.6
6382,11437,1053.6812040354516,622.1264991514238,942.5,191.6
6383,11437,1053.6812040354516,622.1264991514238,942.5,191.6
6384,11437,1053.6812040354516,622.1264991514238,942.5,191.6
6385,11437,1053.6812040354516,622.1264991514238,942.5,191.6
6386,11437,1053.6812040354516,622.1264991514238,942.5,191.6
6387,11437,1053.6812040354516,622.1264991514238,942.5,191.6
6388,11437,1053.6812040354516,622.1264991514238,942.5,191.6
6389,11437,1053.6812040354516,622.1264991514238,942.5,191.6
6390,11437,1053.6812040354516,622.1264991514238,942.5,191.6
6391,11437,1053.6812040354516,622.1264991514238,942.5,191.6
6392,11437,1053.6812040354516,622.1264991514238,942.5,191.6
6393,11437,1053.6812040354516,622.1264991514238,942.5,191.6
6394,11437,1053.6812040354516,622.1264991514238,942.5,191.6
6395,11437,1053.6812040354516,622.1264991514238,942.5,191.6
6396,11437,1053.6812040354516,622.1264991514238,942.5,191.6
6397,11438,1053.6812040354516,622.1264991514238,942.5,191.6
6398,11439,1053.6812040354516,622.1264991514238,942.5,191.6
6399,11440,1053.6812040354516,622.1264991514238,942.5,191.6
6400,11441,1053.6812040354516,622.1264991514238,942.5,191.6
6401,11442,1053.6812040354516,622.1264991514238,942.5,191.6
6402,11442,1053.6812040354516,622.1264991514238,942.5,191.6
6403,11442,1053.6812040354516,622.1264991514238,942.5,191.6
6404,11442,1053.6812040354516,622.1264991514238,942.5,191.6
6405,11442,1053.6812040354516,622.1264991514238,942.5,191.6
6406,11442,1053.6812040354516,622.1264991514238,942.5,191.6
6407,11442,1053.6812040354516,622.1264991514238,942.5,191.6
6408,11442,1053.6812040354516,622.1264991514238,942.5,191.6
6409,11442,1053.6812040354516,622.1264991514238,942.5,191.6
6410,11442,1053.6812040354516,622.1264991514238,942.5,191.6
6411,11442,1053.6812040354516,622.1264991514238,942.5,191.6
6412,11442,1053.6812040354516,622.1264991514238,942.5,191.6
6413,11442,1053.6812040354516,622.1264991514238,942.5,191.6
6414,11442,1053.6812040354516,622.1264991514238,942.5,191.6
6415,11442,1053.6812040354516,622.1264991514238,942.5,191.6
6416,11442,1053.6812040354516,622.1264991514238,942.5,191.6
6417,11442,1053.6812040354516,622.1264991514238,942.5,191.6
6418,11442,1053.6812040354516,622.1264991514238,942.5,191.6
6419,11442,1053.6812040354516,622.1264991514238,942.5,191.6
6420,11442,1053.6812040354516,622.1264991514238,942.5,191.6
6421,11442,1053.6812040354516,622.1264991514238,942.5,191.6
6422,11442,1053.6812040354516,622.1264991514238,942.5,191.6
6423,11442,1053.6812040354516,622.1264991514238,942.5,191.6
6424,11442,1053.6812040354516,622.1264991514238,942.5,191.6
6425,11442,1053.6812040354516,622.1264991514238,942.5,191.6
6426,11442,1053.6812040354516,622.1264991514238,942.5,191.6
6427,11442,1053.6812040354516,622.1264991514238,942.5,191.6
6428,11442,1053.6812040354516,622.1264991514238,942.5,191.6
6429,11442,1053.6812040354516,622.1264991514238,942.5,191.6
6430,11442,1053.6812040354516,622.1264991514238,942.5,191.6
6431,11442,1053.6812040354516,622.1264991514238,942.5,191.6
6432,11443,1053.6812040354516,622.1264991514238,942.5,191.6
6433,11444,1053.6812040354516,622.1264991514238,942.5,191.6
6434,11445,1053.6812040354516,622.1264991514238,942.5,191.6
6435,11446,1053.6812040354516,622.1264991514238,942.5,191.6
6436,11446,1053.6812040354516,622.1264991514238,942.5,191.6
6437,11446,1053.6812040354516,622.1264991514238,942.5,191.6
6438,11446,1053.6812040354516,622.1264991514238,942.5,191.6
6439,11446,1053.6812040354516,622.1264991514238,942.5,191.6
6440,11446,1053.6812040354516,622.1264991514238,942.5,191.6
6441,11446,1053.6812040354516,622.1264991514238,942.5,191.6
6442,11446,1053.6812040354516,622.1264991514238,942.5,191.6
6443,11446,1053.6812040354516,622.1264991514238,942.5,191.6
6444,11446,1053.6812040354516,622.1264991514238,942.5,191.6
6445,11446,1053.6812040354516,622.1264991514238,942.5,191.6
6446,11446,1053.6812040354516,622.1264991514238,942.5,191.6
6447,11446,1053.6812040354516,622.1264991514238,942.5,191.6
6448,11446,1053.6812040354516,622.1264991514238,942.5,191.6
6449,11446,1053.6812040354516,622.1264991514238,942.5,191.6
6450,11446,1053.6812040354516,622.1264991514238,942.5,191.6
6451,11446,1053.6812040354516,622.1264991514238,942.5,191.6
6452,11446,1053.6812040354516,622.1264991514238,942.5,191.6
6453,11446,1053.6812040354516,622.1264991514238,942.5,191.6
6454,11446,1053.6812040354516,622.1264991514238,942.5,191.6
6455,11446,1053.6812040354516,622.1264991514238,942.5,191.6
6456,11446,1053.6812040354516,622.1264991514238,942.5,191.6
6457,11446,1053.6812040354516,622.1264991514238,942.5,191.6
6458,11446,1053.6812040354516,622.1264991514238,942.5,191.6
6459,11447,1053.6812040354516,622.1264991514238,942.5,191.6
6460,11448,1053.6812040354516,622.1264991514238,942.5,191.6
6461,11449,1053.6812040354516,622.1264991514238,942.5,191.6
6462,11450,1053.6812040354516,622.1264991514238,942.5,191.6
6463,11451,1053.6812040354516,622.1264991514238,942.5,191.6
6464,11452,1053.6812040354516,622.1264991514238,942.5,191.6
6465,11453,1053.6812040354516,622.1264991514238,942.5,191.6
6466,11454,1053.6812040354516,622.1264991514238,942.5,191.6
6467,11455,1053.6812040354516,622.1264991514238,942.5,191.6
6468,11456,1053.6812040354516,622.1264991514238,942.5,191.6
6469,11457,1053.6812040354516,622.1264991514238,942.5,191.6
6470,11458,1053.6812040354516,622.1264991514238,942.5,191.6
6471,11459,1053.6812040354516,622.1264991514238,942.5,191.6
6472,11460,1053.6812040354516,622.1264991514238,942.5,191.6
6473,11461,1053.6812040354516,622.1264991514238,942.5,191.6
6474,11462,1053.6812040354516,622.1264991514238,942.5,191.6
6475,11463,1053.6812040354516,622.1264991514238,942.5,191.6
6476,11464,1053.6812040354516,622.1264991514238,942.5,191.6
6477,11465,1053.6812040354516,622.1264991514238,942.5,191.6
6478,11466,1053.6812040354516,622.1264991514238,942.5,191.6
6479,11467,1053.6812040354516,622.1264991514238,942.5,191.6
6480,11468,1053.6812040354516,622.1264991514238,942.5,191.6
6481,11469,1053.6812040354516,622.1264991514238,942.5,191.6
6482,11470,1053.6812040354516,622.1264991514238,942.5,191.6
6483,11471,1053.6812040354516,622.1264991514238,942.5,191.6
6484,11472,1053.6812040354516,622.1264991514238,942.5,191.6
6485,11473,1053.6812040354516,622.1264991514238,942.5,191.6
6486,11474,1053.6812040354516,622.1264991514238,942.5,191.6
6487,11475,1053.6812040354516,622.1264991514238,942.5,191.6
6488,11476,1053.6812040354516,622.1264991514238,942.5,191.6
6489,11477,1053.6812040354516,622.1264991514238,942.5,191.6
6490,11478,1053.6812040354516,622.1264991514238,942.5,191.6
6491,11479,1053.6812040354516,622.1264991514238,942.5,191.6
6492,11480,1053.6812040354516,622.1264991514238,942.5,191.6
6493,11481,1053.6812040354516,622.1264991514238,942.5,191.6
6494,11482,1053.6812040354516,622.1264991514238,942.5,191.6
6495,11483,1053.6812040354516,622.1264991514238,942.5,191.6
6496,11484,1053.6812040354516,622.1264991514238,942.5,191.6
6497,11485,1053.6812040354516,622.1264991514238,942.5,191.6
6498,11486,1053.6812040354516,622.1264991514238,942.5,191.6
6499,11487,1053.6812040354516,622.1264991514238,942.5,191.6
6500,11488,1053.6812040354516,622.1264991514238,942.5,191.6
6501,11489,1053.6812040354516,622.1264991514238,942.5,191.6
6502,11490,1053.6812040354516,622.1264991514238,942.5,191.6
6503,11491,1053.6812040354516,622.1264991514238,942.5,191.6
6504,11492,1053.6812040354516,622.1264991514238,942.5,191.6
6505,11493,1053.6812040354516,622.1264991514238,942.5,191.6
6506,11494,1053.6812040354516,622.1264991514238,942.5,191.6
6507,11495,1053.6812040354516,622.1264991514238,942.5,191.6
6508,11496,1053.6812040354516,622.1264991514238,942.5,191.6
6509,11497,1053.6812040354516,622.1264991514238,942.5,191.6
6510,11498,1053.6812040354516,622.1264991514238,942.5,191.6
6511,11499,1053.6812040354516,622.1264991514238,942.5,191.6
6512,11500,1053.6812040354516,622.1264991514238,942.5,191.6
6513,11501,1053.6812040354516,622.1264991514238,942.5,191.6
6514,11502,1053.6812040354516,622.1264991514238,942.5,191.6
6515,11503,1053.6812040354516,622.1264991514238,942.5,191.6
6516,11504,1053.6812040354516,622.1264991514238,942.5,191.6
6517,11505,1053.6812040354516,622.1264991514238,942.5,191.6
6518,11506,1053.6812040354516,622.1264991514238,942.5,191.6
6519,11507,1053.6812040354516,622.1264991514238,942.5,191.6
6520,11508,1053.6812040354516,622.1264991514238,942.5,191.6
6521,11509,1053.6812040354516,622.1264991514238,942.5,191.6
6522,11510,1053.6812040354516,622.1264991514238,942.5,191.6
6523,11511,1053.6812040354516,622.1264991514238,942.5,191.6
6524,11512,1053.6812040354516,622.1264991514238,942.5,191.6
6525,11513,1053.6812040354516,622.1264991514238,942.5,191.6
6526,11514,1053.6812040354516,622.1264991514238,942.5,191.6
6527,11515,1053.6812040354516,622.1264991514238,942.5,191.6
6528,11516,1053.6812040354516,622.1264991514238,942.5,191.6
6529,11517,1053.6812040354516,622.1264991514238,942.5,191.6
6530,11518,1053.6812040354516,622.1264991514238,942.5,191.6
6531,11519,1053.6812040354516,622.1264991514238,942.5,191.6
6532,11520,1053.6812040354516,622.1264991514238,942.5,191.6
6533,11521,1053.6812040354516,622.1264991514238,942.5,191.6
6534,11522,1053.6812040354516,622.1264991514238,942.5,191.6
6535,11523,1053.6812040354516,622.1264991514238,942.5,191.6
6536,11524,1053.6812040354516,622.1264991514238,942.5,191.6
6537,11525,1053.6812040354516,622.1264991514238,942.5,191.6
6538,11526,1053.6812040354516,622.1264991514238,942.5,191.6
6539,11527,1053.6812040354516,622.1264991514238,942.5,191.6
6540,11528,1053.6812040354516,622.1264991514238,942.5,191.6
6541,11529,1053.6812040354516,622.1264991514238,942.5,191.6
6542,11530,1053.6812040354516,622.1264991514238,945.9083333333333,195.78333333333333
6543,11531,1053.6812040354516,622.1264991514238,949.3166666666666,199.96666666666667
6544,11532,1053.6812040354516,622.1264991514238,952.725,204.15
6545,11533,1053.6812040354516,622.1264991514238,956.1333333333333,208.33333333333334
6546,11534,1053.6812040354516,622.1264991514238,959.5416666666666,212.51666666666665
6547,11535,1053.6812040354516,622.1264991514238,962.95,216.7
6548,11536,962.6812040354517,624.1264991514238,966.3583333333333,220.88333333333333
6549,11537,962.6812040354517,624.1264991514238,969.7666666666667,225.06666666666666
6550,11538,962.6812040354517,624.1264991514238,973.175,229.25
6551,11539,962.6812040354517,624.1264991514238,976.5833333333333,233.43333333333334
6552,11540,962.6812040354517,624.1264991514238,979.9916666666667,237.61666666666667
6553,11541,962.6812040354517,624.1264991514238,983.4,241.8
6554,11542,962.6812040354517,624.1264991514238,983.4,241.8
6555,11543,962.6812040354517,624.1264991514238,983.4,241.8
6556,11544,962.6812040354517,624.1264991514238,983.4,241.8
6557,11545,962.6812040354517,624.1264991514238,983.4,241.8
6558,11546,962.6812040354517,624.1264991514238,983.4,241.8
6559,11547,962.6812040354517,624.1264991514238,983.4,241.8
6560,11548,962.6812040354517,624.1264991514238,983.4,241.8
6561,11549,962.6812040354517,624.1264991514238,983.4,241.8
6562,11550,962.6812040354517,624.1264991514238,983.4,241.8
6563,11551,962.6812040354517,624.1264991514238,983.4,241.8
6564,11552,962.6812040354517,624.1264991514238,983.4,241.8
6565,11553,962.6812040354517,624.1264991514238,983.4,241.8
6566,11554,962.6812040354517,624.1264991514238,983.4,241.8
6567,11555,962.6812040354517,624.1264991514238,983.4,241.8
6568,11556,962.6812040354517,624.1264991514238,983.4,241.8
6569,11557,962.6812040354517,624.1264991514238,983.4,241.8
6570,11558,962.6812040354517,624.1264991514238,983.4,241.8
6571,11559,962.6812040354517,624.1264991514238,983.4,241.8
6572,11560,962.6812040354517,624.1264991514238,983.4,241.8
6573,11561,962.6812040354517,624.1264991514238,983.4,241.8
6574,11562,962.6812040354517,624.1264991514238,983.4,241.8
6575,11563,962.6812040354517,624.1264991514238,983.4,241.8
6576,11564,962.6812040354517,624.1264991514238,983.4,241.8
6577,11565,962.6812040354517,624.1264991514238,983.4,241.8
6578,11566,962.6812040354517,624.1264991514238,983.4,241.8
6579,11567,962.6812040354517,624.1264991514238,983.4,241.8
6580,11568,962.6812040354517,624.1264991514238,983.4,241.8
6581,11569,871.6812040354517,626.1264991514238,983.4,241.8
6582,11570,871.6812040354517,626.1264991514238,983.4,241.8
6583,11571,871.6812040354517,626.1264991514238,983.4,241.8
6584,11572,871.6812040354517,626.1264991514238,983.4,241.8
6585,11573,871.6812040354517,626.1264991514238,983.4,241.8
6586,11574,871.6812040354517,626.1264991514238,983.4,241.8
6587,11575,871.6812040354517,626.1264991514238,983.4,241.8
6588,11576,871.6812040354517,626.1264991514238,983.4,241.8
6589,11577,871.6812040354517,626.1264991514238,983.4,241.8
6590,11578,871.6812040354517,626.1264991514238,983.4,241.8
6591,11579,871.6812040354517,626.1264991514238,983.4,241.8
6592,11580,871.6812040354517,626.1264991514238,983.4,241.8
6593,11581,871.6812040354517,626.1264991514238,983.4,241.8
6594,11582,871.6812040354517,626.1264991514238,983.4,241.8
6595,11583,871.6812040354517,626.1264991514238,983.4,241.8
6596,11584,871.6812040354517,626.1264991514238,983.4,241.8
6597,11585,871.6812040354517,626.1264991514238,983.4,241.8
6598,11586,871.6812040354517,626.1264991514238,983.4,241.8
6599,11587,871.6812040354517,626.1264991514238,983.4,241.8
6600,11588,871.6812040354517,626.1264991514238,983.4,241.8
6601,11589,871.6812040354517,626.1264991514238,983.4,241.8
6602,11590,871.6812040354517,626.1264991514238,983.4,241.8
6603,11591,871.6812040354517,626.1264991514238,983.4,241.8
6604,11592,871.6812040354517,626.1264991514238,983.4,241.8
6605,11593,871.6812040354517,626.1264991514238,983.4,241.8
6606,11594,871.6812040354517,626.1264991514238,983.4,241.8
6607,11595,871.6812040354517,626.1264991514238,983.4,241.8
6608,11596,871.6812040354517,626.1264991514238,983.4,241.8
6609,11597,871.6812040354517,626.1264991514238,983.4,241.8
6610,11598,871.6812040354517,626.1264991514238,983.4,241.8
6611,11599,871.6812040354517,626.1264991514238,983.4,241.8
6612,11600,871.6812040354517,626.1264991514238,983.4,241.8
6613,11601,871.6812040354517,626.1264991514238,983.4,241.8
6614,11602,871.6812040354517,626.1264991514238,983.4,241.8
6615,11603,871.6812040354517,626.1264991514238,983.4,241.8
6616,11604,871.6812040354517,626.1264991514238,983.4,241.8
6617,11605,871.6812040354517,626.1264991514238,983.4,241.8
6618,11606,871.6812040354517,626.1264991514238,983.4,241.8
6619,11607,871.6812040354517,626.1264991514238,983.4,241.8
6620,11608,871.6812040354517,626.1264991514238,983.4,241.8
6621,11609,871.6812040354517,626.1264991514238,991.2538461538461,255.58846153846156
6622,11610,871.6812040354517,626.1264991514238,999.1076923076923,269.3769230769231
6623,11611,871.6812040354517,626.1264991514238,1006.9615384615385,283.1653846153846
6624,11612,871.6812040354517,626.1264991514238,1014.8153846153846,296.95384615384614
6625,11613,871.6812040354517,626.1264991514238,1022.6692307692307,310.7423076923077
6626,11614,871.6812040354517,626.1264991514238,1030.5230769230768,324.53076923076924
6627,11615,871.6812040354517,626.1264991514238,1038.376923076923,338.3192307692308
6628,11616,871.6812040354517,626.1264991514238,1046.2307692307693,352.10769230769233
6629,11617,871.6812040354517,626.1264991514238,1054.0846153846153,365.8961538461538
6630,11618,871.6812040354517,626.1264991514238,1061.9384615384615,379.68461538461537
6631,11619,871.6812040354517,626.1264991514238,1069.7923076923075,393.4730769230769
6632,11620,871.6812040354517,626.1264991514238,1077.6461538461538,407.26153846153846
6633,11621,871.6812040354517,626.1264991514238,1085.5,421.04999999999995
6634,11622,871.6812040354517,626.1264991514238,1093.353846153846,434.8384615384615
6635,11623,871.6812040354517,626.1264991514238,1101.2076923076922,448.62692307692305
6636,11624,871.6812040354517,626.1264991514238,1109.0615384615385,462.4153846153846
6637,11625,871.6812040354517,626.1264991514238,1116.9153846153845,476.20384615384614
6638,11626,871.6812040354517,626.1264991514238,1124.7692307692307,489.9923076923077
6639,11627,871.6812040354517,626.1264991514238,1132.623076923077,503.7807692307692
6640,11628,871.6812040354517,626.1264991514238,1140.476923076923,517.5692307692307
6641,11629,871.6812040354517,626.1264991514238,1148.3307692307692,531.3576923076923
6642,11630,871.6812040354517,626.1264991514238,1156.1846153846152,545.1461538461538
6643,11630,871.6812040354517,626.1264991514238,1164.0384615384614,558.9346153846154
6644,11630,871.6812040354517,626.1264991514238,1171.8923076923077,572.7230769230769
6645,11630,871.6812040354517,626.1264991514238,1179.7461538461537,586.5115384615384
6646,11630,871.6812040354517,626.1264991514238,1187.6,600.3
6647,11630,871.6812040354517,626.1264991514238,1187.6,600.3
6648,11630,583.6812040354517,660.1264991514238,1187.6,600.3
6649,11630,583.6812040354517,660.1264991514238,1187.6,600.3
6650,11630,583.6812040354517,660.1264991514238,1187.6,600.3
6651,11630,583.6812040354517,660.1264991514238,1187.6,600.3
6652,11630,583.6812040354517,660.1264991514238,1187.6,600.3
6653,11630,583.6812040354517,660.1264991514238,1187.6,600.3
6654,11630,583.6812040354517,660.1264991514238,1187.6,600.3
6655,11630,583.6812040354517,660.1264991514238,1187.6,600.3
6656,11630,583.6812040354517,660.1264991514238,1187.6,600.3
6657,11630,583.6812040354517,660.1264991514238,1187.6,600.3
6658,11630,583.6812040354517,660.1264991514238,1187.6,600.3
6659,11630,583.6812040354517,660.1264991514238,1187.6,600.3
6660,11630,583.6812040354517,660.1264991514238,1187.6,600.3
6661,11630,583.6812040354517,660.1264991514238,1187.6,600.3
6662,11630,583.6812040354517,660.1264991514238,1187.6,600.3
6663,11630,583.6812040354517,660.1264991514238,1187.6,600.3
6664,11630,583.6812040354517,660.1264991514238,1187.6,600.3
6665,11630,583.6812040354517,660.1264991514238,1187.6,600.3
6666,11630,583.6812040354517,660.1264991514238,1187.6,600.3
6667,11630,583.6812040354517,660.1264991514238,1187.6,600.3
6668,11630,583.6812040354517,660.1264991514238,1187.6,600.3
6669,11630,583.6812040354517,660.1264991514238,1187.6,600.3
6670,11630,583.6812040354517,660.1264991514238,1187.6,600.3
6671,11630,583.6812040354517,660.1264991514238,1187.6,600.3
6672,11630,583.6812040354517,660.1264991514238,1187.6,600.3
6673,11630,583.6812040354517,660.1264991514238,1187.6,600.3
6674,11630,583.6812040354517,660.1264991514238,1187.6,600.3
6675,11630,583.6812040354517,660.1264991514238,1187.6,600.3
6676,11630,583.6812040354517,660.1264991514238,1187.6,600.3
6677,11630,583.6812040354517,660.1264991514238,1187.6,600.3
6678,11630,583.6812040354517,660.1264991514238,1187.6,600.3
6679,11630,583.6812040354517,660.1264991514238,1187.6,600.3
6680,11630,583.6812040354517,660.1264991514238,1187.6,600.3
6681,11630,583.6812040354517,660.1264991514238,1187.6,600.3
6682,11630,583.6812040354517,660.1264991514238,1187.6,600.3
6683,11630,583.6812040354517,660.1264991514238,1187.6,600.3
6684,11630,583.6812040354517,660.1264991514238,1187.6,600.3
6685,11630,583.6812040354517,660.1264991514238,1187.6,600.3
6686,11630,583.6812040354517,660.1264991514238,1187.6,600.3
6687,11630,583.6812040354517,660.1264991514238,1187.6,600.3
6688,11630,583.6812040354517,660.1264991514238,1187.6,600.3
6689,11630,583.6812040354517,660.1264991514238,1187.6,600.3
6690,11630,583.6812040354517,660.1264991514238,1187.6,600.3
6691,11630,583.6812040354517,660.1264991514238,1187.6,600.3
6692,11630,583.6812040354517,660.1264991514238,1187.6,600.3
6693,11630,583.6812040354517,660.1264991514238,1187.6,600.3
6694,11630,583.6812040354517,660.1264991514238,1187.6,600.3
6695,11630,583.6812040354517,660.1264991514238,1187.6,600.3
6696,11630,583.6812040354517,660.1264991514238,1187.6,600.3
6697,11630,583.6812040354517,660.1264991514238,1187.6,600.3
6698,11630,583.6812040354517,660.1264991514238,1187.6,600.3
6699,11630,583.6812040354517,660.1264991514238,1187.6,600.3
6700,11630,583.6812040354517,660.1264991514238,1187.6,600.3
6701,11630,583.6812040354517,660.1264991514238,1187.6,600.3
6702,11630,583.6812040354517,660.1264991514238,1187.6,600.3
6703,11630,583.6812040354517,660.1264991514238,1187.6,600.3
6704,11630,583.6812040354517,660.1264991514238,1187.6,600.3
6705,11630,583.6812040354517,660.1264991514238,1187.6,600.3
6706,11630,583.6812040354517,660.1264991514238,1187.6,600.3
6707,11630,583.6812040354517,660.1264991514238,1187.6,600.3
6708,11630,583.6812040354517,660.1264991514238,1187.6,600.3
6709,11630,583.6812040354517,660.1264991514238,1187.6,600.3
6710,11630,583.6812040354517,660.1264991514238,1187.6,600.3
6711,11630,583.6812040354517,660.1264991514238,1187.6,600.3
6712,11630,583.6812040354517,660.1264991514238,1187.6,600.3
6713,11630,583.6812040354517,660.1264991514238,1187.6,600.3
6714,11630,583.6812040354517,660.1264991514238,1187.6,600.3
6715,11630,583.6812040354517,660.1264991514238,1187.6,600.3
6716,11630,583.6812040354517,660.1264991514238,1187.6,600.3
6717,11630,583.6812040354517,660.1264991514238,1187.6,600.3
6718,11630,583.6812040354517,660.1264991514238,1187.6,600.3
6719,11630,583.6812040354517,660.1264991514238,1187.6,600.3
6720,11630,583.6812040354517,660.1264991514238,1187.6,600.3
6721,11630,583.6812040354517,660.1264991514238,1187.6,600.3
6722,11630,583.6812040354517,660.1264991514238,1187.6,600.3
6723,11630,583.6812040354517,660.1264991514238,1187.6,600.3
6724,11630,583.6812040354517,660.1264991514238,1187.6,600.3
6725,11630,583.6812040354517,660.1264991514238,1187.6,600.3
6726,11630,583.6812040354517,660.1264991514238,1187.6,600.3
6727,11630,583.6812040354517,660.1264991514238,1187.6,600.3
6728,11630,583.6812040354517,660.1264991514238,1187.6,600.3
6729,11630,583.6812040354517,660.1264991514238,1187.6,600.3
6730,11630,583.6812040354517,660.1264991514238,1187.6,600.3
6731,11630,583.6812040354517,660.1264991514238,1187.6,600.3
6732,11630,583.6812040354517,660.1264991514238,1187.6,600.3
6733,11630,583.6812040354517,660.1264991514238,1187.6,600.3
6734,11630,583.6812040354517,660.1264991514238,1187.6,600.3
6735,11630,583.6812040354517,660.1264991514238,1187.6,600.3
6736,11630,583.6812040354517,660.1264991514238,1187.6,600.3
6737,11630,583.6812040354517,660.1264991514238,1187.6,600.3
6738,11630,583.6812040354517,660.1264991514238,1187.6,600.3
6739,11630,583.6812040354517,660.1264991514238,1187.6,600.3
6740,11630,583.6812040354517,660.1264991514238,1187.6,600.3
6741,11630,583.6812040354517,660.1264991514238,1187.6,600.3
6742,11630,583.6812040354517,660.1264991514238,1187.6,600.3
6743,11630,583.6812040354517,660.1264991514238,1187.6,600.3
6744,11630,583.6812040354517,660.1264991514238,1187.6,600.3
6745,11630,583.6812040354517,660.1264991514238,1187.6,600.3
6746,11630,583.6812040354517,660.1264991514238,1187.6,600.3
6747,11630,583.6812040354517,660.1264991514238,1187.6,600.3
6748,11630,583.6812040354517,660.1264991514238,1187.6,600.3
6749,11630,583.6812040354517,660.1264991514238,1187.6,600.3
6750,11630,583.6812040354517,660.1264991514238,1187.6,600.3
6751,11630,583.6812040354517,660.1264991514238,1187.6,600.3
6752,11630,583.6812040354517,660.1264991514238,1187.6,600.3
6753,11630,583.6812040354517,660.1264991514238,1187.6,600.3
6754,11630,583.6812040354517,660.1264991514238,1187.6,600.3
6755,11630,583.6812040354517,660.1264991514238,1187.6,600.3
6756,11630,583.6812040354517,660.1264991514238,1187.6,600.3
6757,11630,583.6812040354517,660.1264991514238,1187.6,600.3
6758,11630,583.6812040354517,660.1264991514238,1187.6,600.3
6759,11630,583.6812040354517,660.1264991514238,1187.6,600.3
6760,11630,583.6812040354517,660.1264991514238,1187.6,600.3
6761,11630,583.6812040354517,660.1264991514238,1187.6,600.3
6762,11630,583.6812040354517,660.1264991514238,1187.6,600.3
6763,11630,583.6812040354517,660.1264991514238,1187.6,600.3
6764,11630,583.6812040354517,660.1264991514238,1187.6,600.3
6765,11630,583.6812040354517,660.1264991514238,1187.6,600.3
6766,11630,583.6812040354517,660.1264991514238,1187.6,600.3
6767,11630,583.6812040354517,660.1264991514238,1187.6,600.3
6768,11630,583.6812040354517,660.1264991514238,1187.6,600.3
6769,11630,583.6812040354517,660.1264991514238,1187.6,600.3
6770,11630,583.6812040354517,660.1264991514238,1187.6,600.3
6771,11630,583.6812040354517,660.1264991514238,1187.6,600.3
6772,11630,583.6812040354517,660.1264991514238,1187.6,600.3
6773,11630,583.6812040354517,660.1264991514238,1187.6,600.3
6774,11630,583.6812040354517,660.1264991514238,1187.6,600.3
6775,11630,583.6812040354517,660.1264991514238,1187.6,600.3
6776,11630,583.6812040354517,660.1264991514238,1187.6,600.3
6777,11630,583.6812040354517,660.1264991514238,1187.6,600.3
6778,11630,583.6812040354517,660.1264991514238,1187.6,600.3
6779,11630,583.6812040354517,660.1264991514238,1187.6,600.3
6780,11630,583.6812040354517,660.1264991514238,1187.6,600.3
6781,11630,583.6812040354517,660.1264991514238,1187.6,600.3
6782,11630,583.6812040354517,660.1264991514238,1187.6,600.3
6783,11630,583.6812040354517,660.1264991514238,1187.6,600.3
6784,11630,583.6812040354517,660.1264991514238,1187.6,600.3
6785,11630,583.6812040354517,660.1264991514238,1187.6,600.3
6786,11630,583.6812040354517,660.1264991514238,1187.6,600.3
6787,11630,583.6812040354517,660.1264991514238,1187.6,600.3
6788,11630,583.6812040354517,660.1264991514238,1187.6,600.3
6789,11630,583.6812040354517,660.1264991514238,1187.6,600.3
6790,11630,583.6812040354517,660.1264991514238,1187.6,600.3
6791,11630,583.6812040354517,660.1264991514238,1187.6,600.3
6792,11630,583.6812040354517,660.1264991514238,1187.6,600.3
6793,11630,583.6812040354517,660.1264991514238,1187.6,600.3
6794,11630,583.6812040354517,660.1264991514238,1187.6,600.3
6795,11630,583.6812040354517,660.1264991514238,1187.6,600.3
6796,11630,583.6812040354517,660.1264991514238,1187.6,600.3
6797,11630,583.6812040354517,660.1264991514238,1187.6,600.3
6798,11630,583.6812040354517,660.1264991514238,1187.6,600.3
6799,11630,583.6812040354517,660.1264991514238,1187.6,600.3
6800,11630,583.6812040354517,660.1264991514238,1187.6,600.3
6801,11630,583.6812040354517,660.1264991514238,1187.6,600.3
6802,11630,583.6812040354517,660.1264991514238,1187.6,600.3
6803,11630,583.6812040354517,660.1264991514238,1187.6,600.3
6804,11630,583.6812040354517,660.1264991514238,1187.6,600.3
6805,11630,583.6812040354517,660.1264991514238,1187.6,600.3
6806,11630,583.6812040354517,660.1264991514238,1187.6,600.3
6807,11630,583.6812040354517,660.1264991514238,1187.6,600.3
6808,11630,583.6812040354517,660.1264991514238,1187.6,600.3
6809,11630,583.6812040354517,660.1264991514238,1187.6,600.3
6810,11630,583.6812040354517,660.1264991514238,1187.6,600.3
6811,11630,583.6812040354517,660.1264991514238,1187.6,600.3
6812,11630,583.6812040354517,660.1264991514238,1187.6,600.3
6813,11630,583.6812040354517,660.1264991514238,1187.6,600.3
6814,11630,583.6812040354517,660.1264991514238,1187.6,600.3
6815,11630,583.6812040354517,660.1264991514238,1187.6,600.3
6816,11630,583.6812040354517,660.1264991514238,1187.6,600.3
6817,11630,583.6812040354517,660.1264991514238,1187.6,600.3
6818,11630,583.6812040354517,660.1264991514238,1187.6,600.3
6819,11630,583.6812040354517,660.1264991514238,1187.6,600.3
6820,11630,583.6812040354517,660.1264991514238,1187.6,600.3
6821,11630,583.6812040354517,660.1264991514238,1187.6,600.3
6822,11630,583.6812040354517,660.1264991514238,1187.6,600.3
6823,11630,583.6812040354517,660.1264991514238,1187.6,600.3
6824,11630,583.6812040354517,660.1264991514238,1187.6,600.3
6825,11630,583.6812040354517,660.1264991514238,1187.6,600.3
6826,11630,583.6812040354517,660.1264991514238,1187.6,600.3
6827,11630,583.6812040354517,660.1264991514238,1187.6,600.3
6828,11630,583.6812040354517,660.1264991514238,1187.6,600.3
6829,11630,583.6812040354517,660.1264991514238,1187.6,600.3
6830,11630,583.6812040354517,660.1264991514238,1187.6,600.3
6831,11630,583.6812040354517,660.1264991514238,1187.6,600.3
6832,11630,583.6812040354517,660.1264991514238,1187.6,600.3
6833,11630,583.6812040354517,660.1264991514238,1187.6,600.3
6834,11630,583.6812040354517,660.1264991514238,1187.6,600.3
6835,11630,583.6812040354517,660.1264991514238,1187.6,600.3
6836,11630,583.6812040354517,660.1264991514238,1187.6,600.3
6837,11630,583.6812040354517,660.1264991514238,1187.6,600.3
6838,11630,583.6812040354517,660.1264991514238,1187.6,600.3
6839,11630,583.6812040354517,660.1264991514238,1187.6,600.3
6840,11630,583.6812040354517,660.1264991514238,1187.6,600.3
6841,11630,583.6812040354517,660.1264991514238,1187.6,600.3
6842,11630,583.6812040354517,660.1264991514238,1187.6,600.3
6843,11630,583.6812040354517,660.1264991514238,1187.6,600.3
6844,11630,583.6812040354517,660.1264991514238,1187.6,600.3
6845,11630,583.6812040354517,660.1264991514238,1187.6,600.3
6846,11630,583.6812040354517,660.1264991514238,1187.6,600.3
6847,11630,583.6812040354517,660.1264991514238,1187.6,600.3
6848,11630,583.6812040354517,660.1264991514238,1187.6,600.3
6849,11630,583.6812040354517,660.1264991514238,1187.6,600.3
6850,11630,583.6812040354517,660.1264991514238,1187.6,600.3
6851,11630,583.6812040354517,660.1264991514238,1187.6,600.3
6852,11630,583.6812040354517,660.1264991514238,1187.6,600.3
6853,11630,583.6812040354517,660.1264991514238,1187.6,600.3
6854,11630,583.6812040354517,660.1264991514238,1187.6,600.3
6855,11630,583.6812040354517,660.1264991514238,1187.6,600.3
6856,11630,583.6812040354517,660.1264991514238,1187.6,600.3
6857,11630,583.6812040354517,660.1264991514238,1187.6,600.3
6858,11630,583.6812040354517,660.1264991514238,1187.6,600.3
6859,11630,583.6812040354517,660.1264991514238,1187.6,600.3
6860,11630,583.6812040354517,660.1264991514238,1187.6,600.3
6861,11630,583.6812040354517,660.1264991514238,1187.6,600.3
6862,11630,583.6812040354517,660.1264991514238,1187.6,600.3
6863,11630,583.6812040354517,660.1264991514238,1187.6,600.3
6864,11630,583.6812040354517,660.1264991514238,1187.6,600.3
6865,11630,583.6812040354517,660.1264991514238,1187.6,600.3
6866,11630,583.6812040354517,660.1264991514238,1187.6,600.3
6867,11630,583.6812040354517,660.1264991514238,1187.6,600.3
6868,11630,583.6812040354517,660.1264991514238,1187.6,600.3
6869,11630,583.6812040354517,660.1264991514238,1187.6,600.3
6870,11630,583.6812040354517,660.1264991514238,1187.6,600.3
6871,11630,583.6812040354517,660.1264991514238,1187.6,600.3
6872,11630,583.6812040354517,660.1264991514238,1187.6,600.3
6873,11630,583.6812040354517,660.1264991514238,1187.6,600.3
6874,11630,583.6812040354517,660.1264991514238,1187.6,600.3
6875,11630,583.6812040354517,660.1264991514238,1187.6,600.3
6876,11630,583.6812040354517,660.1264991514238,1187.6,600.3
6877,11630,583.6812040354517,660.1264991514238,1187.6,600.3
6878,11630,583.6812040354517,660.1264991514238,1187.6,600.3
6879,11630,583.6812040354517,660.1264991514238,1187.6,600.3
6880,11630,583.6812040354517,660.1264991514238,1187.6,600.3
6881,11630,583.6812040354517,660.1264991514238,1187.6,600.3
6882,11630,583.6812040354517,660.1264991514238,1187.6,600.3
6883,11630,583.6812040354517,660.1264991514238,1187.6,600.3
6884,11630,583.6812040354517,660.1264991514238,1187.6,600.3
6885,11630,583.6812040354517,660.1264991514238,1187.6,600.3
6886,11630,583.6812040354517,660.1264991514238,1187.6,600.3
6887,11630,583.6812040354517,660.1264991514238,1187.6,600.3
6888,11630,583.6812040354517,660.1264991514238,1187.6,600.3
6889,11630,583.6812040354517,660.1264991514238,1187.6,600.3
6890,11630,583.6812040354517,660.1264991514238,1187.6,600.3
6891,11630,583.6812040354517,660.1264991514238,1187.6,600.3
6892,11630,583.6812040354517,660.1264991514238,1187.6,600.3
6893,11630,583.6812040354517,660.1264991514238,1187.6,600.3
6894,11630,583.6812040354517,660.1264991514238,1187.6,600.3
6895,11630,583.6812040354517,660.1264991514238,1187.6,600.3
6896,11630,583.6812040354517,660.1264991514238,1187.6,600.3
6897,11630,583.6812040354517,660.1264991514238,1187.6,600.3
6898,11630,583.6812040354517,660.1264991514238,1187.6,600.3
6899,11630,583.6812040354517,660.1264991514238,1187.6,600.3
6900,11630,583.6812040354517,660.1264991514238,1187.6,600.3
6901,11630,583.6812040354517,660.1264991514238,1187.6,600.3
6902,11630,583.6812040354517,660.1264991514238,1187.6,600.3
6903,11630,583.6812040354517,660.1264991514238,1187.6,600.3
6904,11630,583.6812040354517,660.1264991514238,1187.6,600.3
6905,11630,583.6812040354517,660.1264991514238,1187.6,600.3
6906,11630,583.6812040354517,660.1264991514238,1187.6,600.3
6907,11630,583.6812040354517,660.1264991514238,1187.6,600.3
6908,11630,583.6812040354517,660.1264991514238,1187.6,600.3
6909,11630,583.6812040354517,660.1264991514238,1187.6,600.3
6910,11630,583.6812040354517,660.1264991514238,1187.6,600.3
6911,11630,583.6812040354517,660.1264991514238,1187.6,600.3
6912,11630,583.6812040354517,660.1264991514238,1187.6,600.3
6913,11630,583.6812040354517,660.1264991514238,1187.6,600.3
6914,11630,583.6812040354517,660.1264991514238,1187.6,600.3
6915,11630,583.6812040354517,660.1264991514238,1187.6,600.3
6916,11630,583.6812040354517,660.1264991514238,1187.6,600.3
6917,11630,583.6812040354517,660.1264991514238,1187.6,600.3
6918,11630,583.6812040354517,660.1264991514238,1187.6,600.3
6919,11630,583.6812040354517,660.1264991514238,1187.6,600.3
6920,11630,583.6812040354517,660.1264991514238,1187.6,600.3
6921,11630,583.6812040354517,660.1264991514238,1187.6,600.3
6922,11630,583.6812040354517,660.1264991514238,1187.6,600.3
6923,11630,583.6812040354517,660.1264991514238,1187.6,600.3
6924,11630,583.6812040354517,660.1264991514238,1187.6,600.3
6925,11630,583.6812040354517,660.1264991514238,1187.6,600.3
6926,11630,583.6812040354517,660.1264991514238,1187.6,600.3
6927,11630,583.6812040354517,660.1264991514238,1187.6,600.3
6928,11630,583.6812040354517,660.1264991514238,1187.6,600.3
6929,11630,583.6812040354517,660.1264991514238,1187.6,600.3
6930,11630,583.6812040354517,660.1264991514238,1187.6,600.3
6931,11630,583.6812040354517,660.1264991514238,1187.6,600.3
6932,11630,583.6812040354517,660.1264991514238,1187.6,600.3
6933,11630,583.6812040354517,660.1264991514238,1187.6,600.3
6934,11630,583.6812040354517,660.1264991514238,1187.6,600.3
6935,11630,583.6812040354517,660.1264991514238,1187.6,600.3
6936,11630,583.6812040354517,660.1264991514238,1187.6,600.3
6937,11630,583.6812040354517,660.1264991514238,1187.6,600.3
6938,11630,583.6812040354517,660.1264991514238,1187.6,600.3
6939,11630,583.6812040354517,660.1264991514238,1187.6,600.3
6940,11630,583.6812040354517,660.1264991514238,1187.6,600.3
6941,11630,583.6812040354517,660.1264991514238,1187.6,600.3
6942,11630,583.6812040354517,660.1264991514238,1187.6,600.3
6943,11630,583.6812040354517,660.1264991514238,1187.6,600.3
6944,11630,583.6812040354517,660.1264991514238,1187.6,600.3
6945,11630,583.6812040354517,660.1264991514238,1187.6,600.3
6946,11630,583.6812040354517,660.1264991514238,1187.6,600.3
6947,11630,583.6812040354517,660.1264991514238,1187.6,600.3
6948,11630,720.6812040354517,664.1264991514238,1187.6,600.3
6949,11630,720.6812040354517,664.1264991514238,1187.6,600.3
6950,11630,720.6812040354517,664.1264991514238,1187.6,600.3
6951,11630,720.6812040354517,664.1264991514238,1187.6,600.3
6952,11630,720.6812040354517,664.1264991514238,1187.6,600.3
6953,11630,720.6812040354517,664.1264991514238,1187.6,600.3
6954,11630,720.6812040354517,664.1264991514238,1187.6,600.3
6955,11630,720.6812040354517,664.1264991514238,1187.6,600.3
6956,11630,720.6812040354517,664.1264991514238,1187.6,600.3
6957,11630,720.6812040354517,664.1264991514238,1187.6,600.3
6958,11630,720.6812040354517,664.1264991514238,1187.6,600.3
6959,11630,720.6812040354517,664.1264991514238,1187.6,600.3
6960,11630,720.6812040354517,664.1264991514238,1187.6,600.3
6961,11630,720.6812040354517,664.1264991514238,1187.6,600.3
6962,11630,720.6812040354517,664.1264991514238,1187.6,600.3
6963,11630,720.6812040354517,664.1264991514238,1187.6,600.3
6964,11630,720.6812040354517,664.1264991514238,1187.6,600.3
6965,11630,720.6812040354517,664.1264991514238,1187.6,600.3
6966,11630,720.6812040354517,664.1264991514238,1187.6,600.3
6967,11630,720.6812040354517,664.1264991514238,1187.6,600.3
6968,11630,720.6812040354517,664.1264991514238,1187.6,600.3
6969,11630,720.6812040354517,664.1264991514238,1187.6,600.3
6970,11630,720.6812040354517,664.1264991514238,1187.6,600.3
6971,11630,720.6812040354517,664.1264991514238,1187.6,600.3
6972,11630,720.6812040354517,664.1264991514238,1187.6,600.3
6973,11630,720.6812040354517,664.1264991514238,1187.6,600.3
6974,11630,720.6812040354517,664.1264991514238,1187.6,600.3
6975,11630,720.6812040354517,664.1264991514238,1187.6,600.3
6976,11630,720.6812040354517,664.1264991514238,1187.6,600.3
6977,11630,720.6812040354517,664.1264991514238,1187.6,600.3
6978,11630,720.6812040354517,664.1264991514238,1187.6,600.3
6979,11630,720.6812040354517,664.1264991514238,1187.6,600.3
6980,11630,720.6812040354517,664.1264991514238,1187.6,600.3
6981,11630,856.6812040354517,668.1264991514238,1187.6,600.3
6982,11630,856.6812040354517,668.1264991514238,1187.6,600.3
6983,11630,856.6812040354517,668.1264991514238,1187.6,600.3
6984,11630,856.6812040354517,668.1264991514238,1187.6,600.3
6985,11630,856.6812040354517,668.1264991514238,1187.6,600.3
6986,11630,856.6812040354517,668.1264991514238,1187.6,600.3
6987,11630,856.6812040354517,668.1264991514238,1187.6,600.3
6988,11630,856.6812040354517,668.1264991514238,1187.6,600.3
6989,11630,856.6812040354517,668.1264991514238,1187.6,600.3
6990,11630,856.6812040354517,668.1264991514238,1187.6,600.3
6991,11630,856.6812040354517,668.1264991514238,1187.6,600.3
6992,11630,856.6812040354517,668.1264991514238,1187.6,600.3
6993,11630,856.6812040354517,668.1264991514238,1187.6,600.3
6994,11630,856.6812040354517,668.1264991514238,1187.6,600.3
6995,11630,856.6812040354517,668.1264991514238,1187.6,600.3
6996,11630,856.6812040354517,668.1264991514238,1187.6,600.3
6997,11630,856.6812040354517,668.1264991514238,1187.6,600.3
6998,11630,856.6812040354517,668.1264991514238,1187.6,600.3
6999,11630,856.6812040354517,668.1264991514238,1187.6,600.3
7000,11630,856.6812040354517,668.1264991514238,1187.6,600.3
7001,11630,856.6812040354517,668.1264991514238,1187.6,600.3
7002,11630,856.6812040354517,668.1264991514238,1187.6,600.3
7003,11630,856.6812040354517,668.1264991514238,1187.6,600.3
7004,11630,856.6812040354517,668.1264991514238,1187.6,600.3
7005,11630,856.6812040354517,668.1264991514238,1187.6,600.3
7006,11630,856.6812040354517,668.1264991514238,1187.6,600.3
7007,11630,856.6812040354517,668.1264991514238,1187.6,600.3
7008,11630,856.6812040354517,668.1264991514238,1187.6,600.3
7009,11630,856.6812040354517,668.1264991514238,1187.6,600.3
7010,11630,856.6812040354517,668.1264991514238,1187.6,600.3
7011,11630,856.6812040354517,668.1264991514238,1187.6,600.3
7012,11630,856.6812040354517,668.1264991514238,1187.6,600.3
7013,11630,856.6812040354517,668.1264991514238,1187.6,600.3
7014,11630,856.6812040354517,668.1264991514238,1187.6,600.3
7015,11630,856.6812040354517,668.1264991514238,1187.6,600.3
7016,11630,856.6812040354517,668.1264991514238,1187.6,600.3
7017,11630,856.6812040354517,668.1264991514238,1187.6,600.3
7018,11630,856.6812040354517,668.1264991514238,1187.6,600.3
7019,11630,856.6812040354517,668.1264991514238,1187.6,600.3
7020,11630,856.6812040354517,668.1264991514238,1187.6,600.3
7021,11630,856.6812040354517,668.1264991514238,1187.6,600.3
7022,11630,856.6812040354517,668.1264991514238,1187.6,600.3
7023,11630,856.6812040354517,668.1264991514238,1187.6,600.3
7024,11630,856.6812040354517,668.1264991514238,1187.6,600.3
7025,11630,856.6812040354517,668.1264991514238,1187.6,600.3
7026,11630,856.6812040354517,668.1264991514238,1187.6,600.3
7027,11630,856.6812040354517,668.1264991514238,1187.6,600.3
7028,11630,856.6812040354517,668.1264991514238,1187.6,600.3
7029,11630,856.6812040354517,668.1264991514238,1187.6,600.3
7030,11630,856.6812040354517,668.1264991514238,1187.6,600.3
7031,11630,856.6812040354517,668.1264991514238,1187.6,600.3
7032,11630,856.6812040354517,668.1264991514238,1187.6,600.3
7033,11630,856.6812040354517,668.1264991514238,1187.6,600.3
7034,11630,856.6812040354517,668.1264991514238,1187.6,600.3
7035,11630,856.6812040354517,668.1264991514238,1187.6,600.3
7036,11630,856.6812040354517,668.1264991514238,1187.6,600.3
7037,11630,856.6812040354517,668.1264991514238,1187.6,600.3
7038,11630,856.6812040354517,668.1264991514238,1187.6,600.3
7039,11630,856.6812040354517,668.1264991514238,1187.6,600.3
7040,11630,856.6812040354517,668.1264991514238,1187.6,600.3
7041,11630,856.6812040354517,668.1264991514238,1187.6,600.3
7042,11630,856.6812040354517,668.1264991514238,1187.6,600.3
7043,11630,856.6812040354517,668.1264991514238,1187.6,600.3
7044,11630,856.6812040354517,668.1264991514238,1187.6,600.3
7045,11630,856.6812040354517,668.1264991514238,1187.6,600.3
7046,11630,856.6812040354517,668.1264991514238,1187.6,600.3
7047,11630,856.6812040354517,668.1264991514238,1187.6,600.3
7048,11630,712.6812040354517,670.1264991514238,1187.6,600.3
7049,11630,712.6812040354517,670.1264991514238,1187.6,600.3
7050,11630,712.6812040354517,670.1264991514238,1187.6,600.3
7051,11630,712.6812040354517,670.1264991514238,1187.6,600.3
7052,11630,712.6812040354517,670.1264991514238,1187.6,600.3
7053,11630,712.6812040354517,670.1264991514238,1187.6,600.3
7054,11630,712.6812040354517,670.1264991514238,1187.6,600.3
7055,11630,712.6812040354517,670.1264991514238,1187.6,600.3
7056,11630,712.6812040354517,670.1264991514238,1187.6,600.3
7057,11630,712.6812040354517,670.1264991514238,1187.6,600.3
7058,11630,712.6812040354517,670.1264991514238,1187.6,600.3
7059,11630,712.6812040354517,670.1264991514238,1187.6,600.3
7060,11630,712.6812040354517,670.1264991514238,1187.6,600.3
7061,11630,712.6812040354517,670.1264991514238,1187.6,600.3
7062,11630,712.6812040354517,670.1264991514238,1187.6,600.3
7063,11630,712.6812040354517,670.1264991514238,1187.6,600.3
7064,11630,712.6812040354517,670.1264991514238,1187.6,600.3
7065,11630,712.6812040354517,670.1264991514238,1187.6,600.3
7066,11630,712.6812040354517,670.1264991514238,1187.6,600.3
7067,11630,712.6812040354517,670.1264991514238,1187.6,600.3
7068,11630,712.6812040354517,670.1264991514238,1187.6,600.3
7069,11630,712.6812040354517,670.1264991514238,1187.6,600.3
7070,11630,712.6812040354517,670.1264991514238,1187.6,600.3
7071,11630,712.6812040354517,670.1264991514238,1187.6,600.3
7072,11630,712.6812040354517,670.1264991514238,1187.6,600.3
7073,11630,712.6812040354517,670.1264991514238,1187.6,600.3
7074,11630,712.6812040354517,670.1264991514238,1187.6,600.3
7075,11630,712.6812040354517,670.1264991514238,1187.6,600.3
7076,11630,712.6812040354517,670.1264991514238,1187.6,600.3
7077,11630,712.6812040354517,670.1264991514238,1187.6,600.3
7078,11630,712.6812040354517,670.1264991514238,1187.6,600.3
7079,11630,712.6812040354517,670.1264991514238,1187.6,600.3
7080,11630,712.6812040354517,670.1264991514238,1187.6,600.3
7081,11630,568.6812040354517,672.1264991514238,1187.6,600.3
7082,11630,568.6812040354517,672.1264991514238,1187.6,600.3
7083,11630,568.6812040354517,672.1264991514238,1187.6,600.3
7084,11630,568.6812040354517,672.1264991514238,1187.6,600.3
7085,11630,568.6812040354517,672.1264991514238,1187.6,600.3
7086,11630,568.6812040354517,672.1264991514238,1187.6,600.3
7087,11630,568.6812040354517,672.1264991514238,1187.6,600.3
7088,11630,568.6812040354517,672.1264991514238,1187.6,600.3
7089,11630,568.6812040354517,672.1264991514238,1187.6,600.3
7090,11630,568.6812040354517,672.1264991514238,1187.6,600.3
7091,11630,568.6812040354517,672.1264991514238,1187.6,600.3
7092,11630,568.6812040354517,672.1264991514238,1187.6,600.3
7093,11630,568.6812040354517,672.1264991514238,1187.6,600.3
7094,11630,568.6812040354517,672.1264991514238,1187.6,600.3
7095,11630,568.6812040354517,672.1264991514238,1187.6,600.3
7096,11630,568.6812040354517,672.1264991514238,1187.6,600.3
7097,11630,568.6812040354517,672.1264991514238,1187.6,600.3
7098,11630,568.6812040354517,672.1264991514238,1187.6,600.3
7099,11630,568.6812040354517,672.1264991514238,1183.8526315789472,596.8631578947368
7100,11630,568.6812040354517,672.1264991514238,1180.1052631578946,593.4263157894736
7101,11630,568.6812040354517,672.1264991514238,1176.3578947368421,589.9894736842105
7102,11630,568.6812040354517,672.1264991514238,1172.6105263157895,586.5526315789473
7103,11630,568.6812040354517,672.1264991514238,1168.8631578947368,583.1157894736842
7104,11630,568.6812040354517,672.1264991514238,1165.1157894736841,579.6789473684211
7105,11630,568.6812040354517,672.1264991514238,1161.3684210526314,576.2421052631579
7106,11630,568.6812040354517,672.1264991514238,1157.621052631579,572.8052631578947
7107,11630,568.6812040354517,672.1264991514238,1153.8736842105263,569.3684210526316
7108,11630,568.6812040354517,672.1264991514238,1150.1263157894737,565.9315789473684
7109,11630,568.6812040354517,672.1264991514238,1146.378947368421,562.4947368421052
7110,11630,568.6812040354517,672.1264991514238,1142.6315789473686,559.0578947368421
7111,11630,568.6812040354517,672.1264991514238,1138.8842105263159,555.6210526315789
7112,11630,568.6812040354517,672.1264991514238,1135.1368421052632,552.1842105263158
7113,11630,568.6812040354517,672.1264991514238,1131.3894736842105,548.7473684210527
7114,11630,568.6812040354517,672.1264991514238,1127.6421052631579,545.3105263157895
7115,11630,568.6812040354517,672.1264991514238,1123.8947368421054,541.8736842105263
7116,11630,568.6812040354517,672.1264991514238,1120.1473684210528,538.4368421052632
7117,11630,568.6812040354517,672.1264991514238,1116.4,535.0
7118,11630,568.6812040354517,672.1264991514238,1116.4,535.0
7119,11630,568.6812040354517,672.1264991514238,1116.4,535.0
7120,11630,568.6812040354517,672.1264991514238,1116.4,535.0
7121,11630,568.6812040354517,672.1264991514238,1116.4,535.0
7122,11630,568.6812040354517,672.1264991514238,1116.4,535.0
7123,11630,568.6812040354517,672.1264991514238,1116.4,535.0
7124,11630,568.6812040354517,672.1264991514238,1116.4,535.0
7125,11630,568.6812040354517,672.1264991514238,1116.4,535.0
7126,11630,568.6812040354517,672.1264991514238,1116.4,535.0
7127,11630,568.6812040354517,672.1264991514238,1116.4,535.0
7128,11630,568.6812040354517,672.1264991514238,1116.4,535.0
7129,11630,568.6812040354517,672.1264991514238,1116.4,535.0
7130,11630,568.6812040354517,672.1264991514238,1116.4,535.0
7131,11630,568.6812040354517,672.1264991514238,1116.4,535.0
7132,11630,568.6812040354517,672.1264991514238,1116.4,535.0
7133,11630,568.6812040354517,672.1264991514238,1116.4,535.0
7134,11630,568.6812040354517,672.1264991514238,1116.4,535.0
7135,11630,568.6812040354517,672.1264991514238,1116.4,535.0
7136,11630,568.6812040354517,672.1264991514238,1116.4,535.0
7137,11630,568.6812040354517,672.1264991514238,1116.4,535.0
7138,11630,568.6812040354517,672.1264991514238,1116.4,535.0
7139,11630,568.6812040354517,672.1264991514238,1116.4,535.0
7140,11630,568.6812040354517,672.1264991514238,1116.4,535.0
7141,11630,568.6812040354517,672.1264991514238,1116.4,535.0
7142,11630,568.6812040354517,672.1264991514238,1116.4,535.0
7143,11630,568.6812040354517,672.1264991514238,1116.4,535.0
7144,11630,568.6812040354517,672.1264991514238,1116.4,535.0
7145,11630,568.6812040354517,672.1264991514238,1116.4,535.0
7146,11630,568.6812040354517,672.1264991514238,1116.4,535.0
7147,11630,568.6812040354517,672.1264991514238,1116.4,535.0
7148,11630,568.6812040354517,672.1264991514238,1116.4,535.0
7149,11630,568.6812040354517,672.1264991514238,1116.4,535.0
7150,11630,568.6812040354517,672.1264991514238,1116.4,535.0
7151,11630,568.6812040354517,672.1264991514238,1116.4,535.0
7152,11630,568.6812040354517,672.1264991514238,1116.4,535.0
7153,11630,568.6812040354517,672.1264991514238,1116.4,535.0
7154,11630,568.6812040354517,672.1264991514238,1116.4,535.0
7155,11630,568.6812040354517,672.1264991514238,1116.4,535.0
7156,11630,568.6812040354517,672.1264991514238,1116.4,535.0
7157,11630,568.6812040354517,672.1264991514238,1116.4,535.0
7158,11630,568.6812040354517,672.1264991514238,1116.4,535.0
7159,11630,568.6812040354517,672.1264991514238,1116.4,535.0
7160,11630,568.6812040354517,672.1264991514238,1116.4,535.0
7161,11630,568.6812040354517,672.1264991514238,1116.4,535.0
7162,11630,568.6812040354517,672.1264991514238,1116.4,535.0
7163,11630,568.6812040354517,672.1264991514238,1116.4,535.0
7164,11630,568.6812040354517,672.1264991514238,1116.4,535.0
7165,11630,568.6812040354517,672.1264991514238,1116.4,535.0
7166,11630,568.6812040354517,672.1264991514238,1116.4,535.0
7167,11630,568.6812040354517,672.1264991514238,1116.4,535.0
7168,11630,568.6812040354517,672.1264991514238,1116.4,535.0
7169,11630,568.6812040354517,672.1264991514238,1116.4,535.0
7170,11630,568.6812040354517,672.1264991514238,1116.4,535.0
7171,11630,568.6812040354517,672.1264991514238,1116.4,535.0
7172,11630,568.6812040354517,672.1264991514238,1116.4,535.0
7173,11630,568.6812040354517,672.1264991514238,1116.4,535.0
7174,11630,568.6812040354517,672.1264991514238,1116.4,535.0
7175,11630,568.6812040354517,672.1264991514238,1116.4,535.0
7176,11630,568.6812040354517,672.1264991514238,1116.4,535.0
7177,11630,568.6812040354517,672.1264991514238,1116.4,535.0
7178,11630,568.6812040354517,672.1264991514238,1116.4,535.0
7179,11630,568.6812040354517,672.1264991514238,1116.4,535.0
7180,11630,568.6812040354517,672.1264991514238,1116.4,535.0
7181,11630,568.6812040354517,672.1264991514238,1116.4,535.0
7182,11630,568.6812040354517,672.1264991514238,1116.4,535.0
7183,11630,568.6812040354517,672.1264991514238,1116.4,535.0
7184,11630,568.6812040354517,672.1264991514238,1116.4,535.0
7185,11630,568.6812040354517,672.1264991514238,1116.4,535.0
7186,11630,568.6812040354517,672.1264991514238,1116.4,535.0
7187,11630,568.6812040354517,672.1264991514238,1116.4,535.0
7188,11630,568.6812040354517,672.1264991514238,1116.4,535.0
7189,11630,568.6812040354517,672.1264991514238,1116.4,535.0
7190,11630,568.6812040354517,672.1264991514238,1116.4,535.0
7191,11630,568.6812040354517,672.1264991514238,1116.4,535.0
7192,11630,568.6812040354517,672.1264991514238,1116.4,535.0
7193,11630,568.6812040354517,672.1264991514238,1116.4,535.0
7194,11630,568.6812040354517,672.1264991514238,1116.4,535.0
7195,11630,568.6812040354517,672.1264991514238,1116.4,535.0
7196,11630,568.6812040354517,672.1264991514238,1116.4,535.0
7197,11630,568.6812040354517,672.1264991514238,1116.4,535.0
7198,11630,568.6812040354517,672.1264991514238,1116.4,535.0
7199,11630,568.6812040354517,672.1264991514238,1116.4,535.0
7200,11630,568.6812040354517,672.1264991514238,1116.4,535.0
7201,11630,568.6812040354517,672.1264991514238,1116.4,535.0
7202,11630,568.6812040354517,672.1264991514238,1116.4,535.0
7203,11630,568.6812040354517,672.1264991514238,1116.4,535.0
7204,11630,568.6812040354517,672.1264991514238,1116.4,535.0
7205,11630,568.6812040354517,672.1264991514238,1116.4,535.0
7206,11630,568.6812040354517,672.1264991514238,1116.4,535.0
7207,11630,568.6812040354517,672.1264991514238,1116.4,535.0
7208,11630,568.6812040354517,672.1264991514238,1116.4,535.0
7209,11630,568.6812040354517,672.1264991514238,1116.4,535.0
7210,11630,568.6812040354517,672.1264991514238,1116.4,535.0
7211,11630,568.6812040354517,672.1264991514238,1116.4,535.0
7212,11630,568.6812040354517,672.1264991514238,1116.4,535.0
7213,11630,568.6812040354517,672.1264991514238,1116.4,535.0
7214,11630,616.6812040354517,652.1264991514238,1116.4,535.0
7215,11630,616.6812040354517,652.1264991514238,1116.4,535.0
7216,11630,616.6812040354517,652.1264991514238,1116.4,535.0
7217,11630,616.6812040354517,652.1264991514238,1116.4,535.0
7218,11630,616.6812040354517,652.1264991514238,1116.4,535.0
7219,11630,616.6812040354517,652.1264991514238,1116.4,535.0
7220,11630,616.6812040354517,652.1264991514238,1116.4,535.0
7221,11630,616.6812040354517,652.1264991514238,1116.4,535.0
7222,11630,616.6812040354517,652.1264991514238,1116.4,535.0
7223,11630,616.6812040354517,652.1264991514238,1116.4,535.0
7224,11630,616.6812040354517,652.1264991514238,1116.4,535.0
7225,11630,616.6812040354517,652.1264991514238,1116.4,535.0
7226,11630,616.6812040354517,652.1264991514238,1116.4,535.0
7227,11630,616.6812040354517,652.1264991514238,1116.4,535.0
7228,11630,616.6812040354517,652.1264991514238,1116.4,535.0
7229,11630,616.6812040354517,652.1264991514238,1116.4,535.0
7230,11630,616.6812040354517,652.1264991514238,1116.4,535.0
7231,11630,616.6812040354517,652.1264991514238,1116.4,535.0
7232,11630,616.6812040354517,652.1264991514238,1116.4,535.0
7233,11630,616.6812040354517,652.1264991514238,1116.4,535.0
7234,11630,616.6812040354517,652.1264991514238,1116.4,535.0
7235,11630,616.6812040354517,652.1264991514238,1116.4,535.0
7236,11630,616.6812040354517,652.1264991514238,1116.4,535.0
7237,11630,616.6812040354517,652.1264991514238,1116.4,535.0
7238,11630,616.6812040354517,652.1264991514238,1116.4,535.0
7239,11630,616.6812040354517,652.1264991514238,1116.4,535.0
7240,11630,616.6812040354517,652.1264991514238,1116.4,535.0
7241,11630,616.6812040354517,652.1264991514238,1116.4,535.0
7242,11630,616.6812040354517,652.1264991514238,1116.4,535.0
7243,11630,616.6812040354517,652.1264991514238,1116.4,535.0
7244,11630,616.6812040354517,652.1264991514238,1116.4,535.0
7245,11630,616.6812040354517,652.1264991514238,1116.4,535.0
7246,11630,616.6812040354517,652.1264991514238,1116.4,535.0
7247,11630,616.6812040354517,652.1264991514238,1116.4,535.0
7248,11630,663.6812040354517,631.1264991514238,1116.4,535.0
7249,11630,663.6812040354517,631.1264991514238,1116.4,535.0
7250,11630,663.6812040354517,631.1264991514238,1116.4,535.0
7251,11630,663.6812040354517,631.1264991514238,1116.4,535.0
7252,11630,663.6812040354517,631.1264991514238,1116.4,535.0
7253,11630,663.6812040354517,631.1264991514238,1116.4,535.0
7254,11630,663.6812040354517,631.1264991514238,1116.4,535.0
7255,11630,663.6812040354517,631.1264991514238,1116.4,535.0
7256,11630,663.6812040354517,631.1264991514238,1116.4,535.0
7257,11630,663.6812040354517,631.1264991514238,1116.4,535.0
7258,11630,663.6812040354517,631.1264991514238,1116.4,535.0
7259,11630,663.6812040354517,631.1264991514238,1116.4,535.0
7260,11630,663.6812040354517,631.1264991514238,1116.4,535.0
7261,11630,663.6812040354517,631.1264991514238,1116.4,535.0
7262,11630,663.6812040354517,631.1264991514238,1116.4,535.0
7263,11630,663.6812040354517,631.1264991514238,1116.4,535.0
7264,11630,663.6812040354517,631.1264991514238,1116.4,535.0
7265,11630,663.6812040354517,631.1264991514238,1116.4,535.0
7266,11630,663.6812040354517,631.1264991514238,1116.4,535.0
7267,11630,663.6812040354517,631.1264991514238,1116.4,535.0
7268,11630,663.6812040354517,631.1264991514238,1116.4,535.0
7269,11630,663.6812040354517,631.1264991514238,1116.4,535.0
7270,11630,663.6812040354517,631.1264991514238,1116.4,535.0
7271,11630,663.6812040354517,631.1264991514238,1116.4,535.0
7272,11630,663.6812040354517,631.1264991514238,1116.4,535.0
7273,11630,663.6812040354517,631.1264991514238,1116.4,535.0
7274,11630,663.6812040354517,631.1264991514238,1109.8960000000002,524.032
7275,11630,663.6812040354517,631.1264991514238,1103.392,513.064
7276,11630,663.6812040354517,631.1264991514238,1096.8880000000001,502.096
7277,11630,663.6812040354517,631.1264991514238,1090.384,491.128
7278,11630,663.6812040354517,631.1264991514238,1083.88,480.15999999999997
7279,11630,663.6812040354517,631.1264991514238,1077.376,469.192
7280,11630,663.6812040354517,631.1264991514238,1070.872,458.224
7281,11630,663.6812040354517,631.1264991514238,1064.368,447.256
7282,11630,663.6812040354517,631.1264991514238,1057.864,436.288
7283,11630,663.6812040354517,631.1264991514238,1051.3600000000001,425.32
7284,11630,663.6812040354517,631.1264991514238,1044.856,414.352
7285,11630,663.6812040354517,631.1264991514238,1038.352,403.384
7286,11630,663.6812040354517,631.1264991514238,1031.848,392.416
7287,11630,663.6812040354517,631.1264991514238,1025.344,381.448
7288,11630,663.6812040354517,631.1264991514238,1018.84,370.48
7289,11630,663.6812040354517,631.1264991514238,1012.336,359.512
7290,11630,663.6812040354517,631.1264991514238,1005.832,348.544
7291,11630,663.6812040354517,631.1264991514238,999.328,337.576
7292,11630,663.6812040354517,631.1264991514238,992.824,326.608
7293,11630,663.6812040354517,631.1264991514238,986.3199999999999,315.64
7294,11630,663.6812040354517,631.1264991514238,979.816,304.672
7295,11630,663.6812040354517,631.1264991514238,973.3119999999999,293.704
7296,11630,663.6812040354517,631.1264991514238,966.808,282.736
7297,11631,663.6812040354517,631.1264991514238,960.304,271.76800000000003
7298,11632,663.6812040354517,631.1264991514238,953.8,260.8
7299,11633,663.6812040354517,631.1264991514238,953.8,260.8
7300,11634,663.6812040354517,631.1264991514238,953.8,260.8
7301,11634,663.6812040354517,631.1264991514238,953.8,260.8
7302,11634,663.6812040354517,631.1264991514238,953.8,260.8
7303,11634,663.6812040354517,631.1264991514238,953.8,260.8
7304,11634,663.6812040354517,631.1264991514238,953.8,260.8
7305,11634,663.6812040354517,631.1264991514238,953.8,260.8
7306,11634,663.6812040354517,631.1264991514238,953.8,260.8
7307,11634,663.6812040354517,631.1264991514238,953.8,260.8
7308,11634,663.6812040354517,631.1264991514238,953.8,260.8
7309,11634,663.6812040354517,631.1264991514238,953.8,260.8
7310,11634,663.6812040354517,631.1264991514238,953.8,260.8
7311,11634,663.6812040354517,631.1264991514238,953.8,260.8
7312,11634,663.6812040354517,631.1264991514238,953.8,260.8
7313,11634,663.6812040354517,631.1264991514238,953.8,260.8
7314,11634,663.6812040354517,631.1264991514238,953.8,260.8
7315,11634,663.6812040354517,631.1264991514238,953.8,260.8
7316,11634,663.6812040354517,631.1264991514238,953.8,260.8
7317,11634,663.6812040354517,631.1264991514238,953.8,260.8
7318,11634,663.6812040354517,631.1264991514238,953.8,260.8
7319,11634,663.6812040354517,631.1264991514238,953.8,260.8
7320,11634,663.6812040354517,631.1264991514238,953.8,260.8
7321,11634,663.6812040354517,631.1264991514238,953.8,260.8
7322,11634,663.6812040354517,631.1264991514238,953.8,260.8
7323,11634,663.6812040354517,631.1264991514238,953.8,260.8
7324,11634,663.6812040354517,631.1264991514238,953.8,260.8
7325,11634,663.6812040354517,631.1264991514238,953.8,260.8
7326,11634,663.6812040354517,631.1264991514238,953.8,260.8
7327,11634,663.6812040354517,631.1264991514238,953.8,260.8
7328,11634,663.6812040354517,631.1264991514238,953.8,260.8
7329,11634,663.6812040354517,631.1264991514238,953.8,260.8
7330,11634,663.6812040354517,631.1264991514238,953.8,260.8
7331,11634,663.6812040354517,631.1264991514238,953.8,260.8
7332,11634,663.6812040354517,631.1264991514238,953.8,260.8
7333,11634,663.6812040354517,631.1264991514238,953.8,260.8
7334,11634,663.6812040354517,631.1264991514238,953.8,260.8
7335,11634,663.6812040354517,631.1264991514238,953.8,260.8
7336,11634,663.6812040354517,631.1264991514238,953.8,260.8
7337,11634,663.6812040354517,631.1264991514238,953.8,260.8
7338,11634,663.6812040354517,631.1264991514238,953.8,260.8
7339,11634,663.6812040354517,631.1264991514238,953.8,260.8
7340,11634,663.6812040354517,631.1264991514238,953.8,260.8
7341,11634,663.6812040354517,631.1264991514238,953.8,260.8
7342,11634,663.6812040354517,631.1264991514238,953.8,260.8
7343,11634,663.6812040354517,631.1264991514238,953.8,260.8
7344,11634,663.6812040354517,631.1264991514238,953.8,260.8
7345,11634,663.6812040354517,631.1264991514238,953.8,260.8
7346,11634,663.6812040354517,631.1264991514238,953.8,260.8
7347,11634,663.6812040354517,631.1264991514238,953.8,260.8
7348,11634,663.6812040354517,631.1264991514238,953.8,260.8
7349,11634,663.6812040354517,631.1264991514238,953.8,260.8
7350,11634,663.6812040354517,631.1264991514238,953.8,260.8
7351,11634,663.6812040354517,631.1264991514238,953.8,260.8
7352,11634,663.6812040354517,631.1264991514238,953.8,260.8
7353,11634,663.6812040354517,631.1264991514238,953.8,260.8
7354,11634,663.6812040354517,631.1264991514238,953.8,260.8
7355,11634,663.6812040354517,631.1264991514238,953.8,260.8
7356,11634,789.6812040354517,530.1264991514238,953.8,260.8
7357,11634,789.6812040354517,530.1264991514238,953.8,260.8
7358,11634,789.6812040354517,530.1264991514238,953.8,260.8
7359,11634,789.6812040354517,530.1264991514238,953.8,260.8
7360,11634,789.6812040354517,530.1264991514238,953.8,260.8
7361,11634,789.6812040354517,530.1264991514238,953.8,260.8
7362,11634,789.6812040354517,530.1264991514238,953.8,260.8
7363,11634,789.6812040354517,530.1264991514238,953.8,260.8
7364,11634,789.6812040354517,530.1264991514238,953.8,260.8
7365,11634,789.6812040354517,530.1264991514238,953.8,260.8
7366,11634,789.6812040354517,530.1264991514238,953.8,260.8
7367,11634,789.6812040354517,530.1264991514238,953.8,260.8
7368,11634,789.6812040354517,530.1264991514238,953.8,260.8
7369,11634,789.6812040354517,530.1264991514238,953.8,260.8
7370,11634,789.6812040354517,530.1264991514238,953.8,260.8
7371,11634,789.6812040354517,530.1264991514238,953.8,260.8
7372,11634,789.6812040354517,530.1264991514238,953.8,260.8
7373,11634,789.6812040354517,530.1264991514238,953.8,260.8
7374,11634,789.6812040354517,530.1264991514238,953.8,260.8
7375,11634,789.6812040354517,530.1264991514238,953.8,260.8
7376,11634,789.6812040354517,530.1264991514238,953.8,260.8
7377,11634,789.6812040354517,530.1264991514238,953.8,260.8
7378,11634,789.6812040354517,530.1264991514238,953.8,260.8
7379,11634,789.6812040354517,530.1264991514238,953.8,260.8
7380,11634,789.6812040354517,530.1264991514238,953.8,260.8
7381,11634,914.6812040354517,430.12649915142373,953.8,260.8
7382,11634,914.6812040354517,430.12649915142373,953.8,260.8
7383,11634,914.6812040354517,430.12649915142373,953.8,260.8
7384,11634,914.6812040354517,430.12649915142373,953.8,260.8
7385,11634,914.6812040354517,430.12649915142373,953.8,260.8
7386,11634,914.6812040354517,430.12649915142373,953.8,260.8
7387,11634,914.6812040354517,430.12649915142373,953.8,260.8
7388,11634,914.6812040354517,430.12649915142373,953.8,260.8
7389,11634,914.6812040354517,430.12649915142373,953.8,260.8
7390,11634,914.6812040354517,430.12649915142373,953.8,260.8
7391,11634,914.6812040354517,430.12649915142373,953.8,260.8
7392,11634,914.6812040354517,430.12649915142373,953.8,260.8
7393,11634,914.6812040354517,430.12649915142373,953.8,260.8
7394,11634,914.6812040354517,430.12649915142373,953.8,260.8
7395,11634,914.6812040354517,430.12649915142373,953.8,260.8
7396,11634,914.6812040354517,430.12649915142373,953.8,260.8
7397,11634,914.6812040354517,430.12649915142373,953.8,260.8
7398,11634,914.6812040354517,430.12649915142373,953.8,260.8
7399,11634,914.6812040354517,430.12649915142373,953.8,260.8
7400,11634,914.6812040354517,430.12649915142373,953.8,260.8
7401,11634,914.6812040354517,430.12649915142373,953.8,260.8
7402,11634,914.6812040354517,430.12649915142373,953.8,260.8
7403,11634,914.6812040354517,430.12649915142373,953.8,260.8
7404,11634,914.6812040354517,430.12649915142373,953.8,260.8
7405,11634,914.6812040354517,430.12649915142373,953.8,260.8
7406,11634,914.6812040354517,430.12649915142373,953.8,260.8
7407,11634,914.6812040354517,430.12649915142373,953.8,260.8
7408,11634,914.6812040354517,430.12649915142373,953.8,260.8
7409,11634,914.6812040354517,430.12649915142373,953.8,260.8
7410,11634,914.6812040354517,430.12649915142373,953.8,260.8
7411,11634,914.6812040354517,430.12649915142373,953.8,260.8
7412,11634,914.6812040354517,430.12649915142373,953.8,260.8
7413,11634,914.6812040354517,430.12649915142373,953.8,260.8
7414,11634,914.6812040354517,430.12649915142373,953.8,260.8
7415,11634,914.6812040354517,430.12649915142373,953.8,260.8
7416,11634,914.6812040354517,430.12649915142373,953.8,260.8
7417,11634,914.6812040354517,430.12649915142373,953.8,260.8
7418,11634,914.6812040354517,430.12649915142373,953.8,260.8
7419,11634,914.6812040354517,430.12649915142373,953.8,260.8
7420,11634,914.6812040354517,430.12649915142373,953.8,260.8
7421,11634,914.6812040354517,430.12649915142373,953.8,260.8
7422,11634,914.6812040354517,430.12649915142373,953.8,260.8
7423,11634,914.6812040354517,430.12649915142373,953.8,260.8
7424,11634,914.6812040354517,430.12649915142373,953.8,260.8
7425,11634,914.6812040354517,430.12649915142373,953.8,260.8
7426,11634,914.6812040354517,430.12649915142373,953.8,260.8
7427,11634,914.6812040354517,430.12649915142373,953.8,260.8
7428,11634,914.6812040354517,430.12649915142373,953.8,260.8
7429,11634,914.6812040354517,430.12649915142373,953.8,260.8
7430,11634,914.6812040354517,430.12649915142373,953.8,260.8
7431,11634,914.6812040354517,430.12649915142373,953.8,260.8
7432,11634,914.6812040354517,430.12649915142373,953.8,260.8
7433,11634,914.6812040354517,430.12649915142373,953.8,260.8
7434,11634,914.6812040354517,430.12649915142373,953.8,260.8
7435,11634,914.6812040354517,430.12649915142373,953.8,260.8
7436,11634,914.6812040354517,430.12649915142373,953.8,260.8
7437,11634,914.6812040354517,430.12649915142373,953.8,260.8
7438,11634,914.6812040354517,430.12649915142373,953.8,260.8
7439,11634,914.6812040354517,430.12649915142373,953.8,260.8
7440,11634,914.6812040354517,430.12649915142373,953.8,260.8
7441,11634,914.6812040354517,430.12649915142373,953.8,260.8
7442,11634,914.6812040354517,430.12649915142373,953.8,260.8
7443,11634,914.6812040354517,430.12649915142373,953.8,260.8
7444,11634,914.6812040354517,430.12649915142373,953.8,260.8
7445,11634,914.6812040354517,430.12649915142373,953.8,260.8
7446,11634,914.6812040354517,430.12649915142373,953.8,260.8
7447,11634,914.6812040354517,430.12649915142373,953.8,260.8
7448,11634,914.6812040354517,430.12649915142373,953.8,260.8
7449,11634,914.6812040354517,430.12649915142373,953.8,260.8
7450,11634,914.6812040354517,430.12649915142373,953.8,260.8
7451,11634,914.6812040354517,430.12649915142373,953.8,260.8
7452,11634,914.6812040354517,430.12649915142373,953.8,260.8
7453,11634,914.6812040354517,430.12649915142373,953.8,260.8
7454,11634,914.6812040354517,430.12649915142373,953.8,260.8
7455,11634,914.6812040354517,430.12649915142373,953.8,260.8
7456,11634,1175.6812040354516,660.1264991514238,953.8,260.8
7457,11634,1175.6812040354516,660.1264991514238,953.8,260.8
7458,11634,1175.6812040354516,660.1264991514238,953.8,260.8
7459,11634,1175.6812040354516,660.1264991514238,953.8,260.8
7460,11634,1175.6812040354516,660.1264991514238,953.8,260.8
7461,11634,1175.6812040354516,660.1264991514238,953.8,260.8
7462,11634,1175.6812040354516,660.1264991514238,953.8,260.8
7463,11634,1175.6812040354516,660.1264991514238,953.8,260.8
7464,11634,1175.6812040354516,660.1264991514238,953.8,260.8
7465,11634,1175.6812040354516,660.1264991514238,953.8,260.8
7466,11634,1175.6812040354516,660.1264991514238,953.8,260.8
7467,11634,1175.6812040354516,660.1264991514238,953.8,260.8
7468,11634,1175.6812040354516,660.1264991514238,953.8,260.8
7469,11634,1175.6812040354516,660.1264991514238,953.8,260.8
7470,11634,1175.6812040354516,660.1264991514238,953.8,260.8
7471,11634,1175.6812040354516,660.1264991514238,953.8,260.8
7472,11634,1175.6812040354516,660.1264991514238,953.8,260.8
7473,11634,1175.6812040354516,660.1264991514238,953.8,260.8
7474,11634,1175.6812040354516,660.1264991514238,953.8,260.8
7475,11634,1175.6812040354516,660.1264991514238,953.8,260.8
7476,11634,1175.6812040354516,660.1264991514238,953.8,260.8
7477,11634,1175.6812040354516,660.1264991514238,953.8,260.8
7478,11634,1175.6812040354516,660.1264991514238,953.8,260.8
7479,11634,1175.6812040354516,660.1264991514238,953.8,260.8
7480,11634,1175.6812040354516,660.1264991514238,953.8,260.8
7481,11634,1175.6812040354516,660.1264991514238,953.8,260.8
7482,11634,1175.6812040354516,660.1264991514238,953.8,260.8
7483,11634,1175.6812040354516,660.1264991514238,953.8,260.8
7484,11634,1175.6812040354516,660.1264991514238,953.8,260.8
7485,11634,1175.6812040354516,660.1264991514238,953.8,260.8
7486,11634,1175.6812040354516,660.1264991514238,953.8,260.8
7487,11634,1175.6812040354516,660.1264991514238,953.8,260.8
7488,11634,1175.6812040354516,660.1264991514238,953.8,260.8
7489,11634,1175.6812040354516,660.1264991514238,953.8,260.8
7490,11634,1175.6812040354516,660.1264991514238,953.8,260.8
7491,11634,1175.6812040354516,660.1264991514238,953.8,260.8
7492,11634,1175.6812040354516,660.1264991514238,953.8,260.8
7493,11634,1175.6812040354516,660.1264991514238,953.8,260.8
7494,11635,1175.6812040354516,660.1264991514238,953.8,260.8
7495,11636,1175.6812040354516,660.1264991514238,953.8,260.8
7496,11637,1175.6812040354516,660.1264991514238,953.8,260.8
7497,11638,1175.6812040354516,660.1264991514238,953.8,260.8
7498,11639,1175.6812040354516,660.1264991514238,953.8,260.8
7499,11640,1175.6812040354516,660.1264991514238,953.8,260.8
7500,11641,1175.6812040354516,660.1264991514238,953.8,260.8
7501,11642,1175.6812040354516,660.1264991514238,953.8,260.8
7502,11643,1175.6812040354516,660.1264991514238,953.8,260.8
7503,11644,1175.6812040354516,660.1264991514238,953.8,260.8
7504,11645,1175.6812040354516,660.1264991514238,953.8,260.8
7505,11646,1175.6812040354516,660.1264991514238,953.8,260.8
7506,11647,1175.6812040354516,660.1264991514238,953.8,260.8
7507,11648,1175.6812040354516,660.1264991514238,953.8,260.8
7508,11649,1175.6812040354516,660.1264991514238,953.8,260.8
7509,11650,1175.6812040354516,660.1264991514238,953.8,260.8
7510,11651,1175.6812040354516,660.1264991514238,953.8,260.8
7511,11652,1175.6812040354516,660.1264991514238,953.8,260.8
7512,11653,1175.6812040354516,660.1264991514238,953.8,260.8
7513,11654,1175.6812040354516,660.1264991514238,953.8,260.8
7514,11655,1175.6812040354516,660.1264991514238,953.8,260.8
7515,11656,1175.6812040354516,660.1264991514238,953.8,260.8
7516,11657,1175.6812040354516,660.1264991514238,953.8,260.8
7517,11658,1175.6812040354516,660.1264991514238,953.8,260.8
7518,11659,1175.6812040354516,660.1264991514238,953.8,260.8
7519,11660,1175.6812040354516,660.1264991514238,953.8,260.8
7520,11661,1175.6812040354516,660.1264991514238,953.8,260.8
7521,11662,1175.6812040354516,660.1264991514238,953.8,260.8
7522,11663,1175.6812040354516,660.1264991514238,953.8,260.8
7523,11664,1175.6812040354516,660.1264991514238,953.8,260.8
7524,11665,1175.6812040354516,660.1264991514238,953.8,260.8
7525,11666,1175.6812040354516,660.1264991514238,953.8,260.8
7526,11667,1175.6812040354516,660.1264991514238,953.8,260.8
7527,11668,1175.6812040354516,660.1264991514238,953.8,260.8
7528,11669,1175.6812040354516,660.1264991514238,953.8,260.8
7529,11670,1175.6812040354516,660.1264991514238,953.8,260.8
7530,11671,1175.6812040354516,660.1264991514238,953.8,260.8
7531,11672,1175.6812040354516,660.1264991514238,953.8,260.8
7531,11673,1175.6812040354516,660.1264991514238,953.8,260.8
7531,11674,1175.6812040354516,660.1264991514238,953.8,260.8
7531,11675,1175.6812040354516,660.1264991514238,953.8,260.8
7531,11676,1175.6812040354516,660.1264991514238,953.8,260.8
7531,11677,1175.6812040354516,660.1264991514238,953.8,260.8
7531,11678,1175.6812040354516,660.1264991514238,953.8,260.8
7531,11679,1175.6812040354516,660.1264991514238,953.8,260.8
7531,11680,1175.6812040354516,660.1264991514238,953.8,260.8
7531,11681,1175.6812040354516,660.1264991514238,953.8,260.8
7531,11682,1175.6812040354516,660.1264991514238,953.8,260.8
7531,11683,1175.6812040354516,660.1264991514238,953.8,260.8
7531,11684,1175.6812040354516,660.1264991514238,953.8,260.8
7531,11685,1175.6812040354516,660.1264991514238,953.8,260.8
7531,11686,1175.6812040354516,660.1264991514238,953.8,260.8
7531,11687,1175.6812040354516,660.1264991514238,953.8,260.8
7531,11688,1175.6812040354516,660.1264991514238,953.8,260.8
7531,11689,1175.6812040354516,660.1264991514238,953.8,260.8
7531,11690,1175.6812040354516,660.1264991514238,953.8,260.8
7531,11691,1175.6812040354516,660.1264991514238,953.8,260.8
7531,11692,1175.6812040354516,660.1264991514238,953.8,260.8
7531,11693,1175.6812040354516,660.1264991514238,953.8,260.8
7531,11694,1175.6812040354516,660.1264991514238,953.8,260.8
7531,11695,1175.6812040354516,660.1264991514238,953.8,260.8
7531,11696,1175.6812040354516,660.1264991514238,953.8,260.8
7531,11697,1175.6812040354516,660.1264991514238,953.8,260.8
7531,11698,1175.6812040354516,660.1264991514238,953.8,260.8
7531,11699,1175.6812040354516,660.1264991514238,953.8,260.8
7531,11700,1175.6812040354516,660.1264991514238,953.8,260.8
7531,11701,1175.6812040354516,660.1264991514238,953.8538461538461,269.96153846153845
7531,11702,1175.6812040354516,660.1264991514238,953.9076923076923,279.12307692307695
7531,11703,1175.6812040354516,660.1264991514238,953.9615384615385,288.2846153846154
7532,11704,1175.6812040354516,660.1264991514238,954.0153846153846,297.44615384615383
7533,11705,1175.6812040354516,660.1264991514238,954.0692307692308,306.60769230769233
7534,11706,1175.6812040354516,660.1264991514238,954.123076923077,315.7692307692308
7535,11707,1175.6812040354516,660.1264991514238,954.176923076923,324.9307692307692
7536,11708,1175.6812040354516,660.1264991514238,954.2307692307692,334.0923076923077
7537,11709,1175.6812040354516,660.1264991514238,954.2846153846153,343.25384615384615
7538,11710,1175.6812040354516,660.1264991514238,954.3384615384615,352.4153846153846
7539,11711,1175.6812040354516,660.1264991514238,954.3923076923077,361.5769230769231
7540,11712,1175.6812040354516,660.1264991514238,954.4461538461538,370.73846153846154
7541,11713,1175.6812040354516,660.1264991514238,954.5,379.9
7542,11714,1175.6812040354516,660.1264991514238,954.5538461538462,389.0615384615385
7543,11715,1175.6812040354516,660.1264991514238,954.6076923076923,398.2230769230769
7544,11716,1175.6812040354516,660.1264991514238,954.6615384615385,407.38461538461536
7545,11717,1175.6812040354516,660.1264991514238,954.7153846153847,416.54615384615386
7546,11718,1175.6812040354516,660.1264991514238,954.7692307692308,425.7076923076923
7547,11719,1175.6812040354516,660.1264991514238,954.823076923077,434.86923076923074
7548,11720,1175.6812040354516,660.1264991514238,954.876923076923,444.03076923076924
7549,11721,1175.6812040354516,660.1264991514238,954.9307692307692,453.1923076923077
7550,11722,1175.6812040354516,660.1264991514238,954.9846153846154,462.3538461538461
7551,11723,1175.6812040354516,660.1264991514238,955.0384615384615,471.5153846153846
7552,11724,1175.6812040354516,660.1264991514238,955.0923076923077,480.67692307692306
7553,11725,1175.6812040354516,660.1264991514238,955.1461538461539,489.8384615384615
7554,11726,1175.6812040354516,660.1264991514238,955.2,499.0
7555,11727,1175.6812040354516,660.1264991514238,955.2,499.0
7556,11728,1175.6812040354516,660.1264991514238,955.2,499.0
7557,11729,1175.6812040354516,660.1264991514238,955.2,499.0
7558,11730,1175.6812040354516,660.1264991514238,955.2,499.0
7559,11731,1175.6812040354516,660.1264991514238,955.2,499.0
7560,11732,1175.6812040354516,660.1264991514238,955.2,499.0
7561,11733,1175.6812040354516,660.1264991514238,955.2,499.0
7562,11734,1175.6812040354516,660.1264991514238,955.2,499.0
7563,11735,1175.6812040354516,660.1264991514238,955.2,499.0
7564,11736,1175.6812040354516,660.1264991514238,955.2,499.0
7565,11737,1175.6812040354516,660.1264991514238,955.2,499.0
7566,11738,1175.6812040354516,660.1264991514238,955.2,499.0
7567,11739,1175.6812040354516,660.1264991514238,955.2,499.0
7568,11740,1175.6812040354516,660.1264991514238,955.2,499.0
7569,11741,1175.6812040354516,660.1264991514238,955.2,499.0
7570,11742,1175.6812040354516,660.1264991514238,955.2,499.0
7571,11743,1175.6812040354516,660.1264991514238,955.2,499.0
7572,11744,1175.6812040354516,660.1264991514238,955.2,499.0
7573,11745,1175.6812040354516,660.1264991514238,955.2,499.0
7574,11746,1175.6812040354516,660.1264991514238,955.2,499.0
7575,11747,1175.6812040354516,660.1264991514238,955.2,499.0
7576,11748,1175.6812040354516,660.1264991514238,955.2,499.0
7577,11749,1175.6812040354516,660.1264991514238,955.2,499.0
7578,11750,1175.6812040354516,660.1264991514238,955.2,499.0
7579,11751,1175.6812040354516,660.1264991514238,955.2,499.0
7580,11752,1175.6812040354516,660.1264991514238,955.2,499.0
7581,11753,1175.6812040354516,660.1264991514238,955.2,499.0
7582,11754,1175.6812040354516,660.1264991514238,955.2,499.0
7583,11755,1175.6812040354516,660.1264991514238,955.2,499.0
7584,11756,1175.6812040354516,660.1264991514238,955.2,499.0
7585,11757,1175.6812040354516,660.1264991514238,955.2,499.0
7586,11758,1175.6812040354516,660.1264991514238,955.2,499.0
7587,11759,1175.6812040354516,660.1264991514238,955.2,499.0
7588,11760,1175.6812040354516,660.1264991514238,955.2,499.0
7589,11761,1175.6812040354516,660.1264991514238,955.2,499.0
7590,11762,1175.6812040354516,660.1264991514238,955.2,499.0
7591,11763,1175.6812040354516,660.1264991514238,955.2,499.0
7592,11764,1175.6812040354516,660.1264991514238,955.2,499.0
7593,11765,1175.6812040354516,660.1264991514238,955.2,499.0
7594,11766,1175.6812040354516,660.1264991514238,955.2,499.0
7595,11767,1175.6812040354516,660.1264991514238,955.2,499.0
7596,11768,1175.6812040354516,660.1264991514238,955.2,499.0
7597,11769,1175.6812040354516,660.1264991514238,955.2,499.0
7598,11770,1175.6812040354516,660.1264991514238,955.2,499.0
7599,11771,1175.6812040354516,660.1264991514238,955.2,499.0
7600,11772,1175.6812040354516,660.1264991514238,955.2,499.0
7601,11773,1175.6812040354516,660.1264991514238,955.2,499.0
7602,11774,1175.6812040354516,660.1264991514238,955.2,499.0
7603,11775,1175.6812040354516,660.1264991514238,955.2,499.0
7604,11776,1175.6812040354516,660.1264991514238,955.2,499.0
7605,11777,1175.6812040354516,660.1264991514238,955.2,499.0
7606,11778,1175.6812040354516,660.1264991514238,955.2,499.0
7607,11779,1175.6812040354516,660.1264991514238,955.2,499.0
7608,11780,1175.6812040354516,660.1264991514238,955.2,499.0
7609,11781,1175.6812040354516,660.1264991514238,955.2,499.0
7610,11782,1175.6812040354516,660.1264991514238,955.2,499.0
7611,11783,1175.6812040354516,660.1264991514238,955.2,499.0
7612,11784,1175.6812040354516,660.1264991514238,955.2,499.0
7613,11785,1175.6812040354516,660.1264991514238,955.2,499.0
7614,11786,1175.6812040354516,660.1264991514238,955.2,499.0
7615,11787,1175.6812040354516,660.1264991514238,955.2,499.0
7616,11788,1175.6812040354516,660.1264991514238,955.2,499.0
7617,11789,1175.6812040354516,660.1264991514238,955.2,499.0
7618,11790,1175.6812040354516,660.1264991514238,955.2,499.0
7619,11791,1175.6812040354516,660.1264991514238,955.2,499.0
7620,11792,1175.6812040354516,660.1264991514238,955.2,499.0
7621,11793,1175.6812040354516,660.1264991514238,955.2,499.0
7622,11794,1175.6812040354516,660.1264991514238,955.2,499.0
7623,11795,1175.6812040354516,660.1264991514238,955.2,499.0
7624,11796,1175.6812040354516,660.1264991514238,955.2,499.0
7625,11797,1175.6812040354516,660.1264991514238,955.2,499.0
7626,11798,1175.6812040354516,660.1264991514238,955.2,499.0
7627,11799,1175.6812040354516,660.1264991514238,955.2,499.0
7628,11800,1175.6812040354516,660.1264991514238,955.2,499.0
7629,11801,1175.6812040354516,660.1264991514238,955.2,499.0
7630,11802,1175.6812040354516,660.1264991514238,955.2,499.0
7631,11803,1175.6812040354516,660.1264991514238,955.2,499.0
7632,11804,1175.6812040354516,660.1264991514238,955.2,499.0
7633,11805,1175.6812040354516,660.1264991514238,955.2,499.0
7634,11806,1175.6812040354516,660.1264991514238,955.2,499.0
7635,11807,1175.6812040354516,660.1264991514238,955.2,499.0
7636,11808,1175.6812040354516,660.1264991514238,955.2,499.0
7637,11809,1175.6812040354516,660.1264991514238,955.2,499.0
7638,11810,1175.6812040354516,660.1264991514238,955.2,499.0
7639,11811,1175.6812040354516,660.1264991514238,955.2,499.0
7640,11812,1175.6812040354516,660.1264991514238,955.2,499.0
7641,11813,1175.6812040354516,660.1264991514238,955.2,499.0
7642,11814,1175.6812040354516,660.1264991514238,955.2,499.0
7643,11815,1175.6812040354516,660.1264991514238,955.2,499.0
7644,11816,1175.6812040354516,660.1264991514238,955.2,499.0
7645,11817,1175.6812040354516,660.1264991514238,955.2,499.0
7646,11818,1175.6812040354516,660.1264991514238,955.2,499.0
7647,11819,1175.6812040354516,660.1264991514238,955.2,499.0
7648,11820,1175.6812040354516,660.1264991514238,955.2,499.0
7649,11821,1175.6812040354516,660.1264991514238,955.2,499.0
7650,11822,1025.6812040354516,631.1264991514238,955.2,499.0
7651,11823,1025.6812040354516,631.1264991514238,955.2,499.0
7652,11824,1025.6812040354516,631.1264991514238,955.2,499.0
7653,11825,1025.6812040354516,631.1264991514238,955.2,499.0
7654,11826,1025.6812040354516,631.1264991514238,955.2,499.0
7655,11827,1025.6812040354516,631.1264991514238,955.2,499.0
7656,11828,1025.6812040354516,631.1264991514238,955.2,499.0
7657,11829,1025.6812040354516,631.1264991514238,955.2,499.0
7658,11830,1025.6812040354516,631.1264991514238,955.2,499.0
7659,11831,1025.6812040354516,631.1264991514238,955.2,499.0
7660,11832,1025.6812040354516,631.1264991514238,955.2,499.0
7661,11833,1025.6812040354516,631.1264991514238,955.2,499.0
7662,11834,1025.6812040354516,631.1264991514238,955.2,499.0
7663,11835,1025.6812040354516,631.1264991514238,955.2,499.0
7664,11836,1025.6812040354516,631.1264991514238,955.2,499.0
7665,11837,1025.6812040354516,631.1264991514238,955.2,499.0
7666,11838,1025.6812040354516,631.1264991514238,955.2,499.0
7667,11839,1025.6812040354516,631.1264991514238,955.2,499.0
7668,11840,1025.6812040354516,631.1264991514238,955.2,499.0
7669,11841,1025.6812040354516,631.1264991514238,955.2,499.0
7670,11842,1025.6812040354516,631.1264991514238,955.2,499.0
7671,11843,1025.6812040354516,631.1264991514238,955.2,499.0
7672,11844,1025.6812040354516,631.1264991514238,955.2,499.0
7673,11845,1025.6812040354516,631.1264991514238,955.2,499.0
7674,11846,1025.6812040354516,631.1264991514238,955.2,499.0
7675,11847,1025.6812040354516,631.1264991514238,955.2,499.0
7676,11848,1025.6812040354516,631.1264991514238,955.2,499.0
7677,11849,1025.6812040354516,631.1264991514238,955.2,499.0
7678,11850,1025.6812040354516,631.1264991514238,955.2,499.0
7679,11851,1025.6812040354516,631.1264991514238,955.2,499.0
7680,11852,1025.6812040354516,631.1264991514238,955.2,499.0
7681,11853,1025.6812040354516,631.1264991514238,955.2,499.0
7682,11854,1025.6812040354516,631.1264991514238,955.2,499.0
7683,11855,1025.6812040354516,631.1264991514238,955.2,499.0
7684,11856,875.6812040354517,603.1264991514238,955.2,499.0
7685,11857,875.6812040354517,603.1264991514238,955.2,499.0
7686,11858,875.6812040354517,603.1264991514238,955.2,499.0
7687,11859,875.6812040354517,603.1264991514238,955.2,499.0
7688,11860,875.6812040354517,603.1264991514238,955.2,499.0
7689,11861,875.6812040354517,603.1264991514238,955.2,499.0
7690,11862,875.6812040354517,603.1264991514238,955.2,499.0
7691,11863,875.6812040354517,603.1264991514238,955.2,499.0
7692,11864,875.6812040354517,603.1264991514238,955.2,499.0
7693,11865,875.6812040354517,603.1264991514238,955.2,499.0
7694,11865,875.6812040354517,603.1264991514238,955.2,499.0
7695,11865,875.6812040354517,603.1264991514238,955.2,499.0
7696,11865,875.6812040354517,603.1264991514238,955.2,499.0
7697,11865,875.6812040354517,603.1264991514238,955.2,499.0
7698,11865,875.6812040354517,603.1264991514238,955.2,499.0
7699,11865,875.6812040354517,603.1264991514238,955.2,499.0
7700,11865,875.6812040354517,603.1264991514238,955.2,499.0
7701,11865,875.6812040354517,603.1264991514238,955.2,499.0
7702,11865,875.6812040354517,603.1264991514238,955.2,499.0
7703,11865,875.6812040354517,603.1264991514238,955.2,499.0
7704,11865,875.6812040354517,603.1264991514238,955.2,499.0
7705,11865,875.6812040354517,603.1264991514238,955.2,499.0
7706,11865,875.6812040354517,603.1264991514238,955.2,499.0
7707,11865,875.6812040354517,603.1264991514238,955.2,499.0
7708,11865,875.6812040354517,603.1264991514238,955.2,499.0
7709,11865,875.6812040354517,603.1264991514238,955.2,499.0
7710,11865,875.6812040354517,603.1264991514238,955.2,499.0
7711,11865,875.6812040354517,603.1264991514238,955.2,499.0
7712,11865,875.6812040354517,603.1264991514238,955.2,499.0
7713,11865,875.6812040354517,603.1264991514238,955.2,499.0
7714,11865,875.6812040354517,603.1264991514238,955.2,499.0
7715,11865,875.6812040354517,603.1264991514238,955.2,499.0
7716,11865,875.6812040354517,603.1264991514238,955.2,499.0
7717,11865,875.6812040354517,603.1264991514238,955.2,499.0
7718,11865,875.6812040354517,603.1264991514238,955.2,499.0
7719,11865,875.6812040354517,603.1264991514238,955.2,499.0
7720,11865,875.6812040354517,603.1264991514238,955.2,499.0
7721,11865,875.6812040354517,603.1264991514238,955.2,499.0
7722,11865,875.6812040354517,603.1264991514238,955.2,499.0
7723,11865,875.6812040354517,603.1264991514238,955.2,499.0
7724,11865,875.6812040354517,603.1264991514238,955.2,499.0
7725,11865,875.6812040354517,603.1264991514238,955.2,499.0
7726,11865,875.6812040354517,603.1264991514238,955.2,499.0
7727,11865,875.6812040354517,603.1264991514238,955.2,499.0
7728,11865,875.6812040354517,603.1264991514238,955.2,499.0
7729,11865,875.6812040354517,603.1264991514238,955.2,499.0
7730,11865,875.6812040354517,603.1264991514238,955.2,499.0
7731,11865,875.6812040354517,603.1264991514238,955.2,499.0
7732,11865,875.6812040354517,603.1264991514238,955.2,499.0
7733,11865,875.6812040354517,603.1264991514238,955.2,499.0
7734,11865,875.6812040354517,603.1264991514238,955.2,499.0
7735,11865,875.6812040354517,603.1264991514238,955.2,499.0
7736,11865,875.6812040354517,603.1264991514238,955.2,499.0
7737,11865,875.6812040354517,603.1264991514238,955.2,499.0
7738,11865,875.6812040354517,603.1264991514238,955.2,499.0
7739,11865,875.6812040354517,603.1264991514238,955.2,499.0
7740,11865,875.6812040354517,603.1264991514238,955.2,499.0
7741,11865,875.6812040354517,603.1264991514238,955.2,499.0
7742,11865,875.6812040354517,603.1264991514238,955.2,499.0
7743,11865,875.6812040354517,603.1264991514238,955.2,499.0
7744,11865,875.6812040354517,603.1264991514238,955.2,499.0
7745,11865,875.6812040354517,603.1264991514238,955.2,499.0
7746,11865,875.6812040354517,603.1264991514238,955.2,499.0
7747,11865,875.6812040354517,603.1264991514238,955.2,499.0
7748,11865,875.6812040354517,603.1264991514238,955.2,499.0
7749,11865,875.6812040354517,603.1264991514238,955.2,499.0
7750,11865,875.6812040354517,603.1264991514238,955.2,499.0
7751,11865,875.6812040354517,603.1264991514238,955.2,499.0
7752,11865,875.6812040354517,603.1264991514238,955.2,499.0
7753,11865,875.6812040354517,603.1264991514238,955.2,499.0
7754,11865,875.6812040354517,603.1264991514238,955.2,499.0
7755,11865,875.6812040354517,603.1264991514238,955.2,499.0
7756,11865,875.6812040354517,603.1264991514238,955.2,499.0
7757,11865,875.6812040354517,603.1264991514238,955.2,499.0
7758,11865,875.6812040354517,603.1264991514238,962.9185185185186,503.75925925925924
7759,11865,875.6812040354517,603.1264991514238,970.6370370370371,508.51851851851853
7760,11865,875.6812040354517,603.1264991514238,978.3555555555556,513.2777777777778
7761,11865,875.6812040354517,603.1264991514238,986.0740740740741,518.0370370370371
7762,11865,875.6812040354517,603.1264991514238,993.7925925925927,522.7962962962963
7763,11865,875.6812040354517,603.1264991514238,1001.5111111111112,527.5555555555555
7764,11865,875.6812040354517,603.1264991514238,1009.2296296296297,532.3148148148148
7765,11865,875.6812040354517,603.1264991514238,1016.9481481481481,537.0740740740741
7766,11865,875.6812040354517,603.1264991514238,1024.6666666666667,541.8333333333334
7767,11865,875.6812040354517,603.1264991514238,1032.3851851851853,546.5925925925926
7768,11865,875.6812040354517,603.1264991514238,1040.1037037037038,551.3518518518518
7769,11865,875.6812040354517,603.1264991514238,1047.8222222222223,556.1111111111111
7770,11865,875.6812040354517,603.1264991514238,1055.5407407407408,560.8703703703703
7771,11865,875.6812040354517,603.1264991514238,1063.2592592592591,565.6296296296297
7772,11865,875.6812040354517,603.1264991514238,1070.9777777777776,570.3888888888889
7773,11865,875.6812040354517,603.1264991514238,1078.6962962962962,575.1481481481482
7774,11865,875.6812040354517,603.1264991514238,1086.4148148148147,579.9074074074074
7775,11865,875.6812040354517,603.1264991514238,1094.1333333333332,584.6666666666666
7776,11865,875.6812040354517,603.1264991514238,1101.8518518518517,589.4259259259259
7777,11865,875.6812040354517,603.1264991514238,1109.5703703703703,594.1851851851852
7778,11865,875.6812040354517,603.1264991514238,1117.2888888888888,598.9444444444445
7779,11865,875.6812040354517,603.1264991514238,1125.0074074074073,603.7037037037037
7780,11865,875.6812040354517,603.1264991514238,1132.7259259259258,608.4629629629629
7781,11865,875.6812040354517,603.1264991514238,1140.4444444444443,613.2222222222222
7782,11865,875.6812040354517,603.1264991514238,1148.1629629629629,617.9814814814815
7783,11865,875.6812040354517,603.1264991514238,1155.8814814814814,622.7407407407408
7784,11865,875.6812040354517,603.1264991514238,1163.6,627.5
7785,11865,875.6812040354517,603.1264991514238,1163.6,627.5
7786,11865,875.6812040354517,603.1264991514238,1163.6,627.5
7787,11865,875.6812040354517,603.1264991514238,1163.6,627.5
7788,11865,875.6812040354517,603.1264991514238,1163.6,627.5
7789,11865,875.6812040354517,603.1264991514238,1163.6,627.5
7790,11865,875.6812040354517,603.1264991514238,1163.6,627.5
7791,11865,875.6812040354517,603.1264991514238,1163.6,627.5
7792,11865,875.6812040354517,603.1264991514238,1163.6,627.5
7793,11865,875.6812040354517,603.1264991514238,1163.6,627.5
7794,11865,875.6812040354517,603.1264991514238,1163.6,627.5
7795,11865,875.6812040354517,603.1264991514238,1163.6,627.5
7796,11865,875.6812040354517,603.1264991514238,1163.6,627.5
7797,11865,875.6812040354517,603.1264991514238,1163.6,627.5
7798,11865,875.6812040354517,603.1264991514238,1163.6,627.5
7799,11865,875.6812040354517,603.1264991514238,1163.6,627.5
7800,11865,875.6812040354517,603.1264991514238,1163.6,627.5
7801,11865,875.6812040354517,603.1264991514238,1163.6,627.5
7802,11865,875.6812040354517,603.1264991514238,1163.6,627.5
7803,11865,875.6812040354517,603.1264991514238,1163.6,627.5
7804,11865,875.6812040354517,603.1264991514238,1163.6,627.5
7805,11865,875.6812040354517,603.1264991514238,1163.6,627.5
7806,11865,875.6812040354517,603.1264991514238,1163.6,627.5
7807,11865,875.6812040354517,603.1264991514238,1163.6,627.5
7808,11865,875.6812040354517,603.1264991514238,1163.6,627.5
7809,11865,875.6812040354517,603.1264991514238,1163.6,627.5
7810,11865,875.6812040354517,603.1264991514238,1163.6,627.5
7811,11865,875.6812040354517,603.1264991514238,1163.6,627.5
7812,11865,875.6812040354517,603.1264991514238,1163.6,627.5
7813,11865,875.6812040354517,603.1264991514238,1163.6,627.5
7814,11865,875.6812040354517,603.1264991514238,1163.6,627.5
7815,11865,875.6812040354517,603.1264991514238,1163.6,627.5
7816,11865,875.6812040354517,603.1264991514238,1163.6,627.5
7817,11865,613.6812040354517,622.1264991514238,1163.6,627.5
7818,11865,613.6812040354517,622.1264991514238,1163.6,627.5
7819,11865,613.6812040354517,622.1264991514238,1163.6,627.5
7820,11865,613.6812040354517,622.1264991514238,1163.6,627.5
7821,11865,613.6812040354517,622.1264991514238,1163.6,627.5
7822,11865,613.6812040354517,622.1264991514238,1163.6,627.5
7823,11865,613.6812040354517,622.1264991514238,1163.6,627.5
7824,11865,613.6812040354517,622.1264991514238,1163.6,627.5
7825,11865,613.6812040354517,622.1264991514238,1163.6,627.5
7826,11865,613.6812040354517,622.1264991514238,1163.6,627.5
7827,11865,613.6812040354517,622.1264991514238,1163.6,627.5
7828,11865,613.6812040354517,622.1264991514238,1163.6,627.5
7829,11865,613.6812040354517,622.1264991514238,1163.6,627.5
7830,11865,613.6812040354517,622.1264991514238,1163.6,627.5
7831,11865,613.6812040354517,622.1264991514238,1163.6,627.5
7832,11865,613.6812040354517,622.1264991514238,1163.6,627.5
7833,11865,613.6812040354517,622.1264991514238,1163.6,627.5
7834,11865,613.6812040354517,622.1264991514238,1163.6,627.5
7835,11865,613.6812040354517,622.1264991514238,1163.6,627.5
7836,11865,613.6812040354517,622.1264991514238,1163.6,627.5
7837,11865,613.6812040354517,622.1264991514238,1163.6,627.5
7838,11865,613.6812040354517,622.1264991514238,1163.6,627.5
7839,11865,613.6812040354517,622.1264991514238,1163.6,627.5
7840,11865,613.6812040354517,622.1264991514238,1163.6,627.5
7841,11865,613.6812040354517,622.1264991514238,1163.6,627.5
7842,11865,613.6812040354517,622.1264991514238,1163.6,627.5
7843,11865,613.6812040354517,622.1264991514238,1163.6,627.5
7844,11865,613.6812040354517,622.1264991514238,1163.6,627.5
7845,11865,613.6812040354517,622.1264991514238,1163.6,627.5
7846,11865,613.6812040354517,622.1264991514238,1163.6,627.5
7847,11865,613.6812040354517,622.1264991514238,1163.6,627.5
7848,11865,613.6812040354517,622.1264991514238,1163.6,627.5
7849,11865,613.6812040354517,622.1264991514238,1163.6,627.5
7850,11865,613.6812040354517,622.1264991514238,1163.6,627.5
7851,11865,613.6812040354517,622.1264991514238,1163.6,627.5
7852,11865,613.6812040354517,622.1264991514238,1163.6,627.5
7853,11865,613.6812040354517,622.1264991514238,1163.6,627.5
7854,11865,613.6812040354517,622.1264991514238,1163.6,627.5
7855,11865,613.6812040354517,622.1264991514238,1163.6,627.5
7856,11865,613.6812040354517,622.1264991514238,1163.6,627.5
7857,11865,613.6812040354517,622.1264991514238,1163.6,627.5
7858,11865,613.6812040354517,622.1264991514238,1163.6,627.5
7859,11865,613.6812040354517,622.1264991514238,1163.6,627.5
7860,11865,613.6812040354517,622.1264991514238,1163.6,627.5
7861,11865,613.6812040354517,622.1264991514238,1163.6,627.5
7862,11865,613.6812040354517,622.1264991514238,1163.6,627.5
7863,11865,613.6812040354517,622.1264991514238,1163.6,627.5
7864,11865,613.6812040354517,622.1264991514238,1163.6,627.5
7865,11865,613.6812040354517,622.1264991514238,1163.6,627.5
7866,11865,613.6812040354517,622.1264991514238,1163.6,627.5
7867,11865,613.6812040354517,622.1264991514238,1163.6,627.5
7868,11865,613.6812040354517,622.1264991514238,1163.6,627.5
7869,11865,613.6812040354517,622.1264991514238,1163.6,627.5
7870,11865,613.6812040354517,622.1264991514238,1163.6,627.5
7871,11865,613.6812040354517,622.1264991514238,1163.6,627.5
7872,11865,613.6812040354517,622.1264991514238,1163.6,627.5
7873,11865,613.6812040354517,622.1264991514238,1163.6,627.5
7874,11865,613.6812040354517,622.1264991514238,1163.6,627.5
7875,11865,613.6812040354517,622.1264991514238,1163.6,627.5
7876,11865,613.6812040354517,622.1264991514238,1163.6,627.5
7877,11865,613.6812040354517,622.1264991514238,1163.6,627.5
7878,11865,613.6812040354517,622.1264991514238,1163.6,627.5
7879,11865,613.6812040354517,622.1264991514238,1163.6,627.5
7880,11865,613.6812040354517,622.1264991514238,1163.6,627.5
7881,11865,613.6812040354517,622.1264991514238,1163.6,627.5
7882,11865,613.6812040354517,622.1264991514238,1163.6,627.5
7883,11865,613.6812040354517,622.1264991514238,1163.6,627.5
7884,11865,613.6812040354517,622.1264991514238,1163.6,627.5
7885,11865,613.6812040354517,622.1264991514238,1163.6,627.5
7886,11865,613.6812040354517,622.1264991514238,1163.6,627.5
7887,11865,613.6812040354517,622.1264991514238,1163.6,627.5
7888,11865,613.6812040354517,622.1264991514238,1163.6,627.5
7889,11865,613.6812040354517,622.1264991514238,1163.6,627.5
7890,11865,613.6812040354517,622.1264991514238,1163.6,627.5
7891,11865,613.6812040354517,622.1264991514238,1163.6,627.5
7892,11865,613.6812040354517,622.1264991514238,1163.6,627.5
7893,11865,613.6812040354517,622.1264991514238,1163.6,627.5
7894,11865,613.6812040354517,622.1264991514238,1163.6,627.5
7895,11865,613.6812040354517,622.1264991514238,1163.6,627.5
7896,11865,613.6812040354517,622.1264991514238,1163.6,627.5
7897,11865,613.6812040354517,622.1264991514238,1163.6,627.5
7898,11865,613.6812040354517,622.1264991514238,1163.6,627.5
7899,11865,613.6812040354517,622.1264991514238,1163.6,627.5
7900,11865,613.6812040354517,622.1264991514238,1163.6,627.5
7901,11865,613.6812040354517,622.1264991514238,1163.6,627.5
7902,11865,613.6812040354517,622.1264991514238,1163.6,627.5
7903,11865,613.6812040354517,622.1264991514238,1163.6,627.5
7904,11865,613.6812040354517,622.1264991514238,1163.6,627.5
7905,11865,613.6812040354517,622.1264991514238,1163.6,627.5
7906,11865,613.6812040354517,622.1264991514238,1163.6,627.5
7907,11865,613.6812040354517,622.1264991514238,1163.6,627.5
7908,11865,613.6812040354517,622.1264991514238,1163.6,627.5
7909,11865,613.6812040354517,622.1264991514238,1163.6,627.5
7910,11865,613.6812040354517,622.1264991514238,1163.6,627.5
7911,11865,613.6812040354517,622.1264991514238,1163.6,627.5
7912,11865,613.6812040354517,622.1264991514238,1163.6,627.5
7913,11865,613.6812040354517,622.1264991514238,1163.6,627.5
7914,11865,613.6812040354517,622.1264991514238,1163.6,627.5
7915,11865,613.6812040354517,622.1264991514238,1163.6,627.5
7916,11865,613.6812040354517,622.1264991514238,1163.6,627.5
7917,11865,613.6812040354517,622.1264991514238,1163.6,627.5
7918,11865,613.6812040354517,622.1264991514238,1163.6,627.5
7919,11865,613.6812040354517,622.1264991514238,1163.6,627.5
7920,11865,613.6812040354517,622.1264991514238,1163.6,627.5
7921,11865,613.6812040354517,622.1264991514238,1163.6,627.5
7922,11865,613.6812040354517,622.1264991514238,1163.6,627.5
7923,11865,613.6812040354517,622.1264991514238,1163.6,627.5
7924,11865,613.6812040354517,622.1264991514238,1163.6,627.5
7925,11865,613.6812040354517,622.1264991514238,1163.6,627.5
7926,11865,613.6812040354517,622.1264991514238,1163.6,627.5
7927,11865,613.6812040354517,622.1264991514238,1163.6,627.5
7928,11865,613.6812040354517,622.1264991514238,1163.6,627.5
7929,11865,613.6812040354517,622.1264991514238,1163.6,627.5
7930,11865,613.6812040354517,622.1264991514238,1163.6,627.5
7931,11865,613.6812040354517,622.1264991514238,1163.6,627.5
7932,11865,613.6812040354517,622.1264991514238,1163.6,627.5
7933,11865,613.6812040354517,622.1264991514238,1163.6,627.5
7934,11865,613.6812040354517,622.1264991514238,1163.6,627.5
7935,11865,613.6812040354517,622.1264991514238,1163.6,627.5
7936,11865,613.6812040354517,622.1264991514238,1163.6,627.5
7937,11865,613.6812040354517,622.1264991514238,1163.6,627.5
7938,11865,613.6812040354517,622.1264991514238,1163.6,627.5
7939,11865,613.6812040354517,622.1264991514238,1163.6,627.5
7940,11865,613.6812040354517,622.1264991514238,1163.6,627.5
7941,11865,613.6812040354517,622.1264991514238,1163.6,627.5
7942,11865,613.6812040354517,622.1264991514238,1163.6,627.5
7943,11865,613.6812040354517,622.1264991514238,1163.6,627.5
7944,11865,613.6812040354517,622.1264991514238,1163.6,627.5
7945,11865,613.6812040354517,622.1264991514238,1163.6,627.5
7946,11865,613.6812040354517,622.1264991514238,1163.6,627.5
7947,11865,613.6812040354517,622.1264991514238,1163.6,627.5
7948,11865,613.6812040354517,622.1264991514238,1163.6,627.5
7949,11865,613.6812040354517,622.1264991514238,1163.6,627.5
7950,11865,613.6812040354517,622.1264991514238,1163.6,627.5
7951,11865,613.6812040354517,622.1264991514238,1163.6,627.5
7952,11865,613.6812040354517,622.1264991514238,1163.6,627.5
7953,11865,613.6812040354517,622.1264991514238,1163.6,627.5
7954,11865,613.6812040354517,622.1264991514238,1163.6,627.5
7955,11865,613.6812040354517,622.1264991514238,1163.6,627.5
7956,11865,613.6812040354517,622.1264991514238,1163.6,627.5
7957,11865,613.6812040354517,622.1264991514238,1163.6,627.5
7958,11865,613.6812040354517,622.1264991514238,1163.6,627.5
7959,11865,613.6812040354517,622.1264991514238,1163.6,627.5
7960,11865,613.6812040354517,622.1264991514238,1163.6,627.5
7961,11865,613.6812040354517,622.1264991514238,1163.6,627.5
7962,11865,613.6812040354517,622.1264991514238,1163.6,627.5
7963,11865,613.6812040354517,622.1264991514238,1163.6,627.5
7964,11865,613.6812040354517,622.1264991514238,1163.6,627.5
7965,11865,613.6812040354517,622.1264991514238,1163.6,627.5
7966,11865,613.6812040354517,622.1264991514238,1163.6,627.5
7967,11865,613.6812040354517,622.1264991514238,1163.6,627.5
7968,11865,613.6812040354517,622.1264991514238,1163.6,627.5
7969,11865,613.6812040354517,622.1264991514238,1163.6,627.5
7970,11865,613.6812040354517,622.1264991514238,1163.6,627.5
7971,11865,613.6812040354517,622.1264991514238,1163.6,627.5
7972,11865,613.6812040354517,622.1264991514238,1163.6,627.5
7973,11865,613.6812040354517,622.1264991514238,1163.6,627.5
7974,11865,613.6812040354517,622.1264991514238,1163.6,627.5
7975,11865,613.6812040354517,622.1264991514238,1163.6,627.5
7976,11865,613.6812040354517,622.1264991514238,1163.6,627.5
7977,11865,613.6812040354517,622.1264991514238,1163.6,627.5
7978,11865,613.6812040354517,622.1264991514238,1163.6,627.5
7979,11865,613.6812040354517,622.1264991514238,1163.6,627.5
7980,11865,613.6812040354517,622.1264991514238,1163.6,627.5
7981,11865,613.6812040354517,622.1264991514238,1152.1,626.8451612903226
7982,11865,613.6812040354517,622.1264991514238,1140.6,626.1903225806452
7983,11865,613.6812040354517,622.1264991514238,1129.1,625.5354838709677
7984,11865,613.6812040354517,622.1264991514238,1117.6,624.8806451612903
7985,11865,613.6812040354517,622.1264991514238,1106.1,624.2258064516129
7986,11865,613.6812040354517,622.1264991514238,1094.6,623.5709677419355
7987,11865,613.6812040354517,622.1264991514238,1083.1,622.916129032258
7988,11865,613.6812040354517,622.1264991514238,1071.6,622.2612903225806
7989,11865,613.6812040354517,622.1264991514238,1060.1,621.6064516129032
7990,11865,613.6812040354517,622.1264991514238,1048.6,620.9516129032259
7991,11865,613.6812040354517,622.1264991514238,1037.1,620.2967741935485
7992,11865,613.6812040354517,622.1264991514238,1025.6,619.641935483871
7993,11865,613.6812040354517,622.1264991514238,1014.0999999999999,618.9870967741936
7994,11865,613.6812040354517,622.1264991514238,1002.5999999999999,618.3322580645162
7995,11865,613.6812040354517,622.1264991514238,991.0999999999999,617.6774193548388
7996,11865,613.6812040354517,622.1264991514238,979.5999999999999,617.0225806451613
7997,11865,613.6812040354517,622.1264991514238,968.0999999999999,616.3677419354839
7998,11865,613.6812040354517,622.1264991514238,956.5999999999999,615.7129032258065
7999,11865,613.6812040354517,622.1264991514238,945.0999999999999,615.0580645161291
8000,11865,613.6812040354517,622.1264991514238,933.5999999999999,614.4032258064516
8001,11865,613.6812040354517,622.1264991514238,922.1,613.7483870967742
8002,11865,613.6812040354517,622.1264991514238,910.6,613.0935483870968
8003,11865,613.6812040354517,622.1264991514238,899.0999999999999,612.4387096774194
8004,11865,613.6812040354517,622.1264991514238,887.6,611.783870967742
8005,11865,613.6812040354517,622.1264991514238,876.1,611.1290322580645
8006,11865,613.6812040354517,622.1264991514238,864.6,610.4741935483871
8007,11865,613.6812040354517,622.1264991514238,853.1,609.8193548387097
8008,11865,613.6812040354517,622.1264991514238,841.6,609.1645161290323
8009,11865,613.6812040354517,622.1264991514238,830.1,608.5096774193548
8010,11865,613.6812040354517,622.1264991514238,818.6,607.8548387096774
8011,11865,613.6812040354517,622.1264991514238,807.1,607.2
8012,11865,613.6812040354517,622.1264991514238,807.1,607.2
8013,11865,613.6812040354517,622.1264991514238,807.1,607.2
8014,11865,613.6812040354517,622.1264991514238,807.1,607.2
8015,11865,613.6812040354517,622.1264991514238,807.1,607.2
8016,11865,613.6812040354517,622.1264991514238,807.1,607.2
8017,11865,613.6812040354517,622.1264991514238,807.1,607.2
8018,11865,613.6812040354517,622.1264991514238,807.1,607.2
8019,11865,613.6812040354517,622.1264991514238,807.1,607.2
8020,11865,613.6812040354517,622.1264991514238,807.1,607.2
8021,11865,613.6812040354517,622.1264991514238,807.1,607.2
8022,11865,613.6812040354517,622.1264991514238,807.1,607.2
8023,11865,613.6812040354517,622.1264991514238,807.1,607.2
8024,11865,613.6812040354517,622.1264991514238,807.1,607.2
8025,11865,613.6812040354517,622.1264991514238,807.1,607.2
8026,11865,613.6812040354517,622.1264991514238,807.1,607.2
8027,11865,613.6812040354517,622.1264991514238,807.1,607.2
8028,11865,613.6812040354517,622.1264991514238,807.1,607.2
8029,11865,613.6812040354517,622.1264991514238,807.1,607.2
8030,11865,613.6812040354517,622.1264991514238,807.1,607.2
8031,11865,613.6812040354517,622.1264991514238,807.1,607.2
8032,11865,613.6812040354517,622.1264991514238,807.1,607.2
8033,11865,613.6812040354517,622.1264991514238,807.1,607.2
8034,11865,613.6812040354517,622.1264991514238,807.1,607.2
8035,11865,613.6812040354517,622.1264991514238,807.1,607.2
8036,11865,613.6812040354517,622.1264991514238,807.1,607.2
8037,11865,613.6812040354517,622.1264991514238,807.1,607.2
8038,11865,613.6812040354517,622.1264991514238,807.1,607.2
8039,11865,613.6812040354517,622.1264991514238,807.1,607.2
8040,11865,613.6812040354517,622.1264991514238,807.1,607.2
8041,11865,613.6812040354517,622.1264991514238,807.1,607.2
8042,11865,613.6812040354517,622.1264991514238,807.1,607.2
8043,11865,613.6812040354517,622.1264991514238,807.1,607.2
8044,11865,613.6812040354517,622.1264991514238,807.1,607.2
8045,11865,613.6812040354517,622.1264991514238,807.1,607.2
8046,11865,613.6812040354517,622.1264991514238,807.1,607.2
8047,11865,613.6812040354517,622.1264991514238,807.1,607.2
8048,11865,613.6812040354517,622.1264991514238,807.1,607.2
8049,11865,613.6812040354517,622.1264991514238,807.1,607.2
8050,11865,613.6812040354517,622.1264991514238,807.1,607.2
8051,11865,613.6812040354517,622.1264991514238,807.1,607.2
8052,11865,613.6812040354517,622.1264991514238,807.1,607.2
8053,11865,613.6812040354517,622.1264991514238,807.1,607.2
8054,11865,613.6812040354517,622.1264991514238,807.1,607.2
8055,11865,613.6812040354517,622.1264991514238,807.1,607.2
8056,11865,613.6812040354517,622.1264991514238,807.1,607.2
8057,11865,613.6812040354517,622.1264991514238,807.1,607.2
8058,11865,613.6812040354517,622.1264991514238,807.1,607.2
8059,11865,613.6812040354517,622.1264991514238,807.1,607.2
8060,11865,613.6812040354517,622.1264991514238,807.1,607.2
8061,11865,613.6812040354517,622.1264991514238,807.1,607.2
8062,11865,613.6812040354517,622.1264991514238,807.1,607.2
8063,11865,613.6812040354517,622.1264991514238,807.1,607.2
8064,11866,613.6812040354517,622.1264991514238,807.1,607.2
8065,11867,613.6812040354517,622.1264991514238,807.1,607.2
8066,11868,613.6812040354517,622.1264991514238,807.1,607.2
8067,11869,613.6812040354517,622.1264991514238,807.1,607.2
8068,11870,613.6812040354517,622.1264991514238,807.1,607.2
8069,11871,613.6812040354517,622.1264991514238,807.1,607.2
8070,11872,613.6812040354517,622.1264991514238,807.1,607.2
8071,11872,613.6812040354517,622.1264991514238,807.1,607.2
8072,11872,613.6812040354517,622.1264991514238,807.1,607.2
8073,11872,613.6812040354517,622.1264991514238,807.1,607.2
8074,11872,613.6812040354517,622.1264991514238,807.1,607.2
8075,11872,613.6812040354517,622.1264991514238,807.1,607.2
8076,11872,613.6812040354517,622.1264991514238,807.1,607.2
8077,11872,613.6812040354517,622.1264991514238,807.1,607.2
8078,11872,613.6812040354517,622.1264991514238,807.1,607.2
8079,11872,613.6812040354517,622.1264991514238,807.1,607.2
8080,11872,613.6812040354517,622.1264991514238,807.1,607.2
8081,11872,613.6812040354517,622.1264991514238,807.1,607.2
8082,11872,613.6812040354517,622.1264991514238,807.1,607.2
8083,11872,613.6812040354517,622.1264991514238,807.1,607.2
8084,11872,710.6812040354517,644.1264991514238,807.1,607.2
8085,11872,710.6812040354517,644.1264991514238,807.1,607.2
8086,11872,710.6812040354517,644.1264991514238,807.1,607.2
8087,11872,710.6812040354517,644.1264991514238,807.1,607.2
8088,11872,710.6812040354517,644.1264991514238,807.1,607.2
8089,11872,710.6812040354517,644.1264991514238,807.1,607.2
8090,11872,710.6812040354517,644.1264991514238,807.1,607.2
8091,11872,710.6812040354517,644.1264991514238,807.1,607.2
8092,11872,710.6812040354517,644.1264991514238,807.1,607.2
8093,11872,710.6812040354517,644.1264991514238,807.1,607.2
8094,11872,710.6812040354517,644.1264991514238,807.1,607.2
8095,11872,710.6812040354517,644.1264991514238,807.1,607.2
8096,11872,710.6812040354517,644.1264991514238,807.1,607.2
8097,11873,710.6812040354517,644.1264991514238,807.1,607.2
8098,11874,710.6812040354517,644.1264991514238,807.1,607.2
8099,11875,710.6812040354517,644.1264991514238,807.1,607.2
8100,11876,710.6812040354517,644.1264991514238,807.1,607.2
8101,11877,710.6812040354517,644.1264991514238,807.1,607.2
8102,11877,710.6812040354517,644.1264991514238,807.1,607.2
8103,11877,710.6812040354517,644.1264991514238,807.1,607.2
8104,11877,710.6812040354517,644.1264991514238,807.1,607.2
8105,11877,710.6812040354517,644.1264991514238,807.1,607.2
8106,11877,710.6812040354517,644.1264991514238,807.1,607.2
8107,11877,710.6812040354517,644.1264991514238,807.1,607.2
8108,11877,710.6812040354517,644.1264991514238,807.1,607.2
8109,11877,710.6812040354517,644.1264991514238,807.1,607.2
8110,11877,710.6812040354517,644.1264991514238,807.1,607.2
8111,11877,710.6812040354517,644.1264991514238,807.1,607.2
8112,11877,710.6812040354517,644.1264991514238,807.1,607.2
8113,11877,710.6812040354517,644.1264991514238,807.1,607.2
8114,11877,710.6812040354517,644.1264991514238,807.1,607.2
8115,11877,710.6812040354517,644.1264991514238,807.1,607.2
8116,11877,710.6812040354517,644.1264991514238,807.1,607.2
8117,11877,807.6812040354517,666.1264991514238,807.1,607.2
8118,11877,807.6812040354517,666.1264991514238,807.1,607.2
8119,11877,807.6812040354517,666.1264991514238,807.1,607.2
8120,11877,807.6812040354517,666.1264991514238,807.1,607.2
8121,11877,807.6812040354517,666.1264991514238,807.1,607.2
8122,11877,807.6812040354517,666.1264991514238,807.1,607.2
8123,11877,807.6812040354517,666.1264991514238,807.1,607.2
8124,11877,807.6812040354517,666.1264991514238,807.1,607.2
8125,11877,807.6812040354517,666.1264991514238,807.1,607.2
8126,11877,807.6812040354517,666.1264991514238,807.1,607.2
8127,11877,807.6812040354517,666.1264991514238,807.1,607.2
8128,11877,807.6812040354517,666.1264991514238,807.1,607.2
8129,11877,807.6812040354517,666.1264991514238,807.1,607.2
8130,11877,807.6812040354517,666.1264991514238,807.1,607.2
8131,11877,807.6812040354517,666.1264991514238,807.1,607.2
8132,11877,807.6812040354517,666.1264991514238,807.1,607.2
8133,11877,807.6812040354517,666.1264991514238,807.1,607.2
8134,11877,807.6812040354517,666.1264991514238,807.1,607.2
8135,11877,807.6812040354517,666.1264991514238,807.1,607.2
8136,11877,807.6812040354517,666.1264991514238,807.1,607.2
8137,11877,807.6812040354517,666.1264991514238,807.1,607.2
8138,11877,807.6812040354517,666.1264991514238,807.1,607.2
8139,11877,807.6812040354517,666.1264991514238,807.1,607.2
8140,11877,807.6812040354517,666.1264991514238,807.1,607.2
8141,11877,807.6812040354517,666.1264991514238,807.1,607.2
8142,11877,807.6812040354517,666.1264991514238,807.1,607.2
8143,11877,807.6812040354517,666.1264991514238,807.1,607.2
8144,11877,807.6812040354517,666.1264991514238,807.1,607.2
8145,11877,807.6812040354517,666.1264991514238,807.1,607.2
8146,11877,807.6812040354517,666.1264991514238,807.1,607.2
8147,11877,807.6812040354517,666.1264991514238,807.1,607.2
8148,11877,807.6812040354517,666.1264991514238,807.1,607.2
8149,11877,807.6812040354517,666.1264991514238,807.1,607.2
8150,11877,807.6812040354517,666.1264991514238,807.1,607.2
8151,11877,807.6812040354517,666.1264991514238,807.1,607.2
8152,11877,807.6812040354517,666.1264991514238,807.1,607.2
8153,11877,807.6812040354517,666.1264991514238,807.1,607.2
8154,11877,807.6812040354517,666.1264991514238,807.1,607.2
8155,11877,807.6812040354517,666.1264991514238,807.1,607.2
8156,11877,807.6812040354517,666.1264991514238,807.1,607.2
8157,11877,807.6812040354517,666.1264991514238,807.1,607.2
8158,11877,807.6812040354517,666.1264991514238,807.1,607.2
8159,11877,807.6812040354517,666.1264991514238,807.1,607.2
8160,11877,807.6812040354517,666.1264991514238,807.1,607.2
8161,11877,807.6812040354517,666.1264991514238,807.1,607.2
8162,11877,807.6812040354517,666.1264991514238,807.1,607.2
8163,11877,807.6812040354517,666.1264991514238,807.1,607.2
8164,11877,807.6812040354517,666.1264991514238,807.1,607.2
8165,11878,807.6812040354517,666.1264991514238,807.1,607.2
8166,11879,807.6812040354517,666.1264991514238,807.1,607.2
8167,11880,807.6812040354517,666.1264991514238,807.1,607.2
8168,11881,807.6812040354517,666.1264991514238,807.1,607.2
8169,11882,807.6812040354517,666.1264991514238,807.1,607.2
8170,11883,807.6812040354517,666.1264991514238,807.1,607.2
8171,11884,807.6812040354517,666.1264991514238,807.1,607.2
8172,11885,807.6812040354517,666.1264991514238,807.1,607.2
8173,11886,807.6812040354517,666.1264991514238,807.1,607.2
8174,11887,807.6812040354517,666.1264991514238,807.1,607.2
8175,11888,807.6812040354517,666.1264991514238,807.1,607.2
8176,11889,807.6812040354517,666.1264991514238,807.1,607.2
8177,11890,807.6812040354517,666.1264991514238,807.1,607.2
8178,11891,807.6812040354517,666.1264991514238,807.1,607.2
8179,11892,807.6812040354517,666.1264991514238,807.1,607.2
8180,11893,807.6812040354517,666.1264991514238,807.1,607.2
8181,11894,807.6812040354517,666.1264991514238,807.1,607.2
8182,11895,807.6812040354517,666.1264991514238,807.1,607.2
8183,11896,807.6812040354517,666.1264991514238,807.1,607.2
8184,11897,807.6812040354517,666.1264991514238,807.1,607.2
8185,11898,807.6812040354517,666.1264991514238,807.1,607.2
8186,11899,807.6812040354517,666.1264991514238,807.1,607.2
8187,11900,807.6812040354517,666.1264991514238,807.1,607.2
8188,11901,807.6812040354517,666.1264991514238,807.1,607.2
8189,11902,807.6812040354517,666.1264991514238,807.1,607.2
8190,11903,807.6812040354517,666.1264991514238,807.1,607.2
8191,11904,807.6812040354517,666.1264991514238,807.1,607.2
8192,11905,807.6812040354517,666.1264991514238,807.1,607.2
8193,11906,807.6812040354517,666.1264991514238,807.1,607.2
8194,11907,807.6812040354517,666.1264991514238,807.1,607.2
8195,11908,807.6812040354517,666.1264991514238,807.1,607.2
8196,11909,807.6812040354517,666.1264991514238,807.1,607.2
8197,11910,807.6812040354517,666.1264991514238,807.1,607.2
8198,11911,807.6812040354517,666.1264991514238,807.1,607.2
8199,11912,807.6812040354517,666.1264991514238,807.1,607.2
8200,11913,807.6812040354517,666.1264991514238,807.1,607.2
8201,11914,807.6812040354517,666.1264991514238,807.1,607.2
8202,11915,807.6812040354517,666.1264991514238,807.1,607.2
8203,11916,807.6812040354517,666.1264991514238,807.1,607.2
8204,11917,807.6812040354517,666.1264991514238,807.1,607.2
8205,11918,807.6812040354517,666.1264991514238,807.1,607.2
8206,11919,807.6812040354517,666.1264991514238,807.1,607.2
8207,11920,807.6812040354517,666.1264991514238,807.1,607.2
8208,11921,807.6812040354517,666.1264991514238,807.1,607.2
8209,11922,807.6812040354517,666.1264991514238,807.1,607.2
8210,11923,807.6812040354517,666.1264991514238,807.1,607.2
8211,11924,807.6812040354517,666.1264991514238,807.1,607.2
8212,11925,807.6812040354517,666.1264991514238,807.1,607.2
8213,11926,807.6812040354517,666.1264991514238,807.1,607.2
8214,11927,807.6812040354517,666.1264991514238,807.1,607.2
8215,11928,807.6812040354517,666.1264991514238,807.1,607.2
8216,11929,807.6812040354517,666.1264991514238,807.1,607.2
8217,11930,747.6812040354517,642.1264991514238,807.1,607.2
8218,11931,747.6812040354517,642.1264991514238,807.1,607.2
8219,11932,747.6812040354517,642.1264991514238,807.1,607.2
8220,11933,747.6812040354517,642.1264991514238,807.1,607.2
8221,11934,747.6812040354517,642.1264991514238,807.1,607.2
8222,11935,747.6812040354517,642.1264991514238,807.1,607.2
8223,11936,747.6812040354517,642.1264991514238,807.1,607.2
8224,11937,747.6812040354517,642.1264991514238,807.1,607.2
8225,11938,747.6812040354517,642.1264991514238,807.1,607.2
8226,11939,747.6812040354517,642.1264991514238,807.1,607.2
8227,11940,747.6812040354517,642.1264991514238,807.1,607.2
8228,11941,747.6812040354517,642.1264991514238,807.1,607.2
8229,11942,747.6812040354517,642.1264991514238,813.88125,606.5500000000001
8230,11943,747.6812040354517,642.1264991514238,820.6625,605.9000000000001
8231,11944,747.6812040354517,642.1264991514238,827.44375,605.25
8232,11945,747.6812040354517,642.1264991514238,834.225,604.6
8233,11946,747.6812040354517,642.1264991514238,841.00625,603.95
8234,11947,747.6812040354517,642.1264991514238,847.7875,603.3
8235,11948,747.6812040354517,642.1264991514238,854.56875,602.65
8236,11949,747.6812040354517,642.1264991514238,861.35,602.0
8237,11950,747.6812040354517,642.1264991514238,868.13125,601.35
8238,11951,747.6812040354517,642.1264991514238,874.9125,600.7
8239,11952,747.6812040354517,642.1264991514238,881.69375,600.05
8240,11953,747.6812040354517,642.1264991514238,888.475,599.4
8241,11954,747.6812040354517,642.1264991514238,895.25625,598.75
8242,11955,747.6812040354517,642.1264991514238,902.0375,598.0999999999999
8243,11956,747.6812040354517,642.1264991514238,908.81875,597.4499999999999
8244,11957,747.6812040354517,642.1264991514238,915.6,596.8
8245,11958,747.6812040354517,642.1264991514238,915.6,596.8
8246,11959,747.6812040354517,642.1264991514238,915.6,596.8
8247,11960,747.6812040354517,642.1264991514238,915.6,596.8
8248,11961,747.6812040354517,642.1264991514238,915.6,596.8
8249,11962,747.6812040354517,642.1264991514238,915.6,596.8
8250,11963,687.6812040354517,619.1264991514238,915.6,596.8
8251,11964,687.6812040354517,619.1264991514238,915.6,596.8
8252,11965,687.6812040354517,619.1264991514238,915.6,596.8
8253,11966,687.6812040354517,619.1264991514238,915.6,596.8
8254,11967,687.6812040354517,619.1264991514238,915.6,596.8
8255,11968,687.6812040354517,619.1264991514238,915.6,596.8
8256,11969,687.6812040354517,619.1264991514238,915.6,596.8
8257,11970,687.6812040354517,619.1264991514238,915.6,596.8
8258,11971,687.6812040354517,619.1264991514238,915.6,596.8
8259,11972,687.6812040354517,619.1264991514238,915.6,596.8
8260,11973,687.6812040354517,619.1264991514238,915.6,596.8
8261,11974,687.6812040354517,619.1264991514238,915.6,596.8
8262,11975,687.6812040354517,619.1264991514238,915.6,596.8
8263,11976,687.6812040354517,619.1264991514238,915.6,596.8
8264,11977,687.6812040354517,619.1264991514238,915.6,596.8
8265,11978,687.6812040354517,619.1264991514238,915.6,596.8
8266,11979,687.6812040354517,619.1264991514238,915.6,596.8
8267,11980,687.6812040354517,619.1264991514238,915.6,596.8
8268,11981,687.6812040354517,619.1264991514238,915.6,596.8
8269,11982,687.6812040354517,619.1264991514238,915.6,596.8
8270,11983,687.6812040354517,619.1264991514238,915.6,596.8
8271,11984,687.6812040354517,619.1264991514238,915.6,596.8
8272,11985,687.6812040354517,619.1264991514238,915.6,596.8
8273,11986,687.6812040354517,619.1264991514238,915.6,596.8
8274,11987,687.6812040354517,619.1264991514238,915.6,596.8
8275,11988,687.6812040354517,619.1264991514238,915.6,596.8
8276,11989,687.6812040354517,619.1264991514238,915.6,596.8
8277,11990,687.6812040354517,619.1264991514238,915.6,596.8
8278,11991,687.6812040354517,619.1264991514238,915.6,596.8
8279,11992,687.6812040354517,619.1264991514238,915.6,596.8
8280,11993,687.6812040354517,619.1264991514238,915.6,596.8
8281,11994,687.6812040354517,619.1264991514238,915.6,596.8
8282,11995,687.6812040354517,619.1264991514238,915.6,596.8
8283,11996,687.6812040354517,619.1264991514238,915.6,596.8
8284,11997,687.6812040354517,619.1264991514238,915.6,596.8
8285,11998,687.6812040354517,619.1264991514238,915.6,596.8
8286,11999,687.6812040354517,619.1264991514238,915.6,596.8
8287,12000,687.6812040354517,619.1264991514238,915.6,596.8
8288,12000,687.6812040354517,619.1264991514238,915.6,596.8
8289,12000,687.6812040354517,619.1264991514238,915.6,596.8
8290,12000,687.6812040354517,619.1264991514238,915.6,596.8
8291,12000,687.6812040354517,619.1264991514238,915.6,596.8
8292,12000,687.6812040354517,619.1264991514238,915.6,596.8
8293,12000,687.6812040354517,619.1264991514238,915.6,596.8
8294,12000,687.6812040354517,619.1264991514238,915.6,596.8
8295,12000,687.6812040354517,619.1264991514238,915.6,596.8
8296,12000,687.6812040354517,619.1264991514238,915.6,596.8
8297,12000,687.6812040354517,619.1264991514238,915.6,596.8
8298,12000,687.6812040354517,619.1264991514238,915.6,596.8
8299,12000,687.6812040354517,619.1264991514238,915.6,596.8
8300,12000,687.6812040354517,619.1264991514238,915.6,596.8
8301,12000,687.6812040354517,619.1264991514238,915.6,596.8
8302,12000,687.6812040354517,619.1264991514238,915.6,596.8
8303,12000,687.6812040354517,619.1264991514238,915.6,596.8
8304,12000,687.6812040354517,619.1264991514238,915.6,596.8
8305,12000,687.6812040354517,619.1264991514238,915.6,596.8
8306,12000,687.6812040354517,619.1264991514238,915.6,596.8
8307,12000,687.6812040354517,619.1264991514238,915.6,596.8
8308,12000,687.6812040354517,619.1264991514238,915.6,596.8
8309,12000,687.6812040354517,619.1264991514238,915.6,596.8
8310,12000,687.6812040354517,619.1264991514238,915.6,596.8
8311,12000,687.6812040354517,619.1264991514238,915.6,596.8
8312,12000,687.6812040354517,619.1264991514238,915.6,596.8
8313,12000,687.6812040354517,619.1264991514238,915.6,596.8
8314,12000,687.6812040354517,619.1264991514238,915.6,596.8
8315,12001,687.6812040354517,619.1264991514238,915.6,596.8
8316,12002,687.6812040354517,619.1264991514238,915.6,596.8
8317,12003,687.679061873816,619.1331203782981,915.6,596.8
8318,12004,687.67691971218,619.1397416051726,915.6,596.8
8319,12005,687.6747775505443,619.146362832047,915.6,596.8
8320,12006,687.6726353889084,619.1529840589213,915.6,596.8
8321,12007,687.6704932272726,619.1596052857957,915.6,596.8
8322,12008,687.6683510656368,619.1662265126702,915.6,596.8
8323,12009,687.6662089040009,619.1728477395445,915.6,596.8
8324,12010,687.6640667423651,619.1794689664189,915.6,596.8
8325,12011,687.6619245807293,619.1860901932934,915.6,596.8
8326,12012,687.6597824190934,619.1927114201677,915.6,596.8
8327,12013,687.6576402574576,619.1993326470421,915.6,596.8
8328,12014,687.6554980958217,619.2059538739164,915.6,596.8
8329,12015,687.6533559341859,619.2125751007909,915.6,596.8
8330,12016,687.6512137725501,619.2191963276653,915.6,596.8
8331,12017,687.6490716109142,619.2258175545396,915.6,596.8
8332,12018,687.6469294492784,619.2324387814141,915.6,596.8
8333,12019,687.6447872876425,619.2390600082884,915.6,596.8
8334,12020,687.6426451260068,619.2456812351628,915.6,596.8
8335,12021,687.640502964371,619.2523024620373,915.6,596.8
8336,12022,687.6383608027351,619.2589236889116,915.6,596.8
8337,12023,687.6362186410993,619.265544915786,915.6,596.8
8338,12024,687.6340764794634,619.2721661426604,915.6,596.8
8339,12025,687.6319343178276,619.2787873695348,915.6,596.8
8340,12026,687.6297921561918,619.2854085964092,915.6,596.8
8341,12027,687.6276499945559,619.2920298232835,915.6,596.8
8342,12028,687.6255078329201,619.298651050158,915.6,596.8
8343,12029,687.6233656712843,619.3052722770324,915.6,596.8
8344,12030,687.6212235096484,619.3118935039067,915.6,596.8
8345,12031,687.6190813480126,619.3185147307811,915.6,596.8
8346,12032,687.6169391863767,619.3251359576556,915.6,596.8
8347,12033,687.6147970247409,619.3317571845299,915.6,596.8
8348,12034,687.6126548631051,619.3383784114043,915.6,596.8
8349,12035,687.6105127014692,619.3449996382788,915.6,596.8
8350,12036,687.6083705398335,619.3516208651531,915.6,596.8
8351,12037,687.6062283781976,619.3582420920275,915.6,596.8
8352,12038,687.6040862165618,619.3648633189018,915.6,596.8
8353,12039,687.601944054926,619.3714845457763,915.6,596.8
8354,12040,687.5998018932901,619.3781057726507,915.6,596.8
8355,12041,687.5976597316543,619.384726999525,915.6,596.8
8356,12042,687.5955175700184,619.3913482263995,915.6,596.8
8357,12043,687.5933754083826,619.3979694532738,915.6,596.8
8358,12044,687.5912332467468,619.4045906801482,915.6,596.8
8359,12045,687.5890910851109,619.4112119070226,915.6,596.8
8360,12046,687.5869489234751,619.417833133897,915.6,596.8
8361,12047,687.5848067618393,619.4244543607714,915.6,596.8
8362,12048,687.5826646002034,619.4310755876458,915.6,596.8
8363,12049,687.5805224385676,619.4376968145202,915.6,596.8
8364,12050,687.5783802769317,619.4443180413946,915.6,596.8
8365,12051,687.576238115296,619.4509392682689,915.6,596.8
8366,12052,687.5740959536602,619.4575604951434,915.6,596.8
8367,12053,687.5719537920243,619.4641817220178,915.6,596.8
8368,12054,687.5698116303885,619.4708029488921,915.6,596.8
8369,12055,687.5676694687526,619.4774241757665,915.6,596.8
8370,12056,687.5655273071168,619.484045402641,915.6,596.8
8371,12057,687.563385145481,619.4906666295153,915.6,596.8
8372,12058,687.5612429838451,619.4972878563897,915.6,596.8
8373,12059,687.5591008222093,619.5039090832641,915.6,596.8
8374,12060,687.5569586605734,619.5105303101385,915.6,596.8
8375,12061,687.5548164989376,619.5171515370129,915.6,596.8
8376,12062,687.5526743373018,619.5237727638872,915.6,596.8
8377,12063,687.5505321756659,619.5303939907617,915.6,596.8
8378,12064,687.5483900140301,619.537015217636,915.6,596.8
8379,12065,687.5462478523943,619.5436364445104,915.6,596.8
8380,12066,687.5441056907584,619.5502576713849,915.6,596.8
8381,12067,687.5419635291227,619.5568788982592,915.6,596.8
8382,12068,687.5398213674868,619.5635001251336,915.6,596.8
8383,12069,687.537679205851,619.570121352008,915.6,596.8
8384,12070,687.5355370442152,619.5767425788824,915.6,596.8
8385,12071,687.5333948825793,619.5833638057568,915.6,596.8
8386,12072,687.5312527209435,619.5899850326311,915.6,596.8
8387,12073,687.5291105593076,619.5966062595056,915.6,596.8
8388,12074,687.5269683976718,619.60322748638,915.6,596.8
8389,12075,687.524826236036,619.6098487132543,915.6,596.8
8390,12076,687.5226840744001,619.6164699401288,915.6,596.8
8391,12077,687.5205419127643,619.6230911670032,915.6,596.8
8392,12078,687.5183997511285,619.6297123938775,915.6,596.8
8393,12079,687.5162575894926,619.6363336207519,915.6,596.8
8394,12080,687.5141154278568,619.6429548476264,915.6,596.8
8395,12081,687.5119732662209,619.6495760745007,915.6,596.8
8396,12082,687.5098311045851,619.6561973013751,915.6,596.8
8397,12083,687.5076889429494,619.6628185282495,915.6,596.8
8398,12084,687.5055467813135,619.6694397551239,915.6,596.8
8399,12085,687.5034046196777,619.6760609819983,915.6,596.8
8400,12086,687.5012624580418,619.6826822088726,915.6,596.8
8401,12087,687.499120296406,619.6893034357471,915.6,596.8
8402,12088,687.4969781347702,619.6959246626215,915.6,596.8
8403,12089,687.4948359731343,619.7025458894958,915.6,596.8
8404,12090,687.4926938114985,619.7091671163703,915.6,596.8
8405,12091,687.4905516498626,619.7157883432446,915.6,596.8
8406,12092,687.4884094882268,619.722409570119,915.6,596.8
8407,12093,687.486267326591,619.7290307969934,915.6,596.8
8408,12094,687.4841251649551,619.7356520238678,915.6,596.8
8409,12095,687.4819830033193,619.7422732507422,915.6,596.8
8410,12096,687.4798408416835,619.7488944776165,915.6,596.8
8411,12097,687.4776986800476,619.755515704491,915.6,596.8
8412,12098,687.4755565184118,619.7621369313654,915.6,596.8
8413,12099,687.473414356776,619.7687581582397,915.6,596.8
8414,12100,687.4712721951402,619.7753793851141,915.6,596.8
8415,12101,687.4691300335044,619.7820006119886,915.6,596.8
8416,12102,687.4669878718685,619.7886218388629,915.6,596.8
8417,12103,687.4648457102327,619.7952430657373,915.6,596.8
8418,12104,687.4627035485968,619.8018642926118,915.6,596.8
8419,12105,687.460561386961,619.8084855194861,915.6,596.8
8420,12106,687.4584192253252,619.8151067463605,915.6,596.8
8421,12107,687.4562770636893,619.8217279732349,915.6,596.8
8422,12108,687.4541349020535,619.8283492001093,915.6,596.8
8423,12109,687.4519927404176,619.8349704269837,915.6,596.8
8424,12110,687.4498505787818,619.841591653858,915.6,596.8
8425,12111,687.447708417146,619.8482128807325,915.6,596.8
8426,12112,687.4455662555101,619.8548341076068,915.6,596.8
8427,12113,687.4434240938743,619.8614553344812,915.6,596.8
8428,12114,687.4412819322386,619.8680765613557,915.6,596.8
8429,12115,687.4391397706027,619.87469778823,915.6,596.8
8430,12116,687.4369976089669,619.8813190151044,915.6,596.8
8431,12117,687.434855447331,619.8879402419788,918.3937500000001,599.70625
8432,12118,687.4327132856952,619.8945614688532,921.1875,602.6125
8433,12119,687.4305711240594,619.9011826957276,923.98125,605.51875
8434,12120,687.4284289624235,619.9078039226019,926.775,608.425
8435,12121,687.4262868007877,619.9144251494764,929.56875,611.33125
8436,12122,687.4241446391518,619.9210463763508,932.3625,614.2375
8437,12123,687.422002477516,619.9276676032251,935.15625,617.14375
8438,12124,687.4198603158802,619.9342888300995,937.95,620.05
8439,12125,687.4177181542443,619.940910056974,940.74375,622.95625
8440,12126,687.4155759926085,619.9475312838483,943.5375,625.8625
8441,12127,687.4134338309726,619.9541525107227,946.33125,628.76875
8442,12128,687.4112916693368,619.9607737375972,949.125,631.675
8443,12129,687.409149507701,619.9673949644715,951.9187499999999,634.58125
8444,12130,687.4070073460651,619.9740161913459,954.7125,637.4875
8445,12131,687.4048651844294,619.9806374182202,957.5062499999999,640.39375
8446,12132,687.4027230227936,619.9872586450947,960.3,643.3
8447,12133,687.4005808611577,619.993879871969,960.3,643.3
8448,12134,687.3984386995219,620.0005010988434,960.3,643.3
8449,12135,687.396296537886,620.0071223257179,960.3,643.3
8450,12136,687.3941543762502,620.0137435525922,960.3,643.3
8451,12137,687.3920122146144,620.0203647794666,960.3,643.3
8452,12138,687.3898700529785,620.0269860063411,960.3,643.3
8453,12139,687.3877278913427,620.0336072332154,960.3,643.3
8454,12140,687.3855857297068,620.0402284600898,960.3,643.3
8455,12141,687.383443568071,620.0468496869642,960.3,643.3
8456,12142,687.3813014064352,620.0534709138386,960.3,643.3
8457,12143,687.3791592447993,620.060092140713,960.3,643.3
8458,12144,687.3770170831635,620.0667133675873,960.3,643.3
8459,12145,687.3748749215276,620.0733345944618,960.3,643.3
8460,12146,687.3727327598918,620.0799558213362,960.3,643.3
8461,12147,687.3705905982561,620.0865770482105,960.3,643.3
8462,12148,687.3684484366202,620.0931982750849,960.3,643.3
8463,12149,687.3663062749844,620.0998195019594,960.3,643.3
8464,12150,687.3641641133486,620.1064407288337,960.3,643.3
8465,12151,687.3620219517127,620.1130619557081,960.3,643.3
8466,12152,687.3598797900769,620.1196831825825,960.3,643.3
8467,12153,687.357737628441,620.1263044094569,960.3,643.3
8468,12154,687.3555954668052,620.1329256363313,960.3,643.3
8469,12155,687.3534533051694,620.1395468632056,960.3,643.3
8470,12156,687.3513111435335,620.1461680900801,960.3,643.3
8471,12157,687.3491689818977,620.1527893169545,960.3,643.3
8472,12158,687.3470268202618,620.1594105438288,960.3,643.3
8473,12159,687.344884658626,620.1660317707033,960.3,643.3
8474,12160,687.3427424969902,620.1726529975776,960.3,643.3
8475,12161,687.3406003353543,620.179274224452,960.3,643.3
8476,12162,687.3384581737185,620.1858954513264,960.3,643.3
8477,12163,687.3363160120828,620.1925166782008,960.3,643.3
8478,12164,687.3341738504469,620.1991379050752,960.3,643.3
8479,12165,687.3320316888111,620.2057591319495,960.3,643.3
8480,12166,687.3298895271752,620.212380358824,960.3,643.3
8481,12167,687.3277473655394,620.2190015856984,960.3,643.3
8482,12168,687.3256052039036,620.2256228125727,960.3,643.3
8483,12169,687.3234630422677,620.2322440394472,960.3,643.3
8484,12170,687.3213208806319,620.2388652663216,960.3,643.3
8485,12171,687.319178718996,620.2454864931959,960.3,643.3
8486,12172,687.3170365573602,620.2521077200703,960.3,643.3
8487,12173,687.3148943957244,620.2587289469448,960.3,643.3
8488,12174,687.3127522340885,620.2653501738191,960.3,643.3
8489,12175,687.3106100724527,620.2719714006935,960.3,643.3
8490,12176,687.3084679108168,620.278592627568,960.3,643.3
8491,12177,687.306325749181,620.2852138544423,960.3,643.3
8492,12178,687.3041835875453,620.2918350813167,960.3,643.3
8493,12179,687.3020414259094,620.298456308191,960.3,643.3
8494,12180,687.2998992642736,620.3050775350655,960.3,643.3
8495,12181,687.2977571026378,620.3116987619399,960.3,643.3
8496,12182,687.2956149410019,620.3183199888142,960.3,643.3
8497,12183,687.2934727793661,620.3249412156887,960.3,643.3
8498,12184,687.2913306177302,620.331562442563,960.3,643.3
8499,12185,687.2891884560944,620.3381836694374,960.3,643.3
8500,12186,687.2870462944586,620.3448048963118,960.3,643.3
8501,12187,687.2849041328227,620.3514261231862,960.3,643.3
8502,12188,687.2827619711869,620.3580473500606,960.3,643.3
8503,12189,687.280619809551,620.364668576935,960.3,643.3
8504,12190,687.2784776479152,620.3712898038094,960.3,643.3
8505,12191,687.2763354862794,620.3779110306838,960.3,643.3
8506,12192,687.2741933246435,620.3845322575581,960.3,643.3
8507,12193,687.2720511630077,620.3911534844325,960.3,643.3
8508,12194,687.2699090013718,620.397774711307,960.3,643.3
8509,12195,687.267766839736,620.4043959381813,960.3,643.3
8510,12196,687.2656246781003,620.4110171650557,960.3,643.3
8511,12197,687.2634825164644,620.4176383919302,960.3,643.3
8512,12198,687.2613403548286,620.4242596188045,960.3,643.3
8513,12199,687.2591981931928,620.4308808456789,960.3,643.3
8514,12200,687.2570560315569,620.4375020725533,960.3,643.3
8515,12201,687.2549138699211,620.4441232994277,960.3,643.3
8516,12202,687.2527717082852,620.4507445263021,960.3,643.3
8517,12203,687.2506295466494,620.4573657531764,960.3,643.3
8518,12204,687.2484873850136,620.4639869800509,960.3,643.3
8519,12205,687.2463452233777,620.4706082069252,960.3,643.3
8520,12206,687.2442030617419,620.4772294337996,960.3,643.3
8521,12207,687.242060900106,620.4838506606741,960.3,643.3
8522,12208,687.2399187384702,620.4904718875484,960.3,643.3
8523,12209,687.2377765768344,620.4970931144228,960.3,643.3
8524,12210,687.2356344151985,620.5037143412972,960.3,643.3
8525,12211,687.2334922535628,620.5103355681716,960.3,643.3
8526,12212,687.2313500919269,620.516956795046,960.3,643.3
8527,12213,687.2292079302911,620.5235780219203,960.3,643.3
8528,12214,687.2270657686553,620.5301992487948,960.3,643.3
8529,12215,687.2249236070194,620.5368204756692,960.3,643.3
8530,12216,687.2227814453836,620.5434417025435,960.3,643.3
8531,12217,687.2206392837478,620.5500629294179,960.3,643.3
8532,12218,687.2184971221119,620.5566841562924,960.3,643.3
8533,12219,687.2163549604761,620.5633053831667,960.3,643.3
8534,12220,687.2142127988402,620.5699266100411,960.3,643.3
8535,12221,687.2120706372044,620.5765478369156,960.3,643.3
8536,12222,687.2099284755686,620.5831690637899,960.3,643.3
8537,12223,687.2077863139327,620.5897902906643,960.3,643.3
8538,12224,687.2056441522969,620.5964115175387,960.3,643.3
8539,12225,687.203501990661,620.6030327444131,960.3,643.3
8540,12226,687.2013598290253,620.6096539712875,960.3,643.3
8541,12227,687.1992176673895,620.6162751981618,960.3,643.3
8542,12228,687.1970755057536,620.6228964250363,960.3,643.3
8543,12229,687.1949333441178,620.6295176519106,960.3,643.3
8544,12230,687.192791182482,620.636138878785,960.3,643.3
8545,12231,687.1906490208461,620.6427601056595,960.3,643.3
8546,12232,687.1885068592103,620.6493813325338,960.3,643.3
8547,12233,687.1863646975744,620.6560025594082,960.3,643.3
8548,12234,687.1842225359386,620.6626237862826,960.3,643.3
8549,12235,687.1820803743028,620.669245013157,960.3,643.3
8550,12236,687.1799382126669,620.6758662400314,960.3,643.3
8551,12237,687.1777960510311,620.6824874669057,960.3,643.3
8552,12238,687.1756538893952,620.6891086937802,960.3,643.3
8553,12238,687.1735117277594,620.6957299206546,960.3,643.3
8554,12238,687.1713695661236,620.7023511475289,960.3,643.3
8555,12238,687.1692274044877,620.7089723744033,960.3,643.3
8556,12238,687.167085242852,620.7155936012778,960.3,643.3
8557,12238,687.164943081216,620.7222148281521,960.3,643.3
8558,12238,687.1628009195803,620.7288360550265,960.3,643.3
8559,12238,687.1606587579445,620.735457281901,960.3,643.3
8560,12238,687.1585165963086,620.7420785087753,960.3,643.3
8561,12238,687.1563744346728,620.7486997356497,960.3,643.3
8562,12238,687.154232273037,620.755320962524,960.3,643.3
8563,12238,687.1520901114011,620.7619421893985,960.3,643.3
8564,12238,687.1499479497653,620.7685634162729,960.3,643.3
8565,12238,687.1478057881294,620.7751846431472,960.3,643.3
8566,12238,687.1456636264936,620.7818058700217,960.3,643.3
8567,12238,687.1435214648578,620.788427096896,960.3,643.3
8568,12238,687.1413793032219,620.7950483237704,960.3,643.3
8569,12238,687.1392371415861,620.8016695506449,960.3,643.3
8570,12238,687.1370949799502,620.8082907775192,960.3,643.3
8571,12238,687.1349528183144,620.8149120043936,960.3,643.3
8572,12238,687.1328106566787,620.821533231268,960.3,643.3
8573,12238,687.1306684950428,620.8281544581424,960.3,643.3
8574,12238,687.128526333407,620.8347756850168,960.3,643.3
8575,12238,687.1263841717711,620.8413969118911,960.3,643.3
8576,12238,687.1242420101353,620.8480181387656,960.3,643.3
8577,12238,687.1220998484995,620.85463936564,960.3,643.3
8578,12238,687.1199576868636,620.8612605925143,960.3,643.3
8579,12238,687.1178155252278,620.8678818193887,960.3,643.3
8580,12238,687.115673363592,620.8745030462632,960.3,643.3
8581,12238,687.1135312019561,620.8811242731375,960.3,643.3
8582,12238,687.1113890403203,620.8877455000119,960.3,643.3
8583,12238,687.1092468786844,620.8943667268863,960.3,643.3
8584,12238,687.1071047170486,620.9009879537607,960.3,643.3
8585,12238,687.1049625554128,620.9076091806351,960.3,643.3
8586,12238,687.1028203937769,620.9142304075094,960.3,643.3
8587,12238,687.1006782321411,620.9208516343839,960.3,643.3
8588,12238,687.0985360705052,620.9274728612583,960.3,643.3
8589,12238,687.0963939088695,620.9340940881326,960.3,643.3
8590,12238,687.0942517472337,620.9407153150071,960.3,643.3
8591,12238,687.0921095855978,620.9473365418814,960.3,643.3
8592,12238,687.089967423962,620.9539577687558,960.3,643.3
8593,12238,687.0878252623261,620.9605789956302,960.3,643.3
8594,12238,687.0856831006903,620.9672002225046,960.3,643.3
8595,12238,687.0835409390545,620.973821449379,960.3,643.3
8596,12238,687.0813987774186,620.9804426762533,960.3,643.3
8597,12238,687.0792566157828,620.9870639031278,960.3,643.3
8598,12238,687.077114454147,620.9936851300022,960.3,643.3
8599,12238,687.0749722925111,621.0003063568765,960.3,643.3
8600,12238,687.0728301308753,621.006927583751,960.3,643.3
8601,12238,687.0706879692394,621.0135488106254,960.3,643.3
8602,12238,687.0685458076036,621.0201700374997,960.3,643.3
8603,12238,687.0664036459679,621.0267912643741,960.3,643.3
8604,12238,687.064261484332,621.0334124912486,960.3,643.3
8605,12238,687.0621193226962,621.0400337181229,960.3,643.3
8606,12238,687.0599771610603,621.0466549449973,960.3,643.3
8607,12238,687.0578349994245,621.0532761718717,960.3,643.3
8608,12238,687.0556928377887,621.0598973987461,960.3,643.3
8609,12238,687.0535506761528,621.0665186256205,960.3,643.3
8610,12238,687.051408514517,621.0731398524948,960.3,643.3
8611,12238,687.0492663528812,621.0797610793693,960.3,643.3
8612,12238,687.0471241912453,621.0863823062436,960.3,643.3
8613,12238,687.0449820296095,621.093003533118,960.3,643.3
8614,12238,687.0428398679736,621.0996247599925,960.3,643.3
8615,12238,687.0406977063378,621.1062459868668,960.3,643.3
8616,12238,687.038555544702,621.1128672137412,960.3,643.3
8617,12238,687.0364133830661,621.1194884406156,960.3,643.3
8618,12238,687.0342712214303,621.12610966749,960.3,643.3
8619,12238,687.0321290597944,621.1327308943644,960.3,643.3
8620,12238,687.0299868981587,621.1393521212387,960.3,643.3
8621,12238,687.0278447365229,621.1459733481132,960.3,643.3
8622,12238,687.025702574887,621.1525945749876,960.3,643.3
8623,12238,687.0235604132512,621.1592158018619,960.3,643.3
8624,12238,687.0214182516153,621.1658370287363,960.3,643.3
8625,12238,687.0192760899795,621.1724582556108,960.3,643.3
8626,12238,687.0171339283437,621.1790794824851,960.3,643.3
8627,12238,687.0149917667078,621.1857007093595,960.3,643.3
8628,12238,687.012849605072,621.192321936234,960.3,643.3
8629,12238,687.0107074434362,621.1989431631083,960.3,643.3
8630,12238,687.0085652818003,621.2055643899827,960.3,643.3
8631,12238,687.0064231201645,621.2121856168571,960.3,643.3
8632,12238,687.0042809585286,621.2188068437315,960.3,643.3
8633,12238,687.0021387968928,621.2254280706059,960.3,643.3
8634,12238,686.999996635257,621.2320492974802,960.3,643.3
8635,12238,686.9978544736211,621.2386705243547,960.3,643.3
8636,12238,686.9957123119854,621.245291751229,960.3,643.3
8637,12238,686.9935701503495,621.2519129781034,960.3,643.3
8638,12238,686.9914279887137,621.2585342049779,960.3,643.3
8639,12238,686.9892858270779,621.2651554318522,960.3,643.3
8640,12238,686.987143665442,621.2717766587266,960.3,643.3
8641,12238,686.9850015038062,621.278397885601,960.3,643.3
8642,12238,686.9828593421703,621.2850191124754,960.3,643.3
8643,12238,686.9807171805345,621.2916403393498,960.3,643.3
8644,12238,686.9785750188987,621.2982615662241,960.3,643.3
8645,12238,686.9764328572628,621.3048827930986,960.3,643.3
8646,12238,686.974290695627,621.311504019973,960.3,643.3
8647,12238,686.9721485339912,621.3181252468473,960.3,643.3
8648,12238,686.9700063723553,621.3247464737217,960.3,643.3
8649,12238,686.9678642107195,621.3313677005962,960.3,643.3
8650,12238,686.9657220490836,621.3379889274705,960.3,643.3
8651,12238,686.9635798874478,621.3446101543449,960.3,643.3
8652,12238,686.9614377258121,621.3512313812193,960.3,643.3
8653,12238,686.9592955641762,621.3578526080937,960.3,643.3
8654,12238,686.9571534025404,621.3644738349681,960.3,643.3
8655,12238,686.9550112409045,621.3710950618424,960.3,643.3
8656,12238,686.9528690792687,621.3777162887169,960.3,643.3
8657,12238,686.9507269176329,621.3843375155913,960.3,643.3
8658,12238,686.948584755997,621.3909587424656,960.3,643.3
8659,12238,686.9464425943612,621.3975799693401,960.3,643.3
8660,12238,686.9443004327253,621.4042011962144,960.3,643.3
8661,12238,686.9421582710895,621.4108224230888,960.3,643.3
8662,12238,686.9400161094537,621.4174436499633,960.3,643.3
8663,12238,686.9378739478178,621.4240648768376,960.3,643.3
8664,12238,686.935731786182,621.430686103712,960.3,643.3
8665,12238,686.9335896245462,621.4373073305863,960.3,643.3
8666,12238,686.9314474629103,621.4439285574608,960.3,643.3
8667,12238,686.9293053012746,621.4505497843352,960.3,643.3
8668,12238,686.9271631396387,621.4571710112095,960.3,643.3
8669,12238,686.9250209780029,621.463792238084,960.3,643.3
8670,12238,686.9228788163671,621.4704134649584,960.3,643.3
8671,12238,686.9207366547312,621.4770346918327,960.3,643.3
8672,12238,686.9185944930954,621.4836559187071,960.3,643.3
8673,12238,686.9164523314595,621.4902771455816,960.3,643.3
8674,12238,686.9143101698237,621.4968983724559,960.3,643.3
8675,12238,686.9121680081879,621.5035195993303,960.3,643.3
8676,12238,686.910025846552,621.5101408262047,960.3,643.3
8677,12238,686.9078836849162,621.5167620530791,960.3,643.3
8678,12238,686.9057415232803,621.5233832799535,960.3,643.3
8679,12238,686.9035993616445,621.5300045068278,960.3,643.3
8680,12238,686.9014572000087,621.5366257337023,960.3,643.3
8681,12238,686.8993150383728,621.5432469605767,960.3,643.3
8682,12238,686.897172876737,621.549868187451,960.3,643.3
8683,12238,686.8950307151013,621.5564894143255,960.3,643.3
8684,12238,686.8928885534654,621.5631106411998,960.3,643.3
8685,12238,686.8907463918296,621.5697318680742,960.3,643.3
8686,12238,686.8886042301937,621.5763530949487,960.3,643.3
8687,12238,686.8864620685579,621.582974321823,960.3,643.3
8688,12238,686.8843199069221,621.5895955486974,960.3,643.3
8689,12238,686.8821777452862,621.5962167755717,960.3,643.3
8690,12238,686.8800355836504,621.6028380024462,960.3,643.3
8691,12238,686.8778934220145,621.6094592293206,960.3,643.3
8692,12238,686.8757512603787,621.6160804561949,960.3,643.3
8693,12238,686.8736090987429,621.6227016830694,960.3,643.3
8694,12238,686.871466937107,621.6293229099438,960.3,643.3
8695,12238,686.8693247754712,621.6359441368181,960.3,643.3
8696,12238,686.8671826138354,621.6425653636925,960.3,643.3
8697,12238,686.8650404521995,621.649186590567,960.3,643.3
8698,12238,686.8628982905637,621.6558078174413,960.3,643.3
8699,12238,686.8607561289278,621.6624290443157,960.3,643.3
8700,12238,686.8586139672921,621.6690502711901,960.3,643.3
8701,12238,686.8564718056563,621.6756714980645,960.3,643.3
8702,12238,686.8543296440204,621.6822927249389,960.3,643.3
8703,12238,686.8521874823846,621.6889139518132,960.3,643.3
8704,12238,686.8500453207487,621.6955351786877,960.3,643.3
8705,12238,686.8479031591129,621.702156405562,960.3,643.3
8706,12238,686.8457609974771,621.7087776324364,960.3,643.3
8707,12238,686.8436188358412,621.7153988593109,960.3,643.3
8708,12238,686.8414766742054,621.7220200861852,960.3,643.3
8709,12238,686.8393345125695,621.7286413130596,960.3,643.3
8710,12238,686.8371923509337,621.735262539934,960.3,643.3
8711,12238,686.8350501892979,621.7418837668084,960.3,643.3
8712,12238,686.832908027662,621.7485049936828,960.3,643.3
8713,12238,686.8307658660262,621.7551262205571,960.3,643.3
8714,12238,686.8286237043905,621.7617474474316,960.3,643.3
8715,12238,686.8264815427545,621.768368674306,960.3,643.3
8716,12238,686.8243393811188,621.7749899011803,960.3,643.3
8717,12238,686.8221972194829,621.7816111280548,960.3,643.3
8718,12238,686.8200550578471,621.7882323549292,960.3,643.3
8719,12238,686.8179128962113,621.7948535818035,960.3,643.3
8720,12238,686.8157707345754,621.8014748086779,960.3,643.3
8721,12238,686.8136285729396,621.8080960355524,960.3,643.3
8722,12238,686.8114864113037,621.8147172624267,960.3,643.3
8723,12238,686.8093442496679,621.8213384893011,960.3,643.3
8724,12238,686.8072020880321,621.8279597161755,960.3,643.3
8725,12238,686.8050599263962,621.8345809430499,960.3,643.3
8726,12238,686.8029177647604,621.8412021699243,960.3,643.3
8727,12238,686.8007756031245,621.8478233967986,960.3,643.3
8728,12238,686.7986334414887,621.8544446236731,960.3,643.3
8729,12238,686.796491279853,621.8610658505474,960.3,643.3
8730,12238,686.794349118217,621.8676870774218,968.7592592592592,638.3444444444444
8731,12238,686.7922069565813,621.8743083042963,977.2185185185185,633.3888888888888
8732,12238,686.7900647949455,621.8809295311706,985.6777777777777,628.4333333333333
8733,12238,686.7879226333096,621.887550758045,994.137037037037,623.4777777777778
8734,12238,686.7857804716738,621.8941719849194,1002.5962962962963,618.5222222222221
8735,12238,686.7836383100379,621.9007932117938,1011.0555555555555,613.5666666666666
8736,12238,686.7814961484021,621.9074144386682,1019.5148148148148,608.6111111111111
8737,12238,686.7793539867663,621.9140356655425,1027.974074074074,603.6555555555556
8738,12238,686.7772118251304,621.920656892417,1036.4333333333334,598.6999999999999
8739,12238,686.7750696634946,621.9272781192914,1044.8925925925926,593.7444444444444
8740,12238,686.7729275018587,621.9338993461657,1053.3518518518517,588.7888888888889
8741,12238,686.7707853402229,621.9405205730401,1061.8111111111111,583.8333333333333
8742,12238,686.7686431785871,621.9471417999146,1070.2703703703703,578.8777777777777
8743,12238,686.7665010169512,621.9537630267889,1078.7296296296297,573.9222222222222
8744,12238,686.7643588553154,621.9603842536633,1087.1888888888889,568.9666666666667
8745,12238,686.7622166936795,621.9670054805378,1095.6481481481483,564.0111111111111
8746,12238,686.7600745320437,621.9736267074121,1104.1074074074074,559.0555555555555
8747,12238,686.757932370408,621.9802479342865,1112.5666666666666,554.1
8748,12238,686.755790208772,621.9868691611609,1121.025925925926,549.1444444444444
8749,12238,686.7536480471363,621.9934903880353,1129.4851851851852,544.1888888888889
8750,12238,686.7515058855005,622.0001116149097,1137.9444444444443,539.2333333333333
8751,12238,686.7493637238646,622.006732841784,1146.4037037037037,534.2777777777778
8752,12238,686.7472215622288,622.0133540686585,1154.862962962963,529.3222222222222
8753,12238,686.7450794005929,622.0199752955328,1163.3222222222223,524.3666666666667
8754,12238,686.7429372389571,622.0265965224072,1171.7814814814815,519.4111111111112
8755,12238,686.7407950773213,622.0332177492817,1180.2407407407409,514.4555555555555
8756,12238,686.7386529156854,622.039838976156,1188.7,509.5
8757,12238,686.7365107540496,622.0464602030304,1188.7,509.5
8758,12238,686.7343685924137,622.0530814299048,1188.7,509.5
8759,12238,686.7322264307779,622.0597026567792,1188.7,509.5
8760,12238,686.7300842691421,622.0663238836536,1188.7,509.5
8761,12239,686.7279421075062,622.0729451105279,1188.7,509.5
8762,12240,686.7257999458704,622.0795663374024,1188.7,509.5
8763,12241,686.7236577842347,622.0861875642768,1188.7,509.5
8764,12242,686.7215156225988,622.0928087911511,1188.7,509.5
8765,12243,686.719373460963,622.0994300180255,1188.7,509.5
8766,12244,686.7172312993271,622.1060512449,1188.7,509.5
8767,12245,686.7150891376913,622.1126724717743,1188.7,509.5
8768,12246,686.7129469760555,622.1192936986487,1188.7,509.5
8769,12247,686.7108048144196,622.1259149255231,1188.7,509.5
8770,12248,686.7086626527838,622.1325361523975,1188.7,509.5
8771,12249,686.7065204911479,622.1391573792719,1188.7,509.5
8772,12250,686.7043783295121,622.1457786061462,1188.7,509.5
8773,12251,686.7022361678763,622.1523998330207,1188.7,509.5
8774,12252,686.7000940062404,622.159021059895,1188.7,509.5
8775,12253,686.6979518446046,622.1656422867694,1188.7,509.5
8776,12254,686.6958096829687,622.1722635136439,1188.7,509.5
8777,12255,686.6936675213329,622.1788847405182,1188.7,509.5
8778,12256,686.6915253596972,622.1855059673926,1188.7,509.5
8779,12257,686.6893831980613,622.1921271942671,1188.7,509.5
8780,12258,686.6872410364255,622.1987484211414,1188.7,509.5
8781,12259,686.6850988747897,622.2053696480158,1188.7,509.5
8782,12260,686.6829567131538,622.2119908748901,1188.7,509.5
8783,12261,686.680814551518,622.2186121017646,1188.7,509.5
8784,12262,686.6786723898821,622.225233328639,1188.7,509.5
8785,12263,686.6765302282463,622.2318545555133,1188.7,509.5
8786,12264,686.6743880666105,622.2384757823878,1188.7,509.5
8787,12265,686.6722459049746,622.2450970092622,1188.7,509.5
8788,12266,686.6701037433388,622.2517182361365,1188.7,509.5
8789,12267,686.6679615817029,622.2583394630109,1188.7,509.5
8790,12268,686.6658194200671,622.2649606898854,1188.7,509.5
8791,12269,686.6636772584313,622.2715819167597,1188.7,509.5
8792,12270,686.6615350967954,622.2782031436341,1188.7,509.5
8793,12271,686.6593929351596,622.2848243705085,1188.7,509.5
8794,12272,686.6572507735237,622.2914455973829,1188.7,509.5
8795,12273,686.655108611888,622.2980668242573,1188.7,509.5
8796,12274,686.6529664502522,622.3046880511316,1188.7,509.5
8797,12275,686.6508242886163,622.3113092780061,1188.7,509.5
8798,12276,686.6486821269805,622.3179305048805,1188.7,509.5
8799,12277,686.6465399653447,622.3245517317548,1188.7,509.5
8800,12278,686.6443978037088,622.3311729586293,1188.7,509.5
8801,12279,686.642255642073,622.3377941855036,1188.7,509.5
8802,12280,686.6401134804371,622.344415412378,1188.7,509.5
8803,12281,686.6379713188013,622.3510366392525,1188.7,509.5
8804,12282,686.6358291571655,622.3576578661268,1188.7,509.5
8805,12283,686.6336869955296,622.3642790930012,1188.7,509.5
8806,12284,686.6315448338938,622.3709003198755,1188.7,509.5
8807,12285,686.6294026722579,622.37752154675,1188.7,509.5
8808,12286,686.6272605106221,622.3841427736244,1188.7,509.5
8809,12287,686.6251183489863,622.3907640004987,1188.7,509.5
8810,12288,686.6229761873504,622.3973852273732,1188.7,509.5
8811,12289,686.6208340257147,622.4040064542476,1188.7,509.5
8812,12290,686.6186918640788,622.4106276811219,1188.7,509.5
8813,12291,686.616549702443,622.4172489079963,1188.7,509.5
8814,12292,686.6144075408072,622.4238701348708,1188.7,509.5
8815,12293,686.6122653791713,622.4304913617451,1188.7,509.5
8816,12294,686.6101232175355,622.4371125886195,1188.7,509.5
8817,12295,686.6079810558997,622.4437338154939,1188.7,509.5
8818,12296,686.6058388942638,622.4503550423683,1188.7,509.5
8819,12297,686.603696732628,622.4569762692427,1188.7,509.5
8820,12298,686.6015545709921,622.463597496117,1188.7,509.5
8821,12299,686.5994124093563,622.4702187229915,1188.7,509.5
8822,12300,686.5972702477205,622.4768399498658,1188.7,509.5
8823,12301,686.5951280860846,622.4834611767402,1188.7,509.5
8824,12302,686.5929859244488,622.4900824036147,1188.7,509.5
8825,12303,686.5908437628129,622.496703630489,1188.7,509.5
8826,12304,686.5887016011771,622.5033248573634,1188.7,509.5
8827,12305,686.5865594395414,622.5099460842378,1188.7,509.5
8828,12306,686.5844172779055,622.5165673111122,1188.7,509.5
8829,12307,686.5822751162697,622.5231885379866,1188.7,509.5
8830,12308,686.5801329546339,622.5298097648609,1188.7,509.5
8831,12309,686.577990792998,622.5364309917354,1188.7,509.5
8832,12310,686.5758486313622,622.5430522186098,1188.7,509.5
8833,12311,686.5737064697263,622.5496734454841,1188.7,509.5
8834,12312,686.5715643080905,622.5562946723586,1188.7,509.5
8835,12313,686.5694221464547,622.562915899233,1188.7,509.5
8836,12314,686.5672799848188,622.5695371261073,1188.7,509.5
8837,12315,686.565137823183,622.5761583529817,1188.7,509.5
8838,12316,686.5629956615471,622.5827795798562,1188.7,509.5
8839,12317,686.5608534999113,622.5894008067305,1188.7,509.5
8840,12318,686.5587113382755,622.5960220336049,1188.7,509.5
8841,12319,686.5565691766396,622.6026432604793,1188.7,509.5
8842,12320,686.5544270150039,622.6092644873537,1188.7,509.5
8843,12321,686.552284853368,622.615885714228,1188.7,509.5
8844,12322,686.5501426917322,622.6225069411024,1188.7,509.5
8845,12323,686.5480005300964,622.6291281679769,1188.7,509.5
8846,12324,686.5458583684605,622.6357493948512,1188.7,509.5
8847,12325,686.5437162068247,622.6423706217256,1188.7,509.5
8848,12326,686.5415740451889,622.6489918486001,1188.7,509.5
8849,12327,686.539431883553,622.6556130754744,1188.7,509.5
8850,12328,686.5372897219172,622.6622343023488,1188.7,509.5
8851,12329,686.5351475602813,622.6688555292232,1188.7,509.5
8852,12330,686.5330053986455,622.6754767560976,1188.7,509.5
8853,12331,686.5308632370097,622.682097982972,1188.7,509.5
8854,12332,686.5287210753738,622.6887192098463,1188.7,509.5
8855,12333,686.526578913738,622.6953404367208,1188.7,509.5
8856,12334,686.5244367521021,622.7019616635952,1188.7,509.5
8857,12335,686.5222945904663,622.7085828904695,1188.7,509.5
8858,12336,686.5201524288306,622.7152041173439,1188.7,509.5
8859,12337,686.5180102671947,622.7218253442184,1188.7,509.5
8860,12338,686.5158681055589,622.7284465710927,1188.7,509.5
8861,12339,686.513725943923,622.7350677979671,1188.7,509.5
8862,12340,686.5115837822872,622.7416890248415,1188.7,509.5
8863,12341,686.5094416206514,622.7483102517159,1188.7,509.5
8864,12342,686.5072994590155,622.7549314785903,1188.7,509.5
8865,12343,686.5051572973797,622.7615527054647,1188.7,509.5
8866,12344,686.5030151357439,622.7681739323391,1188.7,509.5
8867,12345,686.500872974108,622.7747951592135,1188.7,509.5
8868,12346,686.4987308124722,622.7814163860878,1188.7,509.5
8869,12347,686.4965886508363,622.7880376129623,1188.7,509.5
8870,12348,686.4944464892005,622.7946588398366,1188.7,509.5
8871,12349,686.4923043275647,622.801280066711,1188.7,509.5
8872,12350,686.4901621659288,622.8079012935855,1188.7,509.5
8873,12351,686.488020004293,622.8145225204598,1188.7,509.5
8874,12352,686.4858778426571,622.8211437473342,1188.7,509.5
8875,12353,686.4837356810214,622.8277649742085,1188.7,509.5
8876,12354,686.4815935193856,622.834386201083,1188.7,509.5
8877,12355,686.4794513577497,622.8410074279574,1188.7,509.5
8878,12356,686.4773091961139,622.8476286548317,1188.7,509.5
8879,12357,686.475167034478,622.8542498817062,1188.7,509.5
8880,12358,686.4730248728422,622.8608711085806,1188.7,509.5
8881,12359,686.4708827112064,622.8674923354549,1188.7,509.5
8882,12360,686.4687405495705,622.8741135623293,1188.7,509.5
8883,12361,686.4665983879347,622.8807347892038,1188.7,509.5
8884,12362,686.4644562262989,622.8873560160781,1188.7,509.5
8885,12363,686.462314064663,622.8939772429525,1188.7,509.5
8886,12364,686.4601719030272,622.900598469827,1188.7,509.5
8887,12365,686.4580297413913,622.9072196967013,1188.7,509.5
8888,12366,686.4558875797555,622.9138409235757,1188.7,509.5
8889,12367,686.4537454181198,622.92046215045,1188.7,509.5
8890,12368,686.4516032564838,622.9270833773245,1188.7,509.5
8891,12369,686.4494610948481,622.9337046041989,1188.7,509.5
8892,12370,686.4473189332122,622.9403258310732,1188.7,509.5
8893,12371,686.4451767715764,622.9469470579477,1188.7,509.5
8894,12372,686.4430346099406,622.953568284822,1188.7,509.5
8895,12373,686.4408924483047,622.9601895116964,1188.7,509.5
8896,12374,686.4387502866689,622.9668107385709,1188.7,509.5
8897,12375,686.436608125033,622.9734319654452,1188.7,509.5
8898,12376,686.4344659633972,622.9800531923196,1188.7,509.5
8899,12377,686.4323238017614,622.986674419194,1188.7,509.5
8900,12378,686.4301816401255,622.9932956460684,1188.7,509.5
8901,12379,686.4280394784897,622.9999168729428,1188.7,509.5
8902,12380,686.4258973168539,623.0065380998171,1188.7,509.5
8903,12381,686.423755155218,623.0131593266916,1188.7,509.5
8904,12382,686.4216129935822,623.019780553566,1188.7,509.5
8905,12383,686.4194708319463,623.0264017804403,1188.7,509.5
8906,12384,686.4173286703106,623.0330230073147,1188.7,509.5
8907,12385,686.4151865086748,623.0396442341892,1188.7,509.5
8908,12386,686.4130443470389,623.0462654610635,1188.7,509.5
8909,12387,686.4109021854031,623.0528866879379,1188.7,509.5
8910,12388,686.4087600237672,623.0595079148123,1188.7,509.5
8911,12389,686.4066178621314,623.0661291416867,1188.7,509.5
8912,12390,686.4044757004956,623.0727503685611,1188.7,509.5
8913,12391,686.4023335388597,623.0793715954354,1188.7,509.5
8914,12392,686.4001913772239,623.0859928223099,1188.7,509.5
8915,12393,686.3980492155881,623.0926140491842,1188.7,509.5
8916,12394,686.3959070539522,623.0992352760586,1188.7,509.5
8917,12395,686.3937648923164,623.1058565029331,1188.7,509.5
8918,12396,686.3916227306805,623.1124777298074,1188.7,509.5
8919,12397,686.3894805690447,623.1190989566818,1188.7,509.5
8920,12398,686.387338407409,623.1257201835562,1188.7,509.5
8921,12399,686.385196245773,623.1323414104306,1188.7,509.5
8922,12400,686.3830540841373,623.138962637305,1188.7,509.5
8923,12401,686.3809119225014,623.1455838641793,1188.7,509.5
8924,12402,686.3787697608656,623.1522050910538,1188.7,509.5
8925,12403,686.3766275992298,623.1588263179282,1188.7,509.5
8926,12404,686.3744854375939,623.1654475448025,1188.7,509.5
8927,12405,686.3723432759581,623.172068771677,1188.7,509.5
8928,12406,686.3702011143222,623.1786899985514,1188.7,509.5
8929,12407,686.3680589526864,623.1853112254257,1188.7,509.5
8930,12408,686.3659167910506,623.1919324523001,1188.7,509.5
8931,12409,686.3637746294147,623.1985536791746,1188.7,509.5
8932,12410,686.3616324677789,623.2051749060489,1188.7,509.5
8933,12411,686.3594903061431,623.2117961329233,1188.7,509.5
8934,12412,686.3573481445072,623.2184173597977,1188.7,509.5
8935,12413,686.3552059828714,623.2250385866721,1188.7,509.5
8936,12414,686.3530638212355,623.2316598135465,1188.7,509.5
8937,12415,686.3509216595997,623.2382810404208,1188.7,509.5
8938,12416,686.348779497964,623.2449022672953,1188.7,509.5
8939,12417,686.3466373363281,623.2515234941696,1188.7,509.5
8940,12418,686.3444951746923,623.258144721044,1188.7,509.5
8941,12419,686.3423530130564,623.2647659479185,1188.7,509.5
8942,12420,686.3402108514206,623.2713871747928,1188.7,509.5
8943,12421,686.3380686897848,623.2780084016672,1188.7,509.5
8944,12422,686.3359265281489,623.2846296285416,1188.7,509.5
8945,12423,686.3337843665131,623.291250855416,1188.7,509.5
8946,12424,686.3316422048772,623.2978720822904,1188.7,509.5
8947,12425,686.3295000432414,623.3044933091647,1188.7,509.5
8948,12426,686.3273578816056,623.3111145360392,1188.7,509.5
8949,12427,686.3252157199697,623.3177357629136,1188.7,509.5
8950,12428,686.3230735583339,623.3243569897879,1188.7,509.5
8951,12429,686.3209313966981,623.3309782166624,1188.7,509.5
8952,12430,686.3187892350622,623.3375994435368,1188.7,509.5
8953,12431,686.3166470734265,623.3442206704111,1188.7,509.5
8954,12432,686.3145049117906,623.3508418972855,1188.7,509.5
8955,12433,686.3123627501548,623.35746312416,1179.6565217391305,515.3913043478261
8956,12434,686.310220588519,623.3640843510343,1170.6130434782608,521.2826086956521
8957,12435,686.3080784268831,623.3707055779087,1161.5695652173913,527.1739130434783
8958,12436,686.3059362652473,623.3773268047831,1152.5260869565218,533.0652173913044
8959,12437,686.3037941036114,623.3839480316575,1143.4826086956523,538.9565217391304
8960,12438,686.3016519419756,623.3905692585319,1134.4391304347826,544.8478260869565
8961,12439,686.2995097803398,623.3971904854062,1125.395652173913,550.7391304347826
8962,12440,686.2973676187039,623.4038117122807,1116.3521739130435,556.6304347826087
8963,12441,686.2952254570681,623.410432939155,1107.308695652174,562.5217391304348
8964,12442,686.2930832954322,623.4170541660294,1098.2652173913043,568.4130434782609
8965,12443,686.2909411337964,623.4236753929039,1089.2217391304348,574.304347826087
8966,12444,686.2887989721606,623.4302966197782,1080.1782608695653,580.195652173913
8967,12445,686.2866568105247,623.4369178466526,1071.1347826086958,586.0869565217391
8968,12446,686.284514648889,623.443539073527,1062.091304347826,591.9782608695652
8969,12447,686.2823724872532,623.4501603004014,1053.0478260869565,597.8695652173913
8970,12448,686.2802303256173,623.4567815272758,1044.004347826087,603.7608695652174
8971,12449,686.2780881639815,623.4634027541501,1034.9608695652175,609.6521739130435
8972,12450,686.2759460023456,623.4700239810246,1025.9173913043478,615.5434782608695
8973,12451,686.2738038407098,623.476645207899,1016.8739130434783,621.4347826086956
8974,12452,686.271661679074,623.4832664347733,1007.8304347826088,627.3260869565217
8975,12453,686.2695195174381,623.4898876616477,998.7869565217392,633.2173913043479
8976,12454,686.2673773558023,623.4965088885222,989.7434782608697,639.1086956521739
8977,12455,686.2652351941664,623.5031301153965,980.7,645.0
8978,12456,686.2630930325306,623.5097513422709,980.7,645.0
8979,12457,686.2609508708948,623.5163725691453,980.7,645.0
8980,12458,686.2588087092589,623.5229937960197,980.7,645.0
8981,12459,686.2566665476231,623.5296150228941,980.7,645.0
8982,12460,686.2545243859873,623.5362362497685,980.7,645.0
8983,12461,686.2523822243514,623.5428574766429,980.7,645.0
8984,12462,686.2502400627156,623.5494787035173,980.7,645.0
8985,12463,686.2480979010797,623.5560999303916,980.7,645.0
8986,12464,686.245955739444,623.5627211572661,980.7,645.0
8987,12465,686.2438135778082,623.5693423841404,980.7,645.0
8988,12466,686.2416714161723,623.5759636110148,980.7,645.0
8989,12467,686.2395292545365,623.5825848378893,980.7,645.0
8990,12468,686.2373870929006,623.5892060647636,980.7,645.0
8991,12469,686.2352449312648,623.595827291638,980.7,645.0
8992,12470,686.233102769629,623.6024485185123,980.7,645.0
8993,12471,686.2309606079931,623.6090697453868,980.7,645.0
8994,12472,686.2288184463573,623.6156909722612,980.7,645.0
8995,12473,686.2266762847214,623.6223121991355,980.7,645.0
8996,12474,686.2245341230856,623.62893342601,980.7,645.0
8997,12475,686.2223919614498,623.6355546528844,980.7,645.0
8998,12476,686.2202497998139,623.6421758797587,980.7,645.0
8999,12477,686.2181076381781,623.6487971066331,980.7,645.0
9000,12478,686.2159654765424,623.6554183335076,980.7,645.0
9001,12479,686.2138233149064,623.6620395603819,980.7,645.0
9002,12480,686.2116811532707,623.6686607872563,980.7,645.0
9003,12481,686.2095389916348,623.6752820141307,980.7,645.0
9004,12482,686.207396829999,623.6819032410051,980.7,645.0
9005,12483,686.2052546683632,623.6885244678795,980.7,645.0
9006,12484,686.2031125067273,623.6951456947538,980.7,645.0
9007,12485,686.2009703450915,623.7017669216283,980.7,645.0
9008,12486,686.1988281834556,623.7083881485026,980.7,645.0
9009,12487,686.1966860218198,623.715009375377,980.7,645.0
9010,12488,686.194543860184,623.7216306022515,980.7,645.0
9011,12489,686.1924016985481,623.7282518291258,980.7,645.0
9012,12490,686.1902595369123,623.7348730560002,980.7,645.0
9013,12491,686.1881173752764,623.7414942828747,980.7,645.0
9014,12492,686.1859752136406,623.748115509749,980.7,645.0
9015,12493,686.1838330520048,623.7547367366234,980.7,645.0
9016,12494,686.1816908903689,623.7613579634977,980.7,645.0
9017,12495,686.1795487287332,623.7679791903722,980.7,645.0
9018,12496,686.1774065670974,623.7746004172466,980.7,645.0
9019,12497,686.1752644054615,623.7812216441209,980.7,645.0
9020,12498,686.1731222438257,623.7878428709954,980.7,645.0
9021,12499,686.1709800821898,623.7944640978698,980.7,645.0
9022,12500,686.168837920554,623.8010853247441,980.7,645.0
9023,12501,686.1666957589182,623.8077065516185,980.7,645.0
9024,12502,686.1645535972823,623.814327778493,980.7,645.0
9025,12503,686.1624114356465,623.8209490053673,980.7,645.0
9026,12504,686.1602692740106,623.8275702322417,980.7,645.0
9027,12505,686.1581271123748,623.8341914591161,980.7,645.0
9028,12506,686.155984950739,623.8408126859905,980.7,645.0
9029,12507,686.1538427891031,623.8474339128649,980.7,645.0
9030,12508,686.1517006274673,623.8540551397392,980.7,645.0
9031,12509,686.1495584658314,623.8606763666137,980.7,645.0
9032,12510,686.1474163041956,623.867297593488,980.7,645.0
9033,12511,686.1452741425599,623.8739188203624,980.7,645.0
9034,12512,686.143131980924,623.8805400472369,980.7,645.0
9035,12513,686.1409898192882,623.8871612741112,980.7,645.0
9036,12514,686.1388476576524,623.8937825009856,980.7,645.0
9037,12515,686.1367054960165,623.90040372786,980.7,645.0
9038,12516,686.1345633343807,623.9070249547344,980.7,645.0
9039,12517,686.1324211727448,623.9136461816088,980.7,645.0
9040,12518,686.130279011109,623.9202674084831,980.7,645.0
9041,12519,686.1281368494732,623.9268886353576,980.7,645.0
9042,12520,686.1259946878373,623.933509862232,980.7,645.0
9043,12521,686.1238525262015,623.9401310891063,980.7,645.0
9044,12522,686.1217103645656,623.9467523159808,980.7,645.0
9045,12523,686.1195682029298,623.9533735428552,980.7,645.0
9046,12524,686.117426041294,623.9599947697295,980.7,645.0
9047,12525,686.1152838796581,623.9666159966039,980.7,645.0
9048,12526,686.1131417180223,623.9732372234783,980.7,645.0
9049,12527,686.1109995563866,623.9798584503527,980.7,645.0
9050,12528,686.1088573947507,623.9864796772271,980.7,645.0
9051,12529,686.1067152331149,623.9931009041015,980.7,645.0
9052,12530,686.104573071479,623.9997221309759,980.7,645.0
9053,12531,686.1024309098432,624.0063433578503,980.7,645.0
9054,12532,686.1002887482074,624.0129645847246,980.7,645.0
9055,12533,686.0981465865715,624.0195858115991,980.7,645.0
9056,12534,686.0960044249357,624.0262070384734,980.7,645.0
9057,12535,686.0938622632998,624.0328282653478,980.7,645.0
9058,12536,686.091720101664,624.0394494922223,980.7,645.0
9059,12537,686.0895779400282,624.0460707190966,980.7,645.0
9060,12538,686.0874357783923,624.052691945971,980.7,645.0
9061,12539,686.0852936167565,624.0593131728453,980.7,645.0
9062,12540,686.0831514551206,624.0659343997198,980.7,645.0
9063,12541,686.0810092934848,624.0725556265942,980.7,645.0
9064,12542,686.078867131849,624.0791768534685,980.7,645.0
9065,12543,686.0767249702131,624.085798080343,980.7,645.0
9066,12544,686.0745828085774,624.0924193072174,980.7,645.0
9067,12545,686.0724406469416,624.0990405340917,980.7,645.0
9068,12546,686.0702984853057,624.1056617609661,980.7,645.0
9069,12547,686.0681563236699,624.1122829878406,980.7,645.0
9070,12548,686.066014162034,624.1189042147149,980.7,645.0
9071,12549,686.0638720003982,624.1255254415893,980.7,645.0
9072,12550,686.0617298387624,624.1321466684637,980.7,645.0
9073,12551,686.0595876771265,624.1387678953381,980.7,645.0
9074,12552,686.0574455154907,624.1453891222125,980.7,645.0
9075,12553,686.0553033538548,624.1520103490869,980.7,645.0
9076,12554,686.053161192219,624.1586315759613,980.7,645.0
9077,12555,686.0510190305832,624.1652528028357,980.7,645.0
9078,12556,686.0488768689473,624.17187402971,980.7,645.0
9079,12557,686.0467347073115,624.1784952565845,980.7,645.0
9080,12558,686.0445925456756,624.1851164834588,980.7,645.0
9081,12559,686.0424503840399,624.1917377103332,980.7,645.0
9082,12560,686.0403082224041,624.1983589372077,980.7,645.0
9083,12561,686.0381660607682,624.204980164082,980.7,645.0
9084,12562,686.0360238991324,624.2116013909564,980.7,645.0
9085,12563,686.0338817374966,624.2182226178307,980.7,645.0
9086,12564,686.0317395758607,624.2248438447052,980.7,645.0
9087,12565,686.0295974142249,624.2314650715796,980.7,645.0
9088,12566,686.027455252589,624.2380862984539,980.7,645.0
9089,12567,686.0253130909532,624.2447075253284,980.7,645.0
9090,12567,686.0231709293174,624.2513287522028,980.7,645.0
9091,12567,686.0210287676815,624.2579499790771,980.7,645.0
9092,12567,686.0188866060457,624.2645712059515,980.7,645.0
9093,12567,686.0167444444098,624.271192432826,980.7,645.0
9094,12567,686.014602282774,624.2778136597003,980.7,645.0
9095,12567,686.0124601211382,624.2844348865747,980.7,645.0
9096,12567,686.0103179595023,624.2910561134491,980.7,645.0
9097,12567,686.0081757978666,624.2976773403235,980.7,645.0
9098,12567,686.0060336362307,624.3042985671979,980.7,645.0
9099,12567,686.0038914745949,624.3109197940723,980.7,645.0
9100,12567,686.0017493129591,624.3175410209467,980.7,645.0
9101,12567,685.9996071513232,624.324162247821,980.7,645.0
9102,12567,685.9974649896874,624.3307834746954,980.7,645.0
9103,12567,685.9953228280516,624.3374047015699,980.7,645.0
9104,12567,685.9931806664157,624.3440259284442,980.7,645.0
9105,12567,685.9910385047799,624.3506471553186,980.7,645.0
9106,12567,685.988896343144,624.3572683821931,980.7,645.0
9107,12567,685.9867541815082,624.3638896090674,980.7,645.0
9108,12567,685.9846120198724,624.3705108359418,980.7,645.0
9109,12567,685.9824698582365,624.3771320628161,980.7,645.0
9110,12567,685.9803276966007,624.3837532896906,980.7,645.0
9111,12567,685.9781855349648,624.390374516565,980.7,645.0
9112,12567,685.976043373329,624.3969957434393,980.7,645.0
9113,12567,685.9739012116933,624.4036169703138,980.7,645.0
9114,12567,685.9717590500574,624.4102381971882,980.7,645.0
9115,12567,685.9696168884216,624.4168594240625,980.7,645.0
9116,12567,685.9674747267858,624.4234806509369,980.7,645.0
9117,12567,685.9653325651499,624.4301018778114,980.7,645.0
9118,12567,685.9631904035141,624.4367231046857,980.7,645.0
9119,12567,685.9610482418782,624.4433443315601,980.7,645.0
9120,12567,685.9589060802424,624.4499655584345,980.7,645.0
9121,12567,685.9567639186066,624.4565867853089,980.7,645.0
9122,12567,685.9546217569707,624.4632080121833,980.7,645.0
9123,12567,685.9524795953349,624.4698292390576,980.7,645.0
9124,12567,685.950337433699,624.4764504659321,980.7,645.0
9125,12567,685.9481952720632,624.4830716928064,980.7,645.0
9126,12567,685.9460531104274,624.4896929196808,980.7,645.0
9127,12567,685.9439109487915,624.4963141465553,980.7,645.0
9128,12567,685.9417687871558,624.5029353734296,980.7,645.0
9129,12567,685.9396266255198,624.509556600304,980.7,645.0
9130,12567,685.9374844638841,624.5161778271785,980.7,645.0
9131,12567,685.9353423022483,624.5227990540528,980.7,645.0
9132,12567,685.9332001406124,624.5294202809272,980.7,645.0
9133,12567,685.9310579789766,624.5360415078015,980.7,645.0
9134,12567,685.9289158173408,624.542662734676,980.7,645.0
9135,12567,685.9267736557049,624.5492839615504,980.7,645.0
9136,12567,685.9246314940691,624.5559051884247,980.7,645.0
9137,12567,685.9224893324332,624.5625264152992,980.7,645.0
9138,12567,685.9203471707974,624.5691476421736,980.7,645.0
9139,12567,685.9182050091616,624.5757688690479,980.7,645.0
9140,12567,685.9160628475257,624.5823900959223,980.7,645.0
9141,12567,685.9139206858899,624.5890113227968,980.7,645.0
9142,12567,685.911778524254,624.5956325496711,980.7,645.0
9143,12567,685.9096363626182,624.6022537765455,980.7,645.0
9144,12567,685.9074942009825,624.6088750034199,980.7,645.0
9145,12567,685.9053520393466,624.6154962302943,980.7,645.0
9146,12567,685.9032098777108,624.6221174571687,980.7,645.0
9147,12567,685.9010677160749,624.628738684043,980.7,645.0
9148,12567,685.8989255544391,624.6353599109175,980.7,645.0
9149,12567,685.8967833928033,624.6419811377918,980.7,645.0
9150,12567,685.8946412311674,624.6486023646662,980.7,645.0
9151,12567,685.8924990695316,624.6552235915407,980.7,645.0
9152,12567,685.8903569078958,624.661844818415,980.7,645.0
9153,12567,685.8882147462599,624.6684660452894,980.7,645.0
9154,12567,685.8860725846241,624.6750872721638,980.7,645.0
9155,12567,685.8839304229882,624.6817084990382,980.7,645.0
9156,12567,685.8817882613524,624.6883297259126,980.7,645.0
9157,12567,685.8796460997166,624.6949509527869,980.7,645.0
9158,12568,685.8775039380807,624.7015721796614,980.7,645.0
9159,12569,685.875361776445,624.7081934065358,980.7,645.0
9160,12570,685.873219614809,624.7148146334101,980.7,645.0
9161,12571,685.8710774531733,624.7214358602846,980.7,645.0
9162,12572,685.8689352915375,624.728057087159,980.7,645.0
9163,12573,685.8667931299016,624.7346783140333,980.7,645.0
9164,12574,685.8646509682658,624.7412995409077,980.7,645.0
9165,12575,685.8625088066299,624.7479207677821,980.7,645.0
9166,12576,685.8603666449941,624.7545419946565,980.7,645.0
9167,12577,685.8582244833583,624.7611632215309,980.7,645.0
9168,12578,685.8560823217224,624.7677844484053,980.7,645.0
9169,12579,685.8539401600866,624.7744056752797,980.7,645.0
9170,12580,685.8517979984508,624.781026902154,980.7,645.0
9171,12580,685.8496558368149,624.7876481290284,980.7,645.0
9172,12580,685.8475136751791,624.7942693559029,980.7,645.0
9173,12580,685.8453715135432,624.8008905827772,980.7,645.0
9174,12580,685.8432293519074,624.8075118096516,980.7,645.0
9175,12580,685.8410871902717,624.8141330365261,980.7,645.0
9176,12580,685.8389450286357,624.8207542634004,980.7,645.0
9177,12580,685.836802867,624.8273754902748,980.7,645.0
9178,12580,685.8346607053641,624.8339967171491,980.7,645.0
9179,12580,685.8325185437283,624.8406179440236,980.7,645.0
9180,12580,685.8303763820925,624.847239170898,980.7,645.0
9181,12580,685.8282342204566,624.8538603977723,980.7,645.0
9182,12580,685.8260920588208,624.8604816246468,980.7,645.0
9183,12580,685.8239498971849,624.8671028515212,980.7,645.0
9184,12580,685.8218077355491,624.8737240783955,980.7,645.0
9185,12580,685.8196655739133,624.8803453052699,980.7,645.0
9186,12580,685.8175234122774,624.8869665321444,980.7,645.0
9187,12580,685.8153812506416,624.8935877590187,980.7,645.0
9188,12580,685.8132390890058,624.9002089858931,980.7,645.0
9189,12580,685.8110969273699,624.9068302127675,980.7,645.0
9190,12580,685.8089547657341,624.9134514396419,980.7,645.0
9191,12580,685.8068126040982,624.9200726665163,980.7,645.0
9192,12580,685.8046704424625,624.9266938933907,980.7,645.0
9193,12580,685.8025282808267,624.9333151202651,980.7,645.0
9194,12580,685.8003861191908,624.9399363471395,980.7,645.0
9195,12580,685.798243957555,624.9465575740138,980.7,645.0
9196,12580,685.7961017959191,624.9531788008883,980.7,645.0
9197,12580,685.7939596342833,624.9598000277626,980.7,645.0
9198,12580,685.7918174726475,624.966421254637,980.7,645.0
9199,12580,685.7896753110116,624.9730424815115,980.7,645.0
9200,12580,685.7875331493758,624.9796637083858,980.7,645.0
9201,12580,685.78539098774,624.9862849352602,980.7,645.0
9202,12580,685.7832488261041,624.9929061621345,980.7,645.0
9203,12580,685.7811066644683,624.999527389009,980.7,645.0
9204,12580,685.7789645028324,625.0061486158834,980.7,645.0
9205,12580,685.7768223411966,625.0127698427577,980.7,645.0
9206,12580,685.7746801795608,625.0193910696322,980.7,645.0
9207,12580,685.772538017925,625.0260122965066,980.7,645.0
9208,12580,685.7703958562892,625.0326335233809,980.7,645.0
9209,12580,685.7682536946533,625.0392547502553,980.7,645.0
9210,12580,685.7661115330175,625.0458759771298,980.7,645.0
9211,12580,685.7639693713817,625.0524972040041,980.7,645.0
9212,12580,685.7618272097458,625.0591184308785,980.7,645.0
9213,12580,685.75968504811,625.0657396577529,980.7,645.0
9214,12580,685.7575428864741,625.0723608846273,980.7,645.0
9215,12580,685.7554007248383,625.0789821115017,980.7,645.0
9216,12580,685.7532585632025,625.0856033383761,980.7,645.0
9217,12580,685.7511164015666,625.0922245652505,980.7,645.0
9218,12580,685.7489742399308,625.0988457921248,980.7,645.0
9219,12580,685.746832078295,625.1054670189992,980.7,645.0
9220,12580,685.7446899166591,625.1120882458737,980.7,645.0
9221,12580,685.7425477550233,625.118709472748,980.7,645.0
9222,12580,685.7404055933874,625.1253306996224,980.7,645.0
9223,12580,685.7382634317516,625.1319519264969,980.7,645.0
9224,12580,685.7361212701159,625.1385731533712,980.7,645.0
9225,12580,685.73397910848,625.1451943802456,980.7,645.0
9226,12580,685.7318369468442,625.1518156071199,980.7,645.0
9227,12580,685.7296947852083,625.1584368339944,980.7,645.0
9228,12580,685.7275526235725,625.1650580608688,980.7,645.0
9229,12580,685.7254104619367,625.1716792877431,980.7,645.0
9230,12580,685.7232683003008,625.1783005146176,980.7,645.0
9231,12580,685.721126138665,625.184921741492,980.7,645.0
9232,12580,685.7189839770291,625.1915429683663,980.7,645.0
9233,12580,685.7168418153933,625.1981641952407,980.7,645.0
9234,12580,685.7146996537575,625.2047854221152,980.7,645.0
9235,12580,685.7125574921216,625.2114066489895,980.7,645.0
9236,12580,685.7104153304858,625.2180278758639,980.7,645.0
9237,12580,685.70827316885,625.2246491027383,980.7,645.0
9238,12580,685.7061310072141,625.2312703296127,980.7,645.0
9239,12580,685.7039888455784,625.237891556487,980.7,645.0
9240,12580,685.7018466839424,625.2445127833614,980.7,645.0
9241,12580,685.6997045223067,625.2511340102359,980.7,645.0
9242,12580,685.6975623606709,625.2577552371102,980.7,645.0
9243,12580,685.695420199035,625.2643764639846,980.7,645.0
9244,12580,685.6932780373992,625.2709976908591,980.7,645.0
9245,12580,685.6911358757633,625.2776189177334,980.7,645.0
9246,12580,685.6889937141275,625.2842401446078,980.7,645.0
9247,12580,685.6868515524917,625.2908613714823,980.7,645.0
9248,12580,685.6847093908558,625.2974825983566,980.7,645.0
9249,12580,685.68256722922,625.304103825231,980.7,645.0
9250,12580,685.6804250675841,625.3107250521053,980.7,645.0
9251,12580,685.6782829059483,625.3173462789798,980.7,645.0
9252,12580,685.6761407443125,625.3239675058542,980.7,645.0
9253,12580,685.6739985826766,625.3305887327285,980.7,645.0
9254,12580,685.6718564210408,625.337209959603,980.7,645.0
9255,12580,685.669714259405,625.3438311864774,980.7,645.0
9256,12580,685.6675720977692,625.3504524133517,980.7,645.0
9257,12580,685.6654299361334,625.3570736402261,980.7,645.0
9258,12580,685.6632877744975,625.3636948671005,980.7,645.0
9259,12580,685.6611456128617,625.3703160939749,980.7,645.0
9260,12580,685.6590034512259,625.3769373208493,980.7,645.0
9261,12580,685.65686128959,625.3835585477237,980.7,645.0
9262,12580,685.6547191279542,625.3901797745981,980.7,645.0
9263,12580,685.6525769663183,625.3968010014725,980.7,645.0
9264,12580,685.6504348046825,625.4034222283468,980.7,645.0
9265,12580,685.6482926430467,625.4100434552213,980.7,645.0
9266,12580,685.6461504814108,625.4166646820956,980.7,645.0
9267,12580,685.644008319775,625.42328590897,980.7,645.0
9268,12580,685.6418661581392,625.4299071358445,980.7,645.0
9269,12580,685.6397239965033,625.4365283627188,980.7,645.0
9270,12580,685.6375818348675,625.4431495895932,980.7,645.0
9271,12580,685.6354396732316,625.4497708164675,980.7,645.0
9272,12580,685.6332975115959,625.456392043342,980.7,645.0
9273,12580,685.6311553499601,625.4630132702164,980.7,645.0
9274,12580,685.6290131883242,625.4696344970907,980.7,645.0
9275,12580,685.6268710266884,625.4762557239652,980.7,645.0
9276,12580,685.6247288650525,625.4828769508396,980.7,645.0
9277,12580,685.6225867034167,625.4894981777139,980.7,645.0
9278,12580,685.6204445417809,625.4961194045884,980.7,645.0
9279,12580,685.618302380145,625.5027406314628,980.7,645.0
9280,12580,685.6161602185092,625.5093618583371,980.7,645.0
9281,12580,685.6140180568733,625.5159830852115,980.7,645.0
9282,12580,685.6118758952375,625.522604312086,980.7,645.0
9283,12580,685.6097337336017,625.5292255389603,980.7,645.0
9284,12580,685.6075915719658,625.5358467658347,980.7,645.0
9285,12580,685.60544941033,625.5424679927091,980.7,645.0
9286,12580,685.6033072486943,625.5490892195835,980.7,645.0
9287,12580,685.6011650870583,625.5557104464579,980.7,645.0
9288,12580,685.5990229254226,625.5623316733322,980.7,645.0
9289,12580,685.5968807637867,625.5689529002067,980.7,645.0
9290,12580,685.5947386021509,625.575574127081,980.7,645.0
9291,12580,685.5925964405151,625.5821953539554,980.7,645.0
9292,12580,685.5904542788792,625.5888165808299,980.7,645.0
9293,12580,685.5883121172434,625.5954378077042,980.7,645.0
9294,12580,685.5861699556075,625.6020590345786,980.7,645.0
9295,12580,685.5840277939717,625.608680261453,980.7,645.0
9296,12580,685.5818856323359,625.6153014883274,980.7,645.0
9297,12580,685.5797434707,625.6219227152018,980.7,645.0
9298,12580,685.5776013090642,625.6285439420761,980.7,645.0
9299,12580,685.5754591474283,625.6351651689506,980.7,645.0
9300,12580,685.5733169857925,625.641786395825,980.7,645.0
9301,12580,685.5711748241567,625.6484076226993,980.7,645.0
9302,12580,685.5690326625208,625.6550288495737,980.7,645.0
9303,12580,685.566890500885,625.6616500764482,980.7,645.0
9304,12580,685.5647483392493,625.6682713033225,980.7,645.0
9305,12580,685.5626061776134,625.6748925301969,980.7,645.0
9306,12580,685.5604640159776,625.6815137570713,980.7,645.0
9307,12580,685.5583218543417,625.6881349839457,980.7,645.0
9308,12580,685.5561796927059,625.6947562108201,980.7,645.0
9309,12580,685.5540375310701,625.7013774376945,980.7,645.0
9310,12580,685.5518953694342,625.7079986645689,980.7,645.0
9311,12580,685.5497532077984,625.7146198914432,980.7,645.0
9312,12580,685.5476110461625,625.7212411183176,980.7,645.0
9313,12580,685.5454688845267,625.7278623451921,980.7,645.0
9314,12580,685.5433267228909,625.7344835720664,980.7,645.0
9315,12580,685.541184561255,625.7411047989408,980.7,645.0
9316,12580,685.5390423996192,625.7477260258153,980.7,645.0
9317,12580,685.5369002379833,625.7543472526896,980.7,645.0
9318,12580,685.5347580763475,625.760968479564,980.7,645.0
9319,12580,685.5326159147118,625.7675897064383,980.7,645.0
9320,12580,685.5304737530759,625.7742109333128,980.7,645.0
9321,12580,685.5283315914401,625.7808321601872,980.7,645.0
9322,12580,685.5261894298043,625.7874533870615,980.7,645.0
9323,12580,685.5240472681684,625.794074613936,980.7,645.0
9324,12580,685.5219051065326,625.8006958408104,980.7,645.0
9325,12580,685.5197629448967,625.8073170676847,980.7,645.0
9326,12580,685.5176207832609,625.8139382945591,980.7,645.0
9327,12580,685.5154786216251,625.8205595214336,980.7,645.0
9328,12580,685.5133364599892,625.8271807483079,980.7,645.0
9329,12580,685.5111942983534,625.8338019751823,980.7,645.0
9330,12580,685.5090521367175,625.8404232020567,980.7,645.0
9331,12580,685.5069099750817,625.8470444289311,980.7,645.0
9332,12580,685.5047678134459,625.8536656558055,980.7,645.0
9333,12580,685.50262565181,625.8602868826799,980.7,645.0
9334,12580,685.5004834901742,625.8669081095543,980.7,645.0
9335,12580,685.4983413285385,625.8735293364286,980.7,645.0
9336,12580,685.4961991669026,625.880150563303,980.7,645.0
9337,12580,685.4940570052668,625.8867717901775,980.7,645.0
9338,12580,685.4919148436309,625.8933930170518,980.7,645.0
9339,12580,685.4897726819951,625.9000142439262,980.7,645.0
9340,12580,685.4876305203593,625.9066354708007,980.7,645.0
9341,12580,685.4854883587234,625.913256697675,980.7,645.0
9342,12580,685.4833461970876,625.9198779245494,980.7,645.0
9343,12580,685.4812040354517,625.9264991514237,980.7,645.0
9344,12580,685.4790618738159,625.9331203782982,980.7,645.0
9345,12580,685.4769197121801,625.9397416051726,980.7,645.0
9346,12580,685.4747775505442,625.9463628320469,980.7,645.0
9347,12580,685.4726353889084,625.9529840589214,980.7,645.0
9348,12580,685.4704932272725,625.9596052857958,980.7,645.0
9349,12580,685.4683510656367,625.9662265126701,980.7,645.0
9350,12580,685.466208904001,625.9728477395445,980.7,645.0
9351,12580,685.464066742365,625.979468966419,980.7,645.0
9352,12580,685.4619245807293,625.9860901932933,980.7,645.0
9353,12580,685.4597824190935,625.9927114201677,980.7,645.0
9354,12580,685.4576402574576,625.9993326470421,980.7,645.0
9355,12580,685.4554980958218,626.0059538739165,980.7,645.0
9356,12580,685.4533559341859,626.0125751007909,980.7,645.0
9357,12580,685.4512137725501,626.0191963276652,980.7,645.0
9358,12580,685.4490716109143,626.0258175545397,980.7,645.0
9359,12580,685.4469294492784,626.032438781414,980.7,645.0
9360,12580,685.4447872876426,626.0390600082884,980.7,645.0
9361,12580,685.4426451260067,626.0456812351629,980.7,645.0
9362,12580,685.4405029643709,626.0523024620372,980.7,645.0
9363,12580,685.4383608027351,626.0589236889116,980.7,645.0
9364,12580,685.4362186410992,626.0655449157861,980.7,645.0
9365,12580,685.4340764794634,626.0721661426604,980.7,645.0
9366,12580,685.4319343178275,626.0787873695348,980.7,645.0
9367,12580,685.4297921561918,626.0854085964091,980.7,645.0
9368,12580,685.427649994556,626.0920298232836,980.7,645.0
9369,12580,685.4255078329201,626.098651050158,980.7,645.0
9370,12580,685.4233656712843,626.1052722770323,980.7,645.0
9371,12580,685.4212235096485,626.1118935039068,980.7,645.0
9372,12580,685.4190813480126,626.1185147307812,980.7,645.0
9373,12580,685.4169391863768,626.1251359576555,980.7,645.0
9374,12580,685.4147970247409,626.1317571845299,980.7,645.0
9375,12580,685.4126548631051,626.1383784114043,980.7,645.0
9376,12580,685.4105127014693,626.1449996382787,980.7,645.0
9377,12580,685.4083705398334,626.1516208651531,980.7,645.0
9378,12580,685.4062283781976,626.1582420920275,980.7,645.0
9379,12580,685.4040862165617,626.1648633189019,980.7,645.0
9380,12580,685.4019440549259,626.1714845457763,980.7,645.0
9381,12580,685.3998018932901,626.1781057726506,980.7,645.0
9382,12580,685.3976597316542,626.1847269995251,980.7,645.0
9383,12580,685.3955175700185,626.1913482263994,980.7,645.0
9384,12580,685.3933754083826,626.1979694532738,980.7,645.0
9385,12580,685.3912332467468,626.2045906801483,980.7,645.0
9386,12580,685.389091085111,626.2112119070226,980.7,645.0
9387,12580,685.3869489234751,626.217833133897,980.7,645.0
9388,12580,685.3848067618393,626.2244543607713,980.7,645.0
9389,12580,685.3826646002035,626.2310755876458,980.7,645.0
9390,12580,685.3805224385676,626.2376968145202,980.7,645.0
9391,12580,685.3783802769318,626.2443180413945,980.7,645.0
9392,12580,685.3762381152959,626.250939268269,980.7,645.0
9393,12580,685.3740959536601,626.2575604951434,980.7,645.0
9394,12580,685.3719537920243,626.2641817220177,980.7,645.0
9395,12580,685.3698116303884,626.2708029488922,980.7,645.0
9396,12580,685.3676694687526,626.2774241757666,980.7,645.0
9397,12580,685.3655273071167,626.2840454026409,980.7,645.0
9398,12580,685.363385145481,626.2906666295153,980.7,645.0
9399,12580,685.3612429838452,626.2972878563897,980.7,645.0
9400,12580,685.3591008222093,626.3039090832641,980.7,645.0
9401,12580,685.3569586605735,626.3105303101385,980.7,645.0
9402,12580,685.3548164989377,626.3171515370129,980.7,645.0
9403,12580,685.3526743373018,626.3237727638873,979.7428571428571,633.4178571428571
9404,12580,685.350532175666,626.3303939907616,978.7857142857143,621.8357142857143
9405,12580,685.3483900140301,626.337015217636,977.8285714285714,610.2535714285714
9406,12580,685.3462478523943,626.3436364445105,976.8714285714286,598.6714285714286
9407,12580,685.3441056907585,626.3502576713848,975.9142857142857,587.0892857142857
9408,12580,685.3419635291226,626.3568788982592,974.9571428571429,575.5071428571429
9409,12580,685.3398213674868,626.3635001251337,974.0,563.925
9410,12580,685.3376792058509,626.370121352008,973.0428571428572,552.3428571428572
9411,12580,685.3355370442151,626.3767425788824,972.0857142857143,540.7607142857142
9412,12580,685.3333948825793,626.3833638057567,971.1285714285715,529.1785714285714
9413,12580,685.3312527209434,626.3899850326312,970.1714285714286,517.5964285714285
9414,12580,685.3291105593077,626.3966062595056,969.2142857142858,506.01428571428573
9415,12580,685.3269683976717,626.4032274863799,968.2571428571429,494.4321428571428
9416,12580,685.324826236036,626.4098487132544,967.3,482.85
9417,12580,685.3226840744002,626.4164699401288,966.3428571428572,471.2678571428571
9418,12580,685.3205419127643,626.4230911670031,965.3857142857142,459.6857142857143
9419,12580,685.3183997511285,626.4297123938775,964.4285714285714,448.1035714285714
9420,12580,685.3162575894927,626.436333620752,963.4714285714285,436.5214285714286
9421,12580,685.3141154278568,626.4429548476263,962.5142857142857,424.9392857142857
9422,12580,685.311973266221,626.4495760745007,961.5571428571428,413.3571428571429
9423,12580,685.3098311045851,626.4561973013751,960.6,401.775
9424,12580,685.3076889429493,626.4628185282495,959.6428571428571,390.1928571428572
9425,12580,685.3055467813135,626.4694397551239,958.6857142857143,378.61071428571427
9426,12580,685.3034046196776,626.4760609819983,957.7285714285714,367.0285714285714
9427,12580,685.3012624580418,626.4826822088727,956.7714285714286,355.44642857142856
9428,12580,685.2991202964059,626.489303435747,955.8142857142857,343.8642857142857
9429,12580,685.2969781347701,626.4959246626214,954.8571428571429,332.28214285714284
9430,12580,685.2948359731344,626.5025458894959,953.9,320.7
9431,12580,685.2926938114985,626.5091671163702,953.9,320.7
9432,12580,685.2905516498627,626.5157883432446,953.9,320.7
9433,12580,685.2884094882268,626.5224095701191,953.9,320.7
9434,12580,685.286267326591,626.5290307969934,953.9,320.7
9435,12580,685.2841251649552,626.5356520238678,953.9,320.7
9436,12580,685.2819830033193,626.5422732507421,953.9,320.7
9437,12580,685.2798408416835,626.5488944776166,953.9,320.7
9438,12580,685.2776986800477,626.555515704491,953.9,320.7
9439,12580,685.2755565184118,626.5621369313653,953.9,320.7
9440,12580,685.273414356776,626.5687581582398,953.9,320.7
9441,12580,685.2712721951401,626.5753793851142,953.9,320.7
9442,12580,685.2691300335043,626.5820006119885,953.9,320.7
9443,12580,685.2669878718685,626.5886218388629,953.9,320.7
9444,12580,685.2648457102326,626.5952430657373,953.9,320.7
9445,12580,685.2627035485968,626.6018642926117,953.9,320.7
9446,12580,685.260561386961,626.6084855194861,953.9,320.7
9447,12580,685.2584192253252,626.6151067463605,953.9,320.7
9448,12580,685.2562770636894,626.6217279732349,953.9,320.7
9449,12580,685.2541349020535,626.6283492001093,953.9,320.7
9450,12580,685.2519927404177,626.6349704269836,953.9,320.7
9451,12580,685.2498505787818,626.6415916538581,953.9,320.7
9452,12580,685.247708417146,626.6482128807324,953.9,320.7
9453,12580,685.2455662555102,626.6548341076068,953.9,320.7
9454,12580,685.2434240938743,626.6614553344813,953.9,320.7
9455,12580,685.2412819322385,626.6680765613556,953.9,320.7
9456,12580,685.2391397706027,626.67469778823,953.9,320.7
9457,12580,685.2369976089668,626.6813190151045,953.9,320.7
9458,12580,685.234855447331,626.6879402419788,953.9,320.7
9459,12580,685.2327132856951,626.6945614688532,953.9,320.7
9460,12580,685.2305711240593,626.7011826957275,953.9,320.7
9461,12580,685.2284289624235,626.707803922602,953.9,320.7
9462,12580,685.2262868007876,626.7144251494764,953.9,320.7
9463,12580,685.2241446391519,626.7210463763507,953.9,320.7
9464,12580,685.222002477516,626.7276676032252,953.9,320.7
9465,12580,685.2198603158802,626.7342888300996,953.9,320.7
9466,12580,685.2177181542444,626.7409100569739,953.9,320.7
9467,12580,685.2155759926085,626.7475312838483,953.9,320.7
9468,12580,685.2134338309727,626.7541525107227,953.9,320.7
9469,12580,685.2112916693368,626.7607737375971,953.9,320.7
9470,12580,685.209149507701,626.7673949644715,953.9,320.7
9471,12580,685.2070073460652,626.7740161913459,953.9,320.7
9472,12580,685.2048651844293,626.7806374182203,953.9,320.7
9473,12580,685.2027230227935,626.7872586450947,953.9,320.7
9474,12580,685.2005808611577,626.793879871969,953.9,320.7
9475,12580,685.1984386995218,626.8005010988435,953.9,320.7
9476,12580,685.196296537886,626.8071223257178,953.9,320.7
9477,12580,685.1941543762501,626.8137435525922,953.9,320.7
9478,12580,685.1920122146144,626.8203647794667,953.9,320.7
9479,12580,685.1898700529786,626.826986006341,953.9,320.7
9480,12580,685.1877278913427,626.8336072332154,953.9,320.7
9481,12580,685.1855857297069,626.8402284600897,953.9,320.7
9482,12580,685.183443568071,626.8468496869642,953.9,320.7
9483,12580,685.1813014064352,626.8534709138386,953.9,320.7
9484,12580,685.1791592447994,626.8600921407129,953.9,320.7
9485,12580,685.1770170831635,626.8667133675874,953.9,320.7
9486,12580,685.1748749215277,626.8733345944618,953.9,320.7
9487,12580,685.1727327598919,626.8799558213361,953.9,320.7
9488,12580,685.170590598256,626.8865770482106,953.9,320.7
9489,12580,685.1684484366202,626.893198275085,953.9,320.7
9490,12580,685.1663062749843,626.8998195019593,953.9,320.7
9491,12580,685.1641641133485,626.9064407288337,953.9,320.7
9492,12580,685.1620219517127,626.9130619557081,953.9,320.7
9493,12580,685.1598797900768,626.9196831825825,953.9,320.7
9494,12581,685.157737628441,626.9263044094569,953.9,320.7
9495,12582,685.1555954668052,626.9329256363313,953.9,320.7
9496,12583,685.1534533051694,626.9395468632057,953.9,320.7
9497,12584,685.1513111435336,626.94616809008,953.9,320.7
9498,12585,685.1491689818977,626.9527893169544,953.9,320.7
9499,12586,685.1470268202619,626.9594105438289,953.9,320.7
9500,12587,685.144884658626,626.9660317707032,953.9,320.7
9501,12588,685.1427424969902,626.9726529975776,953.9,320.7
9502,12589,685.1406003353544,626.9792742244521,953.9,320.7
9503,12590,685.1384581737185,626.9858954513264,953.9,320.7
9504,12591,685.1363160120827,626.9925166782008,953.9,320.7
9505,12592,685.1341738504469,626.9991379050751,953.9,320.7
9506,12593,685.132031688811,627.0057591319496,953.9,320.7
9507,12594,685.1298895271752,627.012380358824,953.9,320.7
9508,12595,685.1277473655393,627.0190015856983,953.9,320.7
9509,12596,685.1256052039035,627.0256228125728,953.9,320.7
9510,12597,685.1234630422678,627.0322440394472,953.9,320.7
9511,12598,685.1213208806319,627.0388652663215,953.9,320.7
9512,12599,685.1191787189961,627.045486493196,953.9,320.7
9513,12600,685.1170365573602,627.0521077200704,953.9,320.7
9514,12601,685.1148943957244,627.0587289469447,953.9,320.7
9515,12602,685.1127522340886,627.0653501738191,953.9,320.7
9516,12603,685.1106100724527,627.0719714006935,953.9,320.7
9517,12604,685.1084679108169,627.0785926275679,953.9,320.7
9518,12605,685.106325749181,627.0852138544423,953.9,320.7
9519,12606,685.1041835875452,627.0918350813167,953.9,320.7
9520,12607,685.1020414259094,627.0984563081911,953.9,320.7
9521,12608,685.0998992642735,627.1050775350654,953.9,320.7
9522,12609,685.0977571026377,627.1116987619398,953.9,320.7
9523,12610,685.0956149410019,627.1183199888143,953.9,320.7
9524,12611,685.093472779366,627.1249412156886,953.9,320.7
9525,12612,685.0913306177303,627.131562442563,953.9,320.7
9526,12613,685.0891884560943,627.1381836694375,953.9,320.7
9527,12614,685.0870462944586,627.1448048963118,953.9,320.7
9528,12615,685.0849041328228,627.1514261231862,953.9,320.7
9529,12616,685.0827619711869,627.1580473500605,953.9,320.7
9530,12617,685.0806198095511,627.164668576935,953.9,320.7
9531,12618,685.0784776479152,627.1712898038094,953.9,320.7
9532,12619,685.0763354862794,627.1779110306837,953.9,320.7
9533,12620,685.0741933246436,627.1845322575582,953.9,320.7
9534,12621,685.0720511630077,627.1911534844326,953.9,320.7
9535,12622,685.0699090013719,627.1977747113069,953.9,320.7
9536,12623,685.067766839736,627.2043959381813,953.9,320.7
9537,12624,685.0656246781002,627.2110171650558,953.9,320.7
9538,12625,685.0634825164644,627.2176383919301,953.9,320.7
9539,12626,685.0613403548285,627.2242596188045,953.9,320.7
9540,12627,685.0591981931927,627.2308808456789,954.1218749999999,330.346875
9541,12628,685.057056031557,627.2375020725533,954.34375,339.99375
9542,12629,685.054913869921,627.2441232994277,954.565625,349.640625
9543,12630,685.0527717082853,627.2507445263021,954.7875,359.28749999999997
9544,12631,685.0506295466494,627.2573657531765,955.009375,368.934375
9545,12632,685.0484873850136,627.2639869800508,955.2312499999999,378.58124999999995
9546,12633,685.0463452233778,627.2706082069252,955.453125,388.228125
9547,12634,685.0442030617419,627.2772294337997,955.675,397.875
9548,12635,685.0420609001061,627.283850660674,955.896875,407.52187499999997
9549,12636,685.0399187384702,627.2904718875484,956.11875,417.16875
9550,12637,685.0377765768344,627.2970931144229,956.3406249999999,426.81562499999995
9551,12638,685.0356344151986,627.3037143412972,956.5625,436.4625
9552,12639,685.0334922535627,627.3103355681716,956.784375,446.109375
9553,12640,685.0313500919269,627.3169567950459,957.00625,455.75625
9554,12641,685.0292079302911,627.3235780219204,957.228125,465.403125
9555,12642,685.0270657686552,627.3301992487948,957.45,475.04999999999995
9556,12643,685.0249236070194,627.3368204756691,957.671875,484.696875
9557,12644,685.0227814453835,627.3434417025436,957.89375,494.34375
9558,12645,685.0206392837478,627.350062929418,958.115625,503.990625
9559,12646,685.018497122112,627.3566841562923,958.3375,513.6375
9560,12647,685.0163549604761,627.3633053831667,958.559375,523.284375
9561,12648,685.0142127988403,627.3699266100411,958.78125,532.93125
9562,12649,685.0120706372044,627.3765478369155,959.003125,542.578125
9563,12650,685.0099284755686,627.3831690637899,959.225,552.2249999999999
9564,12651,685.0077863139328,627.3897902906643,959.446875,561.871875
9565,12652,685.0056441522969,627.3964115175387,959.66875,571.51875
9566,12653,685.0035019906611,627.403032744413,959.890625,581.165625
9567,12653,685.0013598290252,627.4096539712874,960.1125,590.8125
9568,12653,684.9992176673894,627.4162751981619,960.334375,600.4593749999999
9569,12653,684.9970755057536,627.4228964250362,960.55625,610.10625
9570,12653,684.9949333441177,627.4295176519106,960.778125,619.753125
9571,12653,684.9927911824819,627.4361388787851,961.0,629.4
9572,12653,684.9906490208461,627.4427601056594,961.0,629.4
9573,12653,684.9885068592102,627.4493813325338,961.0,629.4
9574,12653,684.9863646975745,627.4560025594083,961.0,629.4
9575,12653,684.9842225359386,627.4626237862826,961.0,629.4
9576,12653,684.9820803743028,627.469245013157,961.0,629.4
9577,12653,684.979938212667,627.4758662400313,961.0,629.4
9578,12653,684.9777960510311,627.4824874669058,961.0,629.4
9579,12653,684.9756538893953,627.4891086937802,961.0,629.4
9580,12653,684.9735117277594,627.4957299206545,961.0,629.4
9581,12653,684.9713695661236,627.502351147529,961.0,629.4
9582,12653,684.9692274044878,627.5089723744034,961.0,629.4
9583,12653,684.9670852428519,627.5155936012777,961.0,629.4
9584,12653,684.9649430812161,627.5222148281521,961.0,629.4
9585,12653,684.9628009195802,627.5288360550265,961.0,629.4
9586,12653,684.9606587579444,627.5354572819009,961.0,629.4
9587,12653,684.9585165963086,627.5420785087753,961.0,629.4
9588,12653,684.9563744346727,627.5486997356497,961.0,629.4
9589,12653,684.954232273037,627.5553209625241,961.0,629.4
9590,12653,684.9520901114012,627.5619421893985,961.0,629.4
9591,12653,684.9499479497653,627.5685634162728,961.0,629.4
9592,12653,684.9478057881295,627.5751846431473,961.0,629.4
9593,12653,684.9456636264936,627.5818058700216,961.0,629.4
9594,12653,684.9435214648578,627.588427096896,961.0,629.4
9595,12653,684.941379303222,627.5950483237705,961.0,629.4
9596,12653,684.9392371415861,627.6016695506448,961.0,629.4
9597,12653,684.9370949799503,627.6082907775192,961.0,629.4
9598,12653,684.9349528183144,627.6149120043935,961.0,629.4
9599,12653,684.9328106566786,627.621533231268,961.0,629.4
9600,12653,684.9306684950428,627.6281544581424,961.0,629.4
9601,12653,684.9285263334069,627.6347756850167,961.0,629.4
9602,12653,684.9263841717711,627.6413969118912,961.0,629.4
9603,12653,684.9242420101352,627.6480181387656,961.0,629.4
9604,12653,684.9220998484994,627.6546393656399,961.0,629.4
9605,12653,684.9199576868637,627.6612605925144,961.0,629.4
9606,12653,684.9178155252278,627.6678818193888,961.0,629.4
9607,12653,684.915673363592,627.6745030462631,961.0,629.4
9608,12653,684.9135312019562,627.6811242731375,961.0,629.4
9609,12653,684.9113890403203,627.6877455000119,961.0,629.4
9610,12653,684.9092468786845,627.6943667268863,961.0,629.4
9611,12653,684.9071047170486,627.7009879537607,961.0,629.4
9612,12653,684.9049625554128,627.7076091806351,961.0,629.4
9613,12653,684.902820393777,627.7142304075095,961.0,629.4
9614,12653,684.9006782321411,627.7208516343838,961.0,629.4
9615,12653,684.8985360705053,627.7274728612582,961.0,629.4
9616,12653,684.8963939088694,627.7340940881327,961.0,629.4
9617,12653,684.8942517472336,627.740715315007,961.0,629.4
9618,12653,684.8921095855978,627.7473365418814,961.0,629.4
9619,12653,684.8899674239619,627.7539577687559,961.0,629.4
9620,12653,684.8878252623261,627.7605789956302,961.0,629.4
9621,12653,684.8856831006904,627.7672002225046,961.0,629.4
9622,12653,684.8835409390545,627.7738214493789,961.0,629.4
9623,12653,684.8813987774187,627.7804426762534,961.0,629.4
9624,12653,684.8792566157828,627.7870639031278,961.0,629.4
9625,12653,684.877114454147,627.7936851300021,961.0,629.4
9626,12653,684.8749722925112,627.8003063568766,961.0,629.4
9627,12653,684.8728301308753,627.806927583751,961.0,629.4
9628,12653,684.8706879692395,627.8135488106253,961.0,629.4
9629,12653,684.8685458076036,627.8201700374998,961.0,629.4
9630,12653,684.8664036459678,627.8267912643742,961.0,629.4
9631,12653,684.864261484332,627.8334124912485,961.0,629.4
9632,12653,684.8621193226961,627.8400337181229,961.0,629.4
9633,12653,684.8599771610603,627.8466549449973,961.0,629.4
9634,12653,684.8578349994244,627.8532761718717,961.0,629.4
9635,12653,684.8556928377886,627.859897398746,961.0,629.4
9636,12653,684.8535506761528,627.8665186256205,961.0,629.4
9637,12653,684.851408514517,627.8731398524949,961.0,629.4
9638,12653,684.8492663528812,627.8797610793692,961.0,629.4
9639,12653,684.8471241912454,627.8863823062436,961.0,629.4
9640,12653,684.8449820296095,627.8930035331181,961.0,629.4
9641,12653,684.8428398679737,627.8996247599924,961.0,629.4
9642,12653,684.8406977063378,627.9062459868668,961.0,629.4
9643,12653,684.838555544702,627.9128672137413,961.0,629.4
9644,12653,684.8364133830662,627.9194884406156,961.0,629.4
9645,12653,684.8342712214303,627.92610966749,961.0,629.4
9646,12653,684.8321290597945,627.9327308943643,961.0,629.4
9647,12653,684.8299868981586,627.9393521212388,961.0,629.4
9648,12653,684.8278447365228,627.9459733481132,961.0,629.4
9649,12653,684.825702574887,627.9525945749875,961.0,629.4
9650,12653,684.8235604132511,627.959215801862,961.0,629.4
9651,12653,684.8214182516153,627.9658370287364,961.0,629.4
9652,12653,684.8192760899794,627.9724582556107,961.0,629.4
9653,12653,684.8171339283437,627.9790794824851,961.0,629.4
9654,12653,684.8149917667079,627.9857007093595,961.0,629.4
9655,12653,684.812849605072,627.9923219362339,961.0,629.4
9656,12653,684.8107074434362,627.9989431631083,961.0,629.4
9657,12653,684.8085652818004,628.0055643899827,961.0,629.4
9658,12653,684.8064231201645,628.0121856168571,961.0,629.4
9659,12653,684.8042809585287,628.0188068437315,961.0,629.4
9660,12653,684.8021387968928,628.0254280706059,961.0,629.4
9661,12653,684.799996635257,628.0320492974803,961.0,629.4
9662,12653,684.7978544736212,628.0386705243546,961.0,629.4
9663,12653,684.7957123119853,628.045291751229,961.0,629.4
9664,12653,684.7935701503495,628.0519129781035,961.0,629.4
9665,12653,684.7914279887136,628.0585342049778,961.0,629.4
9666,12653,684.7892858270778,628.0651554318522,961.0,629.4
9667,12653,684.787143665442,628.0717766587267,961.0,629.4
9668,12653,684.7850015038061,628.078397885601,961.0,629.4
9669,12653,684.7828593421704,628.0850191124754,961.0,629.4
9670,12653,684.7807171805345,628.0916403393497,961.0,629.4
9671,12653,684.7785750188987,628.0982615662242,961.0,629.4
9672,12653,684.7764328572629,628.1048827930986,961.0,629.4
9673,12653,684.774290695627,628.1115040199729,961.0,629.4
9674,12653,684.7721485339912,628.1181252468474,961.0,629.4
9675,12653,684.7700063723554,628.1247464737218,961.0,629.4
9676,12653,684.7678642107195,628.1313677005961,961.0,629.4
9677,12653,684.7657220490837,628.1379889274705,961.0,629.4
9678,12653,684.7635798874478,628.144610154345,961.0,629.4
9679,12653,684.761437725812,628.1512313812193,961.0,629.4
9680,12653,684.7592955641762,628.1578526080937,960.4114942528736,629.5183908045976
9681,12653,684.7571534025403,628.1644738349681,959.8229885057472,629.6367816091954
9682,12653,684.7550112409045,628.1710950618425,959.2344827586207,629.755172413793
9683,12653,684.7528690792686,628.1777162887169,958.6459770114942,629.8735632183908
9684,12653,684.7507269176328,628.1843375155912,958.0574712643678,629.9919540229885
9685,12653,684.7485847559971,628.1909587424657,957.4689655172414,630.1103448275862
9686,12653,684.7464425943612,628.19757996934,956.880459770115,630.2287356321839
9687,12653,684.7443004327254,628.2042011962144,956.2919540229885,630.3471264367815
9688,12653,684.7421582710895,628.2108224230889,955.7034482758621,630.4655172413793
9689,12653,684.7400161094537,628.2174436499632,955.1149425287356,630.583908045977
9690,12653,684.7378739478179,628.2240648768376,954.5264367816092,630.7022988505747
9691,12653,684.735731786182,628.2306861037121,953.9379310344827,630.8206896551724
9692,12653,684.7335896245462,628.2373073305864,953.3494252873563,630.9390804597701
9693,12653,684.7314474629104,628.2439285574608,952.7609195402299,631.0574712643678
9694,12653,684.7293053012745,628.2505497843351,952.1724137931035,631.1758620689656
9695,12653,684.7271631396387,628.2571710112096,951.583908045977,631.2942528735632
9696,12653,684.7250209780028,628.263792238084,950.9954022988505,631.4126436781609
9697,12653,684.722878816367,628.2704134649583,950.4068965517241,631.5310344827586
9698,12653,684.7207366547312,628.2770346918328,949.8183908045977,631.6494252873563
9699,12653,684.7185944930953,628.2836559187072,949.2298850574713,631.767816091954
9700,12653,684.7164523314595,628.2902771455815,948.6413793103449,631.8862068965517
9701,12653,684.7143101698236,628.2968983724559,948.0528735632183,632.0045977011495
9702,12653,684.7121680081879,628.3035195993303,947.4643678160919,632.1229885057471
9703,12653,684.7100258465521,628.3101408262047,946.8758620689655,632.2413793103448
9704,12653,684.7078836849162,628.3167620530791,946.2873563218391,632.3597701149425
9705,12653,684.7057415232804,628.3233832799535,945.6988505747127,632.4781609195402
9706,12653,684.7035993616446,628.3300045068279,945.1103448275862,632.596551724138
9707,12653,684.7014572000087,628.3366257337022,944.5218390804598,632.7149425287356
9708,12653,684.6993150383729,628.3432469605766,943.9333333333333,632.8333333333334
9709,12653,684.697172876737,628.3498681874511,943.3448275862069,632.951724137931
9710,12653,684.6950307151012,628.3564894143254,942.7563218390804,633.0701149425288
9711,12653,684.6928885534654,628.3631106411998,942.167816091954,633.1885057471264
9712,12653,684.6907463918295,628.3697318680743,941.5793103448276,633.3068965517241
9713,12653,684.6886042301937,628.3763530949486,940.9908045977012,633.4252873563219
9714,12653,684.6864620685578,628.382974321823,940.4022988505747,633.5436781609195
9715,12653,684.684319906922,628.3895955486973,939.8137931034482,633.6620689655173
9716,12653,684.6821777452863,628.3962167755718,939.2252873563218,633.7804597701149
9717,12653,684.6800355836504,628.4028380024462,938.6367816091954,633.8988505747127
9718,12653,684.6778934220146,628.4094592293205,938.048275862069,634.0172413793103
9719,12653,684.6757512603787,628.416080456195,937.4597701149426,634.135632183908
9720,12653,684.6736090987429,628.4227016830694,936.871264367816,634.2540229885058
9721,12653,684.6714669371071,628.4293229099437,936.2827586206896,634.3724137931034
9722,12653,684.6693247754712,628.4359441368182,935.6942528735632,634.4908045977012
9723,12653,684.6671826138354,628.4425653636926,935.1057471264368,634.6091954022988
9724,12653,684.6650404521996,628.4491865905669,934.5172413793103,634.7275862068966
9725,12653,684.6628982905637,628.4558078174413,933.9287356321839,634.8459770114943
9726,12653,684.6607561289279,628.4624290443157,933.3402298850574,634.964367816092
9727,12653,684.658613967292,628.4690502711901,932.751724137931,635.0827586206897
9728,12653,684.6564718056562,628.4756714980645,932.1632183908046,635.2011494252873
9729,12653,684.6543296440204,628.4822927249389,931.5747126436781,635.3195402298851
9730,12653,684.6521874823845,628.4889139518133,930.9862068965517,635.4379310344827
9731,12653,684.6500453207487,628.4955351786876,930.3977011494253,635.5563218390805
9732,12653,684.6479031591128,628.502156405562,929.8091954022988,635.6747126436782
9733,12653,684.645760997477,628.5087776324365,929.2206896551724,635.7931034482759
9734,12653,684.6436188358413,628.5153988593108,928.6321839080459,635.9114942528736
9735,12653,684.6414766742054,628.5220200861852,928.0436781609195,636.0298850574712
9736,12653,684.6393345125696,628.5286413130597,927.4551724137931,636.148275862069
9737,12653,684.6371923509337,628.535262539934,926.8666666666667,636.2666666666667
9738,12653,684.6350501892979,628.5418837668084,926.2781609195401,636.3850574712644
9739,12653,684.6329080276621,628.5485049936827,925.6896551724137,636.5034482758621
9740,12653,684.6307658660262,628.5551262205572,925.1011494252873,636.6218390804598
9741,12653,684.6286237043904,628.5617474474316,924.5126436781609,636.7402298850575
9742,12653,684.6264815427546,628.5683686743059,923.9241379310345,636.8586206896553
9743,12653,684.6243393811187,628.5749899011804,923.335632183908,636.9770114942529
9744,12653,684.6221972194829,628.5816111280548,922.7471264367816,637.0954022988506
9745,12653,684.620055057847,628.5882323549291,922.1586206896551,637.2137931034483
9746,12653,684.6179128962112,628.5948535818036,921.5701149425287,637.332183908046
9747,12653,684.6157707345754,628.601474808678,920.9816091954023,637.4505747126437
9748,12653,684.6136285729395,628.6080960355523,920.3931034482758,637.5689655172414
9749,12653,684.6114864113038,628.6147172624267,919.8045977011494,637.6873563218392
9750,12653,684.6093442496679,628.6213384893011,919.216091954023,637.8057471264368
9751,12653,684.6072020880321,628.6279597161755,918.6275862068965,637.9241379310345
9752,12653,684.6050599263963,628.6345809430499,918.03908045977,638.0425287356322
9753,12653,684.6029177647604,628.6412021699243,917.4505747126436,638.1609195402299
9754,12653,684.6007756031246,628.6478233967987,916.8620689655172,638.2793103448276
9755,12653,684.5986334414887,628.654444623673,916.2735632183908,638.3977011494253
9756,12653,684.5964912798529,628.6610658505474,915.6850574712644,638.5160919540231
9757,12653,684.5943491182171,628.6676870774219,915.0965517241378,638.6344827586207
9758,12653,684.5922069565812,628.6743083042962,914.5080459770114,638.7528735632184
9759,12653,684.5900647949454,628.6809295311706,913.919540229885,638.8712643678161
9760,12653,684.5879226333096,628.6875507580451,913.3310344827586,638.9896551724138
9761,12653,684.5857804716737,628.6941719849194,912.7425287356322,639.1080459770116
9762,12653,684.5836383100379,628.7007932117938,912.1540229885057,639.2264367816092
9763,12653,684.581496148402,628.7074144386681,911.5655172413792,639.344827586207
9764,12653,684.5793539867663,628.7140356655426,910.9770114942528,639.4632183908046
9765,12653,684.5772118251305,628.720656892417,910.3885057471264,639.5816091954024
9766,12653,684.5750696634946,628.7272781192913,909.8,639.7
9767,12653,684.5729275018588,628.7338993461658,909.8,639.7
9768,12653,684.5707853402229,628.7405205730402,909.8,639.7
9769,12653,684.5686431785871,628.7471417999145,909.8,639.7
9770,12653,684.5665010169513,628.7537630267889,909.8,639.7
9771,12653,684.5643588553154,628.7603842536633,909.8,639.7
9772,12653,684.5622166936796,628.7670054805377,909.8,639.7
9773,12653,684.5600745320438,628.7736267074121,909.8,639.7
9774,12653,684.5579323704079,628.7802479342865,909.8,639.7
9775,12653,684.5557902087721,628.7868691611609,909.8,639.7
9776,12653,684.5536480471362,628.7934903880353,909.8,639.7
9777,12653,684.5515058855004,628.8001116149096,909.8,639.7
9778,12653,684.5493637238646,628.8067328417841,909.8,639.7
9779,12653,684.5472215622287,628.8133540686584,909.8,639.7
9780,12653,684.545079400593,628.8199752955328,909.8,639.7
9781,12653,684.542937238957,628.8265965224073,909.8,639.7
9782,12653,684.5407950773213,628.8332177492816,909.8,639.7
9783,12653,684.5386529156855,628.839838976156,909.8,639.7
9784,12653,684.5365107540496,628.8464602030305,909.8,639.7
9785,12653,684.5343685924138,628.8530814299048,909.8,639.7
9786,12653,684.5322264307779,628.8597026567792,909.8,639.7
9787,12653,684.5300842691421,628.8663238836535,909.8,639.7
9788,12653,684.5279421075063,628.872945110528,909.8,639.7
9789,12653,684.5257999458704,628.8795663374024,909.8,639.7
9790,12653,684.5236577842346,628.8861875642767,909.8,639.7
9791,12653,684.5215156225988,628.8928087911512,909.8,639.7
9792,12653,684.5193734609629,628.8994300180256,909.8,639.7
9793,12653,684.5172312993271,628.9060512448999,909.8,639.7
9794,12653,684.5150891376912,628.9126724717743,909.8,639.7
9795,12653,684.5129469760554,628.9192936986487,909.8,639.7
9796,12653,684.5108048144197,628.9259149255231,909.8,639.7
9797,12653,684.5086626527838,628.9325361523975,909.8,639.7
9798,12653,684.506520491148,628.9391573792719,909.8,639.7
9799,12653,684.5043783295121,628.9457786061463,909.8,639.7
9800,12653,684.5022361678763,628.9523998330206,909.8,639.7
9801,12653,684.5000940062405,628.959021059895,909.8,639.7
9802,12653,684.4979518446046,628.9656422867695,909.8,639.7
9803,12653,684.4958096829688,628.9722635136438,909.8,639.7
9804,12653,684.4936675213329,628.9788847405182,909.8,639.7
9805,12653,684.4915253596971,628.9855059673927,909.8,639.7
9806,12653,684.4893831980613,628.992127194267,909.8,639.7
9807,12653,684.4872410364254,628.9987484211414,909.8,639.7
9808,12653,684.4850988747896,629.0053696480159,909.8,639.7
9809,12653,684.4829567131538,629.0119908748902,909.8,639.7
9810,12653,684.4808145515179,629.0186121017646,909.8,639.7
9811,12653,684.4786723898821,629.0252333286389,909.8,639.7
9812,12653,684.4765302282462,629.0318545555134,909.8,639.7
9813,12653,684.4743880666105,629.0384757823878,909.8,639.7
9814,12653,684.4722459049747,629.0450970092621,909.8,639.7
9815,12653,684.4701037433388,629.0517182361366,909.8,639.7
9816,12653,684.467961581703,629.058339463011,909.8,639.7
9817,12653,684.4658194200671,629.0649606898853,909.8,639.7
9818,12653,684.4636772584313,629.0715819167597,909.8,639.7
9819,12653,684.4615350967955,629.0782031436341,909.8,639.7
9820,12653,684.4593929351596,629.0848243705085,909.8,639.7
9821,12653,684.4572507735238,629.0914455973829,909.8,639.7
9822,12653,684.4551086118879,629.0980668242573,909.8,639.7
9823,12653,684.4529664502521,629.1046880511317,909.8,639.7
9824,12653,684.4508242886163,629.111309278006,909.8,639.7
9825,12653,684.4486821269804,629.1179305048804,909.8,639.7
9826,12653,684.4465399653446,629.1245517317549,909.8,639.7
9827,12653,684.4443978037089,629.1311729586292,909.8,639.7
9828,12653,684.442255642073,629.1377941855036,909.8,639.7
9829,12653,684.4401134804372,629.1444154123781,909.8,639.7
9830,12653,684.4379713188013,629.1510366392524,909.8,639.7
9831,12653,684.4358291571655,629.1576578661268,909.8,639.7
9832,12653,684.4336869955297,629.1642790930011,909.8,639.7
9833,12653,684.4315448338938,629.1709003198756,909.8,639.7
9834,12653,684.429402672258,629.17752154675,909.8,639.7
9835,12653,684.4272605106221,629.1841427736243,909.8,639.7
9836,12653,684.4251183489863,629.1907640004988,909.8,639.7
9837,12653,684.4229761873505,629.1973852273732,909.8,639.7
9838,12653,684.4208340257146,629.2040064542475,909.8,639.7
9839,12653,684.4186918640788,629.210627681122,909.8,639.7
9840,12653,684.416549702443,629.2172489079963,909.8,639.7
9841,12653,684.4144075408071,629.2238701348707,909.8,639.7
9842,12653,684.4122653791713,629.2304913617451,909.8,639.7
9843,12653,684.4101232175354,629.2371125886195,909.8,639.7
9844,12653,684.4079810558997,629.2437338154939,909.8,639.7
9845,12653,684.4058388942639,629.2503550423683,909.8,639.7
9846,12653,684.403696732628,629.2569762692427,909.8,639.7
9847,12653,684.4015545709922,629.2635974961171,909.8,639.7
9848,12653,684.3994124093563,629.2702187229914,909.8,639.7
9849,12653,684.3972702477205,629.2768399498658,909.8,639.7
9850,12653,684.3951280860847,629.2834611767403,909.8,639.7
9851,12653,684.3929859244488,629.2900824036146,909.8,639.7
9852,12653,684.390843762813,629.296703630489,909.8,639.7
9853,12653,684.3887016011771,629.3033248573635,909.8,639.7
9854,12653,684.3865594395413,629.3099460842378,909.8,639.7
9855,12653,684.3844172779055,629.3165673111122,909.8,639.7
9856,12653,684.3822751162696,629.3231885379865,909.8,639.7
9857,12653,684.3801329546338,629.329809764861,909.8,639.7
9858,12653,684.377990792998,629.3364309917354,909.8,639.7
9859,12653,684.3758486313621,629.3430522186097,909.8,639.7
9860,12653,684.3737064697264,629.3496734454842,909.8,639.7
9861,12653,684.3715643080905,629.3562946723586,909.8,639.7
9862,12653,684.3694221464547,629.3629158992329,909.8,639.7
9863,12653,684.3672799848189,629.3695371261074,909.8,639.7
9864,12653,684.365137823183,629.3761583529817,909.8,639.7
9865,12653,684.3629956615472,629.3827795798561,909.8,639.7
9866,12653,684.3608534999113,629.3894008067305,909.8,639.7
9867,12653,684.3587113382755,629.3960220336049,909.8,639.7
9868,12653,684.3565691766397,629.4026432604793,909.8,639.7
9869,12653,684.3544270150038,629.4092644873537,909.8,639.7
9870,12653,684.352284853368,629.4158857142281,909.8,639.7
9871,12653,684.3501426917321,629.4225069411025,909.8,639.7
9872,12653,684.3480005300963,629.4291281679768,909.8,639.7
9873,12653,684.3458583684605,629.4357493948512,909.8,639.7
9874,12653,684.3437162068246,629.4423706217257,909.8,639.7
9875,12653,684.3415740451888,629.4489918486,909.8,639.7
9876,12653,684.3394318835531,629.4556130754744,909.8,639.7
9877,12653,684.3372897219172,629.4622343023489,909.8,639.7
9878,12653,684.3351475602814,629.4688555292232,909.8,639.7
9879,12653,684.3330053986455,629.4754767560976,909.8,639.7
9880,12653,684.3308632370097,629.4820979829719,909.8,639.7
9881,12653,684.3287210753739,629.4887192098464,909.8,639.7
9882,12653,684.326578913738,629.4953404367208,909.8,639.7
9883,12653,684.3244367521022,629.5019616635951,909.8,639.7
9884,12653,684.3222945904663,629.5085828904696,909.8,639.7
9885,12653,684.3201524288305,629.515204117344,909.8,639.7
9886,12653,684.3180102671947,629.5218253442183,909.8,639.7
9887,12653,684.3158681055588,629.5284465710927,909.8,639.7
9888,12653,684.313725943923,629.5350677979671,909.8,639.7
9889,12653,684.3115837822871,629.5416890248415,909.8,639.7
9890,12653,684.3094416206513,629.5483102517159,909.8,639.7
9891,12653,684.3072994590156,629.5549314785903,909.8,639.7
9892,12653,684.3051572973797,629.5615527054647,909.8,639.7
9893,12653,684.3030151357439,629.568173932339,909.8,639.7
9894,12653,684.3008729741081,629.5747951592134,909.8,639.7
9895,12653,684.2987308124722,629.5814163860879,909.8,639.7
9896,12653,684.2965886508364,629.5880376129622,909.8,639.7
9897,12653,684.2944464892005,629.5946588398366,909.8,639.7
9898,12653,684.2923043275647,629.6012800667111,909.8,639.7
9899,12653,684.2901621659289,629.6079012935854,909.8,639.7
9900,12653,684.288020004293,629.6145225204598,909.8,639.7
9901,12653,684.2858778426572,629.6211437473343,909.8,639.7
9902,12653,684.2837356810213,629.6277649742086,909.8,639.7
9903,12653,684.2815935193855,629.634386201083,909.8,639.7
9904,12653,684.2794513577497,629.6410074279573,909.8,639.7
9905,12653,684.2773091961138,629.6476286548318,909.8,639.7
9906,12653,684.275167034478,629.6542498817062,909.8,639.7
9907,12653,684.2730248728421,629.6608711085805,909.8,639.7
9908,12653,684.2708827112064,629.667492335455,909.8,639.7
9909,12653,684.2687405495706,629.6741135623294,909.8,639.7
9910,12653,684.2665983879347,629.6807347892037,909.8,639.7
9911,12653,684.2644562262989,629.6873560160781,909.8,639.7
9912,12653,684.2623140646631,629.6939772429525,909.8,639.7
9913,12653,684.2601719030272,629.7005984698269,909.8,639.7
9914,12653,684.2580297413914,629.7072196967013,909.8,639.7
9915,12653,684.2558875797555,629.7138409235757,909.8,639.7
9916,12653,684.2537454181197,629.7204621504501,909.8,639.7
9917,12653,684.2516032564839,629.7270833773244,909.8,639.7
9918,12653,684.249461094848,629.7337046041988,909.8,639.7
9919,12653,684.2473189332122,629.7403258310733,909.8,639.7
9920,12653,684.2451767715763,629.7469470579476,909.8,639.7
9921,12653,684.2430346099405,629.753568284822,909.8,639.7
9922,12653,684.2408924483047,629.7601895116965,909.8,639.7
9923,12653,684.2387502866688,629.7668107385708,909.8,639.7
9924,12653,684.2366081250331,629.7734319654452,909.8,639.7
9925,12653,684.2344659633973,629.7800531923197,909.8,639.7
9926,12653,684.2323238017614,629.786674419194,909.8,639.7
9927,12653,684.2301816401256,629.7932956460684,909.8,639.7
9928,12653,684.2280394784897,629.7999168729427,909.8,639.7
9929,12653,684.2258973168539,629.8065380998172,909.8,639.7
9930,12653,684.2237551552181,629.8131593266916,909.8,639.7
9931,12653,684.2216129935822,629.8197805535659,909.8,639.7
9932,12653,684.2194708319464,629.8264017804404,909.8,639.7
9933,12653,684.2173286703105,629.8330230073148,909.8,639.7
9934,12653,684.2151865086747,629.8396442341891,909.8,639.7
9935,12653,684.2130443470389,629.8462654610635,909.8,639.7
9936,12653,684.210902185403,629.8528866879379,909.8,639.7
9937,12653,684.2087600237672,629.8595079148123,909.8,639.7
9938,12653,684.2066178621313,629.8661291416867,909.8,639.7
9939,12653,684.2044757004955,629.8727503685611,909.8,639.7
9940,12653,684.2023335388598,629.8793715954355,909.8,639.7
9941,12653,684.2001913772239,629.8859928223098,909.8,639.7
9942,12653,684.1980492155881,629.8926140491842,909.8,639.7
9943,12653,684.1959070539523,629.8992352760587,909.8,639.7
9944,12653,684.1937648923164,629.905856502933,909.8,639.7
9945,12653,684.1916227306806,629.9124777298074,909.8,639.7
9946,12653,684.1894805690447,629.9190989566819,909.8,639.7
9947,12653,684.1873384074089,629.9257201835562,909.8,639.7
9948,12653,684.1851962457731,629.9323414104306,909.8,639.7
9949,12653,684.1830540841372,629.9389626373049,909.8,639.7
9950,12653,684.1809119225014,629.9455838641794,909.8,639.7
9951,12653,684.1787697608655,629.9522050910538,909.8,639.7
9952,12653,684.1766275992297,629.9588263179281,909.8,639.7
9953,12653,684.174485437594,629.9654475448026,909.8,639.7
9954,12653,684.172343275958,629.972068771677,909.8,639.7
9955,12653,684.1702011143223,629.9786899985513,909.8,639.7
9956,12653,684.1680589526864,629.9853112254258,909.8,639.7
9957,12653,684.1659167910506,629.9919324523001,909.8,639.7
9958,12653,684.1637746294148,629.9985536791745,909.8,639.7
9959,12653,684.1616324677789,630.0051749060489,909.8,639.7
9960,12653,684.1594903061431,630.0117961329233,909.8,639.7
9961,12653,684.1573481445073,630.0184173597977,909.8,639.7
9962,12653,684.1552059828714,630.025038586672,909.8,639.7
9963,12653,684.1530638212356,630.0316598135465,909.8,639.7
9964,12653,684.1509216595997,630.0382810404209,909.8,639.7
9965,12653,684.1487794979639,630.0449022672952,909.8,639.7
9966,12653,684.1466373363281,630.0515234941696,909.8,639.7
9967,12653,684.1444951746922,630.0581447210441,909.8,639.7
9968,12653,684.1423530130564,630.0647659479184,909.8,639.7
9969,12653,684.1402108514205,630.0713871747928,909.8,639.7
9970,12653,684.1380686897847,630.0780084016673,909.8,639.7
9971,12653,684.135926528149,630.0846296285416,909.8,639.7
9972,12653,684.133784366513,630.091250855416,909.8,639.7
9973,12653,684.1316422048773,630.0978720822903,909.8,639.7
9974,12653,684.1295000432414,630.1044933091648,909.8,639.7
9975,12653,684.1273578816056,630.1111145360392,909.8,639.7
9976,12653,684.1252157199698,630.1177357629135,909.8,639.7
9977,12653,684.1230735583339,630.124356989788,909.8,639.7
9978,12653,684.1209313966981,630.1309782166624,909.8,639.7
9979,12653,684.1187892350623,630.1375994435367,909.8,639.7
9980,12653,684.1166470734264,630.1442206704111,909.8,639.7
9981,12653,684.1145049117906,630.1508418972855,909.8,639.7
9982,12653,684.1123627501547,630.1574631241599,909.8,639.7
9983,12653,684.1102205885189,630.1640843510343,909.8,639.7
9984,12653,684.1080784268831,630.1707055779087,909.8,639.7
9985,12653,684.1059362652472,630.1773268047831,909.8,639.7
9986,12653,684.1037941036114,630.1839480316575,909.8,639.7
9987,12653,684.1016519419755,630.1905692585319,909.8,639.7
9988,12653,684.0995097803398,630.1971904854063,909.8,639.7
9989,12653,684.097367618704,630.2038117122806,909.8,639.7
9990,12653,684.0952254570681,630.210432939155,909.8,639.7
9991,12653,684.0930832954323,630.2170541660295,909.8,639.7
9992,12653,684.0909411337965,630.2236753929038,909.8,639.7
9993,12653,684.0887989721606,630.2302966197782,909.8,639.7
9994,12653,684.0866568105248,630.2369178466527,909.8,639.7
9995,12653,684.0845146488889,630.243539073527,909.8,639.7
9996,12653,684.0823724872531,630.2501603004014,909.8,639.7
9997,12653,684.0802303256173,630.2567815272757,909.8,639.7
9998,12653,684.0780881639814,630.2634027541502,909.8,639.7
9999,12653,684.0759460023456,630.2700239810246,909.8,639.7
10000,12653,684.0738038407097,630.2766452078989,909.8,639.7
10001,12653,684.0716616790739,630.2832664347734,909.8,639.7
10002,12653,684.0695195174382,630.2898876616478,909.8,639.7
10003,12653,684.0673773558023,630.2965088885221,909.8,639.7
10004,12653,684.0652351941665,630.3031301153965,909.8,639.7
10005,12653,684.0630930325306,630.3097513422709,909.8,639.7
10006,12653,684.0609508708948,630.3163725691453,909.8,639.7
10007,12653,684.058808709259,630.3229937960197,909.8,639.7
10008,12653,684.0566665476231,630.3296150228941,909.8,639.7
10009,12653,684.0545243859873,630.3362362497685,909.8,639.7
10010,12653,684.0523822243515,630.3428574766428,909.8,639.7
10011,12653,684.0502400627156,630.3494787035172,909.8,639.7
10012,12653,684.0480979010798,630.3560999303917,909.8,639.7
10013,12653,684.0459557394439,630.362721157266,909.8,639.7
10014,12653,684.0438135778081,630.3693423841404,909.8,639.7
10015,12653,684.0416714161723,630.3759636110149,909.8,639.7
10016,12653,684.0395292545364,630.3825848378892,909.8,639.7
10017,12653,684.0373870929006,630.3892060647636,909.8,639.7
10018,12653,684.0352449312647,630.395827291638,909.8,639.7
10019,12653,684.033102769629,630.4024485185124,909.8,639.7
10020,12653,684.0309606079932,630.4090697453868,909.8,639.7
10021,12653,684.0288184463573,630.4156909722611,909.8,639.7
10022,12653,684.0266762847215,630.4223121991356,909.8,639.7
10023,12653,684.0245341230856,630.42893342601,909.8,639.7
10024,12653,684.0223919614498,630.4355546528843,909.8,639.7
10025,12653,684.020249799814,630.4421758797588,909.8,639.7
10026,12653,684.0181076381781,630.4487971066332,909.8,639.7
10027,12653,684.0159654765423,630.4554183335075,909.8,639.7
10028,12653,684.0138233149065,630.4620395603819,909.8,639.7
10029,12653,684.0116811532706,630.4686607872563,909.8,639.7
10030,12653,684.0095389916348,630.4752820141307,909.8,639.7
10031,12653,684.0073968299989,630.481903241005,909.8,639.7
10032,12653,684.0052546683631,630.4885244678795,909.8,639.7
10033,12653,684.0031125067273,630.4951456947539,909.8,639.7
10034,12653,684.0009703450914,630.5017669216282,909.8,639.7
10035,12653,683.9988281834557,630.5083881485026,909.8,639.7
10036,12653,683.9966860218198,630.5150093753771,909.8,639.7
10037,12653,683.994543860184,630.5216306022514,909.8,639.7
10038,12653,683.9924016985482,630.5282518291258,909.8,639.7
10039,12653,683.9902595369123,630.5348730560003,909.8,639.7
10040,12653,683.9881173752765,630.5414942828746,909.8,639.7
10041,12653,683.9859752136406,630.548115509749,909.8,639.7
10042,12653,683.9838330520048,630.5547367366235,909.8,639.7
10043,12653,683.981690890369,630.5613579634978,909.8,639.7
10044,12653,683.9795487287331,630.5679791903722,909.8,639.7
10045,12653,683.9774065670973,630.5746004172465,909.8,639.7
10046,12653,683.9752644054615,630.581221644121,909.8,639.7
10047,12653,683.9731222438256,630.5878428709954,909.8,639.7
10048,12653,683.9709800821898,630.5944640978697,909.8,639.7
10049,12653,683.9688379205539,630.6010853247442,909.8,639.7
10050,12653,683.9666957589181,630.6077065516185,909.8,639.7
10051,12653,683.9645535972824,630.6143277784929,909.8,639.7
10052,12653,683.9624114356465,630.6209490053673,909.8,639.7
10053,12653,683.9602692740107,630.6275702322417,909.8,639.7
10054,12653,683.9581271123748,630.6341914591161,909.8,639.7
10055,12653,683.955984950739,630.6408126859905,909.8,639.7
10056,12653,683.9538427891032,630.6474339128649,909.8,639.7
10057,12653,683.9517006274673,630.6540551397393,909.8,639.7
10058,12653,683.9495584658315,630.6606763666136,909.8,639.7
10059,12653,683.9474163041957,630.667297593488,909.8,639.7
10060,12653,683.9452741425598,630.6739188203625,909.8,639.7
10061,12653,683.943131980924,630.6805400472368,909.8,639.7
10062,12653,683.9409898192881,630.6871612741112,909.8,639.7
10063,12653,683.9388476576523,630.6937825009857,909.8,639.7
10064,12653,683.9367054960165,630.70040372786,909.8,639.7
10065,12653,683.9345633343806,630.7070249547344,909.8,639.7
10066,12653,683.9324211727449,630.7136461816087,909.8,639.7
10067,12653,683.930279011109,630.7202674084832,909.8,639.7
10068,12653,683.9281368494732,630.7268886353576,909.8,639.7
10069,12653,683.9259946878374,630.7335098622319,909.8,639.7
10070,12653,683.9238525262015,630.7401310891064,909.8,639.7
10071,12653,683.9217103645657,630.7467523159808,909.8,639.7
10072,12653,683.9195682029298,630.7533735428551,909.8,639.7
10073,12653,683.917426041294,630.7599947697296,909.8,639.7
10074,12653,683.9152838796582,630.766615996604,909.8,639.7
10075,12653,683.9131417180223,630.7732372234783,909.8,639.7
10076,12653,683.9109995563865,630.7798584503527,909.8,639.7
10077,12653,683.9088573947507,630.7864796772271,909.8,639.7
10078,12653,683.9067152331148,630.7931009041015,909.8,639.7
10079,12653,683.904573071479,630.7997221309759,909.8,639.7
10080,12653,683.9024309098431,630.8063433578503,909.8,639.7
10081,12653,683.9002887482073,630.8129645847247,909.8,639.7
10082,12653,683.8981465865716,630.819585811599,909.8,639.7
10083,12653,683.8960044249357,630.8262070384734,909.8,639.7
10084,12653,683.8938622632999,630.8328282653479,909.8,639.7
10085,12653,683.891720101664,630.8394494922222,909.8,639.7
10086,12653,683.8895779400282,630.8460707190966,909.8,639.7
10087,12653,683.8874357783924,630.8526919459711,909.8,639.7
10088,12653,683.8852936167565,630.8593131728454,909.8,639.7
10089,12653,683.8831514551207,630.8659343997198,909.8,639.7
10090,12653,683.8810092934848,630.8725556265941,909.8,639.7
10091,12653,683.878867131849,630.8791768534686,909.8,639.7
10092,12653,683.8767249702132,630.885798080343,909.8,639.7
10093,12653,683.8745828085773,630.8924193072173,909.8,639.7
10094,12653,683.8724406469415,630.8990405340918,909.8,639.7
10095,12653,683.8702984853057,630.9056617609662,909.8,639.7
10096,12653,683.8681563236698,630.9122829878405,909.8,639.7
10097,12653,683.866014162034,630.9189042147149,909.8,639.7
10098,12653,683.8638720003981,630.9255254415893,909.8,639.7
10099,12653,683.8617298387624,630.9321466684637,909.8,639.7
10100,12653,683.8595876771266,630.9387678953381,909.8,639.7
10101,12653,683.8574455154907,630.9453891222125,909.8,639.7
10102,12653,683.8553033538549,630.9520103490869,909.8,639.7
10103,12653,683.853161192219,630.9586315759612,909.8,639.7
10104,12653,683.8510190305832,630.9652528028357,909.8,639.7
10105,12653,683.8488768689474,630.9718740297101,909.8,639.7
10106,12653,683.8467347073115,630.9784952565844,909.8,639.7
10107,12653,683.8445925456757,630.9851164834588,909.8,639.7
10108,12653,683.8424503840398,630.9917377103333,909.8,639.7
10109,12653,683.840308222404,630.9983589372076,909.8,639.7
10110,12653,683.8381660607682,631.004980164082,909.8,639.7
10111,12653,683.8360238991323,631.0116013909565,909.8,639.7
10112,12653,683.8338817374965,631.0182226178308,909.8,639.7
10113,12653,683.8317395758608,631.0248438447052,909.8,639.7
10114,12653,683.8295974142248,631.0314650715795,909.8,639.7
10115,12653,683.8274552525891,631.038086298454,909.8,639.7
10116,12653,683.8253130909532,631.0447075253284,909.8,639.7
10117,12653,683.8231709293174,631.0513287522027,907.0785714285714,635.4107142857143
10118,12653,683.8210287676816,631.0579499790772,904.3571428571428,631.1214285714286
10119,12653,683.8188866060457,631.0645712059516,901.6357142857142,626.8321428571429
10120,12653,683.8167444444099,631.0711924328259,898.9142857142857,622.5428571428572
10121,12653,683.814602282774,631.0778136597003,896.1928571428571,618.2535714285715
10122,12653,683.8124601211382,631.0844348865747,893.4714285714285,613.9642857142858
10123,12653,683.8103179595024,631.0910561134491,890.75,609.6750000000001
10124,12653,683.8081757978665,631.0976773403235,888.0285714285714,605.3857142857144
10125,12653,683.8060336362307,631.1042985671979,885.3071428571428,601.0964285714286
10126,12653,683.8038914745948,631.1109197940723,882.5857142857143,596.8071428571429
10127,12653,683.801749312959,631.1175410209466,879.8642857142856,592.5178571428572
10128,12653,683.7996071513232,631.124162247821,877.1428571428571,588.2285714285715
10129,12653,683.7974649896873,631.1307834746955,874.4214285714286,583.9392857142857
10130,12653,683.7953228280516,631.1374047015698,871.7,579.65
10131,12653,683.7931806664158,631.1440259284442,868.9785714285714,575.3607142857143
10132,12653,683.7910385047799,631.1506471553187,866.2571428571429,571.0714285714286
10133,12653,683.7888963431441,631.157268382193,863.5357142857143,566.7821428571428
10134,12653,683.7867541815082,631.1638896090674,860.8142857142857,562.4928571428571
10135,12653,683.7846120198724,631.1705108359419,858.0928571428572,558.2035714285714
10136,12653,683.7824698582366,631.1771320628162,855.3714285714286,553.9142857142857
10137,12653,683.7803276966007,631.1837532896906,852.65,549.625
10138,12653,683.7781855349649,631.1903745165649,849.9285714285714,545.3357142857143
10139,12653,683.776043373329,631.1969957434394,847.2071428571429,541.0464285714286
10140,12653,683.7739012116932,631.2036169703138,844.4857142857143,536.7571428571429
10141,12653,683.7717590500574,631.2102381971881,841.7642857142857,532.4678571428572
10142,12653,683.7696168884215,631.2168594240626,839.0428571428572,528.1785714285714
10143,12653,683.7674747267857,631.223480650937,836.3214285714286,523.8892857142857
10144,12653,683.76533256515,631.2301018778113,833.6,519.6
10145,12653,683.763190403514,631.2367231046857,833.6,519.6
10146,12653,683.7610482418783,631.2433443315601,833.6,519.6
10147,12653,683.7589060802424,631.2499655584345,833.6,519.6
10148,12653,683.7567639186066,631.2565867853089,833.6,519.6
10149,12653,683.7546217569708,631.2632080121833,833.6,519.6
10150,12653,683.7524795953349,631.2698292390577,833.6,519.6
10151,12653,683.7503374336991,631.276450465932,833.6,519.6
10152,12653,683.7481952720632,631.2830716928064,833.6,519.6
10153,12653,683.7460531104274,631.2896929196809,833.6,519.6
10154,12653,683.7439109487916,631.2963141465552,833.6,519.6
10155,12653,683.7417687871557,631.3029353734296,833.6,519.6
10156,12653,683.7396266255199,631.3095566003041,833.6,519.6
10157,12653,683.737484463884,631.3161778271784,833.6,519.6
10158,12653,683.7353423022482,631.3227990540528,833.6,519.6
10159,12653,683.7332001406124,631.3294202809273,833.6,519.6
10160,12653,683.7310579789765,631.3360415078016,833.6,519.6
10161,12653,683.7289158173407,631.342662734676,833.6,519.6
10162,12653,683.726773655705,631.3492839615503,833.6,519.6
10163,12653,683.7246314940691,631.3559051884248,833.6,519.6
10164,12653,683.7224893324333,631.3625264152992,833.6,519.6
10165,12653,683.7203471707974,631.3691476421735,833.6,519.6
10166,12653,683.7182050091616,631.375768869048,833.6,519.6
10167,12653,683.7160628475258,631.3823900959223,833.6,519.6
10168,12653,683.7139206858899,631.3890113227967,833.6,519.6
10169,12653,683.7117785242541,631.3956325496711,833.6,519.6
10170,12653,683.7096363626182,631.4022537765455,833.6,519.6
10171,12653,683.7074942009824,631.4088750034199,833.6,519.6
10172,12653,683.7053520393466,631.4154962302943,833.6,519.6
10173,12653,683.7032098777107,631.4221174571687,833.6,519.6
10174,12653,683.7010677160749,631.4287386840431,833.6,519.6
10175,12653,683.698925554439,631.4353599109174,833.6,519.6
10176,12653,683.6967833928032,631.4419811377918,833.6,519.6
10177,12653,683.6946412311675,631.4486023646663,833.6,519.6
10178,12653,683.6924990695316,631.4552235915406,833.6,519.6
10179,12653,683.6903569078958,631.461844818415,833.6,519.6
10180,12653,683.68821474626,631.4684660452895,833.6,519.6
10181,12653,683.6860725846241,631.4750872721638,833.6,519.6
10182,12653,683.6839304229883,631.4817084990382,833.6,519.6
10183,12653,683.6817882613524,631.4883297259125,833.6,519.6
10184,12653,683.6796460997166,631.494950952787,833.6,519.6
10185,12653,683.6775039380808,631.5015721796614,833.6,519.6
10186,12653,683.6753617764449,631.5081934065357,833.6,519.6
10187,12653,683.6732196148091,631.5148146334102,833.6,519.6
10188,12653,683.6710774531732,631.5214358602846,833.6,519.6
10189,12653,683.6689352915374,631.5280570871589,833.6,519.6
10190,12653,683.6667931299016,631.5346783140333,833.6,519.6
10191,12653,683.6646509682657,631.5412995409077,833.6,519.6
10192,12653,683.66250880663,631.5479207677821,833.6,519.6
10193,12654,683.660366644994,631.5545419946565,833.6,519.6
10194,12655,683.6582244833583,631.5611632215309,833.6,519.6
10195,12656,683.6560823217225,631.5677844484053,833.6,519.6
10196,12657,683.6539401600866,631.5744056752796,833.6,519.6
10197,12658,683.6517979984508,631.5810269021541,833.6,519.6
10198,12659,683.649655836815,631.5876481290285,833.6,519.6
10199,12660,683.6475136751791,631.5942693559028,833.6,519.6
10200,12661,683.6453715135433,631.6008905827772,833.6,519.6
10201,12662,683.6432293519074,631.6075118096517,833.6,519.6
10202,12663,683.6410871902716,631.614133036526,833.6,519.6
10203,12664,683.6389450286358,631.6207542634004,833.6,519.6
10204,12665,683.6368028669999,631.6273754902749,833.6,519.6
10205,12666,683.6346607053641,631.6339967171492,833.6,519.6
10206,12667,683.6325185437282,631.6406179440236,833.6,519.6
10207,12668,683.6303763820924,631.6472391708979,833.6,519.6
10208,12669,683.6282342204566,631.6538603977724,833.6,519.6
10209,12670,683.6260920588207,631.6604816246468,833.6,519.6
10210,12671,683.623949897185,631.6671028515211,833.6,519.6
10211,12672,683.6218077355492,631.6737240783956,833.6,519.6
10212,12673,683.6196655739133,631.68034530527,833.6,519.6
10213,12674,683.6175234122775,631.6869665321443,833.6,519.6
10214,12675,683.6153812506416,631.6935877590187,833.6,519.6
10215,12676,683.6132390890058,631.7002089858931,833.6,519.6
10216,12677,683.61109692737,631.7068302127675,833.6,519.6
10217,12678,683.6089547657341,631.7134514396419,833.6,519.6
10218,12679,683.6068126040983,631.7200726665163,833.6,519.6
10219,12680,683.6046704424624,631.7266938933907,833.6,519.6
10220,12681,683.6025282808266,631.733315120265,833.6,519.6
10221,12682,683.6003861191908,631.7399363471395,833.6,519.6
10222,12683,683.5982439575549,631.7465575740139,833.6,519.6
10223,12684,683.5961017959191,631.7531788008882,833.6,519.6
10224,12685,683.5939596342832,631.7598000277626,833.6,519.6
10225,12686,683.5918174726474,631.7664212546371,833.6,519.6
10226,12687,683.5896753110117,631.7730424815114,833.6,519.6
10227,12688,683.5875331493758,631.7796637083858,833.6,519.6
10228,12689,683.58539098774,631.7862849352603,833.6,519.6
10229,12690,683.5832488261042,631.7929061621346,833.6,519.6
10230,12691,683.5811066644683,631.799527389009,833.6,519.6
10231,12692,683.5789645028325,631.8061486158833,833.6,519.6
10232,12693,683.5768223411966,631.8127698427578,833.6,519.6
10233,12694,683.5746801795608,631.8193910696322,833.6,519.6
10234,12695,683.572538017925,631.8260122965065,833.6,519.6
10235,12696,683.5703958562891,631.832633523381,833.6,519.6
10236,12697,683.5682536946533,631.8392547502553,833.6,519.6
10237,12698,683.5661115330174,631.8458759771297,833.6,519.6
10238,12699,683.5639693713816,631.8524972040041,833.6,519.6
10239,12700,683.5618272097458,631.8591184308785,833.6,519.6
10240,12701,683.5596850481099,631.8657396577529,833.6,519.6
10241,12702,683.5575428864742,631.8723608846273,833.6,519.6
10242,12703,683.5554007248383,631.8789821115017,833.6,519.6
10243,12704,683.5532585632025,631.8856033383761,833.6,519.6
10244,12705,683.5511164015667,631.8922245652504,833.6,519.6
10245,12706,683.5489742399308,631.8988457921248,833.6,519.6
10246,12707,683.546832078295,631.9054670189993,833.6,519.6
10247,12708,683.5446899166592,631.9120882458736,833.6,519.6
10248,12709,683.5425477550233,631.918709472748,833.6,519.6
10249,12710,683.5404055933875,631.9253306996225,833.6,519.6
10250,12711,683.5382634317516,631.9319519264968,833.6,519.6
10251,12712,683.5361212701158,631.9385731533712,833.6,519.6
10252,12713,683.53397910848,631.9451943802457,833.6,519.6
10253,12714,683.5318369468441,631.95181560712,833.6,519.6
10254,12715,683.5296947852083,631.9584368339944,833.6,519.6
10255,12716,683.5275526235724,631.9650580608687,833.6,519.6
10256,12717,683.5254104619366,631.9716792877432,833.6,519.6
10257,12718,683.5232683003009,631.9783005146176,833.6,519.6
10258,12719,683.521126138665,631.9849217414919,833.6,519.6
10259,12720,683.5189839770292,631.9915429683664,833.6,519.6
10260,12721,683.5168418153933,631.9981641952407,833.6,519.6
10261,12722,683.5146996537575,632.0047854221151,833.6,519.6
10262,12723,683.5125574921217,632.0114066489895,833.6,519.6
10263,12724,683.5104153304858,632.0180278758639,833.6,519.6
10264,12725,683.50827316885,632.0246491027383,833.6,519.6
10265,12726,683.5061310072142,632.0312703296127,833.6,519.6
10266,12727,683.5039888455783,632.0378915564871,833.6,519.6
10267,12728,683.5018466839425,632.0445127833615,833.6,519.6
10268,12729,683.4997045223066,632.0511340102358,833.6,519.6
10269,12730,683.4975623606708,632.0577552371102,833.6,519.6
10270,12731,683.495420199035,632.0643764639847,833.6,519.6
10271,12732,683.4932780373991,632.070997690859,833.6,519.6
10272,12733,683.4911358757633,632.0776189177334,833.6,519.6
10273,12734,683.4889937141274,632.0842401446079,833.6,519.6
10274,12735,683.4868515524917,632.0908613714822,833.6,519.6
10275,12736,683.4847093908559,632.0974825983566,833.6,519.6
10276,12737,683.48256722922,632.104103825231,833.6,519.6
10277,12738,683.4804250675842,632.1107250521054,833.6,519.6
10278,12739,683.4782829059484,632.1173462789798,833.6,519.6
10279,12740,683.4761407443125,632.1239675058541,833.6,519.6
10280,12741,683.4739985826767,632.1305887327286,833.6,519.6
10281,12742,683.4718564210408,632.137209959603,833.6,519.6
10282,12743,683.469714259405,632.1438311864773,833.6,519.6
10283,12744,683.4675720977692,632.1504524133518,833.6,519.6
10284,12745,683.4654299361333,632.1570736402261,833.6,519.6
10285,12746,683.4632877744975,632.1636948671005,833.6,519.6
10286,12747,683.4611456128616,632.1703160939749,833.6,519.6
10287,12748,683.4590034512258,632.1769373208493,833.6,519.6
10288,12749,683.45686128959,632.1835585477237,833.6,519.6
10289,12750,683.4547191279541,632.190179774598,833.6,519.6
10290,12751,683.4525769663184,632.1968010014725,833.6,519.6
10291,12752,683.4504348046825,632.2034222283469,833.6,519.6
10292,12753,683.4482926430467,632.2100434552212,833.6,519.6
10293,12754,683.4461504814109,632.2166646820956,833.6,519.6
10294,12755,683.444008319775,632.2232859089701,833.6,519.6
10295,12756,683.4418661581392,632.2299071358444,833.6,519.6
10296,12757,683.4397239965034,632.2365283627188,833.6,519.6
10297,12758,683.4375818348675,632.2431495895933,833.6,519.6
10298,12759,683.4354396732317,632.2497708164676,833.6,519.6
10299,12760,683.4332975115958,632.256392043342,833.6,519.6
10300,12761,683.43115534996,632.2630132702163,833.6,519.6
10301,12762,683.4290131883242,632.2696344970908,833.6,519.6
10302,12763,683.4268710266883,632.2762557239652,833.6,519.6
10303,12764,683.4247288650525,632.2828769508395,833.6,519.6
10304,12765,683.4225867034166,632.289498177714,833.6,519.6
10305,12766,683.4204445417809,632.2961194045884,833.6,519.6
10306,12767,683.4183023801451,632.3027406314627,833.6,519.6
10307,12768,683.4161602185092,632.3093618583371,833.6,519.6
10308,12769,683.4140180568734,632.3159830852115,833.6,519.6
10309,12770,683.4118758952375,632.3226043120859,833.6,519.6
10310,12771,683.4097337336017,632.3292255389603,833.6,519.6
10311,12772,683.4075915719659,632.3358467658347,833.6,519.6
10312,12773,683.40544941033,632.3424679927091,833.6,519.6
10313,12774,683.4033072486942,632.3490892195834,833.6,519.6
10314,12775,683.4011650870584,632.3557104464579,833.6,519.6
10315,12776,683.3990229254225,632.3623316733323,833.6,519.6
10316,12777,683.3968807637867,632.3689529002066,833.6,519.6
10317,12778,683.3947386021508,632.375574127081,833.6,519.6
10318,12778,683.392596440515,632.3821953539555,833.6,519.6
10319,12778,683.3904542788792,632.3888165808298,833.6,519.6
10320,12778,683.3883121172433,632.3954378077042,833.6,519.6
10321,12778,683.3861699556076,632.4020590345787,833.6,519.6
10322,12778,683.3840277939717,632.408680261453,833.6,519.6
10323,12778,683.3818856323359,632.4153014883274,833.6,519.6
10324,12778,683.3797434707001,632.4219227152017,833.6,519.6
10325,12778,683.3776013090642,632.4285439420762,833.6,519.6
10326,12778,683.3754591474284,632.4351651689506,833.6,519.6
10327,12778,683.3733169857925,632.4417863958249,833.6,519.6
10328,12778,683.3711748241567,632.4484076226994,833.6,519.6
10329,12778,683.3690326625209,632.4550288495738,833.6,519.6
10330,12778,683.366890500885,632.4616500764481,833.6,519.6
10331,12778,683.3647483392492,632.4682713033225,833.6,519.6
10332,12778,683.3626061776134,632.4748925301969,833.6,519.6
10333,12778,683.3604640159775,632.4815137570713,833.6,519.6
10334,12778,683.3583218543417,632.4881349839457,833.6,519.6
10335,12778,683.3561796927058,632.4947562108201,833.6,519.6
10336,12778,683.35403753107,632.5013774376945,833.6,519.6
10337,12778,683.3518953694343,632.5079986645688,833.6,519.6
10338,12778,683.3497532077984,632.5146198914433,833.6,519.6
10339,12778,683.3476110461626,632.5212411183177,833.6,519.6
10340,12778,683.3454688845267,632.527862345192,833.6,519.6
10341,12778,683.3433267228909,632.5344835720664,833.6,519.6
10342,12778,683.3411845612551,632.5411047989409,833.6,519.6
10343,12778,683.3390423996192,632.5477260258152,833.6,519.6
10344,12778,683.3369002379834,632.5543472526896,833.6,519.6
10345,12778,683.3347580763475,632.560968479564,833.6,519.6
10346,12778,683.3326159147117,632.5675897064384,833.6,519.6
10347,12778,683.3304737530759,632.5742109333128,833.6,519.6
10348,12778,683.32833159144,632.5808321601871,833.6,519.6
10349,12778,683.3261894298042,632.5874533870616,833.6,519.6
10350,12778,683.3240472681684,632.594074613936,833.6,519.6
10351,12778,683.3219051065325,632.6006958408103,833.6,519.6
10352,12778,683.3197629448968,632.6073170676848,833.6,519.6
10353,12778,683.3176207832608,632.6139382945591,833.6,519.6
10354,12778,683.3154786216251,632.6205595214335,833.6,519.6
10355,12778,683.3133364599893,632.6271807483079,840.13,523.45
10356,12778,683.3111942983534,632.6338019751823,846.6600000000001,527.3000000000001
10357,12778,683.3090521367176,632.6404232020567,853.19,531.15
10358,12778,683.3069099750817,632.647044428931,859.72,535.0
10359,12778,683.3047678134459,632.6536656558055,866.25,538.85
10360,12778,683.3026256518101,632.6602868826799,872.78,542.7
10361,12778,683.3004834901742,632.6669081095542,879.3100000000001,546.5500000000001
10362,12778,683.2983413285384,632.6735293364286,885.84,550.4
10363,12778,683.2961991669026,632.6801505633031,892.37,554.25
10364,12778,683.2940570052667,632.6867717901774,898.9000000000001,558.1
10365,12778,683.2919148436309,632.6933930170518,905.4300000000001,561.95
10366,12778,683.289772681995,632.7000142439263,911.96,565.8000000000001
10367,12778,683.2876305203592,632.7066354708006,918.49,569.65
10368,12778,683.2854883587235,632.713256697675,925.02,573.5
10369,12778,683.2833461970876,632.7198779245495,931.5500000000001,577.35
10370,12778,683.2812040354518,632.7264991514238,938.08,581.2
10371,12778,683.2790618738159,632.7331203782982,944.61,585.0500000000001
10372,12778,683.2769197121801,632.7397416051725,951.1400000000001,588.9
10373,12778,683.2747775505443,632.746362832047,957.6700000000001,592.75
10374,12778,683.2726353889084,632.7529840589214,964.2,596.6
10375,12778,683.2704932272726,632.7596052857957,964.2,596.6
10376,12778,683.2683510656367,632.7662265126702,964.2,596.6
10377,12778,683.2662089040009,632.7728477395445,964.2,596.6
10378,12778,683.2640667423651,632.7794689664189,964.2,596.6
10379,12778,683.2619245807292,632.7860901932933,964.2,596.6
10380,12778,683.2597824190934,632.7927114201677,964.2,596.6
10381,12778,683.2576402574576,632.7993326470421,964.2,596.6
10382,12778,683.2554980958217,632.8059538739165,964.2,596.6
10383,12778,683.253355934186,632.8125751007909,964.2,596.6
10384,12778,683.25121377255,632.8191963276653,964.2,596.6
10385,12778,683.2490716109143,632.8258175545396,964.2,596.6
10386,12778,683.2469294492785,632.832438781414,964.2,596.6
10387,12778,683.2447872876426,632.8390600082885,964.2,596.6
10388,12778,683.2426451260068,632.8456812351628,964.2,596.6
10389,12778,683.2405029643709,632.8523024620372,964.2,596.6
10390,12778,683.2383608027351,632.8589236889117,964.2,596.6
10391,12778,683.2362186410993,632.865544915786,964.2,596.6
10392,12778,683.2340764794634,632.8721661426604,964.2,596.6
10393,12778,683.2319343178276,632.8787873695347,964.2,596.6
10394,12778,683.2297921561917,632.8854085964092,964.2,596.6
10395,12778,683.2276499945559,632.8920298232836,964.2,596.6
10396,12778,683.2255078329201,632.8986510501579,964.2,596.6
10397,12778,683.2233656712842,632.9052722770324,964.2,596.6
10398,12778,683.2212235096484,632.9118935039068,964.2,596.6
10399,12778,683.2190813480127,632.9185147307811,964.2,596.6
10400,12778,683.2169391863767,632.9251359576556,964.2,596.6
10401,12778,683.214797024741,632.9317571845299,964.2,596.6
10402,12778,683.2126548631051,632.9383784114043,964.2,596.6
10403,12778,683.2105127014693,632.9449996382787,964.2,596.6
10404,12778,683.2083705398335,632.9516208651531,964.2,596.6
10405,12778,683.2062283781976,632.9582420920275,964.2,596.6
10406,12778,683.2040862165618,632.9648633189018,964.2,596.6
10407,12778,683.2019440549259,632.9714845457763,964.2,596.6
10408,12778,683.1998018932901,632.9781057726507,964.2,596.6
10409,12778,683.1976597316543,632.984726999525,964.2,596.6
10410,12778,683.1955175700184,632.9913482263994,964.2,596.6
10411,12778,683.1933754083826,632.9979694532739,964.2,596.6
10412,12778,683.1912332467467,633.0045906801482,964.2,596.6
10413,12778,683.1890910851109,633.0112119070226,964.2,596.6
10414,12778,683.1869489234751,633.017833133897,964.2,596.6
10415,12778,683.1848067618392,633.0244543607714,964.2,596.6
10416,12778,683.1826646002035,633.0310755876458,964.2,596.6
10417,12778,683.1805224385677,633.0376968145201,964.2,596.6
10418,12778,683.1783802769318,633.0443180413946,964.2,596.6
10419,12778,683.176238115296,633.050939268269,964.2,596.6
10420,12778,683.1740959536601,633.0575604951433,964.2,596.6
10421,12778,683.1719537920243,633.0641817220178,964.2,596.6
10422,12778,683.1698116303885,633.0708029488922,964.2,596.6
10423,12778,683.1676694687526,633.0774241757665,964.2,596.6
10424,12778,683.1655273071168,633.0840454026409,964.2,596.6
10425,12778,683.1633851454809,633.0906666295153,964.2,596.6
10426,12778,683.1612429838451,633.0972878563897,964.2,596.6
10427,12778,683.1591008222093,633.103909083264,964.2,596.6
10428,12778,683.1569586605734,633.1105303101385,964.2,596.6
10429,12778,683.1548164989376,633.1171515370129,964.2,596.6
10430,12778,683.1526743373018,633.1237727638872,964.2,596.6
10431,12778,683.150532175666,633.1303939907617,964.2,596.6
10432,12778,683.1483900140302,633.1370152176361,964.2,596.6
10433,12778,683.1462478523943,633.1436364445104,964.2,596.6
10434,12778,683.1441056907585,633.1502576713848,964.2,596.6
10435,12778,683.1419635291227,633.1568788982593,964.2,596.6
10436,12778,683.1398213674868,633.1635001251336,964.2,596.6
10437,12778,683.137679205851,633.170121352008,964.2,596.6
10438,12778,683.1355370442151,633.1767425788825,964.2,596.6
10439,12778,683.1333948825793,633.1833638057568,964.2,596.6
10440,12778,683.1312527209435,633.1899850326312,964.2,596.6
10441,12778,683.1291105593076,633.1966062595055,964.2,596.6
10442,12778,683.1269683976718,633.20322748638,964.2,596.6
10443,12778,683.1248262360359,633.2098487132544,964.2,596.6
10444,12778,683.1226840744001,633.2164699401287,964.2,596.6
10445,12778,683.1205419127643,633.2230911670032,964.2,596.6
10446,12778,683.1183997511284,633.2297123938775,964.2,596.6
10447,12778,683.1162575894926,633.2363336207519,964.2,596.6
10448,12778,683.1141154278569,633.2429548476263,964.2,596.6
10449,12778,683.111973266221,633.2495760745007,964.2,596.6
10450,12778,683.1098311045852,633.2561973013751,964.2,596.6
10451,12778,683.1076889429493,633.2628185282495,964.2,596.6
10452,12778,683.1055467813135,633.2694397551239,964.2,596.6
10453,12778,683.1034046196777,633.2760609819983,964.2,596.6
10454,12778,683.1012624580418,633.2826822088726,964.2,596.6
10455,12778,683.099120296406,633.2893034357471,964.2,596.6
10456,12778,683.0969781347701,633.2959246626215,964.2,596.6
10457,12778,683.0948359731343,633.3025458894958,964.2,596.6
10458,12778,683.0926938114985,633.3091671163702,964.2,596.6
10459,12778,683.0905516498626,633.3157883432447,964.2,596.6
10460,12778,683.0884094882268,633.322409570119,964.2,596.6
10461,12778,683.0862673265909,633.3290307969934,964.2,596.6
10462,12778,683.0841251649551,633.3356520238679,964.2,596.6
10463,12778,683.0819830033194,633.3422732507422,964.2,596.6
10464,12778,683.0798408416834,633.3488944776166,964.2,596.6
10465,12778,683.0776986800477,633.3555157044909,964.2,596.6
10466,12778,683.0755565184119,633.3621369313654,964.2,596.6
10467,12778,683.073414356776,633.3687581582398,964.2,596.6
10468,12778,683.0712721951402,633.3753793851141,964.2,596.6
10469,12778,683.0691300335043,633.3820006119886,964.2,596.6
10470,12779,683.0669878718685,633.388621838863,964.2,596.6
10471,12780,683.0648457102327,633.3952430657373,964.2,596.6
10472,12781,683.0627035485968,633.4018642926117,964.2,596.6
10473,12782,683.060561386961,633.4084855194861,964.2,596.6
10474,12783,683.0584192253251,633.4151067463605,964.2,596.6
10475,12784,683.0562770636893,633.4217279732349,964.2,596.6
10476,12785,683.0541349020535,633.4283492001093,964.2,596.6
10477,12785,683.0519927404176,633.4349704269837,964.2,596.6
10478,12785,683.0498505787818,633.441591653858,964.2,596.6
10479,12785,683.0477084171459,633.4482128807324,964.2,596.6
10480,12785,683.0455662555102,633.4548341076069,964.2,596.6
10481,12785,683.0434240938744,633.4614553344812,964.2,596.6
10482,12785,683.0412819322385,633.4680765613556,964.2,596.6
10483,12785,683.0391397706027,633.4746977882301,964.2,596.6
10484,12785,683.0369976089669,633.4813190151044,964.2,596.6
10485,12785,683.034855447331,633.4879402419788,964.2,596.6
10486,12785,683.0327132856952,633.4945614688532,964.2,596.6
10487,12785,683.0305711240593,633.5011826957276,964.2,596.6
10488,12785,683.0284289624235,633.507803922602,964.2,596.6
10489,12785,683.0262868007877,633.5144251494763,964.2,596.6
10490,12785,683.0241446391518,633.5210463763508,964.2,596.6
10491,12785,683.022002477516,633.5276676032252,964.2,596.6
10492,12785,683.0198603158801,633.5342888300995,964.2,596.6
10493,12785,683.0177181542443,633.540910056974,964.2,596.6
10494,12785,683.0155759926085,633.5475312838483,964.2,596.6
10495,12786,683.0134338309726,633.5541525107227,964.2,596.6
10496,12787,683.0112916693369,633.5607737375971,964.2,596.6
10497,12788,683.0091495077011,633.5673949644715,964.2,596.6
10498,12789,683.0070073460652,633.5740161913459,964.2,596.6
10499,12790,683.0048651844294,633.5806374182202,964.2,596.6
10500,12791,683.0027230227935,633.5872586450947,964.2,596.6
10501,12792,683.0005808611577,633.5938798719691,964.2,596.6
10502,12792,682.9984386995219,633.6005010988434,964.2,596.6
10503,12792,682.996296537886,633.6071223257178,964.2,596.6
10504,12792,682.9941543762502,633.6137435525923,964.2,596.6
10505,12792,682.9920122146143,633.6203647794666,964.2,596.6
10506,12792,682.9898700529785,633.626986006341,964.2,596.6
10507,12792,682.9877278913427,633.6336072332155,964.2,596.6
10508,12792,682.9855857297068,633.6402284600898,964.2,596.6
10509,12792,682.983443568071,633.6468496869642,964.2,596.6
10510,12792,682.9813014064351,633.6534709138385,964.2,596.6
10511,12792,682.9791592447993,633.660092140713,964.2,596.6
10512,12792,682.9770170831636,633.6667133675874,964.2,596.6
10513,12792,682.9748749215277,633.6733345944617,964.2,596.6
10514,12792,682.9727327598919,633.6799558213362,964.2,596.6
10515,12792,682.9705905982561,633.6865770482106,964.2,596.6
10516,12792,682.9684484366202,633.6931982750849,964.2,596.6
10517,12792,682.9663062749844,633.6998195019594,964.2,596.6
10518,12792,682.9641641133485,633.7064407288337,964.2,596.6
10519,12792,682.9620219517127,633.7130619557081,964.2,596.6
10520,12792,682.9598797900769,633.7196831825825,964.2,596.6
10521,12792,682.957737628441,633.7263044094569,964.2,596.6
10522,12792,682.9555954668052,633.7329256363313,964.2,596.6
10523,12792,682.9534533051693,633.7395468632056,964.2,596.6
10524,12792,682.9513111435335,633.7461680900801,964.2,596.6
10525,12792,682.9491689818977,633.7527893169545,964.2,596.6
10526,12792,682.9470268202618,633.7594105438288,964.2,596.6
10527,12792,682.944884658626,633.7660317707032,964.2,596.6
10528,12792,682.9427424969901,633.7726529975777,964.2,596.6
10529,12792,682.9406003353544,633.779274224452,964.2,596.6
10530,12792,682.9384581737186,633.7858954513264,964.2,596.6
10531,12792,682.9363160120827,633.7925166782009,964.2,596.6
10532,12792,682.9341738504469,633.7991379050752,964.2,596.6
10533,12792,682.9320316888111,633.8057591319496,964.2,596.6
10534,12792,682.9298895271752,633.8123803588239,964.2,596.6
10535,12792,682.9277473655394,633.8190015856984,964.2,596.6
10536,12792,682.9256052039035,633.8256228125728,964.2,596.6
10537,12792,682.9234630422677,633.8322440394471,964.2,596.6
10538,12792,682.9213208806319,633.8388652663216,964.2,596.6
10539,12792,682.919178718996,633.845486493196,964.2,596.6
10540,12792,682.9170365573602,633.8521077200703,964.2,596.6
10541,12792,682.9148943957243,633.8587289469447,964.2,596.6
10542,12792,682.9127522340885,633.8653501738191,964.2,596.6
10543,12792,682.9106100724528,633.8719714006935,964.2,596.6
10544,12792,682.9084679108169,633.8785926275679,964.2,596.6
10545,12792,682.9063257491811,633.8852138544423,964.2,596.6
10546,12792,682.9041835875452,633.8918350813167,964.2,596.6
10547,12792,682.9020414259094,633.898456308191,964.2,596.6
10548,12792,682.8998992642736,633.9050775350655,964.2,596.6
10549,12792,682.8977571026377,633.9116987619399,964.2,596.6
10550,12792,682.8956149410019,633.9183199888142,964.2,596.6
10551,12792,682.8934727793661,633.9249412156886,964.2,596.6
10552,12792,682.8913306177302,633.9315624425631,964.2,596.6
10553,12792,682.8891884560944,633.9381836694374,964.2,596.6
10554,12792,682.8870462944585,633.9448048963118,964.2,596.6
10555,12792,682.8849041328227,633.9514261231863,964.2,596.6
10556,12792,682.8827619711869,633.9580473500606,964.2,596.6
10557,12792,682.880619809551,633.964668576935,964.2,596.6
10558,12792,682.8784776479152,633.9712898038093,964.2,596.6
10559,12792,682.8763354862793,633.9779110306838,964.2,596.6
10560,12792,682.8741933246436,633.9845322575582,964.2,596.6
10561,12792,682.8720511630078,633.9911534844325,964.2,596.6
10562,12792,682.8699090013719,633.997774711307,964.2,596.6
10563,12792,682.8677668397361,634.0043959381813,964.2,596.6
10564,12792,682.8656246781002,634.0110171650557,964.2,596.6
10565,12792,682.8634825164644,634.0176383919301,964.2,596.6
10566,12792,682.8613403548286,634.0242596188045,964.2,596.6
10567,12792,682.8591981931927,634.0308808456789,964.2,596.6
10568,12792,682.8570560315569,634.0375020725533,964.2,596.6
10569,12792,682.8549138699211,634.0441232994277,964.2,596.6
10570,12792,682.8527717082852,634.0507445263021,964.2,596.6
10571,12792,682.8506295466494,634.0573657531764,964.2,596.6
10572,12792,682.8484873850135,634.0639869800509,964.2,596.6
10573,12792,682.8463452233777,634.0706082069253,964.2,596.6
10574,12792,682.844203061742,634.0772294337996,964.2,596.6
10575,12792,682.842060900106,634.083850660674,964.2,596.6
10576,12792,682.8399187384703,634.0904718875485,964.2,596.6
10577,12792,682.8377765768344,634.0970931144228,964.2,596.6
10578,12792,682.8356344151986,634.1037143412972,964.2,596.6
10579,12792,682.8334922535628,634.1103355681716,964.2,596.6
10580,12792,682.8313500919269,634.116956795046,964.2,596.6
10581,12792,682.8292079302911,634.1235780219204,964.2,596.6
10582,12792,682.8270657686553,634.1301992487947,964.2,596.6
10583,12792,682.8249236070194,634.1368204756692,964.2,596.6
10584,12792,682.8227814453836,634.1434417025436,964.2,596.6
10585,12792,682.8206392837477,634.1500629294179,964.2,596.6
10586,12792,682.8184971221119,634.1566841562924,964.2,596.6
10587,12792,682.8163549604761,634.1633053831667,964.2,596.6
10588,12792,682.8142127988402,634.1699266100411,964.2,596.6
10589,12792,682.8120706372044,634.1765478369155,964.2,596.6
10590,12792,682.8099284755685,634.1831690637899,964.2,596.6
10591,12792,682.8077863139328,634.1897902906643,964.2,596.6
10592,12792,682.805644152297,634.1964115175386,964.2,596.6
10593,12792,682.8035019906611,634.2030327444131,964.2,596.6
10594,12792,682.8013598290253,634.2096539712875,964.2,596.6
10595,12792,682.7992176673894,634.2162751981618,964.2,596.6
10596,12792,682.7970755057536,634.2228964250362,964.2,596.6
10597,12792,682.7949333441178,634.2295176519107,964.2,596.6
10598,12792,682.7927911824819,634.236138878785,964.2,596.6
10599,12792,682.7906490208461,634.2427601056594,957.0058823529412,597.3588235294118
10600,12792,682.7885068592103,634.2493813325339,949.8117647058824,598.1176470588235
10601,12792,682.7863646975744,634.2560025594082,942.6176470588235,598.8764705882353
10602,12792,682.7842225359386,634.2626237862826,935.4235294117648,599.635294117647
10603,12792,682.7820803743027,634.2692450131569,928.2294117647059,600.3941176470588
10604,12792,682.7799382126669,634.2758662400314,921.035294117647,601.1529411764706
10605,12792,682.7777960510311,634.2824874669058,913.8411764705883,601.9117647058823
10606,12792,682.7756538893952,634.2891086937801,906.6470588235294,602.6705882352941
10607,12792,682.7735117277595,634.2957299206546,899.4529411764706,603.429411764706
10608,12792,682.7713695661236,634.302351147529,892.2588235294118,604.1882352941177
10609,12792,682.7692274044878,634.3089723744033,885.0647058823529,604.9470588235295
10610,12792,682.767085242852,634.3155936012778,877.8705882352941,605.7058823529412
10611,12792,682.7649430812161,634.3222148281521,870.6764705882352,606.464705882353
10612,12792,682.7628009195803,634.3288360550265,863.4823529411765,607.2235294117647
10613,12792,682.7606587579444,634.3354572819009,856.2882352941176,607.9823529411765
10614,12792,682.7585165963086,634.3420785087753,849.0941176470589,608.7411764705882
10615,12792,682.7563744346728,634.3486997356497,841.9,609.5
10616,12792,682.7542322730369,634.355320962524,841.9,609.5
10617,12792,682.7520901114011,634.3619421893985,841.9,609.5
10618,12792,682.7499479497653,634.3685634162729,841.9,609.5
10619,12792,682.7478057881294,634.3751846431472,841.9,609.5
10620,12792,682.7456636264936,634.3818058700216,841.9,609.5
10621,12792,682.7435214648577,634.3884270968961,841.9,609.5
10622,12792,682.741379303222,634.3950483237704,841.9,609.5
10623,12792,682.7392371415862,634.4016695506448,841.9,609.5
10624,12792,682.7370949799503,634.4082907775193,841.9,609.5
10625,12792,682.7349528183145,634.4149120043936,841.9,609.5
10626,12792,682.7328106566786,634.421533231268,841.9,609.5
10627,12792,682.7306684950428,634.4281544581423,841.9,609.5
10628,12792,682.728526333407,634.4347756850168,841.9,609.5
10629,12792,682.7263841717711,634.4413969118912,841.9,609.5
10630,12792,682.7242420101353,634.4480181387655,841.9,609.5
10631,12792,682.7220998484995,634.45463936564,841.9,609.5
10632,12792,682.7199576868636,634.4612605925143,841.9,609.5
10633,12792,682.7178155252278,634.4678818193887,841.9,609.5
10634,12792,682.7156733635919,634.4745030462632,841.9,609.5
10635,12792,682.7135312019561,634.4811242731375,841.9,609.5
10636,12792,682.7113890403203,634.4877455000119,841.9,609.5
10637,12792,682.7092468786844,634.4943667268863,841.9,609.5
10638,12792,682.7071047170487,634.5009879537607,841.9,609.5
10639,12792,682.7049625554127,634.5076091806351,841.9,609.5
10640,12792,682.702820393777,634.5142304075094,841.9,609.5
10641,12792,682.7006782321412,634.5208516343839,841.9,609.5
10642,12792,682.6985360705053,634.5274728612583,841.9,609.5
10643,12792,682.6963939088695,634.5340940881326,841.9,609.5
10644,12792,682.6942517472336,634.540715315007,841.9,609.5
10645,12793,682.6921095855978,634.5473365418815,841.9,609.5
10646,12794,682.689967423962,634.5539577687558,841.9,609.5
10647,12795,682.6878252623261,634.5605789956302,841.9,609.5
10648,12796,682.6856831006903,634.5672002225047,841.9,609.5
10649,12797,682.6835409390545,634.573821449379,841.9,609.5
10650,12798,682.6813987774186,634.5804426762534,841.9,609.5
10651,12799,682.6792566157828,634.5870639031277,841.9,609.5
10652,12800,682.6771144541469,634.5936851300022,841.9,609.5
10653,12801,682.6749722925111,634.6003063568766,841.9,609.5
10654,12802,682.6728301308754,634.6069275837509,841.9,609.5
10655,12803,682.6706879692395,634.6135488106254,841.9,609.5
10656,12804,682.6685458076037,634.6201700374997,841.9,609.5
10657,12805,682.6664036459678,634.6267912643741,841.9,609.5
10658,12806,682.664261484332,634.6334124912485,841.9,609.5
10659,12807,682.6621193226962,634.6400337181229,841.9,609.5
10660,12808,682.6599771610603,634.6466549449973,841.9,609.5
10661,12809,682.6578349994245,634.6532761718717,841.9,609.5
10662,12810,682.6556928377886,634.6598973987461,841.9,609.5
10663,12811,682.6535506761528,634.6665186256205,841.9,609.5
10664,12812,682.651408514517,634.6731398524948,841.9,609.5
10665,12813,682.6492663528811,634.6797610793693,841.9,609.5
10666,12814,682.6471241912453,634.6863823062437,841.9,609.5
10667,12815,682.6449820296095,634.693003533118,841.9,609.5
10668,12816,682.6428398679736,634.6996247599924,841.9,609.5
10669,12817,682.6406977063378,634.7062459868669,841.9,609.5
10670,12818,682.638555544702,634.7128672137412,841.9,609.5
10671,12819,682.6364133830662,634.7194884406156,841.9,609.5
10672,12820,682.6342712214304,634.72610966749,841.9,609.5
10673,12821,682.6321290597945,634.7327308943644,841.9,609.5
10674,12822,682.6299868981587,634.7393521212388,841.9,609.5
10675,12823,682.6278447365228,634.7459733481131,841.9,609.5
10676,12824,682.625702574887,634.7525945749876,841.9,609.5
10677,12825,682.6235604132512,634.759215801862,841.9,609.5
10678,12826,682.6214182516153,634.7658370287363,841.9,609.5
10679,12827,682.6192760899795,634.7724582556108,841.9,609.5
10680,12828,682.6171339283436,634.7790794824851,841.9,609.5
10681,12829,682.6149917667078,634.7857007093595,841.9,609.5
10682,12830,682.612849605072,634.7923219362339,841.9,609.5
10683,12831,682.6107074434361,634.7989431631083,841.9,609.5
10684,12832,682.6085652818003,634.8055643899827,841.9,609.5
10685,12833,682.6064231201645,634.812185616857,841.9,609.5
10686,12834,682.6042809585286,634.8188068437315,841.9,609.5
10687,12835,682.6021387968929,634.8254280706059,841.9,609.5
10688,12836,682.599996635257,634.8320492974802,841.9,609.5
10689,12837,682.5978544736212,634.8386705243547,841.9,609.5
10690,12838,682.5957123119854,634.8452917512291,841.9,609.5
10691,12839,682.5935701503495,634.8519129781034,841.9,609.5
10692,12840,682.5914279887137,634.8585342049778,841.9,609.5
10693,12841,682.5892858270778,634.8651554318523,841.9,609.5
10694,12842,682.587143665442,634.8717766587266,841.9,609.5
10695,12843,682.5850015038062,634.878397885601,841.9,609.5
10696,12844,682.5828593421703,634.8850191124754,841.9,609.5
10697,12845,682.5807171805345,634.8916403393498,841.9,609.5
10698,12846,682.5785750188986,634.8982615662242,841.9,609.5
10699,12847,682.5764328572628,634.9048827930985,841.9,609.5
10700,12848,682.574290695627,634.911504019973,841.9,609.5
10701,12849,682.5721485339911,634.9181252468474,841.9,609.5
10702,12850,682.5700063723554,634.9247464737217,841.9,609.5
10703,12851,682.5678642107196,634.9313677005962,841.9,609.5
10704,12852,682.5657220490837,634.9379889274705,841.9,609.5
10705,12853,682.5635798874479,634.9446101543449,841.9,609.5
10706,12854,682.561437725812,634.9512313812193,841.9,609.5
10707,12855,682.5592955641762,634.9578526080937,841.9,609.5
10708,12856,682.5571534025404,634.9644738349681,841.9,609.5
10709,12857,682.5550112409045,634.9710950618424,841.9,609.5
10710,12858,682.5528690792687,634.9777162887169,841.9,609.5
10711,12859,682.5507269176328,634.9843375155913,841.9,609.5
10712,12860,682.548584755997,634.9909587424656,841.9,609.5
10713,12861,682.5464425943612,634.99757996934,841.9,609.5
10714,12862,682.5443004327253,635.0042011962145,841.9,609.5
10715,12863,682.5421582710895,635.0108224230888,841.9,609.5
10716,12864,682.5400161094537,635.0174436499632,841.9,609.5
10717,12865,682.5378739478178,635.0240648768377,841.9,609.5
10718,12866,682.535731786182,635.030686103712,841.9,609.5
10719,12867,682.5335896245462,635.0373073305864,841.9,609.5
10720,12868,682.5314474629104,635.0439285574607,841.9,609.5
10721,12869,682.5293053012746,635.0505497843352,841.9,609.5
10722,12870,682.5271631396387,635.0571710112096,841.9,609.5
10723,12871,682.5250209780029,635.0637922380839,841.9,609.5
10724,12872,682.522878816367,635.0704134649584,841.9,609.5
10725,12873,682.5207366547312,635.0770346918328,841.9,609.5
10726,12874,682.5185944930954,635.0836559187071,841.9,609.5
10727,12875,682.5164523314595,635.0902771455816,841.9,609.5
10728,12876,682.5143101698237,635.0968983724559,841.9,609.5
10729,12877,682.5121680081878,635.1035195993303,841.9,609.5
10730,12878,682.510025846552,635.1101408262047,841.9,609.5
10731,12879,682.5078836849162,635.1167620530791,841.9,609.5
10732,12880,682.5057415232803,635.1233832799535,841.9,609.5
10733,12881,682.5035993616445,635.1300045068278,841.9,609.5
10734,12882,682.5014572000088,635.1366257337023,841.9,609.5
10735,12883,682.4993150383729,635.1432469605767,841.9,609.5
10736,12884,682.4971728767371,635.149868187451,841.9,609.5
10737,12885,682.4950307151012,635.1564894143254,841.9,609.5
10738,12886,682.4928885534654,635.1631106411999,841.9,609.5
10739,12887,682.4907463918296,635.1697318680742,841.9,609.5
10740,12888,682.4886042301937,635.1763530949486,841.9,609.5
10741,12889,682.4864620685579,635.182974321823,841.9,609.5
10742,12890,682.484319906922,635.1895955486974,841.9,609.5
10743,12891,682.4821777452862,635.1962167755718,841.9,609.5
10744,12892,682.4800355836504,635.2028380024461,841.9,609.5
10745,12893,682.4778934220145,635.2094592293206,841.9,609.5
10746,12894,682.4757512603787,635.216080456195,841.9,609.5
10747,12895,682.4736090987428,635.2227016830693,841.9,609.5
10748,12896,682.471466937107,635.2293229099438,841.9,609.5
10749,12897,682.4693247754713,635.2359441368181,841.9,609.5
10750,12898,682.4671826138353,635.2425653636925,841.9,609.5
10751,12899,682.4650404521996,635.249186590567,841.9,609.5
10752,12900,682.4628982905638,635.2558078174413,841.9,609.5
10753,12901,682.4607561289279,635.2624290443157,841.9,609.5
10754,12902,682.4586139672921,635.26905027119,841.9,609.5
10755,12903,682.4564718056562,635.2756714980645,841.9,609.5
10756,12904,682.4543296440204,635.2822927249389,841.9,609.5
10757,12905,682.4521874823846,635.2889139518132,841.9,609.5
10758,12906,682.4500453207487,635.2955351786877,841.9,609.5
10759,12907,682.4479031591129,635.3021564055621,841.9,609.5
10760,12908,682.445760997477,635.3087776324364,841.9,609.5
10761,12909,682.4436188358412,635.3153988593108,841.9,609.5
10762,12910,682.4414766742054,635.3220200861853,841.9,609.5
10763,12911,682.4393345125695,635.3286413130596,841.9,609.5
10764,12912,682.4371923509337,635.335262539934,841.9,609.5
10765,12913,682.4350501892978,635.3418837668085,841.9,609.5
10766,12914,682.432908027662,635.3485049936828,841.9,609.5
10767,12915,682.4307658660263,635.3551262205572,841.9,609.5
10768,12916,682.4286237043904,635.3617474474315,841.9,609.5
10769,12917,682.4264815427546,635.368368674306,841.9,609.5
10770,12918,682.4243393811188,635.3749899011804,841.9,609.5
10771,12919,682.4221972194829,635.3816111280547,841.9,609.5
10772,12920,682.4200550578471,635.3882323549292,841.9,609.5
10773,12921,682.4179128962112,635.3948535818035,841.9,609.5
10774,12922,682.4157707345754,635.4014748086779,841.9,609.5
10775,12923,682.4136285729396,635.4080960355523,841.9,609.5
10776,12924,682.4114864113037,635.4147172624267,841.9,609.5
10777,12925,682.4093442496679,635.4213384893011,841.9,609.5
10778,12926,682.407202088032,635.4279597161755,841.9,609.5
10779,12927,682.4050599263962,635.4345809430499,841.9,609.5
10780,12928,682.4029177647604,635.4412021699243,841.9,609.5
10781,12929,682.4007756031245,635.4478233967986,841.9,609.5
10782,12930,682.3986334414888,635.4544446236731,841.9,609.5
10783,12931,682.3964912798529,635.4610658505475,841.9,609.5
10784,12932,682.3943491182171,635.4676870774218,841.9,609.5
10785,12933,682.3922069565813,635.4743083042962,841.9,609.5
10786,12934,682.3900647949454,635.4809295311707,841.9,609.5
10787,12935,682.3879226333096,635.487550758045,841.9,609.5
10788,12936,682.3857804716738,635.4941719849194,841.9,609.5
10789,12937,682.3836383100379,635.5007932117938,841.9,609.5
10790,12938,682.3814961484021,635.5074144386682,841.9,609.5
10791,12939,682.3793539867662,635.5140356655426,841.9,609.5
10792,12940,682.3772118251304,635.5206568924169,841.9,609.5
10793,12941,682.3750696634946,635.5272781192914,841.9,609.5
10794,12942,682.3729275018587,635.5338993461658,841.9,609.5
10795,12943,682.3707853402229,635.5405205730401,841.9,609.5
10796,12944,682.368643178587,635.5471417999146,841.9,609.5
10797,12945,682.3665010169512,635.5537630267889,841.9,609.5
10798,12946,682.3643588553155,635.5603842536633,841.9,609.5
10799,12947,682.3622166936796,635.5670054805377,841.9,609.5
10800,12948,682.3600745320438,635.5736267074121,841.9,609.5
10801,12949,682.357932370408,635.5802479342865,841.9,609.5
10802,12950,682.3557902087721,635.5868691611608,841.9,609.5
10803,12951,682.3536480471363,635.5934903880353,841.9,609.5
10804,12952,682.3515058855004,635.6001116149097,841.9,609.5
10805,12953,682.3493637238646,635.606732841784,841.9,609.5
10806,12954,682.3472215622288,635.6133540686585,841.9,609.5
10807,12955,682.3450794005929,635.6199752955329,841.9,609.5
10808,12956,682.3429372389571,635.6265965224072,841.9,609.5
10809,12957,682.3407950773212,635.6332177492816,841.9,609.5
10810,12958,682.3386529156854,635.639838976156,841.9,609.5
10811,12959,682.3365107540496,635.6464602030304,841.9,609.5
10812,12960,682.3343685924137,635.6530814299048,841.9,609.5
10813,12961,682.332226430778,635.6597026567792,841.9,609.5
10814,12961,682.330084269142,635.6663238836536,841.9,609.5
10815,12961,682.3279421075063,635.672945110528,841.9,609.5
10816,12961,682.3257999458705,635.6795663374023,841.9,609.5
10817,12961,682.3236577842346,635.6861875642768,841.9,609.5
10818,12961,682.3215156225988,635.6928087911512,841.9,609.5
10819,12961,682.319373460963,635.6994300180255,841.9,609.5
10820,12961,682.3172312993271,635.7060512449,841.9,609.5
10821,12961,682.3150891376913,635.7126724717743,841.9,609.5
10822,12961,682.3129469760554,635.7192936986487,841.9,609.5
10823,12961,682.3108048144196,635.725914925523,841.9,609.5
10824,12961,682.3086626527838,635.7325361523975,841.9,609.5
10825,12961,682.3065204911479,635.7391573792719,841.9,609.5
10826,12961,682.3043783295121,635.7457786061462,841.9,609.5
10827,12961,682.3022361678762,635.7523998330207,841.9,609.5
10828,12961,682.3000940062404,635.7590210598951,841.9,609.5
10829,12961,682.2979518446047,635.7656422867694,841.9,609.5
10830,12961,682.2958096829688,635.7722635136438,841.9,609.5
10831,12961,682.293667521333,635.7788847405183,841.9,609.5
10832,12961,682.2915253596971,635.7855059673926,841.9,609.5
10833,12961,682.2893831980613,635.792127194267,841.9,609.5
10834,12961,682.2872410364255,635.7987484211415,841.9,609.5
10835,12961,682.2850988747896,635.8053696480158,841.9,609.5
10836,12961,682.2829567131538,635.8119908748902,841.9,609.5
10837,12961,682.280814551518,635.8186121017645,841.9,609.5
10838,12961,682.2786723898821,635.825233328639,841.9,609.5
10839,12961,682.2765302282463,635.8318545555134,841.9,609.5
10840,12961,682.2743880666104,635.8384757823877,841.9,609.5
10841,12961,682.2722459049746,635.8450970092622,841.9,609.5
10842,12961,682.2701037433388,635.8517182361365,841.9,609.5
10843,12961,682.2679615817029,635.8583394630109,841.9,609.5
10844,12961,682.2658194200671,635.8649606898854,841.9,609.5
10845,12961,682.2636772584312,635.8715819167597,841.9,609.5
10846,12961,682.2615350967955,635.8782031436341,841.9,609.5
10847,12961,682.2593929351597,635.8848243705085,841.9,609.5
10848,12961,682.2572507735238,635.8914455973829,841.9,609.5
10849,12961,682.255108611888,635.8980668242573,841.9,609.5
10850,12961,682.2529664502522,635.9046880511316,841.9,609.5
10851,12961,682.2508242886163,635.9113092780061,841.9,609.5
10852,12961,682.2486821269805,635.9179305048805,841.9,609.5
10853,12961,682.2465399653446,635.9245517317548,841.9,609.5
10854,12961,682.2443978037088,635.9311729586292,841.9,609.5
10855,12961,682.242255642073,635.9377941855037,841.9,609.5
10856,12961,682.2401134804371,635.944415412378,841.9,609.5
10857,12961,682.2379713188013,635.9510366392524,841.9,609.5
10858,12961,682.2358291571654,635.9576578661269,841.9,609.5
10859,12961,682.2336869955296,635.9642790930012,841.9,609.5
10860,12961,682.2315448338938,635.9709003198756,841.9,609.5
10861,12961,682.229402672258,635.9775215467499,841.9,609.5
10862,12961,682.2272605106222,635.9841427736244,841.9,609.5
10863,12961,682.2251183489863,635.9907640004988,841.9,609.5
10864,12961,682.2229761873505,635.9973852273731,841.9,609.5
10865,12961,682.2208340257147,636.0040064542476,841.9,609.5
10866,12961,682.2186918640788,636.010627681122,841.9,609.5
10867,12961,682.216549702443,636.0172489079963,854.3703703703703,610.7444444444444
10868,12961,682.2144075408072,636.0238701348708,866.8407407407407,611.9888888888889
10869,12961,682.2122653791713,636.0304913617451,879.3111111111111,613.2333333333333
10870,12961,682.2101232175355,636.0371125886195,891.7814814814815,614.4777777777778
10871,12961,682.2079810558996,636.0437338154939,904.2518518518518,615.7222222222222
10872,12961,682.2058388942638,636.0503550423683,916.7222222222222,616.9666666666667
10873,12961,682.203696732628,636.0569762692427,929.1925925925925,618.2111111111111
10874,12961,682.2015545709921,636.063597496117,941.6629629629629,619.4555555555555
10875,12961,682.1994124093563,636.0702187229915,954.1333333333333,620.7
10876,12961,682.1972702477204,636.0768399498659,966.6037037037037,621.9444444444445
10877,12961,682.1951280860847,636.0834611767402,979.074074074074,623.1888888888889
10878,12961,682.1929859244489,636.0900824036146,991.5444444444444,624.4333333333334
10879,12961,682.190843762813,636.0967036304891,1004.0148148148148,625.6777777777778
10880,12961,682.1887016011772,636.1033248573634,1016.4851851851852,626.9222222222222
10881,12961,682.1865594395413,636.1099460842378,1028.9555555555555,628.1666666666666
10882,12961,682.1844172779055,636.1165673111122,1041.4259259259259,629.4111111111112
10883,12961,682.1822751162697,636.1231885379866,1053.8962962962962,630.6555555555556
10884,12961,682.1801329546338,636.129809764861,1066.3666666666666,631.9
10885,12961,682.177990792998,636.1364309917353,1078.837037037037,633.1444444444445
10886,12961,682.1758486313622,636.1430522186098,1091.3074074074073,634.3888888888889
10887,12961,682.1737064697263,636.1496734454842,1103.7777777777778,635.6333333333333
10888,12961,682.1715643080905,636.1562946723585,1116.2481481481482,636.8777777777779
10889,12961,682.1694221464546,636.162915899233,1128.7185185185185,638.1222222222223
10890,12961,682.1672799848188,636.1695371261073,1141.1888888888889,639.3666666666667
10891,12961,682.165137823183,636.1761583529817,1153.6592592592592,640.6111111111111
10892,12961,682.1629956615471,636.1827795798561,1166.1296296296296,641.8555555555556
10893,12961,682.1608534999114,636.1894008067305,1178.6,643.1
10894,12961,682.1587113382755,636.1960220336049,1178.6,643.1
10895,12961,682.1565691766397,636.2026432604792,1178.6,643.1
10896,12961,682.1544270150039,636.2092644873537,1178.6,643.1
10897,12961,682.152284853368,636.2158857142281,1178.6,643.1
10898,12961,682.1501426917322,636.2225069411024,1178.6,643.1
10899,12961,682.1480005300963,636.2291281679768,1178.6,643.1
10900,12961,682.1458583684605,636.2357493948513,1178.6,643.1
10901,12961,682.1437162068247,636.2423706217256,1178.6,643.1
10902,12961,682.1415740451888,636.2489918486,1178.6,643.1
10903,12961,682.139431883553,636.2556130754745,1178.6,643.1
10904,12961,682.1372897219172,636.2622343023488,1178.6,643.1
10905,12961,682.1351475602813,636.2688555292232,1178.6,643.1
10906,12961,682.1330053986455,636.2754767560976,1178.6,643.1
10907,12961,682.1308632370096,636.282097982972,1178.6,643.1
10908,12961,682.1287210753738,636.2887192098464,1178.6,643.1
10909,12961,682.1265789137381,636.2953404367207,1178.6,643.1
10910,12961,682.1244367521022,636.3019616635952,1178.6,643.1
10911,12961,682.1222945904664,636.3085828904696,1178.6,643.1
10912,12961,682.1201524288305,636.3152041173439,1178.6,643.1
10913,12961,682.1180102671947,636.3218253442184,1178.6,643.1
10914,12961,682.1158681055589,636.3284465710927,1178.6,643.1
10915,12961,682.113725943923,636.3350677979671,1178.6,643.1
10916,12961,682.1115837822872,636.3416890248415,1178.6,643.1
10917,12961,682.1094416206513,636.3483102517159,1178.6,643.1
10918,12961,682.1072994590155,636.3549314785903,1178.6,643.1
10919,12961,682.1051572973797,636.3615527054646,1178.6,643.1
10920,12961,682.1030151357438,636.3681739323391,1178.6,643.1
10921,12961,682.100872974108,636.3747951592135,1178.6,643.1
10922,12961,682.0987308124722,636.3814163860878,1178.6,643.1
10923,12961,682.0965886508363,636.3880376129622,1178.6,643.1
10924,12961,682.0944464892005,636.3946588398367,1178.6,643.1
10925,12961,682.0923043275646,636.401280066711,1178.6,643.1
10926,12961,682.0901621659289,636.4079012935854,1178.6,643.1
10927,12961,682.0880200042931,636.4145225204599,1178.6,643.1
10928,12961,682.0858778426572,636.4211437473342,1178.6,643.1
10929,12961,682.0837356810214,636.4277649742086,1178.6,643.1
10930,12961,682.0815935193855,636.434386201083,1178.6,643.1
10931,12961,682.0794513577497,636.4410074279574,1178.6,643.1
10932,12961,682.0773091961139,636.4476286548318,1178.6,643.1
10933,12961,682.075167034478,636.4542498817061,1178.6,643.1
10934,12961,682.0730248728422,636.4608711085806,1178.6,643.1
10935,12961,682.0708827112064,636.467492335455,1178.6,643.1
10936,12961,682.0687405495705,636.4741135623293,1178.6,643.1
10937,12961,682.0665983879347,636.4807347892038,1178.6,643.1
10938,12961,682.0644562262988,636.4873560160781,1178.6,643.1
10939,12961,682.062314064663,636.4939772429525,1178.6,643.1
10940,12961,682.0601719030273,636.5005984698269,1178.6,643.1
10941,12961,682.0580297413914,636.5072196967013,1178.6,643.1
10942,12961,682.0558875797556,636.5138409235757,1178.6,643.1
10943,12961,682.0537454181197,636.52046215045,1178.6,643.1
10944,12961,682.0516032564839,636.5270833773245,1178.6,643.1
10945,12961,682.0494610948481,636.5337046041989,1178.6,643.1
10946,12961,682.0473189332122,636.5403258310732,1178.6,643.1
10947,12961,682.0451767715764,636.5469470579476,1178.6,643.1
10948,12961,682.0430346099405,636.5535682848221,1178.6,643.1
10949,12961,682.0408924483047,636.5601895116964,1178.6,643.1
10950,12961,682.0387502866689,636.5668107385708,1178.6,643.1
10951,12961,682.036608125033,636.5734319654453,1178.6,643.1
10952,12961,682.0344659633972,636.5800531923196,1178.6,643.1
10953,12961,682.0323238017614,636.586674419194,1178.6,643.1
10954,12961,682.0301816401255,636.5932956460683,1178.6,643.1
10955,12961,682.0280394784897,636.5999168729428,1178.6,643.1
10956,12961,682.0258973168538,636.6065380998172,1178.6,643.1
10957,12961,682.023755155218,636.6131593266915,1178.6,643.1
10958,12961,682.0216129935823,636.619780553566,1178.6,643.1
10959,12961,682.0194708319464,636.6264017804403,1178.6,643.1
10960,12961,682.0173286703106,636.6330230073147,1178.6,643.1
10961,12962,682.0151865086747,636.6396442341892,1178.6,643.1
10962,12963,682.0130443470389,636.6462654610635,1178.6,643.1
10963,12964,682.0109021854031,636.6528866879379,1178.6,643.1
10964,12965,682.0087600237672,636.6595079148123,1178.6,643.1
10965,12966,682.0066178621314,636.6661291416867,1178.6,643.1
10966,12967,682.0044757004955,636.6727503685611,1178.6,643.1
10967,12968,682.0023335388597,636.6793715954354,1178.6,643.1
10968,12969,682.0001913772239,636.6859928223099,1178.6,643.1
10969,12969,681.998049215588,636.6926140491843,1178.6,643.1
10970,12969,681.9959070539522,636.6992352760586,1178.6,643.1
10971,12969,681.9937648923164,636.705856502933,1178.6,643.1
10972,12969,681.9916227306805,636.7124777298075,1178.6,643.1
10973,12969,681.9894805690448,636.7190989566818,1178.6,643.1
10974,12969,681.9873384074089,636.7257201835562,1178.6,643.1
10975,12969,681.9851962457731,636.7323414104306,1178.6,643.1
10976,12969,681.9830540841373,636.738962637305,1178.6,643.1
10977,12969,681.9809119225014,636.7455838641794,1178.6,643.1
10978,12969,681.9787697608656,636.7522050910537,1178.6,643.1
10979,12969,681.9766275992297,636.7588263179282,1178.6,643.1
10980,12969,681.9744854375939,636.7654475448026,1178.6,643.1
10981,12969,681.9723432759581,636.7720687716769,1178.6,643.1
10982,12969,681.9702011143222,636.7786899985514,1178.6,643.1
10983,12969,681.9680589526864,636.7853112254257,1178.6,643.1
10984,12969,681.9659167910505,636.7919324523001,1178.6,643.1
10985,12969,681.9637746294147,636.7985536791746,1178.6,643.1
10986,12969,681.9616324677789,636.8051749060489,1178.6,643.1
10987,12969,681.959490306143,636.8117961329233,1178.6,643.1
10988,12969,681.9573481445073,636.8184173597976,1178.6,643.1
10989,12969,681.9552059828715,636.8250385866721,1178.6,643.1
10990,12969,681.9530638212356,636.8316598135465,1178.6,643.1
10991,12969,681.9509216595998,636.8382810404208,1178.6,643.1
10992,12969,681.9487794979639,636.8449022672953,1178.6,643.1
10993,12969,681.9466373363281,636.8515234941697,1178.6,643.1
10994,12969,681.9444951746923,636.858144721044,1178.6,643.1
10995,12969,681.9423530130564,636.8647659479184,1178.6,643.1
10996,12969,681.9402108514206,636.8713871747929,1178.6,643.1
10997,12969,681.9380686897847,636.8780084016672,1178.6,643.1
10998,12970,681.9359265281489,636.8846296285416,1178.6,643.1
10999,12971,681.9337843665131,636.891250855416,1178.6,643.1
11000,12971,681.9316422048772,636.8978720822904,1178.6,643.1
11001,12971,681.9295000432414,636.9044933091648,1178.6,643.1
11002,12971,681.9273578816055,636.9111145360391,1178.6,643.1
11003,12971,681.9252157199697,636.9177357629136,1178.6,643.1
11004,12971,681.923073558334,636.924356989788,1178.6,643.1
11005,12971,681.920931396698,636.9309782166623,1178.6,643.1
11006,12971,681.9187892350623,636.9375994435368,1178.6,643.1
11007,12971,681.9166470734265,636.9442206704111,1178.6,643.1
11008,12971,681.9145049117906,636.9508418972855,1178.6,643.1
11009,12971,681.9123627501548,636.9574631241599,1178.6,643.1
11010,12971,681.9102205885189,636.9640843510343,1178.6,643.1
11011,12971,681.9080784268831,636.9707055779087,1178.6,643.1
11012,12971,681.9059362652473,636.977326804783,1178.6,643.1
11013,12971,681.9037941036114,636.9839480316575,1178.6,643.1
11014,12971,681.9016519419756,636.9905692585319,1178.6,643.1
11015,12971,681.8995097803397,636.9971904854062,1178.6,643.1
11016,12971,681.8973676187039,637.0038117122806,1178.6,643.1
11017,12971,681.8952254570681,637.0104329391551,1178.6,643.1
11018,12971,681.8930832954322,637.0170541660294,1178.6,643.1
11019,12971,681.8909411337964,637.0236753929038,1178.6,643.1
11020,12971,681.8887989721607,637.0302966197783,1178.6,643.1
11021,12971,681.8866568105248,637.0369178466526,1178.6,643.1
11022,12971,681.884514648889,637.043539073527,1178.6,643.1
11023,12971,681.8823724872531,637.0501603004014,1178.6,643.1
11024,12971,681.8802303256173,637.0567815272758,1178.6,643.1
11025,12971,681.8780881639815,637.0634027541502,1178.6,643.1
11026,12971,681.8759460023456,637.0700239810245,1178.6,643.1
11027,12971,681.8738038407098,637.076645207899,1178.6,643.1
11028,12971,681.8716616790739,637.0832664347733,1178.6,643.1
11029,12971,681.8695195174381,637.0898876616477,1178.6,643.1
11030,12971,681.8673773558023,637.0965088885222,1178.6,643.1
11031,12971,681.8652351941664,637.1031301153965,1178.6,643.1
11032,12971,681.8630930325306,637.1097513422709,1178.6,643.1
11033,12971,681.8609508708947,637.1163725691453,1178.6,643.1
11034,12971,681.8588087092589,637.1229937960197,1178.6,643.1
11035,12971,681.8566665476231,637.1296150228941,1178.6,643.1
11036,12971,681.8545243859872,637.1362362497684,1178.6,643.1
11037,12971,681.8523822243515,637.1428574766429,1178.6,643.1
11038,12971,681.8502400627157,637.1494787035173,1178.6,643.1
11039,12971,681.8480979010798,637.1560999303916,1178.6,643.1
11040,12971,681.845955739444,637.162721157266,1178.6,643.1
11041,12971,681.8438135778081,637.1693423841405,1178.6,643.1
11042,12971,681.8416714161723,637.1759636110148,1178.6,643.1
11043,12971,681.8395292545365,637.1825848378892,1178.6,643.1
11044,12971,681.8373870929006,637.1892060647637,1178.6,643.1
11045,12971,681.8352449312648,637.195827291638,1178.6,643.1
11046,12971,681.8331027696289,637.2024485185124,1178.6,643.1
11047,12971,681.8309606079931,637.2090697453868,1178.6,643.1
11048,12971,681.8288184463573,637.2156909722612,1178.6,643.1
11049,12971,681.8266762847214,637.2223121991356,1178.6,643.1
11050,12971,681.8245341230856,637.2289334260099,1178.6,643.1
11051,12971,681.8223919614497,637.2355546528844,1178.6,643.1
11052,12971,681.820249799814,637.2421758797587,1178.6,643.1
11053,12971,681.8181076381782,637.2487971066331,1178.6,643.1
11054,12971,681.8159654765423,637.2554183335076,1178.6,643.1
11055,12971,681.8138233149065,637.2620395603819,1178.6,643.1
11056,12971,681.8116811532707,637.2686607872563,1178.6,643.1
11057,12971,681.8095389916348,637.2752820141307,1178.6,643.1
11058,12971,681.807396829999,637.2819032410051,1178.6,643.1
11059,12971,681.8052546683631,637.2885244678795,1178.6,643.1
11060,12971,681.8031125067273,637.2951456947538,1178.6,643.1
11061,12971,681.8009703450915,637.3017669216283,1178.6,643.1
11062,12971,681.7988281834556,637.3083881485027,1178.6,643.1
11063,12971,681.7966860218198,637.315009375377,1178.6,643.1
11064,12971,681.7945438601839,637.3216306022514,1178.6,643.1
11065,12971,681.7924016985481,637.3282518291259,1178.6,643.1
11066,12971,681.7902595369123,637.3348730560002,1178.6,643.1
11067,12971,681.7881173752764,637.3414942828746,1178.6,643.1
11068,12971,681.7859752136407,637.348115509749,1178.6,643.1
11069,12971,681.7838330520049,637.3547367366234,1178.6,643.1
11070,12971,681.781690890369,637.3613579634978,1178.6,643.1
11071,12971,681.7795487287332,637.3679791903721,1165.04,642.0733333333334
11072,12971,681.7774065670973,637.3746004172466,1151.48,641.0466666666667
11073,12971,681.7752644054615,637.381221644121,1137.9199999999998,640.02
11074,12971,681.7731222438257,637.3878428709953,1124.36,638.9933333333333
11075,12971,681.7709800821898,637.3944640978698,1110.8,637.9666666666667
11076,12971,681.768837920554,637.4010853247441,1097.24,636.94
11077,12971,681.7666957589181,637.4077065516185,1083.68,635.9133333333334
11078,12971,681.7645535972823,637.414327778493,1070.12,634.8866666666667
11079,12971,681.7624114356465,637.4209490053673,1056.56,633.86
11080,12971,681.7602692740106,637.4275702322417,1043.0,632.8333333333334
11081,12971,681.7581271123748,637.434191459116,1029.44,631.8066666666667
11082,12971,681.7559849507389,637.4408126859905,1015.88,630.7800000000001
11083,12971,681.7538427891031,637.4474339128649,1002.32,629.7533333333333
11084,12971,681.7517006274674,637.4540551397392,988.76,628.7266666666667
11085,12971,681.7495584658315,637.4606763666137,975.2,627.7
11086,12971,681.7474163041957,637.4672975934881,975.2,627.7
11087,12971,681.7452741425599,637.4739188203624,975.2,627.7
11088,12971,681.743131980924,637.4805400472368,975.2,627.7
11089,12971,681.7409898192882,637.4871612741113,975.2,627.7
11090,12971,681.7388476576523,637.4937825009856,975.2,627.7
11091,12971,681.7367054960165,637.50040372786,975.2,627.7
11092,12971,681.7345633343807,637.5070249547344,975.2,627.7
11093,12971,681.7324211727448,637.5136461816088,975.2,627.7
11094,12971,681.730279011109,637.5202674084832,975.2,627.7
11095,12971,681.7281368494731,637.5268886353575,975.2,627.7
11096,12971,681.7259946878373,637.533509862232,975.2,627.7
11097,12971,681.7238525262015,637.5401310891064,975.2,627.7
11098,12971,681.7217103645656,637.5467523159807,975.2,627.7
11099,12971,681.7195682029298,637.5533735428552,975.2,627.7
11100,12971,681.717426041294,637.5599947697295,975.2,627.7
11101,12971,681.7152838796582,637.5666159966039,975.2,627.7
11102,12971,681.7131417180224,637.5732372234784,975.2,627.7
11103,12971,681.7109995563865,637.5798584503527,975.2,627.7
11104,12971,681.7088573947507,637.5864796772271,975.2,627.7
11105,12971,681.7067152331149,637.5931009041014,975.2,627.7
11106,12971,681.704573071479,637.5997221309759,975.2,627.7
11107,12971,681.7024309098432,637.6063433578503,975.2,627.7
11108,12971,681.7002887482073,637.6129645847246,975.2,627.7
11109,12971,681.6981465865715,637.6195858115991,975.2,627.7
11110,12971,681.6960044249357,637.6262070384735,975.2,627.7
11111,12971,681.6938622632998,637.6328282653478,975.2,627.7
11112,12971,681.691720101664,637.6394494922222,975.2,627.7
11113,12971,681.6895779400281,637.6460707190967,975.2,627.7
11114,12971,681.6874357783923,637.652691945971,975.2,627.7
11115,12971,681.6852936167566,637.6593131728454,975.2,627.7
11116,12971,681.6831514551207,637.6659343997198,975.2,627.7
11117,12971,681.6810092934849,637.6725556265942,975.2,627.7
11118,12971,681.678867131849,637.6791768534686,975.2,627.7
11119,12972,681.6767249702132,637.6857980803429,975.2,627.7
11120,12973,681.6745828085774,637.6924193072174,975.2,627.7
11121,12974,681.6724406469415,637.6990405340918,975.2,627.7
11122,12975,681.6702984853057,637.7056617609661,975.2,627.7
11123,12976,681.6681563236699,637.7122829878406,975.2,627.7
11124,12977,681.666014162034,637.7189042147149,975.2,627.7
11125,12978,681.6638720003982,637.7255254415893,975.2,627.7
11126,12979,681.6617298387623,637.7321466684637,975.2,627.7
11127,12980,681.6595876771265,637.7387678953381,975.2,627.7
11128,12981,681.6574455154907,637.7453891222125,975.2,627.7
11129,12982,681.6553033538548,637.7520103490868,975.2,627.7
11130,12983,681.653161192219,637.7586315759613,975.2,627.7
11131,12984,681.6510190305831,637.7652528028357,975.2,627.7
11132,12985,681.6488768689474,637.77187402971,975.2,627.7
11133,12986,681.6467347073116,637.7784952565844,975.2,627.7
11134,12987,681.6445925456757,637.7851164834589,975.2,627.7
11135,12988,681.6424503840399,637.7917377103332,975.2,627.7
11136,12989,681.640308222404,637.7983589372076,975.2,627.7
11137,12990,681.6381660607682,637.804980164082,975.2,627.7
11138,12991,681.6360238991324,637.8116013909564,975.2,627.7
11139,12992,681.6338817374965,637.8182226178308,975.2,627.7
11140,12993,681.6317395758607,637.8248438447052,975.2,627.7
11141,12994,681.6295974142249,637.8314650715796,975.2,627.7
11142,12995,681.627455252589,637.838086298454,975.2,627.7
11143,12996,681.6253130909532,637.8447075253283,975.2,627.7
11144,12997,681.6231709293173,637.8513287522028,975.2,627.7
11145,12998,681.6210287676815,637.8579499790771,975.2,627.7
11146,12999,681.6188866060457,637.8645712059515,975.2,627.7
11147,13000,681.6167444444098,637.871192432826,975.2,627.7
11148,13001,681.6146022827741,637.8778136597003,975.2,627.7
11149,13002,681.6124601211382,637.8844348865747,975.2,627.7
11150,13003,681.6103179595024,637.891056113449,975.2,627.7
11151,13004,681.6081757978666,637.8976773403235,975.2,627.7
11152,13005,681.6060336362307,637.9042985671979,975.2,627.7
11153,13006,681.6038914745949,637.9109197940722,975.2,627.7
11154,13007,681.6017493129591,637.9175410209467,975.2,627.7
11155,13008,681.5996071513232,637.9241622478211,975.2,627.7
11156,13009,681.5974649896874,637.9307834746954,975.2,627.7
11157,13010,681.5953228280515,637.9374047015698,975.2,627.7
11158,13011,681.5931806664157,637.9440259284443,975.2,627.7
11159,13012,681.5910385047799,637.9506471553186,975.2,627.7
11160,13013,681.588896343144,637.957268382193,975.2,627.7
11161,13014,681.5867541815082,637.9638896090675,975.2,627.7
11162,13015,681.5846120198723,637.9705108359418,975.2,627.7
11163,13016,681.5824698582365,637.9771320628162,975.2,627.7
11164,13017,681.5803276966008,637.9837532896906,975.2,627.7
11165,13018,681.5781855349649,637.990374516565,975.2,627.7
11166,13019,681.5760433733291,637.9969957434394,975.2,627.7
11167,13020,681.5739012116932,638.0036169703137,975.2,627.7
11168,13021,681.5717590500574,638.0102381971882,975.2,627.7
11169,13022,681.5696168884216,638.0168594240625,975.2,627.7
11170,13023,681.5674747267857,638.0234806509369,975.2,627.7
11171,13024,681.5653325651499,638.0301018778114,975.2,627.7
11172,13025,681.5631904035141,638.0367231046857,975.2,627.7
11173,13026,681.5610482418782,638.0433443315601,975.2,627.7
11174,13027,681.5589060802424,638.0499655584345,975.2,627.7
11175,13028,681.5567639186065,638.0565867853089,975.2,627.7
11176,13029,681.5546217569707,638.0632080121833,975.2,627.7
11177,13030,681.552479595335,638.0698292390576,975.2,627.7
11178,13031,681.550337433699,638.0764504659321,975.2,627.7
11179,13032,681.5481952720633,638.0830716928065,975.2,627.7
11180,13033,681.5460531104274,638.0896929196808,975.2,627.7
11181,13034,681.5439109487916,638.0963141465552,975.2,627.7
11182,13035,681.5417687871558,638.1029353734297,975.2,627.7
11183,13036,681.5396266255199,638.109556600304,975.2,627.7
11184,13037,681.5374844638841,638.1161778271784,975.2,627.7
11185,13038,681.5353423022482,638.1227990540528,975.2,627.7
11186,13039,681.5332001406124,638.1294202809272,975.2,627.7
11187,13040,681.5310579789766,638.1360415078016,975.2,627.7
11188,13041,681.5289158173407,638.1426627346759,975.2,627.7
11189,13042,681.5267736557049,638.1492839615504,975.2,627.7
11190,13043,681.5246314940691,638.1559051884248,975.2,627.7
11191,13044,681.5224893324332,638.1625264152991,975.2,627.7
11192,13045,681.5203471707974,638.1691476421736,975.2,627.7
11193,13046,681.5182050091615,638.1757688690479,975.2,627.7
11194,13047,681.5160628475257,638.1823900959223,975.2,627.7
11195,13048,681.51392068589,638.1890113227968,975.2,627.7
11196,13049,681.511778524254,638.1956325496711,975.2,627.7
11197,13050,681.5096363626183,638.2022537765455,975.2,627.7
11198,13051,681.5074942009824,638.2088750034198,975.2,627.7
11199,13052,681.5053520393466,638.2154962302943,975.2,627.7
11200,13053,681.5032098777108,638.2221174571687,975.2,627.7
11201,13054,681.5010677160749,638.228738684043,975.2,627.7
11202,13055,681.4989255544391,638.2353599109175,975.2,627.7
11203,13056,681.4967833928032,638.2419811377919,975.2,627.7
11204,13057,681.4946412311674,638.2486023646662,975.2,627.7
11205,13058,681.4924990695316,638.2552235915406,975.2,627.7
11206,13059,681.4903569078957,638.261844818415,975.2,627.7
11207,13060,681.4882147462599,638.2684660452894,975.2,627.7
11208,13061,681.4860725846241,638.2750872721638,975.2,627.7
11209,13062,681.4839304229882,638.2817084990382,975.2,627.7
11210,13063,681.4817882613524,638.2883297259126,975.2,627.7
11211,13064,681.4796460997165,638.294950952787,975.2,627.7
11212,13065,681.4775039380808,638.3015721796613,975.2,627.7
11213,13066,681.475361776445,638.3081934065358,975.2,627.7
11214,13067,681.4732196148091,638.3148146334102,975.2,627.7
11215,13068,681.4710774531733,638.3214358602845,975.2,627.7
11216,13069,681.4689352915374,638.328057087159,975.2,627.7
11217,13070,681.4667931299016,638.3346783140333,975.2,627.7
11218,13071,681.4646509682658,638.3412995409077,975.2,627.7
11219,13072,681.4625088066299,638.3479207677822,975.2,627.7
11220,13073,681.4603666449941,638.3545419946565,975.2,627.7
11221,13074,681.4582244833583,638.3611632215309,975.2,627.7
11222,13075,681.4560823217224,638.3677844484052,975.2,627.7
11223,13076,681.4539401600866,638.3744056752797,975.2,627.7
11224,13077,681.4517979984507,638.3810269021541,975.2,627.7
11225,13078,681.4496558368149,638.3876481290284,975.2,627.7
11226,13079,681.4475136751792,638.3942693559029,975.2,627.7
11227,13080,681.4453715135433,638.4008905827773,975.2,627.7
11228,13081,681.4432293519075,638.4075118096516,975.2,627.7
11229,13082,681.4410871902716,638.414133036526,975.2,627.7
11230,13083,681.4389450286358,638.4207542634005,975.2,627.7
11231,13084,681.436802867,638.4273754902748,975.2,627.7
11232,13085,681.4346607053641,638.4339967171492,975.2,627.7
11233,13086,681.4325185437283,638.4406179440236,975.2,627.7
11234,13087,681.4303763820924,638.447239170898,975.2,627.7
11235,13088,681.4282342204566,638.4538603977724,975.2,627.7
11236,13089,681.4260920588208,638.4604816246467,975.2,627.7
11237,13090,681.4239498971849,638.4671028515212,975.2,627.7
11238,13091,681.4218077355491,638.4737240783955,975.2,627.7
11239,13092,681.4196655739133,638.4803453052699,975.2,627.7
11240,13093,681.4175234122774,638.4869665321444,975.2,627.7
11241,13094,681.4153812506416,638.4935877590187,975.2,627.7
11242,13095,681.4132390890057,638.5002089858931,975.2,627.7
11243,13096,681.41109692737,638.5068302127675,975.2,627.7
11244,13097,681.4089547657342,638.5134514396419,975.2,627.7
11245,13098,681.4068126040983,638.5200726665163,975.2,627.7
11246,13099,681.4046704424625,638.5266938933906,975.2,627.7
11247,13100,681.4025282808266,638.5333151202651,975.2,627.7
11248,13101,681.4003861191908,638.5399363471395,975.2,627.7
11249,13102,681.398243957555,638.5465575740138,975.2,627.7
11250,13103,681.3961017959191,638.5531788008882,975.2,627.7
11251,13104,681.3939596342833,638.5598000277627,975.2,627.7
11252,13105,681.3918174726474,638.566421254637,975.2,627.7
11253,13106,681.3896753110116,638.5730424815114,975.2,627.7
11254,13107,681.3875331493758,638.5796637083859,975.2,627.7
11255,13108,681.3853909877399,638.5862849352602,975.2,627.7
11256,13109,681.3832488261041,638.5929061621346,975.2,627.7
11257,13110,681.3811066644683,638.599527389009,975.2,627.7
11258,13111,681.3789645028324,638.6061486158834,975.2,627.7
11259,13112,681.3768223411967,638.6127698427578,975.2,627.7
11260,13113,681.3746801795608,638.6193910696321,975.2,627.7
11261,13114,681.372538017925,638.6260122965066,975.2,627.7
11262,13115,681.3703958562892,638.632633523381,975.2,627.7
11263,13116,681.3682536946533,638.6392547502553,975.2,627.7
11264,13117,681.3661115330175,638.6458759771298,975.2,627.7
11265,13118,681.3639693713816,638.6524972040041,975.2,627.7
11266,13119,681.3618272097458,638.6591184308785,975.2,627.7
11267,13120,681.35968504811,638.6657396577529,975.2,627.7
11268,13121,681.3575428864741,638.6723608846273,975.2,627.7
11269,13122,681.3554007248383,638.6789821115017,975.2,627.7
11270,13123,681.3532585632024,638.685603338376,975.2,627.7
11271,13124,681.3511164015666,638.6922245652505,975.2,627.7
11272,13125,681.3489742399308,638.6988457921249,975.2,627.7
11273,13126,681.3468320782949,638.7054670189992,975.2,627.7
11274,13127,681.3446899166591,638.7120882458736,975.2,627.7
11275,13128,681.3425477550234,638.7187094727481,975.2,627.7
11276,13129,681.3404055933875,638.7253306996224,975.2,627.7
11277,13130,681.3382634317517,638.7319519264968,975.2,627.7
11278,13131,681.3361212701158,638.7385731533712,975.2,627.7
11279,13132,681.33397910848,638.7451943802456,975.2,627.7
11280,13133,681.3318369468442,638.75181560712,975.2,627.7
11281,13134,681.3296947852083,638.7584368339944,975.2,627.7
11282,13135,681.3275526235725,638.7650580608688,975.2,627.7
11283,13136,681.3254104619366,638.7716792877432,975.2,627.7
11284,13137,681.3232683003008,638.7783005146175,975.2,627.7
11285,13138,681.321126138665,638.784921741492,975.2,627.7
11286,13139,681.3189839770291,638.7915429683663,975.2,627.7
11287,13140,681.3168418153933,638.7981641952407,975.2,627.7
11288,13141,681.3146996537575,638.8047854221152,975.2,627.7
11289,13142,681.3125574921216,638.8114066489895,975.2,627.7
11290,13143,681.3104153304859,638.8180278758639,975.2,627.7
11291,13144,681.30827316885,638.8246491027382,975.2,627.7
11292,13145,681.3061310072142,638.8312703296127,975.2,627.7
11293,13146,681.3039888455784,638.8378915564871,975.2,627.7
11294,13147,681.3018466839425,638.8445127833614,975.2,627.7
11295,13148,681.2997045223067,638.8511340102359,975.2,627.7
11296,13149,681.2975623606708,638.8577552371103,975.2,627.7
11297,13150,681.295420199035,638.8643764639846,975.2,627.7
11298,13151,681.2932780373992,638.870997690859,975.2,627.7
11299,13152,681.2911358757633,638.8776189177335,975.2,627.7
11300,13153,681.2889937141275,638.8842401446078,975.2,627.7
11301,13154,681.2868515524916,638.8908613714822,975.2,627.7
11302,13155,681.2847093908558,638.8974825983566,975.2,627.7
11303,13156,681.28256722922,638.904103825231,975.2,627.7
11304,13157,681.2804250675841,638.9107250521054,975.2,627.7
11305,13158,681.2782829059483,638.9173462789797,975.2,627.7
11306,13159,681.2761407443126,638.9239675058542,975.2,627.7
11307,13160,681.2739985826767,638.9305887327286,975.2,627.7
11308,13161,681.2718564210409,638.9372099596029,975.2,627.7
11309,13162,681.269714259405,638.9438311864774,975.2,627.7
11310,13163,681.2675720977692,638.9504524133517,975.2,627.7
11311,13164,681.2654299361334,638.9570736402261,975.2,627.7
11312,13165,681.2632877744975,638.9636948671005,975.2,627.7
11313,13166,681.2611456128617,638.9703160939749,975.2,627.7
11314,13167,681.2590034512258,638.9769373208493,975.2,627.7
11315,13168,681.25686128959,638.9835585477236,975.2,627.7
11316,13169,681.2547191279542,638.9901797745981,975.2,627.7
11317,13170,681.2525769663183,638.9968010014725,975.2,627.7
11318,13171,681.2504348046825,639.0034222283468,975.2,627.7
11319,13172,681.2482926430466,639.0100434552213,975.2,627.7
11320,13173,681.2461504814108,639.0166646820957,975.2,627.7
11321,13174,681.244008319775,639.02328590897,975.2,627.7
11322,13175,681.2418661581391,639.0299071358444,975.2,627.7
11323,13176,681.2397239965034,639.0365283627189,975.2,627.7
11324,13177,681.2375818348676,639.0431495895932,975.2,627.7
11325,13178,681.2354396732317,639.0497708164676,975.2,627.7
11326,13179,681.2332975115959,639.056392043342,975.2,627.7
11327,13180,681.23115534996,639.0630132702164,975.2,627.7
11328,13181,681.2290131883242,639.0696344970908,975.2,627.7
11329,13182,681.2268710266884,639.0762557239651,975.2,627.7
11330,13183,681.2247288650525,639.0828769508396,975.2,627.7
11331,13184,681.2225867034167,639.089498177714,975.2,627.7
11332,13185,681.2204445417808,639.0961194045883,975.2,627.7
11333,13186,681.218302380145,639.1027406314628,975.2,627.7
11334,13187,681.2161602185092,639.1093618583371,975.2,627.7
11335,13188,681.2140180568733,639.1159830852115,975.2,627.7
11336,13189,681.2118758952375,639.122604312086,975.2,627.7
11337,13190,681.2097337336016,639.1292255389603,975.2,627.7
11338,13191,681.2075915719658,639.1358467658347,975.2,627.7
11339,13192,681.2054494103301,639.142467992709,975.2,627.7
11340,13193,681.2033072486942,639.1490892195835,975.2,627.7
11341,13194,681.2011650870584,639.1557104464579,975.2,627.7
11342,13195,681.1990229254226,639.1623316733322,975.2,627.7
11343,13196,681.1968807637867,639.1689529002067,975.2,627.7
11344,13197,681.1947386021509,639.1755741270811,975.2,627.7
11345,13198,681.192596440515,639.1821953539554,975.2,627.7
11346,13199,681.1904542788792,639.1888165808298,975.2,627.7
11347,13200,681.1883121172434,639.1954378077043,975.2,627.7
11348,13201,681.1861699556075,639.2020590345786,975.2,627.7
11349,13202,681.1840277939717,639.208680261453,975.2,627.7
11350,13203,681.1818856323358,639.2153014883274,975.2,627.7
11351,13204,681.1797434707,639.2219227152018,975.2,627.7
11352,13205,681.1776013090642,639.2285439420762,975.2,627.7
11353,13206,681.1754591474283,639.2351651689505,975.2,627.7
11354,13207,681.1733169857926,639.241786395825,975.2,627.7
11355,13208,681.1711748241567,639.2484076226993,975.2,627.7
11356,13209,681.1690326625209,639.2550288495737,975.2,627.7
11357,13210,681.1668905008851,639.2616500764482,975.2,627.7
11358,13211,681.1647483392492,639.2682713033225,975.2,627.7
11359,13212,681.1626061776134,639.2748925301969,975.2,627.7
11360,13213,681.1604640159776,639.2815137570713,975.2,627.7
11361,13214,681.1583218543417,639.2881349839457,975.2,627.7
11362,13215,681.1561796927059,639.2947562108201,975.2,627.7
11363,13216,681.15403753107,639.3013774376944,975.2,627.7
11364,13217,681.1518953694342,639.3079986645689,975.2,627.7
11365,13218,681.1497532077984,639.3146198914433,975.2,627.7
11366,13219,681.1476110461625,639.3212411183176,975.2,627.7
11367,13220,681.1454688845267,639.327862345192,975.2,627.7
11368,13221,681.1433267228908,639.3344835720665,975.2,627.7
11369,13222,681.141184561255,639.3411047989408,975.2,627.7
11370,13223,681.1390423996193,639.3477260258152,975.2,627.7
11371,13224,681.1369002379834,639.3543472526896,975.2,627.7
11372,13225,681.1347580763476,639.360968479564,975.2,627.7
11373,13226,681.1326159147118,639.3675897064384,975.2,627.7
11374,13227,681.1304737530759,639.3742109333128,975.2,627.7
11375,13228,681.1283315914401,639.3808321601872,975.2,627.7
11376,13229,681.1261894298042,639.3874533870616,975.2,627.7
11377,13230,681.1240472681684,639.3940746139359,975.2,627.7
11378,13231,681.1219051065326,639.4006958408104,975.2,627.7
11379,13232,681.1197629448967,639.4073170676847,975.2,627.7
11380,13233,681.1176207832609,639.4139382945591,975.2,627.7
11381,13234,681.115478621625,639.4205595214336,975.2,627.7
11382,13235,681.1133364599892,639.4271807483079,975.2,627.7
11383,13236,681.1111942983534,639.4338019751823,975.2,627.7
11384,13237,681.1090521367175,639.4404232020566,975.2,627.7
11385,13238,681.1069099750817,639.4470444289311,975.2,627.7
11386,13239,681.1047678134458,639.4536656558055,975.2,627.7
11387,13240,681.1026256518101,639.4602868826798,975.2,627.7
11388,13241,681.1004834901743,639.4669081095543,975.2,627.7
11389,13242,681.0983413285384,639.4735293364287,975.2,627.7
11390,13243,681.0961991669026,639.480150563303,975.2,627.7
11391,13244,681.0940570052668,639.4867717901774,975.2,627.7
11392,13245,681.0919148436309,639.4933930170519,975.2,627.7
11393,13246,681.0897726819951,639.5000142439262,975.2,627.7
11394,13247,681.0876305203592,639.5066354708006,975.2,627.7
11395,13248,681.0854883587234,639.513256697675,975.2,627.7
11396,13249,681.0833461970876,639.5198779245494,975.2,627.7
11397,13250,681.0812040354517,639.5264991514238,975.2,627.7
11398,13251,681.0790618738159,639.5331203782982,975.2,627.7
11399,13252,681.07691971218,639.5397416051726,975.2,627.7
11400,13253,681.0747775505442,639.546362832047,975.2,627.7
11401,13254,681.0726353889085,639.5529840589213,975.2,627.7
11402,13255,681.0704932272726,639.5596052857958,975.2,627.7
11403,13256,681.0683510656368,639.5662265126701,975.2,627.7
11404,13257,681.0662089040009,639.5728477395445,975.2,627.7
11405,13258,681.0640667423651,639.579468966419,975.2,627.7
11406,13259,681.0619245807293,639.5860901932933,975.2,627.7
11407,13260,681.0597824190934,639.5927114201677,975.2,627.7
11408,13261,681.0576402574576,639.599332647042,975.2,627.7
11409,13262,681.0554980958218,639.6059538739165,975.2,627.7
11410,13263,681.0533559341859,639.6125751007909,975.2,627.7
11411,13264,681.0512137725501,639.6191963276652,975.2,627.7
11412,13265,681.0490716109142,639.6258175545397,975.2,627.7
11413,13266,681.0469294492784,639.6324387814141,975.2,627.7
11414,13267,681.0447872876426,639.6390600082884,975.2,627.7
11415,13268,681.0426451260067,639.6456812351628,975.2,627.7
11416,13269,681.040502964371,639.6523024620373,975.2,627.7
11417,13270,681.038360802735,639.6589236889116,975.2,627.7
11418,13271,681.0362186410993,639.665544915786,975.2,627.7
11419,13272,681.0340764794635,639.6721661426604,975.2,627.7
11420,13273,681.0319343178276,639.6787873695348,975.2,627.7
11421,13274,681.0297921561918,639.6854085964092,975.2,627.7
11422,13275,681.0276499945559,639.6920298232835,975.2,627.7
11423,13276,681.0255078329201,639.698651050158,975.2,627.7
11424,13277,681.0233656712843,639.7052722770323,975.2,627.7
11425,13278,681.0212235096484,639.7118935039067,975.2,627.7
11426,13279,681.0190813480126,639.7185147307812,975.2,627.7
11427,13280,681.0169391863768,639.7251359576555,975.2,627.7
11428,13281,681.0147970247409,639.7317571845299,975.2,627.7
11429,13282,681.0126548631051,639.7383784114043,975.2,627.7
11430,13283,681.0105127014692,639.7449996382787,975.2,627.7
11431,13284,681.0083705398334,639.7516208651531,975.2,627.7
11432,13285,681.0062283781976,639.7582420920274,975.2,627.7
11433,13286,681.0040862165617,639.7648633189019,975.2,627.7
11434,13287,681.001944054926,639.7714845457763,975.2,627.7
11435,13288,680.99980189329,639.7781057726506,975.2,627.7
11436,13289,680.9976597316543,639.7847269995251,975.2,627.7
11437,13290,680.9955175700185,639.7913482263995,975.2,627.7
11438,13291,680.9933754083826,639.7979694532738,975.2,627.7
11439,13292,680.9912332467468,639.8045906801482,975.2,627.7
11440,13293,680.989091085111,639.8112119070227,975.2,627.7
11441,13294,680.9869489234751,639.817833133897,975.2,627.7
11442,13295,680.9848067618393,639.8244543607714,975.2,627.7
11443,13296,680.9826646002034,639.8310755876458,975.2,627.7
11444,13297,680.9805224385676,639.8376968145202,975.2,627.7
11445,13298,680.9783802769318,639.8443180413946,975.2,627.7
11446,13299,680.9762381152959,639.8509392682689,975.2,627.7
11447,13300,680.9740959536601,639.8575604951434,975.2,627.7
11448,13301,680.9719537920242,639.8641817220177,975.2,627.7
11449,13302,680.9698116303884,639.8708029488921,975.2,627.7
11450,13303,680.9676694687527,639.8774241757666,975.2,627.7
11451,13304,680.9655273071168,639.8840454026409,975.2,627.7
11452,13305,680.963385145481,639.8906666295153,975.2,627.7
11453,13306,680.9612429838451,639.8972878563897,975.2,627.7
11454,13307,680.9591008222093,639.9039090832641,975.2,627.7
11455,13308,680.9569586605735,639.9105303101385,975.2,627.7
11456,13309,680.9548164989376,639.9171515370128,975.2,627.7
11457,13310,680.9526743373018,639.9237727638873,975.2,627.7
11458,13311,680.950532175666,639.9303939907617,975.2,627.7
11459,13312,680.9483900140301,639.937015217636,975.2,627.7
11460,13313,680.9462478523943,639.9436364445105,975.2,627.7
11461,13314,680.9441056907584,639.9502576713849,975.2,627.7
11462,13315,680.9419635291226,639.9568788982592,975.2,627.7
11463,13316,680.9398213674868,639.9635001251336,975.2,627.7
11464,13317,680.9376792058509,639.970121352008,975.2,627.7
11465,13318,680.9355370442152,639.9767425788824,975.2,627.7
11466,13319,680.9333948825793,639.9833638057568,975.2,627.7
11467,13320,680.9312527209435,639.9899850326312,975.2,627.7
11468,13321,680.9291105593077,639.9966062595056,975.2,627.7
11469,13322,680.9269683976718,640.00322748638,975.2,627.7
11470,13323,680.924826236036,640.0098487132543,975.2,627.7
11471,13324,680.9226840744001,640.0164699401288,975.2,627.7
11472,13325,680.9205419127643,640.0230911670031,975.2,627.7
11473,13326,680.9183997511285,640.0297123938775,975.2,627.7
11474,13327,680.9162575894926,640.036333620752,975.2,627.7
11475,13328,680.9141154278568,640.0429548476263,975.2,627.7
11476,13329,680.911973266221,640.0495760745007,975.2,627.7
11477,13330,680.9098311045851,640.056197301375,975.2,627.7
11478,13331,680.9076889429493,640.0628185282495,975.2,627.7
11479,13332,680.9055467813134,640.0694397551239,975.2,627.7
11480,13333,680.9034046196776,640.0760609819982,975.2,627.7
11481,13334,680.9012624580419,640.0826822088727,975.2,627.7
11482,13335,680.899120296406,640.0893034357471,975.2,627.7
11483,13336,680.8969781347702,640.0959246626214,975.2,627.7
11484,13337,680.8948359731343,640.1025458894958,975.2,627.7
11485,13338,680.8926938114985,640.1091671163703,975.2,627.7
11486,13339,680.8905516498627,640.1157883432446,975.2,627.7
11487,13340,680.8884094882268,640.122409570119,975.2,627.7
11488,13341,680.886267326591,640.1290307969934,975.2,627.7
11489,13342,680.8841251649551,640.1356520238678,975.2,627.7
11490,13343,680.8819830033193,640.1422732507422,975.2,627.7
11491,13344,680.8798408416835,640.1488944776166,975.2,627.7
11492,13345,680.8776986800476,640.155515704491,975.2,627.7
11493,13346,680.8755565184118,640.1621369313654,975.2,627.7
11494,13347,680.873414356776,640.1687581582397,975.2,627.7
11495,13348,680.8712721951401,640.1753793851142,975.2,627.7
11496,13349,680.8691300335043,640.1820006119885,975.2,627.7
11497,13350,680.8669878718684,640.1886218388629,975.2,627.7
11498,13351,680.8648457102327,640.1952430657374,975.2,627.7
11499,13352,680.8627035485969,640.2018642926117,975.2,627.7
11500,13353,680.860561386961,640.2084855194861,975.2,627.7
11501,13354,680.8584192253252,640.2151067463604,975.2,627.7
11502,13355,680.8562770636893,640.2217279732349,975.2,627.7
11503,13356,680.8541349020535,640.2283492001093,975.2,627.7
11504,13357,680.8519927404177,640.2349704269836,975.2,627.7
11505,13358,680.8498505787818,640.2415916538581,975.2,627.7
11506,13359,680.847708417146,640.2482128807325,975.2,627.7
11507,13360,680.8455662555102,640.2548341076068,975.2,627.7
11508,13361,680.8434240938743,640.2614553344812,975.2,627.7
11509,13362,680.8412819322385,640.2680765613557,975.2,627.7
11510,13363,680.8391397706026,640.27469778823,975.2,627.7
11511,13364,680.8369976089668,640.2813190151044,975.2,627.7
11512,13365,680.834855447331,640.2879402419788,975.2,627.7
11513,13366,680.8327132856951,640.2945614688532,975.2,627.7
11514,13367,680.8305711240594,640.3011826957276,975.2,627.7
11515,13368,680.8284289624235,640.307803922602,975.2,627.7
11516,13369,680.8262868007877,640.3144251494764,975.2,627.7
11517,13370,680.8241446391519,640.3210463763508,975.2,627.7
11518,13371,680.822002477516,640.3276676032251,975.2,627.7
11519,13372,680.8198603158802,640.3342888300996,975.2,627.7
11520,13373,680.8177181542443,640.3409100569739,975.2,627.7
11521,13374,680.8155759926085,640.3475312838483,975.2,627.7
11522,13375,680.8134338309727,640.3541525107228,975.2,627.7
11523,13376,680.8112916693368,640.3607737375971,975.2,627.7
11524,13377,680.809149507701,640.3673949644715,975.2,627.7
11525,13378,680.8070073460652,640.3740161913458,975.2,627.7
11526,13379,680.8048651844293,640.3806374182203,975.2,627.7
11527,13380,680.8027230227935,640.3872586450947,975.2,627.7
11528,13381,680.8005808611576,640.393879871969,975.2,627.7
11529,13382,680.7984386995219,640.4005010988435,975.2,627.7
11530,13383,680.7962965378861,640.4071223257179,975.2,627.7
11531,13384,680.7941543762502,640.4137435525922,975.2,627.7
11532,13385,680.7920122146144,640.4203647794666,975.2,627.7
11533,13386,680.7898700529785,640.426986006341,975.2,627.7
11534,13387,680.7877278913427,640.4336072332154,975.2,627.7
11535,13388,680.7855857297069,640.4402284600898,975.2,627.7
11536,13389,680.783443568071,640.4468496869642,975.2,627.7
11537,13390,680.7813014064352,640.4534709138386,975.2,627.7
11538,13391,680.7791592447993,640.460092140713,975.2,627.7
11539,13392,680.7770170831635,640.4667133675873,975.2,627.7
11540,13392,680.7748749215277,640.4733345944618,975.2,627.7
11541,13392,680.7727327598918,640.4799558213361,975.2,627.7
11542,13392,680.770590598256,640.4865770482105,975.2,627.7
11543,13392,680.7684484366202,640.493198275085,975.2,627.7
11544,13392,680.7663062749843,640.4998195019593,975.2,627.7
11545,13392,680.7641641133486,640.5064407288337,975.2,627.7
11546,13392,680.7620219517127,640.513061955708,975.2,627.7
11547,13392,680.7598797900769,640.5196831825825,975.2,627.7
11548,13392,680.7577376284411,640.5263044094569,975.2,627.7
11549,13392,680.7555954668052,640.5329256363312,975.2,627.7
11550,13392,680.7534533051694,640.5395468632057,975.2,627.7
11551,13392,680.7513111435335,640.5461680900801,975.2,627.7
11552,13392,680.7491689818977,640.5527893169544,975.2,627.7
11553,13392,680.7470268202619,640.5594105438289,975.2,627.7
11554,13392,680.744884658626,640.5660317707033,975.2,627.7
11555,13392,680.7427424969902,640.5726529975776,975.2,627.7
11556,13392,680.7406003353543,640.579274224452,975.2,627.7
11557,13392,680.7384581737185,640.5858954513265,975.2,627.7
11558,13392,680.7363160120827,640.5925166782008,975.2,627.7
11559,13393,680.7341738504468,640.5991379050752,975.2,627.7
11560,13394,680.732031688811,640.6057591319496,975.2,627.7
11561,13395,680.7298895271753,640.612380358824,975.2,627.7
11562,13396,680.7277473655394,640.6190015856984,975.2,627.7
11563,13397,680.7256052039036,640.6256228125727,975.2,627.7
11564,13398,680.7234630422677,640.6322440394472,975.2,627.7
11565,13399,680.7213208806319,640.6388652663215,975.2,627.7
11566,13400,680.7191787189961,640.6454864931959,975.2,627.7
11567,13401,680.7170365573602,640.6521077200704,975.2,627.7
11568,13402,680.7148943957244,640.6587289469447,975.2,627.7
11569,13403,680.7127522340885,640.6653501738191,975.2,627.7
11570,13404,680.7106100724527,640.6719714006935,975.2,627.7
11571,13405,680.7084679108169,640.6785926275679,975.2,627.7
11572,13406,680.706325749181,640.6852138544423,975.2,627.7
11573,13407,680.7041835875452,640.6918350813166,975.2,627.7
11574,13408,680.7020414259093,640.6984563081911,975.2,627.7
11575,13409,680.6998992642735,640.7050775350655,975.2,627.7
11576,13410,680.6977571026378,640.7116987619398,975.2,627.7
11577,13411,680.6956149410018,640.7183199888143,975.2,627.7
11578,13412,680.6934727793661,640.7249412156887,975.2,627.7
11579,13413,680.6913306177303,640.731562442563,975.2,627.7
11580,13414,680.6891884560944,640.7381836694374,975.2,627.7
11581,13415,680.6870462944586,640.7448048963118,975.2,627.7
11582,13416,680.6849041328227,640.7514261231862,975.2,627.7
11583,13417,680.6827619711869,640.7580473500606,975.2,627.7
11584,13418,680.6806198095511,640.764668576935,975.2,627.7
11585,13419,680.6784776479152,640.7712898038094,975.2,627.7
11586,13420,680.6763354862794,640.7779110306838,975.2,627.7
11587,13421,680.6741933246435,640.7845322575581,975.2,627.7
11588,13421,680.6720511630077,640.7911534844326,975.2,627.7
11589,13421,680.6699090013719,640.7977747113069,975.2,627.7
11590,13421,680.667766839736,640.8043959381813,975.2,627.7
11591,13421,680.6656246781002,640.8110171650558,975.2,627.7
11592,13421,680.6634825164645,640.8176383919301,975.2,627.7
11593,13421,680.6613403548286,640.8242596188045,975.2,627.7
11594,13421,680.6591981931928,640.8308808456788,975.2,627.7
11595,13421,680.6570560315569,640.8375020725533,975.2,627.7
11596,13421,680.6549138699211,640.8441232994277,975.2,627.7
11597,13421,680.6527717082853,640.850744526302,975.2,627.7
11598,13421,680.6506295466494,640.8573657531765,975.2,627.7
11599,13421,680.6484873850136,640.8639869800509,975.2,627.7
11600,13421,680.6463452233777,640.8706082069252,975.2,627.7
11601,13421,680.6442030617419,640.8772294337996,975.2,627.7
11602,13421,680.6420609001061,640.883850660674,975.2,627.7
11603,13421,680.6399187384702,640.8904718875484,975.2,627.7
11604,13421,680.6377765768344,640.8970931144228,975.2,627.7
11605,13421,680.6356344151985,640.9037143412972,975.2,627.7
11606,13421,680.6334922535627,640.9103355681716,975.2,627.7
11607,13421,680.631350091927,640.916956795046,975.2,627.7
11608,13421,680.629207930291,640.9235780219204,975.2,627.7
11609,13421,680.6270657686553,640.9301992487948,975.2,627.7
11610,13421,680.6249236070195,640.9368204756692,975.2,627.7
11611,13421,680.6227814453836,640.9434417025435,975.2,627.7
11612,13421,680.6206392837478,640.950062929418,975.2,627.7
11613,13421,680.6184971221119,640.9566841562923,975.2,627.7
11614,13421,680.6163549604761,640.9633053831667,975.2,627.7
11615,13421,680.6142127988403,640.9699266100412,975.2,627.7
11616,13421,680.6120706372044,640.9765478369155,975.2,627.7
11617,13421,680.6099284755686,640.9831690637899,975.2,627.7
11618,13421,680.6077863139327,640.9897902906642,975.2,627.7
11619,13421,680.6056441522969,640.9964115175387,975.2,627.7
11620,13421,680.6035019906611,641.0030327444131,975.2,627.7
11621,13421,680.6013598290252,641.0096539712874,975.2,627.7
11622,13421,680.5992176673894,641.0162751981619,975.2,627.7
11623,13421,680.5970755057535,641.0228964250363,975.2,627.7
11624,13421,680.5949333441177,641.0295176519106,975.2,627.7
11625,13421,680.592791182482,641.036138878785,975.2,627.7
11626,13421,680.5906490208461,641.0427601056595,975.2,627.7
11627,13421,680.5885068592103,641.0493813325338,975.2,627.7
11628,13421,680.5863646975745,641.0560025594082,975.2,627.7
11629,13421,680.5842225359386,641.0626237862826,975.2,627.7
11630,13421,680.5820803743028,641.069245013157,975.2,627.7
11631,13421,680.5799382126669,641.0758662400314,975.2,627.7
11632,13421,680.5777960510311,641.0824874669058,975.2,627.7
11633,13421,680.5756538893953,641.0891086937802,975.2,627.7
11634,13421,680.5735117277594,641.0957299206545,975.2,627.7
11635,13421,680.5713695661236,641.1023511475289,975.2,627.7
11636,13421,680.5692274044877,641.1089723744034,975.2,627.7
11637,13421,680.5670852428519,641.1155936012777,975.2,627.7
11638,13421,680.5649430812161,641.1222148281521,975.2,627.7
11639,13421,680.5628009195802,641.1288360550266,975.2,627.7
11640,13421,680.5606587579445,641.1354572819009,975.2,627.7
11641,13421,680.5585165963086,641.1420785087753,975.2,627.7
11642,13421,680.5563744346728,641.1486997356496,975.2,627.7
11643,13421,680.554232273037,641.1553209625241,975.2,627.7
11644,13421,680.5520901114011,641.1619421893985,975.2,627.7
11645,13421,680.5499479497653,641.1685634162728,975.2,627.7
11646,13421,680.5478057881295,641.1751846431473,975.2,627.7
11647,13421,680.5456636264936,641.1818058700217,975.2,627.7
11648,13421,680.5435214648578,641.188427096896,975.2,627.7
11649,13421,680.5413793032219,641.1950483237704,975.2,627.7
11650,13421,680.5392371415861,641.2016695506449,975.2,627.7
11651,13421,680.5370949799503,641.2082907775192,975.2,627.7
11652,13421,680.5349528183144,641.2149120043936,975.2,627.7
11653,13421,680.5328106566786,641.221533231268,975.2,627.7
11654,13421,680.5306684950427,641.2281544581424,975.2,627.7
11655,13421,680.528526333407,641.2347756850168,975.2,627.7
11656,13421,680.5263841717712,641.2413969118911,975.2,627.7
11657,13421,680.5242420101353,641.2480181387656,975.2,627.7
11658,13421,680.5220998484995,641.25463936564,975.2,627.7
11659,13421,680.5199576868637,641.2612605925143,975.2,627.7
11660,13421,680.5178155252278,641.2678818193888,975.2,627.7
11661,13421,680.515673363592,641.2745030462631,975.2,627.7
11662,13421,680.5135312019561,641.2811242731375,975.2,627.7
11663,13421,680.5113890403203,641.2877455000119,975.2,627.7
11664,13421,680.5092468786845,641.2943667268863,975.2,627.7
11665,13421,680.5071047170486,641.3009879537607,975.2,627.7
11666,13421,680.5049625554128,641.307609180635,975.2,627.7
11667,13421,680.5028203937769,641.3142304075095,975.2,627.7
11668,13421,680.5006782321411,641.3208516343839,975.2,627.7
11669,13421,680.4985360705053,641.3274728612582,975.2,627.7
11670,13421,680.4963939088694,641.3340940881327,975.2,627.7
11671,13421,680.4942517472336,641.3407153150071,975.2,627.7
11672,13421,680.4921095855977,641.3473365418814,975.2,627.7
11673,13421,680.489967423962,641.3539577687558,975.2,627.7
11674,13421,680.4878252623262,641.3605789956302,975.2,627.7
11675,13421,680.4856831006903,641.3672002225046,975.2,627.7
11676,13421,680.4835409390545,641.373821449379,975.2,627.7
11677,13421,680.4813987774187,641.3804426762534,975.2,627.7
11678,13421,680.4792566157828,641.3870639031278,975.2,627.7
11679,13421,680.477114454147,641.3936851300022,975.2,627.7
11680,13421,680.4749722925111,641.4003063568765,975.2,627.7
11681,13421,680.4728301308753,641.406927583751,975.2,627.7
11682,13421,680.4706879692395,641.4135488106253,975.2,627.7
11683,13421,680.4685458076036,641.4201700374997,975.2,627.7
11684,13421,680.4664036459678,641.4267912643742,975.2,627.7
11685,13421,680.4642614843319,641.4334124912485,975.2,627.7
11686,13421,680.4621193226961,641.4400337181229,975.2,627.7
11687,13421,680.4599771610604,641.4466549449972,975.2,627.7
11688,13421,680.4578349994244,641.4532761718717,975.2,627.7
11689,13421,680.4556928377887,641.4598973987461,975.2,627.7
11690,13421,680.4535506761528,641.4665186256204,975.2,627.7
11691,13421,680.451408514517,641.4731398524949,975.2,627.7
11692,13421,680.4492663528812,641.4797610793693,975.2,627.7
11693,13421,680.4471241912453,641.4863823062436,975.2,627.7
11694,13421,680.4449820296095,641.4930035331181,975.2,627.7
11695,13421,680.4428398679737,641.4996247599925,975.2,627.7
11696,13421,680.4406977063378,641.5062459868668,975.2,627.7
11697,13421,680.438555544702,641.5128672137412,975.2,627.7
11698,13421,680.4364133830661,641.5194884406156,975.2,627.7
11699,13421,680.4342712214303,641.52610966749,975.2,627.7
11700,13421,680.4321290597945,641.5327308943644,975.2,627.7
11701,13421,680.4299868981586,641.5393521212388,975.2,627.7
11702,13421,680.4278447365228,641.5459733481132,975.2,627.7
11703,13421,680.4257025748869,641.5525945749876,975.2,627.7
11704,13421,680.4235604132512,641.5592158018619,975.2,627.7
11705,13421,680.4214182516154,641.5658370287364,975.2,627.7
11706,13421,680.4192760899795,641.5724582556107,975.2,627.7
11707,13421,680.4171339283437,641.5790794824851,975.2,627.7
11708,13421,680.4149917667078,641.5857007093596,975.2,627.7
11709,13421,680.412849605072,641.5923219362339,975.2,627.7
11710,13421,680.4107074434362,641.5989431631083,975.2,627.7
11711,13421,680.4085652818003,641.6055643899826,975.2,627.7
11712,13421,680.4064231201645,641.6121856168571,975.2,627.7
11713,13421,680.4042809585287,641.6188068437315,975.2,627.7
11714,13421,680.4021387968928,641.6254280706058,975.2,627.7
11715,13421,680.399996635257,641.6320492974803,975.2,627.7
11716,13421,680.3978544736211,641.6386705243547,975.2,627.7
11717,13421,680.3957123119853,641.645291751229,975.2,627.7
11718,13421,680.3935701503495,641.6519129781034,975.2,627.7
11719,13421,680.3914279887136,641.6585342049779,975.2,627.7
11720,13421,680.3892858270779,641.6651554318522,975.2,627.7
11721,13421,680.387143665442,641.6717766587266,975.2,627.7
11722,13421,680.3850015038062,641.678397885601,975.2,627.7
11723,13421,680.3828593421704,641.6850191124754,975.2,627.7
11724,13421,680.3807171805345,641.6916403393498,975.2,627.7
11725,13421,680.3785750188987,641.6982615662241,975.2,627.7
11726,13421,680.3764328572629,641.7048827930986,975.2,627.7
11727,13421,680.374290695627,641.711504019973,975.2,627.7
11728,13421,680.3721485339912,641.7181252468473,975.2,627.7
11729,13421,680.3700063723553,641.7247464737218,975.2,627.7
11730,13421,680.3678642107195,641.7313677005961,975.2,627.7
11731,13421,680.3657220490837,641.7379889274705,975.2,627.7
11732,13421,680.3635798874478,641.744610154345,975.2,627.7
11733,13421,680.361437725812,641.7512313812193,975.2,627.7
11734,13421,680.3592955641761,641.7578526080937,975.2,627.7
11735,13421,680.3571534025403,641.764473834968,975.2,627.7
11736,13421,680.3550112409046,641.7710950618425,975.2,627.7
11737,13421,680.3528690792687,641.7777162887169,975.2,627.7
11738,13421,680.3507269176329,641.7843375155912,975.2,627.7
11739,13421,680.348584755997,641.7909587424657,975.2,627.7
11740,13421,680.3464425943612,641.7975799693401,975.2,627.7
11741,13421,680.3443004327254,641.8042011962144,975.2,627.7
11742,13421,680.3421582710895,641.8108224230888,975.2,627.7
11743,13421,680.3400161094537,641.8174436499633,975.2,627.7
11744,13421,680.3378739478179,641.8240648768376,975.2,627.7
11745,13421,680.335731786182,641.830686103712,975.2,627.7
11746,13422,680.3335896245462,641.8373073305864,975.2,627.7
11747,13423,680.3314474629103,641.8439285574608,975.2,627.7
11748,13424,680.3293053012745,641.8505497843352,975.2,627.7
11749,13425,680.3271631396387,641.8571710112096,975.2,627.7
11750,13426,680.3250209780028,641.863792238084,975.2,627.7
11751,13427,680.322878816367,641.8704134649583,975.2,627.7
11752,13428,680.3207366547311,641.8770346918327,975.2,627.7
11753,13429,680.3185944930954,641.8836559187072,975.2,627.7
11754,13430,680.3164523314596,641.8902771455815,975.2,627.7
11755,13431,680.3143101698237,641.8968983724559,975.2,627.7
11756,13432,680.3121680081879,641.9035195993304,975.2,627.7
11757,13433,680.310025846552,641.9101408262047,975.2,627.7
11758,13434,680.3078836849162,641.9167620530791,975.2,627.7
11759,13435,680.3057415232804,641.9233832799534,975.2,627.7
11760,13436,680.3035993616445,641.9300045068279,975.2,627.7
11761,13437,680.3014572000087,641.9366257337023,975.2,627.7
11762,13438,680.2993150383729,641.9432469605766,975.2,627.7
11763,13439,680.297172876737,641.9498681874511,975.2,627.7
11764,13440,680.2950307151012,641.9564894143255,975.2,627.7
11765,13441,680.2928885534653,641.9631106411998,975.2,627.7
11766,13442,680.2907463918295,641.9697318680742,975.2,627.7
11767,13443,680.2886042301938,641.9763530949486,975.2,627.7
11768,13444,680.2864620685579,641.982974321823,975.2,627.7
11769,13445,680.2843199069221,641.9895955486974,975.2,627.7
11770,13446,680.2821777452862,641.9962167755718,975.2,627.7
11771,13447,680.2800355836504,642.0028380024462,975.2,627.7
11772,13448,680.2778934220146,642.0094592293206,975.2,627.7
11773,13449,680.2757512603787,642.0160804561949,975.2,627.7
11774,13450,680.2736090987429,642.0227016830694,975.2,627.7
11775,13451,680.271466937107,642.0293229099437,975.2,627.7
11776,13452,680.2693247754712,642.0359441368181,975.2,627.7
11777,13453,680.2671826138354,642.0425653636926,975.2,627.7
11778,13454,680.2650404521995,642.0491865905669,975.2,627.7
11779,13455,680.2628982905637,642.0558078174413,975.2,627.7
11780,13456,680.2607561289279,642.0624290443156,975.2,627.7
11781,13457,680.258613967292,642.0690502711901,975.2,627.7
11782,13458,680.2564718056562,642.0756714980645,975.2,627.7
11783,13459,680.2543296440203,642.0822927249388,975.2,627.7
11784,13460,680.2521874823846,642.0889139518133,975.2,627.7
11785,13461,680.2500453207488,642.0955351786877,975.2,627.7
11786,13462,680.2479031591129,642.102156405562,975.2,627.7
11787,13463,680.2457609974771,642.1087776324365,975.2,627.7
11788,13464,680.2436188358412,642.1153988593109,975.2,627.7
11789,13465,680.2414766742054,642.1220200861852,975.2,627.7
11790,13466,680.2393345125696,642.1286413130596,975.2,627.7
11791,13467,680.2371923509337,642.135262539934,975.2,627.7
11792,13468,680.2350501892979,642.1418837668084,975.2,627.7
11793,13469,680.232908027662,642.1485049936828,975.2,627.7
11794,13470,680.2307658660262,642.1551262205572,975.2,627.7
11795,13471,680.2286237043904,642.1617474474316,975.2,627.7
11796,13471,680.2264815427545,642.168368674306,975.2,627.7
11797,13471,680.2243393811187,642.1749899011803,975.2,627.7
11798,13471,680.222197219483,642.1816111280548,975.2,627.7
11799,13471,680.220055057847,642.1882323549291,975.2,627.7
11800,13471,680.2179128962113,642.1948535818035,975.2,627.7
11801,13471,680.2157707345754,642.201474808678,975.2,627.7
11802,13471,680.2136285729396,642.2080960355523,975.2,627.7
11803,13471,680.2114864113038,642.2147172624267,975.2,627.7
11804,13471,680.2093442496679,642.221338489301,975.2,627.7
11805,13471,680.2072020880321,642.2279597161755,975.2,627.7
11806,13471,680.2050599263962,642.2345809430499,975.2,627.7
11807,13471,680.2029177647604,642.2412021699242,975.2,627.7
11808,13471,680.2007756031246,642.2478233967987,975.2,627.7
11809,13471,680.1986334414887,642.2544446236731,975.2,627.7
11810,13471,680.1964912798529,642.2610658505474,975.2,627.7
11811,13471,680.1943491182171,642.2676870774219,975.2,627.7
11812,13471,680.1922069565812,642.2743083042963,975.2,627.7
11813,13471,680.1900647949454,642.2809295311706,975.2,627.7
11814,13471,680.1879226333095,642.287550758045,975.2,627.7
11815,13471,680.1857804716738,642.2941719849194,975.2,627.7
11816,13471,680.183638310038,642.3007932117938,975.2,627.7
11817,13471,680.1814961484021,642.3074144386682,975.2,627.7
11818,13471,680.1793539867663,642.3140356655426,975.2,627.7
11819,13471,680.1772118251304,642.320656892417,975.2,627.7
11820,13471,680.1750696634946,642.3272781192913,975.2,627.7
11821,13471,680.1729275018588,642.3338993461657,975.2,627.7
11822,13471,680.1707853402229,642.3405205730402,975.2,627.7
11823,13471,680.1686431785871,642.3471417999145,975.2,627.7
11824,13472,680.1665010169512,642.3537630267889,975.2,627.7
11825,13473,680.1643588553154,642.3603842536634,975.2,627.7
11826,13474,680.1622166936796,642.3670054805377,975.2,627.7
11827,13475,680.1600745320437,642.3736267074121,975.2,627.7
11828,13476,680.1579323704079,642.3802479342864,975.2,627.7
11829,13477,680.1557902087721,642.3868691611609,975.2,627.7
11830,13478,680.1536480471362,642.3934903880353,975.2,627.7
11831,13479,680.1515058855005,642.4001116149096,975.2,627.7
11832,13480,680.1493637238646,642.4067328417841,975.2,627.7
11833,13481,680.1472215622288,642.4133540686585,975.2,627.7
11834,13482,680.145079400593,642.4199752955328,975.2,627.7
11835,13483,680.1429372389571,642.4265965224072,975.2,627.7
11836,13484,680.1407950773213,642.4332177492817,975.2,627.7
11837,13485,680.1386529156854,642.439838976156,975.2,627.7
11838,13485,680.1365107540496,642.4464602030304,975.2,627.7
11839,13485,680.1343685924138,642.4530814299048,975.2,627.7
11840,13485,680.1322264307779,642.4597026567792,975.2,627.7
11841,13485,680.1300842691421,642.4663238836536,975.2,627.7
11842,13485,680.1279421075062,642.4729451105279,975.2,627.7
11843,13485,680.1257999458704,642.4795663374024,975.2,627.7
11844,13485,680.1236577842346,642.4861875642767,975.2,627.7
11845,13485,680.1215156225987,642.4928087911511,975.2,627.7
11846,13485,680.119373460963,642.4994300180256,975.2,627.7
11847,13485,680.1172312993272,642.5060512448999,975.2,627.7
11848,13485,680.1150891376913,642.5126724717743,975.2,627.7
11849,13485,680.1129469760555,642.5192936986488,975.2,627.7
11850,13485,680.1108048144196,642.5259149255231,975.2,627.7
11851,13485,680.1086626527838,642.5325361523975,975.2,627.7
11852,13485,680.106520491148,642.5391573792718,975.2,627.7
11853,13485,680.1043783295121,642.5457786061463,975.2,627.7
11854,13485,680.1022361678763,642.5523998330207,975.2,627.7
11855,13485,680.1000940062404,642.559021059895,975.2,627.7
11856,13485,680.0979518446046,642.5656422867695,975.2,627.7
11857,13485,680.0958096829688,642.5722635136439,975.2,627.7
11858,13485,680.0936675213329,642.5788847405182,975.2,627.7
11859,13485,680.0915253596971,642.5855059673926,975.2,627.7
11860,13485,680.0893831980612,642.592127194267,975.2,627.7
11861,13485,680.0872410364254,642.5987484211414,975.2,627.7
11862,13485,680.0850988747897,642.6053696480158,975.2,627.7
11863,13485,680.0829567131537,642.6119908748902,975.2,627.7
11864,13485,680.080814551518,642.6186121017646,975.2,627.7
11865,13485,680.0786723898822,642.625233328639,975.2,627.7
11866,13485,680.0765302282463,642.6318545555133,975.2,627.7
11867,13485,680.0743880666105,642.6384757823878,975.2,627.7
11868,13485,680.0722459049746,642.6450970092621,975.2,627.7
11869,13485,680.0701037433388,642.6517182361365,975.2,627.7
11870,13485,680.067961581703,642.658339463011,975.2,627.7
11871,13485,680.0658194200671,642.6649606898853,975.2,627.7
11872,13485,680.0636772584313,642.6715819167597,975.2,627.7
11873,13485,680.0615350967954,642.6782031436342,975.2,627.7
11874,13485,680.0593929351596,642.6848243705085,975.2,627.7
11875,13485,680.0572507735238,642.6914455973829,975.2,627.7
11876,13485,680.0551086118879,642.6980668242572,975.2,627.7
11877,13485,680.0529664502521,642.7046880511317,975.2,627.7
11878,13485,680.0508242886164,642.7113092780061,975.2,627.7
11879,13485,680.0486821269805,642.7179305048804,975.2,627.7
11880,13485,680.0465399653447,642.7245517317549,975.2,627.7
11881,13485,680.0443978037088,642.7311729586293,975.2,627.7
11882,13485,680.042255642073,642.7377941855036,975.2,627.7
11883,13485,680.0401134804372,642.744415412378,975.2,627.7
11884,13485,680.0379713188013,642.7510366392524,975.2,627.7
11885,13485,680.0358291571655,642.7576578661268,975.2,627.7
11886,13485,680.0336869955296,642.7642790930012,975.2,627.7
11887,13485,680.0315448338938,642.7709003198756,975.2,627.7
11888,13485,680.029402672258,642.77752154675,975.2,627.7
11889,13485,680.0272605106221,642.7841427736244,975.2,627.7
11890,13485,680.0251183489863,642.7907640004987,975.2,627.7
11891,13485,680.0229761873504,642.7973852273732,975.2,627.7
11892,13485,680.0208340257146,642.8040064542475,975.2,627.7
11893,13485,680.0186918640788,642.8106276811219,975.2,627.7
11894,13485,680.016549702443,642.8172489079964,975.2,627.7
11895,13485,680.0144075408072,642.8238701348707,975.2,627.7
11896,13485,680.0122653791714,642.8304913617451,975.2,627.7
11897,13485,680.0101232175355,642.8371125886194,975.2,627.7
11898,13485,680.0079810558997,642.8437338154939,975.2,627.7
11899,13485,680.0058388942638,642.8503550423683,975.2,627.7
11900,13485,680.003696732628,642.8569762692426,975.2,627.7
11901,13485,680.0015545709922,642.8635974961171,975.2,627.7
11902,13485,679.9994124093563,642.8702187229915,975.2,627.7
11903,13485,679.9972702477205,642.8768399498658,975.2,627.7
11904,13485,679.9951280860846,642.8834611767403,975.2,627.7
11905,13485,679.9929859244488,642.8900824036147,975.2,627.7
11906,13485,679.990843762813,642.896703630489,975.2,627.7
11907,13485,679.9887016011771,642.9033248573634,975.2,627.7
11908,13485,679.9865594395413,642.9099460842378,975.2,627.7
11909,13485,679.9844172779054,642.9165673111122,975.2,627.7
11910,13485,679.9822751162696,642.9231885379866,975.2,627.7
11911,13485,679.9801329546339,642.929809764861,975.2,627.7
11912,13485,679.977990792998,642.9364309917354,975.2,627.7
11913,13485,679.9758486313622,642.9430522186098,975.2,627.7
11914,13486,679.9737064697264,642.9496734454841,975.2,627.7
11915,13487,679.9715643080905,642.9562946723586,975.2,627.7
11916,13488,679.9694221464547,642.9629158992329,975.2,627.7
11917,13489,679.9672799848188,642.9695371261073,975.2,627.7
11918,13490,679.965137823183,642.9761583529818,975.2,627.7
11919,13491,679.9629956615472,642.9827795798561,975.2,627.7
11920,13492,679.9608534999113,642.9894008067305,975.2,627.7
11921,13493,679.9587113382755,642.9960220336048,975.2,627.7
11922,13494,679.9565691766396,643.0026432604793,975.2,627.7
11923,13495,679.9544270150038,643.0092644873537,975.2,627.7
11924,13496,679.952284853368,643.015885714228,975.2,627.7
11925,13497,679.9501426917321,643.0225069411025,975.2,627.7
11926,13498,679.9480005300964,643.0291281679769,975.2,627.7
11927,13499,679.9458583684604,643.0357493948512,975.2,627.7
11928,13500,679.9437162068247,643.0423706217257,975.2,627.7
11929,13501,679.9415740451889,643.0489918486,975.2,627.7
11930,13502,679.939431883553,643.0556130754744,975.2,627.7
11931,13503,679.9372897219172,643.0622343023488,975.2,627.7
11932,13504,679.9351475602814,643.0688555292232,975.2,627.7
11933,13505,679.9330053986455,643.0754767560976,975.2,627.7
11934,13506,679.9308632370097,643.082097982972,975.2,627.7
11935,13507,679.9287210753738,643.0887192098464,975.2,627.7
11936,13508,679.926578913738,643.0953404367208,975.2,627.7
11937,13509,679.9244367521022,643.1019616635951,975.2,627.7
11938,13510,679.9222945904663,643.1085828904695,975.2,627.7
11939,13511,679.9201524288305,643.115204117344,975.2,627.7
11940,13512,679.9180102671946,643.1218253442183,975.2,627.7
11941,13513,679.9158681055588,643.1284465710927,975.2,627.7
11942,13514,679.913725943923,643.1350677979672,975.2,627.7
11943,13515,679.9115837822872,643.1416890248415,975.2,627.7
11944,13516,679.9094416206514,643.1483102517159,975.2,627.7
11945,13517,679.9072994590156,643.1549314785902,975.2,627.7
11946,13518,679.9051572973797,643.1615527054647,975.2,627.7
11947,13519,679.9030151357439,643.1681739323391,975.2,627.7
11948,13520,679.900872974108,643.1747951592134,975.2,627.7
11949,13521,679.8987308124722,643.1814163860879,975.2,627.7
11950,13522,679.8965886508364,643.1880376129623,975.2,627.7
11951,13523,679.8944464892005,643.1946588398366,975.2,627.7
11952,13524,679.8923043275647,643.201280066711,975.2,627.7
11953,13525,679.8901621659288,643.2079012935855,975.2,627.7
11954,13526,679.888020004293,643.2145225204598,975.2,627.7
11955,13527,679.8858778426572,643.2211437473342,975.2,627.7
11956,13528,679.8837356810213,643.2277649742086,975.2,627.7
11957,13529,679.8815935193855,643.234386201083,975.2,627.7
11958,13530,679.8794513577496,643.2410074279574,975.2,627.7
11959,13531,679.8773091961139,643.2476286548317,975.2,627.7
11960,13532,679.8751670344781,643.2542498817062,975.2,627.7
11961,13533,679.8730248728422,643.2608711085805,975.2,627.7
11962,13534,679.8708827112064,643.2674923354549,975.2,627.7
11963,13535,679.8687405495706,643.2741135623294,975.2,627.7
11964,13536,679.8665983879347,643.2807347892037,975.2,627.7
11965,13537,679.8644562262989,643.2873560160781,975.2,627.7
11965,13538,679.862314064663,643.2939772429526,975.2,627.7
11965,13539,679.8601719030272,643.3005984698269,975.2,627.7
11965,13540,679.8580297413914,643.3072196967013,975.2,627.7
11965,13541,679.8558875797555,643.3138409235756,975.2,627.7
11965,13542,679.8537454181197,643.3204621504501,975.2,627.7
11965,13543,679.8516032564838,643.3270833773245,975.2,627.7
11965,13544,679.849461094848,643.3337046041988,975.2,627.7
11965,13545,679.8473189332123,643.3403258310733,975.2,627.7
11965,13546,679.8451767715763,643.3469470579477,975.2,627.7
11965,13547,679.8430346099406,643.353568284822,975.2,627.7
11965,13548,679.8408924483047,643.3601895116964,975.2,627.7
11965,13549,679.8387502866689,643.3668107385708,975.2,627.7
11965,13550,679.8366081250331,643.3734319654452,975.2,627.7
11965,13551,679.8344659633972,643.3800531923196,975.2,627.7
11965,13552,679.8323238017614,643.386674419194,975.2,627.7
11965,13553,679.8301816401256,643.3932956460684,975.2,627.7
11965,13554,679.8280394784897,643.3999168729428,975.2,627.7
11965,13555,679.8258973168539,643.4065380998171,975.2,627.7
11965,13556,679.823755155218,643.4131593266916,975.2,627.7
11965,13557,679.8216129935822,643.4197805535659,975.2,627.7
11965,13558,679.8194708319464,643.4264017804403,975.2,627.7
11965,13559,679.8173286703105,643.4330230073148,975.2,627.7
11965,13560,679.8151865086747,643.4396442341891,975.2,627.7
11965,13561,679.8130443470388,643.4462654610635,975.2,627.7
11965,13562,679.810902185403,643.452886687938,975.2,627.7
11965,13563,679.8087600237673,643.4595079148123,975.2,627.7
11965,13564,679.8066178621314,643.4661291416867,975.2,627.7
11965,13565,679.8044757004956,643.472750368561,975.2,627.7
11965,13566,679.8023335388597,643.4793715954355,975.2,627.7
11965,13567,679.8001913772239,643.4859928223099,975.2,627.7
11965,13568,679.7980492155881,643.4926140491842,975.2,627.7
11965,13569,679.7959070539522,643.4992352760587,975.2,627.7
11965,13570,679.7937648923164,643.505856502933,975.2,627.7
11965,13571,679.7916227306806,643.5124777298074,975.2,627.7
11965,13572,679.7894805690447,643.5190989566818,975.2,627.7
11965,13573,679.7873384074089,643.5257201835562,975.2,627.7
11965,13574,679.785196245773,643.5323414104306,975.2,627.7
11965,13575,679.7830540841372,643.538962637305,975.2,627.7
11965,13576,679.7809119225014,643.5455838641794,975.2,627.7
11965,13577,679.7787697608655,643.5522050910538,975.2,627.7
11965,13578,679.7766275992298,643.5588263179282,975.2,627.7
11965,13579,679.7744854375939,643.5654475448025,975.2,627.7
11965,13580,679.7723432759581,643.572068771677,975.2,627.7
11965,13581,679.7702011143223,643.5786899985513,975.2,627.7
11965,13582,679.7680589526864,643.5853112254257,975.2,627.7
11965,13583,679.7659167910506,643.5919324523002,975.2,627.7
11965,13584,679.7637746294147,643.5985536791745,975.2,627.7
11965,13585,679.7616324677789,643.6051749060489,975.2,627.7
11965,13586,679.7594903061431,643.6117961329232,975.2,627.7
11965,13587,679.7573481445072,643.6184173597977,975.2,627.7
11965,13588,679.7552059828714,643.6250385866721,975.2,627.7
11965,13589,679.7530638212356,643.6316598135464,975.2,627.7
11965,13590,679.7509216595997,643.6382810404209,975.2,627.7
11965,13591,679.7487794979639,643.6449022672953,975.2,627.7
11965,13592,679.746637336328,643.6515234941696,975.2,627.7
11965,13593,679.7444951746922,643.6581447210441,975.2,627.7
11965,13594,679.7423530130565,643.6647659479185,975.2,627.7
11965,13595,679.7402108514206,643.6713871747928,975.2,627.7
11965,13596,679.7380686897848,643.6780084016672,975.2,627.7
11965,13597,679.7359265281489,643.6846296285416,975.2,627.7
11965,13598,679.7337843665131,643.691250855416,975.2,627.7
11965,13599,679.7316422048773,643.6978720822904,975.2,627.7
11965,13600,679.7295000432414,643.7044933091648,975.2,627.7
11965,13601,679.7273578816056,643.7111145360392,975.2,627.7
11965,13602,679.7252157199698,643.7177357629135,975.2,627.7
11965,13603,679.7230735583339,643.7243569897879,975.2,627.7
11965,13604,679.7209313966981,643.7309782166624,975.2,627.7
11965,13605,679.7187892350622,643.7375994435367,975.2,627.7
11965,13606,679.7166470734264,643.7442206704111,975.2,627.7
11965,13607,679.7145049117906,643.7508418972856,975.2,627.7
11965,13608,679.7123627501547,643.7574631241599,975.2,627.7
11965,13609,679.710220588519,643.7640843510343,975.2,627.7
11965,13610,679.708078426883,643.7707055779086,975.2,627.7
11965,13611,679.7059362652473,643.7773268047831,975.2,627.7
11965,13612,679.7037941036115,643.7839480316575,975.2,627.7
11965,13613,679.7016519419756,643.7905692585318,975.2,627.7
11965,13614,679.6995097803398,643.7971904854063,975.2,627.7
11965,13615,679.6973676187039,643.8038117122807,975.2,627.7
11965,13616,679.6952254570681,643.810432939155,975.2,627.7
11965,13617,679.6930832954323,643.8170541660295,975.2,627.7
11965,13618,679.6909411337964,643.8236753929039,975.2,627.7
11965,13619,679.6887989721606,643.8302966197782,975.2,627.7
11965,13620,679.6866568105248,643.8369178466526,975.2,627.7
11965,13621,679.6845146488889,643.843539073527,975.2,627.7
11965,13622,679.6823724872531,643.8501603004014,975.2,627.7
11965,13623,679.6802303256172,643.8567815272758,975.2,627.7
11965,13624,679.6780881639814,643.8634027541502,975.2,627.7
11965,13625,679.6759460023457,643.8700239810246,975.2,627.7
11965,13626,679.6738038407098,643.876645207899,975.2,627.7
11965,13627,679.671661679074,643.8832664347733,975.2,627.7
11965,13628,679.6695195174381,643.8898876616478,975.2,627.7
11965,13629,679.6673773558023,643.8965088885221,975.2,627.7
11965,13630,679.6652351941665,643.9031301153965,975.2,627.7
11965,13631,679.6630930325306,643.909751342271,975.2,627.7
11965,13632,679.6609508708948,643.9163725691453,975.2,627.7
11965,13633,679.6588087092589,643.9229937960197,975.2,627.7
11965,13634,679.6566665476231,643.929615022894,975.2,627.7
11965,13635,679.6545243859873,643.9362362497685,975.2,627.7
11965,13636,679.6523822243514,643.9428574766429,975.2,627.7
11965,13637,679.6502400627156,643.9494787035172,975.2,627.7
11965,13638,679.6480979010798,643.9560999303917,975.2,627.7
11965,13639,679.6459557394439,643.9627211572661,975.2,627.7
11965,13640,679.6438135778081,643.9693423841404,975.2,627.7
11965,13641,679.6416714161722,643.9759636110148,975.2,627.7
11965,13642,679.6395292545365,643.9825848378892,975.2,627.7
11965,13643,679.6373870929007,643.9892060647636,975.2,627.7
11965,13644,679.6352449312648,643.995827291638,975.2,627.7
11965,13645,679.633102769629,644.0024485185124,975.2,627.7
11965,13646,679.6309606079931,644.0090697453868,975.2,627.7
11965,13647,679.6288184463573,644.0156909722612,975.2,627.7
11965,13648,679.6266762847215,644.0223121991355,975.2,627.7
11965,13649,679.6245341230856,644.02893342601,975.2,627.7
11965,13650,679.6223919614498,644.0355546528843,975.2,627.7
11965,13651,679.620249799814,644.0421758797587,975.2,627.7
11965,13652,679.6181076381781,644.0487971066332,975.2,627.7
11965,13653,679.6159654765423,644.0554183335075,975.2,627.7
11965,13654,679.6138233149064,644.0620395603819,975.2,627.7
11965,13655,679.6116811532706,644.0686607872564,975.2,627.7
11965,13656,679.6095389916348,644.0752820141307,975.2,627.7
11965,13657,679.607396829999,644.0819032410051,975.2,627.7
11965,13658,679.6052546683632,644.0885244678794,975.2,627.7
11965,13659,679.6031125067273,644.0951456947539,975.2,627.7
11965,13660,679.6009703450915,644.1017669216283,975.2,627.7
11965,13661,679.5988281834557,644.1083881485026,975.2,627.7
11965,13662,679.5966860218198,644.1150093753771,975.2,627.7
11965,13663,679.594543860184,644.1216306022515,975.2,627.7
11965,13664,679.5924016985481,644.1282518291258,975.2,627.7
11965,13665,679.5902595369123,644.1348730560002,975.2,627.7
11965,13666,679.5881173752765,644.1414942828746,975.2,627.7
11965,13667,679.5859752136406,644.148115509749,975.2,627.7
11965,13668,679.5838330520048,644.1547367366234,975.2,627.7
11965,13669,679.581690890369,644.1613579634978,975.2,627.7
11965,13670,679.5795487287331,644.1679791903722,975.2,627.7
11965,13671,679.5774065670973,644.1746004172466,975.2,627.7
11965,13672,679.5752644054614,644.1812216441209,975.2,627.7
11965,13673,679.5731222438257,644.1878428709954,975.2,627.7
11965,13674,679.5709800821899,644.1944640978697,975.2,627.7
11965,13675,679.568837920554,644.2010853247441,975.2,627.7
11965,13676,679.5666957589182,644.2077065516186,975.2,627.7
11965,13677,679.5645535972823,644.2143277784929,975.2,627.7
11965,13678,679.5624114356465,644.2209490053673,975.2,627.7
11965,13679,679.5602692740107,644.2275702322418,975.2,627.7
11965,13680,679.5581271123748,644.2341914591161,975.2,627.7
11965,13681,679.555984950739,644.2408126859905,975.2,627.7
11965,13682,679.5538427891031,644.2474339128648,975.2,627.7
11965,13683,679.5517006274673,644.2540551397393,975.2,627.7
11965,13684,679.5495584658315,644.2606763666137,975.2,627.7
11965,13685,679.5474163041956,644.267297593488,975.2,627.7
11965,13686,679.5452741425598,644.2739188203625,975.2,627.7
11965,13687,679.543131980924,644.2805400472369,975.2,627.7
11965,13688,679.5409898192881,644.2871612741112,975.2,627.7
11965,13689,679.5388476576524,644.2937825009856,975.2,627.7
11965,13690,679.5367054960165,644.30040372786,975.2,627.7
11965,13691,679.5345633343807,644.3070249547344,975.2,627.7
11965,13692,679.5324211727449,644.3136461816088,975.2,627.7
11965,13693,679.530279011109,644.3202674084832,975.2,627.7
11965,13694,679.5281368494732,644.3268886353576,975.2,627.7
11965,13695,679.5259946878373,644.333509862232,975.2,627.7
11965,13696,679.5238525262015,644.3401310891063,975.2,627.7
11965,13697,679.5217103645657,644.3467523159808,975.2,627.7
11965,13698,679.5195682029298,644.3533735428551,975.2,627.7
11965,13699,679.517426041294,644.3599947697295,975.2,627.7
11965,13700,679.5152838796581,644.366615996604,975.2,627.7
11965,13701,679.5131417180223,644.3732372234783,975.2,627.7
11965,13702,679.5109995563865,644.3798584503527,975.2,627.7
11965,13703,679.5088573947506,644.386479677227,975.2,627.7
11965,13704,679.5067152331148,644.3931009041015,975.2,627.7
11965,13705,679.5045730714791,644.3997221309759,975.2,627.7
11965,13706,679.5024309098432,644.4063433578502,975.2,627.7
11965,13707,679.5002887482074,644.4129645847247,975.2,627.7
11965,13708,679.4981465865715,644.4195858115991,975.2,627.7
11965,13709,679.4960044249357,644.4262070384734,975.2,627.7
11965,13710,679.4938622632999,644.4328282653478,975.2,627.7
11965,13711,679.491720101664,644.4394494922223,975.2,627.7
11965,13712,679.4895779400282,644.4460707190966,975.2,627.7
11965,13713,679.4874357783923,644.452691945971,975.2,627.7
11965,13714,679.4852936167565,644.4593131728454,975.2,627.7
11965,13715,679.4831514551207,644.4659343997198,975.2,627.7
11965,13716,679.4810092934848,644.4725556265942,975.2,627.7
11965,13717,679.478867131849,644.4791768534686,975.2,627.7
11965,13718,679.4767249702131,644.485798080343,975.2,627.7
11965,13719,679.4745828085773,644.4924193072173,975.2,627.7
11965,13720,679.4724406469415,644.4990405340917,975.2,627.7
11965,13721,679.4702984853056,644.5056617609662,975.2,627.7
11965,13722,679.4681563236699,644.5122829878405,975.2,627.7
11965,13723,679.4660141620341,644.5189042147149,975.2,627.7
11965,13724,679.4638720003982,644.5255254415894,975.2,627.7
11965,13725,679.4617298387624,644.5321466684637,975.2,627.7
11965,13726,679.4595876771265,644.5387678953381,975.2,627.7
11965,13727,679.4574455154907,644.5453891222124,975.2,627.7
11965,13728,679.4553033538549,644.5520103490869,975.2,627.7
11965,13729,679.453161192219,644.5586315759613,975.2,627.7
11965,13730,679.4510190305832,644.5652528028356,975.2,627.7
11965,13731,679.4488768689473,644.5718740297101,975.2,627.7
11965,13732,679.4467347073115,644.5784952565845,975.2,627.7
11965,13733,679.4445925456757,644.5851164834588,975.2,627.7
11965,13734,679.4424503840398,644.5917377103333,975.2,627.7
11965,13735,679.440308222404,644.5983589372076,975.2,627.7
11965,13736,679.4381660607683,644.604980164082,975.2,627.7
11965,13737,679.4360238991324,644.6116013909564,975.2,627.7
11965,13738,679.4338817374966,644.6182226178308,975.2,627.7
11965,13739,679.4317395758607,644.6248438447052,975.2,627.7
11965,13740,679.4295974142249,644.6314650715796,975.2,627.7
11965,13741,679.4274552525891,644.638086298454,975.2,627.7
11965,13742,679.4253130909532,644.6447075253284,975.2,627.7
11965,13743,679.4231709293174,644.6513287522027,975.2,627.7
11965,13744,679.4210287676815,644.6579499790771,975.2,627.7
11965,13745,679.4188866060457,644.6645712059516,975.2,627.7
11965,13746,679.4167444444099,644.6711924328259,975.2,627.7
11965,13747,679.414602282774,644.6778136597003,975.2,627.7
11965,13748,679.4124601211382,644.6844348865748,975.2,627.7
11965,13749,679.4103179595023,644.6910561134491,975.2,627.7
11965,13750,679.4081757978665,644.6976773403235,975.2,627.7
11965,13751,679.4060336362307,644.7042985671978,975.2,627.7
11965,13752,679.4038914745948,644.7109197940723,975.2,627.7
11965,13753,679.401749312959,644.7175410209467,975.2,627.7
11965,13754,679.3996071513233,644.724162247821,975.2,627.7
11965,13755,679.3974649896874,644.7307834746955,975.2,627.7
11965,13756,679.3953228280516,644.7374047015699,975.2,627.7
11965,13757,679.3931806664157,644.7440259284442,975.2,627.7
11965,13758,679.3910385047799,644.7506471553186,975.2,627.7
11965,13759,679.3888963431441,644.757268382193,975.2,627.7
11965,13760,679.3867541815082,644.7638896090674,975.2,627.7
11965,13761,679.3846120198724,644.7705108359418,975.2,627.7
11965,13762,679.3824698582365,644.7771320628162,975.2,627.7
11965,13763,679.3803276966007,644.7837532896906,975.2,627.7
11965,13764,679.3781855349649,644.790374516565,975.2,627.7
11965,13765,679.376043373329,644.7969957434393,975.2,627.7
11965,13766,679.3739012116932,644.8036169703138,975.2,627.7
11965,13767,679.3717590500573,644.8102381971881,975.2,627.7
11965,13768,679.3696168884215,644.8168594240625,975.2,627.7
11965,13769,679.3674747267858,644.823480650937,975.2,627.7
11965,13770,679.3653325651499,644.8301018778113,975.2,627.7
11965,13771,679.3631904035141,644.8367231046857,975.2,627.7
11965,13772,679.3610482418783,644.8433443315602,975.2,627.7
11965,13773,679.3589060802424,644.8499655584345,975.2,627.7
11965,13774,679.3567639186066,644.8565867853089,975.2,627.7
11965,13775,679.3546217569707,644.8632080121832,975.2,627.7
11965,13776,679.3524795953349,644.8698292390577,975.2,627.7
11965,13777,679.3503374336991,644.8764504659321,975.2,627.7
11965,13778,679.3481952720632,644.8830716928064,975.2,627.7
11965,13779,679.3460531104274,644.8896929196809,975.2,627.7
11965,13780,679.3439109487915,644.8963141465553,975.2,627.7
11965,13781,679.3417687871557,644.9029353734296,975.2,627.7
11965,13782,679.3396266255199,644.909556600304,975.2,627.7
11965,13783,679.337484463884,644.9161778271784,975.2,627.7
11965,13784,679.3353423022483,644.9227990540528,975.2,627.7
11965,13785,679.3332001406123,644.9294202809272,975.2,627.7
11965,13786,679.3310579789766,644.9360415078016,975.2,627.7
11965,13787,679.3289158173408,644.942662734676,975.2,627.7
11965,13788,679.3267736557049,644.9492839615503,975.2,627.7
11965,13789,679.3246314940691,644.9559051884247,975.2,627.7
11965,13790,679.3224893324333,644.9625264152992,975.2,627.7
11965,13791,679.3203471707974,644.9691476421735,975.2,627.7
11965,13792,679.3182050091616,644.9757688690479,975.2,627.7
11965,13793,679.3160628475257,644.9823900959224,975.2,627.7
11965,13794,679.3139206858899,644.9890113227967,975.2,627.7
11965,13795,679.3117785242541,644.9956325496711,975.2,627.7
11965,13796,679.3096363626182,645.0022537765456,975.2,627.7
11965,13797,679.3074942009824,645.0088750034199,975.2,627.7
11965,13798,679.3053520393465,645.0154962302943,975.2,627.7
11965,13799,679.3032098777107,645.0221174571686,975.2,627.7
11965,13800,679.301067716075,645.0287386840431,975.2,627.7
11965,13801,679.298925554439,645.0353599109175,975.2,627.7
11965,13802,679.2967833928033,645.0419811377918,975.2,627.7
11965,13803,679.2946412311674,645.0486023646663,975.2,627.7
11965,13804,679.2924990695316,645.0552235915407,975.2,627.7
11965,13805,679.2903569078958,645.061844818415,975.2,627.7
11965,13806,679.2882147462599,645.0684660452894,975.2,627.7
11965,13807,679.2860725846241,645.0750872721638,975.2,627.7
11965,13808,679.2839304229883,645.0817084990382,975.2,627.7
11965,13809,679.2817882613524,645.0883297259126,975.2,627.7
11965,13810,679.2796460997166,645.094950952787,975.2,627.7
11965,13811,679.2775039380807,645.1015721796614,975.2,627.7
11965,13812,679.2753617764449,645.1081934065357,975.2,627.7
11965,13813,679.2732196148091,645.1148146334101,975.2,627.7
11965,13814,679.2710774531732,645.1214358602846,975.2,627.7
11965,13815,679.2689352915374,645.1280570871589,975.2,627.7
11965,13816,679.2667931299015,645.1346783140333,975.2,627.7
11965,13817,679.2646509682658,645.1412995409078,975.2,627.7
11965,13818,679.26250880663,645.1479207677821,975.2,627.7
11965,13819,679.2603666449941,645.1545419946565,975.2,627.7
11965,13820,679.2582244833583,645.1611632215308,975.2,627.7
11965,13821,679.2560823217225,645.1677844484053,975.2,627.7
11965,13822,679.2539401600866,645.1744056752797,975.2,627.7
11965,13823,679.2517979984508,645.181026902154,975.2,627.7
11965,13824,679.2496558368149,645.1876481290285,975.2,627.7
11965,13825,679.2475136751791,645.1942693559029,975.2,627.7
11965,13826,679.2453715135433,645.2008905827772,975.2,627.7
11965,13827,679.2432293519074,645.2075118096516,975.2,627.7
11965,13828,679.2410871902716,645.214133036526,975.2,627.7
11965,13829,679.2389450286357,645.2207542634004,975.2,627.7
11965,13830,679.2368028669999,645.2273754902748,975.2,627.7
11965,13831,679.2346607053641,645.2339967171492,975.2,627.7
11965,13832,679.2325185437282,645.2406179440236,975.2,627.7
11965,13833,679.2303763820925,645.247239170898,975.2,627.7
11965,13834,679.2282342204566,645.2538603977724,975.2,627.7
11965,13835,679.2260920588208,645.2604816246468,975.2,627.7
11965,13836,679.223949897185,645.2671028515211,975.2,627.7
11965,13837,679.2218077355491,645.2737240783955,975.2,627.7
11965,13838,679.2196655739133,645.28034530527,975.2,627.7
11965,13839,679.2175234122775,645.2869665321443,975.2,627.7
11965,13840,679.2153812506416,645.2935877590187,975.2,627.7
11965,13841,679.2132390890058,645.3002089858932,975.2,627.7
11965,13842,679.2110969273699,645.3068302127675,975.2,627.7
11965,13843,679.2089547657341,645.3134514396419,975.2,627.7
11965,13844,679.2068126040983,645.3200726665162,975.2,627.7
11965,13845,679.2046704424624,645.3266938933907,975.2,627.7
11965,13846,679.2025282808266,645.3333151202651,975.2,627.7
11965,13847,679.2003861191907,645.3399363471394,975.2,627.7
11965,13848,679.198243957555,645.3465575740139,975.2,627.7
11965,13849,679.1961017959192,645.3531788008883,975.2,627.7
11965,13850,679.1939596342833,645.3598000277626,975.2,627.7
11965,13851,679.1918174726475,645.366421254637,975.2,627.7
11965,13852,679.1896753110116,645.3730424815114,975.2,627.7
11965,13853,679.1875331493758,645.3796637083858,975.2,627.7
11965,13854,679.18539098774,645.3862849352602,975.2,627.7
11965,13855,679.1832488261041,645.3929061621346,975.2,627.7
11965,13856,679.1811066644683,645.399527389009,975.2,627.7
11965,13857,679.1789645028325,645.4061486158834,975.2,627.7
11965,13858,679.1768223411966,645.4127698427578,975.2,627.7
11965,13859,679.1746801795608,645.4193910696322,975.2,627.7
11965,13860,679.1725380179249,645.4260122965065,975.2,627.7
11965,13861,679.1703958562891,645.4326335233809,975.2,627.7
11965,13862,679.1682536946533,645.4392547502554,975.2,627.7
11965,13863,679.1661115330174,645.4458759771297,975.2,627.7
11965,13864,679.1639693713817,645.4524972040041,975.2,627.7
11965,13865,679.1618272097458,645.4591184308786,975.2,627.7
11965,13866,679.15968504811,645.4657396577529,975.2,627.7
11965,13867,679.1575428864742,645.4723608846273,975.2,627.7
11965,13868,679.1554007248383,645.4789821115016,975.2,627.7
11965,13869,679.1532585632025,645.4856033383761,975.2,627.7
11965,13870,679.1511164015667,645.4922245652505,975.2,627.7
11965,13871,679.1489742399308,645.4988457921248,975.2,627.7
11965,13872,679.146832078295,645.5054670189993,975.2,627.7
11965,13873,679.1446899166591,645.5120882458737,975.2,627.7
11965,13874,679.1425477550233,645.518709472748,975.2,627.7
11965,13875,679.1404055933875,645.5253306996224,975.2,627.7
11965,13876,679.1382634317516,645.5319519264968,975.2,627.7
11965,13877,679.1361212701158,645.5385731533712,975.2,627.7
11965,13878,679.1339791084799,645.5451943802456,975.2,627.7
11965,13879,679.1318369468441,645.55181560712,975.2,627.7
11965,13880,679.1296947852084,645.5584368339944,975.2,627.7
11965,13881,679.1275526235725,645.5650580608688,975.2,627.7
11965,13882,679.1254104619367,645.5716792877431,975.2,627.7
11965,13883,679.1232683003008,645.5783005146176,975.2,627.7
11965,13884,679.121126138665,645.5849217414919,975.2,627.7
11965,13885,679.1189839770292,645.5915429683663,975.2,627.7
11965,13886,679.1168418153933,645.5981641952408,975.2,627.7
11965,13887,679.1146996537575,645.6047854221151,975.2,627.7
11965,13888,679.1125574921217,645.6114066489895,975.2,627.7
11965,13889,679.1104153304858,645.618027875864,975.2,627.7
11965,13890,679.10827316885,645.6246491027383,975.2,627.7
11965,13891,679.1061310072141,645.6312703296127,975.2,627.7
11965,13892,679.1039888455783,645.637891556487,975.2,627.7
11965,13893,679.1018466839425,645.6445127833615,975.2,627.7
11965,13894,679.0997045223066,645.6511340102359,975.2,627.7
11965,13895,679.0975623606708,645.6577552371102,975.2,627.7
11965,13896,679.095420199035,645.6643764639847,975.2,627.7
11965,13897,679.0932780373992,645.670997690859,975.2,627.7
11965,13898,679.0911358757634,645.6776189177334,975.2,627.7
11965,13899,679.0889937141275,645.6842401446078,975.2,627.7
11965,13900,679.0868515524917,645.6908613714822,975.2,627.7
11965,13901,679.0847093908558,645.6974825983566,975.2,627.7
11965,13902,679.08256722922,645.704103825231,975.2,627.7
11965,13903,679.0804250675842,645.7107250521054,975.2,627.7
11965,13904,679.0782829059483,645.7173462789798,975.2,627.7
11965,13905,679.0761407443125,645.7239675058541,975.2,627.7
11965,13906,679.0739985826767,645.7305887327285,975.2,627.7
11965,13907,679.0718564210408,645.737209959603,975.2,627.7
11965,13908,679.069714259405,645.7438311864773,975.2,627.7
11965,13909,679.0675720977691,645.7504524133517,975.2,627.7
11965,13910,679.0654299361333,645.7570736402262,975.2,627.7
11965,13911,679.0632877744976,645.7636948671005,975.2,627.7
11965,13912,679.0611456128617,645.7703160939749,975.2,627.7
11965,13913,679.0590034512259,645.7769373208494,975.2,627.7
11965,13914,679.05686128959,645.7835585477237,975.2,627.7
11965,13915,679.0547191279542,645.7901797745981,975.2,627.7
11965,13916,679.0525769663184,645.7968010014724,975.2,627.7
11965,13917,679.0504348046825,645.8034222283469,975.2,627.7
11965,13918,679.0482926430467,645.8100434552213,975.2,627.7
11965,13919,679.0461504814108,645.8166646820956,975.2,627.7
11965,13920,679.044008319775,645.8232859089701,975.2,627.7
11965,13921,679.0418661581392,645.8299071358445,975.2,627.7
11965,13922,679.0397239965033,645.8365283627188,975.2,627.7
11965,13923,679.0375818348675,645.8431495895932,975.2,627.7
11965,13924,679.0354396732317,645.8497708164676,975.2,627.7
11965,13925,679.0332975115958,645.856392043342,975.2,627.7
11965,13926,679.03115534996,645.8630132702164,975.2,627.7
11965,13927,679.0290131883241,645.8696344970908,975.2,627.7
11965,13928,679.0268710266884,645.8762557239652,975.2,627.7
11965,13929,679.0247288650526,645.8828769508395,975.2,627.7
11965,13930,679.0225867034167,645.8894981777139,975.2,627.7
11965,13931,679.0204445417809,645.8961194045884,975.2,627.7
11965,13932,679.018302380145,645.9027406314627,975.2,627.7
11965,13933,679.0161602185092,645.9093618583371,975.2,627.7
11965,13934,679.0140180568734,645.9159830852116,975.2,627.7
11965,13935,679.0118758952375,645.9226043120859,975.2,627.7
11965,13936,679.0097337336017,645.9292255389603,975.2,627.7
11965,13937,679.0075915719658,645.9358467658346,975.2,627.7
11965,13938,679.00544941033,645.9424679927091,975.2,627.7
11965,13939,679.0033072486942,645.9490892195835,975.2,627.7
11965,13940,679.0011650870583,645.9557104464578,975.2,627.7
11965,13941,678.9990229254225,645.9623316733323,975.2,627.7
11965,13942,678.9968807637867,645.9689529002067,975.2,627.7
11965,13943,678.9947386021508,645.975574127081,975.2,627.7
11965,13944,678.9925964405151,645.9821953539554,975.2,627.7
11965,13945,678.9904542788792,645.9888165808298,975.2,627.7
11965,13946,678.9883121172434,645.9954378077042,975.2,627.7
11965,13947,678.9861699556076,646.0020590345786,975.2,627.7
11965,13948,678.9840277939717,646.008680261453,975.2,627.7
11965,13949,678.9818856323359,646.0153014883274,975.2,627.7
11965,13950,678.9797434707,646.0219227152018,975.2,627.7
11965,13951,678.9776013090642,646.0285439420762,975.2,627.7
11965,13952,678.9754591474284,646.0351651689506,975.2,627.7
11965,13953,678.9733169857925,646.0417863958249,975.2,627.7
11965,13954,678.9711748241567,646.0484076226993,975.2,627.7
11965,13955,678.9690326625209,646.0550288495738,975.2,627.7
11965,13956,678.966890500885,646.0616500764481,975.2,627.7
11965,13957,678.9647483392492,646.0682713033225,975.2,627.7
11965,13958,678.9626061776133,646.074892530197,975.2,627.7
11965,13959,678.9604640159775,646.0815137570713,975.2,627.7
11965,13960,678.9583218543418,646.0881349839457,975.2,627.7
11965,13961,678.9561796927059,646.09475621082,975.2,627.7
11965,13962,678.9540375310701,646.1013774376945,975.2,627.7
11965,13963,678.9518953694342,646.1079986645689,975.2,627.7
11965,13964,678.9497532077984,646.1146198914432,975.2,627.7
11965,13965,678.9476110461626,646.1212411183177,975.2,627.7
11965,13966,678.9454688845267,646.127862345192,975.2,627.7
11965,13967,678.9433267228909,646.1344835720664,975.2,627.7
11965,13968,678.941184561255,646.1411047989408,975.2,627.7
11965,13969,678.9390423996192,646.1477260258152,975.2,627.7
11965,13970,678.9369002379834,646.1543472526896,975.2,627.7
11965,13971,678.9347580763475,646.160968479564,975.2,627.7
11965,13972,678.9326159147117,646.1675897064384,975.2,627.7
11965,13973,678.930473753076,646.1742109333128,975.2,627.7
11965,13974,678.92833159144,646.1808321601872,975.2,627.7
11965,13975,678.9261894298043,646.1874533870616,975.2,627.7
11965,13976,678.9240472681684,646.194074613936,975.2,627.7
11965,13977,678.9219051065326,646.2006958408103,975.2,627.7
11965,13978,678.9197629448968,646.2073170676847,975.2,627.7
11965,13979,678.9176207832609,646.2139382945592,975.2,627.7
11965,13980,678.9154786216251,646.2205595214335,975.2,627.7
11965,13981,678.9133364599892,646.2271807483079,975.2,627.7
11965,13982,678.9111942983534,646.2338019751824,975.2,627.7
11965,13983,678.9090521367176,646.2404232020567,975.2,627.7
11965,13984,678.9069099750817,646.2470444289311,975.2,627.7
11965,13985,678.9047678134459,646.2536656558054,975.2,627.7
11965,13986,678.90262565181,646.2602868826799,975.2,627.7
11965,13987,678.9004834901742,646.2669081095543,975.2,627.7
11965,13988,678.8983413285384,646.2735293364286,975.2,627.7
11965,13989,678.8961991669025,646.2801505633031,975.2,627.7
11965,13990,678.8940570052667,646.2867717901775,975.2,627.7
11965,13991,678.891914843631,646.2933930170518,975.2,627.7
11965,13992,678.889772681995,646.3000142439262,975.2,627.7
11965,13993,678.8876305203593,646.3066354708006,975.2,627.7
11965,13994,678.8854883587234,646.313256697675,975.2,627.7
11965,13995,678.8833461970876,646.3198779245494,975.2,627.7
11965,13996,678.8812040354518,646.3264991514238,993.4266666666667,628.9933333333333
11965,13997,678.8790618738159,646.3331203782982,1011.6533333333333,630.2866666666667
11965,13998,678.8769197121801,646.3397416051725,1029.88,631.58
11965,13999,678.8747775505442,646.3463628320469,1048.1066666666666,632.8733333333333
11965,14000,678.8726353889084,646.3529840589214,1066.3333333333333,634.1666666666667
11965,14001,678.8704932272726,646.3596052857957,1084.56,635.46
11965,14002,678.8683510656367,646.3662265126701,1102.7866666666666,636.7533333333333
11965,14003,678.8662089040009,646.3728477395446,1121.0133333333333,638.0466666666667
11965,14004,678.864066742365,646.3794689664189,1139.24,639.34
11965,14005,678.8619245807292,646.3860901932933,1157.4666666666667,640.6333333333333
11965,14006,678.8597824190934,646.3927114201678,1175.6933333333332,641.9266666666667
11965,14007,678.8576402574575,646.3993326470421,1193.9199999999998,643.22
11965,14008,678.8554980958218,646.4059538739165,1212.1466666666665,644.5133333333333
11965,14009,678.853355934186,646.4125751007908,1230.3733333333332,645.8066666666667
11965,14010,678.8512137725501,646.4191963276653,1248.6,647.1
11965,14011,678.8490716109143,646.4258175545397,1248.6,647.1
11965,14012,678.8469294492784,646.432438781414,1248.6,647.1
11965,14013,678.8447872876426,646.4390600082885,1248.6,647.1
11965,14014,678.8426451260068,646.4456812351629,1248.6,647.1
11965,14015,678.8405029643709,646.4523024620372,1248.6,647.1
11965,14016,678.8383608027351,646.4589236889116,1248.6,647.1
11965,14017,678.8362186410992,646.465544915786,1248.6,647.1
11965,14018,678.8340764794634,646.4721661426604,1248.6,647.1
11965,14019,678.8319343178276,646.4787873695348,1248.6,647.1
11965,14020,678.8297921561917,646.4854085964092,1248.6,647.1
11965,14021,678.8276499945559,646.4920298232836,1248.6,647.1
11965,14022,678.82550783292,646.498651050158,1248.6,647.1
11965,14023,678.8233656712843,646.5052722770323,1248.6,647.1
11965,14024,678.8212235096485,646.5118935039068,1248.6,647.1
11965,14025,678.8190813480126,646.5185147307811,1248.6,647.1
11965,14026,678.8169391863768,646.5251359576555,1248.6,647.1
11965,14027,678.814797024741,646.53175718453,1248.6,647.1
11965,14028,678.8126548631051,646.5383784114043,1248.6,647.1
11965,14029,678.8105127014693,646.5449996382787,1248.6,647.1
11965,14030,678.8083705398334,646.5516208651532,1248.6,647.1
11965,14031,678.8062283781976,646.5582420920275,1248.6,647.1
11965,14032,678.8040862165618,646.5648633189019,1248.6,647.1
11965,14033,678.8019440549259,646.5714845457762,1248.6,647.1
11965,14034,678.7998018932901,646.5781057726507,1248.6,647.1
11965,14035,678.7976597316542,646.5847269995251,1248.6,647.1
11965,14036,678.7955175700184,646.5913482263994,1248.6,647.1
11965,14037,678.7933754083826,646.5979694532739,1248.6,647.1
11965,14038,678.7912332467467,646.6045906801482,1248.6,647.1
11965,14039,678.789091085111,646.6112119070226,1248.6,647.1
11965,14040,678.7869489234752,646.617833133897,1248.6,647.1
11965,14041,678.7848067618393,646.6244543607714,1248.6,647.1
11965,14042,678.7826646002035,646.6310755876458,1248.6,647.1
11965,14043,678.7805224385676,646.6376968145202,1248.6,647.1
11965,14044,678.7783802769318,646.6443180413946,1248.6,647.1
11965,14045,678.776238115296,646.650939268269,1248.6,647.1
11965,14046,678.7740959536601,646.6575604951433,1248.6,647.1
11965,14047,678.7719537920243,646.6641817220177,1248.6,647.1
11965,14048,678.7698116303884,646.6708029488922,1248.6,647.1
11965,14049,678.7676694687526,646.6774241757665,1248.6,647.1
11965,14050,678.7655273071168,646.6840454026409,1248.6,647.1
11965,14051,678.7633851454809,646.6906666295154,1248.6,647.1
11965,14052,678.7612429838451,646.6972878563897,1248.6,647.1
11965,14053,678.7591008222092,646.7039090832641,1248.6,647.1
11965,14054,678.7569586605734,646.7105303101384,1248.6,647.1
11965,14055,678.7548164989377,646.7171515370129,1248.6,647.1
11965,14056,678.7526743373018,646.7237727638873,1248.6,647.1
11965,14057,678.750532175666,646.7303939907616,1248.6,647.1
11965,14058,678.7483900140302,646.7370152176361,1248.6,647.1
11965,14059,678.7462478523943,646.7436364445105,1248.6,647.1
11965,14060,678.7441056907585,646.7502576713848,1248.6,647.1
11965,14061,678.7419635291226,646.7568788982592,1248.6,647.1
11965,14062,678.7398213674868,646.7635001251336,1248.6,647.1
11965,14063,678.737679205851,646.770121352008,1248.6,647.1
11965,14064,678.7355370442151,646.7767425788824,1248.6,647.1
11965,14065,678.7333948825793,646.7833638057568,1248.6,647.1
11965,14066,678.7312527209434,646.7899850326312,1248.6,647.1
11965,14067,678.7291105593076,646.7966062595056,1248.6,647.1
11965,14068,678.7269683976718,646.80322748638,1248.6,647.1
11965,14069,678.7248262360359,646.8098487132544,1248.6,647.1
11965,14070,678.7226840744001,646.8164699401287,1248.6,647.1
11965,14071,678.7205419127642,646.8230911670031,1248.6,647.1
11965,14072,678.7183997511285,646.8297123938776,1248.6,647.1
11965,14073,678.7162575894927,646.8363336207519,1248.6,647.1
11965,14074,678.7141154278568,646.8429548476263,1248.6,647.1
11965,14075,678.711973266221,646.8495760745008,1248.6,647.1
11965,14076,678.7098311045852,646.8561973013751,1248.6,647.1
11965,14077,678.7076889429493,646.8628185282495,1248.6,647.1
11965,14078,678.7055467813135,646.8694397551238,1248.6,647.1
11965,14079,678.7034046196776,646.8760609819983,1248.6,647.1
11965,14080,678.7012624580418,646.8826822088727,1248.6,647.1
11965,14081,678.699120296406,646.889303435747,1248.6,647.1
11965,14082,678.6969781347701,646.8959246626215,1248.6,647.1
11965,14083,678.6948359731343,646.9025458894959,1248.6,647.1
11965,14084,678.6926938114984,646.9091671163702,1248.6,647.1
11965,14085,678.6905516498626,646.9157883432446,1248.6,647.1
11965,14086,678.6884094882269,646.922409570119,1248.6,647.1
11965,14087,678.686267326591,646.9290307969934,1248.6,647.1
11965,14088,678.6841251649552,646.9356520238678,1248.6,647.1
11965,14089,678.6819830033194,646.9422732507422,1248.6,647.1
11965,14090,678.6798408416835,646.9488944776166,1248.6,647.1
11965,14091,678.6776986800477,646.955515704491,1248.6,647.1
11965,14092,678.6755565184118,646.9621369313654,1248.6,647.1
11965,14093,678.673414356776,646.9687581582398,1248.6,647.1
11965,14094,678.6712721951402,646.9753793851141,1248.6,647.1
11965,14095,678.6691300335043,646.9820006119885,1248.6,647.1
11965,14096,678.6669878718685,646.988621838863,1248.6,647.1
11965,14097,678.6648457102326,646.9952430657373,1248.6,647.1
11965,14098,678.6627035485968,647.0018642926117,1248.6,647.1
11965,14099,678.660561386961,647.0084855194862,1248.6,647.1
11965,14100,678.6584192253251,647.0151067463605,1248.6,647.1
11965,14101,678.6562770636893,647.0217279732349,1248.6,647.1
11965,14102,678.6541349020534,647.0283492001092,1248.6,647.1
11965,14103,678.6519927404177,647.0349704269837,1248.6,647.1
11965,14104,678.6498505787819,647.0415916538581,1248.6,647.1
11965,14105,678.647708417146,647.0482128807324,1248.6,647.1
11965,14106,678.6455662555102,647.0548341076069,1248.6,647.1
11965,14107,678.6434240938744,647.0614553344813,1248.6,647.1
11965,14108,678.6412819322385,647.0680765613556,1248.6,647.1
11965,14109,678.6391397706027,647.07469778823,1248.6,647.1
11965,14110,678.6369976089668,647.0813190151044,1248.6,647.1
11965,14111,678.634855447331,647.0879402419788,1248.6,647.1
11965,14112,678.6327132856952,647.0945614688532,1248.6,647.1
11965,14113,678.6305711240593,647.1011826957276,1248.6,647.1
11965,14114,678.6284289624235,647.107803922602,1248.6,647.1
11965,14115,678.6262868007876,647.1144251494763,1248.6,647.1
11965,14116,678.6241446391518,647.1210463763507,1248.6,647.1
11965,14117,678.622002477516,647.1276676032252,1248.6,647.1
11965,14118,678.6198603158801,647.1342888300995,1248.6,647.1
11965,14119,678.6177181542444,647.1409100569739,1248.6,647.1
11965,14120,678.6155759926085,647.1475312838484,1248.6,647.1
11965,14121,678.6134338309727,647.1541525107227,1248.6,647.1
11965,14122,678.6112916693369,647.1607737375971,1248.6,647.1
11965,14123,678.609149507701,647.1673949644714,1248.6,647.1
11965,14124,678.6070073460652,647.1740161913459,1248.6,647.1
11965,14125,678.6048651844294,647.1806374182203,1248.6,647.1
11965,14126,678.6027230227935,647.1872586450946,1248.6,647.1
11965,14127,678.6005808611577,647.1938798719691,1248.6,647.1
11965,14128,678.5984386995218,647.2005010988435,1248.6,647.1
11965,14129,678.596296537886,647.2071223257178,1248.6,647.1
11965,14130,678.5941543762502,647.2137435525923,1248.6,647.1
11965,14131,678.5920122146143,647.2203647794666,1248.6,647.1
11965,14132,678.5898700529785,647.226986006341,1248.6,647.1
11965,14133,678.5877278913426,647.2336072332154,1248.6,647.1
11965,14134,678.5855857297068,647.2402284600898,1248.6,647.1
11965,14135,678.5834435680711,647.2468496869642,1248.6,647.1
11965,14136,678.5813014064352,647.2534709138386,1248.6,647.1
11965,14137,678.5791592447994,647.260092140713,1248.6,647.1
11965,14138,678.5770170831635,647.2667133675874,1248.6,647.1
11965,14139,678.5748749215277,647.2733345944617,1248.6,647.1
11965,14140,678.5727327598919,647.2799558213361,1248.6,647.1
11965,14141,678.570590598256,647.2865770482106,1237.2833333333333,647.1133333333333
11965,14142,678.5684484366202,647.2931982750849,1225.9666666666667,647.1266666666667
11965,14143,678.5663062749844,647.2998195019593,1214.6499999999999,647.14
11965,14144,678.5641641133485,647.3064407288338,1203.3333333333333,647.1533333333333
11965,14145,678.5620219517127,647.3130619557081,1192.0166666666667,647.1666666666667
11965,14146,678.5598797900768,647.3196831825825,1180.6999999999998,647.1800000000001
11965,14147,678.557737628441,647.326304409457,1169.3833333333332,647.1933333333334
11965,14148,678.5555954668052,647.3329256363313,1158.0666666666666,647.2066666666667
11965,14149,678.5534533051693,647.3395468632057,1146.75,647.22
11965,14150,678.5513111435336,647.34616809008,1135.4333333333334,647.2333333333333
11965,14151,678.5491689818977,647.3527893169545,1124.1166666666666,647.2466666666667
11965,14152,678.5470268202619,647.3594105438289,1112.8,647.26
11965,14153,678.5448846586261,647.3660317707032,1101.4833333333333,647.2733333333333
11965,14154,678.5427424969902,647.3726529975777,1090.1666666666665,647.2866666666666
11965,14155,678.5406003353544,647.379274224452,1078.85,647.3
11965,14156,678.5384581737185,647.3858954513264,1067.5333333333333,647.3133333333334
11965,14157,678.5363160120827,647.3925166782008,1056.2166666666667,647.3266666666667
11965,14158,678.5341738504469,647.3991379050752,1044.9,647.34
11965,14159,678.532031688811,647.4057591319496,1033.5833333333333,647.3533333333334
11965,14160,678.5298895271752,647.412380358824,1022.2666666666667,647.3666666666667
11965,14161,678.5277473655394,647.4190015856984,1010.95,647.38
11965,14162,678.5256052039035,647.4256228125728,999.6333333333333,647.3933333333333
11965,14163,678.5234630422677,647.4322440394471,988.3166666666666,647.4066666666666
11965,14164,678.5213208806318,647.4388652663215,977.0,647.42
11965,14165,678.519178718996,647.445486493196,965.6833333333334,647.4333333333334
11965,14166,678.5170365573603,647.4521077200703,954.3666666666667,647.4466666666667
11965,14167,678.5148943957244,647.4587289469447,943.05,647.46
11965,14168,678.5127522340886,647.4653501738192,931.7333333333333,647.4733333333334
11965,14169,678.5106100724527,647.4719714006935,920.4166666666667,647.4866666666667
11965,14170,678.5084679108169,647.4785926275679,909.1,647.5
11965,14171,678.5063257491811,647.4852138544422,909.1,647.5
11965,14172,678.5041835875452,647.4918350813167,909.1,647.5
11965,14173,678.5020414259094,647.4984563081911,909.1,647.5
11965,14174,678.4998992642736,647.5050775350654,909.1,647.5
11965,14175,678.4977571026377,647.5116987619399,909.1,647.5
11965,14176,678.4956149410019,647.5183199888143,909.1,647.5
11965,14177,678.493472779366,647.5249412156886,909.1,647.5
11965,14178,678.4913306177302,647.531562442563,909.1,647.5
11965,14179,678.4891884560944,647.5381836694374,909.1,647.5
11965,14180,678.4870462944585,647.5448048963118,909.1,647.5
11965,14181,678.4849041328227,647.5514261231862,909.1,647.5
11965,14182,678.4827619711868,647.5580473500606,909.1,647.5
11965,14183,678.4806198095511,647.564668576935,909.1,647.5
11965,14184,678.4784776479153,647.5712898038093,909.1,647.5
11965,14185,678.4763354862794,647.5779110306838,909.1,647.5
11965,14186,678.4741933246436,647.5845322575582,909.1,647.5
11965,14187,678.4720511630077,647.5911534844325,909.1,647.5
11965,14188,678.4699090013719,647.5977747113069,909.1,647.5
11965,14189,678.4677668397361,647.6043959381814,909.1,647.5
11965,14190,678.4656246781002,647.6110171650557,909.1,647.5
11965,14191,678.4634825164644,647.6176383919301,909.1,647.5
11965,14192,678.4613403548286,647.6242596188046,909.1,647.5
11965,14193,678.4591981931927,647.6308808456789,909.1,647.5
11965,14194,678.4570560315569,647.6375020725533,909.1,647.5
11965,14195,678.454913869921,647.6441232994276,909.1,647.5
11965,14196,678.4527717082852,647.6507445263021,909.1,647.5
11965,14197,678.4506295466495,647.6573657531765,909.1,647.5
11965,14198,678.4484873850136,647.6639869800508,909.1,647.5
11965,14199,678.4463452233778,647.6706082069253,909.1,647.5
11965,14200,678.4442030617419,647.6772294337997,909.1,647.5
11965,14201,678.4420609001061,647.683850660674,909.1,647.5
11965,14202,678.4399187384703,647.6904718875484,909.1,647.5
11965,14203,678.4377765768344,647.6970931144228,909.1,647.5
11965,14204,678.4356344151986,647.7037143412972,909.1,647.5
11965,14205,678.4334922535627,647.7103355681716,909.1,647.5
11965,14206,678.4313500919269,647.716956795046,909.1,647.5
11965,14207,678.4292079302911,647.7235780219204,909.1,647.5
11965,14208,678.4270657686552,647.7301992487947,909.1,647.5
11965,14209,678.4249236070194,647.7368204756692,909.1,647.5
11965,14210,678.4227814453836,647.7434417025436,909.1,647.5
11965,14211,678.4206392837477,647.7500629294179,909.1,647.5
11965,14212,678.418497122112,647.7566841562923,909.1,647.5
11965,14213,678.416354960476,647.7633053831668,909.1,647.5
11965,14214,678.4142127988403,647.7699266100411,909.1,647.5
11965,14215,678.4120706372045,647.7765478369155,909.1,647.5
11965,14216,678.4099284755686,647.78316906379,909.1,647.5
11965,14217,678.4077863139328,647.7897902906643,909.1,647.5
11965,14218,678.4056441522969,647.7964115175387,909.1,647.5
11965,14219,678.4035019906611,647.803032744413,909.1,647.5
11965,14220,678.4013598290253,647.8096539712875,909.1,647.5
11965,14221,678.3992176673894,647.8162751981619,909.1,647.5
11965,14222,678.3970755057536,647.8228964250362,909.1,647.5
11965,14223,678.3949333441177,647.8295176519107,909.1,647.5
11965,14224,678.3927911824819,647.836138878785,909.1,647.5
11965,14225,678.3906490208461,647.8427601056594,909.1,647.5
11965,14226,678.3885068592102,647.8493813325338,909.1,647.5
11965,14227,678.3863646975744,647.8560025594082,909.1,647.5
11965,14228,678.3842225359386,647.8626237862826,909.1,647.5
11965,14229,678.3820803743027,647.869245013157,909.1,647.5
11965,14230,678.379938212667,647.8758662400314,909.1,647.5
11965,14231,678.377796051031,647.8824874669058,909.1,647.5
11965,14232,678.3756538893953,647.8891086937801,909.1,647.5
11965,14233,678.3735117277595,647.8957299206545,909.1,647.5
11965,14234,678.3713695661236,647.902351147529,909.1,647.5
11965,14235,678.3692274044878,647.9089723744033,909.1,647.5
11965,14236,678.3670852428519,647.9155936012777,909.1,647.5
11965,14237,678.3649430812161,647.9222148281522,909.1,647.5
11965,14238,678.3628009195803,647.9288360550265,909.1,647.5
11965,14239,678.3606587579444,647.9354572819009,909.1,647.5
11965,14240,678.3585165963086,647.9420785087752,909.1,647.5
11965,14241,678.3563744346727,647.9486997356497,909.1,647.5
11965,14242,678.3542322730369,647.9553209625241,909.1,647.5
11965,14243,678.3520901114011,647.9619421893984,909.1,647.5
11965,14244,678.3499479497652,647.9685634162729,909.1,647.5
11965,14245,678.3478057881294,647.9751846431473,909.1,647.5
11965,14246,678.3456636264937,647.9818058700216,909.1,647.5
11965,14247,678.3435214648578,647.9884270968961,909.1,647.5
11965,14248,678.341379303222,647.9950483237704,909.1,647.5
11965,14249,678.3392371415861,648.0016695506448,909.1,647.5
11965,14250,678.3370949799503,648.0082907775192,909.1,647.5
11965,14251,678.3349528183145,648.0149120043936,909.1,647.5
11965,14252,678.3328106566786,648.021533231268,909.1,647.5
11965,14253,678.3306684950428,648.0281544581424,909.1,647.5
11965,14254,678.3285263334069,648.0347756850168,909.1,647.5
11965,14255,678.3263841717711,648.0413969118912,909.1,647.5
11965,14256,678.3242420101353,648.0480181387655,909.1,647.5
11965,14257,678.3220998484994,648.0546393656399,909.1,647.5
11965,14258,678.3199576868636,648.0612605925144,909.1,647.5
11965,14259,678.3178155252278,648.0678818193887,909.1,647.5
11965,14260,678.3156733635919,648.0745030462631,909.1,647.5
11965,14261,678.3135312019562,648.0811242731376,909.1,647.5
11965,14262,678.3113890403203,648.0877455000119,909.1,647.5
11965,14263,678.3092468786845,648.0943667268863,909.1,647.5
11965,14264,678.3071047170487,648.1009879537606,909.1,647.5
11965,14265,678.3049625554128,648.1076091806351,909.1,647.5
11965,14266,678.302820393777,648.1142304075095,909.1,647.5
11965,14267,678.3006782321411,648.1208516343838,909.1,647.5
11965,14268,678.2985360705053,648.1274728612583,909.1,647.5
11965,14269,678.2963939088695,648.1340940881327,909.1,647.5
11965,14270,678.2942517472336,648.140715315007,909.1,647.5
11965,14271,678.2921095855978,648.1473365418815,909.1,647.5
11965,14272,678.2899674239619,648.1539577687558,909.1,647.5
11965,14273,678.2878252623261,648.1605789956302,909.1,647.5
11965,14274,678.2856831006903,648.1672002225046,909.1,647.5
11965,14275,678.2835409390544,648.173821449379,909.1,647.5
11965,14276,678.2813987774186,648.1804426762534,909.1,647.5
11965,14277,678.2792566157829,648.1870639031278,909.1,647.5
11965,14278,678.277114454147,648.1936851300022,909.1,647.5
11965,14279,678.2749722925112,648.2003063568766,909.1,647.5
11965,14280,678.2728301308753,648.2069275837509,909.1,647.5
11965,14281,678.2706879692395,648.2135488106253,909.1,647.5
11965,14282,678.2685458076037,648.2201700374998,909.1,647.5
11965,14283,678.2664036459678,648.2267912643741,909.1,647.5
11965,14284,678.264261484332,648.2334124912485,909.1,647.5
11965,14285,678.2621193226961,648.240033718123,909.1,647.5
11965,14286,678.2599771610603,648.2466549449973,909.1,647.5
11965,14287,678.2578349994245,648.2532761718717,909.1,647.5
11965,14288,678.2556928377886,648.259897398746,909.1,647.5
11965,14289,678.2535506761528,648.2665186256205,909.1,647.5
11965,14290,678.2514085145169,648.2731398524949,909.1,647.5
11965,14291,678.2492663528811,648.2797610793692,909.1,647.5
11965,14292,678.2471241912453,648.2863823062437,909.1,647.5
11965,14293,678.2449820296094,648.293003533118,909.1,647.5
11965,14294,678.2428398679737,648.2996247599924,909.1,647.5
11965,14295,678.2406977063379,648.3062459868668,909.1,647.5
11965,14296,678.238555544702,648.3128672137412,909.1,647.5
11965,14297,678.2364133830662,648.3194884406156,909.1,647.5
11965,14298,678.2342712214303,648.32610966749,909.1,647.5
11965,14299,678.2321290597945,648.3327308943644,909.1,647.5
11965,14300,678.2299868981587,648.3393521212388,909.1,647.5
11965,14301,678.2278447365228,648.3459733481131,909.1,647.5
11965,14302,678.225702574887,648.3525945749876,909.1,647.5
11965,14303,678.2235604132511,648.359215801862,909.1,647.5
11965,14304,678.2214182516153,648.3658370287363,909.1,647.5
11965,14305,678.2192760899795,648.3724582556107,909.1,647.5
11965,14306,678.2171339283436,648.3790794824852,909.1,647.5
11965,14307,678.2149917667078,648.3857007093595,909.1,647.5
11965,14308,678.212849605072,648.3923219362339,909.1,647.5
11965,14309,678.2107074434361,648.3989431631084,909.1,647.5
11965,14310,678.2085652818004,648.4055643899827,909.1,647.5
11965,14311,678.2064231201645,648.4121856168571,909.1,647.5
11965,14312,678.2042809585287,648.4188068437314,909.1,647.5
11965,14313,678.2021387968929,648.4254280706059,909.1,647.5
11965,14314,678.199996635257,648.4320492974803,909.1,647.5
11965,14315,678.1978544736212,648.4386705243546,909.1,647.5
11965,14316,678.1957123119853,648.4452917512291,909.1,647.5
11965,14317,678.1935701503495,648.4519129781035,909.1,647.5
11965,14318,678.1914279887137,648.4585342049778,909.1,647.5
11965,14319,678.1892858270778,648.4651554318522,909.1,647.5
11965,14320,678.187143665442,648.4717766587266,909.1,647.5
11965,14321,678.1850015038061,648.478397885601,909.1,647.5
11965,14322,678.1828593421703,648.4850191124754,909.1,647.5
11965,14323,678.1807171805345,648.4916403393498,909.1,647.5
11965,14324,678.1785750188986,648.4982615662242,909.1,647.5
11965,14325,678.1764328572629,648.5048827930985,909.1,647.5
11965,14326,678.1742906956271,648.511504019973,909.1,647.5
11965,14327,678.1721485339912,648.5181252468474,909.1,647.5
11965,14328,678.1700063723554,648.5247464737217,909.1,647.5
11965,14329,678.1678642107195,648.5313677005961,909.1,647.5
11965,14330,678.1657220490837,648.5379889274706,909.1,647.5
11965,14331,678.1635798874479,648.5446101543449,909.1,647.5
11965,14332,678.161437725812,648.5512313812193,909.1,647.5
11965,14333,678.1592955641762,648.5578526080938,909.1,647.5
11965,14334,678.1571534025403,648.5644738349681,909.1,647.5
11965,14335,678.1550112409045,648.5710950618425,909.1,647.5
11965,14336,678.1528690792687,648.5777162887168,909.1,647.5
11965,14337,678.1507269176328,648.5843375155913,909.1,647.5
11965,14338,678.148584755997,648.5909587424657,909.1,647.5
11965,14339,678.1464425943611,648.59757996934,909.1,647.5
11965,14340,678.1443004327253,648.6042011962145,909.1,647.5
11965,14341,678.1421582710896,648.6108224230888,909.1,647.5
11965,14342,678.1400161094537,648.6174436499632,909.1,647.5
11965,14343,678.1378739478179,648.6240648768376,909.1,647.5
11965,14344,678.1357317861821,648.630686103712,909.1,647.5
11965,14345,678.1335896245462,648.6373073305864,909.1,647.5
11965,14346,678.1314474629104,648.6439285574608,909.1,647.5
11965,14347,678.1293053012745,648.6505497843352,909.1,647.5
11965,14348,678.1271631396387,648.6571710112096,909.1,647.5
11965,14349,678.1250209780029,648.6637922380839,909.1,647.5
11965,14350,678.122878816367,648.6704134649583,913.9235294117648,638.0411764705882
11965,14351,678.1207366547312,648.6770346918328,918.7470588235294,628.5823529411765
11965,14352,678.1185944930953,648.6836559187071,923.5705882352942,619.1235294117647
11965,14353,678.1164523314595,648.6902771455815,928.3941176470588,609.6647058823529
11965,14354,678.1143101698237,648.696898372456,933.2176470588236,600.2058823529412
11965,14355,678.1121680081878,648.7035195993303,938.0411764705882,590.7470588235294
11965,14356,678.110025846552,648.7101408262047,942.864705882353,581.2882352941176
11965,14357,678.1078836849161,648.716762053079,947.6882352941177,571.8294117647059
11965,14358,678.1057415232804,648.7233832799535,952.5117647058823,562.3705882352941
11965,14359,678.1035993616446,648.7300045068279,957.3352941176471,552.9117647058823
11965,14360,678.1014572000087,648.7366257337022,962.1588235294117,543.4529411764706
11965,14361,678.0993150383729,648.7432469605767,966.9823529411765,533.9941176470588
11965,14362,678.0971728767371,648.749868187451,971.8058823529412,524.535294117647
11965,14363,678.0950307151012,648.7564894143254,976.6294117647059,515.0764705882352
11965,14364,678.0928885534654,648.7631106411999,981.4529411764706,505.61764705882354
11965,14365,678.0907463918295,648.7697318680742,986.2764705882353,496.15882352941173
11965,14366,678.0886042301937,648.7763530949486,991.1,486.7
11965,14367,678.0864620685579,648.782974321823,991.1,486.7
11965,14368,678.084319906922,648.7895955486974,991.1,486.7
11965,14369,678.0821777452862,648.7962167755718,991.1,486.7
11965,14370,678.0800355836503,648.8028380024462,991.1,486.7
11965,14371,678.0778934220145,648.8094592293206,991.1,486.7
11965,14372,678.0757512603788,648.816080456195,991.1,486.7
11965,14373,678.0736090987428,648.8227016830693,991.1,486.7
11965,14374,678.0714669371071,648.8293229099437,991.1,486.7
11965,14375,678.0693247754712,648.8359441368182,991.1,486.7
11965,14376,678.0671826138354,648.8425653636925,991.1,486.7
11965,14377,678.0650404521996,648.8491865905669,991.1,486.7
11965,14378,678.0628982905637,648.8558078174414,991.1,486.7
11965,14379,678.0607561289279,648.8624290443157,991.1,486.7
11965,14380,678.0586139672921,648.8690502711901,991.1,486.7
11965,14381,678.0564718056562,648.8756714980644,991.1,486.7
11965,14382,678.0543296440204,648.8822927249389,991.1,486.7
11965,14383,678.0521874823845,648.8889139518133,991.1,486.7
11965,14384,678.0500453207487,648.8955351786876,991.1,486.7
11965,14385,678.0479031591129,648.9021564055621,991.1,486.7
11965,14386,678.045760997477,648.9087776324365,991.1,486.7
11965,14387,678.0436188358412,648.9153988593108,991.1,486.7
11965,14388,678.0414766742053,648.9220200861853,991.1,486.7
11965,14389,678.0393345125696,648.9286413130596,991.1,486.7
11965,14390,678.0371923509338,648.935262539934,991.1,486.7
11965,14391,678.0350501892979,648.9418837668084,991.1,486.7
11965,14392,678.0329080276621,648.9485049936828,991.1,486.7
11965,14393,678.0307658660263,648.9551262205572,991.1,486.7
11965,14394,678.0286237043904,648.9617474474315,991.1,486.7
11965,14395,678.0264815427546,648.968368674306,991.1,486.7
11965,14396,678.0243393811187,648.9749899011804,991.1,486.7
11965,14397,678.0221972194829,648.9816111280547,991.1,486.7
11965,14398,678.0200550578471,648.9882323549291,991.1,486.7
11965,14399,678.0179128962112,648.9948535818036,991.1,486.7
11965,14400,678.0157707345754,649.0014748086779,991.1,486.7
11965,14401,678.0136285729395,649.0080960355523,991.1,486.7
11965,14402,678.0114864113037,649.0147172624268,991.1,486.7
11965,14403,678.009344249668,649.0213384893011,991.1,486.7
11965,14404,678.007202088032,649.0279597161755,991.1,486.7
11965,14405,678.0050599263963,649.0345809430498,991.1,486.7
11965,14406,678.0029177647604,649.0412021699243,991.1,486.7
11965,14407,678.0007756031246,649.0478233967987,991.1,486.7
11965,14408,677.9986334414888,649.054444623673,991.1,486.7
11965,14409,677.9964912798529,649.0610658505475,991.1,486.7
11965,14410,677.9943491182171,649.0676870774219,991.1,486.7
11965,14411,677.9922069565813,649.0743083042962,991.1,486.7
11965,14412,677.9900647949454,649.0809295311706,991.1,486.7
11965,14413,677.9879226333096,649.087550758045,991.1,486.7
11965,14414,677.9857804716737,649.0941719849194,991.1,486.7
11965,14415,677.9836383100379,649.1007932117938,991.1,486.7
11965,14416,677.9814961484021,649.1074144386682,991.1,486.7
11965,14417,677.9793539867662,649.1140356655426,991.1,486.7
11965,14418,677.9772118251304,649.120656892417,991.1,486.7
11965,14419,677.9750696634945,649.1272781192914,991.1,486.7
11965,14420,677.9729275018587,649.1338993461658,991.1,486.7
11965,14421,677.970785340223,649.1405205730401,991.1,486.7
11965,14422,677.9686431785871,649.1471417999145,991.1,486.7
11965,14423,677.9665010169513,649.153763026789,991.1,486.7
11965,14424,677.9643588553154,649.1603842536633,991.1,486.7
11965,14425,677.9622166936796,649.1670054805377,991.1,486.7
11965,14426,677.9600745320438,649.1736267074122,991.1,486.7
11965,14427,677.9579323704079,649.1802479342865,991.1,486.7
11965,14428,677.9557902087721,649.1868691611609,991.1,486.7
11965,14429,677.9536480471363,649.1934903880352,991.1,486.7
11965,14430,677.9515058855004,649.2001116149097,991.1,486.7
11965,14431,677.9493637238646,649.2067328417841,991.1,486.7
11965,14432,677.9472215622287,649.2133540686584,991.1,486.7
11965,14433,677.9450794005929,649.2199752955329,991.1,486.7
11965,14434,677.9429372389571,649.2265965224072,991.1,486.7
11965,14435,677.9407950773212,649.2332177492816,991.1,486.7
11965,14436,677.9386529156855,649.239838976156,991.1,486.7
11965,14437,677.9365107540496,649.2464602030304,991.1,486.7
11965,14438,677.9343685924138,649.2530814299048,991.1,486.7
11965,14439,677.932226430778,649.2597026567792,991.1,486.7
11965,14440,677.9300842691421,649.2663238836536,991.1,486.7
11965,14441,677.9279421075063,649.272945110528,991.1,486.7
11965,14442,677.9257999458704,649.2795663374023,991.1,486.7
11965,14443,677.9236577842346,649.2861875642768,991.1,486.7
11965,14444,677.9215156225988,649.2928087911512,991.1,486.7
11965,14445,677.9193734609629,649.2994300180255,991.1,486.7
11965,14446,677.9172312993271,649.3060512448999,991.1,486.7
11965,14447,677.9150891376913,649.3126724717744,991.1,486.7
11965,14448,677.9129469760554,649.3192936986487,991.1,486.7
11965,14449,677.9108048144196,649.3259149255231,991.1,486.7
11965,14450,677.9086626527837,649.3325361523976,991.1,486.7
11965,14451,677.906520491148,649.3391573792719,991.1,486.7
11965,14452,677.9043783295122,649.3457786061463,991.1,486.7
11965,14453,677.9022361678763,649.3523998330206,991.1,486.7
11965,14454,677.9000940062405,649.3590210598951,991.1,486.7
11965,14455,677.8979518446046,649.3656422867695,991.1,486.7
11965,14456,677.8958096829688,649.3722635136438,991.1,486.7
11965,14457,677.893667521333,649.3788847405183,991.1,486.7
11965,14458,677.8915253596971,649.3855059673926,991.1,486.7
11965,14459,677.8893831980613,649.392127194267,991.1,486.7
11965,14460,677.8872410364254,649.3987484211414,991.1,486.7
11965,14461,677.8850988747896,649.4053696480158,991.1,486.7
11965,14462,677.8829567131538,649.4119908748902,991.1,486.7
11965,14463,677.8808145515179,649.4186121017646,991.1,486.7
11965,14464,677.8786723898821,649.425233328639,991.1,486.7
11965,14465,677.8765302282463,649.4318545555134,991.1,486.7
11965,14466,677.8743880666104,649.4384757823877,991.1,486.7
11965,14467,677.8722459049746,649.4450970092621,991.1,486.7
11965,14468,677.8701037433387,649.4517182361366,991.1,486.7
11965,14469,677.867961581703,649.4583394630109,991.1,486.7
11965,14470,677.8658194200672,649.4649606898853,991.1,486.7
11965,14471,677.8636772584313,649.4715819167598,991.1,486.7
11965,14472,677.8615350967955,649.4782031436341,991.1,486.7
11965,14473,677.8593929351596,649.4848243705085,991.1,486.7
11965,14474,677.8572507735238,649.4914455973828,991.1,486.7
11965,14475,677.855108611888,649.4980668242573,991.1,486.7
11965,14476,677.8529664502521,649.5046880511317,991.1,486.7
11965,14477,677.8508242886163,649.511309278006,991.1,486.7
11965,14478,677.8486821269805,649.5179305048805,991.1,486.7
11965,14479,677.8465399653446,649.5245517317549,991.1,486.7
11965,14480,677.8443978037088,649.5311729586292,991.1,486.7
11965,14481,677.8422556420729,649.5377941855037,991.1,486.7
11965,14482,677.8401134804371,649.544415412378,991.1,486.7
11965,14483,677.8379713188014,649.5510366392524,991.1,486.7
11965,14484,677.8358291571654,649.5576578661268,991.1,486.7
11965,14485,677.8336869955297,649.5642790930012,991.1,486.7
11965,14486,677.8315448338938,649.5709003198756,991.1,486.7
11965,14487,677.829402672258,649.57752154675,991.1,486.7
11965,14488,677.8272605106222,649.5841427736244,991.1,486.7
11965,14489,677.8251183489863,649.5907640004988,991.1,486.7
11965,14490,677.8229761873505,649.5973852273731,991.1,486.7
11965,14491,677.8208340257146,649.6040064542475,991.1,486.7
11965,14492,677.8186918640788,649.610627681122,991.1,486.7
11965,14493,677.816549702443,649.6172489079963,991.1,486.7
11965,14494,677.8144075408071,649.6238701348707,991.1,486.7
11965,14495,677.8122653791713,649.6304913617452,991.1,486.7
11965,14496,677.8101232175355,649.6371125886195,991.1,486.7
11965,14497,677.8079810558996,649.6437338154939,991.1,486.7
11965,14498,677.8058388942638,649.6503550423682,991.1,486.7
11965,14499,677.8036967326279,649.6569762692427,991.1,486.7
11965,14500,677.8015545709922,649.6635974961171,991.1,486.7
11965,14501,677.7994124093564,649.6702187229914,991.1,486.7
11965,14502,677.7972702477205,649.6768399498659,991.1,486.7
11965,14503,677.7951280860847,649.6834611767403,991.1,486.7
11965,14504,677.7929859244488,649.6900824036146,991.1,486.7
11965,14505,677.790843762813,649.6967036304891,991.1,486.7
11965,14506,677.7887016011772,649.7033248573634,991.1,486.7
11965,14507,677.7865594395413,649.7099460842378,991.1,486.7
11965,14508,677.7844172779055,649.7165673111122,991.1,486.7
11965,14509,677.7822751162696,649.7231885379866,991.1,486.7
11965,14510,677.7801329546338,649.729809764861,991.1,486.7
11965,14511,677.777990792998,649.7364309917353,991.1,486.7
11965,14512,677.7758486313621,649.7430522186098,991.1,486.7
11965,14513,677.7737064697263,649.7496734454842,991.1,486.7
11965,14514,677.7715643080905,649.7562946723585,991.1,486.7
11965,14515,677.7694221464546,649.7629158992329,991.1,486.7
11965,14516,677.7672799848189,649.7695371261074,991.1,486.7
11965,14517,677.765137823183,649.7761583529817,991.1,486.7
11965,14518,677.7629956615472,649.7827795798561,991.1,486.7
11965,14519,677.7608534999114,649.7894008067306,991.1,486.7
11965,14520,677.7587113382755,649.7960220336049,991.1,486.7
11965,14521,677.7565691766397,649.8026432604793,991.1,486.7
11965,14522,677.7544270150038,649.8092644873536,991.1,486.7
11965,14523,677.752284853368,649.8158857142281,991.1,486.7
11965,14524,677.7501426917322,649.8225069411025,991.1,486.7
11965,14525,677.7480005300963,649.8291281679768,991.1,486.7
11965,14526,677.7458583684605,649.8357493948513,991.1,486.7
11965,14527,677.7437162068247,649.8423706217256,991.1,486.7
11965,14528,677.7415740451888,649.8489918486,991.1,486.7
11965,14529,677.739431883553,649.8556130754744,991.1,486.7
11965,14530,677.7372897219171,649.8622343023488,991.1,486.7
11965,14531,677.7351475602813,649.8688555292232,991.1,486.7
11965,14532,677.7330053986456,649.8754767560976,991.1,486.7
11965,14533,677.7308632370097,649.882097982972,991.1,486.7
11965,14534,677.7287210753739,649.8887192098464,991.1,486.7
11965,14535,677.726578913738,649.8953404367207,991.1,486.7
11965,14536,677.7244367521022,649.9019616635951,991.1,486.7
11965,14537,677.7222945904664,649.9085828904696,991.1,486.7
11965,14538,677.7201524288305,649.9152041173439,991.1,486.7
11965,14539,677.7180102671947,649.9218253442183,991.1,486.7
11965,14540,677.7158681055588,649.9284465710928,991.1,486.7
11965,14541,677.713725943923,649.9350677979671,991.1,486.7
11965,14542,677.7115837822872,649.9416890248415,991.1,486.7
11965,14543,677.7094416206513,649.948310251716,991.1,486.7
11965,14544,677.7072994590155,649.9549314785903,991.1,486.7
11965,14545,677.7051572973797,649.9615527054647,991.1,486.7
11965,14546,677.7030151357438,649.968173932339,991.1,486.7
11965,14547,677.700872974108,649.9747951592135,991.1,486.7
11965,14548,677.6987308124721,649.9814163860879,991.1,486.7
11965,14549,677.6965886508364,649.9880376129622,991.1,486.7
11965,14550,677.6944464892006,649.9946588398367,991.1,486.7
11965,14551,677.6923043275647,650.001280066711,991.1,486.7
11965,14552,677.6901621659289,650.0079012935854,991.1,486.7
11965,14553,677.688020004293,650.0145225204598,991.1,486.7
11965,14554,677.6858778426572,650.0211437473342,991.1,486.7
11965,14555,677.6837356810214,650.0277649742086,991.1,486.7
11965,14556,677.6815935193855,650.034386201083,991.1,486.7
11965,14557,677.6794513577497,650.0410074279574,991.1,486.7
11965,14558,677.6773091961138,650.0476286548318,991.1,486.7
11965,14559,677.675167034478,650.0542498817061,991.1,486.7
11965,14560,677.6730248728422,650.0608711085806,991.1,486.7
11965,14561,677.6708827112063,650.067492335455,991.1,486.7
11965,14562,677.6687405495705,650.0741135623293,991.1,486.7
11965,14563,677.6665983879348,650.0807347892037,991.1,486.7
11965,14564,677.6644562262989,650.0873560160782,991.1,486.7
11965,14565,677.6623140646631,650.0939772429525,991.1,486.7
11965,14566,677.6601719030272,650.1005984698269,991.1,486.7
11965,14567,677.6580297413914,650.1072196967013,991.1,486.7
11965,14568,677.6558875797556,650.1138409235757,991.1,486.7
11965,14569,677.6537454181197,650.1204621504501,991.1,486.7
11965,14570,677.6516032564839,650.1270833773244,991.1,486.7
11965,14571,677.649461094848,650.1337046041989,991.1,486.7
11965,14572,677.6473189332122,650.1403258310733,991.1,486.7
11965,14573,677.6451767715764,650.1469470579476,991.1,486.7
11965,14574,677.6430346099405,650.1535682848221,991.1,486.7
11965,14575,677.6408924483047,650.1601895116964,991.1,486.7
11965,14576,677.6387502866688,650.1668107385708,991.1,486.7
11965,14577,677.636608125033,650.1734319654452,991.1,486.7
11965,14578,677.6344659633972,650.1800531923196,991.1,486.7
11965,14579,677.6323238017613,650.186674419194,991.1,486.7
11965,14580,677.6301816401256,650.1932956460683,991.1,486.7
11965,14581,677.6280394784898,650.1999168729428,991.1,486.7
11965,14582,677.6258973168539,650.2065380998172,991.1,486.7
11965,14583,677.6237551552181,650.2131593266915,991.1,486.7
11965,14584,677.6216129935822,650.2197805535659,991.1,486.7
11965,14585,677.6194708319464,650.2264017804404,991.1,486.7
11965,14586,677.6173286703106,650.2330230073147,991.1,486.7
11965,14587,677.6151865086747,650.2396442341891,991.1,486.7
11965,14588,677.6130443470389,650.2462654610636,991.1,486.7
11965,14589,677.610902185403,650.2528866879379,991.1,486.7
11965,14590,677.6087600237672,650.2595079148123,994.1666666666667,491.27407407407406
11965,14591,677.6066178621314,650.2661291416866,997.2333333333333,495.84814814814814
11965,14592,677.6044757004955,650.2727503685611,1000.3000000000001,500.4222222222222
11965,14593,677.6023335388597,650.2793715954355,1003.3666666666667,504.9962962962963
11965,14594,677.6001913772238,650.2859928223098,1006.4333333333334,509.57037037037037
11965,14595,677.598049215588,650.2926140491843,1009.5,514.1444444444444
11965,14596,677.5959070539523,650.2992352760587,1012.5666666666667,518.7185185185185
11965,14597,677.5937648923164,650.305856502933,1015.6333333333333,523.2925925925927
11965,14598,677.5916227306806,650.3124777298075,1018.7,527.8666666666667
11965,14599,677.5894805690448,650.3190989566818,1021.7666666666668,532.4407407407407
11965,14600,677.5873384074089,650.3257201835562,1024.8333333333335,537.0148148148148
11965,14601,677.5851962457731,650.3323414104306,1027.9,541.588888888889
11965,14602,677.5830540841372,650.338962637305,1030.9666666666667,546.162962962963
11965,14603,677.5809119225014,650.3455838641794,1034.0333333333333,550.737037037037
11965,14604,677.5787697608656,650.3522050910537,1037.1000000000001,555.3111111111111
11965,14605,677.5766275992297,650.3588263179282,1040.1666666666667,559.8851851851853
11965,14606,677.5744854375939,650.3654475448026,1043.2333333333333,564.4592592592593
11965,14607,677.572343275958,650.3720687716769,1046.3000000000002,569.0333333333333
11965,14608,677.5702011143222,650.3786899985513,1049.3666666666668,573.6074074074074
11965,14609,677.5680589526864,650.3853112254258,1052.4333333333334,578.1814814814816
11965,14610,677.5659167910505,650.3919324523001,1055.5,582.7555555555556
11965,14611,677.5637746294148,650.3985536791745,1058.5666666666668,587.3296296296296
11965,14612,677.561632467779,650.405174906049,1061.6333333333334,591.9037037037037
11965,14613,677.5594903061431,650.4117961329233,1064.7,596.4777777777779
11965,14614,677.5573481445073,650.4184173597977,1067.7666666666667,601.0518518518519
11965,14615,677.5552059828714,650.425038586672,1070.8333333333335,605.6259259259259
11965,14616,677.5530638212356,650.4316598135465,1073.9,610.2
11965,14617,677.5509216595998,650.4382810404209,1073.9,610.2
11965,14618,677.5487794979639,650.4449022672952,1073.9,610.2
11965,14619,677.5466373363281,650.4515234941697,1073.9,610.2
11965,14620,677.5444951746922,650.458144721044,1073.9,610.2
11965,14621,677.5423530130564,650.4647659479184,1073.9,610.2
11965,14622,677.5402108514206,650.4713871747929,1073.9,610.2
11965,14623,677.5380686897847,650.4780084016672,1073.9,610.2
11965,14624,677.5359265281489,650.4846296285416,1073.9,610.2
11965,14625,677.533784366513,650.491250855416,1073.9,610.2
11965,14626,677.5316422048772,650.4978720822904,1073.9,610.2
11965,14627,677.5295000432415,650.5044933091648,1073.9,610.2
11965,14628,677.5273578816056,650.5111145360391,1073.9,610.2
11965,14629,677.5252157199698,650.5177357629136,1073.9,610.2
11965,14630,677.523073558334,650.524356989788,1073.9,610.2
11965,14631,677.5209313966981,650.5309782166623,1073.9,610.2
11965,14632,677.5187892350623,650.5375994435367,1073.9,610.2
11965,14633,677.5166470734264,650.5442206704112,1073.9,610.2
11965,14634,677.5145049117906,650.5508418972855,1073.9,610.2
11965,14635,677.5123627501548,650.5574631241599,1073.9,610.2
11965,14636,677.5102205885189,650.5640843510344,1073.9,610.2
11965,14637,677.5080784268831,650.5707055779087,1073.9,610.2
11965,14638,677.5059362652472,650.5773268047831,1073.9,610.2
11965,14639,677.5037941036114,650.5839480316574,1073.9,610.2
11965,14640,677.5016519419756,650.5905692585319,1073.9,610.2
11965,14641,677.4995097803397,650.5971904854063,1073.9,610.2
11965,14642,677.497367618704,650.6038117122806,1073.9,610.2
11965,14643,677.495225457068,650.6104329391551,1073.9,610.2
11965,14644,677.4930832954323,650.6170541660294,1073.9,610.2
11965,14645,677.4909411337965,650.6236753929038,1073.9,610.2
11965,14646,677.4887989721606,650.6302966197782,1073.9,610.2
11965,14647,677.4866568105248,650.6369178466526,1073.9,610.2
11965,14648,677.484514648889,650.643539073527,1073.9,610.2
11965,14649,677.4823724872531,650.6501603004014,1073.9,610.2
11965,14650,677.4802303256173,650.6567815272758,1073.9,610.2
11965,14651,677.4780881639814,650.6634027541502,1073.9,610.2
11965,14652,677.4759460023456,650.6700239810245,1073.9,610.2
11965,14653,677.4738038407098,650.6766452078989,1073.9,610.2
11965,14654,677.4716616790739,650.6832664347734,1073.9,610.2
11965,14655,677.4695195174381,650.6898876616477,1073.9,610.2
11965,14656,677.4673773558022,650.6965088885221,1073.9,610.2
11965,14657,677.4652351941664,650.7031301153966,1073.9,610.2
11965,14658,677.4630930325307,650.7097513422709,1073.9,610.2
11965,14659,677.4609508708947,650.7163725691453,1073.9,610.2
11965,14660,677.458808709259,650.7229937960198,1073.9,610.2
11965,14661,677.4566665476231,650.7296150228941,1073.9,610.2
11965,14662,677.4545243859873,650.7362362497685,1073.9,610.2
11965,14663,677.4523822243515,650.7428574766428,1073.9,610.2
11965,14664,677.4502400627156,650.7494787035173,1073.9,610.2
11965,14665,677.4480979010798,650.7560999303917,1073.9,610.2
11965,14666,677.445955739444,650.762721157266,1073.9,610.2
11965,14667,677.4438135778081,650.7693423841405,1073.9,610.2
11965,14668,677.4416714161723,650.7759636110148,1073.9,610.2
11965,14669,677.4395292545364,650.7825848378892,1073.9,610.2
11965,14670,677.4373870929006,650.7892060647636,1073.9,610.2
11965,14671,677.4352449312648,650.795827291638,1073.9,610.2
11965,14672,677.4331027696289,650.8024485185124,1073.9,610.2
11965,14673,677.4309606079931,650.8090697453868,1073.9,610.2
11965,14674,677.4288184463572,650.8156909722612,1073.9,610.2
11965,14675,677.4266762847215,650.8223121991356,1073.9,610.2
11965,14676,677.4245341230857,650.8289334260099,1073.9,610.2
11965,14677,677.4223919614498,650.8355546528843,1073.9,610.2
11965,14678,677.420249799814,650.8421758797588,1073.9,610.2
11965,14679,677.4181076381781,650.8487971066331,1073.9,610.2
11965,14680,677.4159654765423,650.8554183335075,1073.9,610.2
11965,14681,677.4138233149065,650.862039560382,1073.9,610.2
11965,14682,677.4116811532706,650.8686607872563,1073.9,610.2
11965,14683,677.4095389916348,650.8752820141307,1073.9,610.2
11965,14684,677.407396829999,650.8819032410051,1073.9,610.2
11965,14685,677.4052546683631,650.8885244678795,1073.9,610.2
11965,14686,677.4031125067273,650.8951456947539,1073.9,610.2
11965,14687,677.4009703450914,650.9017669216282,1073.9,610.2
11965,14688,677.3988281834556,650.9083881485027,1073.9,610.2
11965,14689,677.3966860218198,650.915009375377,1073.9,610.2
11965,14690,677.394543860184,650.9216306022514,1073.9,610.2
11965,14691,677.3924016985482,650.9282518291259,1073.9,610.2
11965,14692,677.3902595369123,650.9348730560002,1073.9,610.2
11965,14693,677.3881173752765,650.9414942828746,1073.9,610.2
11965,14694,677.3859752136407,650.948115509749,1073.9,610.2
11965,14695,677.3838330520048,650.9547367366234,1073.9,610.2
11965,14696,677.381690890369,650.9613579634978,1073.9,610.2
11965,14697,677.3795487287332,650.9679791903721,1073.9,610.2
11965,14698,677.3774065670973,650.9746004172466,1073.9,610.2
11965,14699,677.3752644054615,650.981221644121,1073.9,610.2
11965,14700,677.3731222438256,650.9878428709953,1073.9,610.2
11965,14701,677.3709800821898,650.9944640978697,1073.9,610.2
11965,14702,677.368837920554,651.0010853247442,1073.9,610.2
11965,14703,677.3666957589181,651.0077065516185,1073.9,610.2
11965,14704,677.3645535972823,651.0143277784929,1073.9,610.2
11965,14705,677.3624114356464,651.0209490053674,1073.9,610.2
11965,14706,677.3602692740106,651.0275702322417,1073.9,610.2
11965,14707,677.3581271123749,651.0341914591161,1073.9,610.2
11965,14708,677.355984950739,651.0408126859904,1073.9,610.2
11965,14709,677.3538427891032,651.0474339128649,1073.9,610.2
11965,14710,677.3517006274673,651.0540551397393,1073.9,610.2
11965,14711,677.3495584658315,651.0606763666136,1073.9,610.2
11965,14712,677.3474163041957,651.0672975934881,1073.9,610.2
11965,14713,677.3452741425598,651.0739188203625,1073.9,610.2
11965,14714,677.343131980924,651.0805400472368,1073.9,610.2
11965,14715,677.3409898192882,651.0871612741113,1073.9,610.2
11965,14716,677.3388476576523,651.0937825009856,1073.9,610.2
11965,14717,677.3367054960165,651.10040372786,1073.9,610.2
11965,14718,677.3345633343806,651.1070249547344,1073.9,610.2
11965,14719,677.3324211727448,651.1136461816088,1073.9,610.2
11965,14720,677.330279011109,651.1202674084832,1073.9,610.2
11965,14721,677.3281368494731,651.1268886353575,1061.5357142857144,604.0571428571429
11965,14722,677.3259946878374,651.133509862232,1049.1714285714286,597.9142857142857
11965,14723,677.3238525262014,651.1401310891064,1036.807142857143,591.7714285714286
11965,14724,677.3217103645657,651.1467523159807,1024.4428571428573,585.6285714285715
11965,14725,677.3195682029299,651.1533735428551,1012.0785714285714,579.4857142857144
11965,14726,677.317426041294,651.1599947697296,999.7142857142858,573.3428571428572
11965,14727,677.3152838796582,651.1666159966039,987.35,567.2
11965,14728,677.3131417180223,651.1732372234783,974.9857142857143,561.0571428571429
11965,14729,677.3109995563865,651.1798584503528,962.6214285714286,554.9142857142857
11965,14730,677.3088573947507,651.1864796772271,950.2571428571429,548.7714285714286
11965,14731,677.3067152331148,651.1931009041015,937.8928571428571,542.6285714285715
11965,14732,677.304573071479,651.1997221309758,925.5285714285715,536.4857142857143
11965,14733,677.3024309098432,651.2063433578503,913.1642857142857,530.3428571428572
11965,14734,677.3002887482073,651.2129645847247,900.8,524.2
11965,14735,677.2981465865715,651.219585811599,900.8,524.2
11965,14736,677.2960044249356,651.2262070384735,900.8,524.2
11965,14737,677.2938622632998,651.2328282653478,900.8,524.2
11965,14738,677.291720101664,651.2394494922222,900.8,524.2
11965,14739,677.2895779400282,651.2460707190967,900.8,524.2
11965,14740,677.2874357783924,651.252691945971,900.8,524.2
11965,14741,677.2852936167565,651.2593131728454,900.8,524.2
11965,14742,677.2831514551207,651.2659343997198,900.8,524.2
11965,14743,677.2810092934849,651.2725556265942,900.8,524.2
11965,14744,677.278867131849,651.2791768534686,900.8,524.2
11965,14745,677.2767249702132,651.2857980803429,900.8,524.2
11965,14746,677.2745828085774,651.2924193072174,900.8,524.2
11965,14747,677.2724406469415,651.2990405340918,900.8,524.2
11965,14748,677.2702984853057,651.3056617609661,900.8,524.2
11965,14749,677.2681563236698,651.3122829878405,900.8,524.2
11965,14750,677.266014162034,651.318904214715,900.8,524.2
11965,14751,677.2638720003982,651.3255254415893,900.8,524.2
11965,14752,677.2617298387623,651.3321466684637,900.8,524.2
11965,14753,677.2595876771265,651.3387678953382,900.8,524.2
11965,14754,677.2574455154906,651.3453891222125,900.8,524.2
11965,14755,677.2553033538549,651.3520103490869,900.8,524.2
11965,14756,677.2531611922191,651.3586315759612,900.8,524.2
11965,14757,677.2510190305832,651.3652528028357,900.8,524.2
11965,14758,677.2488768689474,651.37187402971,900.8,524.2
11965,14759,677.2467347073115,651.3784952565844,900.8,524.2
11965,14760,677.2445925456757,651.3851164834589,900.8,524.2
11965,14761,677.2424503840399,651.3917377103332,900.8,524.2
11965,14762,677.240308222404,651.3983589372076,900.8,524.2
11965,14763,677.2381660607682,651.404980164082,900.8,524.2
11965,14764,677.2360238991324,651.4116013909564,900.8,524.2
11965,14765,677.2338817374965,651.4182226178308,900.8,524.2
11965,14766,677.2317395758607,651.4248438447052,900.8,524.2
11965,14767,677.2295974142248,651.4314650715796,900.8,524.2
11965,14768,677.227455252589,651.438086298454,900.8,524.2
11965,14769,677.2253130909533,651.4447075253283,900.8,524.2
11965,14770,677.2231709293173,651.4513287522027,900.8,524.2
11965,14771,677.2210287676816,651.4579499790772,900.8,524.2
11965,14772,677.2188866060457,651.4645712059515,900.8,524.2
11965,14773,677.2167444444099,651.4711924328259,900.8,524.2
11965,14774,677.2146022827741,651.4778136597004,900.8,524.2
11965,14775,677.2124601211382,651.4844348865747,900.8,524.2
11965,14776,677.2103179595024,651.4910561134491,900.8,524.2
11965,14777,677.2081757978665,651.4976773403235,900.8,524.2
11965,14778,677.2060336362307,651.5042985671979,900.8,524.2
11965,14779,677.2038914745949,651.5109197940723,900.8,524.2
11965,14780,677.201749312959,651.5175410209466,900.8,524.2
11965,14781,677.1996071513232,651.5241622478211,900.8,524.2
11965,14782,677.1974649896874,651.5307834746955,900.8,524.2
11965,14783,677.1953228280515,651.5374047015698,900.8,524.2
11965,14784,677.1931806664157,651.5440259284443,900.8,524.2
11965,14785,677.1910385047798,651.5506471553186,900.8,524.2
11965,14786,677.188896343144,651.557268382193,900.8,524.2
11965,14787,677.1867541815083,651.5638896090674,900.8,524.2
11965,14788,677.1846120198724,651.5705108359418,900.8,524.2
11965,14789,677.1824698582366,651.5771320628162,900.8,524.2
11965,14790,677.1803276966007,651.5837532896905,900.8,524.2
11965,14791,677.1781855349649,651.590374516565,900.8,524.2
11965,14792,677.1760433733291,651.5969957434394,900.8,524.2
11965,14793,677.1739012116932,651.6036169703137,900.8,524.2
11965,14794,677.1717590500574,651.6102381971882,900.8,524.2
11965,14795,677.1696168884215,651.6168594240626,900.8,524.2
11965,14796,677.1674747267857,651.6234806509369,900.8,524.2
11965,14797,677.1653325651499,651.6301018778113,900.8,524.2
11965,14798,677.163190403514,651.6367231046858,900.8,524.2
11965,14799,677.1610482418782,651.6433443315601,900.8,524.2
11965,14800,677.1589060802424,651.6499655584345,900.8,524.2
11965,14801,677.1567639186065,651.656586785309,900.8,524.2
11965,14802,677.1546217569708,651.6632080121833,900.8,524.2
11965,14803,677.1524795953349,651.6698292390577,900.8,524.2
11965,14804,677.1503374336991,651.676450465932,900.8,524.2
11965,14805,677.1481952720633,651.6830716928065,900.8,524.2
11965,14806,677.1460531104274,651.6896929196809,900.8,524.2
11965,14807,677.1439109487916,651.6963141465552,900.8,524.2
11965,14808,677.1417687871557,651.7029353734297,900.8,524.2
11965,14809,677.1396266255199,651.709556600304,900.8,524.2
11965,14810,677.1374844638841,651.7161778271784,900.8,524.2
11965,14811,677.1353423022482,651.7227990540528,900.8,524.2
11965,14812,677.1332001406124,651.7294202809272,900.8,524.2
11965,14813,677.1310579789765,651.7360415078016,900.8,524.2
11965,14814,677.1289158173407,651.742662734676,900.8,524.2
11965,14815,677.1267736557049,651.7492839615504,900.8,524.2
11965,14816,677.124631494069,651.7559051884248,900.8,524.2
11965,14817,677.1224893324332,651.7625264152991,900.8,524.2
11965,14818,677.1203471707975,651.7691476421735,900.8,524.2
11965,14819,677.1182050091616,651.775768869048,900.8,524.2
11965,14820,677.1160628475258,651.7823900959223,900.8,524.2
11965,14821,677.1139206858899,651.7890113227967,900.8,524.2
11965,14822,677.1117785242541,651.7956325496712,900.8,524.2
11965,14823,677.1096363626183,651.8022537765455,900.8,524.2
11965,14824,677.1074942009824,651.8088750034199,900.8,524.2
11965,14825,677.1053520393466,651.8154962302942,900.8,524.2
11965,14826,677.1032098777107,651.8221174571687,900.8,524.2
11965,14827,677.1010677160749,651.8287386840431,900.8,524.2
11965,14828,677.0989255544391,651.8353599109174,900.8,524.2
11965,14829,677.0967833928032,651.8419811377919,900.8,524.2
11965,14830,677.0946412311674,651.8486023646662,900.8,524.2
11965,14831,677.0924990695316,651.8552235915406,900.8,524.2
11965,14832,677.0903569078957,651.861844818415,900.8,524.2
11965,14833,677.08821474626,651.8684660452894,900.8,524.2
11965,14834,677.086072584624,651.8750872721638,900.8,524.2
11965,14835,677.0839304229883,651.8817084990382,900.8,524.2
11965,14836,677.0817882613525,651.8883297259126,900.8,524.2
11965,14837,677.0796460997166,651.894950952787,900.8,524.2
11965,14838,677.0775039380808,651.9015721796613,900.8,524.2
11965,14839,677.0753617764449,651.9081934065358,900.8,524.2
11965,14840,677.0732196148091,651.9148146334102,900.8,524.2
11965,14841,677.0710774531733,651.9214358602845,893.99375,532.528125
11966,14842,677.0689352915374,651.9280570871589,887.1875,540.85625
11967,14843,677.0667931299016,651.9346783140334,880.3812499999999,549.184375
11968,14844,677.0646509682657,651.9412995409077,873.5749999999999,557.5125
11969,14845,677.0625088066299,651.9479207677821,866.76875,565.840625
11970,14846,677.0603666449941,651.9545419946566,859.9625,574.16875
11971,14847,677.0582244833582,651.9611632215309,853.15625,582.496875
11972,14848,677.0560823217224,651.9677844484053,846.3499999999999,590.825
11973,14849,677.0539401600867,651.9744056752796,839.5437499999999,599.153125
11974,14850,677.0517979984508,651.9810269021541,832.7375,607.48125
11975,14851,677.049655836815,651.9876481290285,825.93125,615.809375
11976,14852,677.0475136751791,651.9942693559028,819.125,624.1375
11977,14853,677.0453715135433,652.0008905827773,812.3187499999999,632.465625
11978,14854,677.0432293519075,652.0075118096516,805.5124999999999,640.79375
11979,14855,677.0410871902716,652.014133036526,798.70625,649.121875
11980,14856,677.0389450286358,652.0207542634005,791.9,657.45
11981,14857,677.0368028669999,652.0273754902748,785.09375,665.778125
11982,14858,677.0346607053641,652.0339967171492,778.2875,674.10625
11983,14859,677.0325185437283,652.0406179440236,771.48125,682.434375
11984,14860,677.0303763820924,652.047239170898,764.675,690.7625
11985,14861,677.0282342204566,652.0538603977724,757.86875,699.090625
11986,14862,677.0260920588207,652.0604816246467,751.0625,707.41875
11987,14863,677.0239498971849,652.0671028515212,744.25625,715.746875
11988,14864,677.0218077355491,652.0737240783956,737.45,724.075
11989,14865,677.0196655739132,652.0803453052699,730.64375,732.403125
11990,14866,677.0175234122775,652.0869665321443,723.8375,740.73125
11991,14867,677.0153812506417,652.0935877590188,717.03125,749.059375
11992,14868,677.0132390890058,652.1002089858931,710.225,757.3875
11993,14869,677.01109692737,652.1068302127675,703.41875,765.715625
11994,14870,677.0089547657341,652.113451439642,696.6125,774.04375
11995,14871,677.0068126040983,652.1200726665163,689.80625,782.371875
11996,14872,677.0046704424625,652.1266938933907,683.0,790.7
11997,14873,677.0025282808266,652.133315120265,683.0,790.7
11998,14874,677.0003861191908,652.1399363471395,683.0,790.7
11999,14875,676.9982439575549,652.1465575740139,683.0,790.7
12000,14876,676.9961017959191,652.1531788008882,683.0,790.7
12001,14877,676.9939596342833,652.1598000277627,683.0,790.7
12002,14878,676.9918174726474,652.166421254637,683.0,790.7
12003,14879,676.9896753110116,652.1730424815114,683.0,790.7
12004,14880,676.9875331493758,652.1796637083858,683.0,790.7
12005,14881,676.98539098774,652.1862849352602,683.0,790.7
12006,14881,676.9832488261042,652.1929061621346,683.0,790.7
12007,14881,676.9811066644683,652.199527389009,683.0,790.7
12008,14881,676.9789645028325,652.2061486158834,683.0,790.7
12009,14881,676.9768223411967,652.2127698427578,683.0,790.7
12010,14881,676.9746801795608,652.2193910696321,683.0,790.7
12011,14881,676.972538017925,652.2260122965065,683.0,790.7
12012,14881,676.9703958562891,652.232633523381,683.0,790.7
12013,14881,676.9682536946533,652.2392547502553,683.0,790.7
12014,14881,676.9661115330175,652.2458759771297,683.0,790.7
12015,14881,676.9639693713816,652.2524972040042,683.0,790.7
12016,14881,676.9618272097458,652.2591184308785,683.0,790.7
12017,14881,676.9596850481099,652.2657396577529,683.0,790.7
12018,14881,676.9575428864741,652.2723608846273,683.0,790.7
12019,14881,676.9554007248383,652.2789821115017,683.0,790.7
12020,14881,676.9532585632024,652.2856033383761,683.0,790.7
12021,14881,676.9511164015667,652.2922245652504,683.0,790.7
12022,14881,676.9489742399307,652.2988457921249,683.0,790.7
12023,14881,676.946832078295,652.3054670189993,683.0,790.7
12024,14881,676.9446899166592,652.3120882458736,683.0,790.7
12025,14881,676.9425477550233,652.3187094727481,683.0,790.7
12026,14881,676.9404055933875,652.3253306996224,683.0,790.7
12027,14881,676.9382634317517,652.3319519264968,683.0,790.7
12028,14881,676.9361212701158,652.3385731533712,683.0,790.7
12029,14881,676.93397910848,652.3451943802456,683.0,790.7
12030,14881,676.9318369468441,652.35181560712,683.0,790.7
12031,14881,676.9296947852083,652.3584368339943,683.0,790.7
12032,14881,676.9275526235725,652.3650580608688,683.0,790.7
12033,14881,676.9254104619366,652.3716792877432,683.0,790.7
12034,14881,676.9232683003008,652.3783005146175,683.0,790.7
12035,14881,676.9211261386649,652.384921741492,683.0,790.7
12036,14881,676.9189839770291,652.3915429683664,683.0,790.7
12037,14881,676.9168418153934,652.3981641952407,683.0,790.7
12038,14881,676.9146996537575,652.4047854221151,683.0,790.7
12039,14881,676.9125574921217,652.4114066489896,683.0,790.7
12040,14881,676.9104153304859,652.4180278758639,683.0,790.7
12041,14881,676.90827316885,652.4246491027383,683.0,790.7
12042,14881,676.9061310072142,652.4312703296127,683.0,790.7
12043,14881,676.9039888455783,652.4378915564871,683.0,790.7
12044,14881,676.9018466839425,652.4445127833615,683.0,790.7
12045,14881,676.8997045223067,652.4511340102358,683.0,790.7
12046,14881,676.8975623606708,652.4577552371103,683.0,790.7
12047,14881,676.895420199035,652.4643764639846,683.0,790.7
12048,14881,676.8932780373991,652.470997690859,683.0,790.7
12049,14881,676.8911358757633,652.4776189177335,683.0,790.7
12050,14881,676.8889937141275,652.4842401446078,683.0,790.7
12051,14881,676.8868515524916,652.4908613714822,683.0,790.7
12052,14881,676.8847093908558,652.4974825983566,683.0,790.7
12053,14881,676.88256722922,652.504103825231,683.0,790.7
12054,14881,676.8804250675842,652.5107250521054,683.0,790.7
12055,14881,676.8782829059484,652.5173462789797,683.0,790.7
12056,14881,676.8761407443125,652.5239675058542,683.0,790.7
12057,14881,676.8739985826767,652.5305887327286,683.0,790.7
12058,14881,676.8718564210409,652.5372099596029,683.0,790.7
12059,14881,676.869714259405,652.5438311864773,683.0,790.7
12060,14881,676.8675720977692,652.5504524133518,683.0,790.7
12061,14881,676.8654299361333,652.5570736402261,683.0,790.7
12062,14882,676.8632877744975,652.5636948671005,683.0,790.7
12063,14883,676.8611456128617,652.570316093975,683.0,790.7
12064,14884,676.8590034512258,652.5769373208493,683.0,790.7
12065,14885,676.85686128959,652.5835585477237,683.0,790.7
12066,14886,676.8547191279541,652.590179774598,683.0,790.7
12067,14887,676.8525769663183,652.5968010014725,683.0,790.7
12068,14888,676.8504348046825,652.6034222283469,683.0,790.7
12069,14888,676.8482926430466,652.6100434552212,689.9,788.88
12070,14888,676.8461504814109,652.6166646820957,696.8,787.0600000000001
12071,14888,676.844008319775,652.62328590897,703.7,785.24
12072,14888,676.8418661581392,652.6299071358444,710.6,783.4200000000001
12073,14888,676.8397239965034,652.6365283627188,717.5,781.6
12074,14888,676.8375818348675,652.6431495895932,724.4,779.78
12075,14888,676.8354396732317,652.6497708164676,731.3,777.96
12076,14888,676.8332975115959,652.656392043342,738.2,776.14
12077,14888,676.83115534996,652.6630132702164,745.1,774.32
12078,14888,676.8290131883242,652.6696344970908,752.0,772.5
12079,14888,676.8268710266883,652.6762557239651,752.0,772.5
12080,14888,676.8247288650525,652.6828769508396,752.0,772.5
12081,14888,676.8225867034167,652.689498177714,752.0,772.5
12082,14888,676.8204445417808,652.6961194045883,752.0,772.5
12083,14888,676.818302380145,652.7027406314627,752.0,772.5
12084,14888,676.8161602185091,652.7093618583372,752.0,772.5
12085,14888,676.8140180568734,652.7159830852115,752.0,772.5
12086,14888,676.8118758952376,652.7226043120859,752.0,772.5
12087,14888,676.8097337336017,652.7292255389603,752.0,772.5
12088,14888,676.8075915719659,652.7358467658347,752.0,772.5
12089,14888,676.8054494103301,652.7424679927091,752.0,772.5
12090,14888,676.8033072486942,652.7490892195834,752.0,772.5
12091,14888,676.8011650870584,652.7557104464579,752.0,772.5
12092,14888,676.7990229254225,652.7623316733323,752.0,772.5
12093,14888,676.7968807637867,652.7689529002066,752.0,772.5
12094,14888,676.7947386021509,652.7755741270811,752.0,772.5
12095,14888,676.792596440515,652.7821953539554,752.0,772.5
12096,14888,676.7904542788792,652.7888165808298,752.0,772.5
12097,14889,676.7883121172433,652.7954378077043,752.0,772.5
12098,14890,676.7861699556075,652.8020590345786,752.0,772.5
12099,14891,676.7840277939717,652.808680261453,752.0,772.5
12100,14892,676.7818856323358,652.8153014883273,752.0,772.5
12101,14893,676.7797434707,652.8219227152018,752.0,772.5
12102,14894,676.7776013090642,652.8285439420762,752.0,772.5
12103,14895,676.7754591474284,652.8351651689505,752.0,772.5
12104,14896,676.7733169857926,652.841786395825,752.0,772.5
12105,14897,676.7711748241567,652.8484076226994,752.0,772.5
12106,14898,676.7690326625209,652.8550288495737,752.0,772.5
12107,14899,676.7668905008851,652.8616500764481,752.0,772.5
12108,14900,676.7647483392492,652.8682713033226,752.0,772.5
12109,14901,676.7626061776134,652.8748925301969,752.0,772.5
12110,14902,676.7604640159775,652.8815137570713,752.0,772.5
12111,14903,676.7583218543417,652.8881349839457,752.0,772.5
12112,14904,676.7561796927059,652.8947562108201,752.0,772.5
12113,14905,676.75403753107,652.9013774376945,752.0,772.5
12114,14906,676.7518953694342,652.9079986645688,752.0,772.5
12115,14907,676.7497532077983,652.9146198914433,752.0,772.5
12116,14908,676.7476110461625,652.9212411183177,752.0,772.5
12117,14909,676.7454688845268,652.927862345192,752.0,772.5
12118,14910,676.7433267228909,652.9344835720665,752.0,772.5
12119,14911,676.7411845612551,652.9411047989408,752.0,772.5
12120,14912,676.7390423996192,652.9477260258152,752.0,772.5
12121,14913,676.7369002379834,652.9543472526896,752.0,772.5
12122,14914,676.7347580763476,652.960968479564,752.0,772.5
12123,14915,676.7326159147117,652.9675897064384,752.0,772.5
12124,14916,676.7304737530759,652.9742109333127,752.0,772.5
12125,14917,676.7283315914401,652.9808321601872,752.0,772.5
12126,14918,676.7261894298042,652.9874533870616,752.0,772.5
12127,14919,676.7240472681684,652.9940746139359,752.0,772.5
12128,14920,676.7219051065325,653.0006958408103,752.0,772.5
12129,14921,676.7197629448967,653.0073170676848,752.0,772.5
12130,14922,676.7176207832609,653.0139382945591,752.0,772.5
12131,14923,676.715478621625,653.0205595214335,752.0,772.5
12132,14924,676.7133364599893,653.027180748308,752.0,772.5
12133,14925,676.7111942983533,653.0338019751823,752.0,772.5
12134,14926,676.7090521367176,653.0404232020567,752.0,772.5
12135,14927,676.7069099750818,653.047044428931,752.0,772.5
12136,14928,676.7047678134459,653.0536656558055,752.0,772.5
12137,14929,676.7026256518101,653.0602868826799,752.0,772.5
12138,14930,676.7004834901742,653.0669081095542,752.0,772.5
12139,14931,676.6983413285384,653.0735293364287,752.0,772.5
12140,14932,676.6961991669026,653.080150563303,752.0,772.5
12141,14933,676.6940570052667,653.0867717901774,752.0,772.5
12142,14934,676.6919148436309,653.0933930170519,752.0,772.5
12143,14935,676.6897726819951,653.1000142439262,752.0,772.5
12144,14936,676.6876305203592,653.1066354708006,752.0,772.5
12145,14937,676.6854883587234,653.113256697675,752.0,772.5
12146,14938,676.6833461970875,653.1198779245494,752.0,772.5
12147,14939,676.6812040354517,653.1264991514238,1072.8,553.5
12148,14940,676.6812040354517,653.1264991514238,1072.8,553.5
12149,14941,676.6812040354517,653.1264991514238,1072.8,553.5
12150,14942,676.6812040354517,653.1264991514238,1072.8,553.5
12151,14943,676.6812040354517,653.1264991514238,1072.8,553.5
12152,14944,676.6812040354517,653.1264991514238,1072.8,553.5
12153,14945,676.6812040354517,653.1264991514238,1072.8,553.5
12154,14946,676.6812040354517,653.1264991514238,1072.8,553.5
12155,14947,676.6812040354517,653.1264991514238,1072.8,553.5
12156,14948,676.6812040354517,653.1264991514238,1072.8,553.5
12157,14949,676.6812040354517,653.1264991514238,1072.8,553.5
12158,14950,676.6812040354517,653.1264991514238,1072.8,553.5
12159,14951,676.6812040354517,653.1264991514238,1072.8,553.5
12160,14952,676.6812040354517,653.1264991514238,1072.8,553.5
12161,14953,676.6812040354517,653.1264991514238,1072.8,553.5
12162,14954,676.6812040354517,653.1264991514238,1072.8,553.5
12163,14955,676.6812040354517,653.1264991514238,1072.8,553.5
12164,14956,676.6812040354517,653.1264991514238,1072.8,553.5
12165,14957,676.6812040354517,653.1264991514238,1072.8,553.5
12166,14958,676.6812040354517,653.1264991514238,1072.8,553.5
12167,14959,676.6812040354517,653.1264991514238,1072.8,553.5
12168,14960,676.6812040354517,653.1264991514238,1072.8,553.5
12169,14961,676.6812040354517,653.1264991514238,1072.8,553.5
12170,14962,676.6812040354517,653.1264991514238,1072.8,553.5
12171,14963,676.6812040354517,653.1264991514238,1072.8,553.5
12172,14964,676.6812040354517,653.1264991514238,1072.8,553.5
12173,14965,676.6812040354517,653.1264991514238,1072.8,553.5
12174,14966,676.6812040354517,653.1264991514238,1072.8,553.5
12175,14967,676.6812040354517,653.1264991514238,1072.8,553.5
12176,14968,676.6812040354517,653.1264991514238,1072.8,553.5
12177,14969,676.6812040354517,653.1264991514238,1072.8,553.5
12178,14970,676.6812040354517,653.1264991514238,1072.8,553.5
12179,14971,676.6812040354517,653.1264991514238,1072.8,553.5
12180,14972,784.6812040354517,639.1264991514238,1072.8,553.5
12181,14973,784.6812040354517,639.1264991514238,1072.8,553.5
12182,14974,784.6812040354517,639.1264991514238,1072.8,553.5
12183,14975,784.6812040354517,639.1264991514238,1072.8,553.5
12184,14976,784.6812040354517,639.1264991514238,1072.8,553.5
12185,14977,784.6812040354517,639.1264991514238,1072.8,553.5
12186,14978,784.6812040354517,639.1264991514238,1072.8,553.5
12187,14979,784.6812040354517,639.1264991514238,1072.8,553.5
12188,14980,784.6812040354517,639.1264991514238,1072.8,553.5
12189,14981,784.6812040354517,639.1264991514238,1072.8,553.5
12190,14982,784.6812040354517,639.1264991514238,1072.8,553.5
12191,14983,784.6812040354517,639.1264991514238,1072.8,553.5
12192,14984,784.6812040354517,639.1264991514238,1072.8,553.5
12193,14985,784.6812040354517,639.1264991514238,1072.8,553.5
12194,14986,784.6812040354517,639.1264991514238,1072.8,553.5
12195,14987,784.6812040354517,639.1264991514238,1072.8,553.5
12196,14988,784.6812040354517,639.1264991514238,1072.8,553.5
12197,14989,784.6812040354517,639.1264991514238,1072.8,553.5
12198,14990,784.6812040354517,639.1264991514238,1072.8,553.5
12199,14991,784.6812040354517,639.1264991514238,1072.8,553.5
12200,14992,784.6812040354517,639.1264991514238,1072.8,553.5
12201,14993,784.6812040354517,639.1264991514238,1072.8,553.5
12202,14994,784.6812040354517,639.1264991514238,1072.8,553.5
12203,14995,784.6812040354517,639.1264991514238,1072.8,553.5
12204,14996,784.6812040354517,639.1264991514238,1072.8,553.5
12205,14997,784.6812040354517,639.1264991514238,1072.8,553.5
12206,14998,784.6812040354517,639.1264991514238,1072.8,553.5
12207,14999,784.6812040354517,639.1264991514238,1072.8,553.5
12208,15000,784.6812040354517,639.1264991514238,1072.8,553.5
12209,15001,784.6812040354517,639.1264991514238,1072.8,553.5
12210,15002,784.6812040354517,639.1264991514238,1072.8,553.5
12211,15003,784.6812040354517,639.1264991514238,1072.8,553.5
12212,15004,784.6812040354517,639.1264991514238,1072.8,553.5
12213,15005,784.6812040354517,639.1264991514238,1072.8,553.5
12214,15006,784.6812040354517,639.1264991514238,1072.8,553.5
12215,15007,784.6812040354517,639.1264991514238,1072.8,553.5
12216,15008,784.6812040354517,639.1264991514238,1072.8,553.5
12217,15009,784.6812040354517,639.1264991514238,1072.8,553.5
12218,15010,784.6812040354517,639.1264991514238,1072.8,553.5
12219,15011,784.6812040354517,639.1264991514238,1072.8,553.5
12220,15012,784.6812040354517,639.1264991514238,1072.8,553.5
12221,15013,784.6812040354517,639.1264991514238,1072.8,553.5
12222,15014,784.6812040354517,639.1264991514238,1072.8,553.5
12223,15015,784.6812040354517,639.1264991514238,1072.8,553.5
12224,15016,784.6812040354517,639.1264991514238,1072.8,553.5
12225,15017,784.6812040354517,639.1264991514238,1072.8,553.5
12226,15018,784.6812040354517,639.1264991514238,1072.8,553.5
12227,15019,784.6812040354517,639.1264991514238,1072.8,553.5
12228,15020,784.6812040354517,639.1264991514238,1072.8,553.5
12229,15021,784.6812040354517,639.1264991514238,1072.8,553.5
12230,15022,784.6812040354517,639.1264991514238,1072.8,553.5
12231,15023,784.6812040354517,639.1264991514238,1072.8,553.5
12232,15024,784.6812040354517,639.1264991514238,1072.8,553.5
12233,15025,784.6812040354517,639.1264991514238,1072.8,553.5
12234,15026,784.6812040354517,639.1264991514238,1072.8,553.5
12235,15027,784.6812040354517,639.1264991514238,1072.8,553.5
12236,15028,784.6812040354517,639.1264991514238,1072.8,553.5
12237,15029,784.6812040354517,639.1264991514238,1072.8,553.5
12238,15030,784.6812040354517,639.1264991514238,1072.8,553.5
12239,15031,784.6812040354517,639.1264991514238,1072.8,553.5
12240,15032,784.6812040354517,639.1264991514238,1072.8,553.5
12241,15033,784.6812040354517,639.1264991514238,1072.8,553.5
12242,15034,784.6812040354517,639.1264991514238,1072.8,553.5
12243,15035,784.6812040354517,639.1264991514238,1072.8,553.5
12244,15036,784.6812040354517,639.1264991514238,1072.8,553.5
12245,15037,784.6812040354517,639.1264991514238,1072.8,553.5
12246,15038,784.6812040354517,639.1264991514238,1072.8,553.5
12247,15039,784.6812040354517,639.1264991514238,1072.8,553.5
12248,15040,784.6812040354517,639.1264991514238,1072.8,553.5
12249,15041,784.6812040354517,639.1264991514238,1072.8,553.5
12250,15042,784.6812040354517,639.1264991514238,1072.8,553.5
12251,15043,784.6812040354517,639.1264991514238,1072.8,553.5
12252,15044,784.6812040354517,639.1264991514238,1072.8,553.5
12253,15045,784.6812040354517,639.1264991514238,1072.8,553.5
12254,15046,784.6812040354517,639.1264991514238,1072.8,553.5
12255,15047,784.6812040354517,639.1264991514238,1072.8,553.5
12256,15048,784.6812040354517,639.1264991514238,1072.8,553.5
12257,15049,784.6812040354517,639.1264991514238,1072.8,553.5
12258,15050,784.6812040354517,639.1264991514238,1072.8,553.5
12259,15051,784.6812040354517,639.1264991514238,1072.8,553.5
12260,15052,784.6812040354517,639.1264991514238,1072.8,553.5
12261,15053,784.6812040354517,639.1264991514238,1072.8,553.5
12262,15054,784.6812040354517,639.1264991514238,1072.8,553.5
12263,15055,784.6812040354517,639.1264991514238,1072.8,553.5
12264,15056,784.6812040354517,639.1264991514238,1072.8,553.5
12265,15057,784.6812040354517,639.1264991514238,1072.8,553.5
12266,15058,784.6812040354517,639.1264991514238,1072.8,553.5
12267,15059,784.6812040354517,639.1264991514238,1072.8,553.5
12268,15060,784.6812040354517,639.1264991514238,1072.8,553.5
12269,15061,784.6812040354517,639.1264991514238,1072.8,553.5
12270,15062,784.6812040354517,639.1264991514238,1072.8,553.5
12271,15063,784.6812040354517,639.1264991514238,1072.8,553.5
12272,15064,784.6812040354517,639.1264991514238,1072.8,553.5
12273,15065,784.6812040354517,639.1264991514238,1072.8,553.5
12274,15066,784.6812040354517,639.1264991514238,1072.8,553.5
12275,15067,784.6812040354517,639.1264991514238,1072.8,553.5
12276,15068,784.6812040354517,639.1264991514238,1072.8,553.5
12277,15069,784.6812040354517,639.1264991514238,1072.8,553.5
12278,15070,784.6812040354517,639.1264991514238,1072.8,553.5
12279,15071,784.6812040354517,639.1264991514238,1072.8,553.5
12280,15072,835.6812040354517,642.1264991514238,1072.8,553.5
12281,15073,835.6812040354517,642.1264991514238,1072.8,553.5
12282,15074,835.6812040354517,642.1264991514238,1072.8,553.5
12283,15075,835.6812040354517,642.1264991514238,1072.8,553.5
12284,15076,835.6812040354517,642.1264991514238,1072.8,553.5
12285,15077,835.6812040354517,642.1264991514238,1072.8,553.5
12286,15078,835.6812040354517,642.1264991514238,1072.8,553.5
12287,15079,835.6812040354517,642.1264991514238,1072.8,553.5
12288,15080,835.6812040354517,642.1264991514238,1072.8,553.5
12289,15081,835.6812040354517,642.1264991514238,1072.8,553.5
12290,15082,835.6812040354517,642.1264991514238,1072.8,553.5
12291,15083,835.6812040354517,642.1264991514238,1072.8,553.5
12292,15084,835.6812040354517,642.1264991514238,1072.8,553.5
12293,15085,835.6812040354517,642.1264991514238,1072.8,553.5
12294,15086,835.6812040354517,642.1264991514238,1072.8,553.5
12295,15087,835.6812040354517,642.1264991514238,1065.48125,554.15625
12296,15088,835.6812040354517,642.1264991514238,1058.1625,554.8125
12297,15089,835.6812040354517,642.1264991514238,1050.84375,555.46875
12298,15090,835.6812040354517,642.1264991514238,1043.525,556.125
12299,15091,835.6812040354517,642.1264991514238,1036.20625,556.78125
12300,15092,835.6812040354517,642.1264991514238,1028.8875,557.4375
12301,15093,835.6812040354517,642.1264991514238,1021.56875,558.09375
12302,15094,835.6812040354517,642.1264991514238,1014.25,558.75
12303,15095,835.6812040354517,642.1264991514238,1006.93125,559.40625
12304,15096,835.6812040354517,642.1264991514238,999.6125,560.0625
12305,15097,835.6812040354517,642.1264991514238,992.29375,560.71875
12306,15098,835.6812040354517,642.1264991514238,984.975,561.375
12307,15099,835.6812040354517,642.1264991514238,977.65625,562.03125
12308,15100,835.6812040354517,642.1264991514238,970.3375000000001,562.6875
12309,15101,835.6812040354517,642.1264991514238,963.0187500000001,563.34375
12310,15102,835.6812040354517,642.1264991514238,955.7,564.0
12311,15103,835.6812040354517,642.1264991514238,955.7,564.0
12312,15104,835.6812040354517,642.1264991514238,955.7,564.0
12313,15105,885.6812040354517,644.1264991514238,955.7,564.0
12314,15106,885.6812040354517,644.1264991514238,955.7,564.0
12315,15107,885.6812040354517,644.1264991514238,955.7,564.0
12316,15108,885.6812040354517,644.1264991514238,955.7,564.0
12317,15109,885.6812040354517,644.1264991514238,955.7,564.0
12318,15110,885.6812040354517,644.1264991514238,955.7,564.0
12319,15110,885.6812040354517,644.1264991514238,955.7,564.0
12320,15110,885.6812040354517,644.1264991514238,955.7,564.0
12321,15110,885.6812040354517,644.1264991514238,955.7,564.0
12322,15110,885.6812040354517,644.1264991514238,955.7,564.0
12323,15110,885.6812040354517,644.1264991514238,955.7,564.0
12324,15110,885.6812040354517,644.1264991514238,955.7,564.0
12325,15110,885.6812040354517,644.1264991514238,955.7,564.0
12326,15110,885.6812040354517,644.1264991514238,955.7,564.0
12327,15110,885.6812040354517,644.1264991514238,955.7,564.0
12328,15110,885.6812040354517,644.1264991514238,955.7,564.0
12329,15110,885.6812040354517,644.1264991514238,955.7,564.0
12330,15110,885.6812040354517,644.1264991514238,955.7,564.0
12331,15110,885.6812040354517,644.1264991514238,955.7,564.0
12332,15110,885.6812040354517,644.1264991514238,955.7,564.0
12333,15110,885.6812040354517,644.1264991514238,955.7,564.0
12334,15110,885.6812040354517,644.1264991514238,955.7,564.0
12335,15110,885.6812040354517,644.1264991514238,955.7,564.0
12336,15110,885.6812040354517,644.1264991514238,955.7,564.0
12337,15110,885.6812040354517,644.1264991514238,955.7,564.0
12338,15110,885.6812040354517,644.1264991514238,955.7,564.0
12339,15110,885.6812040354517,644.1264991514238,955.7,564.0
12340,15110,885.6812040354517,644.1264991514238,955.7,564.0
12341,15110,885.6812040354517,644.1264991514238,955.7,564.0
12342,15110,885.6812040354517,644.1264991514238,955.7,564.0
12343,15110,885.6812040354517,644.1264991514238,955.7,564.0
12344,15110,885.6812040354517,644.1264991514238,955.7,564.0
12345,15110,885.6812040354517,644.1264991514238,955.7,564.0
12346,15110,885.6812040354517,644.1264991514238,955.7,564.0
12347,15110,885.6812040354517,644.1264991514238,955.7,564.0
12348,15110,885.6812040354517,644.1264991514238,955.7,564.0
12349,15110,885.6812040354517,644.1264991514238,955.7,564.0
12350,15110,885.6812040354517,644.1264991514238,955.7,564.0
12351,15110,885.6812040354517,644.1264991514238,955.7,564.0
12352,15110,885.6812040354517,644.1264991514238,955.7,564.0
12353,15110,885.6812040354517,644.1264991514238,955.7,564.0
12354,15110,885.6812040354517,644.1264991514238,955.7,564.0
12355,15110,885.6812040354517,644.1264991514238,955.7,564.0
12356,15110,885.6812040354517,644.1264991514238,955.7,564.0
12357,15110,885.6812040354517,644.1264991514238,955.7,564.0
12358,15110,885.6812040354517,644.1264991514238,955.7,564.0
12359,15110,885.6812040354517,644.1264991514238,955.7,564.0
12360,15110,885.6812040354517,644.1264991514238,955.7,564.0
12361,15110,885.6812040354517,644.1264991514238,955.7,564.0
12362,15110,885.6812040354517,644.1264991514238,955.7,564.0
12363,15110,885.6812040354517,644.1264991514238,955.7,564.0
12364,15110,885.6812040354517,644.1264991514238,955.7,564.0
12365,15110,885.6812040354517,644.1264991514238,955.7,564.0
12366,15110,885.6812040354517,644.1264991514238,955.7,564.0
12367,15110,885.6812040354517,644.1264991514238,955.7,564.0
12368,15110,885.6812040354517,644.1264991514238,955.7,564.0
12369,15110,885.6812040354517,644.1264991514238,955.7,564.0
12370,15110,885.6812040354517,644.1264991514238,955.7,564.0
12371,15110,885.6812040354517,644.1264991514238,955.7,564.0
12372,15110,885.6812040354517,644.1264991514238,955.7,564.0
12373,15110,885.6812040354517,644.1264991514238,955.7,564.0
12374,15110,885.6812040354517,644.1264991514238,955.7,564.0
12375,15110,885.6812040354517,644.1264991514238,955.7,564.0
12376,15110,885.6812040354517,644.1264991514238,955.7,564.0
12377,15110,885.6812040354517,644.1264991514238,955.7,564.0
12378,15110,885.6812040354517,644.1264991514238,955.7,564.0
12379,15110,885.6812040354517,644.1264991514238,955.7,564.0
12380,15110,885.6812040354517,644.1264991514238,955.7,564.0
12381,15110,885.6812040354517,644.1264991514238,955.7,564.0
12382,15110,885.6812040354517,644.1264991514238,955.7,564.0
12383,15110,885.6812040354517,644.1264991514238,955.7,564.0
12384,15110,885.6812040354517,644.1264991514238,955.7,564.0
12385,15110,885.6812040354517,644.1264991514238,955.7,564.0
12386,15110,885.6812040354517,644.1264991514238,955.7,564.0
12387,15110,885.6812040354517,644.1264991514238,955.7,564.0
12388,15110,885.6812040354517,644.1264991514238,955.7,564.0
12389,15110,885.6812040354517,644.1264991514238,955.7,564.0
12390,15110,885.6812040354517,644.1264991514238,955.7,564.0
12391,15110,885.6812040354517,644.1264991514238,955.7,564.0
12392,15110,885.6812040354517,644.1264991514238,955.7,564.0
12393,15110,885.6812040354517,644.1264991514238,955.7,564.0
12394,15110,885.6812040354517,644.1264991514238,955.7,564.0
12395,15110,885.6812040354517,644.1264991514238,955.7,564.0
12396,15110,885.6812040354517,644.1264991514238,955.7,564.0
12397,15110,885.6812040354517,644.1264991514238,955.7,564.0
12398,15110,885.6812040354517,644.1264991514238,955.7,564.0
12399,15110,885.6812040354517,644.1264991514238,955.7,564.0
12400,15110,885.6812040354517,644.1264991514238,955.7,564.0
12401,15110,885.6812040354517,644.1264991514238,955.7,564.0
12402,15110,885.6812040354517,644.1264991514238,955.7,564.0
12403,15110,885.6812040354517,644.1264991514238,955.7,564.0
12404,15110,885.6812040354517,644.1264991514238,955.7,564.0
12405,15110,885.6812040354517,644.1264991514238,955.7,564.0
12406,15110,885.6812040354517,644.1264991514238,955.7,564.0
12407,15110,885.6812040354517,644.1264991514238,955.7,564.0
12408,15110,885.6812040354517,644.1264991514238,955.7,564.0
12409,15110,885.6812040354517,644.1264991514238,955.7,564.0
12410,15110,885.6812040354517,644.1264991514238,955.7,564.0
12411,15110,885.6812040354517,644.1264991514238,955.7,564.0
12412,15110,885.6812040354517,644.1264991514238,955.7,564.0
12413,15110,885.6812040354517,644.1264991514238,955.7,564.0
12414,15110,885.6812040354517,644.1264991514238,955.7,564.0
12415,15110,885.6812040354517,644.1264991514238,955.7,564.0
12416,15110,885.6812040354517,644.1264991514238,955.7,564.0
12417,15110,885.6812040354517,644.1264991514238,955.7,564.0
12418,15110,885.6812040354517,644.1264991514238,955.7,564.0
12419,15110,885.6812040354517,644.1264991514238,955.7,564.0
12420,15110,885.6812040354517,644.1264991514238,955.7,564.0
12421,15110,885.6812040354517,644.1264991514238,955.7,564.0
12422,15110,885.6812040354517,644.1264991514238,955.7,564.0
12423,15110,885.6812040354517,644.1264991514238,955.7,564.0
12424,15110,885.6812040354517,644.1264991514238,955.7,564.0
12425,15110,885.6812040354517,644.1264991514238,955.7,564.0
12426,15110,885.6812040354517,644.1264991514238,955.7,564.0
12427,15110,885.6812040354517,644.1264991514238,955.7,564.0
12428,15110,885.6812040354517,644.1264991514238,955.7,564.0
12429,15110,885.6812040354517,644.1264991514238,955.7,564.0
12430,15110,885.6812040354517,644.1264991514238,955.7,564.0
12431,15110,885.6812040354517,644.1264991514238,955.7,564.0
12432,15110,885.6812040354517,644.1264991514238,955.7,564.0
12433,15110,885.6812040354517,644.1264991514238,955.7,564.0
12434,15110,885.6812040354517,644.1264991514238,955.7,564.0
12435,15110,885.6812040354517,644.1264991514238,955.7,564.0
12436,15110,885.6812040354517,644.1264991514238,955.7,564.0
12437,15110,885.6812040354517,644.1264991514238,955.7,564.0
12438,15110,885.6812040354517,644.1264991514238,955.7,564.0
12439,15110,885.6812040354517,644.1264991514238,955.7,564.0
12440,15110,885.6812040354517,644.1264991514238,955.7,564.0
12441,15110,885.6812040354517,644.1264991514238,955.7,564.0
12442,15110,885.6812040354517,644.1264991514238,955.7,564.0
12443,15110,885.6812040354517,644.1264991514238,955.7,564.0
12444,15110,885.6812040354517,644.1264991514238,955.7,564.0
12445,15110,885.6812040354517,644.1264991514238,955.7,564.0
12446,15110,885.6812040354517,644.1264991514238,955.7,564.0
12447,15110,806.6812040354517,691.1264991514238,955.7,564.0
12448,15110,806.6812040354517,691.1264991514238,955.7,564.0
12449,15110,806.6812040354517,691.1264991514238,955.7,564.0
12450,15110,806.6812040354517,691.1264991514238,955.7,564.0
12451,15110,806.6812040354517,691.1264991514238,955.7,564.0
12452,15110,806.6812040354517,691.1264991514238,955.7,564.0
12453,15110,806.6812040354517,691.1264991514238,955.7,564.0
12454,15110,806.6812040354517,691.1264991514238,955.7,564.0
12455,15110,806.6812040354517,691.1264991514238,955.7,564.0
12456,15110,806.6812040354517,691.1264991514238,955.7,564.0
12457,15110,806.6812040354517,691.1264991514238,955.7,564.0
12458,15110,806.6812040354517,691.1264991514238,955.7,564.0
12459,15110,806.6812040354517,691.1264991514238,955.7,564.0
12460,15110,806.6812040354517,691.1264991514238,955.7,564.0
12461,15110,806.6812040354517,691.1264991514238,955.7,564.0
12462,15110,806.6812040354517,691.1264991514238,955.7,564.0
12463,15110,806.6812040354517,691.1264991514238,955.7,564.0
12464,15110,806.6812040354517,691.1264991514238,955.7,564.0
12465,15110,806.6812040354517,691.1264991514238,955.7,564.0
12466,15110,806.6812040354517,691.1264991514238,955.7,564.0
12467,15110,806.6812040354517,691.1264991514238,955.7,564.0
12468,15110,806.6812040354517,691.1264991514238,955.7,564.0
12469,15110,806.6812040354517,691.1264991514238,955.7,564.0
12470,15110,806.6812040354517,691.1264991514238,955.7,564.0
12471,15110,806.6812040354517,691.1264991514238,955.7,564.0
12472,15110,806.6812040354517,691.1264991514238,955.7,564.0
12473,15110,806.6812040354517,691.1264991514238,955.7,564.0
12474,15110,806.6812040354517,691.1264991514238,955.7,564.0
12475,15110,806.6812040354517,691.1264991514238,955.7,564.0
12476,15110,806.6812040354517,691.1264991514238,955.7,564.0
12477,15110,806.6812040354517,691.1264991514238,955.7,564.0
12478,15110,806.6812040354517,691.1264991514238,955.7,564.0
12479,15110,806.6812040354517,691.1264991514238,955.7,564.0
12480,15110,726.6812040354517,737.1264991514238,955.7,564.0
12481,15110,726.6812040354517,737.1264991514238,955.7,564.0
12482,15110,726.6812040354517,737.1264991514238,955.7,564.0
12483,15110,726.6812040354517,737.1264991514238,955.7,564.0
12484,15110,726.6812040354517,737.1264991514238,955.7,564.0
12485,15110,726.6812040354517,737.1264991514238,955.7,564.0
12486,15110,726.6812040354517,737.1264991514238,955.7,564.0
12487,15110,726.6812040354517,737.1264991514238,955.7,564.0
12488,15110,726.6812040354517,737.1264991514238,955.7,564.0
12489,15110,726.6812040354517,737.1264991514238,955.7,564.0
12490,15110,726.6812040354517,737.1264991514238,955.7,564.0
12491,15110,726.6812040354517,737.1264991514238,955.7,564.0
12492,15110,726.6812040354517,737.1264991514238,955.7,564.0
12493,15110,726.6812040354517,737.1264991514238,955.7,564.0
12494,15110,726.6812040354517,737.1264991514238,955.7,564.0
12495,15110,726.6812040354517,737.1264991514238,955.7,564.0
12496,15110,726.6812040354517,737.1264991514238,955.7,564.0
12497,15110,726.6812040354517,737.1264991514238,955.7,564.0
12498,15110,726.6812040354517,737.1264991514238,955.7,564.0
12499,15110,726.6812040354517,737.1264991514238,955.7,564.0
12500,15110,726.6812040354517,737.1264991514238,955.7,564.0
12501,15110,726.6812040354517,737.1264991514238,955.7,564.0
12502,15110,726.6812040354517,737.1264991514238,955.7,564.0
12503,15110,726.6812040354517,737.1264991514238,955.7,564.0
12504,15110,726.6812040354517,737.1264991514238,955.7,564.0
12505,15110,726.6812040354517,737.1264991514238,955.7,564.0
12506,15110,726.6812040354517,737.1264991514238,955.7,564.0
12507,15110,726.6812040354517,737.1264991514238,955.7,564.0
12508,15110,726.6812040354517,737.1264991514238,955.7,564.0
12509,15110,726.6812040354517,737.1264991514238,955.7,564.0
12510,15110,726.6812040354517,737.1264991514238,955.7,564.0
12511,15110,726.6812040354517,737.1264991514238,955.7,564.0
12512,15110,726.6812040354517,737.1264991514238,955.7,564.0
12513,15110,726.6812040354517,737.1264991514238,955.7,564.0
12514,15110,726.6812040354517,737.1264991514238,955.7,564.0
12515,15110,726.6812040354517,737.1264991514238,955.7,564.0
12516,15110,726.6812040354517,737.1264991514238,955.7,564.0
12517,15110,726.6812040354517,737.1264991514238,955.7,564.0
12518,15110,726.6812040354517,737.1264991514238,955.7,564.0
12519,15110,726.6812040354517,737.1264991514238,955.7,564.0
12520,15110,726.6812040354517,737.1264991514238,955.7,564.0
12521,15110,726.6812040354517,737.1264991514238,955.7,564.0
12522,15110,726.6812040354517,737.1264991514238,955.7,564.0
12523,15110,726.6812040354517,737.1264991514238,955.7,564.0
12524,15110,726.6812040354517,737.1264991514238,955.7,564.0
12525,15110,726.6812040354517,737.1264991514238,955.7,564.0
12526,15110,726.6812040354517,737.1264991514238,955.7,564.0
12527,15110,726.6812040354517,737.1264991514238,955.7,564.0
12528,15110,726.6812040354517,737.1264991514238,955.7,564.0
12529,15110,726.6812040354517,737.1264991514238,955.7,564.0
12530,15110,726.6812040354517,737.1264991514238,955.7,564.0
12531,15110,726.6812040354517,737.1264991514238,955.7,564.0
12532,15110,726.6812040354517,737.1264991514238,955.7,564.0
12533,15110,726.6812040354517,737.1264991514238,955.7,564.0
12534,15110,726.6812040354517,737.1264991514238,955.7,564.0
12535,15110,726.6812040354517,737.1264991514238,955.7,564.0
12536,15110,726.6812040354517,737.1264991514238,955.7,564.0
12537,15110,726.6812040354517,737.1264991514238,955.7,564.0
12538,15110,726.6812040354517,737.1264991514238,955.7,564.0
12539,15110,726.6812040354517,737.1264991514238,955.7,564.0
12540,15110,726.6812040354517,737.1264991514238,955.7,564.0
12541,15110,726.6812040354517,737.1264991514238,955.7,564.0
12542,15110,726.6812040354517,737.1264991514238,955.7,564.0
12543,15110,726.6812040354517,737.1264991514238,955.7,564.0
12544,15110,726.6812040354517,737.1264991514238,955.7,564.0
12545,15110,726.6812040354517,737.1264991514238,955.7,564.0
12546,15110,726.6812040354517,737.1264991514238,955.7,564.0
12547,15110,726.6812040354517,737.1264991514238,955.7,564.0
12548,15110,726.6812040354517,737.1264991514238,955.7,564.0
12549,15110,726.6812040354517,737.1264991514238,955.7,564.0
12550,15110,726.6812040354517,737.1264991514238,955.7,564.0
12551,15110,726.6812040354517,737.1264991514238,955.7,564.0
12552,15110,726.6812040354517,737.1264991514238,955.7,564.0
12553,15110,726.6812040354517,737.1264991514238,955.7,564.0
12554,15110,726.6812040354517,737.1264991514238,955.7,564.0
12555,15110,726.6812040354517,737.1264991514238,955.7,564.0
12556,15110,726.6812040354517,737.1264991514238,955.7,564.0
12557,15110,726.6812040354517,737.1264991514238,955.7,564.0
12558,15110,726.6812040354517,737.1264991514238,955.7,564.0
12559,15110,726.6812040354517,737.1264991514238,955.7,564.0
12560,15110,726.6812040354517,737.1264991514238,955.7,564.0
12561,15110,726.6812040354517,737.1264991514238,955.7,564.0
12562,15110,726.6812040354517,737.1264991514238,955.7,564.0
12563,15110,726.6812040354517,737.1264991514238,955.7,564.0
12564,15110,726.6812040354517,737.1264991514238,955.7,564.0
12565,15110,726.6812040354517,737.1264991514238,955.7,564.0
12566,15110,726.6812040354517,737.1264991514238,955.7,564.0
12567,15110,726.6812040354517,737.1264991514238,955.7,564.0
12568,15110,726.6812040354517,737.1264991514238,955.7,564.0
12569,15110,726.6812040354517,737.1264991514238,955.7,564.0
12570,15110,726.6812040354517,737.1264991514238,955.7,564.0
12571,15110,726.6812040354517,737.1264991514238,955.7,564.0
12572,15110,726.6812040354517,737.1264991514238,955.7,564.0
12573,15110,726.6812040354517,737.1264991514238,955.7,564.0
12574,15110,726.6812040354517,737.1264991514238,955.7,564.0
12575,15110,726.6812040354517,737.1264991514238,955.7,564.0
12576,15110,726.6812040354517,737.1264991514238,955.7,564.0
12577,15110,726.6812040354517,737.1264991514238,955.7,564.0
12578,15110,726.6812040354517,737.1264991514238,955.7,564.0
12579,15110,726.6812040354517,737.1264991514238,955.7,564.0
12580,15110,726.6812040354517,737.1264991514238,955.7,564.0
12581,15110,726.6812040354517,737.1264991514238,955.7,564.0
12582,15110,726.6812040354517,737.1264991514238,955.7,564.0
12583,15110,726.6812040354517,737.1264991514238,955.7,564.0
12584,15110,726.6812040354517,737.1264991514238,955.7,564.0
12585,15110,726.6812040354517,737.1264991514238,955.7,564.0
12586,15110,726.6812040354517,737.1264991514238,955.7,564.0
12587,15110,726.6812040354517,737.1264991514238,955.7,564.0
12588,15110,726.6812040354517,737.1264991514238,955.7,564.0
12589,15110,726.6812040354517,737.1264991514238,955.7,564.0
12590,15110,726.6812040354517,737.1264991514238,955.7,564.0
12591,15110,726.6812040354517,737.1264991514238,955.7,564.0
12592,15110,726.6812040354517,737.1264991514238,955.7,564.0
12593,15110,726.6812040354517,737.1264991514238,955.7,564.0
12594,15110,726.6812040354517,737.1264991514238,955.7,564.0
12595,15110,726.6812040354517,737.1264991514238,955.7,564.0
12596,15110,726.6812040354517,737.1264991514238,955.7,564.0
12597,15110,726.6812040354517,737.1264991514238,955.7,564.0
12598,15110,726.6812040354517,737.1264991514238,955.7,564.0
12599,15110,726.6812040354517,737.1264991514238,955.7,564.0
12600,15110,726.6812040354517,737.1264991514238,955.7,564.0
12601,15110,726.6812040354517,737.1264991514238,955.7,564.0
12602,15110,726.6812040354517,737.1264991514238,955.7,564.0
12603,15110,726.6812040354517,737.1264991514238,955.7,564.0
12604,15110,726.6812040354517,737.1264991514238,955.7,564.0
12605,15110,726.6812040354517,737.1264991514238,955.7,564.0
12606,15110,726.6812040354517,737.1264991514238,955.7,564.0
12607,15110,726.6812040354517,737.1264991514238,955.7,564.0
12608,15110,726.6812040354517,737.1264991514238,955.7,564.0
12609,15110,726.6812040354517,737.1264991514238,955.7,564.0
12610,15110,726.6812040354517,737.1264991514238,955.7,564.0
12611,15110,726.6812040354517,737.1264991514238,955.7,564.0
12612,15110,726.6812040354517,737.1264991514238,955.7,564.0
12613,15110,726.6812040354517,737.1264991514238,955.7,564.0
12614,15110,726.6812040354517,737.1264991514238,955.7,564.0
12615,15110,726.6812040354517,737.1264991514238,955.7,564.0
12616,15110,726.6812040354517,737.1264991514238,955.7,564.0
12617,15110,726.6812040354517,737.1264991514238,955.7,564.0
12618,15110,726.6812040354517,737.1264991514238,955.7,564.0
12619,15110,726.6812040354517,737.1264991514238,955.7,564.0
12620,15110,726.6812040354517,737.1264991514238,955.7,564.0
12621,15110,726.6812040354517,737.1264991514238,955.7,564.0
12622,15110,726.6812040354517,737.1264991514238,955.7,564.0
12623,15110,726.6812040354517,737.1264991514238,955.7,564.0
12624,15110,726.6812040354517,737.1264991514238,955.7,564.0
12625,15110,726.6812040354517,737.1264991514238,955.7,564.0
12626,15110,726.6812040354517,737.1264991514238,955.7,564.0
12627,15110,726.6812040354517,737.1264991514238,955.7,564.0
12628,15110,726.6812040354517,737.1264991514238,955.7,564.0
12629,15110,726.6812040354517,737.1264991514238,955.7,564.0
12630,15110,726.6812040354517,737.1264991514238,955.7,564.0
12631,15110,726.6812040354517,737.1264991514238,955.7,564.0
12632,15110,726.6812040354517,737.1264991514238,955.7,564.0
12633,15110,726.6812040354517,737.1264991514238,955.7,564.0
12634,15110,726.6812040354517,737.1264991514238,955.7,564.0
12635,15110,726.6812040354517,737.1264991514238,955.7,564.0
12636,15110,726.6812040354517,737.1264991514238,955.7,564.0
12637,15110,726.6812040354517,737.1264991514238,955.7,564.0
12638,15110,726.6812040354517,737.1264991514238,955.7,564.0
12639,15110,726.6812040354517,737.1264991514238,955.7,564.0
12640,15110,726.6812040354517,737.1264991514238,955.7,564.0
12641,15110,726.6812040354517,737.1264991514238,955.7,564.0
12642,15110,726.6812040354517,737.1264991514238,955.7,564.0
12643,15110,726.6812040354517,737.1264991514238,955.7,564.0
12644,15110,726.6812040354517,737.1264991514238,955.7,564.0
12645,15110,726.6812040354517,737.1264991514238,955.7,564.0
12646,15110,726.6812040354517,737.1264991514238,955.7,564.0
12647,15110,726.6812040354517,737.1264991514238,955.7,564.0
12648,15110,726.6812040354517,737.1264991514238,955.7,564.0
12649,15110,726.6812040354517,737.1264991514238,955.7,564.0
12650,15110,726.6812040354517,737.1264991514238,955.7,564.0
12651,15110,726.6812040354517,737.1264991514238,955.7,564.0
12652,15110,726.6812040354517,737.1264991514238,955.7,564.0
12653,15110,726.6812040354517,737.1264991514238,955.7,564.0
12654,15110,726.6812040354517,737.1264991514238,955.7,564.0
12655,15110,726.6812040354517,737.1264991514238,955.7,564.0
12656,15110,726.6812040354517,737.1264991514238,955.7,564.0
12657,15110,726.6812040354517,737.1264991514238,955.7,564.0
12658,15110,726.6812040354517,737.1264991514238,955.7,564.0
12659,15110,726.6812040354517,737.1264991514238,955.7,564.0
12660,15110,726.6812040354517,737.1264991514238,955.7,564.0
12661,15110,726.6812040354517,737.1264991514238,955.7,564.0
12662,15110,726.6812040354517,737.1264991514238,955.7,564.0
12663,15110,726.6812040354517,737.1264991514238,955.7,564.0
12664,15110,726.6812040354517,737.1264991514238,955.7,564.0
12665,15110,726.6812040354517,737.1264991514238,955.7,564.0
12666,15110,726.6812040354517,737.1264991514238,955.7,564.0
12667,15110,726.6812040354517,737.1264991514238,955.7,564.0
12668,15110,726.6812040354517,737.1264991514238,955.7,564.0
12669,15110,726.6812040354517,737.1264991514238,955.7,564.0
12670,15110,726.6812040354517,737.1264991514238,955.7,564.0
12671,15110,726.6812040354517,737.1264991514238,955.7,564.0
12672,15110,726.6812040354517,737.1264991514238,955.7,564.0
12673,15110,726.6812040354517,737.1264991514238,955.7,564.0
12674,15110,726.6812040354517,737.1264991514238,955.7,564.0
12675,15110,726.6812040354517,737.1264991514238,955.7,564.0
12676,15110,726.6812040354517,737.1264991514238,955.7,564.0
12677,15110,726.6812040354517,737.1264991514238,955.7,564.0
12678,15110,726.6812040354517,737.1264991514238,955.7,564.0
12679,15110,726.6812040354517,737.1264991514238,955.7,564.0
12680,15110,883.6812040354517,729.1264991514238,955.7,564.0
12681,15110,883.6812040354517,729.1264991514238,955.7,564.0
12682,15110,883.6812040354517,729.1264991514238,955.7,564.0
12683,15110,883.6812040354517,729.1264991514238,955.7,564.0
12684,15110,883.6812040354517,729.1264991514238,955.7,564.0
12685,15110,883.6812040354517,729.1264991514238,955.7,564.0
12686,15110,883.6812040354517,729.1264991514238,955.7,564.0
12687,15110,883.6812040354517,729.1264991514238,955.7,564.0
12688,15110,883.6812040354517,729.1264991514238,955.7,564.0
12689,15110,883.6812040354517,729.1264991514238,955.7,564.0
12690,15110,883.6812040354517,729.1264991514238,955.7,564.0
12691,15110,883.6812040354517,729.1264991514238,955.7,564.0
12692,15110,883.6812040354517,729.1264991514238,955.7,564.0
12693,15110,883.6812040354517,729.1264991514238,955.7,564.0
12694,15110,883.6812040354517,729.1264991514238,955.7,564.0
12695,15110,883.6812040354517,729.1264991514238,955.7,564.0
12696,15110,883.6812040354517,729.1264991514238,955.7,564.0
12697,15110,883.6812040354517,729.1264991514238,955.7,564.0
12698,15110,883.6812040354517,729.1264991514238,955.7,564.0
12699,15110,883.6812040354517,729.1264991514238,955.7,564.0
12700,15110,883.6812040354517,729.1264991514238,955.7,564.0
12701,15110,883.6812040354517,729.1264991514238,955.7,564.0
12702,15110,883.6812040354517,729.1264991514238,955.7,564.0
12703,15110,883.6812040354517,729.1264991514238,955.7,564.0
12704,15110,883.6812040354517,729.1264991514238,955.7,564.0
12705,15110,883.6812040354517,729.1264991514238,955.7,564.0
12706,15110,883.6812040354517,729.1264991514238,955.7,564.0
12707,15110,883.6812040354517,729.1264991514238,955.7,564.0
12708,15110,883.6812040354517,729.1264991514238,955.7,564.0
12709,15110,883.6812040354517,729.1264991514238,955.7,564.0
12710,15110,883.6812040354517,729.1264991514238,955.7,564.0
12711,15110,883.6812040354517,729.1264991514238,955.7,564.0
12712,15110,883.6812040354517,729.1264991514238,955.7,564.0
12713,15110,883.6812040354517,729.1264991514238,955.7,564.0
12714,15110,883.6812040354517,729.1264991514238,955.7,564.0
12715,15110,883.6812040354517,729.1264991514238,955.7,564.0
12716,15110,883.6812040354517,729.1264991514238,955.7,564.0
12717,15110,883.6812040354517,729.1264991514238,955.7,564.0
12718,15110,883.6812040354517,729.1264991514238,955.7,564.0
12719,15110,883.6812040354517,729.1264991514238,955.7,564.0
12720,15110,883.6812040354517,729.1264991514238,955.7,564.0
12721,15110,883.6812040354517,729.1264991514238,955.7,564.0
12722,15110,883.6812040354517,729.1264991514238,955.7,564.0
12723,15110,883.6812040354517,729.1264991514238,955.7,564.0
12724,15110,883.6812040354517,729.1264991514238,955.7,564.0
12725,15110,883.6812040354517,729.1264991514238,955.7,564.0
12726,15110,883.6812040354517,729.1264991514238,955.7,564.0
12727,15110,883.6812040354517,729.1264991514238,955.7,564.0
12728,15110,883.6812040354517,729.1264991514238,955.7,564.0
12729,15110,883.6812040354517,729.1264991514238,955.7,564.0
12730,15110,883.6812040354517,729.1264991514238,955.7,564.0
12731,15110,883.6812040354517,729.1264991514238,955.7,564.0
12732,15110,883.6812040354517,729.1264991514238,955.7,564.0
12733,15110,883.6812040354517,729.1264991514238,955.7,564.0
12734,15110,883.6812040354517,729.1264991514238,955.7,564.0
12735,15110,883.6812040354517,729.1264991514238,955.7,564.0
12736,15110,883.6812040354517,729.1264991514238,955.7,564.0
12737,15110,883.6812040354517,729.1264991514238,955.7,564.0
12738,15110,883.6812040354517,729.1264991514238,955.7,564.0
12739,15110,883.6812040354517,729.1264991514238,955.7,564.0
12740,15110,883.6812040354517,729.1264991514238,955.7,564.0
12741,15110,883.6812040354517,729.1264991514238,955.7,564.0
12742,15110,883.6812040354517,729.1264991514238,955.7,564.0
12743,15110,883.6812040354517,729.1264991514238,955.7,564.0
12744,15110,883.6812040354517,729.1264991514238,955.7,564.0
12745,15110,883.6812040354517,729.1264991514238,955.7,564.0
12746,15110,883.6812040354517,729.1264991514238,955.7,564.0
12747,15110,883.6812040354517,729.1264991514238,955.7,564.0
12748,15110,883.6812040354517,729.1264991514238,955.7,564.0
12749,15110,883.6812040354517,729.1264991514238,955.7,564.0
12750,15110,883.6812040354517,729.1264991514238,955.7,564.0
12751,15110,883.6812040354517,729.1264991514238,955.7,564.0
12752,15110,883.6812040354517,729.1264991514238,955.7,564.0
12753,15110,883.6812040354517,729.1264991514238,955.7,564.0
12754,15110,883.6812040354517,729.1264991514238,955.7,564.0
12755,15110,883.6812040354517,729.1264991514238,955.7,564.0
12756,15110,883.6812040354517,729.1264991514238,955.7,564.0
12757,15110,883.6812040354517,729.1264991514238,955.7,564.0
12758,15110,883.6812040354517,729.1264991514238,955.7,564.0
12759,15110,883.6812040354517,729.1264991514238,955.7,564.0
12760,15110,883.6812040354517,729.1264991514238,955.7,564.0
12761,15110,883.6812040354517,729.1264991514238,955.7,564.0
12762,15110,883.6812040354517,729.1264991514238,955.7,564.0
12763,15110,883.6812040354517,729.1264991514238,955.7,564.0
12764,15110,883.6812040354517,729.1264991514238,955.7,564.0
12765,15110,883.6812040354517,729.1264991514238,955.7,564.0
12766,15110,883.6812040354517,729.1264991514238,955.7,564.0
12767,15110,883.6812040354517,729.1264991514238,955.7,564.0
12768,15110,883.6812040354517,729.1264991514238,955.7,564.0
12769,15110,883.6812040354517,729.1264991514238,955.7,564.0
12770,15110,883.6812040354517,729.1264991514238,955.7,564.0
12771,15110,883.6812040354517,729.1264991514238,955.7,564.0
12772,15110,883.6812040354517,729.1264991514238,955.7,564.0
12773,15110,883.6812040354517,729.1264991514238,955.7,564.0
12774,15110,883.6812040354517,729.1264991514238,955.7,564.0
12775,15110,883.6812040354517,729.1264991514238,955.7,564.0
12776,15110,883.6812040354517,729.1264991514238,955.7,564.0
12777,15110,883.6812040354517,729.1264991514238,955.7,564.0
12778,15110,883.6812040354517,729.1264991514238,955.7,564.0
12779,15110,883.6812040354517,729.1264991514238,955.7,564.0
12780,15110,883.6812040354517,729.1264991514238,955.7,564.0
12781,15110,883.6812040354517,729.1264991514238,955.7,564.0
12782,15110,883.6812040354517,729.1264991514238,955.7,564.0
12783,15110,883.6812040354517,729.1264991514238,955.7,564.0
12784,15110,883.6812040354517,729.1264991514238,955.7,564.0
12785,15110,883.6812040354517,729.1264991514238,955.7,564.0
12786,15110,883.6812040354517,729.1264991514238,955.7,564.0
12787,15110,883.6812040354517,729.1264991514238,955.7,564.0
12788,15110,883.6812040354517,729.1264991514238,955.7,564.0
12789,15110,883.6812040354517,729.1264991514238,955.7,564.0
12790,15110,883.6812040354517,729.1264991514238,955.7,564.0
12791,15110,883.6812040354517,729.1264991514238,955.7,564.0
12792,15110,883.6812040354517,729.1264991514238,955.7,564.0
12793,15110,883.6812040354517,729.1264991514238,955.7,564.0
12794,15110,883.6812040354517,729.1264991514238,955.7,564.0
12795,15110,883.6812040354517,729.1264991514238,955.7,564.0
12796,15110,883.6812040354517,729.1264991514238,955.7,564.0
12797,15110,883.6812040354517,729.1264991514238,955.7,564.0
12798,15110,883.6812040354517,729.1264991514238,955.7,564.0
12799,15110,883.6812040354517,729.1264991514238,955.7,564.0
12800,15110,883.6812040354517,729.1264991514238,955.7,564.0
12801,15110,883.6812040354517,729.1264991514238,955.7,564.0
12802,15110,883.6812040354517,729.1264991514238,955.7,564.0
12803,15110,883.6812040354517,729.1264991514238,955.7,564.0
12804,15110,883.6812040354517,729.1264991514238,955.7,564.0
12805,15110,883.6812040354517,729.1264991514238,955.7,564.0
12806,15110,883.6812040354517,729.1264991514238,955.7,564.0
12807,15110,883.6812040354517,729.1264991514238,955.7,564.0
12808,15110,883.6812040354517,729.1264991514238,955.7,564.0
12809,15110,883.6812040354517,729.1264991514238,955.7,564.0
12810,15110,883.6812040354517,729.1264991514238,955.7,564.0
12811,15110,883.6812040354517,729.1264991514238,955.7,564.0
12812,15110,883.6812040354517,729.1264991514238,955.7,564.0
12813,15110,889.6812040354517,719.1264991514238,956.1666666666667,571.0
12814,15110,889.6812040354517,719.1264991514238,956.6333333333333,578.0
12815,15110,889.6812040354517,719.1264991514238,957.1,585.0
12816,15110,889.6812040354517,719.1264991514238,957.5666666666667,592.0
12817,15110,889.6812040354517,719.1264991514238,958.0333333333333,599.0
12818,15110,889.6812040354517,719.1264991514238,958.5,606.0
12819,15110,889.6812040354517,719.1264991514238,958.9666666666667,613.0
12820,15110,889.6812040354517,719.1264991514238,959.4333333333333,620.0
12821,15110,889.6812040354517,719.1264991514238,959.9,627.0
12822,15110,889.6812040354517,719.1264991514238,959.9,627.0
12823,15110,889.6812040354517,719.1264991514238,959.9,627.0
12824,15110,889.6812040354517,719.1264991514238,959.9,627.0
12825,15110,889.6812040354517,719.1264991514238,959.9,627.0
12826,15110,889.6812040354517,719.1264991514238,959.9,627.0
12827,15110,889.6812040354517,719.1264991514238,959.9,627.0
12828,15110,889.6812040354517,719.1264991514238,959.9,627.0
12829,15110,889.6812040354517,719.1264991514238,959.9,627.0
12830,15110,889.6812040354517,719.1264991514238,959.9,627.0
12831,15110,889.6812040354517,719.1264991514238,959.9,627.0
12832,15110,889.6812040354517,719.1264991514238,959.9,627.0
12833,15110,889.6812040354517,719.1264991514238,959.9,627.0
12834,15110,889.6812040354517,719.1264991514238,959.9,627.0
12835,15110,889.6812040354517,719.1264991514238,959.9,627.0
12836,15110,889.6812040354517,719.1264991514238,959.9,627.0
12837,15110,889.6812040354517,719.1264991514238,959.9,627.0
12838,15110,889.6812040354517,719.1264991514238,959.9,627.0
12839,15110,889.6812040354517,719.1264991514238,959.9,627.0
12840,15110,889.6812040354517,719.1264991514238,959.9,627.0
12841,15110,889.6812040354517,719.1264991514238,959.9,627.0
12842,15110,889.6812040354517,719.1264991514238,959.9,627.0
12843,15110,889.6812040354517,719.1264991514238,959.9,627.0
12844,15110,889.6812040354517,719.1264991514238,959.9,627.0
12845,15110,889.6812040354517,719.1264991514238,959.9,627.0
12846,15110,889.6812040354517,719.1264991514238,959.9,627.0
12847,15110,889.6812040354517,719.1264991514238,959.9,627.0
12848,15110,889.6812040354517,719.1264991514238,959.9,627.0
12849,15110,889.6812040354517,719.1264991514238,959.9,627.0
12850,15110,889.6812040354517,719.1264991514238,959.9,627.0
12851,15110,889.6812040354517,719.1264991514238,959.9,627.0
12852,15110,889.6812040354517,719.1264991514238,959.9,627.0
12853,15110,889.6812040354517,719.1264991514238,959.9,627.0
12854,15110,889.6812040354517,719.1264991514238,959.9,627.0
12855,15110,889.6812040354517,719.1264991514238,959.9,627.0
12856,15110,889.6812040354517,719.1264991514238,959.9,627.0
12857,15110,889.6812040354517,719.1264991514238,959.9,627.0
12858,15110,889.6812040354517,719.1264991514238,959.9,627.0
12859,15110,889.6812040354517,719.1264991514238,959.9,627.0
12860,15110,889.6812040354517,719.1264991514238,959.9,627.0
12861,15110,889.6812040354517,719.1264991514238,959.9,627.0
12862,15110,889.6812040354517,719.1264991514238,959.9,627.0
12863,15110,889.6812040354517,719.1264991514238,959.9,627.0
12864,15110,889.6812040354517,719.1264991514238,959.9,627.0
12865,15110,889.6812040354517,719.1264991514238,959.9,627.0
12866,15110,889.6812040354517,719.1264991514238,959.9,627.0
12867,15110,889.6812040354517,719.1264991514238,959.9,627.0
12868,15110,889.6812040354517,719.1264991514238,959.9,627.0
12869,15110,889.6812040354517,719.1264991514238,959.9,627.0
12870,15110,889.6812040354517,719.1264991514238,959.9,627.0
12871,15110,889.6812040354517,719.1264991514238,959.9,627.0
12872,15110,889.6812040354517,719.1264991514238,959.9,627.0
12873,15110,889.6812040354517,719.1264991514238,959.9,627.0
12874,15110,889.6812040354517,719.1264991514238,959.9,627.0
12875,15110,889.6812040354517,719.1264991514238,959.9,627.0
12876,15110,889.6812040354517,719.1264991514238,959.9,627.0
12877,15110,889.6812040354517,719.1264991514238,959.9,627.0
12878,15110,889.6812040354517,719.1264991514238,959.9,627.0
12879,15110,889.6812040354517,719.1264991514238,959.9,627.0
12880,15110,889.6812040354517,719.1264991514238,959.9,627.0
12881,15110,889.6812040354517,719.1264991514238,959.9,627.0
12882,15110,889.6812040354517,719.1264991514238,959.9,627.0
12883,15110,889.6812040354517,719.1264991514238,959.9,627.0
12884,15110,889.6812040354517,719.1264991514238,959.9,627.0
12885,15110,889.6812040354517,719.1264991514238,959.9,627.0
12886,15110,889.6812040354517,719.1264991514238,959.9,627.0
12887,15110,889.6812040354517,719.1264991514238,959.9,627.0
12888,15110,889.6812040354517,719.1264991514238,959.9,627.0
12889,15110,889.6812040354517,719.1264991514238,959.9,627.0
12890,15110,889.6812040354517,719.1264991514238,959.9,627.0
12891,15110,889.6812040354517,719.1264991514238,959.9,627.0
12892,15110,889.6812040354517,719.1264991514238,959.9,627.0
12893,15110,889.6812040354517,719.1264991514238,959.9,627.0
12894,15110,889.6812040354517,719.1264991514238,959.9,627.0
12895,15110,889.6812040354517,719.1264991514238,959.9,627.0
12896,15110,889.6812040354517,719.1264991514238,959.9,627.0
12897,15110,889.6812040354517,719.1264991514238,959.9,627.0
12898,15110,889.6812040354517,719.1264991514238,959.9,627.0
12899,15110,889.6812040354517,719.1264991514238,959.9,627.0
12900,15110,889.6812040354517,719.1264991514238,959.9,627.0
12901,15110,889.6812040354517,719.1264991514238,959.9,627.0
12902,15110,889.6812040354517,719.1264991514238,959.9,627.0
12903,15110,889.6812040354517,719.1264991514238,959.9,627.0
12904,15110,889.6812040354517,719.1264991514238,959.9,627.0
12905,15110,889.6812040354517,719.1264991514238,959.9,627.0
12906,15110,889.6812040354517,719.1264991514238,959.9,627.0
12907,15110,889.6812040354517,719.1264991514238,959.9,627.0
12908,15110,889.6812040354517,719.1264991514238,959.9,627.0
12909,15110,889.6812040354517,719.1264991514238,959.9,627.0
12910,15110,889.6812040354517,719.1264991514238,959.9,627.0
12911,15110,889.6812040354517,719.1264991514238,959.9,627.0
12912,15110,889.6812040354517,719.1264991514238,959.9,627.0
12913,15110,889.6812040354517,719.1264991514238,959.9,627.0
12914,15110,889.6812040354517,719.1264991514238,959.9,627.0
12915,15110,889.6812040354517,719.1264991514238,959.9,627.0
12916,15110,889.6812040354517,719.1264991514238,959.9,627.0
12917,15110,889.6812040354517,719.1264991514238,959.9,627.0
12918,15110,889.6812040354517,719.1264991514238,959.9,627.0
12919,15110,889.6812040354517,719.1264991514238,959.9,627.0
12920,15110,889.6812040354517,719.1264991514238,959.9,627.0
12921,15110,889.6812040354517,719.1264991514238,959.9,627.0
12922,15110,889.6812040354517,719.1264991514238,959.9,627.0
12923,15110,889.6812040354517,719.1264991514238,959.9,627.0
12924,15110,889.6812040354517,719.1264991514238,959.9,627.0
12925,15110,889.6812040354517,719.1264991514238,959.9,627.0
12926,15110,889.6812040354517,719.1264991514238,959.9,627.0
12927,15110,889.6812040354517,719.1264991514238,959.9,627.0
12928,15110,889.6812040354517,719.1264991514238,959.9,627.0
12929,15110,889.6812040354517,719.1264991514238,959.9,627.0
12930,15110,889.6812040354517,719.1264991514238,959.9,627.0
12931,15110,889.6812040354517,719.1264991514238,959.9,627.0
12932,15110,889.6812040354517,719.1264991514238,959.9,627.0
12933,15110,889.6812040354517,719.1264991514238,959.9,627.0
12934,15110,889.6812040354517,719.1264991514238,959.9,627.0
12935,15110,889.6812040354517,719.1264991514238,959.9,627.0
12936,15110,889.6812040354517,719.1264991514238,959.9,627.0
12937,15110,889.6812040354517,719.1264991514238,959.9,627.0
12938,15110,889.6812040354517,719.1264991514238,959.9,627.0
12939,15110,889.6812040354517,719.1264991514238,959.9,627.0
12940,15110,889.6812040354517,719.1264991514238,959.9,627.0
12941,15110,889.6812040354517,719.1264991514238,959.9,627.0
12942,15110,889.6812040354517,719.1264991514238,959.9,627.0
12943,15110,889.6812040354517,719.1264991514238,959.9,627.0
12944,15110,889.6812040354517,719.1264991514238,959.9,627.0
12945,15110,889.6812040354517,719.1264991514238,959.9,627.0
12946,15110,889.6812040354517,719.1264991514238,959.9,627.0
12947,15110,953.6812040354517,720.1264991514238,959.9,627.0
12948,15110,953.6812040354517,720.1264991514238,959.9,627.0
12949,15110,953.6812040354517,720.1264991514238,959.9,627.0
12950,15110,953.6812040354517,720.1264991514238,959.9,627.0
12951,15110,953.6812040354517,720.1264991514238,959.9,627.0
12952,15110,953.6812040354517,720.1264991514238,959.9,627.0
12953,15110,953.6812040354517,720.1264991514238,959.9,627.0
12954,15110,953.6812040354517,720.1264991514238,959.9,627.0
12955,15110,953.6812040354517,720.1264991514238,959.9,627.0
12956,15110,953.6812040354517,720.1264991514238,959.9,627.0
12957,15110,953.6812040354517,720.1264991514238,959.9,627.0
12958,15110,953.6812040354517,720.1264991514238,959.9,627.0
12959,15110,953.6812040354517,720.1264991514238,959.9,627.0
12960,15110,953.6812040354517,720.1264991514238,959.9,627.0
12961,15110,953.6812040354517,720.1264991514238,959.9,627.0
12962,15110,953.6812040354517,720.1264991514238,959.9,627.0
12963,15110,953.6812040354517,720.1264991514238,959.9,627.0
12964,15110,953.6812040354517,720.1264991514238,959.9,627.0
12965,15110,953.6812040354517,720.1264991514238,959.9,627.0
12966,15110,953.6812040354517,720.1264991514238,959.9,627.0
12967,15110,953.6812040354517,720.1264991514238,959.9,627.0
12968,15110,953.6812040354517,720.1264991514238,959.9,627.0
12969,15110,953.6812040354517,720.1264991514238,959.9,627.0
12970,15110,953.6812040354517,720.1264991514238,959.9,627.0
12971,15110,953.6812040354517,720.1264991514238,959.9,627.0
12972,15110,953.6812040354517,720.1264991514238,959.9,627.0
12973,15110,953.6812040354517,720.1264991514238,959.9,627.0
12974,15110,953.6812040354517,720.1264991514238,959.9,627.0
12975,15110,953.6812040354517,720.1264991514238,959.9,627.0
12976,15110,953.6812040354517,720.1264991514238,959.9,627.0
12977,15110,953.6812040354517,720.1264991514238,959.9,627.0
12978,15110,953.6812040354517,720.1264991514238,959.9,627.0
12979,15110,953.6812040354517,720.1264991514238,959.9,627.0
12980,15110,1017.6812040354517,722.1264991514238,959.9,627.0
12981,15110,1017.6812040354517,722.1264991514238,959.9,627.0
12982,15110,1017.6812040354517,722.1264991514238,959.9,627.0
12983,15110,1017.6812040354517,722.1264991514238,959.9,627.0
12984,15110,1017.6812040354517,722.1264991514238,959.9,627.0
12985,15110,1017.6812040354517,722.1264991514238,959.9,627.0
12986,15110,1017.6812040354517,722.1264991514238,959.9,627.0
12987,15110,1017.6812040354517,722.1264991514238,959.9,627.0
12988,15110,1017.6812040354517,722.1264991514238,959.9,627.0
12989,15110,1017.6812040354517,722.1264991514238,959.9,627.0
12990,15110,1017.6812040354517,722.1264991514238,959.9,627.0
12991,15110,1017.6812040354517,722.1264991514238,959.9,627.0
12992,15110,1017.6812040354517,722.1264991514238,959.9,627.0
12993,15110,1017.6812040354517,722.1264991514238,959.9,627.0
12994,15110,1017.6812040354517,722.1264991514238,959.9,627.0
12995,15110,1017.6812040354517,722.1264991514238,959.9,627.0
12996,15110,1017.6812040354517,722.1264991514238,959.9,627.0
12997,15110,1017.6812040354517,722.1264991514238,959.9,627.0
12998,15110,1017.6812040354517,722.1264991514238,959.9,627.0
12999,15110,1017.6812040354517,722.1264991514238,959.9,627.0
13000,15110,1017.6812040354517,722.1264991514238,959.9,627.0
13001,15110,1017.6812040354517,722.1264991514238,959.9,627.0
13002,15110,1017.6812040354517,722.1264991514238,959.9,627.0
13003,15110,1017.6812040354517,722.1264991514238,959.9,627.0
13004,15110,1017.6812040354517,722.1264991514238,959.9,627.0
13005,15110,1017.6812040354517,722.1264991514238,959.9,627.0
13006,15110,1017.6812040354517,722.1264991514238,959.9,627.0
13007,15110,1017.6812040354517,722.1264991514238,959.9,627.0
13008,15110,1017.6812040354517,722.1264991514238,959.9,627.0
13009,15110,1017.6812040354517,722.1264991514238,959.9,627.0
13010,15110,1017.6812040354517,722.1264991514238,959.9,627.0
13011,15110,1017.6812040354517,722.1264991514238,959.9,627.0
13012,15110,1017.6812040354517,722.1264991514238,959.9,627.0
13013,15110,1017.6812040354517,722.1264991514238,959.9,627.0
13014,15110,1017.6812040354517,722.1264991514238,959.9,627.0
13015,15110,1017.6812040354517,722.1264991514238,959.9,627.0
13016,15110,1017.6812040354517,722.1264991514238,959.9,627.0
13017,15110,1017.6812040354517,722.1264991514238,959.9,627.0
13018,15110,1017.6812040354517,722.1264991514238,959.9,627.0
13019,15110,1017.6812040354517,722.1264991514238,959.9,627.0
13020,15110,1017.6812040354517,722.1264991514238,959.9,627.0
13021,15110,1017.6812040354517,722.1264991514238,959.9,627.0
13022,15110,1017.6812040354517,722.1264991514238,959.9,627.0
13023,15110,1017.6812040354517,722.1264991514238,959.9,627.0
13024,15110,1017.6812040354517,722.1264991514238,959.9,627.0
13025,15110,1017.6812040354517,722.1264991514238,959.9,627.0
13026,15110,1017.6812040354517,722.1264991514238,959.9,627.0
13027,15110,1017.6812040354517,722.1264991514238,959.9,627.0
13028,15110,1017.6812040354517,722.1264991514238,959.9,627.0
13029,15110,1017.6812040354517,722.1264991514238,959.9,627.0
13030,15110,1017.6812040354517,722.1264991514238,959.9,627.0
13031,15110,1017.6812040354517,722.1264991514238,959.9,627.0
13032,15110,1017.6812040354517,722.1264991514238,959.9,627.0
13033,15110,1017.6812040354517,722.1264991514238,959.9,627.0
13034,15110,1017.6812040354517,722.1264991514238,959.9,627.0
13035,15110,1017.6812040354517,722.1264991514238,959.9,627.0
13036,15110,1017.6812040354517,722.1264991514238,959.9,627.0
13037,15110,1017.6812040354517,722.1264991514238,959.9,627.0
13038,15110,1017.6812040354517,722.1264991514238,959.9,627.0
13039,15110,1017.6812040354517,722.1264991514238,959.9,627.0
13040,15110,1017.6812040354517,722.1264991514238,959.9,627.0
13041,15110,1017.6812040354517,722.1264991514238,959.9,627.0
13042,15110,1017.6812040354517,722.1264991514238,959.9,627.0
13043,15110,1017.6812040354517,722.1264991514238,959.9,627.0
13044,15110,1017.6812040354517,722.1264991514238,959.9,627.0
13045,15110,1017.6812040354517,722.1264991514238,959.9,627.0
13046,15110,1017.6812040354517,722.1264991514238,959.9,627.0
13047,15110,1017.6812040354517,722.1264991514238,959.9,627.0
13048,15110,1017.6812040354517,722.1264991514238,959.9,627.0
13049,15110,1017.6812040354517,722.1264991514238,959.9,627.0
13050,15110,1017.6812040354517,722.1264991514238,959.9,627.0
13051,15110,1017.6812040354517,722.1264991514238,959.9,627.0
13052,15110,1017.6812040354517,722.1264991514238,959.9,627.0
13053,15110,1017.6812040354517,722.1264991514238,959.9,627.0
13054,15110,1017.6812040354517,722.1264991514238,959.9,627.0
13055,15110,1017.6812040354517,722.1264991514238,959.9,627.0
13056,15110,1017.6812040354517,722.1264991514238,959.9,627.0
13057,15110,1017.6812040354517,722.1264991514238,959.9,627.0
13058,15110,1017.6812040354517,722.1264991514238,959.9,627.0
13059,15110,1017.6812040354517,722.1264991514238,959.9,627.0
13060,15110,1017.6812040354517,722.1264991514238,959.9,627.0
13061,15110,1017.6812040354517,722.1264991514238,959.9,627.0
13062,15110,1017.6812040354517,722.1264991514238,959.9,627.0
13063,15110,1017.6812040354517,722.1264991514238,959.9,627.0
13064,15110,1017.6812040354517,722.1264991514238,959.9,627.0
13065,15110,1017.6812040354517,722.1264991514238,959.9,627.0
13066,15110,1017.6812040354517,722.1264991514238,959.9,627.0
13067,15110,1017.6812040354517,722.1264991514238,959.9,627.0
13068,15110,1017.6812040354517,722.1264991514238,959.9,627.0
13069,15110,1017.6812040354517,722.1264991514238,959.9,627.0
13070,15110,1017.6812040354517,722.1264991514238,959.9,627.0
13071,15110,1017.6812040354517,722.1264991514238,959.9,627.0
13072,15110,1017.6812040354517,722.1264991514238,959.9,627.0
13073,15110,1017.6812040354517,722.1264991514238,959.9,627.0
13074,15110,1017.6812040354517,722.1264991514238,959.9,627.0
13075,15110,1017.6812040354517,722.1264991514238,959.9,627.0
13076,15110,1017.6812040354517,722.1264991514238,959.9,627.0
13077,15110,1017.6812040354517,722.1264991514238,959.9,627.0
13078,15110,1017.6812040354517,722.1264991514238,959.9,627.0
13079,15110,1017.6812040354517,722.1264991514238,959.9,627.0
13080,15110,1017.6812040354517,722.1264991514238,959.9,627.0
13081,15110,1017.6812040354517,722.1264991514238,959.9,627.0
13082,15110,1017.6812040354517,722.1264991514238,959.9,627.0
13083,15110,1017.6812040354517,722.1264991514238,959.9,627.0
13084,15110,1017.6812040354517,722.1264991514238,959.9,627.0
13085,15110,1017.6812040354517,722.1264991514238,959.9,627.0
13086,15110,1017.6812040354517,722.1264991514238,959.9,627.0
13087,15110,1017.6812040354517,722.1264991514238,959.9,627.0
13088,15110,1017.6812040354517,722.1264991514238,959.9,627.0
13089,15110,1017.6812040354517,722.1264991514238,959.9,627.0
13090,15110,1017.6812040354517,722.1264991514238,959.9,627.0
13091,15110,1017.6812040354517,722.1264991514238,959.9,627.0
13092,15110,1017.6812040354517,722.1264991514238,959.9,627.0
13093,15110,1017.6812040354517,722.1264991514238,959.9,627.0
13094,15110,1017.6812040354517,722.1264991514238,959.9,627.0
13095,15110,1017.6812040354517,722.1264991514238,959.9,627.0
13096,15111,1017.6812040354517,722.1264991514238,959.9,627.0
13097,15112,1017.6812040354517,722.1264991514238,959.9,627.0
13098,15113,1017.6812040354517,722.1264991514238,959.9,627.0
13099,15114,1017.6812040354517,722.1264991514238,959.9,627.0
13100,15115,1017.6812040354517,722.1264991514238,959.9,627.0
13101,15116,1017.6812040354517,722.1264991514238,959.9,627.0
13102,15116,1017.6812040354517,722.1264991514238,959.9,627.0
13103,15116,1017.6812040354517,722.1264991514238,959.9,627.0
13104,15116,1017.6812040354517,722.1264991514238,959.9,627.0
13105,15116,1017.6812040354517,722.1264991514238,959.9,627.0
13106,15116,1017.6812040354517,722.1264991514238,959.9,627.0
13107,15116,1017.6812040354517,722.1264991514238,959.9,627.0
13108,15116,1017.6812040354517,722.1264991514238,959.9,627.0
13109,15116,1017.6812040354517,722.1264991514238,959.9,627.0
13110,15116,1017.6812040354517,722.1264991514238,959.9,627.0
13111,15116,1017.6812040354517,722.1264991514238,959.9,627.0
13112,15116,1017.6812040354517,722.1264991514238,959.9,627.0
13113,15116,1017.6812040354517,722.1264991514238,959.9,627.0
13114,15116,1017.6812040354517,722.1264991514238,959.9,627.0
13115,15116,1017.6812040354517,722.1264991514238,959.9,627.0
13116,15116,1017.6812040354517,722.1264991514238,959.9,627.0
13117,15116,1017.6812040354517,722.1264991514238,959.9,627.0
13118,15116,1017.6812040354517,722.1264991514238,959.9,627.0
13119,15116,1017.6812040354517,722.1264991514238,959.9,627.0
13120,15116,1017.6812040354517,722.1264991514238,959.9,627.0
13121,15116,1017.6812040354517,722.1264991514238,959.9,627.0
13122,15116,1017.6812040354517,722.1264991514238,959.9,627.0
13123,15116,1017.6812040354517,722.1264991514238,959.9,627.0
13124,15116,1017.6812040354517,722.1264991514238,959.9,627.0
13125,15116,1017.6812040354517,722.1264991514238,959.9,627.0
13126,15116,1017.6812040354517,722.1264991514238,959.9,627.0
13127,15116,1017.6812040354517,722.1264991514238,959.9,627.0
13128,15116,1017.6812040354517,722.1264991514238,959.9,627.0
13129,15116,1017.6812040354517,722.1264991514238,959.9,627.0
13130,15116,1017.6812040354517,722.1264991514238,959.9,627.0
13131,15116,1017.6812040354517,722.1264991514238,959.9,627.0
13132,15116,1017.6812040354517,722.1264991514238,959.9,627.0
13133,15116,1017.6812040354517,722.1264991514238,959.9,627.0
13134,15116,1017.6812040354517,722.1264991514238,959.9,627.0
13135,15116,1017.6812040354517,722.1264991514238,959.9,627.0
13136,15116,1017.6812040354517,722.1264991514238,959.9,627.0
13137,15116,1017.6812040354517,722.1264991514238,959.9,627.0
13138,15116,1017.6812040354517,722.1264991514238,959.9,627.0
13139,15116,1017.6812040354517,722.1264991514238,959.9,627.0
13140,15116,1017.6812040354517,722.1264991514238,959.9,627.0
13141,15116,1017.6812040354517,722.1264991514238,959.9,627.0
13142,15116,1017.6812040354517,722.1264991514238,959.9,627.0
13143,15116,1017.6812040354517,722.1264991514238,959.9,627.0
13144,15116,1017.6812040354517,722.1264991514238,959.9,627.0
13145,15116,1017.6812040354517,722.1264991514238,959.9,627.0
13146,15116,1017.6812040354517,722.1264991514238,959.9,627.0
13147,15116,1017.6812040354517,722.1264991514238,959.9,627.0
13148,15116,1017.6812040354517,722.1264991514238,959.9,627.0
13149,15116,1017.6812040354517,722.1264991514238,959.9,627.0
13150,15116,1017.6812040354517,722.1264991514238,959.9,627.0
13151,15116,1017.6812040354517,722.1264991514238,959.9,627.0
13152,15116,1017.6812040354517,722.1264991514238,959.9,627.0
13153,15116,1017.6812040354517,722.1264991514238,959.9,627.0
13154,15116,1017.6812040354517,722.1264991514238,959.9,627.0
13155,15116,1017.6812040354517,722.1264991514238,959.9,627.0
13156,15116,1017.6812040354517,722.1264991514238,959.9,627.0
13157,15116,1017.6812040354517,722.1264991514238,959.9,627.0
13158,15116,1017.6812040354517,722.1264991514238,959.9,627.0
13159,15116,1017.6812040354517,722.1264991514238,959.9,627.0
13160,15116,1017.6812040354517,722.1264991514238,959.9,627.0
13161,15116,1017.6812040354517,722.1264991514238,959.9,627.0
13162,15116,1017.6812040354517,722.1264991514238,959.9,627.0
13163,15116,1017.6812040354517,722.1264991514238,959.9,627.0
13164,15116,1017.6812040354517,722.1264991514238,959.9,627.0
13165,15116,1017.6812040354517,722.1264991514238,959.9,627.0
13166,15116,1017.6812040354517,722.1264991514238,959.9,627.0
13167,15116,1017.6812040354517,722.1264991514238,959.9,627.0
13168,15116,1017.6812040354517,722.1264991514238,959.9,627.0
13169,15116,1017.6812040354517,722.1264991514238,959.9,627.0
13170,15116,1017.6812040354517,722.1264991514238,959.9,627.0
13171,15116,1017.6812040354517,722.1264991514238,959.9,627.0
13172,15116,1017.6812040354517,722.1264991514238,959.9,627.0
13173,15116,1017.6812040354517,722.1264991514238,959.9,627.0
13174,15116,1017.6812040354517,722.1264991514238,959.9,627.0
13175,15116,1017.6812040354517,722.1264991514238,959.9,627.0
13176,15116,1017.6812040354517,722.1264991514238,959.9,627.0
13177,15116,1017.6812040354517,722.1264991514238,959.9,627.0
13178,15116,1017.6812040354517,722.1264991514238,959.9,627.0
13179,15116,1017.6812040354517,722.1264991514238,959.9,627.0
13180,15116,1074.6812040354516,720.1264991514238,959.9,627.0
13181,15116,1074.6812040354516,720.1264991514238,959.9,627.0
13182,15116,1074.6812040354516,720.1264991514238,959.9,627.0
13183,15116,1074.6812040354516,720.1264991514238,959.9,627.0
13184,15116,1074.6812040354516,720.1264991514238,959.9,627.0
13185,15116,1074.6812040354516,720.1264991514238,959.9,627.0
13186,15116,1074.6812040354516,720.1264991514238,959.9,627.0
13187,15116,1074.6812040354516,720.1264991514238,959.9,627.0
13188,15116,1074.6812040354516,720.1264991514238,959.9,627.0
13189,15116,1074.6812040354516,720.1264991514238,959.9,627.0
13190,15116,1074.6812040354516,720.1264991514238,959.9,627.0
13191,15116,1074.6812040354516,720.1264991514238,959.9,627.0
13192,15116,1074.6812040354516,720.1264991514238,959.9,627.0
13193,15116,1074.6812040354516,720.1264991514238,959.9,627.0
13194,15116,1074.6812040354516,720.1264991514238,959.9,627.0
13195,15116,1074.6812040354516,720.1264991514238,959.9,627.0
13196,15116,1074.6812040354516,720.1264991514238,959.9,627.0
13197,15116,1074.6812040354516,720.1264991514238,959.9,627.0
13198,15116,1074.6812040354516,720.1264991514238,959.9,627.0
13199,15116,1074.6812040354516,720.1264991514238,959.9,627.0
13200,15116,1074.6812040354516,720.1264991514238,959.9,627.0
13201,15116,1074.6812040354516,720.1264991514238,959.9,627.0
13202,15116,1074.6812040354516,720.1264991514238,959.9,627.0
13203,15116,1074.6812040354516,720.1264991514238,959.9,627.0
13204,15116,1074.6812040354516,720.1264991514238,959.9,627.0
13205,15116,1074.6812040354516,720.1264991514238,959.9,627.0
13206,15116,1074.6812040354516,720.1264991514238,959.9,627.0
13207,15116,1074.6812040354516,720.1264991514238,959.9,627.0
13208,15116,1074.6812040354516,720.1264991514238,959.9,627.0
13209,15116,1074.6812040354516,720.1264991514238,959.9,627.0
13210,15116,1074.6812040354516,720.1264991514238,960.0636363636363,617.2727272727273
13211,15116,1074.6812040354516,720.1264991514238,960.2272727272727,607.5454545454545
13212,15116,1074.6812040354516,720.1264991514238,960.3909090909091,597.8181818181819
13213,15116,1074.6812040354516,720.1264991514238,960.5545454545454,588.0909090909091
13214,15116,1074.6812040354516,720.1264991514238,960.7181818181818,578.3636363636364
13215,15116,1074.6812040354516,720.1264991514238,960.8818181818182,568.6363636363636
13216,15116,1074.6812040354516,720.1264991514238,961.0454545454546,558.9090909090909
13217,15116,1074.6812040354516,720.1264991514238,961.209090909091,549.1818181818182
13218,15116,1074.6812040354516,720.1264991514238,961.3727272727273,539.4545454545455
13219,15116,1074.6812040354516,720.1264991514238,961.5363636363637,529.7272727272727
13220,15116,1074.6812040354516,720.1264991514238,961.7,520.0
13221,15116,1074.6812040354516,720.1264991514238,961.7,520.0
13222,15116,1074.6812040354516,720.1264991514238,961.7,520.0
13223,15116,1074.6812040354516,720.1264991514238,961.7,520.0
13224,15116,1074.6812040354516,720.1264991514238,961.7,520.0
13225,15116,1074.6812040354516,720.1264991514238,961.7,520.0
13226,15116,1074.6812040354516,720.1264991514238,961.7,520.0
13227,15116,1074.6812040354516,720.1264991514238,961.7,520.0
13228,15116,1074.6812040354516,720.1264991514238,961.7,520.0
13229,15116,1074.6812040354516,720.1264991514238,961.7,520.0
13230,15116,1074.6812040354516,720.1264991514238,961.7,520.0
13231,15116,1074.6812040354516,720.1264991514238,961.7,520.0
13232,15116,1074.6812040354516,720.1264991514238,961.7,520.0
13233,15116,1074.6812040354516,720.1264991514238,961.7,520.0
13234,15116,1074.6812040354516,720.1264991514238,961.7,520.0
13235,15116,1074.6812040354516,720.1264991514238,961.7,520.0
13236,15116,1074.6812040354516,720.1264991514238,961.7,520.0
13237,15116,1074.6812040354516,720.1264991514238,961.7,520.0
13238,15116,1074.6812040354516,720.1264991514238,961.7,520.0
13239,15116,1074.6812040354516,720.1264991514238,961.7,520.0
13240,15116,1074.6812040354516,720.1264991514238,961.7,520.0
13241,15116,1074.6812040354516,720.1264991514238,961.7,520.0
13242,15116,1074.6812040354516,720.1264991514238,961.7,520.0
13243,15116,1074.6812040354516,720.1264991514238,961.7,520.0
13244,15116,1074.6812040354516,720.1264991514238,961.7,520.0
13245,15116,1074.6812040354516,720.1264991514238,961.7,520.0
13246,15116,1074.6812040354516,720.1264991514238,961.7,520.0
13247,15116,1074.6812040354516,720.1264991514238,961.7,520.0
13248,15116,1074.6812040354516,720.1264991514238,961.7,520.0
13249,15116,1074.6812040354516,720.1264991514238,961.7,520.0
13250,15116,1074.6812040354516,720.1264991514238,961.7,520.0
13251,15116,1074.6812040354516,720.1264991514238,961.7,520.0
13252,15116,1074.6812040354516,720.1264991514238,961.7,520.0
13253,15116,1074.6812040354516,720.1264991514238,961.7,520.0
13254,15116,1074.6812040354516,720.1264991514238,961.7,520.0
13255,15116,1074.6812040354516,720.1264991514238,961.7,520.0
13256,15116,1074.6812040354516,720.1264991514238,961.7,520.0
13257,15116,1074.6812040354516,720.1264991514238,961.7,520.0
13258,15116,1074.6812040354516,720.1264991514238,961.7,520.0
13259,15116,1074.6812040354516,720.1264991514238,961.7,520.0
13260,15116,1074.6812040354516,720.1264991514238,961.7,520.0
13261,15116,1074.6812040354516,720.1264991514238,961.7,520.0
13262,15116,1074.6812040354516,720.1264991514238,961.7,520.0
13263,15116,1074.6812040354516,720.1264991514238,961.7,520.0
13264,15116,1074.6812040354516,720.1264991514238,961.7,520.0
13265,15116,1074.6812040354516,720.1264991514238,961.7,520.0
13266,15116,1074.6812040354516,720.1264991514238,961.7,520.0
13267,15116,1074.6812040354516,720.1264991514238,961.7,520.0
13268,15116,1074.6812040354516,720.1264991514238,961.7,520.0
13269,15116,1074.6812040354516,720.1264991514238,961.7,520.0
13270,15116,1074.6812040354516,720.1264991514238,961.7,520.0
13271,15116,1074.6812040354516,720.1264991514238,961.7,520.0
13272,15116,1074.6812040354516,720.1264991514238,961.7,520.0
13273,15116,1074.6812040354516,720.1264991514238,961.7,520.0
13274,15116,1074.6812040354516,720.1264991514238,961.7,520.0
13275,15116,1074.6812040354516,720.1264991514238,961.7,520.0
13276,15116,1074.6812040354516,720.1264991514238,961.7,520.0
13277,15116,1074.6812040354516,720.1264991514238,961.7,520.0
13278,15116,1074.6812040354516,720.1264991514238,961.7,520.0
13279,15116,1074.6812040354516,720.1264991514238,961.7,520.0
13280,15116,1074.6812040354516,720.1264991514238,961.7,520.0
13281,15116,1074.6812040354516,720.1264991514238,961.7,520.0
13282,15116,1074.6812040354516,720.1264991514238,961.7,520.0
13283,15116,1074.6812040354516,720.1264991514238,961.7,520.0
13284,15116,1074.6812040354516,720.1264991514238,961.7,520.0
13285,15116,1074.6812040354516,720.1264991514238,961.7,520.0
13286,15116,1074.6812040354516,720.1264991514238,961.7,520.0
13287,15116,1074.6812040354516,720.1264991514238,961.7,520.0
13288,15116,1074.6812040354516,720.1264991514238,961.7,520.0
13289,15116,1074.6812040354516,720.1264991514238,961.7,520.0
13290,15116,1074.6812040354516,720.1264991514238,961.7,520.0
13291,15116,1074.6812040354516,720.1264991514238,961.7,520.0
13292,15116,1074.6812040354516,720.1264991514238,961.7,520.0
13293,15116,1074.6812040354516,720.1264991514238,961.7,520.0
13294,15116,1074.6812040354516,720.1264991514238,961.7,520.0
13295,15116,1074.6812040354516,720.1264991514238,961.7,520.0
13296,15116,1074.6812040354516,720.1264991514238,961.7,520.0
13297,15116,1074.6812040354516,720.1264991514238,961.7,520.0
13298,15116,1074.6812040354516,720.1264991514238,961.7,520.0
13299,15116,1074.6812040354516,720.1264991514238,961.7,520.0
13300,15116,1074.6812040354516,720.1264991514238,961.7,520.0
13301,15116,1074.6812040354516,720.1264991514238,961.7,520.0
13302,15116,1074.6812040354516,720.1264991514238,961.7,520.0
13303,15116,1074.6812040354516,720.1264991514238,961.7,520.0
13304,15116,1074.6812040354516,720.1264991514238,961.7,520.0
13305,15116,1074.6812040354516,720.1264991514238,961.7,520.0
13306,15116,1074.6812040354516,720.1264991514238,961.7,520.0
13307,15116,1074.6812040354516,720.1264991514238,961.7,520.0
13308,15116,1074.6812040354516,720.1264991514238,961.7,520.0
13309,15116,1074.6812040354516,720.1264991514238,961.7,520.0
13310,15116,1074.6812040354516,720.1264991514238,961.7,520.0
13311,15116,1074.6812040354516,720.1264991514238,961.7,520.0
13312,15116,1074.6812040354516,720.1264991514238,961.7,520.0
13313,15116,1074.6812040354516,720.1264991514238,961.7,520.0
13314,15116,1074.6812040354516,720.1264991514238,961.7,520.0
13315,15116,1074.6812040354516,720.1264991514238,961.7,520.0
13316,15116,1074.6812040354516,720.1264991514238,961.7,520.0
13317,15116,1074.6812040354516,720.1264991514238,961.7,520.0
13318,15116,1074.6812040354516,720.1264991514238,961.7,520.0
13319,15116,1074.6812040354516,720.1264991514238,961.7,520.0
13320,15116,1074.6812040354516,720.1264991514238,961.7,520.0
13321,15116,1074.6812040354516,720.1264991514238,961.7,520.0
13322,15116,1074.6812040354516,720.1264991514238,961.7,520.0
13323,15116,1074.6812040354516,720.1264991514238,961.7,520.0
13324,15116,1074.6812040354516,720.1264991514238,961.7,520.0
13325,15116,1074.6812040354516,720.1264991514238,961.7,520.0
13326,15116,1074.6812040354516,720.1264991514238,961.7,520.0
13327,15116,1074.6812040354516,720.1264991514238,961.7,520.0
13328,15116,1074.6812040354516,720.1264991514238,961.7,520.0
13329,15116,1074.6812040354516,720.1264991514238,961.7,520.0
13330,15116,1074.6812040354516,720.1264991514238,961.7,520.0
13331,15116,1074.6812040354516,720.1264991514238,961.7,520.0
13332,15116,1074.6812040354516,720.1264991514238,961.7,520.0
13333,15116,1074.6812040354516,720.1264991514238,961.7,520.0
13334,15116,1074.6812040354516,720.1264991514238,961.7,520.0
13335,15116,1074.6812040354516,720.1264991514238,961.7,520.0
13336,15116,1074.6812040354516,720.1264991514238,961.7,520.0
13337,15116,1074.6812040354516,720.1264991514238,961.7,520.0
13338,15116,1074.6812040354516,720.1264991514238,961.7,520.0
13339,15116,1074.6812040354516,720.1264991514238,961.7,520.0
13340,15116,1074.6812040354516,720.1264991514238,961.7,520.0
13341,15116,1074.6812040354516,720.1264991514238,961.7,520.0
13342,15116,1074.6812040354516,720.1264991514238,961.7,520.0
13343,15116,1074.6812040354516,720.1264991514238,961.7,520.0
13344,15116,1074.6812040354516,720.1264991514238,961.7,520.0
13345,15116,1074.6812040354516,720.1264991514238,961.7,520.0
13346,15116,1074.6812040354516,720.1264991514238,961.7,520.0
13347,15116,988.6812040354517,734.1264991514238,961.7,520.0
13348,15116,988.6812040354517,734.1264991514238,961.7,520.0
13349,15116,988.6812040354517,734.1264991514238,961.7,520.0
13350,15116,988.6812040354517,734.1264991514238,961.7,520.0
13351,15116,988.6812040354517,734.1264991514238,961.7,520.0
13352,15116,988.6812040354517,734.1264991514238,961.7,520.0
13353,15116,988.6812040354517,734.1264991514238,961.7,520.0
13354,15116,988.6812040354517,734.1264991514238,961.7,520.0
13355,15116,988.6812040354517,734.1264991514238,961.7,520.0
13356,15116,988.6812040354517,734.1264991514238,961.7,520.0
13357,15116,988.6812040354517,734.1264991514238,961.7,520.0
13358,15116,988.6812040354517,734.1264991514238,961.7,520.0
13359,15116,988.6812040354517,734.1264991514238,961.7,520.0
13360,15116,988.6812040354517,734.1264991514238,961.7,520.0
13361,15116,988.6812040354517,734.1264991514238,961.7,520.0
13362,15116,988.6812040354517,734.1264991514238,961.7,520.0
13363,15116,988.6812040354517,734.1264991514238,961.7,520.0
13364,15116,988.6812040354517,734.1264991514238,961.7,520.0
13365,15116,988.6812040354517,734.1264991514238,961.7,520.0
13366,15116,988.6812040354517,734.1264991514238,961.7,520.0
13367,15116,988.6812040354517,734.1264991514238,961.7,520.0
13368,15116,988.6812040354517,734.1264991514238,961.7,520.0
13369,15116,988.6812040354517,734.1264991514238,961.7,520.0
13370,15116,988.6812040354517,734.1264991514238,961.7,520.0
13371,15116,988.6812040354517,734.1264991514238,961.7,520.0
13372,15116,988.6812040354517,734.1264991514238,961.7,520.0
13373,15116,988.6812040354517,734.1264991514238,961.7,520.0
13374,15116,988.6812040354517,734.1264991514238,961.7,520.0
13375,15116,988.6812040354517,734.1264991514238,961.7,520.0
13376,15116,988.6812040354517,734.1264991514238,961.7,520.0
13377,15116,988.6812040354517,734.1264991514238,961.7,520.0
13378,15116,988.6812040354517,734.1264991514238,961.7,520.0
13379,15116,988.6812040354517,734.1264991514238,961.7,520.0
13380,15116,988.6812040354517,734.1264991514238,961.7,520.0
13381,15116,988.6812040354517,734.1264991514238,961.7,520.0
13382,15116,988.6812040354517,734.1264991514238,961.7,520.0
13383,15116,988.6812040354517,734.1264991514238,961.7,520.0
13384,15116,988.6812040354517,734.1264991514238,961.7,520.0
13385,15116,988.6812040354517,734.1264991514238,961.7,520.0
13386,15116,988.6812040354517,734.1264991514238,961.7,520.0
13387,15116,988.6812040354517,734.1264991514238,961.7,520.0
13388,15116,988.6812040354517,734.1264991514238,961.7,520.0
13389,15116,988.6812040354517,734.1264991514238,961.7,520.0
13390,15116,988.6812040354517,734.1264991514238,961.7,520.0
13391,15116,988.6812040354517,734.1264991514238,961.7,520.0
13392,15116,988.6812040354517,734.1264991514238,961.7,520.0
13393,15116,988.6812040354517,734.1264991514238,961.7,520.0
13394,15116,988.6812040354517,734.1264991514238,961.7,520.0
13395,15116,988.6812040354517,734.1264991514238,961.7,520.0
13396,15116,988.6812040354517,734.1264991514238,961.7,520.0
13397,15116,988.6812040354517,734.1264991514238,961.7,520.0
13398,15116,988.6812040354517,734.1264991514238,961.7,520.0
13399,15116,988.6812040354517,734.1264991514238,961.7,520.0
13400,15116,988.6812040354517,734.1264991514238,961.7,520.0
13401,15116,988.6812040354517,734.1264991514238,961.7,520.0
13402,15116,988.6812040354517,734.1264991514238,961.7,520.0
13403,15116,988.6812040354517,734.1264991514238,961.7,520.0
13404,15116,988.6812040354517,734.1264991514238,961.7,520.0
13405,15116,988.6812040354517,734.1264991514238,961.7,520.0
13406,15116,988.6812040354517,734.1264991514238,961.7,520.0
13407,15116,988.6812040354517,734.1264991514238,961.7,520.0
13408,15116,988.6812040354517,734.1264991514238,961.7,520.0
13409,15116,988.6812040354517,734.1264991514238,961.7,520.0
13410,15116,988.6812040354517,734.1264991514238,961.7,520.0
13411,15116,988.6812040354517,734.1264991514238,961.7,520.0
13412,15116,988.6812040354517,734.1264991514238,961.7,520.0
13413,15116,988.6812040354517,734.1264991514238,961.7,520.0
13414,15116,988.6812040354517,734.1264991514238,961.7,520.0
13415,15116,988.6812040354517,734.1264991514238,961.7,520.0
13416,15116,988.6812040354517,734.1264991514238,961.7,520.0
13417,15116,988.6812040354517,734.1264991514238,961.7,520.0
13418,15116,988.6812040354517,734.1264991514238,961.7,520.0
13419,15116,988.6812040354517,734.1264991514238,961.7,520.0
13420,15116,988.6812040354517,734.1264991514238,961.7,520.0
13421,15116,988.6812040354517,734.1264991514238,961.7,520.0
13422,15116,988.6812040354517,734.1264991514238,961.7,520.0
13423,15116,988.6812040354517,734.1264991514238,961.7,520.0
13424,15116,988.6812040354517,734.1264991514238,961.7,520.0
13425,15116,988.6812040354517,734.1264991514238,961.7,520.0
13426,15116,988.6812040354517,734.1264991514238,961.7,520.0
13427,15116,988.6812040354517,734.1264991514238,961.7,520.0
13428,15116,988.6812040354517,734.1264991514238,961.7,520.0
13429,15116,988.6812040354517,734.1264991514238,961.7,520.0
13430,15116,988.6812040354517,734.1264991514238,961.7,520.0
13431,15116,988.6812040354517,734.1264991514238,961.7,520.0
13432,15116,988.6812040354517,734.1264991514238,961.7,520.0
13433,15116,988.6812040354517,734.1264991514238,961.7,520.0
13434,15116,988.6812040354517,734.1264991514238,961.7,520.0
13435,15116,988.6812040354517,734.1264991514238,961.7,520.0
13436,15116,988.6812040354517,734.1264991514238,961.7,520.0
13437,15116,988.6812040354517,734.1264991514238,961.7,520.0
13438,15116,988.6812040354517,734.1264991514238,961.7,520.0
13439,15116,988.6812040354517,734.1264991514238,961.7,520.0
13440,15116,988.6812040354517,734.1264991514238,961.7,520.0
13441,15116,988.6812040354517,734.1264991514238,961.7,520.0
13442,15116,988.6812040354517,734.1264991514238,961.7,520.0
13443,15116,988.6812040354517,734.1264991514238,961.7,520.0
13444,15116,988.6812040354517,734.1264991514238,961.7,520.0
13445,15116,988.6812040354517,734.1264991514238,961.7,520.0
13446,15116,988.6812040354517,734.1264991514238,961.7,520.0
13447,15116,988.6812040354517,734.1264991514238,961.7,520.0
13448,15116,988.6812040354517,734.1264991514238,961.7,520.0
13449,15116,988.6812040354517,734.1264991514238,961.7,520.0
13450,15116,988.6812040354517,734.1264991514238,961.7,520.0
13451,15116,988.6812040354517,734.1264991514238,961.7,520.0
13452,15116,988.6812040354517,734.1264991514238,961.7,520.0
13453,15116,988.6812040354517,734.1264991514238,961.7,520.0
13454,15116,988.6812040354517,734.1264991514238,961.7,520.0
13455,15116,988.6812040354517,734.1264991514238,961.7,520.0
13456,15116,988.6812040354517,734.1264991514238,961.7,520.0
13457,15116,988.6812040354517,734.1264991514238,961.7,520.0
13458,15116,988.6812040354517,734.1264991514238,961.7,520.0
13459,15116,988.6812040354517,734.1264991514238,961.7,520.0
13460,15116,988.6812040354517,734.1264991514238,961.7,520.0
13461,15116,988.6812040354517,734.1264991514238,961.7,520.0
13462,15116,988.6812040354517,734.1264991514238,961.7,520.0
13463,15116,988.6812040354517,734.1264991514238,961.7,520.0
13464,15116,988.6812040354517,734.1264991514238,961.7,520.0
13465,15116,988.6812040354517,734.1264991514238,961.7,520.0
13466,15116,988.6812040354517,734.1264991514238,961.7,520.0
13467,15116,988.6812040354517,734.1264991514238,961.7,520.0
13468,15116,988.6812040354517,734.1264991514238,961.7,520.0
13469,15116,988.6812040354517,734.1264991514238,961.7,520.0
13470,15116,988.6812040354517,734.1264991514238,961.7,520.0
13471,15116,988.6812040354517,734.1264991514238,961.7,520.0
13472,15116,988.6812040354517,734.1264991514238,961.7,520.0
13473,15116,988.6812040354517,734.1264991514238,961.7,520.0
13474,15116,988.6812040354517,734.1264991514238,961.7,520.0
13475,15116,988.6812040354517,734.1264991514238,961.7,520.0
13476,15116,988.6812040354517,734.1264991514238,961.7,520.0
13477,15116,988.6812040354517,734.1264991514238,961.7,520.0
13478,15116,988.6812040354517,734.1264991514238,961.7,520.0
13479,15116,988.6812040354517,734.1264991514238,961.7,520.0
13480,15116,988.6812040354517,734.1264991514238,961.7,520.0
13481,15116,988.6812040354517,734.1264991514238,961.7,520.0
13482,15116,988.6812040354517,734.1264991514238,961.7,520.0
13483,15116,988.6812040354517,734.1264991514238,961.7,520.0
13484,15116,988.6812040354517,734.1264991514238,961.7,520.0
13485,15116,988.6812040354517,734.1264991514238,961.7,520.0
13486,15116,988.6812040354517,734.1264991514238,961.7,520.0
13487,15116,988.6812040354517,734.1264991514238,961.7,520.0
13488,15116,988.6812040354517,734.1264991514238,961.7,520.0
13489,15116,988.6812040354517,734.1264991514238,961.7,520.0
13490,15116,988.6812040354517,734.1264991514238,961.7,520.0
13491,15116,988.6812040354517,734.1264991514238,961.7,520.0
13492,15116,988.6812040354517,734.1264991514238,961.7,520.0
13493,15116,988.6812040354517,734.1264991514238,961.7,520.0
13494,15116,988.6812040354517,734.1264991514238,961.7,520.0
13495,15116,988.6812040354517,734.1264991514238,961.7,520.0
13496,15116,988.6812040354517,734.1264991514238,961.7,520.0
13497,15116,988.6812040354517,734.1264991514238,961.7,520.0
13498,15116,988.6812040354517,734.1264991514238,961.7,520.0
13499,15116,988.6812040354517,734.1264991514238,961.7,520.0
13500,15116,988.6812040354517,734.1264991514238,961.7,520.0
13501,15116,988.6812040354517,734.1264991514238,961.7,520.0
13502,15116,988.6812040354517,734.1264991514238,961.7,520.0
13503,15116,988.6812040354517,734.1264991514238,961.7,520.0
13504,15116,988.6812040354517,734.1264991514238,961.7,520.0
13505,15116,988.6812040354517,734.1264991514238,961.7,520.0
13506,15116,988.6812040354517,734.1264991514238,961.7,520.0
13507,15116,988.6812040354517,734.1264991514238,961.7,520.0
13508,15116,988.6812040354517,734.1264991514238,961.7,520.0
13509,15116,988.6812040354517,734.1264991514238,961.7,520.0
13510,15116,988.6812040354517,734.1264991514238,961.7,520.0
13511,15116,988.6812040354517,734.1264991514238,961.7,520.0
13512,15116,988.6812040354517,734.1264991514238,961.7,520.0
13513,15116,988.6812040354517,734.1264991514238,961.7,520.0
13514,15116,988.6812040354517,734.1264991514238,961.7,520.0
13515,15116,988.6812040354517,734.1264991514238,961.7,520.0
13516,15116,988.6812040354517,734.1264991514238,961.7,520.0
13517,15116,988.6812040354517,734.1264991514238,961.7,520.0
13518,15116,988.6812040354517,734.1264991514238,961.7,520.0
13519,15116,988.6812040354517,734.1264991514238,961.7,520.0
13520,15116,988.6812040354517,734.1264991514238,961.7,520.0
13521,15116,988.6812040354517,734.1264991514238,961.7,520.0
13522,15116,988.6812040354517,734.1264991514238,961.7,520.0
13523,15116,988.6812040354517,734.1264991514238,961.7,520.0
13524,15116,988.6812040354517,734.1264991514238,961.7,520.0
13525,15116,988.6812040354517,734.1264991514238,961.7,520.0
13526,15116,988.6812040354517,734.1264991514238,961.7,520.0
13527,15116,988.6812040354517,734.1264991514238,961.7,520.0
13528,15116,988.6812040354517,734.1264991514238,961.7,520.0
13529,15116,988.6812040354517,734.1264991514238,961.7,520.0
13530,15116,988.6812040354517,734.1264991514238,961.7,520.0
13531,15116,988.6812040354517,734.1264991514238,961.7,520.0
13532,15116,988.6812040354517,734.1264991514238,961.7,520.0
13533,15116,988.6812040354517,734.1264991514238,961.7,520.0
13534,15116,988.6812040354517,734.1264991514238,961.7,520.0
13535,15116,988.6812040354517,734.1264991514238,961.7,520.0
13536,15116,988.6812040354517,734.1264991514238,961.7,520.0
13537,15116,988.6812040354517,734.1264991514238,961.7,520.0
13538,15116,988.6812040354517,734.1264991514238,961.7,520.0
13539,15116,988.6812040354517,734.1264991514238,961.7,520.0
13540,15116,988.6812040354517,734.1264991514238,961.7,520.0
13541,15116,988.6812040354517,734.1264991514238,961.7,520.0
13542,15116,988.6812040354517,734.1264991514238,961.7,520.0
13543,15116,988.6812040354517,734.1264991514238,961.7,520.0
13544,15116,988.6812040354517,734.1264991514238,961.7,520.0
13545,15116,988.6812040354517,734.1264991514238,961.7,520.0
13546,15116,988.6812040354517,734.1264991514238,961.7,520.0
13547,15116,988.6812040354517,734.1264991514238,961.7,520.0
13548,15116,988.6812040354517,734.1264991514238,961.7,520.0
13549,15116,988.6812040354517,734.1264991514238,961.7,520.0
13550,15116,988.6812040354517,734.1264991514238,961.7,520.0
13551,15116,988.6812040354517,734.1264991514238,961.7,520.0
13552,15116,988.6812040354517,734.1264991514238,965.3190476190476,525.0809523809523
13553,15116,988.6812040354517,734.1264991514238,968.9380952380952,530.1619047619048
13554,15116,988.6812040354517,734.1264991514238,972.5571428571429,535.2428571428571
13555,15116,988.6812040354517,734.1264991514238,976.1761904761905,540.3238095238096
13556,15116,988.6812040354517,734.1264991514238,979.7952380952381,545.4047619047619
13557,15116,988.6812040354517,734.1264991514238,983.4142857142857,550.4857142857143
13558,15116,988.6812040354517,734.1264991514238,987.0333333333334,555.5666666666667
13559,15116,988.6812040354517,734.1264991514238,990.652380952381,560.6476190476191
13560,15116,988.6812040354517,734.1264991514238,994.2714285714286,565.7285714285714
13561,15116,988.6812040354517,734.1264991514238,997.8904761904762,570.8095238095239
13562,15116,988.6812040354517,734.1264991514238,1001.5095238095239,575.8904761904762
13563,15116,988.6812040354517,734.1264991514238,1005.1285714285715,580.9714285714286
13564,15116,988.6812040354517,734.1264991514238,1008.7476190476191,586.052380952381
13565,15116,988.6812040354517,734.1264991514238,1012.3666666666667,591.1333333333333
13566,15116,988.6812040354517,734.1264991514238,1015.9857142857144,596.2142857142858
13567,15116,988.6812040354517,734.1264991514238,1019.604761904762,601.2952380952381
13568,15116,988.6812040354517,734.1264991514238,1023.2238095238096,606.3761904761905
13569,15116,988.6812040354517,734.1264991514238,1026.8428571428572,611.4571428571429
13570,15116,988.6812040354517,734.1264991514238,1030.4619047619049,616.5380952380953
13571,15116,988.6812040354517,734.1264991514238,1034.0809523809523,621.6190476190477
13572,15116,988.6812040354517,734.1264991514238,1037.7,626.7
13573,15116,988.6812040354517,734.1264991514238,1037.7,626.7
13574,15116,988.6812040354517,734.1264991514238,1037.7,626.7
13575,15116,988.6812040354517,734.1264991514238,1037.7,626.7
13576,15116,988.6812040354517,734.1264991514238,1037.7,626.7
13577,15116,988.6812040354517,734.1264991514238,1037.7,626.7
13578,15116,988.6812040354517,734.1264991514238,1037.7,626.7
13579,15116,988.6812040354517,734.1264991514238,1037.7,626.7
13580,15116,988.6812040354517,734.1264991514238,1037.7,626.7
13581,15116,988.6812040354517,734.1264991514238,1037.7,626.7
13582,15116,988.6812040354517,734.1264991514238,1037.7,626.7
13583,15116,988.6812040354517,734.1264991514238,1037.7,626.7
13584,15116,988.6812040354517,734.1264991514238,1037.7,626.7
13585,15116,988.6812040354517,734.1264991514238,1037.7,626.7
13586,15116,988.6812040354517,734.1264991514238,1037.7,626.7
13587,15116,988.6812040354517,734.1264991514238,1037.7,626.7
13588,15116,988.6812040354517,734.1264991514238,1037.7,626.7
13589,15116,988.6812040354517,734.1264991514238,1037.7,626.7
13590,15116,988.6812040354517,734.1264991514238,1037.7,626.7
13591,15116,988.6812040354517,734.1264991514238,1037.7,626.7
13592,15116,988.6812040354517,734.1264991514238,1037.7,626.7
13593,15116,988.6812040354517,734.1264991514238,1037.7,626.7
13594,15116,988.6812040354517,734.1264991514238,1037.7,626.7
13595,15116,988.6812040354517,734.1264991514238,1037.7,626.7
13596,15116,988.6812040354517,734.1264991514238,1037.7,626.7
13597,15116,988.6812040354517,734.1264991514238,1037.7,626.7
13598,15116,988.6812040354517,734.1264991514238,1037.7,626.7
13599,15116,988.6812040354517,734.1264991514238,1037.7,626.7
13600,15116,988.6812040354517,734.1264991514238,1037.7,626.7
13601,15116,988.6812040354517,734.1264991514238,1037.7,626.7
13602,15116,988.6812040354517,734.1264991514238,1037.7,626.7
13603,15116,988.6812040354517,734.1264991514238,1037.7,626.7
13604,15116,988.6812040354517,734.1264991514238,1037.7,626.7
13605,15116,988.6812040354517,734.1264991514238,1037.7,626.7
13606,15116,988.6812040354517,734.1264991514238,1037.7,626.7
13607,15116,988.6812040354517,734.1264991514238,1037.7,626.7
13608,15116,988.6812040354517,734.1264991514238,1037.7,626.7
13609,15116,988.6812040354517,734.1264991514238,1037.7,626.7
13610,15116,988.6812040354517,734.1264991514238,1037.7,626.7
13611,15116,988.6812040354517,734.1264991514238,1037.7,626.7
13612,15116,988.6812040354517,734.1264991514238,1037.7,626.7
13613,15116,949.6812040354517,619.1264991514238,1037.7,626.7
13614,15116,949.6812040354517,619.1264991514238,1037.7,626.7
13615,15116,949.6812040354517,619.1264991514238,1037.7,626.7
13616,15116,949.6812040354517,619.1264991514238,1037.7,626.7
13617,15116,949.6812040354517,619.1264991514238,1037.7,626.7
13618,15116,949.6812040354517,619.1264991514238,1037.7,626.7
13619,15116,949.6812040354517,619.1264991514238,1037.7,626.7
13620,15116,949.6812040354517,619.1264991514238,1037.7,626.7
13621,15116,949.6812040354517,619.1264991514238,1037.7,626.7
13622,15116,949.6812040354517,619.1264991514238,1037.7,626.7
13623,15116,949.6812040354517,619.1264991514238,1037.7,626.7
13624,15116,949.6812040354517,619.1264991514238,1037.7,626.7
13625,15116,949.6812040354517,619.1264991514238,1037.7,626.7
13626,15116,949.6812040354517,619.1264991514238,1037.7,626.7
13627,15116,949.6812040354517,619.1264991514238,1037.7,626.7
13628,15116,949.6812040354517,619.1264991514238,1037.7,626.7
13629,15116,949.6812040354517,619.1264991514238,1037.7,626.7
13630,15116,949.6812040354517,619.1264991514238,1037.7,626.7
13631,15116,949.6812040354517,619.1264991514238,1037.7,626.7
13632,15116,949.6812040354517,619.1264991514238,1037.7,626.7
13633,15116,949.6812040354517,619.1264991514238,1037.7,626.7
13634,15116,949.6812040354517,619.1264991514238,1037.7,626.7
13635,15116,949.6812040354517,619.1264991514238,1037.7,626.7
13636,15116,949.6812040354517,619.1264991514238,1037.7,626.7
13637,15116,949.6812040354517,619.1264991514238,1037.7,626.7
13638,15116,949.6812040354517,619.1264991514238,1037.7,626.7
13639,15116,949.6812040354517,619.1264991514238,1037.7,626.7
13640,15116,949.6812040354517,619.1264991514238,1037.7,626.7
13641,15116,949.6812040354517,619.1264991514238,1037.7,626.7
13642,15116,949.6812040354517,619.1264991514238,1037.7,626.7
13643,15116,949.6812040354517,619.1264991514238,1037.7,626.7
13644,15116,949.6812040354517,619.1264991514238,1037.7,626.7
13645,15116,949.6812040354517,619.1264991514238,1037.7,626.7
13646,15116,949.6812040354517,619.1264991514238,1037.7,626.7
13647,15116,910.6812040354517,503.12649915142373,1037.7,626.7
13648,15116,910.6812040354517,503.12649915142373,1037.7,626.7
13649,15116,910.6812040354517,503.12649915142373,1037.7,626.7
13650,15116,910.6812040354517,503.12649915142373,1037.7,626.7
13651,15116,910.6812040354517,503.12649915142373,1037.7,626.7
13652,15116,910.6812040354517,503.12649915142373,1037.7,626.7
13653,15116,910.6812040354517,503.12649915142373,1037.7,626.7
13654,15116,910.6812040354517,503.12649915142373,1037.7,626.7
13655,15116,910.6812040354517,503.12649915142373,1037.7,626.7
13656,15116,910.6812040354517,503.12649915142373,1037.7,626.7
13657,15116,910.6812040354517,503.12649915142373,1037.7,626.7
13658,15116,910.6812040354517,503.12649915142373,1037.7,626.7
13659,15116,910.6812040354517,503.12649915142373,1037.7,626.7
13660,15116,910.6812040354517,503.12649915142373,1037.7,626.7
13661,15116,910.6812040354517,503.12649915142373,1037.7,626.7
13662,15116,910.6812040354517,503.12649915142373,1037.7,626.7
13663,15116,910.6812040354517,503.12649915142373,1037.7,626.7
13664,15116,910.6812040354517,503.12649915142373,1037.7,626.7
13665,15116,910.6812040354517,503.12649915142373,1037.7,626.7
13666,15116,910.6812040354517,503.12649915142373,1037.7,626.7
13667,15116,910.6812040354517,503.12649915142373,1037.7,626.7
13668,15116,910.6812040354517,503.12649915142373,1037.7,626.7
13669,15116,910.6812040354517,503.12649915142373,1037.7,626.7
13670,15116,910.6812040354517,503.12649915142373,1037.7,626.7
13671,15116,910.6812040354517,503.12649915142373,1037.7,626.7
13672,15116,910.6812040354517,503.12649915142373,1037.7,626.7
13673,15116,910.6812040354517,503.12649915142373,1037.7,626.7
13674,15116,910.6812040354517,503.12649915142373,1037.7,626.7
13675,15116,910.6812040354517,503.12649915142373,1037.7,626.7
13676,15116,910.6812040354517,503.12649915142373,1037.7,626.7
13677,15116,910.6812040354517,503.12649915142373,1037.7,626.7
13678,15116,910.6812040354517,503.12649915142373,1037.7,626.7
13679,15116,910.6812040354517,503.12649915142373,1037.7,626.7
13680,15116,958.6812040354517,558.1264991514238,1037.7,626.7
13681,15116,958.6812040354517,558.1264991514238,1037.7,626.7
13682,15116,958.6812040354517,558.1264991514238,1037.7,626.7
13683,15116,958.6812040354517,558.1264991514238,1037.7,626.7
13684,15116,958.6812040354517,558.1264991514238,1037.7,626.7
13685,15116,958.6812040354517,558.1264991514238,1037.7,626.7
13686,15116,958.6812040354517,558.1264991514238,1037.7,626.7
13687,15116,958.6812040354517,558.1264991514238,1037.7,626.7
13688,15116,958.6812040354517,558.1264991514238,1037.7,626.7
13689,15116,958.6812040354517,558.1264991514238,1037.7,626.7
13690,15116,958.6812040354517,558.1264991514238,1037.7,626.7
13691,15116,958.6812040354517,558.1264991514238,1037.7,626.7
13692,15116,958.6812040354517,558.1264991514238,1037.7,626.7
13693,15116,958.6812040354517,558.1264991514238,1037.7,626.7
13694,15116,958.6812040354517,558.1264991514238,1037.7,626.7
13695,15116,958.6812040354517,558.1264991514238,1037.7,626.7
13696,15116,958.6812040354517,558.1264991514238,1037.7,626.7
13697,15116,958.6812040354517,558.1264991514238,1037.7,626.7
13698,15116,958.6812040354517,558.1264991514238,1037.7,626.7
13699,15116,958.6812040354517,558.1264991514238,1037.7,626.7
13700,15116,958.6812040354517,558.1264991514238,1037.7,626.7
13701,15116,958.6812040354517,558.1264991514238,1037.7,626.7
13702,15116,958.6812040354517,558.1264991514238,1037.7,626.7
13703,15116,958.6812040354517,558.1264991514238,1037.7,626.7
13704,15116,958.6812040354517,558.1264991514238,1037.7,626.7
13705,15116,958.6812040354517,558.1264991514238,1037.7,626.7
13706,15116,958.6812040354517,558.1264991514238,1037.7,626.7
13707,15116,958.6812040354517,558.1264991514238,1037.7,626.7
13708,15116,958.6812040354517,558.1264991514238,1037.7,626.7
13709,15116,958.6812040354517,558.1264991514238,1037.7,626.7
13710,15116,958.6812040354517,558.1264991514238,1037.7,626.7
13711,15116,958.6812040354517,558.1264991514238,1037.7,626.7
13712,15116,958.6812040354517,558.1264991514238,1037.7,626.7
13713,15116,958.6812040354517,558.1264991514238,1037.7,626.7
13714,15116,958.6812040354517,558.1264991514238,1037.7,626.7
13715,15116,958.6812040354517,558.1264991514238,1037.7,626.7
13716,15116,958.6812040354517,558.1264991514238,1037.7,626.7
13717,15116,958.6812040354517,558.1264991514238,1037.7,626.7
13718,15116,958.6812040354517,558.1264991514238,1037.7,626.7
13719,15116,958.6812040354517,558.1264991514238,1037.7,626.7
13720,15116,958.6812040354517,558.1264991514238,1037.7,626.7
13721,15116,958.6812040354517,558.1264991514238,1037.7,626.7
13722,15116,958.6812040354517,558.1264991514238,1037.7,626.7
13723,15116,958.6812040354517,558.1264991514238,1037.7,626.7
13724,15116,958.6812040354517,558.1264991514238,1037.7,626.7
13725,15116,958.6812040354517,558.1264991514238,1037.7,626.7
13726,15116,958.6812040354517,558.1264991514238,1037.7,626.7
13727,15116,958.6812040354517,558.1264991514238,1037.7,626.7
13728,15116,958.6812040354517,558.1264991514238,1037.7,626.7
13729,15116,958.6812040354517,558.1264991514238,1037.7,626.7
13730,15116,958.6812040354517,558.1264991514238,1037.7,626.7
13731,15116,958.6812040354517,558.1264991514238,1037.7,626.7
13732,15116,958.6812040354517,558.1264991514238,1037.7,626.7
13733,15116,958.6812040354517,558.1264991514238,1037.7,626.7
13734,15116,958.6812040354517,558.1264991514238,1037.7,626.7
13735,15116,958.6812040354517,558.1264991514238,1037.7,626.7
13736,15116,958.6812040354517,558.1264991514238,1037.7,626.7
13737,15116,958.6812040354517,558.1264991514238,1037.7,626.7
13738,15116,958.6812040354517,558.1264991514238,1037.7,626.7
13739,15116,958.6812040354517,558.1264991514238,1037.7,626.7
13740,15116,958.6812040354517,558.1264991514238,1037.7,626.7
13741,15116,958.6812040354517,558.1264991514238,1037.7,626.7
13742,15116,958.6812040354517,558.1264991514238,1037.7,626.7
13743,15116,958.6812040354517,558.1264991514238,1037.7,626.7
13744,15116,958.6812040354517,558.1264991514238,1037.7,626.7
13745,15116,958.6812040354517,558.1264991514238,1037.7,626.7
13746,15116,958.6812040354517,558.1264991514238,1037.7,626.7
13747,15116,958.6812040354517,558.1264991514238,1037.7,626.7
13748,15116,958.6812040354517,558.1264991514238,1037.7,626.7
13749,15116,958.6812040354517,558.1264991514238,1037.7,626.7
13750,15116,958.6812040354517,558.1264991514238,1037.7,626.7
13751,15116,958.6812040354517,558.1264991514238,1037.7,626.7
13752,15116,958.6812040354517,558.1264991514238,1037.7,626.7
13753,15116,958.6812040354517,558.1264991514238,1037.7,626.7
13754,15116,958.6812040354517,558.1264991514238,1037.7,626.7
13755,15116,958.6812040354517,558.1264991514238,1037.7,626.7
13756,15116,958.6812040354517,558.1264991514238,1037.7,626.7
13757,15116,958.6812040354517,558.1264991514238,1037.7,626.7
13758,15116,958.6812040354517,558.1264991514238,1037.7,626.7
13759,15116,958.6812040354517,558.1264991514238,1037.7,626.7
13760,15116,958.6812040354517,558.1264991514238,1037.7,626.7
13761,15116,958.6812040354517,558.1264991514238,1037.7,626.7
13762,15116,958.6812040354517,558.1264991514238,1037.7,626.7
13763,15116,958.6812040354517,558.1264991514238,1037.7,626.7
13764,15116,958.6812040354517,558.1264991514238,1037.7,626.7
13765,15116,958.6812040354517,558.1264991514238,1037.7,626.7
13766,15116,958.6812040354517,558.1264991514238,1037.7,626.7
13767,15116,958.6812040354517,558.1264991514238,1037.7,626.7
13768,15116,958.6812040354517,558.1264991514238,1037.7,626.7
13769,15116,958.6812040354517,558.1264991514238,1037.7,626.7
13770,15116,958.6812040354517,558.1264991514238,1037.7,626.7
13771,15116,958.6812040354517,558.1264991514238,1037.7,626.7
13772,15116,958.6812040354517,558.1264991514238,1037.7,626.7
13773,15116,958.6812040354517,558.1264991514238,1037.7,626.7
13774,15116,958.6812040354517,558.1264991514238,1037.7,626.7
13775,15116,958.6812040354517,558.1264991514238,1037.7,626.7
13776,15116,958.6812040354517,558.1264991514238,1037.7,626.7
13777,15116,958.6812040354517,558.1264991514238,1037.7,626.7
13778,15116,958.6812040354517,558.1264991514238,1037.7,626.7
13779,15116,958.6812040354517,558.1264991514238,1037.7,626.7
13780,15116,958.6812040354517,558.1264991514238,1037.7,626.7
13781,15116,958.6812040354517,558.1264991514238,1037.7,626.7
13782,15116,958.6812040354517,558.1264991514238,1037.7,626.7
13783,15116,958.6812040354517,558.1264991514238,1037.7,626.7
13784,15116,958.6812040354517,558.1264991514238,1037.7,626.7
13785,15116,958.6812040354517,558.1264991514238,1037.7,626.7
13786,15116,958.6812040354517,558.1264991514238,1037.7,626.7
13787,15116,958.6812040354517,558.1264991514238,1037.7,626.7
13788,15116,958.6812040354517,558.1264991514238,1037.7,626.7
13789,15116,958.6812040354517,558.1264991514238,1037.7,626.7
13790,15116,958.6812040354517,558.1264991514238,1037.7,626.7
13791,15116,958.6812040354517,558.1264991514238,1037.7,626.7
13792,15116,958.6812040354517,558.1264991514238,1037.7,626.7
13793,15116,958.6812040354517,558.1264991514238,1037.7,626.7
13794,15116,958.6812040354517,558.1264991514238,1037.7,626.7
13795,15116,958.6812040354517,558.1264991514238,1037.7,626.7
13796,15116,958.6812040354517,558.1264991514238,1037.7,626.7
13797,15116,958.6812040354517,558.1264991514238,1037.7,626.7
13798,15116,958.6812040354517,558.1264991514238,1037.7,626.7
13799,15116,958.6812040354517,558.1264991514238,1037.7,626.7
13800,15116,958.6812040354517,558.1264991514238,1037.7,626.7
13801,15116,958.6812040354517,558.1264991514238,1037.7,626.7
13802,15116,958.6812040354517,558.1264991514238,1037.7,626.7
13803,15116,958.6812040354517,558.1264991514238,1037.7,626.7
13804,15116,958.6812040354517,558.1264991514238,1037.7,626.7
13805,15116,958.6812040354517,558.1264991514238,1037.7,626.7
13806,15116,958.6812040354517,558.1264991514238,1037.7,626.7
13807,15116,958.6812040354517,558.1264991514238,1037.7,626.7
13808,15116,958.6812040354517,558.1264991514238,1037.7,626.7
13809,15116,958.6812040354517,558.1264991514238,1037.7,626.7
13810,15116,958.6812040354517,558.1264991514238,1037.7,626.7
13811,15116,958.6812040354517,558.1264991514238,1037.7,626.7
13812,15116,958.6812040354517,558.1264991514238,1037.7,626.7
13813,15116,958.6812040354517,558.1264991514238,1037.7,626.7
13814,15116,958.6812040354517,558.1264991514238,1037.7,626.7
13815,15116,958.6812040354517,558.1264991514238,1037.7,626.7
13816,15116,958.6812040354517,558.1264991514238,1037.7,626.7
13817,15116,958.6812040354517,558.1264991514238,1037.7,626.7
13818,15116,958.6812040354517,558.1264991514238,1037.7,626.7
13819,15116,958.6812040354517,558.1264991514238,1037.7,626.7
13820,15116,958.6812040354517,558.1264991514238,1037.7,626.7
13821,15116,958.6812040354517,558.1264991514238,1037.7,626.7
13822,15116,958.6812040354517,558.1264991514238,1037.7,626.7
13823,15116,958.6812040354517,558.1264991514238,1037.7,626.7
13824,15116,958.6812040354517,558.1264991514238,1037.7,626.7
13825,15116,958.6812040354517,558.1264991514238,1037.7,626.7
13826,15117,958.6812040354517,558.1264991514238,1037.7,626.7
13827,15118,958.6812040354517,558.1264991514238,1037.7,626.7
13828,15119,958.6812040354517,558.1264991514238,1037.7,626.7
13829,15120,958.6812040354517,558.1264991514238,1037.7,626.7
13830,15121,958.6812040354517,558.1264991514238,1037.7,626.7
13831,15122,958.6812040354517,558.1264991514238,1037.7,626.7
13832,15123,958.6812040354517,558.1264991514238,1037.7,626.7
13833,15124,958.6812040354517,558.1264991514238,1037.7,626.7
13834,15125,958.6812040354517,558.1264991514238,1037.7,626.7
13835,15126,958.6812040354517,558.1264991514238,1037.7,626.7
13836,15127,958.6812040354517,558.1264991514238,1037.7,626.7
13837,15128,958.6812040354517,558.1264991514238,1037.7,626.7
13838,15129,958.6812040354517,558.1264991514238,1037.7,626.7
13839,15130,958.6812040354517,558.1264991514238,1037.7,626.7
13840,15131,958.6812040354517,558.1264991514238,1037.7,626.7
13841,15132,958.6812040354517,558.1264991514238,1037.7,626.7
13842,15133,958.6812040354517,558.1264991514238,1037.7,626.7
13843,15134,958.6812040354517,558.1264991514238,1037.7,626.7
13844,15135,958.6812040354517,558.1264991514238,1037.7,626.7
13845,15136,958.6812040354517,558.1264991514238,1037.7,626.7
13846,15137,958.6812040354517,558.1264991514238,1037.7,626.7
13847,15138,958.6812040354517,558.1264991514238,1037.7,626.7
13848,15139,958.6812040354517,558.1264991514238,1037.7,626.7
13849,15140,958.6812040354517,558.1264991514238,1037.7,626.7
13850,15141,958.6812040354517,558.1264991514238,1037.7,626.7
13851,15142,958.6812040354517,558.1264991514238,1037.7,626.7
13852,15143,958.6812040354517,558.1264991514238,1037.7,626.7
13853,15144,958.6812040354517,558.1264991514238,1037.7,626.7
13854,15145,958.6812040354517,558.1264991514238,1037.7,626.7
13855,15146,958.6812040354517,558.1264991514238,1037.7,626.7
13856,15147,958.6812040354517,558.1264991514238,1037.7,626.7
13857,15148,958.6812040354517,558.1264991514238,1037.7,626.7
13858,15149,958.6812040354517,558.1264991514238,1037.7,626.7
13859,15150,958.6812040354517,558.1264991514238,1037.7,626.7
13860,15151,958.6812040354517,558.1264991514238,1037.7,626.7
13861,15152,958.6812040354517,558.1264991514238,1037.7,626.7
13862,15153,958.6812040354517,558.1264991514238,1037.7,626.7
13863,15154,958.6812040354517,558.1264991514238,1037.7,626.7
13864,15155,958.6812040354517,558.1264991514238,1037.7,626.7
13865,15156,958.6812040354517,558.1264991514238,1037.7,626.7
13866,15157,958.6812040354517,558.1264991514238,1037.7,626.7
13867,15158,958.6812040354517,558.1264991514238,1037.7,626.7
13868,15159,958.6812040354517,558.1264991514238,1037.7,626.7
13869,15160,958.6812040354517,558.1264991514238,1037.7,626.7
13870,15161,958.6812040354517,558.1264991514238,1037.7,626.7
13871,15162,958.6812040354517,558.1264991514238,1037.7,626.7
13872,15163,958.6812040354517,558.1264991514238,1037.7,626.7
13873,15164,958.6812040354517,558.1264991514238,1037.7,626.7
13874,15165,958.6812040354517,558.1264991514238,1037.7,626.7
13875,15166,958.6812040354517,558.1264991514238,1037.7,626.7
13876,15167,958.6812040354517,558.1264991514238,1037.7,626.7
13877,15168,958.6812040354517,558.1264991514238,1037.7,626.7
13878,15169,958.6812040354517,558.1264991514238,1037.7,626.7
13879,15170,958.6812040354517,558.1264991514238,1037.7,626.7
13880,15171,958.6812040354517,558.1264991514238,1037.7,626.7
13881,15172,958.6812040354517,558.1264991514238,1037.7,626.7
13882,15173,958.6812040354517,558.1264991514238,1037.7,626.7
13883,15174,958.6812040354517,558.1264991514238,1037.7,626.7
13884,15175,958.6812040354517,558.1264991514238,1037.7,626.7
13885,15176,958.6812040354517,558.1264991514238,1037.7,626.7
13886,15177,958.6812040354517,558.1264991514238,1037.7,626.7
13887,15178,958.6812040354517,558.1264991514238,1037.7,626.7
13888,15179,958.6812040354517,558.1264991514238,1037.7,626.7
13889,15180,958.6812040354517,558.1264991514238,1037.7,626.7
13890,15181,958.6812040354517,558.1264991514238,1037.7,626.7
13891,15182,958.6812040354517,558.1264991514238,1037.7,626.7
13892,15183,958.6812040354517,558.1264991514238,1037.7,626.7
13893,15184,958.6812040354517,558.1264991514238,1037.7,626.7
13894,15185,958.6812040354517,558.1264991514238,1037.7,626.7
13895,15186,958.6812040354517,558.1264991514238,1037.7,626.7
13896,15187,958.6812040354517,558.1264991514238,1030.2363636363636,630.5181818181819
13897,15188,958.6812040354517,558.1264991514238,1022.7727272727274,634.3363636363637
13898,15189,958.6812040354517,558.1264991514238,1015.309090909091,638.1545454545455
13898,15190,958.6812040354517,558.1264991514238,1007.8454545454546,641.9727272727273
13898,15191,958.6812040354517,558.1264991514238,1000.3818181818182,645.7909090909092
13898,15192,958.6812040354517,558.1264991514238,992.9181818181819,649.6090909090909
13898,15193,958.6812040354517,558.1264991514238,985.4545454545455,653.4272727272728
13898,15194,958.6812040354517,558.1264991514238,977.9909090909091,657.2454545454545
13898,15195,958.6812040354517,558.1264991514238,970.5272727272727,661.0636363636364
13898,15196,958.6812040354517,558.1264991514238,963.0636363636364,664.8818181818183
13898,15197,958.6812040354517,558.1264991514238,955.6,668.7
13898,15198,958.6812040354517,558.1264991514238,955.6,668.7
13898,15199,958.6812040354517,558.1264991514238,955.6,668.7
13898,15200,958.6812040354517,558.1264991514238,955.6,668.7
13898,15201,958.6812040354517,558.1264991514238,955.6,668.7
13898,15202,958.6812040354517,558.1264991514238,955.6,668.7
13898,15203,958.6812040354517,558.1264991514238,955.6,668.7
13898,15204,958.6812040354517,558.1264991514238,955.6,668.7
13898,15205,958.6812040354517,558.1264991514238,955.6,668.7
13898,15206,958.6812040354517,558.1264991514238,955.6,668.7
13898,15207,958.6812040354517,558.1264991514238,955.6,668.7
13898,15208,958.6812040354517,558.1264991514238,955.6,668.7
13898,15209,958.6812040354517,558.1264991514238,955.6,668.7
13898,15210,958.6812040354517,558.1264991514238,955.6,668.7
13898,15211,958.6812040354517,558.1264991514238,955.6,668.7
13898,15212,958.6812040354517,558.1264991514238,955.6,668.7
13898,15213,958.6812040354517,558.1264991514238,955.6,668.7
13898,15214,958.6812040354517,558.1264991514238,955.6,668.7
13898,15215,958.6812040354517,558.1264991514238,955.6,668.7
13898,15216,958.6812040354517,558.1264991514238,955.6,668.7
13898,15217,958.6812040354517,558.1264991514238,955.6,668.7
13898,15218,958.6812040354517,558.1264991514238,955.6,668.7
13898,15219,958.6812040354517,558.1264991514238,955.6,668.7
13898,15220,958.6812040354517,558.1264991514238,955.6,668.7
13898,15221,958.6812040354517,558.1264991514238,955.6,668.7
13898,15222,958.6812040354517,558.1264991514238,955.6,668.7
13898,15223,958.6812040354517,558.1264991514238,955.6,668.7
13898,15224,958.6812040354517,558.1264991514238,955.6,668.7
13898,15225,958.6812040354517,558.1264991514238,955.6,668.7
13898,15226,958.6812040354517,558.1264991514238,955.6,668.7
13898,15227,958.6812040354517,558.1264991514238,955.6,668.7
13898,15228,958.6812040354517,558.1264991514238,955.6,668.7
13898,15229,958.6812040354517,558.1264991514238,955.6,668.7
13898,15230,958.6812040354517,558.1264991514238,955.6,668.7
13898,15231,958.6812040354517,558.1264991514238,955.6,668.7
13898,15232,958.6812040354517,558.1264991514238,955.6,668.7
13898,15233,958.6812040354517,558.1264991514238,955.6,668.7
13898,15234,958.6812040354517,558.1264991514238,955.6,668.7
13898,15235,958.6812040354517,558.1264991514238,955.6,668.7
13898,15236,958.6812040354517,558.1264991514238,955.6,668.7
13898,15237,958.6812040354517,558.1264991514238,955.6,668.7
13898,15238,958.6812040354517,558.1264991514238,955.6,668.7
13898,15239,958.6812040354517,558.1264991514238,955.6,668.7
13898,15240,958.6812040354517,558.1264991514238,955.6,668.7
13898,15241,958.6812040354517,558.1264991514238,955.6,668.7
13898,15242,958.6812040354517,558.1264991514238,955.6,668.7
13898,15243,958.6812040354517,558.1264991514238,955.6,668.7
13898,15244,958.6812040354517,558.1264991514238,955.6,668.7
13898,15245,958.6812040354517,558.1264991514238,955.6,668.7
13898,15246,958.6812040354517,558.1264991514238,955.6,668.7
13898,15247,958.6812040354517,558.1264991514238,955.6,668.7
13898,15248,958.6812040354517,558.1264991514238,955.6,668.7
13898,15249,958.6812040354517,558.1264991514238,955.6,668.7
13898,15250,958.6812040354517,558.1264991514238,955.6,668.7
13898,15251,958.6812040354517,558.1264991514238,955.6,668.7
13898,15252,958.6812040354517,558.1264991514238,955.6,668.7
13898,15253,958.6812040354517,558.1264991514238,955.6,668.7
13898,15254,958.6812040354517,558.1264991514238,955.6,668.7
13898,15255,958.6812040354517,558.1264991514238,955.6,668.7
13898,15256,958.6812040354517,558.1264991514238,955.6,668.7
13898,15257,958.6812040354517,558.1264991514238,955.6,668.7
13898,15258,958.6812040354517,558.1264991514238,955.6,668.7
13898,15259,958.6812040354517,558.1264991514238,955.6,668.7
13898,15260,958.6812040354517,558.1264991514238,955.6,668.7
13898,15261,958.6812040354517,558.1264991514238,955.6,668.7
13898,15262,958.6812040354517,558.1264991514238,955.6,668.7
13898,15263,958.6812040354517,558.1264991514238,955.6,668.7
13898,15264,958.6812040354517,558.1264991514238,955.6,668.7
13898,15265,958.6812040354517,558.1264991514238,955.6,668.7
13898,15266,958.6812040354517,558.1264991514238,955.6,668.7
13898,15267,958.6812040354517,558.1264991514238,955.6,668.7
13898,15268,958.6812040354517,558.1264991514238,955.6,668.7
13898,15269,958.6812040354517,558.1264991514238,955.6,668.7
13898,15270,958.6812040354517,558.1264991514238,955.6,668.7
13898,15271,958.6812040354517,558.1264991514238,955.6,668.7
13898,15272,958.6812040354517,558.1264991514238,955.6,668.7
13898,15273,958.6812040354517,558.1264991514238,955.6,668.7
13898,15274,958.6812040354517,558.1264991514238,955.6,668.7
13898,15275,958.6812040354517,558.1264991514238,955.6,668.7
13898,15276,958.6812040354517,558.1264991514238,955.6,668.7
13898,15277,958.6812040354517,558.1264991514238,955.6,668.7
13898,15278,958.6812040354517,558.1264991514238,955.6,668.7
13898,15279,958.6812040354517,558.1264991514238,955.6,668.7
13898,15280,958.6812040354517,558.1264991514238,955.6,668.7
13898,15281,958.6812040354517,558.1264991514238,955.6,668.7
13898,15282,958.6812040354517,558.1264991514238,955.6,668.7
13898,15283,958.6812040354517,558.1264991514238,955.6,668.7
13898,15284,958.6812040354517,558.1264991514238,955.6,668.7
13898,15285,958.6812040354517,558.1264991514238,955.6,668.7
13898,15286,958.6812040354517,558.1264991514238,955.6,668.7
13899,15287,958.6812040354517,558.1264991514238,955.6,668.7
13900,15288,958.6812040354517,558.1264991514238,955.6,668.7
13901,15289,958.6812040354517,558.1264991514238,955.6,668.7
13902,15290,958.6812040354517,558.1264991514238,955.6,668.7
13903,15291,958.6812040354517,558.1264991514238,955.6,668.7
13904,15292,958.6812040354517,558.1264991514238,955.6,668.7
13905,15293,958.6812040354517,558.1264991514238,955.6,668.7
13906,15294,958.6812040354517,558.1264991514238,955.6,668.7
13907,15295,958.6812040354517,558.1264991514238,955.6,668.7
13908,15296,958.6812040354517,558.1264991514238,955.6,668.7
13909,15297,958.6812040354517,558.1264991514238,955.6,668.7
13910,15298,958.6812040354517,558.1264991514238,955.6,668.7
13911,15299,958.6812040354517,558.1264991514238,955.6,668.7
13912,15300,958.6812040354517,558.1264991514238,955.6,668.7
13913,15301,958.6812040354517,558.1264991514238,955.6,668.7
13914,15302,958.6812040354517,558.1264991514238,955.6,668.7
13915,15303,958.6812040354517,558.1264991514238,955.6,668.7
13916,15304,958.6812040354517,558.1264991514238,955.6,668.7
13917,15305,958.6812040354517,558.1264991514238,955.6,668.7
13918,15306,958.6812040354517,558.1264991514238,955.6,668.7
13919,15307,958.6812040354517,558.1264991514238,955.6,668.7
13920,15308,958.6812040354517,558.1264991514238,955.6,668.7
13921,15309,958.6812040354517,558.1264991514238,955.6,668.7
13922,15310,958.6812040354517,558.1264991514238,955.6,668.7
13923,15311,958.6812040354517,558.1264991514238,955.6,668.7
13924,15312,958.6812040354517,558.1264991514238,955.6,668.7
13925,15313,958.6812040354517,558.1264991514238,955.6,668.7
13926,15314,958.6812040354517,558.1264991514238,955.6,668.7
13927,15315,958.6812040354517,558.1264991514238,955.6,668.7
13928,15316,958.6812040354517,558.1264991514238,955.6,668.7
13929,15317,958.6812040354517,558.1264991514238,955.6,668.7
13930,15318,958.6812040354517,558.1264991514238,955.6,668.7
13931,15319,958.6812040354517,558.1264991514238,955.6,668.7
13932,15320,958.6812040354517,558.1264991514238,955.6,668.7
13933,15321,958.6812040354517,558.1264991514238,955.6,668.7
13934,15322,958.6812040354517,558.1264991514238,955.6,668.7
13935,15323,958.6812040354517,558.1264991514238,955.6,668.7
13936,15324,958.6812040354517,558.1264991514238,955.6,668.7
13937,15325,958.6812040354517,558.1264991514238,955.6,668.7
13938,15326,958.6812040354517,558.1264991514238,955.6,668.7
13939,15327,958.6812040354517,558.1264991514238,955.6,668.7
13940,15328,958.6812040354517,558.1264991514238,955.6,668.7
13941,15329,958.6812040354517,558.1264991514238,955.6,668.7
13942,15330,958.6812040354517,558.1264991514238,955.6,668.7
13943,15331,958.6812040354517,558.1264991514238,955.6,668.7
13944,15332,958.6812040354517,558.1264991514238,955.6,668.7
13945,15333,958.6812040354517,558.1264991514238,955.6,668.7
13946,15334,958.6812040354517,558.1264991514238,955.6,668.7
13947,15335,958.6812040354517,558.1264991514238,955.6,668.7
13948,15336,958.6812040354517,558.1264991514238,955.6,668.7
13949,15337,958.6812040354517,558.1264991514238,955.6,668.7
13950,15338,958.6812040354517,558.1264991514238,955.6,668.7
13951,15339,958.6812040354517,558.1264991514238,955.6,668.7
13952,15340,958.6812040354517,558.1264991514238,955.6,668.7
13953,15341,958.6812040354517,558.1264991514238,955.6,668.7
13954,15342,958.6812040354517,558.1264991514238,955.6,668.7
13955,15343,958.6812040354517,558.1264991514238,955.6,668.7
13956,15344,958.6812040354517,558.1264991514238,955.6,668.7
13957,15345,958.6812040354517,558.1264991514238,955.6,668.7
13958,15346,958.6812040354517,558.1264991514238,955.6,668.7
13959,15347,958.6812040354517,558.1264991514238,955.6,668.7
13960,15348,958.6812040354517,558.1264991514238,955.6,668.7
13961,15349,958.6812040354517,558.1264991514238,955.6,668.7
13962,15350,958.6812040354517,558.1264991514238,955.6,668.7
13963,15351,958.6812040354517,558.1264991514238,955.6,668.7
13964,15352,958.6812040354517,558.1264991514238,955.6,668.7
13965,15353,958.6812040354517,558.1264991514238,955.6,668.7
13966,15354,958.6812040354517,558.1264991514238,955.6,668.7
13967,15355,958.6812040354517,558.1264991514238,955.6,668.7
13968,15356,958.6812040354517,558.1264991514238,955.6,668.7
13969,15357,958.6812040354517,558.1264991514238,955.6,668.7
13970,15358,958.6812040354517,558.1264991514238,955.6,668.7
13971,15359,958.6812040354517,558.1264991514238,955.6,668.7
13972,15360,958.6812040354517,558.1264991514238,955.6,668.7
13973,15361,958.6812040354517,558.1264991514238,955.6,668.7
13974,15362,958.6812040354517,558.1264991514238,955.6,668.7
13975,15363,958.6812040354517,558.1264991514238,955.6,668.7
13976,15364,958.6812040354517,558.1264991514238,955.6,668.7
13977,15365,958.6812040354517,558.1264991514238,955.6,668.7
13978,15366,958.6812040354517,558.1264991514238,955.6,668.7
13979,15367,958.6812040354517,558.1264991514238,955.6,668.7
13980,15368,958.6812040354517,558.1264991514238,955.6,668.7
13981,15369,958.6812040354517,558.1264991514238,955.6,668.7
13982,15370,958.6812040354517,558.1264991514238,955.6,668.7
13983,15371,958.6812040354517,558.1264991514238,955.6,668.7
13984,15372,958.6812040354517,558.1264991514238,955.6,668.7
13985,15373,958.6812040354517,558.1264991514238,955.6,668.7
13986,15374,958.6812040354517,558.1264991514238,955.6,668.7
13987,15375,958.6812040354517,558.1264991514238,955.6,668.7
13988,15376,958.6812040354517,558.1264991514238,955.6,668.7
13989,15377,958.6812040354517,558.1264991514238,955.6,668.7
13990,15378,958.6812040354517,558.1264991514238,955.6,668.7
13991,15379,958.6812040354517,558.1264991514238,955.6,668.7
13992,15380,958.6812040354517,558.1264991514238,955.6,668.7
13993,15381,958.6812040354517,558.1264991514238,955.6,668.7
13994,15382,958.6812040354517,558.1264991514238,955.6,668.7
13995,15383,958.6812040354517,558.1264991514238,955.6,668.7
13996,15384,958.6812040354517,558.1264991514238,955.6,668.7
13997,15385,958.6812040354517,558.1264991514238,955.6,668.7
13998,15386,958.6812040354517,558.1264991514238,955.6,668.7
13999,15387,958.6812040354517,558.1264991514238,955.6,668.7
14000,15388,958.6812040354517,558.1264991514238,955.6,668.7
14001,15389,958.6812040354517,558.1264991514238,955.6,668.7
14002,15390,958.6812040354517,558.1264991514238,955.6,668.7
14003,15391,958.6812040354517,558.1264991514238,955.6,668.7
14004,15392,958.6812040354517,558.1264991514238,955.6,668.7
14005,15393,958.6812040354517,558.1264991514238,955.6,668.7
14006,15394,958.6812040354517,558.1264991514238,955.6,668.7
14007,15395,958.6812040354517,558.1264991514238,955.6,668.7
14008,15396,958.6812040354517,558.1264991514238,955.6,668.7
14009,15397,958.6812040354517,558.1264991514238,955.6,668.7
14010,15398,958.6812040354517,558.1264991514238,955.6,668.7
14011,15399,958.6812040354517,558.1264991514238,955.6,668.7
14012,15400,958.6812040354517,558.1264991514238,955.6,668.7
14013,15401,958.6812040354517,558.1264991514238,955.6,668.7
14014,15402,958.6812040354517,558.1264991514238,955.6,668.7
14015,15403,958.6812040354517,558.1264991514238,955.6,668.7
14016,15404,958.6812040354517,558.1264991514238,955.6,668.7
14017,15405,958.6812040354517,558.1264991514238,955.6,668.7
14018,15406,958.6812040354517,558.1264991514238,955.6,668.7
14019,15407,958.6812040354517,558.1264991514238,955.6,668.7
14020,15408,958.6812040354517,558.1264991514238,955.6,668.7
14021,15409,958.6812040354517,558.1264991514238,955.6,668.7
14022,15410,958.6812040354517,558.1264991514238,955.6,668.7
14023,15411,958.6812040354517,558.1264991514238,955.6,668.7
14024,15412,958.6812040354517,558.1264991514238,955.6,668.7
14025,15413,958.6812040354517,558.1264991514238,955.6,668.7
14026,15414,958.6812040354517,558.1264991514238,955.6,668.7
14027,15415,958.6812040354517,558.1264991514238,955.6,668.7
14028,15416,958.6812040354517,558.1264991514238,955.6,668.7
14029,15417,958.6812040354517,558.1264991514238,955.6,668.7
14030,15418,958.6812040354517,558.1264991514238,955.6,668.7
14031,15419,958.6812040354517,558.1264991514238,955.6,668.7
14032,15420,958.6812040354517,558.1264991514238,955.6,668.7
14033,15421,958.6812040354517,558.1264991514238,955.6,668.7
14034,15422,958.6812040354517,558.1264991514238,955.6,668.7
14035,15423,958.6812040354517,558.1264991514238,955.6,668.7
14036,15424,958.6812040354517,558.1264991514238,955.6,668.7
14037,15425,958.6812040354517,558.1264991514238,955.6,668.7
14038,15426,958.6812040354517,558.1264991514238,955.6,668.7
14039,15427,958.6812040354517,558.1264991514238,955.6,668.7
14040,15428,958.6812040354517,558.1264991514238,955.6,668.7
14041,15429,958.6812040354517,558.1264991514238,955.6,668.7
14042,15430,958.6812040354517,558.1264991514238,955.6,668.7
14043,15431,958.6812040354517,558.1264991514238,955.6,668.7
14044,15432,958.6812040354517,558.1264991514238,955.6,668.7
14045,15433,958.6812040354517,558.1264991514238,955.6,668.7
14046,15434,958.6812040354517,558.1264991514238,955.6,668.7
14047,15435,958.6812040354517,558.1264991514238,955.6,668.7
14048,15436,958.6812040354517,558.1264991514238,955.6,668.7
14049,15437,958.6812040354517,558.1264991514238,955.6,668.7
14050,15438,958.6812040354517,558.1264991514238,955.6,668.7
14051,15439,958.6812040354517,558.1264991514238,955.6,668.7
14052,15440,958.6812040354517,558.1264991514238,955.6,668.7
14053,15441,958.6812040354517,558.1264991514238,955.6,668.7
14054,15442,958.6812040354517,558.1264991514238,955.6,668.7
14055,15443,958.6812040354517,558.1264991514238,955.6,668.7
14056,15444,958.6812040354517,558.1264991514238,955.6,668.7
14057,15445,958.6812040354517,558.1264991514238,955.6,668.7
14058,15446,958.6812040354517,558.1264991514238,955.6,668.7
14059,15447,958.6812040354517,558.1264991514238,955.6,668.7
14060,15448,958.6812040354517,558.1264991514238,955.6,668.7
14061,15449,958.6812040354517,558.1264991514238,955.6,668.7
14062,15450,958.6812040354517,558.1264991514238,955.6,668.7
14063,15451,958.6812040354517,558.1264991514238,955.6,668.7
14064,15452,958.6812040354517,558.1264991514238,955.6,668.7
14065,15453,958.6812040354517,558.1264991514238,955.6,668.7
14066,15454,958.6812040354517,558.1264991514238,955.6,668.7
14067,15455,958.6812040354517,558.1264991514238,955.6,668.7
14068,15456,958.6812040354517,558.1264991514238,955.6,668.7
14069,15457,958.6812040354517,558.1264991514238,955.6,668.7
14070,15458,958.6812040354517,558.1264991514238,955.6,668.7
14071,15459,958.6812040354517,558.1264991514238,955.6,668.7
14072,15460,958.6812040354517,558.1264991514238,955.6,668.7
14073,15461,958.6812040354517,558.1264991514238,955.6,668.7
14074,15462,958.6812040354517,558.1264991514238,955.6,668.7
14075,15463,958.6812040354517,558.1264991514238,955.6,668.7
14076,15464,958.6812040354517,558.1264991514238,955.6,668.7
14077,15465,958.6812040354517,558.1264991514238,955.6,668.7
14078,15466,958.6812040354517,558.1264991514238,955.6,668.7
14079,15467,958.6812040354517,558.1264991514238,958.1583333333333,667.6583333333334
14080,15468,958.6812040354517,558.1264991514238,960.7166666666667,666.6166666666667
14081,15469,958.6812040354517,558.1264991514238,963.275,665.575
14082,15470,958.6812040354517,558.1264991514238,965.8333333333334,664.5333333333334
14083,15471,958.6812040354517,558.1264991514238,968.3916666666667,663.4916666666667
14084,15472,958.6812040354517,558.1264991514238,970.95,662.45
14085,15473,958.6812040354517,558.1264991514238,973.5083333333333,661.4083333333334
14086,15474,958.6812040354517,558.1264991514238,976.0666666666666,660.3666666666667
14087,15475,958.6812040354517,558.1264991514238,978.625,659.325
14088,15476,958.6812040354517,558.1264991514238,981.1833333333333,658.2833333333334
14089,15477,958.6812040354517,558.1264991514238,983.7416666666667,657.2416666666667
14090,15478,958.6812040354517,558.1264991514238,986.3,656.2
14091,15479,958.6812040354517,558.1264991514238,986.3,656.2
14092,15480,958.6812040354517,558.1264991514238,986.3,656.2
14093,15481,958.6812040354517,558.1264991514238,986.3,656.2
14094,15482,958.6812040354517,558.1264991514238,986.3,656.2
14095,15483,958.6812040354517,558.1264991514238,986.3,656.2
14096,15484,958.6812040354517,558.1264991514238,986.3,656.2
14097,15485,958.6812040354517,558.1264991514238,986.3,656.2
14098,15486,958.6812040354517,558.1264991514238,986.3,656.2
14099,15487,958.6812040354517,558.1264991514238,986.3,656.2
14100,15488,958.6812040354517,558.1264991514238,986.3,656.2
14101,15489,958.6812040354517,558.1264991514238,986.3,656.2
14102,15490,958.6812040354517,558.1264991514238,986.3,656.2
14103,15491,958.6812040354517,558.1264991514238,986.3,656.2
14104,15492,958.6812040354517,558.1264991514238,986.3,656.2
14105,15493,958.6812040354517,558.1264991514238,986.3,656.2
14106,15494,958.6812040354517,558.1264991514238,986.3,656.2
14107,15495,958.6812040354517,558.1264991514238,986.3,656.2
14108,15496,958.6812040354517,558.1264991514238,986.3,656.2
14109,15497,958.6812040354517,558.1264991514238,986.3,656.2
14110,15498,958.6812040354517,558.1264991514238,986.3,656.2
14111,15499,958.6812040354517,558.1264991514238,986.3,656.2
14112,15500,958.6812040354517,558.1264991514238,986.3,656.2
14113,15501,958.6812040354517,558.1264991514238,986.3,656.2
14114,15502,958.6812040354517,558.1264991514238,986.3,656.2
14115,15503,958.6812040354517,558.1264991514238,986.3,656.2
14116,15504,958.6812040354517,558.1264991514238,986.3,656.2
14117,15505,958.6812040354517,558.1264991514238,986.3,656.2
14118,15506,958.6812040354517,558.1264991514238,986.3,656.2
14119,15507,958.6812040354517,558.1264991514238,986.3,656.2
14120,15508,958.6812040354517,558.1264991514238,986.3,656.2
14121,15509,958.6812040354517,558.1264991514238,986.3,656.2
14122,15510,958.6812040354517,558.1264991514238,986.3,656.2
14123,15511,958.6812040354517,558.1264991514238,986.3,656.2
14124,15512,958.6812040354517,558.1264991514238,986.3,656.2
14125,15513,958.6812040354517,558.1264991514238,986.3,656.2
14126,15514,958.6812040354517,558.1264991514238,986.3,656.2
14127,15515,958.6812040354517,558.1264991514238,986.3,656.2
14128,15516,958.6812040354517,558.1264991514238,986.3,656.2
14129,15517,958.6812040354517,558.1264991514238,986.3,656.2
14130,15518,958.6812040354517,558.1264991514238,986.3,656.2
14131,15519,958.6812040354517,558.1264991514238,986.3,656.2
14132,15520,958.6812040354517,558.1264991514238,986.3,656.2
14133,15521,958.6812040354517,558.1264991514238,986.3,656.2
14134,15522,958.6812040354517,558.1264991514238,986.3,656.2
14135,15523,958.6812040354517,558.1264991514238,986.3,656.2
14136,15524,958.6812040354517,558.1264991514238,986.3,656.2
14137,15525,958.6812040354517,558.1264991514238,986.3,656.2
14138,15526,958.6812040354517,558.1264991514238,986.3,656.2
14139,15527,958.6812040354517,558.1264991514238,986.3,656.2
14140,15528,958.6812040354517,558.1264991514238,986.3,656.2
14141,15529,958.6812040354517,558.1264991514238,986.3,656.2
14142,15530,958.6812040354517,558.1264991514238,986.3,656.2
14143,15531,958.6812040354517,558.1264991514238,986.3,656.2
14144,15532,958.6812040354517,558.1264991514238,986.3,656.2
14145,15533,958.6812040354517,558.1264991514238,986.3,656.2
14146,15534,958.6812040354517,558.1264991514238,986.3,656.2
14147,15535,958.6812040354517,558.1264991514238,986.3,656.2
14148,15536,958.6812040354517,558.1264991514238,986.3,656.2
14149,15537,958.6812040354517,558.1264991514238,986.3,656.2
14150,15538,958.6812040354517,558.1264991514238,986.3,656.2
14151,15539,958.6812040354517,558.1264991514238,986.3,656.2
14152,15540,958.6812040354517,558.1264991514238,986.3,656.2
14153,15541,958.6812040354517,558.1264991514238,986.3,656.2
14154,15542,958.6812040354517,558.1264991514238,986.3,656.2
14155,15543,958.6812040354517,558.1264991514238,986.3,656.2
14156,15544,958.6812040354517,558.1264991514238,986.3,656.2
14157,15545,958.6812040354517,558.1264991514238,986.3,656.2
14158,15546,958.6812040354517,558.1264991514238,986.3,656.2
14159,15547,958.6812040354517,558.1264991514238,986.3,656.2
14160,15548,958.6812040354517,558.1264991514238,986.3,656.2
14161,15549,958.6812040354517,558.1264991514238,986.3,656.2
14162,15550,958.6812040354517,558.1264991514238,986.3,656.2
14163,15551,958.6812040354517,558.1264991514238,986.3,656.2
14164,15552,958.6812040354517,558.1264991514238,986.3,656.2
14165,15553,958.6812040354517,558.1264991514238,986.3,656.2
14166,15554,958.6812040354517,558.1264991514238,986.3,656.2
14167,15555,958.6812040354517,558.1264991514238,986.3,656.2
14168,15556,958.6812040354517,558.1264991514238,986.3,656.2
14169,15557,958.6812040354517,558.1264991514238,986.3,656.2
14170,15558,958.6812040354517,558.1264991514238,986.3,656.2
14171,15559,958.6812040354517,558.1264991514238,986.3,656.2
14172,15560,958.6812040354517,558.1264991514238,986.3,656.2
14173,15561,958.6812040354517,558.1264991514238,986.3,656.2
14174,15562,958.6812040354517,558.1264991514238,986.3,656.2
14175,15563,958.6812040354517,558.1264991514238,986.3,656.2
14176,15564,958.6812040354517,558.1264991514238,986.3,656.2
14177,15565,958.6812040354517,558.1264991514238,986.3,656.2
14178,15566,958.6812040354517,558.1264991514238,986.3,656.2
14179,15567,958.6812040354517,558.1264991514238,986.3,656.2
14180,15568,958.6812040354517,558.1264991514238,986.3,656.2
14181,15569,958.6812040354517,558.1264991514238,986.3,656.2
14182,15570,958.6812040354517,558.1264991514238,986.3,656.2
14183,15571,958.6812040354517,558.1264991514238,986.3,656.2
14184,15572,958.6812040354517,558.1264991514238,986.3,656.2
14185,15573,958.6812040354517,558.1264991514238,986.3,656.2
14186,15574,958.6812040354517,558.1264991514238,986.3,656.2
14187,15575,958.6812040354517,558.1264991514238,986.3,656.2
14188,15576,958.6812040354517,558.1264991514238,986.3,656.2
14189,15577,958.6812040354517,558.1264991514238,986.3,656.2
14190,15578,958.6812040354517,558.1264991514238,986.3,656.2
14191,15579,958.6812040354517,558.1264991514238,986.3,656.2
14192,15580,958.6812040354517,558.1264991514238,986.3,656.2
14193,15581,958.6812040354517,558.1264991514238,986.3,656.2
14194,15582,958.6812040354517,558.1264991514238,986.3,656.2
14195,15583,958.6812040354517,558.1264991514238,986.3,656.2
14196,15584,958.6812040354517,558.1264991514238,986.3,656.2
14197,15585,958.6812040354517,558.1264991514238,986.3,656.2
14198,15586,958.6812040354517,558.1264991514238,986.3,656.2
14199,15587,958.6812040354517,558.1264991514238,986.3,656.2
14200,15588,958.6812040354517,558.1264991514238,986.3,656.2
14201,15589,958.6812040354517,558.1264991514238,986.3,656.2
14202,15590,958.6812040354517,558.1264991514238,986.3,656.2
14203,15591,958.6812040354517,558.1264991514238,986.3,656.2
14204,15592,958.6812040354517,558.1264991514238,986.3,656.2
14205,15593,958.6812040354517,558.1264991514238,986.3,656.2
14206,15594,958.6812040354517,558.1264991514238,986.3,656.2
14207,15595,958.6812040354517,558.1264991514238,986.3,656.2
14208,15596,958.6812040354517,558.1264991514238,986.3,656.2
14209,15597,958.6812040354517,558.1264991514238,986.3,656.2
14210,15598,958.6812040354517,558.1264991514238,986.3,656.2
14211,15599,958.6812040354517,558.1264991514238,986.3,656.2
14212,15600,958.6812040354517,558.1264991514238,986.3,656.2
14213,15601,958.6812040354517,558.1264991514238,986.3,656.2
14214,15602,958.6812040354517,558.1264991514238,986.3,656.2
14215,15603,958.6812040354517,558.1264991514238,986.3,656.2
14216,15604,958.6812040354517,558.1264991514238,986.3,656.2
14217,15605,958.6812040354517,558.1264991514238,986.3,656.2
14218,15606,958.6812040354517,558.1264991514238,986.3,656.2
14219,15607,958.6812040354517,558.1264991514238,986.3,656.2
14220,15608,958.6812040354517,558.1264991514238,986.3,656.2
14221,15609,958.6812040354517,558.1264991514238,986.3,656.2
14222,15610,958.6812040354517,558.1264991514238,986.3,656.2
14223,15611,958.6812040354517,558.1264991514238,986.3,656.2
14224,15612,958.6812040354517,558.1264991514238,986.3,656.2
14225,15613,958.6812040354517,558.1264991514238,986.3,656.2
14226,15614,958.6812040354517,558.1264991514238,986.3,656.2
14227,15615,958.6812040354517,558.1264991514238,986.3,656.2
14228,15616,958.6812040354517,558.1264991514238,986.3,656.2
14229,15617,958.6812040354517,558.1264991514238,986.3,656.2
14230,15618,958.6812040354517,558.1264991514238,986.3,656.2
14231,15619,958.6812040354517,558.1264991514238,986.3,656.2
14232,15620,958.6812040354517,558.1264991514238,986.3,656.2
14233,15621,958.6812040354517,558.1264991514238,986.3,656.2
14234,15622,958.6812040354517,558.1264991514238,986.3,656.2
14235,15623,958.6812040354517,558.1264991514238,986.3,656.2
14236,15624,958.6812040354517,558.1264991514238,986.3,656.2
14237,15625,958.6812040354517,558.1264991514238,986.3,656.2
14238,15626,958.6812040354517,558.1264991514238,986.3,656.2
14239,15627,958.6812040354517,558.1264991514238,986.3,656.2
14240,15628,958.6812040354517,558.1264991514238,986.3,656.2
14241,15629,958.6812040354517,558.1264991514238,986.3,656.2
14242,15630,958.6812040354517,558.1264991514238,986.3,656.2
14243,15631,958.6812040354517,558.1264991514238,986.3,656.2
14244,15632,958.6812040354517,558.1264991514238,986.3,656.2
14245,15633,958.6812040354517,558.1264991514238,986.3,656.2
14246,15634,958.6812040354517,558.1264991514238,986.3,656.2
14247,15635,958.6812040354517,558.1264991514238,986.3,656.2
14248,15636,958.6812040354517,558.1264991514238,986.3,656.2
14249,15637,958.6812040354517,558.1264991514238,986.3,656.2
14250,15638,958.6812040354517,558.1264991514238,986.3,656.2
14251,15639,958.6812040354517,558.1264991514238,986.3,656.2
14252,15640,958.6812040354517,558.1264991514238,986.3,656.2
14253,15641,958.6812040354517,558.1264991514238,986.3,656.2
14254,15642,958.6812040354517,558.1264991514238,986.3,656.2
14255,15643,958.6812040354517,558.1264991514238,986.3,656.2
14256,15644,958.6812040354517,558.1264991514238,986.3,656.2
14257,15645,958.6812040354517,558.1264991514238,986.3,656.2
14258,15646,958.6812040354517,558.1264991514238,986.3,656.2
14259,15647,958.6812040354517,558.1264991514238,986.3,656.2
14260,15648,958.6812040354517,558.1264991514238,986.3,656.2
14261,15649,958.6812040354517,558.1264991514238,986.3,656.2
14262,15650,958.6812040354517,558.1264991514238,986.3,656.2
14263,15651,958.6812040354517,558.1264991514238,986.3,656.2
14264,15652,958.6812040354517,558.1264991514238,986.3,656.2
14265,15653,958.6812040354517,558.1264991514238,986.3,656.2
14266,15654,958.6812040354517,558.1264991514238,986.3,656.2
14267,15655,958.6812040354517,558.1264991514238,986.3,656.2
14268,15656,958.6812040354517,558.1264991514238,986.3,656.2
14269,15657,958.6812040354517,558.1264991514238,986.3,656.2
14270,15658,958.6812040354517,558.1264991514238,986.3,656.2
14271,15659,958.6812040354517,558.1264991514238,986.3,656.2
14272,15660,958.6812040354517,558.1264991514238,986.3,656.2
14273,15661,958.6812040354517,558.1264991514238,986.3,656.2
14274,15662,958.6812040354517,558.1264991514238,986.3,656.2
14275,15663,958.6812040354517,558.1264991514238,986.3,656.2
14276,15664,958.6812040354517,558.1264991514238,986.3,656.2
14277,15665,958.6812040354517,558.1264991514238,986.3,656.2
14278,15666,958.6812040354517,558.1264991514238,986.3,656.2
14279,15667,958.6812040354517,558.1264991514238,986.3,656.2
14280,15668,958.6812040354517,558.1264991514238,986.3,656.2
14281,15669,958.6812040354517,558.1264991514238,986.3,656.2
14282,15670,958.6812040354517,558.1264991514238,986.3,656.2
14283,15671,958.6812040354517,558.1264991514238,986.3,656.2
14284,15672,958.6812040354517,558.1264991514238,986.3,656.2
14285,15673,958.6812040354517,558.1264991514238,986.3,656.2
14286,15674,958.6812040354517,558.1264991514238,986.3,656.2
14287,15675,958.6812040354517,558.1264991514238,986.3,656.2
14288,15676,958.6812040354517,558.1264991514238,986.3,656.2
14289,15677,958.6812040354517,558.1264991514238,986.3,656.2
14290,15678,958.6812040354517,558.1264991514238,986.3,656.2
14291,15679,958.6812040354517,558.1264991514238,986.3,656.2
14292,15680,958.6812040354517,558.1264991514238,986.3,656.2
14293,15681,958.6812040354517,558.1264991514238,986.3,656.2
14294,15682,958.6812040354517,558.1264991514238,986.3,656.2
14295,15683,958.6812040354517,558.1264991514238,986.3,656.2
14296,15684,958.6812040354517,558.1264991514238,986.3,656.2
14297,15685,958.6812040354517,558.1264991514238,986.3,656.2
14298,15686,958.6812040354517,558.1264991514238,986.3,656.2
14299,15687,958.6812040354517,558.1264991514238,986.3,656.2
14300,15688,958.6812040354517,558.1264991514238,986.3,656.2
14301,15689,958.6812040354517,558.1264991514238,986.3,656.2
14302,15690,958.6812040354517,558.1264991514238,986.3,656.2
14303,15691,958.6812040354517,558.1264991514238,986.3,656.2
14304,15692,958.6812040354517,558.1264991514238,986.3,656.2
14305,15693,958.6812040354517,558.1264991514238,986.3,656.2
14306,15694,958.6812040354517,558.1264991514238,986.3,656.2
14307,15695,958.6812040354517,558.1264991514238,986.3,656.2
14308,15696,958.6812040354517,558.1264991514238,986.3,656.2
14309,15697,958.6812040354517,558.1264991514238,986.3,656.2
14309,15698,958.6812040354517,558.1264991514238,986.3,656.2
14309,15699,958.6812040354517,558.1264991514238,986.3,656.2
14309,15700,958.6812040354517,558.1264991514238,986.3,656.2
14309,15701,958.6812040354517,558.1264991514238,986.3,656.2
14310,15702,958.6812040354517,558.1264991514238,986.3,656.2
14311,15703,958.6812040354517,558.1264991514238,986.3,656.2
14312,15704,958.6812040354517,558.1264991514238,986.3,656.2
14313,15705,958.6812040354517,558.1264991514238,986.3,656.2
14314,15706,958.6812040354517,558.1264991514238,986.3,656.2
14315,15707,958.6812040354517,558.1264991514238,986.3,656.2
14316,15708,958.6812040354517,558.1264991514238,986.3,656.2
14317,15709,958.6812040354517,558.1264991514238,986.3,656.2
14318,15710,958.6812040354517,558.1264991514238,986.3,656.2
14319,15711,958.6812040354517,558.1264991514238,986.3,656.2
14320,15712,958.6812040354517,558.1264991514238,986.3,656.2
14321,15713,958.6812040354517,558.1264991514238,986.3,656.2
14322,15714,958.6812040354517,558.1264991514238,986.3,656.2
14323,15715,958.6812040354517,558.1264991514238,986.3,656.2
14324,15716,958.6812040354517,558.1264991514238,986.3,656.2
14325,15717,958.6812040354517,558.1264991514238,986.3,656.2
14326,15718,958.6812040354517,558.1264991514238,986.3,656.2
14327,15719,958.6812040354517,558.1264991514238,986.3,656.2
14328,15720,958.6812040354517,558.1264991514238,986.3,656.2
14329,15721,958.6812040354517,558.1264991514238,986.3,656.2
14330,15722,958.6812040354517,558.1264991514238,986.3,656.2
14331,15723,958.6812040354517,558.1264991514238,986.3,656.2
14332,15724,958.6812040354517,558.1264991514238,986.3,656.2
14333,15725,958.6812040354517,558.1264991514238,986.3,656.2
14334,15726,958.6812040354517,558.1264991514238,986.3,656.2
14335,15727,958.6812040354517,558.1264991514238,986.3,656.2
14336,15728,958.6812040354517,558.1264991514238,986.3,656.2
14337,15729,958.6812040354517,558.1264991514238,986.3,656.2
14338,15730,958.6812040354517,558.1264991514238,986.3,656.2
14339,15731,958.6812040354517,558.1264991514238,986.3,656.2
14340,15732,958.6812040354517,558.1264991514238,986.3,656.2
14341,15733,958.6812040354517,558.1264991514238,986.3,656.2
14342,15734,958.6812040354517,558.1264991514238,986.3,656.2
14343,15735,958.6812040354517,558.1264991514238,986.3,656.2
14344,15736,958.6812040354517,558.1264991514238,986.3,656.2
14345,15737,958.6812040354517,558.1264991514238,986.3,656.2
14346,15738,958.6812040354517,558.1264991514238,986.3,656.2
14347,15739,958.6812040354517,558.1264991514238,986.3,656.2
14348,15740,958.6812040354517,558.1264991514238,986.3,656.2
14349,15741,958.6812040354517,558.1264991514238,986.3,656.2
14350,15742,958.6812040354517,558.1264991514238,986.3,656.2
14351,15743,958.6812040354517,558.1264991514238,986.3,656.2
14352,15744,958.6812040354517,558.1264991514238,986.3,656.2
14353,15745,958.6812040354517,558.1264991514238,986.3,656.2
14354,15746,958.6812040354517,558.1264991514238,986.3,656.2
14355,15747,958.6812040354517,558.1264991514238,986.3,656.2
14356,15748,958.6812040354517,558.1264991514238,986.3,656.2
14357,15749,958.6812040354517,558.1264991514238,986.3,656.2
14358,15750,958.6812040354517,558.1264991514238,986.3,656.2
14359,15751,958.6812040354517,558.1264991514238,986.3,656.2
14360,15752,958.6812040354517,558.1264991514238,986.3,656.2
14361,15753,958.6812040354517,558.1264991514238,986.3,656.2
14362,15754,958.6812040354517,558.1264991514238,986.3,656.2
14363,15755,958.6812040354517,558.1264991514238,986.3,656.2
14364,15756,958.6812040354517,558.1264991514238,986.3,656.2
14365,15757,958.6812040354517,558.1264991514238,986.3,656.2
14366,15758,958.6812040354517,558.1264991514238,986.3,656.2
14367,15759,958.6812040354517,558.1264991514238,986.3,656.2
14368,15760,958.6812040354517,558.1264991514238,986.3,656.2
14369,15761,958.6812040354517,558.1264991514238,986.3,656.2
14370,15762,958.6812040354517,558.1264991514238,986.3,656.2
14371,15763,958.6812040354517,558.1264991514238,986.3,656.2
14372,15764,958.6812040354517,558.1264991514238,986.3,656.2
14373,15765,958.6812040354517,558.1264991514238,986.3,656.2
14374,15766,958.6812040354517,558.1264991514238,986.3,656.2
14375,15767,958.6812040354517,558.1264991514238,986.3,656.2
14376,15768,958.6812040354517,558.1264991514238,986.3,656.2
14377,15769,958.6812040354517,558.1264991514238,986.3,656.2
14378,15770,958.6812040354517,558.1264991514238,986.3,656.2
14379,15771,958.6812040354517,558.1264991514238,986.3,656.2
14380,15772,958.6812040354517,558.1264991514238,986.3,656.2
14381,15773,958.6812040354517,558.1264991514238,986.3,656.2
14382,15774,958.6812040354517,558.1264991514238,986.3,656.2
14383,15775,958.6812040354517,558.1264991514238,986.3,656.2
14384,15776,958.6812040354517,558.1264991514238,986.3,656.2
14385,15777,958.6812040354517,558.1264991514238,986.3,656.2
14386,15778,958.6812040354517,558.1264991514238,986.3,656.2
14387,15779,958.6812040354517,558.1264991514238,986.3,656.2
14388,15780,958.6812040354517,558.1264991514238,986.3,656.2
14389,15781,958.6812040354517,558.1264991514238,986.3,656.2
14390,15782,958.6812040354517,558.1264991514238,986.3,656.2
14391,15783,958.6812040354517,558.1264991514238,986.3,656.2
14392,15784,958.6812040354517,558.1264991514238,986.3,656.2
14393,15785,958.6812040354517,558.1264991514238,986.3,656.2
14394,15786,958.6812040354517,558.1264991514238,986.3,656.2
14395,15787,958.6812040354517,558.1264991514238,986.3,656.2
14396,15788,958.6812040354517,558.1264991514238,986.3,656.2
14397,15789,958.6812040354517,558.1264991514238,986.3,656.2
14398,15790,958.6812040354517,558.1264991514238,986.3,656.2
14399,15791,958.6812040354517,558.1264991514238,986.3,656.2
14400,15792,958.6812040354517,558.1264991514238,986.3,656.2
14401,15793,958.6812040354517,558.1264991514238,986.3,656.2
14402,15794,958.6812040354517,558.1264991514238,986.3,656.2
14403,15795,958.6812040354517,558.1264991514238,986.3,656.2
14404,15796,958.6812040354517,558.1264991514238,986.3,656.2
14405,15797,958.6812040354517,558.1264991514238,986.3,656.2
14406,15798,958.6812040354517,558.1264991514238,986.3,656.2
14407,15799,958.6812040354517,558.1264991514238,986.3,656.2
14408,15800,958.6812040354517,558.1264991514238,986.3,656.2
14409,15801,958.6812040354517,558.1264991514238,986.3,656.2
14410,15802,958.6812040354517,558.1264991514238,986.3,656.2
14411,15803,958.6812040354517,558.1264991514238,986.3,656.2
14412,15804,958.6812040354517,558.1264991514238,986.3,656.2
14413,15805,958.6812040354517,558.1264991514238,986.3,656.2
14414,15806,958.6812040354517,558.1264991514238,986.3,656.2
14415,15807,958.6812040354517,558.1264991514238,986.3,656.2
14416,15808,958.6812040354517,558.1264991514238,986.3,656.2
14417,15809,958.6812040354517,558.1264991514238,986.3,656.2
14418,15810,958.6812040354517,558.1264991514238,986.3,656.2
14419,15811,958.6812040354517,558.1264991514238,986.3,656.2
14420,15812,958.6812040354517,558.1264991514238,986.3,656.2
14421,15813,958.6812040354517,558.1264991514238,986.3,656.2
14422,15814,958.6812040354517,558.1264991514238,986.3,656.2
14423,15815,958.6812040354517,558.1264991514238,986.3,656.2
14424,15816,958.6812040354517,558.1264991514238,986.3,656.2
14425,15817,958.6812040354517,558.1264991514238,986.3,656.2
14426,15818,958.6812040354517,558.1264991514238,986.3,656.2
14427,15819,958.6812040354517,558.1264991514238,986.3,656.2
14428,15820,958.6812040354517,558.1264991514238,986.3,656.2
14429,15821,958.6812040354517,558.1264991514238,986.3,656.2
14430,15822,958.6812040354517,558.1264991514238,986.3,656.2
14431,15823,958.6812040354517,558.1264991514238,986.3,656.2
14432,15824,958.6812040354517,558.1264991514238,986.3,656.2
14433,15825,958.6812040354517,558.1264991514238,986.3,656.2
14434,15826,958.6812040354517,558.1264991514238,986.3,656.2
14435,15827,958.6812040354517,558.1264991514238,986.3,656.2
14436,15828,958.6812040354517,558.1264991514238,986.3,656.2
14437,15829,958.6812040354517,558.1264991514238,986.3,656.2
14438,15830,958.6812040354517,558.1264991514238,986.3,656.2
14439,15831,958.6812040354517,558.1264991514238,986.3,656.2
14440,15832,958.6812040354517,558.1264991514238,986.3,656.2
14441,15833,958.6812040354517,558.1264991514238,986.3,656.2
14442,15834,958.6812040354517,558.1264991514238,986.3,656.2
14443,15835,958.6812040354517,558.1264991514238,986.3,656.2
14444,15836,958.6812040354517,558.1264991514238,986.3,656.2
14445,15837,958.6812040354517,558.1264991514238,986.3,656.2
14446,15838,958.6812040354517,558.1264991514238,986.3,656.2
14447,15839,958.6812040354517,558.1264991514238,986.3,656.2
14448,15840,958.6812040354517,558.1264991514238,986.3,656.2
14449,15841,958.6812040354517,558.1264991514238,986.3,656.2
14450,15842,958.6812040354517,558.1264991514238,986.3,656.2
14451,15843,958.6812040354517,558.1264991514238,986.3,656.2
14452,15844,958.6812040354517,558.1264991514238,986.3,656.2
14453,15845,958.6812040354517,558.1264991514238,986.3,656.2
14454,15846,958.6812040354517,558.1264991514238,986.3,656.2
14455,15847,958.6812040354517,558.1264991514238,986.3,656.2
14456,15848,958.6812040354517,558.1264991514238,986.3,656.2
14457,15849,958.6812040354517,558.1264991514238,986.3,656.2
14458,15850,958.6812040354517,558.1264991514238,986.3,656.2
14459,15850,958.6812040354517,558.1264991514238,986.3,656.2
14460,15850,958.6812040354517,558.1264991514238,986.3,656.2
14461,15850,958.6812040354517,558.1264991514238,986.3,656.2
14462,15850,958.6812040354517,558.1264991514238,986.3,656.2
14463,15850,958.6812040354517,558.1264991514238,986.3,656.2
14464,15850,958.6812040354517,558.1264991514238,986.3,656.2
14465,15850,958.6812040354517,558.1264991514238,986.3,656.2
14466,15850,958.6812040354517,558.1264991514238,986.3,656.2
14467,15850,958.6812040354517,558.1264991514238,986.3,656.2
14468,15850,958.6812040354517,558.1264991514238,986.3,656.2
14469,15850,958.6812040354517,558.1264991514238,986.3,656.2
14470,15850,958.6812040354517,558.1264991514238,986.3,656.2
14471,15850,958.6812040354517,558.1264991514238,986.3,656.2
14472,15850,958.6812040354517,558.1264991514238,986.3,656.2
14473,15850,958.6812040354517,558.1264991514238,986.3,656.2
14474,15850,958.6812040354517,558.1264991514238,986.3,656.2
14475,15850,958.6812040354517,558.1264991514238,986.3,656.2
14476,15850,958.6812040354517,558.1264991514238,986.3,656.2
14477,15850,958.6812040354517,558.1264991514238,986.3,656.2
14478,15850,958.6812040354517,558.1264991514238,986.3,656.2
14479,15850,958.6812040354517,558.1264991514238,986.3,656.2
14480,15850,958.6812040354517,558.1264991514238,986.3,656.2
14481,15850,958.6812040354517,558.1264991514238,986.3,656.2
14482,15850,958.6812040354517,558.1264991514238,986.3,656.2
14483,15850,958.6812040354517,558.1264991514238,986.3,656.2
14484,15850,958.6812040354517,558.1264991514238,986.3,656.2
14485,15850,958.6812040354517,558.1264991514238,986.3,656.2
14486,15850,958.6812040354517,558.1264991514238,986.3,656.2
14487,15850,958.6812040354517,558.1264991514238,986.3,656.2
14488,15850,958.6812040354517,558.1264991514238,986.3,656.2
14489,15850,958.6812040354517,558.1264991514238,986.3,656.2
14490,15850,958.6812040354517,558.1264991514238,986.3,656.2
14491,15850,958.6812040354517,558.1264991514238,986.3,656.2
14492,15850,958.6812040354517,558.1264991514238,986.3,656.2
14493,15850,958.6812040354517,558.1264991514238,986.3,656.2
14494,15850,958.6812040354517,558.1264991514238,986.3,656.2
14495,15850,958.6812040354517,558.1264991514238,986.3,656.2
14496,15850,958.6812040354517,558.1264991514238,986.3,656.2
14497,15850,958.6812040354517,558.1264991514238,986.3,656.2
14498,15850,958.6812040354517,558.1264991514238,986.3,656.2
14499,15850,958.6812040354517,558.1264991514238,986.3,656.2
14500,15850,958.6812040354517,558.1264991514238,986.3,656.2
14501,15850,958.6812040354517,558.1264991514238,986.3,656.2
14502,15850,958.6812040354517,558.1264991514238,986.3,656.2
14503,15850,958.6812040354517,558.1264991514238,986.3,656.2
14504,15850,958.6812040354517,558.1264991514238,986.3,656.2
14505,15850,958.6812040354517,558.1264991514238,986.3,656.2
14506,15850,958.6812040354517,558.1264991514238,986.3,656.2
14507,15850,958.6812040354517,558.1264991514238,986.3,656.2
14508,15850,958.6812040354517,558.1264991514238,986.3,656.2
14509,15850,958.6812040354517,558.1264991514238,986.3,656.2
14510,15850,958.6812040354517,558.1264991514238,986.3,656.2
14511,15850,958.6812040354517,558.1264991514238,986.3,656.2
14512,15850,958.6812040354517,558.1264991514238,986.3,656.2
14513,15850,958.6812040354517,558.1264991514238,986.3,656.2
14514,15850,958.6812040354517,558.1264991514238,986.3,656.2
14515,15850,958.6812040354517,558.1264991514238,986.3,656.2
14516,15850,958.6812040354517,558.1264991514238,986.3,656.2
14517,15850,958.6812040354517,558.1264991514238,986.3,656.2
14518,15850,958.6812040354517,558.1264991514238,986.3,656.2
14519,15850,958.6812040354517,558.1264991514238,986.3,656.2
14520,15850,958.6812040354517,558.1264991514238,986.3,656.2
14521,15850,958.6812040354517,558.1264991514238,986.3,656.2
14522,15850,958.6812040354517,558.1264991514238,986.3,656.2
14523,15850,958.6812040354517,558.1264991514238,986.3,656.2
14524,15850,958.6812040354517,558.1264991514238,986.3,656.2
14525,15850,958.6812040354517,558.1264991514238,986.3,656.2
14526,15850,958.6812040354517,558.1264991514238,986.3,656.2
14527,15850,958.6812040354517,558.1264991514238,986.3,656.2
14528,15850,958.6812040354517,558.1264991514238,986.3,656.2
14529,15850,958.6812040354517,558.1264991514238,986.3,656.2
14530,15851,958.6812040354517,558.1264991514238,986.3,656.2
14531,15852,958.6812040354517,558.1264991514238,986.3,656.2
14532,15853,958.6812040354517,558.1264991514238,986.3,656.2
14533,15854,958.6812040354517,558.1264991514238,986.3,656.2
14534,15855,958.6812040354517,558.1264991514238,986.3,656.2
14535,15856,958.6812040354517,558.1264991514238,986.3,656.2
14536,15857,958.6812040354517,558.1264991514238,986.3,656.2
14537,15858,958.6812040354517,558.1264991514238,986.3,656.2
14538,15859,958.6812040354517,558.1264991514238,986.3,656.2
14539,15860,958.6812040354517,558.1264991514238,986.3,656.2
14540,15861,958.6812040354517,558.1264991514238,986.3,656.2
14541,15862,958.6812040354517,558.1264991514238,986.3,656.2
14542,15863,958.6812040354517,558.1264991514238,986.3,656.2
14543,15864,958.6812040354517,558.1264991514238,986.3,656.2
14544,15865,958.6812040354517,558.1264991514238,986.3,656.2
14545,15866,958.6812040354517,558.1264991514238,986.3,656.2
14546,15867,958.6812040354517,558.1264991514238,986.3,656.2
14547,15868,958.6812040354517,558.1264991514238,986.3,656.2
14548,15869,958.6812040354517,558.1264991514238,986.3,656.2
14549,15870,958.6812040354517,558.1264991514238,986.3,656.2
14550,15871,958.6812040354517,558.1264991514238,986.3,656.2
14551,15872,958.6812040354517,558.1264991514238,986.3,656.2
14552,15873,958.6812040354517,558.1264991514238,986.3,656.2
14553,15874,958.6812040354517,558.1264991514238,986.3,656.2
14554,15875,958.6812040354517,558.1264991514238,986.3,656.2
14555,15876,958.6812040354517,558.1264991514238,986.3,656.2
14556,15877,958.6812040354517,558.1264991514238,986.3,656.2
14557,15878,958.6812040354517,558.1264991514238,986.3,656.2
14558,15879,958.6812040354517,558.1264991514238,986.3,656.2
14559,15880,958.6812040354517,558.1264991514238,986.3,656.2
14560,15881,958.6812040354517,558.1264991514238,986.3,656.2
14561,15882,958.6812040354517,558.1264991514238,986.3,656.2
14562,15883,958.6812040354517,558.1264991514238,986.3,656.2
14563,15884,958.6812040354517,558.1264991514238,986.3,656.2
14564,15885,958.6812040354517,558.1264991514238,986.3,656.2
14565,15886,958.6812040354517,558.1264991514238,986.3,656.2
14565,15887,958.6812040354517,558.1264991514238,986.3,656.2
14565,15888,958.6812040354517,558.1264991514238,986.3,656.2
14565,15889,958.6812040354517,558.1264991514238,986.3,656.2
14565,15890,958.6812040354517,558.1264991514238,986.3,656.2
14565,15891,958.6812040354517,558.1264991514238,986.3,656.2
14565,15892,958.6812040354517,558.1264991514238,986.3,656.2
14565,15893,958.6812040354517,558.1264991514238,986.3,656.2
14565,15894,958.6812040354517,558.1264991514238,986.3,656.2
14565,15895,958.6812040354517,558.1264991514238,986.3,656.2
14565,15896,958.6812040354517,558.1264991514238,986.3,656.2
14565,15897,958.6812040354517,558.1264991514238,986.3,656.2
14565,15898,958.6812040354517,558.1264991514238,986.3,656.2
14565,15899,958.6812040354517,558.1264991514238,986.3,656.2
14565,15900,958.6812040354517,558.1264991514238,986.3,656.2
14565,15901,958.6812040354517,558.1264991514238,986.3,656.2
14565,15902,958.6812040354517,558.1264991514238,986.3,656.2
14565,15903,958.6812040354517,558.1264991514238,986.3,656.2
14565,15904,958.6812040354517,558.1264991514238,986.3,656.2
14565,15905,958.6812040354517,558.1264991514238,986.3,656.2
14565,15906,958.6812040354517,558.1264991514238,986.3,656.2
14565,15907,958.6812040354517,558.1264991514238,986.3,656.2
14565,15908,958.6812040354517,558.1264991514238,986.3,656.2
14565,15909,958.6812040354517,558.1264991514238,986.3,656.2
14565,15910,958.6812040354517,558.1264991514238,986.3,656.2
14565,15911,958.6812040354517,558.1264991514238,986.3,656.2
14565,15912,958.6812040354517,558.1264991514238,986.3,656.2
14565,15913,958.6812040354517,558.1264991514238,986.3,656.2
14565,15914,958.6812040354517,558.1264991514238,986.3,656.2
14565,15915,958.6812040354517,558.1264991514238,986.3,656.2
14565,15916,958.6812040354517,558.1264991514238,986.3,656.2
14565,15917,958.6812040354517,558.1264991514238,986.3,656.2
14565,15918,958.6812040354517,558.1264991514238,986.3,656.2
14565,15919,958.6812040354517,558.1264991514238,986.3,656.2
14565,15920,958.6812040354517,558.1264991514238,986.3,656.2
14565,15921,958.6812040354517,558.1264991514238,986.3,656.2
14565,15922,958.6812040354517,558.1264991514238,986.3,656.2
14565,15923,958.6812040354517,558.1264991514238,986.3,656.2
14565,15924,958.6812040354517,558.1264991514238,986.3,656.2
14565,15925,958.6812040354517,558.1264991514238,986.3,656.2
14565,15926,958.6812040354517,558.1264991514238,986.3,656.2
14565,15927,958.6812040354517,558.1264991514238,986.3,656.2
14565,15928,958.6812040354517,558.1264991514238,986.3,656.2
14565,15929,958.6812040354517,558.1264991514238,986.3,656.2
14565,15930,958.6812040354517,558.1264991514238,986.3,656.2
14565,15931,958.6812040354517,558.1264991514238,986.3,656.2
14565,15932,958.6812040354517,558.1264991514238,986.3,656.2
14565,15933,958.6812040354517,558.1264991514238,986.3,656.2
14565,15934,958.6812040354517,558.1264991514238,986.3,656.2
14565,15935,958.6812040354517,558.1264991514238,986.3,656.2
14565,15936,958.6812040354517,558.1264991514238,986.3,656.2
14565,15937,958.6812040354517,558.1264991514238,986.3,656.2
14565,15938,958.6812040354517,558.1264991514238,986.3,656.2
14565,15939,958.6812040354517,558.1264991514238,986.3,656.2
14565,15940,958.6812040354517,558.1264991514238,986.3,656.2
14565,15941,958.6812040354517,558.1264991514238,986.3,656.2
14565,15942,958.6812040354517,558.1264991514238,986.3,656.2
14565,15943,958.6812040354517,558.1264991514238,986.3,656.2
14565,15944,958.6812040354517,558.1264991514238,986.3,656.2
14565,15945,958.6812040354517,558.1264991514238,986.3,656.2
14565,15946,958.6812040354517,558.1264991514238,986.3,656.2
14565,15947,958.6812040354517,558.1264991514238,986.3,656.2
14565,15948,958.6812040354517,558.1264991514238,986.3,656.2
14565,15949,958.6812040354517,558.1264991514238,986.3,656.2
14565,15950,958.6812040354517,558.1264991514238,986.3,656.2
14565,15951,958.6812040354517,558.1264991514238,986.3,656.2
14565,15952,958.6812040354517,558.1264991514238,986.3,656.2
14565,15953,958.6812040354517,558.1264991514238,986.3,656.2
14565,15954,958.6812040354517,558.1264991514238,986.3,656.2
14565,15955,958.6812040354517,558.1264991514238,986.3,656.2
14565,15956,958.6812040354517,558.1264991514238,986.3,656.2
14565,15957,958.6812040354517,558.1264991514238,986.3,656.2
14565,15958,958.6812040354517,558.1264991514238,986.3,656.2
14565,15959,958.6812040354517,558.1264991514238,986.3,656.2
14565,15960,958.6812040354517,558.1264991514238,986.3,656.2
14565,15961,958.6812040354517,558.1264991514238,986.3,656.2
14565,15962,958.6812040354517,558.1264991514238,986.3,656.2
14565,15963,958.6812040354517,558.1264991514238,986.3,656.2
14565,15964,958.6812040354517,558.1264991514238,986.3,656.2
14565,15965,958.6812040354517,558.1264991514238,986.3,656.2
14565,15966,958.6812040354517,558.1264991514238,986.3,656.2
14565,15967,650.6812040354517,695.1264991514238,986.3,656.2
14565,15968,650.6812040354517,695.1264991514238,986.3,656.2
14565,15969,650.6812040354517,695.1264991514238,986.3,656.2
14565,15970,650.6812040354517,695.1264991514238,986.3,656.2
14565,15971,650.6812040354517,695.1264991514238,986.3,656.2
14565,15972,650.6812040354517,695.1264991514238,986.3,656.2
14565,15973,650.6812040354517,695.1264991514238,986.3,656.2
14565,15974,650.6812040354517,695.1264991514238,986.3,656.2
14565,15975,650.6812040354517,695.1264991514238,986.3,656.2
14565,15976,650.6812040354517,695.1264991514238,986.3,656.2
14565,15977,650.6812040354517,695.1264991514238,986.3,656.2
14565,15978,650.6812040354517,695.1264991514238,986.3,656.2
14565,15979,650.6812040354517,695.1264991514238,986.3,656.2
14565,15980,650.6812040354517,695.1264991514238,986.3,656.2
14565,15981,650.6812040354517,695.1264991514238,986.3,656.2
14565,15982,650.6812040354517,695.1264991514238,986.3,656.2
14565,15983,650.6812040354517,695.1264991514238,986.3,656.2
14565,15984,650.6812040354517,695.1264991514238,986.3,656.2
14565,15985,650.6812040354517,695.1264991514238,986.3,656.2
14565,15986,650.6812040354517,695.1264991514238,986.3,656.2
14565,15987,650.6812040354517,695.1264991514238,986.3,656.2
14565,15988,650.6812040354517,695.1264991514238,986.3,656.2
14565,15989,650.6812040354517,695.1264991514238,986.3,656.2
14565,15990,650.6812040354517,695.1264991514238,986.3,656.2
14565,15991,650.6812040354517,695.1264991514238,986.3,656.2
14565,15992,650.6812040354517,695.1264991514238,986.3,656.2
14565,15993,650.6812040354517,695.1264991514238,986.3,656.2
14565,15994,650.6812040354517,695.1264991514238,986.3,656.2
14565,15995,650.6812040354517,695.1264991514238,986.3,656.2
14565,15996,650.6812040354517,695.1264991514238,986.3,656.2
14565,15997,650.6812040354517,695.1264991514238,986.3,656.2
14565,15998,650.6812040354517,695.1264991514238,986.3,656.2
14565,15999,650.6812040354517,695.1264991514238,986.3,656.2
14565,16000,650.6812040354517,695.1264991514238,986.3,656.2
14565,16001,650.6812040354517,695.1264991514238,986.3,656.2
14565,16002,650.6812040354517,695.1264991514238,986.3,656.2
14565,16003,650.6812040354517,695.1264991514238,986.3,656.2
14565,16004,650.6812040354517,695.1264991514238,986.3,656.2
14565,16005,650.6812040354517,695.1264991514238,986.3,656.2
14565,16006,650.6812040354517,695.1264991514238,986.3,656.2
14565,16007,650.6812040354517,695.1264991514238,986.3,656.2
14565,16008,650.6812040354517,695.1264991514238,986.3,656.2
14565,16009,650.6812040354517,695.1264991514238,986.3,656.2
14565,16010,650.6812040354517,695.1264991514238,986.3,656.2
14565,16011,650.6812040354517,695.1264991514238,986.3,656.2
14565,16012,650.6812040354517,695.1264991514238,986.3,656.2
14565,16013,650.6812040354517,695.1264991514238,986.3,656.2
14565,16014,650.6812040354517,695.1264991514238,986.3,656.2
14565,16015,650.6812040354517,695.1264991514238,986.3,656.2
14565,16016,650.6812040354517,695.1264991514238,986.3,656.2
14565,16017,650.6812040354517,695.1264991514238,986.3,656.2
14565,16018,650.6812040354517,695.1264991514238,986.3,656.2
14565,16019,650.6812040354517,695.1264991514238,986.3,656.2
14565,16020,650.6812040354517,695.1264991514238,986.3,656.2
14565,16021,650.6812040354517,695.1264991514238,986.3,656.2
14565,16022,650.6812040354517,695.1264991514238,986.3,656.2
14565,16023,650.6812040354517,695.1264991514238,986.3,656.2
14565,16024,650.6812040354517,695.1264991514238,986.3,656.2
14565,16025,650.6812040354517,695.1264991514238,986.3,656.2
14565,16026,650.6812040354517,695.1264991514238,986.3,656.2
14565,16027,650.6812040354517,695.1264991514238,986.3,656.2
14565,16028,650.6812040354517,695.1264991514238,986.3,656.2
14565,16029,650.6812040354517,695.1264991514238,986.3,656.2
14565,16030,650.6812040354517,695.1264991514238,986.3,656.2
14565,16031,650.6812040354517,695.1264991514238,986.3,656.2
14565,16032,650.6812040354517,695.1264991514238,986.3,656.2
14565,16033,650.6812040354517,695.1264991514238,986.3,656.2
14565,16034,650.6812040354517,695.1264991514238,986.3,656.2
14565,16035,650.6812040354517,695.1264991514238,986.3,656.2
14565,16036,650.6812040354517,695.1264991514238,986.3,656.2
14565,16037,650.6812040354517,695.1264991514238,986.3,656.2
14565,16038,650.6812040354517,695.1264991514238,986.3,656.2
14565,16039,650.6812040354517,695.1264991514238,986.3,656.2
14565,16040,650.6812040354517,695.1264991514238,986.3,656.2
14565,16041,650.6812040354517,695.1264991514238,986.3,656.2
14565,16042,650.6812040354517,695.1264991514238,986.3,656.2
14565,16043,650.6812040354517,695.1264991514238,986.3,656.2
14565,16044,650.6812040354517,695.1264991514238,986.3,656.2
14565,16045,650.6812040354517,695.1264991514238,986.3,656.2
14565,16046,650.6812040354517,695.1264991514238,986.3,656.2
14565,16047,650.6812040354517,695.1264991514238,986.3,656.2
14565,16048,650.6812040354517,695.1264991514238,986.3,656.2
14565,16049,650.6812040354517,695.1264991514238,986.3,656.2
14565,16050,650.6812040354517,695.1264991514238,986.3,656.2
14565,16051,650.6812040354517,695.1264991514238,986.3,656.2
14565,16052,650.6812040354517,695.1264991514238,986.3,656.2
14565,16053,650.6812040354517,695.1264991514238,986.3,656.2
14565,16054,650.6812040354517,695.1264991514238,986.3,656.2
14565,16055,650.6812040354517,695.1264991514238,986.3,656.2
14565,16056,650.6812040354517,695.1264991514238,986.3,656.2
14565,16057,650.6812040354517,695.1264991514238,986.3,656.2
14565,16058,650.6812040354517,695.1264991514238,986.3,656.2
14565,16059,650.6812040354517,695.1264991514238,986.3,656.2
14565,16060,650.6812040354517,695.1264991514238,986.3,656.2
14565,16061,650.6812040354517,695.1264991514238,986.3,656.2
14565,16062,650.6812040354517,695.1264991514238,986.3,656.2
14565,16063,650.6812040354517,695.1264991514238,986.3,656.2
14565,16064,650.6812040354517,695.1264991514238,986.3,656.2
14565,16065,650.6812040354517,695.1264991514238,986.3,656.2
14565,16066,650.6812040354517,695.1264991514238,986.3,656.2
14565,16067,386.68120403545174,228.12649915142373,986.3,656.2
14565,16068,386.68120403545174,228.12649915142373,986.3,656.2
14565,16069,386.68120403545174,228.12649915142373,986.3,656.2
14565,16070,386.68120403545174,228.12649915142373,986.3,656.2
14565,16071,386.68120403545174,228.12649915142373,980.9,657.12
14565,16072,386.68120403545174,228.12649915142373,975.5,658.04
14565,16073,386.68120403545174,228.12649915142373,970.0999999999999,658.96
14565,16074,386.68120403545174,228.12649915142373,964.6999999999999,659.88
14565,16075,386.68120403545174,228.12649915142373,959.3,660.8
14565,16076,386.68120403545174,228.12649915142373,959.3,660.8
14565,16077,386.68120403545174,228.12649915142373,959.3,660.8
14565,16078,386.68120403545174,228.12649915142373,959.3,660.8
14565,16079,386.68120403545174,228.12649915142373,959.3,660.8
14565,16080,386.68120403545174,228.12649915142373,959.3,660.8
14565,16081,386.68120403545174,228.12649915142373,959.3,660.8
14565,16082,386.68120403545174,228.12649915142373,959.3,660.8
14565,16083,386.68120403545174,228.12649915142373,959.3,660.8
14565,16084,386.68120403545174,228.12649915142373,959.3,660.8
14565,16085,386.68120403545174,228.12649915142373,959.3,660.8
14565,16086,386.68120403545174,228.12649915142373,959.3,660.8
14565,16087,386.68120403545174,228.12649915142373,959.3,660.8
14565,16088,386.68120403545174,228.12649915142373,959.3,660.8
14565,16089,386.68120403545174,228.12649915142373,959.3,660.8
14565,16090,386.68120403545174,228.12649915142373,959.3,660.8
14565,16091,386.68120403545174,228.12649915142373,959.3,660.8
14565,16092,386.68120403545174,228.12649915142373,959.3,660.8
14565,16093,386.68120403545174,228.12649915142373,959.3,660.8
14565,16094,386.68120403545174,228.12649915142373,959.3,660.8
14565,16095,386.68120403545174,228.12649915142373,959.3,660.8
14565,16096,386.68120403545174,228.12649915142373,959.3,660.8
14565,16097,386.68120403545174,228.12649915142373,959.3,660.8
14565,16098,386.68120403545174,228.12649915142373,959.3,660.8
14565,16099,386.68120403545174,228.12649915142373,959.3,660.8
14565,16100,386.68120403545174,228.12649915142373,959.3,660.8
14565,16101,386.68120403545174,228.12649915142373,959.3,660.8
14565,16102,386.68120403545174,228.12649915142373,959.3,660.8
14565,16103,386.68120403545174,228.12649915142373,959.3,660.8
14565,16104,386.68120403545174,228.12649915142373,959.3,660.8
14565,16105,386.68120403545174,228.12649915142373,959.3,660.8
14565,16106,386.68120403545174,228.12649915142373,959.3,660.8
14565,16107,386.68120403545174,228.12649915142373,959.3,660.8
14565,16108,386.68120403545174,228.12649915142373,959.3,660.8
14565,16109,386.68120403545174,228.12649915142373,959.3,660.8
14565,16110,386.68120403545174,228.12649915142373,959.3,660.8
14565,16111,386.68120403545174,228.12649915142373,959.3,660.8
14565,16112,386.68120403545174,228.12649915142373,959.3,660.8
14565,16113,386.68120403545174,228.12649915142373,959.3,660.8
14565,16114,386.68120403545174,228.12649915142373,959.3,660.8
14565,16115,386.68120403545174,228.12649915142373,959.3,660.8
14565,16116,386.68120403545174,228.12649915142373,959.3,660.8
14565,16117,386.68120403545174,228.12649915142373,959.3,660.8
14565,16118,386.68120403545174,228.12649915142373,959.3,660.8
14565,16119,386.68120403545174,228.12649915142373,959.3,660.8
14565,16120,386.68120403545174,228.12649915142373,959.3,660.8
14565,16121,386.68120403545174,228.12649915142373,959.3,660.8
14565,16122,386.68120403545174,228.12649915142373,959.3,660.8
14565,16123,386.68120403545174,228.12649915142373,959.3,660.8
14565,16124,386.68120403545174,228.12649915142373,959.3,660.8
14565,16125,386.68120403545174,228.12649915142373,959.3,660.8
14565,16126,386.68120403545174,228.12649915142373,959.3,660.8
14565,16127,386.68120403545174,228.12649915142373,959.3,660.8
14565,16128,386.68120403545174,228.12649915142373,959.3,660.8
14565,16129,386.68120403545174,228.12649915142373,959.3,660.8
14565,16130,386.68120403545174,228.12649915142373,959.3,660.8
14565,16131,386.68120403545174,228.12649915142373,959.3,660.8
14565,16132,386.68120403545174,228.12649915142373,959.3,660.8
14565,16133,671.6812040354517,236.12649915142373,959.3,660.8
14565,16134,671.6812040354517,236.12649915142373,959.3,660.8
14565,16135,671.6812040354517,236.12649915142373,959.3,660.8
14565,16136,671.6812040354517,236.12649915142373,959.3,660.8
14565,16137,671.6812040354517,236.12649915142373,959.3,660.8
14565,16138,671.6812040354517,236.12649915142373,959.3,660.8
14565,16139,671.6812040354517,236.12649915142373,959.3,660.8
14565,16140,671.6812040354517,236.12649915142373,959.3,660.8
14565,16141,671.6812040354517,236.12649915142373,959.3,660.8
14565,16142,671.6812040354517,236.12649915142373,959.3,660.8
14565,16143,671.6812040354517,236.12649915142373,959.3,660.8
14565,16144,671.6812040354517,236.12649915142373,959.3,660.8
14565,16145,671.6812040354517,236.12649915142373,959.3,660.8
14565,16146,671.6812040354517,236.12649915142373,959.3,660.8
14565,16147,671.6812040354517,236.12649915142373,959.3,660.8
14565,16148,671.6812040354517,236.12649915142373,959.3,660.8
14565,16149,671.6812040354517,236.12649915142373,959.3,660.8
14565,16150,671.6812040354517,236.12649915142373,959.3,660.8
14565,16151,671.6812040354517,236.12649915142373,959.3,660.8
14565,16152,671.6812040354517,236.12649915142373,959.3,660.8
14565,16153,671.6812040354517,236.12649915142373,959.3,660.8
14565,16154,671.6812040354517,236.12649915142373,959.3,660.8
14565,16155,671.6812040354517,236.12649915142373,959.3,660.8
14565,16156,671.6812040354517,236.12649915142373,959.3,660.8
14565,16157,671.6812040354517,236.12649915142373,959.3,660.8
14565,16158,671.6812040354517,236.12649915142373,959.3,660.8
14565,16159,671.6812040354517,236.12649915142373,959.3,660.8
14565,16160,671.6812040354517,236.12649915142373,959.3,660.8
14565,16161,671.6812040354517,236.12649915142373,959.3,660.8
14565,16162,671.6812040354517,236.12649915142373,963.364705882353,661.2882352941176
14565,16163,671.6812040354517,236.12649915142373,967.4294117647058,661.7764705882353
14565,16164,671.6812040354517,236.12649915142373,971.4941176470588,662.2647058823529
14565,16165,671.6812040354517,236.12649915142373,975.5588235294117,662.7529411764706
14565,16166,671.6812040354517,236.12649915142373,979.6235294117647,663.2411764705882
14565,16167,955.6812040354517,244.12649915142373,983.6882352941177,663.7294117647059
14565,16168,955.6812040354517,244.12649915142373,987.7529411764706,664.2176470588236
14565,16169,955.6812040354517,244.12649915142373,991.8176470588236,664.7058823529412
14566,16170,955.6812040354517,244.12649915142373,995.8823529411765,665.1941176470588
14567,16171,955.6812040354517,244.12649915142373,999.9470588235295,665.6823529411764
14568,16172,955.6812040354517,244.12649915142373,1004.0117647058823,666.1705882352941
14569,16173,955.6812040354517,244.12649915142373,1008.0764705882353,666.6588235294117
14570,16174,955.6812040354517,244.12649915142373,1012.1411764705883,667.1470588235294
14571,16175,955.6812040354517,244.12649915142373,1016.2058823529412,667.635294117647
14572,16176,955.6812040354517,244.12649915142373,1020.2705882352942,668.1235294117647
14573,16177,955.6812040354517,244.12649915142373,1024.3352941176472,668.6117647058824
14574,16178,955.6812040354517,244.12649915142373,1028.4,669.1
14575,16179,955.6812040354517,244.12649915142373,1028.4,669.1
14576,16180,955.6812040354517,244.12649915142373,1028.4,669.1
14577,16181,955.6812040354517,244.12649915142373,1028.4,669.1
14578,16182,955.6812040354517,244.12649915142373,1028.4,669.1
14579,16183,955.6812040354517,244.12649915142373,1028.4,669.1
14580,16184,955.6812040354517,244.12649915142373,1028.4,669.1
14581,16185,955.6812040354517,244.12649915142373,1028.4,669.1
14582,16186,955.6812040354517,244.12649915142373,1028.4,669.1
14583,16187,955.6812040354517,244.12649915142373,1028.4,669.1
14584,16188,955.6812040354517,244.12649915142373,1028.4,669.1
14585,16189,955.6812040354517,244.12649915142373,1028.4,669.1
14586,16190,955.6812040354517,244.12649915142373,1028.4,669.1
14587,16191,955.6812040354517,244.12649915142373,1028.4,669.1
14588,16192,955.6812040354517,244.12649915142373,1028.4,669.1
14589,16193,955.6812040354517,244.12649915142373,1028.4,669.1
14590,16194,955.6812040354517,244.12649915142373,1028.4,669.1
14591,16195,955.6812040354517,244.12649915142373,1028.4,669.1
14592,16196,955.6812040354517,244.12649915142373,1028.4,669.1
14593,16197,955.6812040354517,244.12649915142373,1028.4,669.1
14594,16198,955.6812040354517,244.12649915142373,1028.4,669.1
14595,16199,955.6812040354517,244.12649915142373,1028.4,669.1
14596,16200,955.6812040354517,244.12649915142373,1028.4,669.1
14597,16201,955.6812040354517,244.12649915142373,1028.4,669.1
14598,16202,955.6812040354517,244.12649915142373,1028.4,669.1
14599,16203,955.6812040354517,244.12649915142373,1028.4,669.1
14600,16204,955.6812040354517,244.12649915142373,1028.4,669.1
14601,16205,955.6812040354517,244.12649915142373,1028.4,669.1
14602,16206,955.6812040354517,244.12649915142373,1028.4,669.1
14603,16207,955.6812040354517,244.12649915142373,1028.4,669.1
14604,16208,955.6812040354517,244.12649915142373,1028.4,669.1
14605,16209,955.6812040354517,244.12649915142373,1028.4,669.1
14606,16210,955.6812040354517,244.12649915142373,1028.4,669.1
14607,16211,955.6812040354517,244.12649915142373,1028.4,669.1
14608,16212,955.6812040354517,244.12649915142373,1028.4,669.1
14609,16213,955.6812040354517,244.12649915142373,1028.4,669.1
14610,16214,955.6812040354517,244.12649915142373,1028.4,669.1
14611,16215,955.6812040354517,244.12649915142373,1028.4,669.1
14612,16216,955.6812040354517,244.12649915142373,1028.4,669.1
14613,16217,955.6812040354517,244.12649915142373,1028.4,669.1
14614,16218,955.6812040354517,244.12649915142373,1028.4,669.1
14615,16219,955.6812040354517,244.12649915142373,1028.4,669.1
14616,16220,955.6812040354517,244.12649915142373,1028.4,669.1
14617,16221,955.6812040354517,244.12649915142373,1028.4,669.1
14618,16222,955.6812040354517,244.12649915142373,1028.4,669.1
14619,16223,955.6812040354517,244.12649915142373,1028.4,669.1
14620,16224,955.6812040354517,244.12649915142373,1028.4,669.1
14621,16225,955.6812040354517,244.12649915142373,1028.4,669.1
14622,16226,955.6812040354517,244.12649915142373,1028.4,669.1
14623,16227,955.6812040354517,244.12649915142373,1028.4,669.1
14624,16228,955.6812040354517,244.12649915142373,1028.4,669.1
14625,16229,955.6812040354517,244.12649915142373,1028.4,669.1
14626,16230,955.6812040354517,244.12649915142373,1028.4,669.1
14627,16231,955.6812040354517,244.12649915142373,1028.4,669.1
14628,16232,955.6812040354517,244.12649915142373,1028.4,669.1
14629,16233,955.6812040354517,244.12649915142373,1028.4,669.1
14630,16234,955.6812040354517,244.12649915142373,1028.4,669.1
14631,16235,955.6812040354517,244.12649915142373,1028.4,669.1
14632,16236,955.6812040354517,244.12649915142373,1028.4,669.1
14633,16237,955.6812040354517,244.12649915142373,1028.4,669.1
14634,16238,955.6812040354517,244.12649915142373,1028.4,669.1
14635,16239,955.6812040354517,244.12649915142373,1028.4,669.1
14636,16240,955.6812040354517,244.12649915142373,1028.4,669.1
14637,16241,955.6812040354517,244.12649915142373,1028.4,669.1
14638,16242,955.6812040354517,244.12649915142373,1028.4,669.1
14639,16243,955.6812040354517,244.12649915142373,1028.4,669.1
14640,16244,955.6812040354517,244.12649915142373,1028.4,669.1
14641,16245,955.6812040354517,244.12649915142373,1028.4,669.1
14642,16246,955.6812040354517,244.12649915142373,1028.4,669.1
14643,16247,955.6812040354517,244.12649915142373,1028.4,669.1
14644,16248,955.6812040354517,244.12649915142373,1028.4,669.1
14645,16249,955.6812040354517,244.12649915142373,1028.4,669.1
14646,16250,955.6812040354517,244.12649915142373,1028.4,669.1
14647,16251,955.6812040354517,244.12649915142373,1028.4,669.1
14648,16252,955.6812040354517,244.12649915142373,1028.4,669.1
14649,16253,955.6812040354517,244.12649915142373,1028.4,669.1
14650,16254,955.6812040354517,244.12649915142373,1028.4,669.1
14651,16255,955.6812040354517,244.12649915142373,1028.4,669.1
14652,16256,955.6812040354517,244.12649915142373,1028.4,669.1
14653,16257,955.6812040354517,244.12649915142373,1028.4,669.1
14654,16258,955.6812040354517,244.12649915142373,1028.4,669.1
14655,16259,955.6812040354517,244.12649915142373,1028.4,669.1
14656,16260,955.6812040354517,244.12649915142373,1028.4,669.1
14657,16261,955.6812040354517,244.12649915142373,1028.4,669.1
14658,16262,955.6812040354517,244.12649915142373,1028.4,669.1
14659,16263,955.6812040354517,244.12649915142373,1028.4,669.1
14660,16264,955.6812040354517,244.12649915142373,1028.4,669.1
14661,16265,955.6812040354517,244.12649915142373,1028.4,669.1
14662,16266,955.6812040354517,244.12649915142373,1028.4,669.1
14663,16267,955.6812040354517,244.12649915142373,1028.4,669.1
14664,16268,955.6812040354517,244.12649915142373,1028.4,669.1
14665,16269,955.6812040354517,244.12649915142373,1028.4,669.1
14666,16270,955.6812040354517,244.12649915142373,1028.4,669.1
14667,16271,955.6812040354517,244.12649915142373,1028.4,669.1
14668,16272,955.6812040354517,244.12649915142373,1028.4,669.1
14669,16273,955.6812040354517,244.12649915142373,1028.4,669.1
14670,16274,955.6812040354517,244.12649915142373,1028.4,669.1
14671,16275,955.6812040354517,244.12649915142373,1028.4,669.1
14672,16276,955.6812040354517,244.12649915142373,1028.4,669.1
14673,16277,955.6812040354517,244.12649915142373,1028.4,669.1
14674,16278,955.6812040354517,244.12649915142373,1028.4,669.1
14675,16279,955.6812040354517,244.12649915142373,1028.4,669.1
14676,16280,955.6812040354517,244.12649915142373,1028.4,669.1
14677,16281,955.6812040354517,244.12649915142373,1028.4,669.1
14678,16282,955.6812040354517,244.12649915142373,1028.4,669.1
14679,16283,955.6812040354517,244.12649915142373,1028.4,669.1
14680,16284,955.6812040354517,244.12649915142373,1028.4,669.1
14681,16285,955.6812040354517,244.12649915142373,1028.4,669.1
14682,16286,955.6812040354517,244.12649915142373,1028.4,669.1
14683,16287,955.6812040354517,244.12649915142373,1028.4,669.1
14684,16288,955.6812040354517,244.12649915142373,1028.4,669.1
14685,16289,955.6812040354517,244.12649915142373,1028.4,669.1
14686,16290,955.6812040354517,244.12649915142373,1028.4,669.1
14687,16291,955.6812040354517,244.12649915142373,1028.4,669.1
14688,16292,955.6812040354517,244.12649915142373,1028.4,669.1
14689,16293,955.6812040354517,244.12649915142373,1028.4,669.1
14690,16294,955.6812040354517,244.12649915142373,1028.4,669.1
14691,16295,955.6812040354517,244.12649915142373,1028.4,669.1
14692,16296,955.6812040354517,244.12649915142373,1028.4,669.1
14693,16297,955.6812040354517,244.12649915142373,1028.4,669.1
14694,16298,955.6812040354517,244.12649915142373,1028.4,669.1
14695,16299,955.6812040354517,244.12649915142373,1028.4,669.1
14696,16300,955.6812040354517,244.12649915142373,1028.4,669.1
14697,16301,955.6812040354517,244.12649915142373,1028.4,669.1
14698,16302,955.6812040354517,244.12649915142373,1028.4,669.1
14699,16303,955.6812040354517,244.12649915142373,1028.4,669.1
14700,16304,955.6812040354517,244.12649915142373,1028.4,669.1
14701,16305,955.6812040354517,244.12649915142373,1028.4,669.1
14702,16306,955.6812040354517,244.12649915142373,1028.4,669.1
14703,16307,955.6812040354517,244.12649915142373,1028.4,669.1
14704,16308,955.6812040354517,244.12649915142373,1028.4,669.1
14705,16309,955.6812040354517,244.12649915142373,1028.4,669.1
14706,16310,955.6812040354517,244.12649915142373,1028.4,669.1
14707,16311,955.6812040354517,244.12649915142373,1028.4,669.1
14708,16312,955.6812040354517,244.12649915142373,1028.4,669.1
14709,16313,955.6812040354517,244.12649915142373,1028.4,669.1
14710,16314,955.6812040354517,244.12649915142373,1028.4,669.1
14711,16315,955.6812040354517,244.12649915142373,1028.4,669.1
14712,16316,955.6812040354517,244.12649915142373,1028.4,669.1
14713,16317,955.6812040354517,244.12649915142373,1028.4,669.1
14714,16318,955.6812040354517,244.12649915142373,1028.4,669.1
14715,16319,955.6812040354517,244.12649915142373,1028.4,669.1
14716,16320,955.6812040354517,244.12649915142373,1028.4,669.1
14717,16321,955.6812040354517,244.12649915142373,1028.4,669.1
14718,16322,955.6812040354517,244.12649915142373,1028.4,669.1
14719,16323,955.6812040354517,244.12649915142373,1028.4,669.1
14720,16324,955.6812040354517,244.12649915142373,1028.4,669.1
14721,16325,955.6812040354517,244.12649915142373,1028.4,669.1
14722,16326,955.6812040354517,244.12649915142373,1028.4,669.1
14723,16327,955.6812040354517,244.12649915142373,1028.4,669.1
14724,16328,955.6812040354517,244.12649915142373,1028.4,669.1
14725,16329,955.6812040354517,244.12649915142373,1028.4,669.1
14726,16330,955.6812040354517,244.12649915142373,1028.4,669.1
14727,16331,955.6812040354517,244.12649915142373,1028.4,669.1
14728,16332,955.6812040354517,244.12649915142373,1028.4,669.1
14729,16333,961.6812040354517,520.1264991514238,1028.4,669.1
14730,16334,961.6812040354517,520.1264991514238,1028.4,669.1
14731,16335,961.6812040354517,520.1264991514238,1028.4,669.1
14732,16336,961.6812040354517,520.1264991514238,1028.4,669.1
14733,16337,961.6812040354517,520.1264991514238,1028.4,669.1
14734,16338,961.6812040354517,520.1264991514238,1028.4,669.1
14735,16339,961.6812040354517,520.1264991514238,1028.4,669.1
14736,16340,961.6812040354517,520.1264991514238,1028.4,669.1
14737,16341,961.6812040354517,520.1264991514238,1028.4,669.1
14738,16342,961.6812040354517,520.1264991514238,1028.4,669.1
14739,16343,961.6812040354517,520.1264991514238,1028.4,669.1
14740,16344,961.6812040354517,520.1264991514238,1028.4,669.1
14741,16345,961.6812040354517,520.1264991514238,1028.4,669.1
14742,16346,961.6812040354517,520.1264991514238,1028.4,669.1
14743,16347,961.6812040354517,520.1264991514238,1028.4,669.1
14744,16348,961.6812040354517,520.1264991514238,1028.4,669.1
14745,16349,961.6812040354517,520.1264991514238,1028.4,669.1
14746,16350,961.6812040354517,520.1264991514238,1028.4,669.1
14747,16351,961.6812040354517,520.1264991514238,1028.4,669.1
14748,16352,961.6812040354517,520.1264991514238,1028.4,669.1
14749,16353,961.6812040354517,520.1264991514238,1028.4,669.1
14750,16354,961.6812040354517,520.1264991514238,1028.4,669.1
14751,16355,961.6812040354517,520.1264991514238,1028.4,669.1
14752,16356,961.6812040354517,520.1264991514238,1028.4,669.1
14753,16357,961.6812040354517,520.1264991514238,1028.4,669.1
14754,16358,961.6812040354517,520.1264991514238,1028.4,669.1
14755,16359,961.6812040354517,520.1264991514238,1028.4,669.1
14756,16360,961.6812040354517,520.1264991514238,1028.4,669.1
14757,16361,961.6812040354517,520.1264991514238,1028.4,669.1
14758,16362,961.6812040354517,520.1264991514238,1028.4,669.1
14759,16363,961.6812040354517,520.1264991514238,1028.4,669.1
14760,16364,961.6812040354517,520.1264991514238,1028.4,669.1
14761,16365,961.6812040354517,520.1264991514238,1028.4,669.1
14762,16366,961.6812040354517,520.1264991514238,1028.4,669.1
14763,16367,966.6812040354517,796.1264991514238,1028.4,669.1
14764,16368,966.6812040354517,796.1264991514238,1028.4,669.1
14765,16369,966.6812040354517,796.1264991514238,1028.4,669.1
14766,16370,966.6812040354517,796.1264991514238,1028.4,669.1
14767,16371,966.6812040354517,796.1264991514238,1028.4,669.1
14768,16372,966.6812040354517,796.1264991514238,1028.4,669.1
14769,16373,966.6812040354517,796.1264991514238,1028.4,669.1
14770,16374,966.6812040354517,796.1264991514238,1028.4,669.1
14771,16375,966.6812040354517,796.1264991514238,1028.4,669.1
14772,16376,966.6812040354517,796.1264991514238,1028.4,669.1
14773,16377,966.6812040354517,796.1264991514238,1028.4,669.1
14774,16378,966.6812040354517,796.1264991514238,1028.4,669.1
14775,16379,966.6812040354517,796.1264991514238,1028.4,669.1
14776,16380,966.6812040354517,796.1264991514238,1028.4,669.1
14777,16381,966.6812040354517,796.1264991514238,1028.4,669.1
14778,16382,966.6812040354517,796.1264991514238,1028.4,669.1
14779,16383,966.6812040354517,796.1264991514238,1028.4,669.1
14780,16384,966.6812040354517,796.1264991514238,1028.4,669.1
14781,16385,966.6812040354517,796.1264991514238,1028.4,669.1
14782,16386,966.6812040354517,796.1264991514238,1028.4,669.1
14783,16387,966.6812040354517,796.1264991514238,1028.4,669.1
14784,16388,966.6812040354517,796.1264991514238,1028.4,669.1
14785,16389,966.6812040354517,796.1264991514238,1028.4,669.1
14786,16390,966.6812040354517,796.1264991514238,1028.4,669.1
14787,16391,966.6812040354517,796.1264991514238,1028.4,669.1
14788,16392,966.6812040354517,796.1264991514238,1028.4,669.1
14789,16393,966.6812040354517,796.1264991514238,1028.4,669.1
14790,16394,966.6812040354517,796.1264991514238,1028.4,669.1
14791,16395,966.6812040354517,796.1264991514238,1028.4,669.1
14792,16396,966.6812040354517,796.1264991514238,1028.4,669.1
14793,16397,966.6812040354517,796.1264991514238,1028.4,669.1
14794,16398,966.6812040354517,796.1264991514238,1028.4,669.1
14795,16399,966.6812040354517,796.1264991514238,1028.4,669.1
14796,16400,966.6812040354517,796.1264991514238,1028.4,669.1
14797,16401,966.6812040354517,796.1264991514238,1028.4,669.1
14798,16402,966.6812040354517,796.1264991514238,1028.4,669.1
14799,16403,966.6812040354517,796.1264991514238,1028.4,669.1
14800,16404,966.6812040354517,796.1264991514238,1028.4,669.1
14801,16405,966.6812040354517,796.1264991514238,1028.4,669.1
14802,16406,966.6812040354517,796.1264991514238,1028.4,669.1
14803,16407,966.6812040354517,796.1264991514238,1028.4,669.1
14804,16408,966.6812040354517,796.1264991514238,1028.4,669.1
14805,16409,966.6812040354517,796.1264991514238,1028.4,669.1
14806,16410,966.6812040354517,796.1264991514238,1028.4,669.1
14807,16411,966.6812040354517,796.1264991514238,1028.4,669.1
14808,16412,966.6812040354517,796.1264991514238,1028.4,669.1
14809,16413,966.6812040354517,796.1264991514238,1028.4,669.1
14810,16414,966.6812040354517,796.1264991514238,1028.4,669.1
14811,16415,966.6812040354517,796.1264991514238,1028.4,669.1
14812,16416,966.6812040354517,796.1264991514238,1028.4,669.1
14813,16417,966.6812040354517,796.1264991514238,1028.4,669.1
14814,16418,966.6812040354517,796.1264991514238,1028.4,669.1
14815,16419,966.6812040354517,796.1264991514238,1028.4,669.1
14816,16420,966.6812040354517,796.1264991514238,1028.4,669.1
14817,16421,966.6812040354517,796.1264991514238,1028.4,669.1
14818,16422,966.6812040354517,796.1264991514238,1028.4,669.1
14819,16423,966.6812040354517,796.1264991514238,1028.4,669.1
14820,16424,966.6812040354517,796.1264991514238,1028.4,669.1
14821,16425,966.6812040354517,796.1264991514238,1028.4,669.1
14822,16426,966.6812040354517,796.1264991514238,1028.4,669.1
14823,16427,966.6812040354517,796.1264991514238,1028.4,669.1
14824,16428,966.6812040354517,796.1264991514238,1028.4,669.1
14825,16429,966.6812040354517,796.1264991514238,1028.4,669.1
14826,16430,966.6812040354517,796.1264991514238,1028.4,669.1
14827,16431,966.6812040354517,796.1264991514238,1028.4,669.1
14828,16432,966.6812040354517,796.1264991514238,1028.4,669.1
14829,16433,963.6812040354517,713.1264991514238,1028.4,669.1
14830,16434,963.6812040354517,713.1264991514238,1028.4,669.1
14831,16435,963.6812040354517,713.1264991514238,1028.4,669.1
14832,16436,963.6812040354517,713.1264991514238,1028.4,669.1
14833,16437,963.6812040354517,713.1264991514238,1028.4,669.1
14834,16438,963.6812040354517,713.1264991514238,1028.4,669.1
14835,16439,963.6812040354517,713.1264991514238,1028.4,669.1
14836,16440,963.6812040354517,713.1264991514238,1028.4,669.1
14837,16441,963.6812040354517,713.1264991514238,1028.4,669.1
14838,16442,963.6812040354517,713.1264991514238,1028.4,669.1
14839,16443,963.6812040354517,713.1264991514238,1028.4,669.1
14840,16444,963.6812040354517,713.1264991514238,1028.4,669.1
14841,16445,963.6812040354517,713.1264991514238,1028.4,669.1
14842,16446,963.6812040354517,713.1264991514238,1028.4,669.1
14843,16447,963.6812040354517,713.1264991514238,1028.4,669.1
14844,16448,963.6812040354517,713.1264991514238,1028.4,669.1
14845,16449,963.6812040354517,713.1264991514238,1028.4,669.1
14846,16450,963.6812040354517,713.1264991514238,1028.4,669.1
14847,16451,963.6812040354517,713.1264991514238,1028.4,669.1
14848,16452,963.6812040354517,713.1264991514238,1028.4,669.1
14849,16453,963.6812040354517,713.1264991514238,1028.4,669.1
14850,16454,963.6812040354517,713.1264991514238,1028.4,669.1
14851,16455,963.6812040354517,713.1264991514238,1028.4,669.1
14852,16456,963.6812040354517,713.1264991514238,1028.4,669.1
14853,16457,963.6812040354517,713.1264991514238,1028.4,669.1
14854,16458,963.6812040354517,713.1264991514238,1028.4,669.1
14855,16459,963.6812040354517,713.1264991514238,1028.4,669.1
14856,16460,963.6812040354517,713.1264991514238,1028.4,669.1
14857,16461,963.6812040354517,713.1264991514238,1028.4,669.1
14858,16462,963.6812040354517,713.1264991514238,1028.4,669.1
14859,16463,963.6812040354517,713.1264991514238,1028.4,669.1
14860,16464,963.6812040354517,713.1264991514238,1028.4,669.1
14861,16465,963.6812040354517,713.1264991514238,1028.4,669.1
14862,16466,963.6812040354517,713.1264991514238,1028.4,669.1
14863,16467,974.6812040354517,502.12649915142373,1028.4,669.1
14864,16468,974.6812040354517,502.12649915142373,1028.4,669.1
14865,16469,974.6812040354517,502.12649915142373,1028.4,669.1
14866,16470,974.6812040354517,502.12649915142373,1028.4,669.1
14867,16471,974.6812040354517,502.12649915142373,1028.4,669.1
14868,16472,974.6812040354517,502.12649915142373,1028.4,669.1
14869,16473,974.6812040354517,502.12649915142373,1025.0900000000001,666.84
14870,16474,974.6812040354517,502.12649915142373,1021.7800000000001,664.58
14871,16475,974.6812040354517,502.12649915142373,1018.47,662.32
14872,16476,974.6812040354517,502.12649915142373,1015.1600000000001,660.0600000000001
14873,16477,974.6812040354517,502.12649915142373,1011.85,657.8
14874,16478,974.6812040354517,502.12649915142373,1008.54,655.54
14875,16479,974.6812040354517,502.12649915142373,1005.23,653.28
14876,16480,974.6812040354517,502.12649915142373,1001.92,651.02
14877,16481,974.6812040354517,502.12649915142373,998.61,648.76
14878,16482,974.6812040354517,502.12649915142373,995.3,646.5
14879,16483,974.6812040354517,502.12649915142373,995.3,646.5
14880,16484,974.6812040354517,502.12649915142373,995.3,646.5
14881,16485,974.6812040354517,502.12649915142373,995.3,646.5
14882,16486,974.6812040354517,502.12649915142373,995.3,646.5
14883,16487,974.6812040354517,502.12649915142373,995.3,646.5
14884,16488,974.6812040354517,502.12649915142373,995.3,646.5
14885,16489,974.6812040354517,502.12649915142373,995.3,646.5
14886,16490,974.6812040354517,502.12649915142373,995.3,646.5
14887,16491,974.6812040354517,502.12649915142373,995.3,646.5
14888,16492,974.6812040354517,502.12649915142373,995.3,646.5
14889,16493,974.6812040354517,502.12649915142373,995.3,646.5
14890,16494,974.6812040354517,502.12649915142373,995.3,646.5
14891,16495,974.6812040354517,502.12649915142373,995.3,646.5
14892,16496,974.6812040354517,502.12649915142373,995.3,646.5
14893,16497,974.6812040354517,502.12649915142373,995.3,646.5
14894,16498,974.6812040354517,502.12649915142373,995.3,646.5
14895,16499,974.6812040354517,502.12649915142373,995.3,646.5
14896,16500,986.6812040354517,291.12649915142373,995.3,646.5
14897,16501,986.6812040354517,291.12649915142373,995.3,646.5
14898,16502,986.6812040354517,291.12649915142373,995.3,646.5
14899,16503,986.6812040354517,291.12649915142373,995.3,646.5
14900,16504,986.6812040354517,291.12649915142373,995.3,646.5
14901,16505,986.6812040354517,291.12649915142373,995.3,646.5
14902,16506,986.6812040354517,291.12649915142373,995.3,646.5
14903,16507,986.6812040354517,291.12649915142373,995.3,646.5
14904,16508,986.6812040354517,291.12649915142373,995.3,646.5
14905,16509,986.6812040354517,291.12649915142373,995.3,646.5
14906,16510,986.6812040354517,291.12649915142373,995.3,646.5
14907,16511,986.6812040354517,291.12649915142373,995.3,646.5
14908,16512,986.6812040354517,291.12649915142373,995.3,646.5
14909,16513,986.6812040354517,291.12649915142373,995.3,646.5
14910,16514,986.6812040354517,291.12649915142373,995.3,646.5
14911,16515,986.6812040354517,291.12649915142373,995.3,646.5
14912,16516,986.6812040354517,291.12649915142373,995.3,646.5
14913,16517,986.6812040354517,291.12649915142373,995.3,646.5
14914,16518,986.6812040354517,291.12649915142373,995.3,646.5
14915,16519,986.6812040354517,291.12649915142373,995.3,646.5
14916,16520,986.6812040354517,291.12649915142373,995.3,646.5
14917,16521,986.6812040354517,291.12649915142373,995.3,646.5
14918,16522,986.6812040354517,291.12649915142373,995.3,646.5
14919,16523,986.6812040354517,291.12649915142373,995.3,646.5
14920,16524,986.6812040354517,291.12649915142373,995.3,646.5
14921,16525,986.6812040354517,291.12649915142373,995.3,646.5
14922,16526,986.6812040354517,291.12649915142373,995.3,646.5
14923,16527,986.6812040354517,291.12649915142373,995.3,646.5
14924,16528,986.6812040354517,291.12649915142373,995.3,646.5
14925,16529,986.6812040354517,291.12649915142373,995.3,646.5
14926,16530,986.6812040354517,291.12649915142373,995.3,646.5
14927,16531,986.6812040354517,291.12649915142373,995.3,646.5
14928,16532,986.6812040354517,291.12649915142373,995.3,646.5
14929,16533,986.6812040354517,291.12649915142373,995.3,646.5
14930,16534,986.6812040354517,291.12649915142373,995.3,646.5
14931,16535,986.6812040354517,291.12649915142373,995.3,646.5
14932,16536,986.6812040354517,291.12649915142373,995.3,646.5
14933,16537,986.6812040354517,291.12649915142373,995.3,646.5
14934,16538,986.6812040354517,291.12649915142373,995.3,646.5
14935,16539,986.6812040354517,291.12649915142373,995.3,646.5
14936,16540,986.6812040354517,291.12649915142373,995.3,646.5
14937,16541,986.6812040354517,291.12649915142373,995.3,646.5
14938,16542,986.6812040354517,291.12649915142373,995.3,646.5
14939,16543,986.6812040354517,291.12649915142373,995.3,646.5
14940,16544,986.6812040354517,291.12649915142373,995.3,646.5
14941,16545,986.6812040354517,291.12649915142373,995.3,646.5
14942,16546,986.6812040354517,291.12649915142373,995.3,646.5
14943,16547,986.6812040354517,291.12649915142373,995.3,646.5
14944,16548,986.6812040354517,291.12649915142373,995.3,646.5
14945,16549,986.6812040354517,291.12649915142373,995.3,646.5
14946,16550,986.6812040354517,291.12649915142373,995.3,646.5
14947,16551,986.6812040354517,291.12649915142373,995.3,646.5
14948,16552,986.6812040354517,291.12649915142373,995.3,646.5
14949,16553,986.6812040354517,291.12649915142373,995.3,646.5
14950,16554,986.6812040354517,291.12649915142373,995.3,646.5
14951,16555,986.6812040354517,291.12649915142373,995.3,646.5
14952,16556,986.6812040354517,291.12649915142373,995.3,646.5
14953,16557,986.6812040354517,291.12649915142373,995.3,646.5
14954,16558,986.6812040354517,291.12649915142373,995.3,646.5
14955,16559,986.6812040354517,291.12649915142373,995.3,646.5
14956,16560,986.6812040354517,291.12649915142373,995.3,646.5
14957,16561,986.6812040354517,291.12649915142373,995.3,646.5
14958,16562,986.6812040354517,291.12649915142373,995.3,646.5
14959,16563,986.6812040354517,291.12649915142373,995.3,646.5
14960,16564,986.6812040354517,291.12649915142373,995.3,646.5
14961,16565,986.6812040354517,291.12649915142373,995.3,646.5
14962,16566,986.6812040354517,291.12649915142373,995.3,646.5
14963,16567,986.6812040354517,291.12649915142373,995.3,646.5
14964,16568,986.6812040354517,291.12649915142373,995.3,646.5
14965,16569,986.6812040354517,291.12649915142373,995.3,646.5
14966,16570,986.6812040354517,291.12649915142373,995.3,646.5
14967,16571,986.6812040354517,291.12649915142373,995.3,646.5
14968,16572,986.6812040354517,291.12649915142373,995.3,646.5
14969,16573,986.6812040354517,291.12649915142373,995.3,646.5
14970,16574,986.6812040354517,291.12649915142373,995.3,646.5
14971,16575,986.6812040354517,291.12649915142373,995.3,646.5
14972,16576,986.6812040354517,291.12649915142373,995.3,646.5
14973,16577,986.6812040354517,291.12649915142373,995.3,646.5
14974,16578,986.6812040354517,291.12649915142373,995.3,646.5
14975,16579,986.6812040354517,291.12649915142373,995.3,646.5
14976,16580,986.6812040354517,291.12649915142373,995.3,646.5
14977,16581,986.6812040354517,291.12649915142373,995.3,646.5
14978,16582,986.6812040354517,291.12649915142373,995.3,646.5
14979,16583,986.6812040354517,291.12649915142373,995.3,646.5
14980,16584,986.6812040354517,291.12649915142373,995.3,646.5
14981,16585,986.6812040354517,291.12649915142373,995.3,646.5
14982,16586,986.6812040354517,291.12649915142373,995.3,646.5
14983,16587,986.6812040354517,291.12649915142373,995.3,646.5
14984,16588,986.6812040354517,291.12649915142373,995.3,646.5
14985,16589,986.6812040354517,291.12649915142373,995.3,646.5
14986,16590,986.6812040354517,291.12649915142373,995.3,646.5
14987,16591,986.6812040354517,291.12649915142373,995.3,646.5
14988,16592,986.6812040354517,291.12649915142373,995.3,646.5
14989,16593,986.6812040354517,291.12649915142373,995.3,646.5
14990,16594,986.6812040354517,291.12649915142373,995.3,646.5
14991,16595,986.6812040354517,291.12649915142373,995.3,646.5
14992,16596,986.6812040354517,291.12649915142373,995.3,646.5
14993,16597,986.6812040354517,291.12649915142373,995.3,646.5
14994,16598,986.6812040354517,291.12649915142373,995.3,646.5
14995,16599,986.6812040354517,291.12649915142373,995.3,646.5
14996,16600,986.6812040354517,291.12649915142373,995.3,646.5
14997,16601,986.6812040354517,291.12649915142373,995.3,646.5
14998,16602,986.6812040354517,291.12649915142373,995.3,646.5
14999,16603,986.6812040354517,291.12649915142373,995.3,646.5
15000,16604,986.6812040354517,291.12649915142373,1011.8199999999999,647.78
15001,16605,986.6812040354517,291.12649915142373,1028.34,649.0600000000001
15002,16606,986.6812040354517,291.12649915142373,1044.86,650.34
15003,16607,986.6812040354517,291.12649915142373,1061.3799999999999,651.62
15004,16608,972.6812040354517,242.12649915142373,1077.8999999999999,652.9
15005,16609,972.6812040354517,242.12649915142373,1094.4199999999998,654.1800000000001
15006,16610,972.6812040354517,242.12649915142373,1110.9399999999998,655.46
15007,16611,972.6812040354517,242.12649915142373,1127.46,656.74
15008,16612,972.6812040354517,242.12649915142373,1143.98,658.02
15009,16613,972.6812040354517,242.12649915142373,1160.5,659.3000000000001
15010,16614,972.6812040354517,242.12649915142373,1177.02,660.58
15011,16615,972.6812040354517,242.12649915142373,1193.54,661.86
15012,16616,972.6812040354517,242.12649915142373,1210.06,663.14
15013,16617,972.6812040354517,242.12649915142373,1226.58,664.4200000000001
15014,16618,972.6812040354517,242.12649915142373,1243.1,665.7
15015,16619,972.6812040354517,242.12649915142373,1243.1,665.7
15016,16620,972.6812040354517,242.12649915142373,1243.1,665.7
15017,16621,972.6812040354517,242.12649915142373,1243.1,665.7
15018,16622,972.6812040354517,242.12649915142373,1243.1,665.7
15019,16623,972.6812040354517,242.12649915142373,1243.1,665.7
15020,16624,972.6812040354517,242.12649915142373,1243.1,665.7
15021,16625,972.6812040354517,242.12649915142373,1243.1,665.7
15022,16626,972.6812040354517,242.12649915142373,1243.1,665.7
15023,16627,972.6812040354517,242.12649915142373,1243.1,665.7
15024,16628,972.6812040354517,242.12649915142373,1243.1,665.7
15025,16629,972.6812040354517,242.12649915142373,1243.1,665.7
15026,16630,972.6812040354517,242.12649915142373,1243.1,665.7
15027,16631,972.6812040354517,242.12649915142373,1243.1,665.7
15028,16632,972.6812040354517,242.12649915142373,1243.1,665.7
15029,16633,972.6812040354517,242.12649915142373,1243.1,665.7
15030,16634,972.6812040354517,242.12649915142373,1243.1,665.7
15031,16635,972.6812040354517,242.12649915142373,1243.1,665.7
15032,16636,972.6812040354517,242.12649915142373,1243.1,665.7
15033,16637,972.6812040354517,242.12649915142373,1243.1,665.7
15034,16638,972.6812040354517,242.12649915142373,1243.1,665.7
15035,16639,972.6812040354517,242.12649915142373,1243.1,665.7
15036,16640,972.6812040354517,242.12649915142373,1243.1,665.7
15037,16641,972.6812040354517,242.12649915142373,1243.1,665.7
15038,16642,972.6812040354517,242.12649915142373,1243.1,665.7
15039,16643,972.6812040354517,242.12649915142373,1243.1,665.7
15040,16644,972.6812040354517,242.12649915142373,1243.1,665.7
15041,16645,972.6812040354517,242.12649915142373,1243.1,665.7
15042,16646,972.6812040354517,242.12649915142373,1243.1,665.7
15043,16647,972.6812040354517,242.12649915142373,1243.1,665.7
15044,16648,972.6812040354517,242.12649915142373,1243.1,665.7
15045,16649,972.6812040354517,242.12649915142373,1243.1,665.7
15046,16650,972.6812040354517,242.12649915142373,1243.1,665.7
15047,16651,972.6812040354517,242.12649915142373,1243.1,665.7
15048,16652,972.6812040354517,242.12649915142373,1243.1,665.7
15049,16653,972.6812040354517,242.12649915142373,1243.1,665.7
15050,16654,972.6812040354517,242.12649915142373,1243.1,665.7
15051,16655,972.6812040354517,242.12649915142373,1243.1,665.7
15052,16656,972.6812040354517,242.12649915142373,1243.1,665.7
15053,16657,972.6812040354517,242.12649915142373,1243.1,665.7
15054,16658,972.6812040354517,242.12649915142373,1243.1,665.7
15055,16659,972.6812040354517,242.12649915142373,1243.1,665.7
15056,16660,972.6812040354517,242.12649915142373,1243.1,665.7
15057,16661,972.6812040354517,242.12649915142373,1243.1,665.7
15058,16662,972.6812040354517,242.12649915142373,1243.1,665.7
15059,16663,972.6812040354517,242.12649915142373,1243.1,665.7
15060,16664,972.6812040354517,242.12649915142373,1243.1,665.7
15061,16665,972.6812040354517,242.12649915142373,1243.1,665.7
15062,16666,972.6812040354517,242.12649915142373,1243.1,665.7
15063,16667,972.6812040354517,242.12649915142373,1243.1,665.7
15064,16668,972.6812040354517,242.12649915142373,1243.1,665.7
15065,16669,972.6812040354517,242.12649915142373,1243.1,665.7
15066,16670,972.6812040354517,242.12649915142373,1243.1,665.7
15067,16671,972.6812040354517,242.12649915142373,1243.1,665.7
15068,16672,972.6812040354517,242.12649915142373,1243.1,665.7
15069,16673,972.6812040354517,242.12649915142373,1243.1,665.7
15070,16674,972.6812040354517,242.12649915142373,1243.1,665.7
15071,16675,972.6812040354517,242.12649915142373,1243.1,665.7
15072,16676,972.6812040354517,242.12649915142373,1243.1,665.7
15073,16677,972.6812040354517,242.12649915142373,1243.1,665.7
15074,16678,972.6812040354517,242.12649915142373,1243.1,665.7
15075,16679,972.6812040354517,242.12649915142373,1243.1,665.7
15076,16680,972.6812040354517,242.12649915142373,1243.1,665.7
15077,16681,972.6812040354517,242.12649915142373,1243.1,665.7
15078,16682,972.6812040354517,242.12649915142373,1243.1,665.7
15079,16683,972.6812040354517,242.12649915142373,1243.1,665.7
15080,16684,972.6812040354517,242.12649915142373,1243.1,665.7
15081,16685,972.6812040354517,242.12649915142373,1243.1,665.7
15082,16686,972.6812040354517,242.12649915142373,1243.1,665.7
15083,16687,972.6812040354517,242.12649915142373,1243.1,665.7
15084,16688,972.6812040354517,242.12649915142373,1243.1,665.7
15085,16689,972.6812040354517,242.12649915142373,1243.1,665.7
15086,16690,972.6812040354517,242.12649915142373,1243.1,665.7
15087,16691,972.6812040354517,242.12649915142373,1243.1,665.7
15088,16692,972.6812040354517,242.12649915142373,1243.1,665.7
15089,16693,972.6812040354517,242.12649915142373,1243.1,665.7
15090,16694,972.6812040354517,242.12649915142373,1243.1,665.7
15091,16695,972.6812040354517,242.12649915142373,1243.1,665.7
15092,16696,972.6812040354517,242.12649915142373,1243.1,665.7
15093,16697,972.6812040354517,242.12649915142373,1243.1,665.7
15094,16698,972.6812040354517,242.12649915142373,1243.1,665.7
15095,16699,972.6812040354517,242.12649915142373,1243.1,665.7
15096,16700,972.6812040354517,242.12649915142373,1243.1,665.7
15097,16701,972.6812040354517,242.12649915142373,1243.1,665.7
15098,16702,972.6812040354517,242.12649915142373,1243.1,665.7
15098,16703,972.6812040354517,242.12649915142373,1243.1,665.7
15098,16704,972.6812040354517,242.12649915142373,1243.1,665.7
15098,16705,972.6812040354517,242.12649915142373,1243.1,665.7
15098,16706,972.6812040354517,242.12649915142373,1243.1,665.7
15098,16707,972.6812040354517,242.12649915142373,1243.1,665.7
15098,16708,972.6812040354517,242.12649915142373,1243.1,665.7
15098,16709,972.6812040354517,242.12649915142373,1243.1,665.7
15098,16710,972.6812040354517,242.12649915142373,1243.1,665.7
15098,16711,972.6812040354517,242.12649915142373,1243.1,665.7
15098,16712,972.6812040354517,242.12649915142373,1243.1,665.7
15098,16713,972.6812040354517,242.12649915142373,1243.1,665.7
15098,16714,972.6812040354517,242.12649915142373,1243.1,665.7
15098,16715,972.6812040354517,242.12649915142373,1243.1,665.7
15098,16716,972.6812040354517,242.12649915142373,1243.1,665.7
15098,16717,972.6812040354517,242.12649915142373,1243.1,665.7
15098,16718,972.6812040354517,242.12649915142373,1243.1,665.7
15098,16719,972.6812040354517,242.12649915142373,1243.1,665.7
15098,16720,972.6812040354517,242.12649915142373,1243.1,665.7
15098,16721,972.6812040354517,242.12649915142373,1243.1,665.7
15098,16722,972.6812040354517,242.12649915142373,1243.1,665.7
15098,16723,972.6812040354517,242.12649915142373,1243.1,665.7
15098,16724,972.6812040354517,242.12649915142373,1243.1,665.7
15098,16725,972.6812040354517,242.12649915142373,1243.1,665.7
15098,16726,972.6812040354517,242.12649915142373,1243.1,665.7
15098,16727,972.6812040354517,242.12649915142373,1243.1,665.7
15098,16728,972.6812040354517,242.12649915142373,1243.1,665.7
15098,16729,972.6812040354517,242.12649915142373,1243.1,665.7
15098,16730,972.6812040354517,242.12649915142373,1243.1,665.7
15098,16731,972.6812040354517,242.12649915142373,1243.1,665.7
15098,16732,972.6812040354517,242.12649915142373,1243.1,665.7
15098,16733,1157.6812040354516,251.12649915142373,1243.1,665.7
15098,16734,1157.6812040354516,251.12649915142373,1243.1,665.7
15098,16735,1157.6812040354516,251.12649915142373,1243.1,665.7
15098,16736,1157.6812040354516,251.12649915142373,1243.1,665.7
15098,16737,1157.6812040354516,251.12649915142373,1243.1,665.7
15098,16738,1157.6812040354516,251.12649915142373,1243.1,665.7
15098,16739,1157.6812040354516,251.12649915142373,1243.1,665.7
15098,16740,1157.6812040354516,251.12649915142373,1243.1,665.7
15098,16741,1157.6812040354516,251.12649915142373,1243.1,665.7
15098,16742,1157.6812040354516,251.12649915142373,1243.1,665.7
15098,16743,1157.6812040354516,251.12649915142373,1243.1,665.7
15098,16744,1157.6812040354516,251.12649915142373,1243.1,665.7
15098,16745,1157.6812040354516,251.12649915142373,1243.1,665.7
15098,16746,1157.6812040354516,251.12649915142373,1243.1,665.7
15098,16747,1157.6812040354516,251.12649915142373,1243.1,665.7
15098,16748,1157.6812040354516,251.12649915142373,1243.1,665.7
15098,16749,1157.6812040354516,251.12649915142373,1243.1,665.7
15098,16750,1157.6812040354516,251.12649915142373,1243.1,665.7
15098,16751,1157.6812040354516,251.12649915142373,1243.1,665.7
15098,16752,1157.6812040354516,251.12649915142373,1243.1,665.7
15098,16753,1157.6812040354516,251.12649915142373,1243.1,665.7
15098,16754,1157.6812040354516,251.12649915142373,1243.1,665.7
15098,16755,1157.6812040354516,251.12649915142373,1243.1,665.7
15098,16756,1157.6812040354516,251.12649915142373,1243.1,665.7
15098,16757,1157.6812040354516,251.12649915142373,1243.1,665.7
15098,16758,1157.6812040354516,251.12649915142373,1243.1,665.7
15098,16759,1157.6812040354516,251.12649915142373,1243.1,665.7
15098,16760,1157.6812040354516,251.12649915142373,1243.1,665.7
15098,16761,1157.6812040354516,251.12649915142373,1243.1,665.7
15098,16762,1157.6812040354516,251.12649915142373,1243.1,665.7
15098,16763,1157.6812040354516,251.12649915142373,1243.1,665.7
15098,16764,1157.6812040354516,251.12649915142373,1243.1,665.7
15098,16765,1157.6812040354516,251.12649915142373,1243.1,665.7
15098,16766,1157.6812040354516,251.12649915142373,1243.1,665.7
15098,16767,1343.6812040354516,260.12649915142373,1243.1,665.7
15098,16768,1343.6812040354516,260.12649915142373,1243.1,665.7
15098,16769,1343.6812040354516,260.12649915142373,1243.1,665.7
15098,16770,1343.6812040354516,260.12649915142373,1243.1,665.7
15098,16771,1343.6812040354516,260.12649915142373,1243.1,665.7
15098,16772,1343.6812040354516,260.12649915142373,1243.1,665.7
15098,16773,1343.6812040354516,260.12649915142373,1243.1,665.7
15098,16774,1343.6812040354516,260.12649915142373,1243.1,665.7
15098,16775,1343.6812040354516,260.12649915142373,1243.1,665.7
15098,16776,1343.6812040354516,260.12649915142373,1243.1,665.7
15098,16777,1343.6812040354516,260.12649915142373,1243.1,665.7
15098,16778,1343.6812040354516,260.12649915142373,1243.1,665.7
15098,16779,1343.6812040354516,260.12649915142373,1243.1,665.7
15098,16780,1343.6812040354516,260.12649915142373,1243.1,665.7
15098,16781,1343.6812040354516,260.12649915142373,1243.1,665.7
15098,16782,1343.6812040354516,260.12649915142373,1243.1,665.7
15098,16783,1343.6812040354516,260.12649915142373,1243.1,665.7
15098,16784,1343.6812040354516,260.12649915142373,1243.1,665.7
15098,16785,1343.6812040354516,260.12649915142373,1243.1,665.7
15098,16786,1343.6812040354516,260.12649915142373,1243.1,665.7
15098,16787,1343.6812040354516,260.12649915142373,1243.1,665.7
15098,16788,1343.6812040354516,260.12649915142373,1243.1,665.7
15098,16789,1343.6812040354516,260.12649915142373,1243.1,665.7
15098,16790,1343.6812040354516,260.12649915142373,1243.1,665.7
15098,16791,1343.6812040354516,260.12649915142373,1243.1,665.7
15098,16792,1343.6812040354516,260.12649915142373,1243.1,665.7
15098,16793,1343.6812040354516,260.12649915142373,1243.1,665.7
15098,16794,1343.6812040354516,260.12649915142373,1243.1,665.7
15098,16795,1343.6812040354516,260.12649915142373,1243.1,665.7
15098,16796,1343.6812040354516,260.12649915142373,1243.1,665.7
15098,16797,1343.6812040354516,260.12649915142373,1243.1,665.7
15098,16798,1343.6812040354516,260.12649915142373,1243.1,665.7
15098,16799,1343.6812040354516,260.12649915142373,1243.1,665.7
15098,16800,1343.6812040354516,260.12649915142373,1243.1,665.7
15098,16801,1343.6812040354516,260.12649915142373,1243.1,665.7
15098,16802,1343.6812040354516,260.12649915142373,1243.1,665.7
15098,16803,1343.6812040354516,260.12649915142373,1243.1,665.7
15098,16804,1343.6812040354516,260.12649915142373,1243.1,665.7
15098,16805,1343.6812040354516,260.12649915142373,1243.1,665.7
15098,16806,1343.6812040354516,260.12649915142373,1243.1,665.7
15098,16807,1343.6812040354516,260.12649915142373,1243.1,665.7
15098,16808,1343.6812040354516,260.12649915142373,1243.1,665.7
15098,16809,1343.6812040354516,260.12649915142373,1243.1,665.7
15098,16810,1343.6812040354516,260.12649915142373,1243.1,665.7
15098,16811,1343.6812040354516,260.12649915142373,1243.1,665.7
15098,16812,1343.6812040354516,260.12649915142373,1243.1,665.7
15098,16813,1343.6812040354516,260.12649915142373,1243.1,665.7
15098,16814,1343.6812040354516,260.12649915142373,1243.1,665.7
15098,16815,1343.6812040354516,260.12649915142373,1243.1,665.7
15098,16816,1343.6812040354516,260.12649915142373,1243.1,665.7
15098,16817,1343.6812040354516,260.12649915142373,1243.1,665.7
15098,16818,1343.6812040354516,260.12649915142373,1243.1,665.7
15098,16819,1343.6812040354516,260.12649915142373,1243.1,665.7
15098,16820,1343.6812040354516,260.12649915142373,1243.1,665.7
15098,16821,1343.6812040354516,260.12649915142373,1243.1,665.7
15098,16822,1343.6812040354516,260.12649915142373,1243.1,665.7
15098,16823,1343.6812040354516,260.12649915142373,1243.1,665.7
15098,16824,1343.6812040354516,260.12649915142373,1243.1,665.7
15098,16825,1343.6812040354516,260.12649915142373,1243.1,665.7
15098,16826,1343.6812040354516,260.12649915142373,1243.1,665.7
15098,16827,1343.6812040354516,260.12649915142373,1243.1,665.7
15098,16828,1343.6812040354516,260.12649915142373,1243.1,665.7
15098,16829,1343.6812040354516,260.12649915142373,1243.1,665.7
15098,16830,1343.6812040354516,260.12649915142373,1243.1,665.7
15098,16831,1343.6812040354516,260.12649915142373,1243.1,665.7
15098,16832,1343.6812040354516,260.12649915142373,1243.1,665.7
15098,16833,1343.6812040354516,260.12649915142373,1243.1,665.7
15098,16834,1343.6812040354516,260.12649915142373,1243.1,665.7
15098,16835,1343.6812040354516,260.12649915142373,1243.1,665.7
15098,16836,1343.6812040354516,260.12649915142373,1243.1,665.7
15098,16837,1343.6812040354516,260.12649915142373,1243.1,665.7
15098,16838,1343.6812040354516,260.12649915142373,1243.1,665.7
15098,16839,1343.6812040354516,260.12649915142373,1243.1,665.7
15098,16840,1343.6812040354516,260.12649915142373,1243.1,665.7
15098,16841,1343.6812040354516,260.12649915142373,1243.1,665.7
15098,16842,1343.6812040354516,260.12649915142373,1243.1,665.7
15098,16843,1343.6812040354516,260.12649915142373,1243.1,665.7
15098,16844,1343.6812040354516,260.12649915142373,1243.1,665.7
15098,16845,1343.6812040354516,260.12649915142373,1243.1,665.7
15098,16846,1343.6812040354516,260.12649915142373,1243.1,665.7
15098,16847,1343.6812040354516,260.12649915142373,1243.1,665.7
15098,16848,1343.6812040354516,260.12649915142373,1243.1,665.7
15098,16849,1343.6812040354516,260.12649915142373,1243.1,665.7
15098,16850,1343.6812040354516,260.12649915142373,1243.1,665.7
15098,16851,1343.6812040354516,260.12649915142373,1243.1,665.7
15098,16852,1343.6812040354516,260.12649915142373,1243.1,665.7
15098,16853,1343.6812040354516,260.12649915142373,1243.1,665.7
15098,16854,1343.6812040354516,260.12649915142373,1243.1,665.7
15098,16855,1343.6812040354516,260.12649915142373,1243.1,665.7
15098,16856,1343.6812040354516,260.12649915142373,1243.1,665.7
15098,16857,1343.6812040354516,260.12649915142373,1243.1,665.7
15098,16858,1343.6812040354516,260.12649915142373,1243.1,665.7
15098,16859,1343.6812040354516,260.12649915142373,1243.1,665.7
15098,16860,1343.6812040354516,260.12649915142373,1243.1,665.7
15098,16861,1343.6812040354516,260.12649915142373,1243.1,665.7
15098,16862,1343.6812040354516,260.12649915142373,1243.1,665.7
15098,16863,1343.6812040354516,260.12649915142373,1243.1,665.7
15098,16864,1343.6812040354516,260.12649915142373,1243.1,665.7
15098,16865,1343.6812040354516,260.12649915142373,1243.1,665.7
15098,16866,1343.6812040354516,260.12649915142373,1243.1,665.7
15098,16867,1343.6812040354516,260.12649915142373,1243.1,665.7
15098,16868,1343.6812040354516,260.12649915142373,1243.1,665.7
15098,16869,1343.6812040354516,260.12649915142373,1243.1,665.7
15098,16870,1343.6812040354516,260.12649915142373,1243.1,665.7
15098,16871,1343.6812040354516,260.12649915142373,1243.1,665.7
15098,16872,1343.6812040354516,260.12649915142373,1243.1,665.7
15098,16873,1343.6812040354516,260.12649915142373,1243.1,665.7
15098,16874,1011.6812040354517,499.12649915142373,1243.1,665.7
15098,16875,1011.6812040354517,499.12649915142373,1243.1,665.7
15098,16876,1011.6812040354517,499.12649915142373,1243.1,665.7
15098,16877,1011.6812040354517,499.12649915142373,1243.1,665.7
15098,16878,1011.6812040354517,499.12649915142373,1243.1,665.7
15098,16879,1011.6812040354517,499.12649915142373,1243.1,665.7
15098,16880,1011.6812040354517,499.12649915142373,1243.1,665.7
15098,16881,1011.6812040354517,499.12649915142373,1243.1,665.7
15098,16882,1011.6812040354517,499.12649915142373,1243.1,665.7
15098,16883,1011.6812040354517,499.12649915142373,1243.1,665.7
15098,16884,1011.6812040354517,499.12649915142373,1243.1,665.7
15098,16885,1011.6812040354517,499.12649915142373,1243.1,665.7
15098,16886,1011.6812040354517,499.12649915142373,1243.1,665.7
15098,16887,1011.6812040354517,499.12649915142373,1243.1,665.7
15098,16888,1011.6812040354517,499.12649915142373,1243.1,665.7
15098,16889,1011.6812040354517,499.12649915142373,1243.1,665.7
15098,16890,1011.6812040354517,499.12649915142373,1243.1,665.7
15098,16891,1011.6812040354517,499.12649915142373,1243.1,665.7
15098,16892,1011.6812040354517,499.12649915142373,1243.1,665.7
15098,16893,1011.6812040354517,499.12649915142373,1243.1,665.7
15098,16894,1011.6812040354517,499.12649915142373,1243.1,665.7
15098,16895,1011.6812040354517,499.12649915142373,1243.1,665.7
15098,16896,1011.6812040354517,499.12649915142373,1243.1,665.7
15098,16897,1011.6812040354517,499.12649915142373,1243.1,665.7
15098,16898,1011.6812040354517,499.12649915142373,1243.1,665.7
15098,16899,1011.6812040354517,499.12649915142373,1243.1,665.7
15098,16900,680.6812040354517,738.1264991514238,1243.1,665.7
15098,16901,680.6812040354517,738.1264991514238,1243.1,665.7
15098,16902,680.6812040354517,738.1264991514238,1243.1,665.7
15098,16903,680.6812040354517,738.1264991514238,1243.1,665.7
15098,16904,680.6812040354517,738.1264991514238,1243.1,665.7
15098,16905,680.6812040354517,738.1264991514238,1243.1,665.7
15098,16906,680.6812040354517,738.1264991514238,1243.1,665.7
15098,16907,680.6812040354517,738.1264991514238,1243.1,665.7
15098,16908,680.6812040354517,738.1264991514238,1243.1,665.7
15098,16909,680.6812040354517,738.1264991514238,1243.1,665.7
15098,16910,680.6812040354517,738.1264991514238,1243.1,665.7
15098,16911,680.6812040354517,738.1264991514238,1243.1,665.7
15098,16912,680.6812040354517,738.1264991514238,1243.1,665.7
15098,16913,680.6812040354517,738.1264991514238,1243.1,665.7
15098,16914,680.6812040354517,738.1264991514238,1243.1,665.7
15098,16915,680.6812040354517,738.1264991514238,1243.1,665.7
15098,16916,680.6812040354517,738.1264991514238,1243.1,665.7
15098,16917,680.6812040354517,738.1264991514238,1243.1,665.7
15098,16918,680.6812040354517,738.1264991514238,1243.1,665.7
15098,16919,680.6812040354517,738.1264991514238,1243.1,665.7
15098,16920,680.6812040354517,738.1264991514238,1243.1,665.7
15098,16921,680.6812040354517,738.1264991514238,1243.1,665.7
15098,16922,680.6812040354517,738.1264991514238,1243.1,665.7
15098,16923,680.6812040354517,738.1264991514238,1243.1,665.7
15098,16924,680.6812040354517,738.1264991514238,1243.1,665.7
15098,16925,680.6812040354517,738.1264991514238,1243.1,665.7
15098,16926,680.6812040354517,738.1264991514238,1243.1,665.7
15098,16927,680.6812040354517,738.1264991514238,1243.1,665.7
15098,16928,680.6812040354517,738.1264991514238,1243.1,665.7
15098,16929,680.6812040354517,738.1264991514238,1243.1,665.7
15098,16930,680.6812040354517,738.1264991514238,1243.1,665.7
15098,16931,680.6812040354517,738.1264991514238,1243.1,665.7
15098,16932,680.6812040354517,738.1264991514238,1243.1,665.7
15098,16933,680.6812040354517,738.1264991514238,1243.1,665.7
15098,16934,680.6812040354517,738.1264991514238,1243.1,665.7
15098,16935,680.6812040354517,738.1264991514238,1243.1,665.7
15098,16936,680.6812040354517,738.1264991514238,1243.1,665.7
15098,16937,680.6812040354517,738.1264991514238,1243.1,665.7
15098,16938,680.6812040354517,738.1264991514238,1243.1,665.7
15098,16939,680.6812040354517,738.1264991514238,1243.1,665.7
15098,16940,680.6812040354517,738.1264991514238,1243.1,665.7
15098,16941,680.6812040354517,738.1264991514238,1243.1,665.7
15098,16942,680.6812040354517,738.1264991514238,1243.1,665.7
15098,16943,680.6812040354517,738.1264991514238,1243.1,665.7
15098,16944,680.6812040354517,738.1264991514238,1243.1,665.7
15098,16945,680.6812040354517,738.1264991514238,1243.1,665.7
15098,16946,680.6812040354517,738.1264991514238,1243.1,665.7
15098,16947,680.6812040354517,738.1264991514238,1243.1,665.7
15098,16948,680.6812040354517,738.1264991514238,1243.1,665.7
15098,16949,680.6812040354517,738.1264991514238,1243.1,665.7
15098,16950,680.6812040354517,738.1264991514238,1243.1,665.7
15098,16951,680.6812040354517,738.1264991514238,1243.1,665.7
15098,16952,680.6812040354517,738.1264991514238,1243.1,665.7
15098,16953,680.6812040354517,738.1264991514238,1243.1,665.7
15098,16954,680.6812040354517,738.1264991514238,1243.1,665.7
15098,16955,680.6812040354517,738.1264991514238,1243.1,665.7
15098,16956,680.6812040354517,738.1264991514238,1243.1,665.7
15098,16957,680.6812040354517,738.1264991514238,1243.1,665.7
15098,16958,680.6812040354517,738.1264991514238,1243.1,665.7
15098,16959,680.6812040354517,738.1264991514238,1243.1,665.7
15098,16960,680.6812040354517,738.1264991514238,1243.1,665.7
15098,16961,680.6812040354517,738.1264991514238,1243.1,665.7
15098,16962,680.6812040354517,738.1264991514238,1243.1,665.7
15098,16963,680.6812040354517,738.1264991514238,1243.1,665.7
15098,16964,680.6812040354517,738.1264991514238,1243.1,665.7
15098,16965,680.6812040354517,738.1264991514238,1243.1,665.7
15098,16966,680.6812040354517,738.1264991514238,1243.1,665.7
15098,16967,680.6812040354517,738.1264991514238,1243.1,665.7
15098,16968,680.6812040354517,738.1264991514238,1243.1,665.7
15098,16969,680.6812040354517,738.1264991514238,1243.1,665.7
15098,16970,680.6812040354517,738.1264991514238,1243.1,665.7
15098,16971,680.6812040354517,738.1264991514238,1243.1,665.7
15098,16972,680.6812040354517,738.1264991514238,1243.1,665.7
15098,16973,680.6812040354517,738.1264991514238,1243.1,665.7
15098,16974,680.6812040354517,738.1264991514238,1243.1,665.7
15098,16975,680.6812040354517,738.1264991514238,1243.1,665.7
15098,16976,680.6812040354517,738.1264991514238,1243.1,665.7
15098,16977,680.6812040354517,738.1264991514238,1243.1,665.7
15098,16978,680.6812040354517,738.1264991514238,1243.1,665.7
15098,16979,680.6812040354517,738.1264991514238,1243.1,665.7
15098,16980,680.6812040354517,738.1264991514238,1243.1,665.7
15098,16981,680.6812040354517,738.1264991514238,1243.1,665.7
15098,16982,680.6812040354517,738.1264991514238,1243.1,665.7
15098,16983,680.6812040354517,738.1264991514238,1243.1,665.7
15098,16984,680.6812040354517,738.1264991514238,1243.1,665.7
15098,16985,680.6812040354517,738.1264991514238,1243.1,665.7
15098,16986,680.6812040354517,738.1264991514238,1243.1,665.7
15098,16987,680.6812040354517,738.1264991514238,1243.1,665.7
15098,16988,680.6812040354517,738.1264991514238,1243.1,665.7
15098,16989,680.6812040354517,738.1264991514238,1243.1,665.7
15098,16990,680.6812040354517,738.1264991514238,1243.1,665.7
15098,16991,680.6812040354517,738.1264991514238,1243.1,665.7
15098,16992,680.6812040354517,738.1264991514238,1243.1,665.7
15098,16993,680.6812040354517,738.1264991514238,1243.1,665.7
15098,16994,680.6812040354517,738.1264991514238,1243.1,665.7
15098,16995,680.6812040354517,738.1264991514238,1243.1,665.7
15098,16996,680.6812040354517,738.1264991514238,1243.1,665.7
15098,16997,680.6812040354517,738.1264991514238,1243.1,665.7
15098,16998,680.6812040354517,738.1264991514238,1243.1,665.7
15098,16999,680.6812040354517,738.1264991514238,1243.1,665.7
15098,17000,680.6812040354517,738.1264991514238,1243.1,665.7
15098,17001,680.6812040354517,738.1264991514238,1243.1,665.7
15098,17002,680.6812040354517,738.1264991514238,1243.1,665.7
15098,17003,680.6812040354517,738.1264991514238,1243.1,665.7
15098,17004,680.6812040354517,738.1264991514238,1243.1,665.7
15098,17005,680.6812040354517,738.1264991514238,1243.1,665.7
15098,17006,680.6812040354517,738.1264991514238,1243.1,665.7
15098,17007,680.6812040354517,738.1264991514238,1243.1,665.7
15098,17008,680.6812040354517,738.1264991514238,1243.1,665.7
15099,17009,680.6812040354517,738.1264991514238,1243.1,665.7
15100,17010,680.6812040354517,738.1264991514238,1243.1,665.7
15101,17011,680.6812040354517,738.1264991514238,1243.1,665.7
15102,17011,680.6812040354517,738.1264991514238,1243.1,665.7
15103,17011,680.6812040354517,738.1264991514238,1243.1,665.7
15104,17011,680.6812040354517,738.1264991514238,1243.1,665.7
15105,17011,680.6812040354517,738.1264991514238,1243.1,665.7
15106,17011,680.6812040354517,738.1264991514238,1243.1,665.7
15107,17011,680.6812040354517,738.1264991514238,1243.1,665.7
15108,17011,680.6812040354517,738.1264991514238,1243.1,665.7
15109,17011,680.6812040354517,738.1264991514238,1243.1,665.7
15110,17011,680.6812040354517,738.1264991514238,1243.1,665.7
15111,17011,680.6812040354517,738.1264991514238,1243.1,665.7
15112,17011,680.6812040354517,738.1264991514238,1243.1,665.7
15113,17011,680.6812040354517,738.1264991514238,1243.1,665.7
15114,17011,680.6812040354517,738.1264991514238,1243.1,665.7
15115,17011,680.6812040354517,738.1264991514238,1243.1,665.7
15116,17011,680.6812040354517,738.1264991514238,1243.1,665.7
15117,17011,680.6812040354517,738.1264991514238,1243.1,665.7
15118,17011,680.6812040354517,738.1264991514238,1243.1,665.7
15119,17011,680.6812040354517,738.1264991514238,1243.1,665.7
15120,17011,680.6812040354517,738.1264991514238,1243.1,665.7
15121,17011,680.6812040354517,738.1264991514238,1243.1,665.7
15122,17011,680.6812040354517,738.1264991514238,1243.1,665.7
15123,17011,845.6812040354517,582.1264991514238,1243.1,665.7
15124,17011,845.6812040354517,582.1264991514238,1243.1,665.7
15125,17011,845.6812040354517,582.1264991514238,1243.1,665.7
15126,17011,845.6812040354517,582.1264991514238,1243.1,665.7
15127,17011,845.6812040354517,582.1264991514238,1243.1,665.7
15128,17011,845.6812040354517,582.1264991514238,1243.1,665.7
15129,17011,845.6812040354517,582.1264991514238,1243.1,665.7
15130,17012,845.6812040354517,582.1264991514238,1243.1,665.7
15131,17013,845.6812040354517,582.1264991514238,1243.1,665.7
15132,17014,845.6812040354517,582.1264991514238,1243.1,665.7
15133,17015,845.6812040354517,582.1264991514238,1243.1,665.7
15134,17015,845.6812040354517,582.1264991514238,1243.1,665.7
15135,17015,845.6812040354517,582.1264991514238,1243.1,665.7
15136,17015,845.6812040354517,582.1264991514238,1243.1,665.7
15137,17015,845.6812040354517,582.1264991514238,1243.1,665.7
15138,17015,845.6812040354517,582.1264991514238,1243.1,665.7
15139,17015,845.6812040354517,582.1264991514238,1234.116,665.192
15140,17015,845.6812040354517,582.1264991514238,1225.1319999999998,664.6840000000001
15141,17015,845.6812040354517,582.1264991514238,1216.148,664.176
15142,17015,845.6812040354517,582.1264991514238,1207.164,663.668
15143,17015,845.6812040354517,582.1264991514238,1198.1799999999998,663.1600000000001
15144,17015,845.6812040354517,582.1264991514238,1189.196,662.652
15145,17015,845.6812040354517,582.1264991514238,1180.212,662.144
15146,17015,845.6812040354517,582.1264991514238,1171.2279999999998,661.6360000000001
15147,17015,845.6812040354517,582.1264991514238,1162.244,661.128
15148,17015,845.6812040354517,582.1264991514238,1153.26,660.62
15149,17015,845.6812040354517,582.1264991514238,1144.2759999999998,660.1120000000001
15150,17015,845.6812040354517,582.1264991514238,1135.292,659.604
15151,17015,845.6812040354517,582.1264991514238,1126.308,659.096
15152,17015,845.6812040354517,582.1264991514238,1117.324,658.588
15153,17015,845.6812040354517,582.1264991514238,1108.34,658.08
15154,17015,845.6812040354517,582.1264991514238,1099.356,657.572
15155,17015,845.6812040354517,582.1264991514238,1090.3719999999998,657.064
15156,17015,1010.6812040354517,426.12649915142373,1081.388,656.556
15157,17015,1010.6812040354517,426.12649915142373,1072.404,656.048
15158,17015,1010.6812040354517,426.12649915142373,1063.42,655.54
15159,17015,1010.6812040354517,426.12649915142373,1054.436,655.032
15160,17015,1010.6812040354517,426.12649915142373,1045.452,654.524
15161,17015,1010.6812040354517,426.12649915142373,1036.468,654.016
15162,17015,1010.6812040354517,426.12649915142373,1027.484,653.508
15163,17015,1010.6812040354517,426.12649915142373,1018.5,653.0
15164,17015,1010.6812040354517,426.12649915142373,1018.5,653.0
15165,17015,1010.6812040354517,426.12649915142373,1018.5,653.0
15166,17015,1010.6812040354517,426.12649915142373,1018.5,653.0
15167,17015,1010.6812040354517,426.12649915142373,1018.5,653.0
15168,17015,1010.6812040354517,426.12649915142373,1018.5,653.0
15169,17015,1010.6812040354517,426.12649915142373,1018.5,653.0
15170,17015,1010.6812040354517,426.12649915142373,1018.5,653.0
15171,17015,1010.6812040354517,426.12649915142373,1018.5,653.0
15172,17015,1010.6812040354517,426.12649915142373,1018.5,653.0
15173,17015,1010.6812040354517,426.12649915142373,1018.5,653.0
15174,17015,1010.6812040354517,426.12649915142373,1018.5,653.0
15175,17015,1010.6812040354517,426.12649915142373,1018.5,653.0
15176,17015,1010.6812040354517,426.12649915142373,1018.5,653.0
15177,17015,1010.6812040354517,426.12649915142373,1018.5,653.0
15178,17015,1010.6812040354517,426.12649915142373,1018.5,653.0
15179,17015,1010.6812040354517,426.12649915142373,1018.5,653.0
15180,17015,1010.6812040354517,426.12649915142373,1018.5,653.0
15181,17015,1010.6812040354517,426.12649915142373,1018.5,653.0
15182,17015,1010.6812040354517,426.12649915142373,1018.5,653.0
15183,17015,1010.6812040354517,426.12649915142373,1018.5,653.0
15184,17015,1010.6812040354517,426.12649915142373,1018.5,653.0
15185,17015,1010.6812040354517,426.12649915142373,1018.5,653.0
15186,17015,1010.6812040354517,426.12649915142373,1018.5,653.0
15187,17015,1010.6812040354517,426.12649915142373,1018.5,653.0
15188,17015,1010.6812040354517,426.12649915142373,1018.5,653.0
15189,17015,1010.6812040354517,426.12649915142373,1018.5,653.0
15190,17015,1175.6812040354516,271.12649915142373,1018.5,653.0
15191,17015,1175.6812040354516,271.12649915142373,1018.5,653.0
15192,17015,1175.6812040354516,271.12649915142373,1018.5,653.0
15193,17015,1175.6812040354516,271.12649915142373,1018.5,653.0
15194,17015,1175.6812040354516,271.12649915142373,1018.5,653.0
15195,17015,1175.6812040354516,271.12649915142373,1018.5,653.0
15196,17015,1175.6812040354516,271.12649915142373,1018.5,653.0
15197,17015,1175.6812040354516,271.12649915142373,1018.5,653.0
15198,17015,1175.6812040354516,271.12649915142373,1018.5,653.0
15199,17015,1175.6812040354516,271.12649915142373,1018.5,653.0
15200,17015,1175.6812040354516,271.12649915142373,1018.5,653.0
15201,17015,1175.6812040354516,271.12649915142373,1018.5,653.0
15202,17015,1175.6812040354516,271.12649915142373,1018.5,653.0
15203,17015,1175.6812040354516,271.12649915142373,1018.5,653.0
15204,17015,1175.6812040354516,271.12649915142373,1018.5,653.0
15205,17015,1175.6812040354516,271.12649915142373,1018.5,653.0
15206,17015,1175.6812040354516,271.12649915142373,1018.5,653.0
15207,17015,1175.6812040354516,271.12649915142373,1018.5,653.0
15208,17015,1175.6812040354516,271.12649915142373,1018.5,653.0
15209,17015,1175.6812040354516,271.12649915142373,1018.5,653.0
15210,17015,1175.6812040354516,271.12649915142373,1018.5,653.0
15211,17015,1175.6812040354516,271.12649915142373,1018.5,653.0
15212,17015,1175.6812040354516,271.12649915142373,1018.5,653.0
15213,17015,1175.6812040354516,271.12649915142373,1018.5,653.0
15214,17015,1175.6812040354516,271.12649915142373,1018.5,653.0
15215,17015,1175.6812040354516,271.12649915142373,1018.5,653.0
15216,17015,1175.6812040354516,271.12649915142373,1018.5,653.0
15217,17015,1175.6812040354516,271.12649915142373,1018.5,653.0
15218,17015,1175.6812040354516,271.12649915142373,1018.5,653.0
15219,17015,1175.6812040354516,271.12649915142373,1018.5,653.0
15220,17015,1175.6812040354516,271.12649915142373,1018.5,653.0
15221,17015,1175.6812040354516,271.12649915142373,1018.5,653.0
15222,17015,1175.6812040354516,271.12649915142373,1018.5,653.0
15223,17015,1175.6812040354516,271.12649915142373,1018.5,653.0
15224,17015,1175.6812040354516,271.12649915142373,1018.5,653.0
15225,17015,1175.6812040354516,271.12649915142373,1018.5,653.0
15226,17015,1175.6812040354516,271.12649915142373,1018.5,653.0
15227,17015,1175.6812040354516,271.12649915142373,1018.5,653.0
15228,17015,1175.6812040354516,271.12649915142373,1018.5,653.0
15229,17015,1175.6812040354516,271.12649915142373,1018.5,653.0
15230,17015,1175.6812040354516,271.12649915142373,1018.5,653.0
15231,17015,1175.6812040354516,271.12649915142373,1018.5,653.0
15232,17015,1175.6812040354516,271.12649915142373,1018.5,653.0
15233,17015,1175.6812040354516,271.12649915142373,1018.5,653.0
15234,17015,1175.6812040354516,271.12649915142373,1018.5,653.0
15235,17015,1175.6812040354516,271.12649915142373,1018.5,653.0
15236,17015,1175.6812040354516,271.12649915142373,1018.5,653.0
15237,17015,1175.6812040354516,271.12649915142373,1018.5,653.0
15238,17015,1175.6812040354516,271.12649915142373,1018.5,653.0
15239,17015,1175.6812040354516,271.12649915142373,1018.5,653.0
15240,17015,1175.6812040354516,271.12649915142373,1018.5,653.0
15241,17015,1175.6812040354516,271.12649915142373,1018.5,653.0
15242,17015,1175.6812040354516,271.12649915142373,1018.5,653.0
15243,17015,1175.6812040354516,271.12649915142373,1018.5,653.0
15244,17015,1175.6812040354516,271.12649915142373,1018.5,653.0
15245,17015,1175.6812040354516,271.12649915142373,1018.5,653.0
15246,17015,1175.6812040354516,271.12649915142373,1018.5,653.0
15247,17015,1175.6812040354516,271.12649915142373,1018.5,653.0
15248,17015,1175.6812040354516,271.12649915142373,1018.5,653.0
15249,17015,1175.6812040354516,271.12649915142373,1018.5,653.0
15250,17015,1175.6812040354516,271.12649915142373,1018.5,653.0
15251,17015,1175.6812040354516,271.12649915142373,1018.5,653.0
15252,17015,1175.6812040354516,271.12649915142373,1018.5,653.0
15253,17015,1175.6812040354516,271.12649915142373,1018.5,653.0
15254,17015,1175.6812040354516,271.12649915142373,1018.5,653.0
15255,17015,1175.6812040354516,271.12649915142373,1018.5,653.0
15256,17015,1175.6812040354516,271.12649915142373,1018.5,653.0
15257,17015,1092.6812040354516,260.12649915142373,1018.5,653.0
15258,17015,1092.6812040354516,260.12649915142373,1018.5,653.0
15259,17015,1092.6812040354516,260.12649915142373,1018.5,653.0
15260,17015,1092.6812040354516,260.12649915142373,1018.5,653.0
15261,17015,1092.6812040354516,260.12649915142373,1018.5,653.0
15262,17015,1092.6812040354516,260.12649915142373,1018.5,653.0
15263,17015,1092.6812040354516,260.12649915142373,1018.5,653.0
15264,17015,1092.6812040354516,260.12649915142373,1018.5,653.0
15265,17015,1092.6812040354516,260.12649915142373,1018.5,653.0
15266,17015,1092.6812040354516,260.12649915142373,1018.5,653.0
15267,17015,1092.6812040354516,260.12649915142373,1018.5,653.0
15268,17015,1092.6812040354516,260.12649915142373,1018.5,653.0
15269,17015,1092.6812040354516,260.12649915142373,1018.5,653.0
15270,17015,1092.6812040354516,260.12649915142373,1018.5,653.0
15271,17015,1092.6812040354516,260.12649915142373,1018.5,653.0
15272,17015,1092.6812040354516,260.12649915142373,1018.5,653.0
15273,17015,1092.6812040354516,260.12649915142373,1018.5,653.0
15274,17015,1092.6812040354516,260.12649915142373,1018.5,653.0
15275,17015,1092.6812040354516,260.12649915142373,1018.5,653.0
15276,17015,1092.6812040354516,260.12649915142373,1018.5,653.0
15277,17015,1092.6812040354516,260.12649915142373,1018.5,653.0
15278,17015,1092.6812040354516,260.12649915142373,1018.5,653.0
15279,17015,1092.6812040354516,260.12649915142373,1018.5,653.0
15280,17015,1092.6812040354516,260.12649915142373,1018.5,653.0
15281,17015,1092.6812040354516,260.12649915142373,1018.5,653.0
15282,17015,1092.6812040354516,260.12649915142373,1018.5,653.0
15283,17015,1092.6812040354516,260.12649915142373,1018.5,653.0
15284,17015,1092.6812040354516,260.12649915142373,1018.5,653.0
15285,17015,1092.6812040354516,260.12649915142373,1018.5,653.0
15286,17015,1092.6812040354516,260.12649915142373,1018.5,653.0
15287,17015,1092.6812040354516,260.12649915142373,1018.5,653.0
15288,17015,1092.6812040354516,260.12649915142373,1018.5,653.0
15289,17015,1092.6812040354516,260.12649915142373,1018.5,653.0
15290,17015,1092.6812040354516,260.12649915142373,1018.5,653.0
15291,17015,1092.6812040354516,260.12649915142373,1018.5,653.0
15292,17015,1092.6812040354516,260.12649915142373,1018.5,653.0
15293,17015,1092.6812040354516,260.12649915142373,1018.5,653.0
15294,17015,1092.6812040354516,260.12649915142373,1018.5,653.0
15295,17015,1092.6812040354516,260.12649915142373,1018.5,653.0
15296,17015,1092.6812040354516,260.12649915142373,1018.5,653.0
15297,17015,1092.6812040354516,260.12649915142373,1018.5,653.0
15298,17015,1009.6812040354517,248.12649915142373,1018.5,653.0
15299,17015,1009.6812040354517,248.12649915142373,1018.5,653.0
15300,17015,1009.6812040354517,248.12649915142373,1018.5,653.0
15301,17015,1009.6812040354517,248.12649915142373,1018.5,653.0
15302,17015,1009.6812040354517,248.12649915142373,1018.5,653.0
15303,17015,1009.6812040354517,248.12649915142373,1018.5,653.0
15304,17015,1009.6812040354517,248.12649915142373,1018.5,653.0
15305,17015,1009.6812040354517,248.12649915142373,1018.5,653.0
15306,17015,1009.6812040354517,248.12649915142373,1018.5,653.0
15307,17015,1009.6812040354517,248.12649915142373,1018.5,653.0
15308,17016,1009.6812040354517,248.12649915142373,1018.5,653.0
15309,17017,1009.6812040354517,248.12649915142373,1018.5,653.0
15310,17018,1009.6812040354517,248.12649915142373,1018.5,653.0
15311,17019,1009.6812040354517,248.12649915142373,1018.5,653.0
15312,17020,1009.6812040354517,248.12649915142373,1018.5,653.0
15313,17021,1009.6812040354517,248.12649915142373,1018.5,653.0
15314,17022,1009.6812040354517,248.12649915142373,1018.5,653.0
15315,17023,1009.6812040354517,248.12649915142373,1018.5,653.0
15316,17024,1009.6812040354517,248.12649915142373,1018.5,653.0
15317,17025,1009.6812040354517,248.12649915142373,1018.5,653.0
15318,17026,1009.6812040354517,248.12649915142373,1018.5,653.0
15319,17027,1009.6812040354517,248.12649915142373,1018.5,653.0
15320,17028,1009.6812040354517,248.12649915142373,1018.5,653.0
15321,17029,1009.6812040354517,248.12649915142373,1018.5,653.0
15322,17030,1009.6812040354517,248.12649915142373,1018.5,653.0
15323,17031,1009.6812040354517,248.12649915142373,1018.5,653.0
15324,17032,1009.6812040354517,248.12649915142373,1018.5,653.0
15325,17033,1009.6812040354517,248.12649915142373,1018.5,653.0
15326,17034,1009.6812040354517,248.12649915142373,1018.5,653.0
15327,17035,1009.6812040354517,248.12649915142373,1018.5,653.0
15328,17036,1009.6812040354517,248.12649915142373,1018.5,653.0
15329,17037,1009.6812040354517,248.12649915142373,1018.5,653.0
15330,17038,1009.6812040354517,248.12649915142373,1018.5,653.0
15331,17039,1009.6812040354517,248.12649915142373,1018.5,653.0
15332,17040,1009.6812040354517,248.12649915142373,1018.5,653.0
15333,17041,1009.6812040354517,248.12649915142373,1018.5,653.0
15334,17042,1009.6812040354517,248.12649915142373,1018.5,653.0
15335,17043,1009.6812040354517,248.12649915142373,1018.5,653.0
15336,17044,1009.6812040354517,248.12649915142373,1018.5,653.0
15337,17045,1009.6812040354517,248.12649915142373,1018.5,653.0
15338,17046,1009.6812040354517,248.12649915142373,1018.5,653.0
15339,17047,1009.6812040354517,248.12649915142373,1018.5,653.0
15340,17048,1009.6812040354517,248.12649915142373,1018.5,653.0
15341,17049,1009.6812040354517,248.12649915142373,1018.5,653.0
15342,17050,1009.6812040354517,248.12649915142373,1018.5,653.0
15343,17051,1009.6812040354517,248.12649915142373,1018.5,653.0
15344,17052,1009.6812040354517,248.12649915142373,1018.5,653.0
15345,17053,1009.6812040354517,248.12649915142373,1018.5,653.0
15346,17054,1009.6812040354517,248.12649915142373,1018.5,653.0
15347,17055,1009.6812040354517,248.12649915142373,1018.5,653.0
15348,17056,1009.6812040354517,248.12649915142373,1018.5,653.0
15349,17057,1009.6812040354517,248.12649915142373,1018.5,653.0
15350,17058,1009.6812040354517,248.12649915142373,1018.5,653.0
15351,17059,1009.6812040354517,248.12649915142373,1018.5,653.0
15352,17060,1009.6812040354517,248.12649915142373,1018.5,653.0
15353,17061,1009.6812040354517,248.12649915142373,1018.5,653.0
15354,17062,1009.6812040354517,248.12649915142373,1018.5,653.0
15355,17063,1009.6812040354517,248.12649915142373,1018.5,653.0
15356,17064,1009.6812040354517,248.12649915142373,1018.5,653.0
15357,17065,1009.6812040354517,248.12649915142373,1018.5,653.0
15358,17066,1009.6812040354517,248.12649915142373,1018.5,653.0
15359,17067,1009.6812040354517,248.12649915142373,1018.5,653.0
15360,17068,1009.6812040354517,248.12649915142373,1018.5,653.0
15361,17069,1009.6812040354517,248.12649915142373,1018.5,653.0
15362,17070,1009.6812040354517,248.12649915142373,1018.5,653.0
15363,17071,1009.6812040354517,248.12649915142373,1018.5,653.0
15364,17072,1009.6812040354517,248.12649915142373,1018.5,653.0
15365,17073,1009.6812040354517,248.12649915142373,1018.5,653.0
15366,17074,1009.6812040354517,248.12649915142373,1018.5,653.0
15367,17075,1009.6812040354517,248.12649915142373,1018.5,653.0
15368,17076,1009.6812040354517,248.12649915142373,1018.5,653.0
15369,17077,1009.6812040354517,248.12649915142373,1018.5,653.0
15370,17078,1009.6812040354517,248.12649915142373,1018.5,653.0
15371,17079,1009.6812040354517,248.12649915142373,1018.5,653.0
15372,17080,1009.6812040354517,248.12649915142373,1018.5,653.0
15373,17081,1009.6812040354517,248.12649915142373,1018.5,653.0
15374,17082,1009.6812040354517,248.12649915142373,1018.5,653.0
15375,17083,1009.6812040354517,248.12649915142373,1018.5,653.0
15376,17084,1009.6812040354517,248.12649915142373,1018.5,653.0
15377,17085,1009.6812040354517,248.12649915142373,1018.5,653.0
15378,17086,1009.6812040354517,248.12649915142373,1018.5,653.0
15379,17087,1009.6812040354517,248.12649915142373,1018.5,653.0
15380,17088,1009.6812040354517,248.12649915142373,1018.5,653.0
15381,17089,1009.6812040354517,248.12649915142373,1018.5,653.0
15382,17090,1009.6812040354517,248.12649915142373,1018.5,653.0
15383,17091,1009.6812040354517,248.12649915142373,1018.5,653.0
15384,17092,1009.6812040354517,248.12649915142373,1018.5,653.0
15385,17093,1009.6812040354517,248.12649915142373,1018.5,653.0
15386,17094,1009.6812040354517,248.12649915142373,1018.5,653.0
15387,17095,1009.6812040354517,248.12649915142373,1018.5,653.0
15388,17096,1009.6812040354517,248.12649915142373,1018.5,653.0
15389,17097,1009.6812040354517,248.12649915142373,1018.5,653.0
15390,17098,1009.6812040354517,248.12649915142373,1018.5,653.0
15391,17099,1009.6812040354517,248.12649915142373,1018.5,653.0
15392,17100,1009.6812040354517,248.12649915142373,1018.5,653.0
15393,17101,1009.6812040354517,248.12649915142373,1023.928,652.436
15394,17102,1009.6812040354517,248.12649915142373,1029.356,651.872
15395,17103,1009.6812040354517,248.12649915142373,1034.784,651.308
15396,17104,1009.6812040354517,248.12649915142373,1040.212,650.744
15397,17105,1009.6812040354517,248.12649915142373,1045.64,650.18
15398,17106,1009.6812040354517,248.12649915142373,1051.068,649.616
15399,17107,1009.6812040354517,248.12649915142373,1056.496,649.052
15400,17108,1009.6812040354517,248.12649915142373,1061.924,648.4879999999999
15401,17109,1009.6812040354517,248.12649915142373,1067.352,647.924
15402,17110,1009.6812040354517,248.12649915142373,1072.78,647.36
15403,17111,1009.6812040354517,248.12649915142373,1078.208,646.7959999999999
15404,17112,1009.6812040354517,248.12649915142373,1083.636,646.232
15405,17113,1009.6812040354517,248.12649915142373,1089.064,645.668
15406,17114,1009.6812040354517,248.12649915142373,1094.492,645.104
15407,17115,1009.6812040354517,248.12649915142373,1099.92,644.54
15408,17116,1009.6812040354517,248.12649915142373,1105.348,643.976
15409,17117,1009.6812040354517,248.12649915142373,1110.776,643.412
15410,17118,1009.6812040354517,248.12649915142373,1116.204,642.848
15411,17119,1009.6812040354517,248.12649915142373,1121.632,642.284
15412,17120,1009.6812040354517,248.12649915142373,1127.06,641.72
15413,17121,1009.6812040354517,248.12649915142373,1132.488,641.156
15414,17122,1009.6812040354517,248.12649915142373,1137.916,640.592
15415,17123,1009.6812040354517,248.12649915142373,1143.344,640.028
15416,17124,1009.6812040354517,248.12649915142373,1148.772,639.4639999999999
15417,17125,1009.6812040354517,248.12649915142373,1154.2,638.9
15418,17126,1009.6812040354517,248.12649915142373,1154.2,638.9
15419,17127,1009.6812040354517,248.12649915142373,1154.2,638.9
15420,17128,1009.6812040354517,248.12649915142373,1154.2,638.9
15421,17129,1009.6812040354517,248.12649915142373,1154.2,638.9
15422,17130,1009.6812040354517,248.12649915142373,1154.2,638.9
15423,17131,1009.6812040354517,248.12649915142373,1154.2,638.9
15424,17132,1009.6812040354517,248.12649915142373,1154.2,638.9
15425,17133,1009.6812040354517,248.12649915142373,1154.2,638.9
15426,17134,1009.6812040354517,248.12649915142373,1154.2,638.9
15427,17135,1009.6812040354517,248.12649915142373,1154.2,638.9
15428,17136,1009.6812040354517,248.12649915142373,1154.2,638.9
15429,17137,1009.6812040354517,248.12649915142373,1154.2,638.9
15430,17138,1009.6812040354517,248.12649915142373,1154.2,638.9
15431,17139,1009.6812040354517,248.12649915142373,1154.2,638.9
15432,17140,1009.6812040354517,248.12649915142373,1154.2,638.9
15433,17141,1009.6812040354517,248.12649915142373,1154.2,638.9
15434,17142,1009.6812040354517,248.12649915142373,1154.2,638.9
15435,17143,1009.6812040354517,248.12649915142373,1154.2,638.9
15436,17144,1009.6812040354517,248.12649915142373,1154.2,638.9
15437,17145,1009.6812040354517,248.12649915142373,1154.2,638.9
15438,17146,1009.6812040354517,248.12649915142373,1154.2,638.9
15439,17147,1009.6812040354517,248.12649915142373,1154.2,638.9
15440,17148,1009.6812040354517,248.12649915142373,1154.2,638.9
15441,17149,1009.6812040354517,248.12649915142373,1154.2,638.9
15442,17150,1009.6812040354517,248.12649915142373,1154.2,638.9
15443,17151,1009.6812040354517,248.12649915142373,1154.2,638.9
15444,17152,1009.6812040354517,248.12649915142373,1154.2,638.9
15445,17153,1009.6812040354517,248.12649915142373,1154.2,638.9
15446,17154,1009.6812040354517,248.12649915142373,1154.2,638.9
15447,17155,1009.6812040354517,248.12649915142373,1154.2,638.9
15448,17156,1009.6812040354517,248.12649915142373,1154.2,638.9
15449,17157,1009.6812040354517,248.12649915142373,1154.2,638.9
15450,17158,1009.6812040354517,248.12649915142373,1154.2,638.9
15451,17159,1009.6812040354517,248.12649915142373,1154.2,638.9
15452,17160,1009.6812040354517,248.12649915142373,1154.2,638.9
15453,17161,1009.6812040354517,248.12649915142373,1154.2,638.9
15454,17162,1009.6812040354517,248.12649915142373,1154.2,638.9
15455,17163,1009.6812040354517,248.12649915142373,1154.2,638.9
15456,17164,1009.6812040354517,248.12649915142373,1154.2,638.9
15457,17165,925.6812040354517,467.12649915142373,1154.2,638.9
15458,17166,925.6812040354517,467.12649915142373,1154.2,638.9
15459,17167,925.6812040354517,467.12649915142373,1154.2,638.9
15460,17168,925.6812040354517,467.12649915142373,1154.2,638.9
15461,17169,925.6812040354517,467.12649915142373,1154.2,638.9
15462,17170,925.6812040354517,467.12649915142373,1154.2,638.9
15463,17171,925.6812040354517,467.12649915142373,1154.2,638.9
15464,17172,925.6812040354517,467.12649915142373,1154.2,638.9
15465,17173,925.6812040354517,467.12649915142373,1154.2,638.9
15466,17174,925.6812040354517,467.12649915142373,1154.2,638.9
15467,17175,925.6812040354517,467.12649915142373,1154.2,638.9
15468,17176,925.6812040354517,467.12649915142373,1154.2,638.9
15469,17177,925.6812040354517,467.12649915142373,1154.2,638.9
15470,17178,925.6812040354517,467.12649915142373,1154.2,638.9
15471,17179,925.6812040354517,467.12649915142373,1154.2,638.9
15472,17180,925.6812040354517,467.12649915142373,1154.2,638.9
15473,17181,925.6812040354517,467.12649915142373,1154.2,638.9
15474,17182,925.6812040354517,467.12649915142373,1154.2,638.9
15475,17183,925.6812040354517,467.12649915142373,1154.2,638.9
15476,17184,925.6812040354517,467.12649915142373,1154.2,638.9
15477,17185,925.6812040354517,467.12649915142373,1154.2,638.9
15478,17186,925.6812040354517,467.12649915142373,1154.2,638.9
15479,17187,925.6812040354517,467.12649915142373,1154.2,638.9
15480,17188,925.6812040354517,467.12649915142373,1154.2,638.9
15481,17189,925.6812040354517,467.12649915142373,1154.2,638.9
15482,17190,925.6812040354517,467.12649915142373,1154.2,638.9
15483,17191,925.6812040354517,467.12649915142373,1154.2,638.9
15484,17192,925.6812040354517,467.12649915142373,1154.2,638.9
15485,17193,925.6812040354517,467.12649915142373,1154.2,638.9
15486,17194,925.6812040354517,467.12649915142373,1154.2,638.9
15487,17195,925.6812040354517,467.12649915142373,1154.2,638.9
15488,17196,925.6812040354517,467.12649915142373,1154.2,638.9
15489,17197,925.6812040354517,467.12649915142373,1154.2,638.9
15490,17198,841.6812040354517,687.1264991514238,1154.2,638.9
15491,17199,841.6812040354517,687.1264991514238,1154.2,638.9
15492,17200,841.6812040354517,687.1264991514238,1154.2,638.9
15493,17201,841.6812040354517,687.1264991514238,1154.2,638.9
15494,17202,841.6812040354517,687.1264991514238,1154.2,638.9
15495,17203,841.6812040354517,687.1264991514238,1154.2,638.9
15496,17204,841.6812040354517,687.1264991514238,1154.2,638.9
15497,17205,841.6812040354517,687.1264991514238,1154.2,638.9
15498,17206,841.6812040354517,687.1264991514238,1154.2,638.9
15499,17207,841.6812040354517,687.1264991514238,1154.2,638.9
15500,17208,841.6812040354517,687.1264991514238,1154.2,638.9
15501,17209,841.6812040354517,687.1264991514238,1154.2,638.9
15502,17210,841.6812040354517,687.1264991514238,1154.2,638.9
15503,17211,841.6812040354517,687.1264991514238,1154.2,638.9
15504,17212,841.6812040354517,687.1264991514238,1154.2,638.9
15505,17213,841.6812040354517,687.1264991514238,1154.2,638.9
15506,17214,841.6812040354517,687.1264991514238,1154.2,638.9
15507,17215,841.6812040354517,687.1264991514238,1154.2,638.9
15508,17216,841.6812040354517,687.1264991514238,1154.2,638.9
15509,17217,841.6812040354517,687.1264991514238,1154.2,638.9
15510,17218,841.6812040354517,687.1264991514238,1154.2,638.9
15511,17219,841.6812040354517,687.1264991514238,1154.2,638.9
15512,17220,841.6812040354517,687.1264991514238,1154.2,638.9
15513,17221,841.6812040354517,687.1264991514238,1154.2,638.9
15514,17222,841.6812040354517,687.1264991514238,1154.2,638.9
15515,17223,841.6812040354517,687.1264991514238,1154.2,638.9
15516,17224,841.6812040354517,687.1264991514238,1154.2,638.9
15517,17225,841.6812040354517,687.1264991514238,1154.2,638.9
15518,17226,841.6812040354517,687.1264991514238,1154.2,638.9
15519,17227,841.6812040354517,687.1264991514238,1154.2,638.9
15520,17228,841.6812040354517,687.1264991514238,1154.2,638.9
15521,17229,841.6812040354517,687.1264991514238,1154.2,638.9
15522,17230,841.6812040354517,687.1264991514238,1154.2,638.9
15523,17231,841.6812040354517,687.1264991514238,1154.2,638.9
15524,17232,841.6812040354517,687.1264991514238,1154.2,638.9
15525,17233,841.6812040354517,687.1264991514238,1154.2,638.9
15526,17234,841.6812040354517,687.1264991514238,1154.2,638.9
15527,17235,841.6812040354517,687.1264991514238,1154.2,638.9
15528,17236,841.6812040354517,687.1264991514238,1154.2,638.9
15529,17237,841.6812040354517,687.1264991514238,1154.2,638.9
15530,17238,841.6812040354517,687.1264991514238,1154.2,638.9
15531,17239,841.6812040354517,687.1264991514238,1154.2,638.9
15532,17240,841.6812040354517,687.1264991514238,1154.2,638.9
15533,17241,841.6812040354517,687.1264991514238,1154.2,638.9
15534,17242,841.6812040354517,687.1264991514238,1154.2,638.9
15535,17243,841.6812040354517,687.1264991514238,1154.2,638.9
15536,17244,841.6812040354517,687.1264991514238,1154.2,638.9
15537,17245,841.6812040354517,687.1264991514238,1154.2,638.9
15538,17246,841.6812040354517,687.1264991514238,1154.2,638.9
15539,17246,841.6812040354517,687.1264991514238,1154.2,638.9
15540,17246,841.6812040354517,687.1264991514238,1147.8166666666666,639.8166666666666
15541,17246,841.6812040354517,687.1264991514238,1141.4333333333334,640.7333333333333
15542,17246,841.6812040354517,687.1264991514238,1135.05,641.65
15543,17246,841.6812040354517,687.1264991514238,1128.6666666666667,642.5666666666666
15544,17246,841.6812040354517,687.1264991514238,1122.2833333333333,643.4833333333333
15545,17246,841.6812040354517,687.1264991514238,1115.9,644.4
15546,17246,841.6812040354517,687.1264991514238,1109.5166666666667,645.3166666666666
15547,17246,841.6812040354517,687.1264991514238,1103.1333333333332,646.2333333333333
15548,17246,841.6812040354517,687.1264991514238,1096.75,647.15
15549,17246,841.6812040354517,687.1264991514238,1090.3666666666666,648.0666666666666
15550,17246,841.6812040354517,687.1264991514238,1083.9833333333333,648.9833333333333
15551,17246,841.6812040354517,687.1264991514238,1077.6,649.9
15552,17246,841.6812040354517,687.1264991514238,1077.6,649.9
15553,17246,841.6812040354517,687.1264991514238,1077.6,649.9
15554,17246,841.6812040354517,687.1264991514238,1077.6,649.9
15555,17246,841.6812040354517,687.1264991514238,1077.6,649.9
15556,17246,841.6812040354517,687.1264991514238,1077.6,649.9
15557,17246,841.6812040354517,687.1264991514238,1077.6,649.9
15558,17246,841.6812040354517,687.1264991514238,1077.6,649.9
15559,17246,841.6812040354517,687.1264991514238,1077.6,649.9
15560,17246,841.6812040354517,687.1264991514238,1077.6,649.9
15561,17246,841.6812040354517,687.1264991514238,1077.6,649.9
15562,17246,841.6812040354517,687.1264991514238,1077.6,649.9
15563,17246,841.6812040354517,687.1264991514238,1077.6,649.9
15564,17246,841.6812040354517,687.1264991514238,1077.6,649.9
15565,17246,841.6812040354517,687.1264991514238,1077.6,649.9
15566,17246,841.6812040354517,687.1264991514238,1077.6,649.9
15567,17246,841.6812040354517,687.1264991514238,1077.6,649.9
15568,17246,841.6812040354517,687.1264991514238,1077.6,649.9
15569,17246,841.6812040354517,687.1264991514238,1077.6,649.9
15570,17246,841.6812040354517,687.1264991514238,1077.6,649.9
15571,17246,841.6812040354517,687.1264991514238,1077.6,649.9
15572,17246,841.6812040354517,687.1264991514238,1077.6,649.9
15573,17246,841.6812040354517,687.1264991514238,1077.6,649.9
15574,17246,841.6812040354517,687.1264991514238,1077.6,649.9
15575,17246,841.6812040354517,687.1264991514238,1077.6,649.9
15576,17246,841.6812040354517,687.1264991514238,1077.6,649.9
15577,17246,841.6812040354517,687.1264991514238,1077.6,649.9
15578,17246,841.6812040354517,687.1264991514238,1077.6,649.9
15579,17246,841.6812040354517,687.1264991514238,1077.6,649.9
15580,17246,841.6812040354517,687.1264991514238,1077.6,649.9
15581,17246,841.6812040354517,687.1264991514238,1077.6,649.9
15582,17246,841.6812040354517,687.1264991514238,1077.6,649.9
15583,17246,841.6812040354517,687.1264991514238,1077.6,649.9
15584,17246,841.6812040354517,687.1264991514238,1077.6,649.9
15585,17246,841.6812040354517,687.1264991514238,1077.6,649.9
15586,17246,841.6812040354517,687.1264991514238,1077.6,649.9
15587,17246,841.6812040354517,687.1264991514238,1077.6,649.9
15588,17246,841.6812040354517,687.1264991514238,1077.6,649.9
15589,17246,841.6812040354517,687.1264991514238,1077.6,649.9
15590,17246,884.6812040354517,713.1264991514238,1077.6,649.9
15591,17246,884.6812040354517,713.1264991514238,1077.6,649.9
15592,17246,884.6812040354517,713.1264991514238,1077.6,649.9
15593,17246,884.6812040354517,713.1264991514238,1077.6,649.9
15594,17246,884.6812040354517,713.1264991514238,1077.6,649.9
15595,17246,884.6812040354517,713.1264991514238,1077.6,649.9
15596,17246,884.6812040354517,713.1264991514238,1077.6,649.9
15597,17246,884.6812040354517,713.1264991514238,1077.6,649.9
15598,17246,884.6812040354517,713.1264991514238,1077.6,649.9
15599,17246,884.6812040354517,713.1264991514238,1077.6,649.9
15600,17246,884.6812040354517,713.1264991514238,1077.6,649.9
15601,17246,884.6812040354517,713.1264991514238,1077.6,649.9
15602,17246,884.6812040354517,713.1264991514238,1077.6,649.9
15603,17246,884.6812040354517,713.1264991514238,1077.6,649.9
15604,17246,884.6812040354517,713.1264991514238,1077.6,649.9
15605,17246,884.6812040354517,713.1264991514238,1077.6,649.9
15606,17246,884.6812040354517,713.1264991514238,1077.6,649.9
15607,17246,884.6812040354517,713.1264991514238,1077.6,649.9
15608,17246,884.6812040354517,713.1264991514238,1077.6,649.9
15609,17246,884.6812040354517,713.1264991514238,1077.6,649.9
15610,17246,884.6812040354517,713.1264991514238,1077.6,649.9
15611,17246,884.6812040354517,713.1264991514238,1077.6,649.9
15612,17246,884.6812040354517,713.1264991514238,1077.6,649.9
15613,17246,884.6812040354517,713.1264991514238,1077.6,649.9
15614,17246,884.6812040354517,713.1264991514238,1077.6,649.9
15615,17246,884.6812040354517,713.1264991514238,1077.6,649.9
15616,17246,884.6812040354517,713.1264991514238,1077.6,649.9
15617,17246,884.6812040354517,713.1264991514238,1077.6,649.9
15618,17246,884.6812040354517,713.1264991514238,1077.6,649.9
15619,17246,884.6812040354517,713.1264991514238,1077.6,649.9
15620,17246,884.6812040354517,713.1264991514238,1077.6,649.9
15621,17246,884.6812040354517,713.1264991514238,1077.6,649.9
15622,17246,884.6812040354517,713.1264991514238,1077.6,649.9
15623,17246,884.6812040354517,713.1264991514238,1077.6,649.9
15624,17246,884.6812040354517,713.1264991514238,1077.6,649.9
15625,17246,884.6812040354517,713.1264991514238,1077.6,649.9
15626,17246,884.6812040354517,713.1264991514238,1077.6,649.9
15627,17246,884.6812040354517,713.1264991514238,1077.6,649.9
15628,17246,884.6812040354517,713.1264991514238,1077.6,649.9
15629,17246,884.6812040354517,713.1264991514238,1077.6,649.9
15630,17246,884.6812040354517,713.1264991514238,1077.6,649.9
15631,17246,884.6812040354517,713.1264991514238,1077.6,649.9
15632,17246,884.6812040354517,713.1264991514238,1077.6,649.9
15633,17246,884.6812040354517,713.1264991514238,1077.6,649.9
15634,17246,884.6812040354517,713.1264991514238,1077.6,649.9
15635,17246,884.6812040354517,713.1264991514238,1077.6,649.9
15636,17246,884.6812040354517,713.1264991514238,1077.6,649.9
15637,17246,884.6812040354517,713.1264991514238,1077.6,649.9
15638,17246,884.6812040354517,713.1264991514238,1077.6,649.9
15639,17246,884.6812040354517,713.1264991514238,1077.6,649.9
15640,17246,884.6812040354517,713.1264991514238,1077.6,649.9
15641,17246,884.6812040354517,713.1264991514238,1077.6,649.9
15642,17246,884.6812040354517,713.1264991514238,1077.6,649.9
15643,17246,884.6812040354517,713.1264991514238,1077.6,649.9
15644,17246,884.6812040354517,713.1264991514238,1077.6,649.9
15645,17246,884.6812040354517,713.1264991514238,1077.6,649.9
15646,17246,884.6812040354517,713.1264991514238,1077.6,649.9
15647,17246,884.6812040354517,713.1264991514238,1077.6,649.9
15648,17246,884.6812040354517,713.1264991514238,1077.6,649.9
15649,17246,884.6812040354517,713.1264991514238,1077.6,649.9
15650,17246,884.6812040354517,713.1264991514238,1077.6,649.9
15651,17246,884.6812040354517,713.1264991514238,1077.6,649.9
15652,17246,884.6812040354517,713.1264991514238,1077.6,649.9
15653,17246,884.6812040354517,713.1264991514238,1077.6,649.9
15654,17246,884.6812040354517,713.1264991514238,1077.6,649.9
15655,17246,884.6812040354517,713.1264991514238,1077.6,649.9
15656,17246,884.6812040354517,713.1264991514238,1077.6,649.9
15657,17246,884.6812040354517,713.1264991514238,1077.6,649.9
15658,17246,884.6812040354517,713.1264991514238,1077.6,649.9
15659,17246,884.6812040354517,713.1264991514238,1077.6,649.9
15660,17246,884.6812040354517,713.1264991514238,1077.6,649.9
15661,17246,884.6812040354517,713.1264991514238,1077.6,649.9
15662,17246,884.6812040354517,713.1264991514238,1077.6,649.9
15663,17246,884.6812040354517,713.1264991514238,1077.6,649.9
15664,17246,884.6812040354517,713.1264991514238,1077.6,649.9
15665,17246,884.6812040354517,713.1264991514238,1077.6,649.9
15666,17246,884.6812040354517,713.1264991514238,1077.6,649.9
15667,17246,884.6812040354517,713.1264991514238,1077.6,649.9
15668,17246,884.6812040354517,713.1264991514238,1077.6,649.9
15669,17246,884.6812040354517,713.1264991514238,1077.6,649.9
15670,17246,884.6812040354517,713.1264991514238,1077.6,649.9
15671,17246,884.6812040354517,713.1264991514238,1077.6,649.9
15672,17246,884.6812040354517,713.1264991514238,1077.6,649.9
15673,17246,884.6812040354517,713.1264991514238,1077.6,649.9
15674,17246,884.6812040354517,713.1264991514238,1077.6,649.9
15675,17246,884.6812040354517,713.1264991514238,1077.6,649.9
15676,17246,884.6812040354517,713.1264991514238,1077.6,649.9
15677,17246,884.6812040354517,713.1264991514238,1077.6,649.9
15678,17246,884.6812040354517,713.1264991514238,1077.6,649.9
15679,17246,884.6812040354517,713.1264991514238,1077.6,649.9
15680,17246,884.6812040354517,713.1264991514238,1077.6,649.9
15681,17246,884.6812040354517,713.1264991514238,1077.6,649.9
15682,17246,884.6812040354517,713.1264991514238,1077.6,649.9
15683,17246,884.6812040354517,713.1264991514238,1077.6,649.9
15684,17246,884.6812040354517,713.1264991514238,1077.6,649.9
15685,17246,884.6812040354517,713.1264991514238,1077.6,649.9
15686,17246,884.6812040354517,713.1264991514238,1077.6,649.9
15687,17246,884.6812040354517,713.1264991514238,1077.6,649.9
15688,17246,884.6812040354517,713.1264991514238,1077.6,649.9
15689,17246,884.6812040354517,713.1264991514238,1077.6,649.9
15690,17246,757.6812040354517,714.1264991514238,1077.6,649.9
15691,17246,757.6812040354517,714.1264991514238,1077.6,649.9
15692,17246,757.6812040354517,714.1264991514238,1077.6,649.9
15693,17246,757.6812040354517,714.1264991514238,1077.6,649.9
15694,17246,757.6812040354517,714.1264991514238,1077.6,649.9
15695,17246,757.6812040354517,714.1264991514238,1077.6,649.9
15696,17246,757.6812040354517,714.1264991514238,1077.6,649.9
15697,17246,757.6812040354517,714.1264991514238,1077.6,649.9
15698,17246,757.6812040354517,714.1264991514238,1077.6,649.9
15699,17246,757.6812040354517,714.1264991514238,1077.6,649.9
15700,17246,757.6812040354517,714.1264991514238,1077.6,649.9
15701,17246,757.6812040354517,714.1264991514238,1077.6,649.9
15702,17246,757.6812040354517,714.1264991514238,1077.6,649.9
15703,17246,757.6812040354517,714.1264991514238,1077.6,649.9
15704,17246,757.6812040354517,714.1264991514238,1077.6,649.9
15705,17246,757.6812040354517,714.1264991514238,1077.6,649.9
15706,17246,757.6812040354517,714.1264991514238,1077.6,649.9
15707,17246,757.6812040354517,714.1264991514238,1077.6,649.9
15708,17246,757.6812040354517,714.1264991514238,1077.6,649.9
15709,17246,757.6812040354517,714.1264991514238,1077.6,649.9
15710,17246,757.6812040354517,714.1264991514238,1077.6,649.9
15711,17246,757.6812040354517,714.1264991514238,1077.6,649.9
15712,17246,757.6812040354517,714.1264991514238,1077.6,649.9
15713,17246,757.6812040354517,714.1264991514238,1077.6,649.9
15714,17246,757.6812040354517,714.1264991514238,1077.6,649.9
15715,17246,757.6812040354517,714.1264991514238,1077.6,649.9
15716,17246,757.6812040354517,714.1264991514238,1077.6,649.9
15717,17246,757.6812040354517,714.1264991514238,1077.6,649.9
15718,17246,757.6812040354517,714.1264991514238,1077.6,649.9
15719,17246,757.6812040354517,714.1264991514238,1077.6,649.9
15720,17246,757.6812040354517,714.1264991514238,1077.6,649.9
15721,17246,757.6812040354517,714.1264991514238,1077.6,649.9
15722,17246,757.6812040354517,714.1264991514238,1077.6,649.9
15723,17246,631.6812040354517,715.1264991514238,1077.6,649.9
15724,17246,631.6812040354517,715.1264991514238,1077.6,649.9
15725,17246,631.6812040354517,715.1264991514238,1077.6,649.9
15726,17246,631.6812040354517,715.1264991514238,1077.6,649.9
15727,17246,631.6812040354517,715.1264991514238,1077.6,649.9
15728,17246,631.6812040354517,715.1264991514238,1077.6,649.9
15729,17246,631.6812040354517,715.1264991514238,1077.6,649.9
15730,17246,631.6812040354517,715.1264991514238,1077.6,649.9
15731,17246,631.6812040354517,715.1264991514238,1077.6,649.9
15732,17246,631.6812040354517,715.1264991514238,1077.6,649.9
15733,17246,631.6812040354517,715.1264991514238,1077.6,649.9
15734,17246,631.6812040354517,715.1264991514238,1077.6,649.9
15735,17246,631.6812040354517,715.1264991514238,1077.6,649.9
15736,17246,631.6812040354517,715.1264991514238,1077.6,649.9
15737,17246,631.6812040354517,715.1264991514238,1077.6,649.9
15738,17246,631.6812040354517,715.1264991514238,1077.6,649.9
15739,17246,631.6812040354517,715.1264991514238,1077.6,649.9
15740,17246,631.6812040354517,715.1264991514238,1077.6,649.9
15741,17246,631.6812040354517,715.1264991514238,1077.6,649.9
15742,17246,631.6812040354517,715.1264991514238,1077.6,649.9
15743,17246,631.6812040354517,715.1264991514238,1077.6,649.9
15744,17246,631.6812040354517,715.1264991514238,1077.6,649.9
15745,17246,631.6812040354517,715.1264991514238,1077.6,649.9
15746,17246,631.6812040354517,715.1264991514238,1077.6,649.9
15747,17246,631.6812040354517,715.1264991514238,1077.6,649.9
15748,17246,631.6812040354517,715.1264991514238,1077.6,649.9
15749,17246,631.6812040354517,715.1264991514238,1077.6,649.9
15750,17246,631.6812040354517,715.1264991514238,1077.6,649.9
15751,17246,631.6812040354517,715.1264991514238,1077.6,649.9
15752,17246,631.6812040354517,715.1264991514238,1077.6,649.9
15753,17246,631.6812040354517,715.1264991514238,1077.6,649.9
15754,17246,631.6812040354517,715.1264991514238,1077.6,649.9
15755,17246,631.6812040354517,715.1264991514238,1083.7421052631578,651.2578947368421
15756,17246,631.6812040354517,715.1264991514238,1089.8842105263157,652.6157894736842
15757,17246,631.6812040354517,715.1264991514238,1096.0263157894735,653.9736842105264
15758,17246,631.6812040354517,715.1264991514238,1102.1684210526314,655.3315789473684
15759,17246,631.6812040354517,715.1264991514238,1108.3105263157895,656.6894736842105
15760,17246,631.6812040354517,715.1264991514238,1114.4526315789474,658.0473684210526
15761,17246,631.6812040354517,715.1264991514238,1120.5947368421052,659.4052631578948
15762,17246,631.6812040354517,715.1264991514238,1126.7368421052631,660.7631578947369
15763,17246,631.6812040354517,715.1264991514238,1132.878947368421,662.121052631579
15764,17246,631.6812040354517,715.1264991514238,1139.0210526315789,663.478947368421
15765,17246,631.6812040354517,715.1264991514238,1145.1631578947367,664.8368421052631
15766,17246,631.6812040354517,715.1264991514238,1151.3052631578946,666.1947368421053
15767,17246,631.6812040354517,715.1264991514238,1157.4473684210525,667.5526315789474
15768,17246,631.6812040354517,715.1264991514238,1163.5894736842106,668.9105263157895
15769,17246,631.6812040354517,715.1264991514238,1169.7315789473685,670.2684210526317
15770,17246,631.6812040354517,715.1264991514238,1175.8736842105263,671.6263157894737
15771,17246,631.6812040354517,715.1264991514238,1182.0157894736842,672.9842105263158
15772,17246,631.6812040354517,715.1264991514238,1188.157894736842,674.3421052631579
15773,17246,631.6812040354517,715.1264991514238,1194.3,675.7
15774,17246,631.6812040354517,715.1264991514238,1194.3,675.7
15775,17246,631.6812040354517,715.1264991514238,1194.3,675.7
15776,17246,631.6812040354517,715.1264991514238,1194.3,675.7
15777,17246,631.6812040354517,715.1264991514238,1194.3,675.7
15778,17246,631.6812040354517,715.1264991514238,1194.3,675.7
15779,17246,631.6812040354517,715.1264991514238,1194.3,675.7
15780,17246,631.6812040354517,715.1264991514238,1194.3,675.7
15781,17246,631.6812040354517,715.1264991514238,1194.3,675.7
15782,17246,631.6812040354517,715.1264991514238,1194.3,675.7
15783,17246,631.6812040354517,715.1264991514238,1194.3,675.7
15784,17246,631.6812040354517,715.1264991514238,1194.3,675.7
15785,17246,631.6812040354517,715.1264991514238,1194.3,675.7
15786,17246,631.6812040354517,715.1264991514238,1194.3,675.7
15787,17246,631.6812040354517,715.1264991514238,1194.3,675.7
15788,17246,631.6812040354517,715.1264991514238,1194.3,675.7
15789,17246,631.6812040354517,715.1264991514238,1194.3,675.7
15790,17246,774.6812040354517,497.12649915142373,1194.3,675.7
15791,17246,774.6812040354517,497.12649915142373,1194.3,675.7
15792,17246,774.6812040354517,497.12649915142373,1194.3,675.7
15793,17246,774.6812040354517,497.12649915142373,1194.3,675.7
15794,17246,774.6812040354517,497.12649915142373,1194.3,675.7
15795,17246,774.6812040354517,497.12649915142373,1194.3,675.7
15796,17246,774.6812040354517,497.12649915142373,1194.3,675.7
15797,17246,774.6812040354517,497.12649915142373,1194.3,675.7
15798,17246,774.6812040354517,497.12649915142373,1194.3,675.7
15799,17246,774.6812040354517,497.12649915142373,1194.3,675.7
15800,17246,774.6812040354517,497.12649915142373,1194.3,675.7
15801,17246,774.6812040354517,497.12649915142373,1194.3,675.7
15802,17246,774.6812040354517,497.12649915142373,1194.3,675.7
15803,17246,774.6812040354517,497.12649915142373,1194.3,675.7
15804,17246,774.6812040354517,497.12649915142373,1194.3,675.7
15805,17246,774.6812040354517,497.12649915142373,1194.3,675.7
15806,17246,774.6812040354517,497.12649915142373,1194.3,675.7
15807,17246,774.6812040354517,497.12649915142373,1194.3,675.7
15808,17246,774.6812040354517,497.12649915142373,1194.3,675.7
15809,17246,774.6812040354517,497.12649915142373,1194.3,675.7
15810,17246,774.6812040354517,497.12649915142373,1194.3,675.7
15811,17246,774.6812040354517,497.12649915142373,1194.3,675.7
15812,17246,774.6812040354517,497.12649915142373,1194.3,675.7
15813,17246,774.6812040354517,497.12649915142373,1194.3,675.7
15814,17246,774.6812040354517,497.12649915142373,1194.3,675.7
15815,17246,774.6812040354517,497.12649915142373,1194.3,675.7
15816,17246,774.6812040354517,497.12649915142373,1194.3,675.7
15817,17246,774.6812040354517,497.12649915142373,1194.3,675.7
15818,17246,774.6812040354517,497.12649915142373,1194.3,675.7
15819,17246,774.6812040354517,497.12649915142373,1194.3,675.7
15820,17246,774.6812040354517,497.12649915142373,1194.3,675.7
15821,17246,774.6812040354517,497.12649915142373,1194.3,675.7
15822,17246,774.6812040354517,497.12649915142373,1194.3,675.7
15823,17246,774.6812040354517,497.12649915142373,1194.3,675.7
15824,17246,774.6812040354517,497.12649915142373,1194.3,675.7
15825,17246,774.6812040354517,497.12649915142373,1194.3,675.7
15826,17246,774.6812040354517,497.12649915142373,1194.3,675.7
15827,17246,774.6812040354517,497.12649915142373,1194.3,675.7
15828,17246,774.6812040354517,497.12649915142373,1194.3,675.7
15829,17246,774.6812040354517,497.12649915142373,1194.3,675.7
15830,17246,774.6812040354517,497.12649915142373,1194.3,675.7
15831,17246,918.6812040354517,278.12649915142373,1194.3,675.7
15832,17246,918.6812040354517,278.12649915142373,1194.3,675.7
15833,17246,918.6812040354517,278.12649915142373,1194.3,675.7
15834,17246,918.6812040354517,278.12649915142373,1194.3,675.7
15835,17246,918.6812040354517,278.12649915142373,1194.3,675.7
15836,17246,918.6812040354517,278.12649915142373,1194.3,675.7
15837,17246,918.6812040354517,278.12649915142373,1194.3,675.7
15838,17246,918.6812040354517,278.12649915142373,1194.3,675.7
15839,17246,918.6812040354517,278.12649915142373,1194.3,675.7
15840,17246,918.6812040354517,278.12649915142373,1194.3,675.7
15841,17246,918.6812040354517,278.12649915142373,1194.3,675.7
15842,17246,918.6812040354517,278.12649915142373,1194.3,675.7
15843,17246,918.6812040354517,278.12649915142373,1194.3,675.7
15844,17246,918.6812040354517,278.12649915142373,1194.3,675.7
15845,17246,918.6812040354517,278.12649915142373,1194.3,675.7
15846,17246,918.6812040354517,278.12649915142373,1194.3,675.7
15847,17246,918.6812040354517,278.12649915142373,1194.3,675.7
15848,17246,918.6812040354517,278.12649915142373,1194.3,675.7
15849,17246,918.6812040354517,278.12649915142373,1194.3,675.7
15850,17246,918.6812040354517,278.12649915142373,1194.3,675.7
15851,17246,918.6812040354517,278.12649915142373,1194.3,675.7
15852,17246,918.6812040354517,278.12649915142373,1194.3,675.7
15853,17246,918.6812040354517,278.12649915142373,1194.3,675.7
15854,17246,918.6812040354517,278.12649915142373,1194.3,675.7
15855,17246,918.6812040354517,278.12649915142373,1194.3,675.7
15856,17246,918.6812040354517,278.12649915142373,1194.3,675.7
15857,17246,918.6812040354517,278.12649915142373,1194.3,675.7
15858,17246,918.6812040354517,278.12649915142373,1194.3,675.7
15859,17246,918.6812040354517,278.12649915142373,1194.3,675.7
15860,17246,918.6812040354517,278.12649915142373,1194.3,675.7
15861,17246,918.6812040354517,278.12649915142373,1194.3,675.7
15862,17246,918.6812040354517,278.12649915142373,1194.3,675.7
15863,17246,918.6812040354517,278.12649915142373,1194.3,675.7
15864,17246,918.6812040354517,278.12649915142373,1194.3,675.7
15865,17246,918.6812040354517,278.12649915142373,1194.3,675.7
15866,17246,918.6812040354517,278.12649915142373,1194.3,675.7
15867,17246,918.6812040354517,278.12649915142373,1194.3,675.7
15868,17246,918.6812040354517,278.12649915142373,1194.3,675.7
15869,17246,918.6812040354517,278.12649915142373,1194.3,675.7
15870,17246,918.6812040354517,278.12649915142373,1199.76,675.6333333333333
15871,17246,918.6812040354517,278.12649915142373,1205.22,675.5666666666667
15872,17246,918.6812040354517,278.12649915142373,1210.68,675.5
15873,17246,918.6812040354517,278.12649915142373,1216.1399999999999,675.4333333333334
15874,17246,918.6812040354517,278.12649915142373,1221.6,675.3666666666667
15875,17246,918.6812040354517,278.12649915142373,1227.06,675.3000000000001
15876,17246,918.6812040354517,278.12649915142373,1232.52,675.2333333333333
15877,17246,918.6812040354517,278.12649915142373,1237.98,675.1666666666667
15878,17246,918.6812040354517,278.12649915142373,1243.44,675.1
15879,17246,918.6812040354517,278.12649915142373,1248.9,675.0333333333334
15880,17246,918.6812040354517,278.12649915142373,1254.3600000000001,674.9666666666667
15881,17246,918.6812040354517,278.12649915142373,1259.82,674.9000000000001
15882,17246,918.6812040354517,278.12649915142373,1265.28,674.8333333333334
15883,17246,918.6812040354517,278.12649915142373,1270.74,674.7666666666668
15884,17246,918.6812040354517,278.12649915142373,1276.2,674.7
15885,17246,918.6812040354517,278.12649915142373,1276.2,674.7
15886,17246,918.6812040354517,278.12649915142373,1276.2,674.7
15887,17246,918.6812040354517,278.12649915142373,1276.2,674.7
15888,17246,918.6812040354517,278.12649915142373,1276.2,674.7
15889,17246,918.6812040354517,278.12649915142373,1276.2,674.7
15890,17246,918.6812040354517,278.12649915142373,1276.2,674.7
15891,17246,918.6812040354517,278.12649915142373,1276.2,674.7
15892,17246,918.6812040354517,278.12649915142373,1276.2,674.7
15893,17246,918.6812040354517,278.12649915142373,1276.2,674.7
15894,17246,918.6812040354517,278.12649915142373,1276.2,674.7
15895,17246,918.6812040354517,278.12649915142373,1276.2,674.7
15896,17246,918.6812040354517,278.12649915142373,1276.2,674.7
15897,17246,918.6812040354517,278.12649915142373,1276.2,674.7
15898,17246,918.6812040354517,278.12649915142373,1276.2,674.7
15899,17246,918.6812040354517,278.12649915142373,1276.2,674.7
15900,17246,918.6812040354517,278.12649915142373,1276.2,674.7
15901,17246,918.6812040354517,278.12649915142373,1276.2,674.7
15902,17246,918.6812040354517,278.12649915142373,1276.2,674.7
15903,17246,918.6812040354517,278.12649915142373,1276.2,674.7
15904,17246,918.6812040354517,278.12649915142373,1276.2,674.7
15905,17246,918.6812040354517,278.12649915142373,1276.2,674.7
15906,17246,918.6812040354517,278.12649915142373,1276.2,674.7
15907,17246,918.6812040354517,278.12649915142373,1276.2,674.7
15908,17246,918.6812040354517,278.12649915142373,1276.2,674.7
15909,17246,918.6812040354517,278.12649915142373,1276.2,674.7
15910,17246,918.6812040354517,278.12649915142373,1276.2,674.7
15911,17246,918.6812040354517,278.12649915142373,1276.2,674.7
15912,17246,918.6812040354517,278.12649915142373,1276.2,674.7
15913,17246,918.6812040354517,278.12649915142373,1276.2,674.7
15914,17246,918.6812040354517,278.12649915142373,1276.2,674.7
15915,17246,918.6812040354517,278.12649915142373,1276.2,674.7
15916,17246,918.6812040354517,278.12649915142373,1276.2,674.7
15917,17246,918.6812040354517,278.12649915142373,1276.2,674.7
15918,17246,918.6812040354517,278.12649915142373,1276.2,674.7
15919,17246,918.6812040354517,278.12649915142373,1276.2,674.7
15920,17246,918.6812040354517,278.12649915142373,1276.2,674.7
15921,17246,918.6812040354517,278.12649915142373,1276.2,674.7
15922,17246,918.6812040354517,278.12649915142373,1276.2,674.7
15923,17246,918.6812040354517,278.12649915142373,1276.2,674.7
15924,17246,918.6812040354517,278.12649915142373,1276.2,674.7
15925,17246,918.6812040354517,278.12649915142373,1276.2,674.7
15926,17246,918.6812040354517,278.12649915142373,1276.2,674.7
15927,17246,918.6812040354517,278.12649915142373,1276.2,674.7
15928,17246,918.6812040354517,278.12649915142373,1276.2,674.7
15929,17246,918.6812040354517,278.12649915142373,1276.2,674.7
15930,17246,918.6812040354517,278.12649915142373,1276.2,674.7
15931,17246,918.6812040354517,278.12649915142373,1276.2,674.7
15932,17246,918.6812040354517,278.12649915142373,1276.2,674.7
15933,17246,918.6812040354517,278.12649915142373,1276.2,674.7
15934,17246,918.6812040354517,278.12649915142373,1276.2,674.7
15935,17246,918.6812040354517,278.12649915142373,1276.2,674.7
15936,17246,918.6812040354517,278.12649915142373,1276.2,674.7
15937,17246,918.6812040354517,278.12649915142373,1276.2,674.7
15938,17246,918.6812040354517,278.12649915142373,1276.2,674.7
15939,17246,918.6812040354517,278.12649915142373,1276.2,674.7
15940,17246,918.6812040354517,278.12649915142373,1276.2,674.7
15941,17246,918.6812040354517,278.12649915142373,1276.2,674.7
15942,17246,918.6812040354517,278.12649915142373,1276.2,674.7
15943,17246,918.6812040354517,278.12649915142373,1276.2,674.7
15944,17246,918.6812040354517,278.12649915142373,1276.2,674.7
15945,17246,918.6812040354517,278.12649915142373,1276.2,674.7
15946,17246,918.6812040354517,278.12649915142373,1276.2,674.7
15947,17246,918.6812040354517,278.12649915142373,1276.2,674.7
15948,17246,918.6812040354517,278.12649915142373,1276.2,674.7
15949,17246,918.6812040354517,278.12649915142373,1276.2,674.7
15950,17246,918.6812040354517,278.12649915142373,1276.2,674.7
15951,17246,918.6812040354517,278.12649915142373,1276.2,674.7
15952,17246,918.6812040354517,278.12649915142373,1276.2,674.7
15953,17246,918.6812040354517,278.12649915142373,1276.2,674.7
15954,17246,918.6812040354517,278.12649915142373,1276.2,674.7
15955,17246,918.6812040354517,278.12649915142373,1276.2,674.7
15956,17246,918.6812040354517,278.12649915142373,1276.2,674.7
15957,17246,939.6812040354517,377.12649915142373,1276.2,674.7
15958,17246,939.6812040354517,377.12649915142373,1276.2,674.7
15959,17246,939.6812040354517,377.12649915142373,1276.2,674.7
15960,17246,939.6812040354517,377.12649915142373,1276.2,674.7
15961,17246,939.6812040354517,377.12649915142373,1276.2,674.7
15962,17246,939.6812040354517,377.12649915142373,1276.2,674.7
15963,17246,939.6812040354517,377.12649915142373,1276.2,674.7
15964,17246,939.6812040354517,377.12649915142373,1276.2,674.7
15965,17246,939.6812040354517,377.12649915142373,1276.2,674.7
15966,17246,939.6812040354517,377.12649915142373,1276.2,674.7
15967,17246,939.6812040354517,377.12649915142373,1276.2,674.7
15968,17246,939.6812040354517,377.12649915142373,1276.2,674.7
15969,17246,939.6812040354517,377.12649915142373,1276.2,674.7
15970,17246,939.6812040354517,377.12649915142373,1276.2,674.7
15971,17246,939.6812040354517,377.12649915142373,1276.2,674.7
15972,17246,939.6812040354517,377.12649915142373,1276.2,674.7
15973,17246,939.6812040354517,377.12649915142373,1276.2,674.7
15974,17246,939.6812040354517,377.12649915142373,1276.2,674.7
15975,17246,939.6812040354517,377.12649915142373,1276.2,674.7
15976,17246,939.6812040354517,377.12649915142373,1276.2,674.7
15977,17246,939.6812040354517,377.12649915142373,1276.2,674.7
15978,17246,939.6812040354517,377.12649915142373,1276.2,674.7
15979,17246,939.6812040354517,377.12649915142373,1276.2,674.7
15980,17246,939.6812040354517,377.12649915142373,1276.2,674.7
15981,17246,939.6812040354517,377.12649915142373,1276.2,674.7
15982,17246,939.6812040354517,377.12649915142373,1276.2,674.7
15983,17246,939.6812040354517,377.12649915142373,1276.2,674.7
15984,17246,939.6812040354517,377.12649915142373,1276.2,674.7
15985,17246,939.6812040354517,377.12649915142373,1276.2,674.7
15986,17246,939.6812040354517,377.12649915142373,1276.2,674.7
15987,17246,939.6812040354517,377.12649915142373,1276.2,674.7
15988,17246,939.6812040354517,377.12649915142373,1276.2,674.7
15989,17246,939.6812040354517,377.12649915142373,1276.2,674.7
15990,17246,960.6812040354517,475.12649915142373,1276.2,674.7
15991,17246,960.6812040354517,475.12649915142373,1276.2,674.7
15992,17246,960.6812040354517,475.12649915142373,1276.2,674.7
15993,17246,960.6812040354517,475.12649915142373,1276.2,674.7
15994,17246,960.6812040354517,475.12649915142373,1276.2,674.7
15995,17246,960.6812040354517,475.12649915142373,1276.2,674.7
15996,17246,960.6812040354517,475.12649915142373,1276.2,674.7
15997,17246,960.6812040354517,475.12649915142373,1276.2,674.7
15998,17246,960.6812040354517,475.12649915142373,1276.2,674.7
15999,17246,960.6812040354517,475.12649915142373,1276.2,674.7
16000,17246,960.6812040354517,475.12649915142373,1276.2,674.7
16001,17246,960.6812040354517,475.12649915142373,1276.2,674.7
16002,17246,960.6812040354517,475.12649915142373,1276.2,674.7
16003,17246,960.6812040354517,475.12649915142373,1276.2,674.7
16004,17246,960.6812040354517,475.12649915142373,1276.2,674.7
16005,17246,960.6812040354517,475.12649915142373,1276.2,674.7
16006,17246,960.6812040354517,475.12649915142373,1276.2,674.7
16007,17246,960.6812040354517,475.12649915142373,1276.2,674.7
16008,17246,960.6812040354517,475.12649915142373,1276.2,674.7
16009,17246,960.6812040354517,475.12649915142373,1276.2,674.7
16010,17246,960.6812040354517,475.12649915142373,1276.2,674.7
16011,17246,960.6812040354517,475.12649915142373,1276.2,674.7
16012,17246,960.6812040354517,475.12649915142373,1276.2,674.7
16013,17246,960.6812040354517,475.12649915142373,1276.2,674.7
16014,17246,960.6812040354517,475.12649915142373,1276.2,674.7
16015,17246,960.6812040354517,475.12649915142373,1276.2,674.7
16016,17246,960.6812040354517,475.12649915142373,1276.2,674.7
16017,17246,960.6812040354517,475.12649915142373,1276.2,674.7
16018,17246,960.6812040354517,475.12649915142373,1276.2,674.7
16019,17246,960.6812040354517,475.12649915142373,1276.2,674.7
16020,17246,960.6812040354517,475.12649915142373,1276.2,674.7
16021,17246,960.6812040354517,475.12649915142373,1276.2,674.7
16022,17246,960.6812040354517,475.12649915142373,1276.2,674.7
16023,17246,930.6812040354517,276.12649915142373,1276.2,674.7
16024,17246,930.6812040354517,276.12649915142373,1276.2,674.7
16025,17246,930.6812040354517,276.12649915142373,1276.2,674.7
16026,17246,930.6812040354517,276.12649915142373,1276.2,674.7
16027,17246,930.6812040354517,276.12649915142373,1276.2,674.7
16028,17246,930.6812040354517,276.12649915142373,1276.2,674.7
16029,17246,930.6812040354517,276.12649915142373,1276.2,674.7
16030,17246,930.6812040354517,276.12649915142373,1276.2,674.7
16031,17246,930.6812040354517,276.12649915142373,1276.2,674.7
16032,17246,930.6812040354517,276.12649915142373,1276.2,674.7
16033,17246,930.6812040354517,276.12649915142373,1276.2,674.7
16034,17246,930.6812040354517,276.12649915142373,1276.2,674.7
16035,17246,930.6812040354517,276.12649915142373,1276.2,674.7
16036,17246,930.6812040354517,276.12649915142373,1276.2,674.7
16037,17246,930.6812040354517,276.12649915142373,1276.2,674.7
16038,17246,930.6812040354517,276.12649915142373,1276.2,674.7
16039,17246,930.6812040354517,276.12649915142373,1276.2,674.7
16040,17246,930.6812040354517,276.12649915142373,1276.2,674.7
16041,17246,930.6812040354517,276.12649915142373,1276.2,674.7
16042,17246,930.6812040354517,276.12649915142373,1276.2,674.7
16043,17246,930.6812040354517,276.12649915142373,1276.2,674.7
16044,17246,930.6812040354517,276.12649915142373,1276.2,674.7
16045,17246,930.6812040354517,276.12649915142373,1276.2,674.7
16046,17246,930.6812040354517,276.12649915142373,1276.2,674.7
16047,17246,930.6812040354517,276.12649915142373,1276.2,674.7
16048,17246,930.6812040354517,276.12649915142373,1276.2,674.7
16049,17246,930.6812040354517,276.12649915142373,1276.2,674.7
16050,17246,930.6812040354517,276.12649915142373,1276.2,674.7
16051,17246,930.6812040354517,276.12649915142373,1276.2,674.7
16052,17246,930.6812040354517,276.12649915142373,1276.2,674.7
16053,17246,930.6812040354517,276.12649915142373,1276.2,674.7
16054,17246,930.6812040354517,276.12649915142373,1276.2,674.7
16055,17246,930.6812040354517,276.12649915142373,1276.2,674.7
16056,17246,930.6812040354517,276.12649915142373,1276.2,674.7
16057,17246,930.6812040354517,276.12649915142373,1276.2,674.7
16058,17246,930.6812040354517,276.12649915142373,1276.2,674.7
16059,17246,930.6812040354517,276.12649915142373,1276.2,674.7
16060,17246,930.6812040354517,276.12649915142373,1276.2,674.7
16061,17246,930.6812040354517,276.12649915142373,1276.2,674.7
16062,17246,930.6812040354517,276.12649915142373,1276.2,674.7
16063,17246,930.6812040354517,276.12649915142373,1276.2,674.7
16064,17246,930.6812040354517,276.12649915142373,1276.2,674.7
16065,17246,930.6812040354517,276.12649915142373,1276.2,674.7
16066,17246,930.6812040354517,276.12649915142373,1276.2,674.7
16067,17246,930.6812040354517,276.12649915142373,1276.2,674.7
16068,17246,930.6812040354517,276.12649915142373,1276.2,674.7
16069,17246,930.6812040354517,276.12649915142373,1276.2,674.7
16070,17246,930.6812040354517,276.12649915142373,1276.2,674.7
16071,17246,930.6812040354517,276.12649915142373,1276.2,674.7
16072,17246,930.6812040354517,276.12649915142373,1276.2,674.7
16073,17246,930.6812040354517,276.12649915142373,1276.2,674.7
16074,17246,930.6812040354517,276.12649915142373,1276.2,674.7
16075,17246,930.6812040354517,276.12649915142373,1276.2,674.7
16076,17246,930.6812040354517,276.12649915142373,1276.2,674.7
16077,17246,930.6812040354517,276.12649915142373,1276.2,674.7
16078,17246,930.6812040354517,276.12649915142373,1276.2,674.7
16079,17246,930.6812040354517,276.12649915142373,1276.2,674.7
16080,17246,930.6812040354517,276.12649915142373,1276.2,674.7
16081,17246,930.6812040354517,276.12649915142373,1276.2,674.7
16082,17246,930.6812040354517,276.12649915142373,1276.2,674.7
16083,17246,930.6812040354517,276.12649915142373,1276.2,674.7
16084,17246,930.6812040354517,276.12649915142373,1276.2,674.7
16085,17246,930.6812040354517,276.12649915142373,1276.2,674.7
16086,17246,930.6812040354517,276.12649915142373,1276.2,674.7
16087,17246,930.6812040354517,276.12649915142373,1276.2,674.7
16088,17246,930.6812040354517,276.12649915142373,1276.2,674.7
16089,17246,930.6812040354517,276.12649915142373,1276.2,674.7
16090,17246,930.6812040354517,276.12649915142373,1276.2,674.7
16091,17246,930.6812040354517,276.12649915142373,1276.2,674.7
16092,17246,930.6812040354517,276.12649915142373,1276.2,674.7
16093,17246,930.6812040354517,276.12649915142373,1276.2,674.7
16094,17246,930.6812040354517,276.12649915142373,1276.2,674.7
16095,17246,930.6812040354517,276.12649915142373,1276.2,674.7
16096,17246,930.6812040354517,276.12649915142373,1276.2,674.7
16097,17246,930.6812040354517,276.12649915142373,1276.2,674.7
16098,17246,930.6812040354517,276.12649915142373,1276.2,674.7
16099,17246,930.6812040354517,276.12649915142373,1276.2,674.7
16100,17246,930.6812040354517,276.12649915142373,1276.2,674.7
16101,17246,930.6812040354517,276.12649915142373,1276.2,674.7
16102,17246,930.6812040354517,276.12649915142373,1276.2,674.7
16103,17246,930.6812040354517,276.12649915142373,1276.2,674.7
16104,17246,930.6812040354517,276.12649915142373,1276.2,674.7
16105,17246,930.6812040354517,276.12649915142373,1276.2,674.7
16106,17246,930.6812040354517,276.12649915142373,1276.2,674.7
16107,17246,930.6812040354517,276.12649915142373,1276.2,674.7
16108,17246,930.6812040354517,276.12649915142373,1276.2,674.7
16109,17246,930.6812040354517,276.12649915142373,1276.2,674.7
16110,17246,930.6812040354517,276.12649915142373,1276.2,674.7
16111,17246,930.6812040354517,276.12649915142373,1276.2,674.7
16112,17246,930.6812040354517,276.12649915142373,1276.2,674.7
16113,17246,930.6812040354517,276.12649915142373,1276.2,674.7
16114,17246,930.6812040354517,276.12649915142373,1267.8535714285715,674.5464285714286
16115,17246,930.6812040354517,276.12649915142373,1259.507142857143,674.3928571428572
16116,17246,930.6812040354517,276.12649915142373,1251.1607142857142,674.2392857142858
16117,17246,930.6812040354517,276.12649915142373,1242.8142857142857,674.0857142857143
16118,17246,930.6812040354517,276.12649915142373,1234.4678571428572,673.9321428571429
16119,17246,930.6812040354517,276.12649915142373,1226.1214285714286,673.7785714285715
16120,17246,930.6812040354517,276.12649915142373,1217.775,673.625
16121,17246,930.6812040354517,276.12649915142373,1209.4285714285716,673.4714285714286
16122,17246,930.6812040354517,276.12649915142373,1201.0821428571428,673.3178571428572
16123,17246,930.6812040354517,276.12649915142373,1192.7357142857143,673.1642857142857
16124,17246,930.6812040354517,276.12649915142373,1184.3892857142857,673.0107142857144
16125,17246,930.6812040354517,276.12649915142373,1176.0428571428572,672.8571428571429
16126,17246,930.6812040354517,276.12649915142373,1167.6964285714287,672.7035714285714
16127,17246,930.6812040354517,276.12649915142373,1159.35,672.55
16128,17246,930.6812040354517,276.12649915142373,1151.0035714285714,672.3964285714286
16129,17246,930.6812040354517,276.12649915142373,1142.6571428571428,672.2428571428571
16130,17246,930.6812040354517,276.12649915142373,1134.3107142857143,672.0892857142857
16131,17246,930.6812040354517,276.12649915142373,1125.9642857142858,671.9357142857143
16132,17246,930.6812040354517,276.12649915142373,1117.6178571428572,671.7821428571428
16133,17246,930.6812040354517,276.12649915142373,1109.2714285714285,671.6285714285714
16134,17246,930.6812040354517,276.12649915142373,1100.925,671.475
16135,17246,930.6812040354517,276.12649915142373,1092.5785714285714,671.3214285714286
16136,17246,930.6812040354517,276.12649915142373,1084.232142857143,671.1678571428571
16137,17246,930.6812040354517,276.12649915142373,1075.8857142857144,671.0142857142857
16138,17246,930.6812040354517,276.12649915142373,1067.5392857142856,670.8607142857143
16139,17246,930.6812040354517,276.12649915142373,1059.192857142857,670.7071428571428
16140,17246,930.6812040354517,276.12649915142373,1050.8464285714285,670.5535714285714
16141,17246,930.6812040354517,276.12649915142373,1042.5,670.4
16142,17246,930.6812040354517,276.12649915142373,1042.5,670.4
16143,17246,930.6812040354517,276.12649915142373,1042.5,670.4
16144,17246,930.6812040354517,276.12649915142373,1042.5,670.4
16145,17246,930.6812040354517,276.12649915142373,1042.5,670.4
16146,17246,930.6812040354517,276.12649915142373,1042.5,670.4
16147,17246,930.6812040354517,276.12649915142373,1042.5,670.4
16148,17246,930.6812040354517,276.12649915142373,1042.5,670.4
16149,17246,930.6812040354517,276.12649915142373,1042.5,670.4
16150,17246,930.6812040354517,276.12649915142373,1042.5,670.4
16151,17246,930.6812040354517,276.12649915142373,1042.5,670.4
16152,17246,930.6812040354517,276.12649915142373,1042.5,670.4
16153,17246,930.6812040354517,276.12649915142373,1042.5,670.4
16154,17246,930.6812040354517,276.12649915142373,1042.5,670.4
16155,17246,930.6812040354517,276.12649915142373,1042.5,670.4
16156,17246,930.6812040354517,276.12649915142373,1042.5,670.4
16157,17246,930.6812040354517,276.12649915142373,1042.5,670.4
16158,17246,930.6812040354517,276.12649915142373,1042.5,670.4
16159,17246,930.6812040354517,276.12649915142373,1042.5,670.4
16160,17246,930.6812040354517,276.12649915142373,1042.5,670.4
16161,17246,930.6812040354517,276.12649915142373,1042.5,670.4
16162,17246,930.6812040354517,276.12649915142373,1042.5,670.4
16163,17246,930.6812040354517,276.12649915142373,1042.5,670.4
16164,17246,930.6812040354517,276.12649915142373,1042.5,670.4
16165,17246,930.6812040354517,276.12649915142373,1042.5,670.4
16166,17246,930.6812040354517,276.12649915142373,1042.5,670.4
16167,17246,930.6812040354517,276.12649915142373,1042.5,670.4
16168,17246,930.6812040354517,276.12649915142373,1042.5,670.4
16169,17246,930.6812040354517,276.12649915142373,1042.5,670.4
16170,17246,930.6812040354517,276.12649915142373,1042.5,670.4
16171,17246,930.6812040354517,276.12649915142373,1042.5,670.4
16172,17246,930.6812040354517,276.12649915142373,1042.5,670.4
16173,17246,930.6812040354517,276.12649915142373,1042.5,670.4
16174,17246,930.6812040354517,276.12649915142373,1042.5,670.4
16175,17246,930.6812040354517,276.12649915142373,1042.5,670.4
16176,17246,930.6812040354517,276.12649915142373,1042.5,670.4
16177,17246,930.6812040354517,276.12649915142373,1042.5,670.4
16178,17246,930.6812040354517,276.12649915142373,1042.5,670.4
16179,17246,930.6812040354517,276.12649915142373,1042.5,670.4
16180,17246,930.6812040354517,276.12649915142373,1042.5,670.4
16181,17246,930.6812040354517,276.12649915142373,1042.5,670.4
16182,17246,930.6812040354517,276.12649915142373,1042.5,670.4
16183,17246,930.6812040354517,276.12649915142373,1042.5,670.4
16184,17246,930.6812040354517,276.12649915142373,1042.5,670.4
16185,17246,930.6812040354517,276.12649915142373,1042.5,670.4
16186,17246,930.6812040354517,276.12649915142373,1042.5,670.4
16187,17246,930.6812040354517,276.12649915142373,1042.5,670.4
16188,17246,930.6812040354517,276.12649915142373,1042.5,670.4
16189,17246,930.6812040354517,276.12649915142373,1042.5,670.4
16190,17246,930.6812040354517,276.12649915142373,1042.5,670.4
16191,17246,930.6812040354517,276.12649915142373,1042.5,670.4
16192,17246,930.6812040354517,276.12649915142373,1042.5,670.4
16193,17246,930.6812040354517,276.12649915142373,1042.5,670.4
16194,17246,930.6812040354517,276.12649915142373,1042.5,670.4
16195,17246,930.6812040354517,276.12649915142373,1042.5,670.4
16196,17246,930.6812040354517,276.12649915142373,1042.5,670.4
16197,17246,930.6812040354517,276.12649915142373,1042.5,670.4
16198,17246,930.6812040354517,276.12649915142373,1042.5,670.4
16199,17246,930.6812040354517,276.12649915142373,1042.5,670.4
16200,17246,930.6812040354517,276.12649915142373,1042.5,670.4
16201,17246,930.6812040354517,276.12649915142373,1042.5,670.4
16202,17246,930.6812040354517,276.12649915142373,1042.5,670.4
16203,17246,930.6812040354517,276.12649915142373,1042.5,670.4
16204,17246,930.6812040354517,276.12649915142373,1042.5,670.4
16205,17246,930.6812040354517,276.12649915142373,1042.5,670.4
16206,17246,930.6812040354517,276.12649915142373,1042.5,670.4
16207,17246,930.6812040354517,276.12649915142373,1042.5,670.4
16208,17246,930.6812040354517,276.12649915142373,1042.5,670.4
16209,17246,930.6812040354517,276.12649915142373,1042.5,670.4
16210,17246,930.6812040354517,276.12649915142373,1042.5,670.4
16211,17246,930.6812040354517,276.12649915142373,1042.5,670.4
16212,17246,930.6812040354517,276.12649915142373,1042.5,670.4
16213,17246,930.6812040354517,276.12649915142373,1042.5,670.4
16214,17246,930.6812040354517,276.12649915142373,1042.5,670.4
16215,17246,930.6812040354517,276.12649915142373,1042.5,670.4
16216,17246,930.6812040354517,276.12649915142373,1042.5,670.4
16217,17246,930.6812040354517,276.12649915142373,1042.5,670.4
16218,17246,930.6812040354517,276.12649915142373,1042.5,670.4
16219,17246,930.6812040354517,276.12649915142373,1042.5,670.4
16220,17246,930.6812040354517,276.12649915142373,1042.5,670.4
16221,17246,930.6812040354517,276.12649915142373,1042.5,670.4
16222,17246,930.6812040354517,276.12649915142373,1042.5,670.4
16223,17246,755.6812040354517,500.12649915142373,1042.5,670.4
16224,17246,755.6812040354517,500.12649915142373,1042.5,670.4
16225,17246,755.6812040354517,500.12649915142373,1042.5,670.4
16226,17246,755.6812040354517,500.12649915142373,1042.5,670.4
16227,17246,755.6812040354517,500.12649915142373,1042.5,670.4
16228,17246,755.6812040354517,500.12649915142373,1042.5,670.4
16229,17246,755.6812040354517,500.12649915142373,1042.5,670.4
16230,17246,755.6812040354517,500.12649915142373,1042.5,670.4
16231,17246,755.6812040354517,500.12649915142373,1042.5,670.4
16232,17246,755.6812040354517,500.12649915142373,1042.5,670.4
16233,17246,755.6812040354517,500.12649915142373,1042.5,670.4
16234,17246,755.6812040354517,500.12649915142373,1042.5,670.4
16235,17246,755.6812040354517,500.12649915142373,1042.5,670.4
16236,17246,755.6812040354517,500.12649915142373,1042.5,670.4
16237,17246,755.6812040354517,500.12649915142373,1042.5,670.4
16238,17246,755.6812040354517,500.12649915142373,1042.5,670.4
16239,17246,755.6812040354517,500.12649915142373,1042.5,670.4
16240,17246,755.6812040354517,500.12649915142373,1042.5,670.4
16241,17246,755.6812040354517,500.12649915142373,1042.5,670.4
16242,17246,755.6812040354517,500.12649915142373,1042.5,670.4
16243,17246,755.6812040354517,500.12649915142373,1042.5,670.4
16244,17246,755.6812040354517,500.12649915142373,1042.5,670.4
16245,17246,755.6812040354517,500.12649915142373,1042.5,670.4
16246,17246,755.6812040354517,500.12649915142373,1042.5,670.4
16247,17246,755.6812040354517,500.12649915142373,1042.5,670.4
16248,17246,755.6812040354517,500.12649915142373,1042.5,670.4
16249,17246,755.6812040354517,500.12649915142373,1042.5,670.4
16250,17246,755.6812040354517,500.12649915142373,1042.5,670.4
16251,17246,755.6812040354517,500.12649915142373,1042.5,670.4
16252,17246,755.6812040354517,500.12649915142373,1042.5,670.4
16253,17246,755.6812040354517,500.12649915142373,1042.5,670.4
16254,17246,755.6812040354517,500.12649915142373,1042.5,670.4
16255,17246,755.6812040354517,500.12649915142373,1042.5,670.4
16256,17246,581.6812040354517,724.1264991514238,1042.5,670.4
16257,17246,581.6812040354517,724.1264991514238,1042.5,670.4
16258,17246,581.6812040354517,724.1264991514238,1042.5,670.4
16259,17246,581.6812040354517,724.1264991514238,1042.5,670.4
16260,17246,581.6812040354517,724.1264991514238,1042.5,670.4
16261,17246,581.6812040354517,724.1264991514238,1042.5,670.4
16262,17246,581.6812040354517,724.1264991514238,1042.5,670.4
16263,17246,581.6812040354517,724.1264991514238,1042.5,670.4
16264,17246,581.6812040354517,724.1264991514238,1042.5,670.4
16265,17246,581.6812040354517,724.1264991514238,1042.5,670.4
16266,17246,581.6812040354517,724.1264991514238,1042.5,670.4
16267,17246,581.6812040354517,724.1264991514238,1042.5,670.4
16268,17246,581.6812040354517,724.1264991514238,1042.5,670.4
16269,17246,581.6812040354517,724.1264991514238,1042.5,670.4
16270,17246,581.6812040354517,724.1264991514238,1036.23,667.24
16271,17246,581.6812040354517,724.1264991514238,1029.96,664.0799999999999
16272,17246,581.6812040354517,724.1264991514238,1023.6899999999999,660.92
16273,17246,581.6812040354517,724.1264991514238,1017.42,657.76
16274,17246,581.6812040354517,724.1264991514238,1011.15,654.5999999999999
16275,17246,581.6812040354517,724.1264991514238,1004.88,651.4399999999999
16276,17246,581.6812040354517,724.1264991514238,998.61,648.28
16277,17246,581.6812040354517,724.1264991514238,992.3399999999999,645.12
16278,17246,581.6812040354517,724.1264991514238,986.0699999999999,641.9599999999999
16279,17246,581.6812040354517,724.1264991514238,979.8,638.8
16280,17246,581.6812040354517,724.1264991514238,979.8,638.8
16281,17246,581.6812040354517,724.1264991514238,979.8,638.8
16282,17246,581.6812040354517,724.1264991514238,979.8,638.8
16283,17246,581.6812040354517,724.1264991514238,979.8,638.8
16284,17246,581.6812040354517,724.1264991514238,979.8,638.8
16285,17246,581.6812040354517,724.1264991514238,979.8,638.8
16286,17246,581.6812040354517,724.1264991514238,979.8,638.8
16287,17246,581.6812040354517,724.1264991514238,979.8,638.8
16288,17246,581.6812040354517,724.1264991514238,979.8,638.8
16289,17246,581.6812040354517,724.1264991514238,979.8,638.8
16290,17246,581.6812040354517,724.1264991514238,979.8,638.8
16291,17246,581.6812040354517,724.1264991514238,979.8,638.8
16292,17246,581.6812040354517,724.1264991514238,979.8,638.8
16293,17246,581.6812040354517,724.1264991514238,979.8,638.8
16294,17246,581.6812040354517,724.1264991514238,979.8,638.8
16295,17246,581.6812040354517,724.1264991514238,979.8,638.8
16296,17246,581.6812040354517,724.1264991514238,979.8,638.8
16297,17246,581.6812040354517,724.1264991514238,979.8,638.8
16298,17246,581.6812040354517,724.1264991514238,979.8,638.8
16299,17246,581.6812040354517,724.1264991514238,979.8,638.8
16300,17246,581.6812040354517,724.1264991514238,979.8,638.8
16301,17246,581.6812040354517,724.1264991514238,979.8,638.8
16302,17246,581.6812040354517,724.1264991514238,979.8,638.8
16303,17246,581.6812040354517,724.1264991514238,979.8,638.8
16304,17246,581.6812040354517,724.1264991514238,979.8,638.8
16305,17246,581.6812040354517,724.1264991514238,979.8,638.8
16306,17246,581.6812040354517,724.1264991514238,979.8,638.8
16307,17246,581.6812040354517,724.1264991514238,979.8,638.8
16308,17246,581.6812040354517,724.1264991514238,979.8,638.8
16309,17246,581.6812040354517,724.1264991514238,979.8,638.8
16310,17246,581.6812040354517,724.1264991514238,979.8,638.8
16311,17246,581.6812040354517,724.1264991514238,979.8,638.8
16312,17246,581.6812040354517,724.1264991514238,979.8,638.8
16313,17246,581.6812040354517,724.1264991514238,979.8,638.8
16314,17246,581.6812040354517,724.1264991514238,979.8,638.8
16315,17246,581.6812040354517,724.1264991514238,979.8,638.8
16316,17246,581.6812040354517,724.1264991514238,979.8,638.8
16317,17246,581.6812040354517,724.1264991514238,979.8,638.8
16318,17246,581.6812040354517,724.1264991514238,979.8,638.8
16319,17246,581.6812040354517,724.1264991514238,979.8,638.8
16320,17246,581.6812040354517,724.1264991514238,979.8,638.8
16321,17246,581.6812040354517,724.1264991514238,979.8,638.8
16322,17246,581.6812040354517,724.1264991514238,979.8,638.8
16323,17246,581.6812040354517,724.1264991514238,979.8,638.8
16324,17246,581.6812040354517,724.1264991514238,979.8,638.8
16325,17246,581.6812040354517,724.1264991514238,979.8,638.8
16326,17246,581.6812040354517,724.1264991514238,979.8,638.8
16327,17246,581.6812040354517,724.1264991514238,979.8,638.8
16328,17246,581.6812040354517,724.1264991514238,979.8,638.8
16329,17246,581.6812040354517,724.1264991514238,979.8,638.8
16330,17246,581.6812040354517,724.1264991514238,979.8,638.8
16331,17246,581.6812040354517,724.1264991514238,979.8,638.8
16332,17246,581.6812040354517,724.1264991514238,979.8,638.8
16333,17246,581.6812040354517,724.1264991514238,979.8,638.8
16334,17246,581.6812040354517,724.1264991514238,979.8,638.8
16335,17246,581.6812040354517,724.1264991514238,979.8,638.8
16336,17246,581.6812040354517,724.1264991514238,979.8,638.8
16337,17246,581.6812040354517,724.1264991514238,979.8,638.8
16338,17246,581.6812040354517,724.1264991514238,979.8,638.8
16339,17246,581.6812040354517,724.1264991514238,979.8,638.8
16340,17246,581.6812040354517,724.1264991514238,979.8,638.8
16341,17246,581.6812040354517,724.1264991514238,979.8,638.8
16342,17246,581.6812040354517,724.1264991514238,979.8,638.8
16343,17246,581.6812040354517,724.1264991514238,979.8,638.8
16344,17246,581.6812040354517,724.1264991514238,979.8,638.8
16345,17246,581.6812040354517,724.1264991514238,979.8,638.8
16346,17246,581.6812040354517,724.1264991514238,979.8,638.8
16347,17246,581.6812040354517,724.1264991514238,979.8,638.8
16348,17246,581.6812040354517,724.1264991514238,979.8,638.8
16349,17246,581.6812040354517,724.1264991514238,979.8,638.8
16350,17246,581.6812040354517,724.1264991514238,979.8,638.8
16351,17246,581.6812040354517,724.1264991514238,979.8,638.8
16352,17246,581.6812040354517,724.1264991514238,979.8,638.8
16353,17246,581.6812040354517,724.1264991514238,979.8,638.8
16354,17246,581.6812040354517,724.1264991514238,979.8,638.8
16355,17246,581.6812040354517,724.1264991514238,979.8,638.8
16356,17246,581.6812040354517,724.1264991514238,979.8,638.8
16357,17246,581.6812040354517,724.1264991514238,979.8,638.8
16358,17246,581.6812040354517,724.1264991514238,979.8,638.8
16359,17246,581.6812040354517,724.1264991514238,979.8,638.8
16360,17246,581.6812040354517,724.1264991514238,979.8,638.8
16361,17246,581.6812040354517,724.1264991514238,979.8,638.8
16362,17246,581.6812040354517,724.1264991514238,979.8,638.8
16363,17246,581.6812040354517,724.1264991514238,979.8,638.8
16364,17246,581.6812040354517,724.1264991514238,979.8,638.8
16365,17246,581.6812040354517,724.1264991514238,979.8,638.8
16366,17246,581.6812040354517,724.1264991514238,979.8,638.8
16367,17246,581.6812040354517,724.1264991514238,979.8,638.8
16368,17246,581.6812040354517,724.1264991514238,979.8,638.8
16369,17246,581.6812040354517,724.1264991514238,979.8,638.8
16370,17246,581.6812040354517,724.1264991514238,979.8,638.8
16371,17246,581.6812040354517,724.1264991514238,979.8,638.8
16372,17246,581.6812040354517,724.1264991514238,979.8,638.8
16373,17246,581.6812040354517,724.1264991514238,979.8,638.8
16374,17246,581.6812040354517,724.1264991514238,979.8,638.8
16375,17246,581.6812040354517,724.1264991514238,979.8,638.8
16376,17246,581.6812040354517,724.1264991514238,979.8,638.8
16377,17246,581.6812040354517,724.1264991514238,979.8,638.8
16378,17246,581.6812040354517,724.1264991514238,979.8,638.8
16379,17246,581.6812040354517,724.1264991514238,979.8,638.8
16380,17246,581.6812040354517,724.1264991514238,979.8,638.8
16381,17246,581.6812040354517,724.1264991514238,979.8,638.8
16382,17246,581.6812040354517,724.1264991514238,979.8,638.8
16383,17246,581.6812040354517,724.1264991514238,979.8,638.8
16384,17246,581.6812040354517,724.1264991514238,979.8,638.8
16385,17246,581.6812040354517,724.1264991514238,979.8,638.8
16386,17246,581.6812040354517,724.1264991514238,979.8,638.8
16387,17246,581.6812040354517,724.1264991514238,979.8,638.8
16388,17246,581.6812040354517,724.1264991514238,979.8,638.8
16389,17246,581.6812040354517,724.1264991514238,979.8,638.8
16390,17246,581.6812040354517,724.1264991514238,979.8,638.8
16391,17246,581.6812040354517,724.1264991514238,979.8,638.8
16392,17246,581.6812040354517,724.1264991514238,979.8,638.8
16393,17246,581.6812040354517,724.1264991514238,979.8,638.8
16394,17246,581.6812040354517,724.1264991514238,979.8,638.8
16395,17246,581.6812040354517,724.1264991514238,979.8,638.8
16396,17246,581.6812040354517,724.1264991514238,979.8,638.8
16397,17246,581.6812040354517,724.1264991514238,979.8,638.8
16398,17246,581.6812040354517,724.1264991514238,979.8,638.8
16399,17246,581.6812040354517,724.1264991514238,979.8,638.8
16400,17246,581.6812040354517,724.1264991514238,979.8,638.8
16401,17246,581.6812040354517,724.1264991514238,979.8,638.8
16402,17246,581.6812040354517,724.1264991514238,979.8,638.8
16403,17246,581.6812040354517,724.1264991514238,979.8,638.8
16404,17246,581.6812040354517,724.1264991514238,979.8,638.8
16405,17246,581.6812040354517,724.1264991514238,979.8,638.8
16406,17246,581.6812040354517,724.1264991514238,979.8,638.8
16407,17246,581.6812040354517,724.1264991514238,979.8,638.8
16408,17246,581.6812040354517,724.1264991514238,979.8,638.8
16409,17246,581.6812040354517,724.1264991514238,979.8,638.8
16410,17246,581.6812040354517,724.1264991514238,979.8,638.8
16411,17246,581.6812040354517,724.1264991514238,979.8,638.8
16412,17246,581.6812040354517,724.1264991514238,979.8,638.8
16413,17246,581.6812040354517,724.1264991514238,979.8,638.8
16414,17246,581.6812040354517,724.1264991514238,979.8,638.8
16415,17246,581.6812040354517,724.1264991514238,979.8,638.8
16416,17246,581.6812040354517,724.1264991514238,979.8,638.8
16417,17246,581.6812040354517,724.1264991514238,979.8,638.8
16418,17246,581.6812040354517,724.1264991514238,979.8,638.8
16419,17246,581.6812040354517,724.1264991514238,979.8,638.8
16420,17246,581.6812040354517,724.1264991514238,979.8,638.8
16421,17246,581.6812040354517,724.1264991514238,979.8,638.8
16422,17246,581.6812040354517,724.1264991514238,979.8,638.8
16423,17246,581.6812040354517,724.1264991514238,979.8,638.8
16424,17246,581.6812040354517,724.1264991514238,979.8,638.8
16425,17246,581.6812040354517,724.1264991514238,979.8,638.8
16426,17246,581.6812040354517,724.1264991514238,979.8,638.8
16427,17246,581.6812040354517,724.1264991514238,979.8,638.8
16428,17246,581.6812040354517,724.1264991514238,979.8,638.8
16429,17246,581.6812040354517,724.1264991514238,979.8,638.8
16430,17246,581.6812040354517,724.1264991514238,979.8,638.8
16431,17246,581.6812040354517,724.1264991514238,979.8,638.8
16432,17246,581.6812040354517,724.1264991514238,979.8,638.8
16433,17246,581.6812040354517,724.1264991514238,979.8,638.8
16434,17246,581.6812040354517,724.1264991514238,979.8,638.8
16435,17246,581.6812040354517,724.1264991514238,979.8,638.8
16436,17246,581.6812040354517,724.1264991514238,979.8,638.8
16437,17246,581.6812040354517,724.1264991514238,979.8,638.8
16438,17246,581.6812040354517,724.1264991514238,979.8,638.8
16439,17246,581.6812040354517,724.1264991514238,979.8,638.8
16440,17246,581.6812040354517,724.1264991514238,979.8,638.8
16441,17246,581.6812040354517,724.1264991514238,979.8,638.8
16442,17246,581.6812040354517,724.1264991514238,979.8,638.8
16443,17246,581.6812040354517,724.1264991514238,979.8,638.8
16444,17246,581.6812040354517,724.1264991514238,979.8,638.8
16445,17246,581.6812040354517,724.1264991514238,979.8,638.8
16446,17246,581.6812040354517,724.1264991514238,979.8,638.8
16447,17246,581.6812040354517,724.1264991514238,979.8,638.8
16448,17246,581.6812040354517,724.1264991514238,979.8,638.8
16449,17246,581.6812040354517,724.1264991514238,979.8,638.8
16450,17246,581.6812040354517,724.1264991514238,979.8,638.8
16451,17246,581.6812040354517,724.1264991514238,979.8,638.8
16452,17246,581.6812040354517,724.1264991514238,979.8,638.8
16453,17246,581.6812040354517,724.1264991514238,979.8,638.8
16454,17246,581.6812040354517,724.1264991514238,979.8,638.8
16455,17246,581.6812040354517,724.1264991514238,979.8,638.8
16456,17246,581.6812040354517,724.1264991514238,979.8,638.8
16457,17246,581.6812040354517,724.1264991514238,979.8,638.8
16458,17246,581.6812040354517,724.1264991514238,979.8,638.8
16459,17246,581.6812040354517,724.1264991514238,979.8,638.8
16460,17246,581.6812040354517,724.1264991514238,979.8,638.8
16461,17246,581.6812040354517,724.1264991514238,979.8,638.8
16462,17246,581.6812040354517,724.1264991514238,979.8,638.8
16463,17246,581.6812040354517,724.1264991514238,979.8,638.8
16464,17246,581.6812040354517,724.1264991514238,979.8,638.8
16465,17246,581.6812040354517,724.1264991514238,979.8,638.8
16466,17246,581.6812040354517,724.1264991514238,979.8,638.8
16467,17246,581.6812040354517,724.1264991514238,979.8,638.8
16468,17246,581.6812040354517,724.1264991514238,979.8,638.8
16469,17246,581.6812040354517,724.1264991514238,979.8,638.8
16470,17246,581.6812040354517,724.1264991514238,979.8,638.8
16471,17246,581.6812040354517,724.1264991514238,979.8,638.8
16472,17246,581.6812040354517,724.1264991514238,979.8,638.8
16473,17246,581.6812040354517,724.1264991514238,979.8,638.8
16474,17246,581.6812040354517,724.1264991514238,979.8,638.8
16475,17246,581.6812040354517,724.1264991514238,979.8,638.8
16476,17246,581.6812040354517,724.1264991514238,979.8,638.8
16477,17246,581.6812040354517,724.1264991514238,979.8,638.8
16478,17246,581.6812040354517,724.1264991514238,979.8,638.8
16479,17246,581.6812040354517,724.1264991514238,979.8,638.8
16480,17246,581.6812040354517,724.1264991514238,979.8,638.8
16481,17246,581.6812040354517,724.1264991514238,979.8,638.8
16482,17246,581.6812040354517,724.1264991514238,979.8,638.8
16483,17246,581.6812040354517,724.1264991514238,979.8,638.8
16484,17246,581.6812040354517,724.1264991514238,979.8,638.8
16485,17246,581.6812040354517,724.1264991514238,979.8,638.8
16486,17246,581.6812040354517,724.1264991514238,979.8,638.8
16487,17246,581.6812040354517,724.1264991514238,979.8,638.8
16488,17246,581.6812040354517,724.1264991514238,979.8,638.8
16489,17246,581.6812040354517,724.1264991514238,979.8,638.8
16490,17246,581.6812040354517,724.1264991514238,979.8,638.8
16491,17246,581.6812040354517,724.1264991514238,979.8,638.8
16492,17246,581.6812040354517,724.1264991514238,979.8,638.8
16493,17246,581.6812040354517,724.1264991514238,979.8,638.8
16494,17246,581.6812040354517,724.1264991514238,979.8,638.8
16495,17246,581.6812040354517,724.1264991514238,979.8,638.8
16496,17246,581.6812040354517,724.1264991514238,979.8,638.8
16497,17246,581.6812040354517,724.1264991514238,979.8,638.8
16498,17246,581.6812040354517,724.1264991514238,979.8,638.8
16499,17246,581.6812040354517,724.1264991514238,979.8,638.8
16500,17246,581.6812040354517,724.1264991514238,979.8,638.8
16501,17246,581.6812040354517,724.1264991514238,979.8,638.8
16502,17246,581.6812040354517,724.1264991514238,979.8,638.8
16503,17246,581.6812040354517,724.1264991514238,979.8,638.8
16504,17246,581.6812040354517,724.1264991514238,979.8,638.8
16505,17246,581.6812040354517,724.1264991514238,979.8,638.8
16506,17246,581.6812040354517,724.1264991514238,979.8,638.8
16507,17246,581.6812040354517,724.1264991514238,979.8,638.8
16508,17246,581.6812040354517,724.1264991514238,979.8,638.8
16509,17246,581.6812040354517,724.1264991514238,979.8,638.8
16510,17246,581.6812040354517,724.1264991514238,979.8,638.8
16511,17246,581.6812040354517,724.1264991514238,979.8,638.8
16512,17246,581.6812040354517,724.1264991514238,979.8,638.8
16513,17246,581.6812040354517,724.1264991514238,979.8,638.8
16514,17246,581.6812040354517,724.1264991514238,979.8,638.8
16515,17246,581.6812040354517,724.1264991514238,979.8,638.8
16516,17246,581.6812040354517,724.1264991514238,979.8,638.8
16517,17246,581.6812040354517,724.1264991514238,979.8,638.8
16518,17246,581.6812040354517,724.1264991514238,979.8,638.8
16519,17246,581.6812040354517,724.1264991514238,979.8,638.8
16520,17246,581.6812040354517,724.1264991514238,979.8,638.8
16521,17246,581.6812040354517,724.1264991514238,979.8,638.8
16522,17246,581.6812040354517,724.1264991514238,979.8,638.8
16523,17246,581.6812040354517,724.1264991514238,979.8,638.8
16524,17246,581.6812040354517,724.1264991514238,979.8,638.8
16525,17246,581.6812040354517,724.1264991514238,979.8,638.8
16526,17246,581.6812040354517,724.1264991514238,979.8,638.8
16527,17246,581.6812040354517,724.1264991514238,979.8,638.8
16528,17246,581.6812040354517,724.1264991514238,979.8,638.8
16529,17246,581.6812040354517,724.1264991514238,979.8,638.8
16530,17246,581.6812040354517,724.1264991514238,979.8,638.8
16531,17246,581.6812040354517,724.1264991514238,979.8,638.8
16532,17246,581.6812040354517,724.1264991514238,979.8,638.8
16533,17246,581.6812040354517,724.1264991514238,979.8,638.8
16534,17246,581.6812040354517,724.1264991514238,979.8,638.8
16535,17246,581.6812040354517,724.1264991514238,979.8,638.8
16536,17246,581.6812040354517,724.1264991514238,979.8,638.8
16537,17246,581.6812040354517,724.1264991514238,979.8,638.8
16538,17246,581.6812040354517,724.1264991514238,979.8,638.8
16539,17246,581.6812040354517,724.1264991514238,979.8,638.8
16540,17246,581.6812040354517,724.1264991514238,979.8,638.8
16541,17246,581.6812040354517,724.1264991514238,979.8,638.8
16542,17246,581.6812040354517,724.1264991514238,979.8,638.8
16543,17246,581.6812040354517,724.1264991514238,979.8,638.8
16544,17246,581.6812040354517,724.1264991514238,979.8,638.8
16545,17246,581.6812040354517,724.1264991514238,979.8,638.8
16546,17246,581.6812040354517,724.1264991514238,979.8,638.8
16547,17246,581.6812040354517,724.1264991514238,979.8,638.8
16548,17246,581.6812040354517,724.1264991514238,979.8,638.8
16549,17246,581.6812040354517,724.1264991514238,979.8,638.8
16550,17246,581.6812040354517,724.1264991514238,979.8,638.8
16551,17246,581.6812040354517,724.1264991514238,979.8,638.8
16552,17246,581.6812040354517,724.1264991514238,979.8,638.8
16553,17246,581.6812040354517,724.1264991514238,979.8,638.8
16554,17246,581.6812040354517,724.1264991514238,979.8,638.8
16555,17246,581.6812040354517,724.1264991514238,979.8,638.8
16556,17246,601.6812040354517,706.1264991514238,979.8,638.8
16557,17246,601.6812040354517,706.1264991514238,979.8,638.8
16558,17246,601.6812040354517,706.1264991514238,979.8,638.8
16559,17246,601.6812040354517,706.1264991514238,979.8,638.8
16560,17246,601.6812040354517,706.1264991514238,979.8,638.8
16561,17246,601.6812040354517,706.1264991514238,979.8,638.8
16562,17246,601.6812040354517,706.1264991514238,979.8,638.8
16563,17246,601.6812040354517,706.1264991514238,979.8,638.8
16564,17246,601.6812040354517,706.1264991514238,979.8,638.8
16565,17246,601.6812040354517,706.1264991514238,979.8,638.8
16566,17246,601.6812040354517,706.1264991514238,979.8,638.8
16567,17246,601.6812040354517,706.1264991514238,979.8,638.8
16568,17246,601.6812040354517,706.1264991514238,979.8,638.8
16569,17246,601.6812040354517,706.1264991514238,979.8,638.8
16570,17246,601.6812040354517,706.1264991514238,979.8,638.8
16571,17246,601.6812040354517,706.1264991514238,979.8,638.8
16572,17246,601.6812040354517,706.1264991514238,979.8,638.8
16573,17246,601.6812040354517,706.1264991514238,979.8,638.8
16574,17246,601.6812040354517,706.1264991514238,979.8,638.8
16575,17246,601.6812040354517,706.1264991514238,979.8,638.8
16576,17246,601.6812040354517,706.1264991514238,979.8,638.8
16577,17246,601.6812040354517,706.1264991514238,979.8,638.8
16578,17246,601.6812040354517,706.1264991514238,979.8,638.8
16579,17246,601.6812040354517,706.1264991514238,979.8,638.8
16580,17246,601.6812040354517,706.1264991514238,979.8,638.8
16581,17246,601.6812040354517,706.1264991514238,979.8,638.8
16582,17246,601.6812040354517,706.1264991514238,979.8,638.8
16583,17246,601.6812040354517,706.1264991514238,979.8,638.8
16584,17246,601.6812040354517,706.1264991514238,979.8,638.8
16585,17246,601.6812040354517,706.1264991514238,979.8,638.8
16586,17246,601.6812040354517,706.1264991514238,979.8,638.8
16587,17246,601.6812040354517,706.1264991514238,979.8,638.8
16588,17246,601.6812040354517,706.1264991514238,979.8,638.8
16589,17246,601.6812040354517,706.1264991514238,979.8,638.8
16590,17246,621.6812040354517,689.1264991514238,979.8,638.8
16591,17246,621.6812040354517,689.1264991514238,979.8,638.8
16592,17246,621.6812040354517,689.1264991514238,979.8,638.8
16593,17246,621.6812040354517,689.1264991514238,979.8,638.8
16594,17246,621.6812040354517,689.1264991514238,979.8,638.8
16595,17246,621.6812040354517,689.1264991514238,979.8,638.8
16596,17246,621.6812040354517,689.1264991514238,979.8,638.8
16597,17246,621.6812040354517,689.1264991514238,979.8,638.8
16598,17246,621.6812040354517,689.1264991514238,979.8,638.8
16599,17246,621.6812040354517,689.1264991514238,979.8,638.8
16600,17246,621.6812040354517,689.1264991514238,979.8,638.8
16601,17246,621.6812040354517,689.1264991514238,979.8,638.8
16602,17246,621.6812040354517,689.1264991514238,979.8,638.8
16603,17246,621.6812040354517,689.1264991514238,979.8,638.8
16604,17246,621.6812040354517,689.1264991514238,979.8,638.8
16605,17246,621.6812040354517,689.1264991514238,979.8,638.8
16606,17246,621.6812040354517,689.1264991514238,979.8,638.8
16607,17246,621.6812040354517,689.1264991514238,979.8,638.8
16608,17246,621.6812040354517,689.1264991514238,979.8,638.8
16609,17246,621.6812040354517,689.1264991514238,979.8,638.8
16610,17246,621.6812040354517,689.1264991514238,979.8,638.8
16611,17246,621.6812040354517,689.1264991514238,979.8,638.8
16612,17246,621.6812040354517,689.1264991514238,979.8,638.8
16613,17246,621.6812040354517,689.1264991514238,979.8,638.8
16614,17246,621.6812040354517,689.1264991514238,979.8,638.8
16615,17246,621.6812040354517,689.1264991514238,979.8,638.8
16616,17246,621.6812040354517,689.1264991514238,979.8,638.8
16617,17246,621.6812040354517,689.1264991514238,979.8,638.8
16618,17246,621.6812040354517,689.1264991514238,979.8,638.8
16619,17246,621.6812040354517,689.1264991514238,979.8,638.8
16620,17246,621.6812040354517,689.1264991514238,979.8,638.8
16621,17246,621.6812040354517,689.1264991514238,979.8,638.8
16622,17246,621.6812040354517,689.1264991514238,979.8,638.8
16623,17246,642.6812040354517,672.1264991514238,979.8,638.8
16624,17246,642.6812040354517,672.1264991514238,979.8,638.8
16625,17246,642.6812040354517,672.1264991514238,979.8,638.8
16626,17246,642.6812040354517,672.1264991514238,979.8,638.8
16627,17246,642.6812040354517,672.1264991514238,979.8,638.8
16628,17246,642.6812040354517,672.1264991514238,979.8,638.8
16629,17246,642.6812040354517,672.1264991514238,979.8,638.8
16630,17246,642.6812040354517,672.1264991514238,979.8,638.8
16631,17246,642.6812040354517,672.1264991514238,979.8,638.8
16632,17246,642.6812040354517,672.1264991514238,979.8,638.8
16633,17246,642.6812040354517,672.1264991514238,979.8,638.8
16634,17246,642.6812040354517,672.1264991514238,979.8,638.8
16635,17246,642.6812040354517,672.1264991514238,979.8,638.8
16636,17246,642.6812040354517,672.1264991514238,979.8,638.8
16637,17246,642.6812040354517,672.1264991514238,979.8,638.8
16638,17246,642.6812040354517,672.1264991514238,979.8,638.8
16639,17246,642.6812040354517,672.1264991514238,979.8,638.8
16640,17246,642.6812040354517,672.1264991514238,979.8,638.8
16641,17246,642.6812040354517,672.1264991514238,979.8,638.8
16642,17246,642.6812040354517,672.1264991514238,979.8,638.8
16643,17246,642.6812040354517,672.1264991514238,979.8,638.8
16644,17246,642.6812040354517,672.1264991514238,979.8,638.8
16645,17246,642.6812040354517,672.1264991514238,979.8,638.8
16646,17246,642.6812040354517,672.1264991514238,979.8,638.8
16647,17246,642.6812040354517,672.1264991514238,979.8,638.8
16648,17246,642.6812040354517,672.1264991514238,979.8,638.8
16649,17246,642.6812040354517,672.1264991514238,979.8,638.8
16650,17246,642.6812040354517,672.1264991514238,979.8,638.8
16651,17246,642.6812040354517,672.1264991514238,979.8,638.8
16652,17246,642.6812040354517,672.1264991514238,979.8,638.8
16653,17246,642.6812040354517,672.1264991514238,979.8,638.8
16654,17246,642.6812040354517,672.1264991514238,979.8,638.8
16655,17246,642.6812040354517,672.1264991514238,979.8,638.8
16656,17246,642.6812040354517,672.1264991514238,979.8,638.8
16657,17246,663.6812040354517,655.1264991514238,979.8,638.8
16658,17246,663.6812040354517,655.1264991514238,979.8,638.8
16659,17246,663.6812040354517,655.1264991514238,979.8,638.8
16660,17246,663.6812040354517,655.1264991514238,979.8,638.8
16661,17246,663.6812040354517,655.1264991514238,979.8,638.8
16662,17246,663.6812040354517,655.1264991514238,979.8,638.8
16663,17246,663.6812040354517,655.1264991514238,979.8,638.8
16664,17246,663.6812040354517,655.1264991514238,979.8,638.8
16665,17246,663.6812040354517,655.1264991514238,979.8,638.8
16666,17246,663.6812040354517,655.1264991514238,979.8,638.8
16667,17246,663.6812040354517,655.1264991514238,979.8,638.8
16668,17246,663.6812040354517,655.1264991514238,979.8,638.8
16669,17246,663.6812040354517,655.1264991514238,979.8,638.8
16670,17246,663.6812040354517,655.1264991514238,979.8,638.8
16671,17246,663.6812040354517,655.1264991514238,979.8,638.8
16672,17246,663.6812040354517,655.1264991514238,979.8,638.8
16673,17246,663.6812040354517,655.1264991514238,979.8,638.8
16674,17246,663.6812040354517,655.1264991514238,979.8,638.8
16675,17246,663.6812040354517,655.1264991514238,979.8,638.8
16676,17246,663.6812040354517,655.1264991514238,979.8,638.8
16677,17246,663.6812040354517,655.1264991514238,979.8,638.8
16678,17246,663.6812040354517,655.1264991514238,979.8,638.8
16679,17246,663.6812040354517,655.1264991514238,979.8,638.8
16680,17246,663.6812040354517,655.1264991514238,979.8,638.8
16681,17246,663.6812040354517,655.1264991514238,979.8,638.8
16682,17246,663.6812040354517,655.1264991514238,979.8,638.8
16683,17246,663.6812040354517,655.1264991514238,979.8,638.8
16684,17246,663.6812040354517,655.1264991514238,979.8,638.8
16685,17246,663.6812040354517,655.1264991514238,979.8,638.8
16686,17246,663.6812040354517,655.1264991514238,979.8,638.8
16687,17246,663.6812040354517,655.1264991514238,979.8,638.8
16688,17246,663.6812040354517,655.1264991514238,979.8,638.8
16689,17246,663.6812040354517,655.1264991514238,979.8,638.8
16690,17246,663.6812040354517,655.1264991514238,979.8,638.8
16691,17246,663.6812040354517,655.1264991514238,979.8,638.8
16692,17246,663.6812040354517,655.1264991514238,979.8,638.8
16693,17246,663.6812040354517,655.1264991514238,979.8,638.8
16694,17246,663.6812040354517,655.1264991514238,979.8,638.8
16695,17246,663.6812040354517,655.1264991514238,979.8,638.8
16696,17246,663.6812040354517,655.1264991514238,979.8,638.8
16697,17246,663.6812040354517,655.1264991514238,979.8,638.8
16698,17246,663.6812040354517,655.1264991514238,979.8,638.8
16699,17246,663.6812040354517,655.1264991514238,979.8,638.8
16700,17246,663.6812040354517,655.1264991514238,979.8,638.8
16701,17246,663.6812040354517,655.1264991514238,979.8,638.8
16702,17246,663.6812040354517,655.1264991514238,979.8,638.8
16703,17246,663.6812040354517,655.1264991514238,979.8,638.8
16704,17246,663.6812040354517,655.1264991514238,979.8,638.8
16705,17246,663.6812040354517,655.1264991514238,979.8,638.8
16706,17246,663.6812040354517,655.1264991514238,979.8,638.8
16707,17246,663.6812040354517,655.1264991514238,979.8,638.8
16708,17246,663.6812040354517,655.1264991514238,979.8,638.8
16709,17246,663.6812040354517,655.1264991514238,979.8,638.8
16710,17246,663.6812040354517,655.1264991514238,979.8,638.8
16711,17246,663.6812040354517,655.1264991514238,979.8,638.8
16712,17246,663.6812040354517,655.1264991514238,979.8,638.8
16713,17246,663.6812040354517,655.1264991514238,979.8,638.8
16714,17246,663.6812040354517,655.1264991514238,979.8,638.8
16715,17246,663.6812040354517,655.1264991514238,979.8,638.8
16716,17246,663.6812040354517,655.1264991514238,979.8,638.8
16717,17246,663.6812040354517,655.1264991514238,979.8,638.8
16718,17246,663.6812040354517,655.1264991514238,979.8,638.8
16719,17246,663.6812040354517,655.1264991514238,979.8,638.8
16720,17246,663.6812040354517,655.1264991514238,979.8,638.8
16721,17246,663.6812040354517,655.1264991514238,979.8,638.8
16722,17246,663.6812040354517,655.1264991514238,979.8,638.8
16723,17246,663.6812040354517,655.1264991514238,979.8,638.8
16724,17246,663.6812040354517,655.1264991514238,979.8,638.8
16725,17246,663.6812040354517,655.1264991514238,979.8,638.8
16726,17246,663.6812040354517,655.1264991514238,979.8,638.8
16727,17246,663.6812040354517,655.1264991514238,979.8,638.8
16728,17246,663.6812040354517,655.1264991514238,979.8,638.8
16729,17246,663.6812040354517,655.1264991514238,979.8,638.8
16730,17246,663.6812040354517,655.1264991514238,979.8,638.8
16731,17246,663.6812040354517,655.1264991514238,979.8,638.8
16732,17246,663.6812040354517,655.1264991514238,979.8,638.8
16733,17246,663.6812040354517,655.1264991514238,979.8,638.8
16734,17246,663.6812040354517,655.1264991514238,979.8,638.8
16735,17246,663.6812040354517,655.1264991514238,979.8,638.8
16736,17246,663.6812040354517,655.1264991514238,979.8,638.8
16737,17246,663.6812040354517,655.1264991514238,979.8,638.8
16738,17246,663.6812040354517,655.1264991514238,979.8,638.8
16739,17246,663.6812040354517,655.1264991514238,979.8,638.8
16740,17246,663.6812040354517,655.1264991514238,979.8,638.8
16741,17246,663.6812040354517,655.1264991514238,979.8,638.8
16742,17246,663.6812040354517,655.1264991514238,979.8,638.8
16743,17246,663.6812040354517,655.1264991514238,979.8,638.8
16744,17246,663.6812040354517,655.1264991514238,979.8,638.8
16745,17246,663.6812040354517,655.1264991514238,979.8,638.8
16746,17246,663.6812040354517,655.1264991514238,979.8,638.8
16747,17246,663.6812040354517,655.1264991514238,979.8,638.8
16748,17246,663.6812040354517,655.1264991514238,979.8,638.8
16749,17246,663.6812040354517,655.1264991514238,979.8,638.8
16750,17246,663.6812040354517,655.1264991514238,979.8,638.8
16751,17246,663.6812040354517,655.1264991514238,979.8,638.8
16752,17246,663.6812040354517,655.1264991514238,979.8,638.8
16753,17246,663.6812040354517,655.1264991514238,979.8,638.8
16754,17246,663.6812040354517,655.1264991514238,979.8,638.8
16755,17246,663.6812040354517,655.1264991514238,979.8,638.8
16756,17246,663.6812040354517,655.1264991514238,979.8,638.8
16757,17246,663.6812040354517,655.1264991514238,979.8,638.8
16758,17246,663.6812040354517,655.1264991514238,979.8,638.8
16759,17246,663.6812040354517,655.1264991514238,979.8,638.8
16760,17246,663.6812040354517,655.1264991514238,979.8,638.8
16761,17246,663.6812040354517,655.1264991514238,979.8,638.8
16762,17246,663.6812040354517,655.1264991514238,979.8,638.8
16763,17246,663.6812040354517,655.1264991514238,979.8,638.8
16764,17246,634.6812040354517,704.1264991514238,979.8,638.8
16765,17246,634.6812040354517,704.1264991514238,979.8,638.8
16766,17246,634.6812040354517,704.1264991514238,979.8,638.8
16767,17246,634.6812040354517,704.1264991514238,979.8,638.8
16768,17246,634.6812040354517,704.1264991514238,979.8,638.8
16769,17246,634.6812040354517,704.1264991514238,979.8,638.8
16770,17246,634.6812040354517,704.1264991514238,979.8,638.8
16771,17246,634.6812040354517,704.1264991514238,979.8,638.8
16772,17246,634.6812040354517,704.1264991514238,979.8,638.8
16773,17246,634.6812040354517,704.1264991514238,979.8,638.8
16774,17246,634.6812040354517,704.1264991514238,979.8,638.8
16775,17246,634.6812040354517,704.1264991514238,979.8,638.8
16776,17246,634.6812040354517,704.1264991514238,979.8,638.8
16777,17246,634.6812040354517,704.1264991514238,979.8,638.8
16778,17246,634.6812040354517,704.1264991514238,979.8,638.8
16779,17246,634.6812040354517,704.1264991514238,979.8,638.8
16780,17246,634.6812040354517,704.1264991514238,979.8,638.8
16781,17246,634.6812040354517,704.1264991514238,979.8,638.8
16782,17246,634.6812040354517,704.1264991514238,979.8,638.8
16783,17246,634.6812040354517,704.1264991514238,979.8,638.8
16784,17246,634.6812040354517,704.1264991514238,979.8,638.8
16785,17246,634.6812040354517,704.1264991514238,979.8,638.8
16786,17246,634.6812040354517,704.1264991514238,979.8,638.8
16787,17246,634.6812040354517,704.1264991514238,979.8,638.8
16788,17246,634.6812040354517,704.1264991514238,979.8,638.8
16789,17246,634.6812040354517,704.1264991514238,979.8,638.8
16790,17246,634.6812040354517,704.1264991514238,979.8,638.8
16791,17246,634.6812040354517,704.1264991514238,979.8,638.8
16792,17246,634.6812040354517,704.1264991514238,979.8,638.8
16793,17246,634.6812040354517,704.1264991514238,979.8,638.8
16794,17246,634.6812040354517,704.1264991514238,979.8,638.8
16795,17246,634.6812040354517,704.1264991514238,979.8,638.8
16796,17246,634.6812040354517,704.1264991514238,979.8,638.8
16797,17246,634.6812040354517,704.1264991514238,979.8,638.8
16798,17246,634.6812040354517,704.1264991514238,979.8,638.8
16799,17246,634.6812040354517,704.1264991514238,979.8,638.8
16800,17246,634.6812040354517,704.1264991514238,979.8,638.8
16801,17246,634.6812040354517,704.1264991514238,979.8,638.8
16802,17246,634.6812040354517,704.1264991514238,979.8,638.8
16803,17246,634.6812040354517,704.1264991514238,979.8,638.8
16804,17246,634.6812040354517,704.1264991514238,979.8,638.8
16805,17246,634.6812040354517,704.1264991514238,979.8,638.8
16806,17246,634.6812040354517,704.1264991514238,979.8,638.8
16807,17246,634.6812040354517,704.1264991514238,979.8,638.8
16808,17246,634.6812040354517,704.1264991514238,979.8,638.8
16809,17246,634.6812040354517,704.1264991514238,979.8,638.8
16810,17246,634.6812040354517,704.1264991514238,979.8,638.8
16811,17246,634.6812040354517,704.1264991514238,979.8,638.8
16812,17246,634.6812040354517,704.1264991514238,979.8,638.8
16813,17246,634.6812040354517,704.1264991514238,979.8,638.8
16814,17246,634.6812040354517,704.1264991514238,979.8,638.8
16815,17246,634.6812040354517,704.1264991514238,979.8,638.8
16816,17246,634.6812040354517,704.1264991514238,979.8,638.8
16817,17246,634.6812040354517,704.1264991514238,979.8,638.8
16818,17246,634.6812040354517,704.1264991514238,979.8,638.8
16819,17246,634.6812040354517,704.1264991514238,979.8,638.8
16820,17246,634.6812040354517,704.1264991514238,979.8,638.8
16821,17246,634.6812040354517,704.1264991514238,979.8,638.8
16822,17246,634.6812040354517,704.1264991514238,979.8,638.8
16823,17246,634.6812040354517,704.1264991514238,979.8,638.8
16824,17246,634.6812040354517,704.1264991514238,979.8,638.8
16825,17246,634.6812040354517,704.1264991514238,979.8,638.8
16826,17246,634.6812040354517,704.1264991514238,979.8,638.8
16827,17246,634.6812040354517,704.1264991514238,979.8,638.8
16828,17246,634.6812040354517,704.1264991514238,979.8,638.8
16829,17246,634.6812040354517,704.1264991514238,979.8,638.8
16830,17246,634.6812040354517,704.1264991514238,979.8,638.8
16831,17246,634.6812040354517,704.1264991514238,979.8,638.8
16832,17246,634.6812040354517,704.1264991514238,979.8,638.8
16833,17246,634.6812040354517,704.1264991514238,979.8,638.8
16834,17246,634.6812040354517,704.1264991514238,979.8,638.8
16835,17246,634.6812040354517,704.1264991514238,979.8,638.8
16836,17246,634.6812040354517,704.1264991514238,979.8,638.8
16837,17246,634.6812040354517,704.1264991514238,979.8,638.8
16838,17246,634.6812040354517,704.1264991514238,979.8,638.8
16839,17246,634.6812040354517,704.1264991514238,979.8,638.8
16840,17246,634.6812040354517,704.1264991514238,979.8,638.8
16841,17246,634.6812040354517,704.1264991514238,979.8,638.8
16842,17246,634.6812040354517,704.1264991514238,979.8,638.8
16843,17246,634.6812040354517,704.1264991514238,979.8,638.8
16844,17246,634.6812040354517,704.1264991514238,979.8,638.8
16845,17246,634.6812040354517,704.1264991514238,979.8,638.8
16846,17246,634.6812040354517,704.1264991514238,979.8,638.8
16847,17246,634.6812040354517,704.1264991514238,979.8,638.8
16848,17246,634.6812040354517,704.1264991514238,979.8,638.8
16849,17246,634.6812040354517,704.1264991514238,979.8,638.8
16850,17246,634.6812040354517,704.1264991514238,979.8,638.8
16851,17246,634.6812040354517,704.1264991514238,979.8,638.8
16852,17246,634.6812040354517,704.1264991514238,979.8,638.8
16853,17246,634.6812040354517,704.1264991514238,979.8,638.8
16854,17246,634.6812040354517,704.1264991514238,979.8,638.8
16855,17246,634.6812040354517,704.1264991514238,979.8,638.8
16856,17246,634.6812040354517,704.1264991514238,979.8,638.8
16857,17246,634.6812040354517,704.1264991514238,979.8,638.8
16858,17246,634.6812040354517,704.1264991514238,979.8,638.8
16859,17246,634.6812040354517,704.1264991514238,979.8,638.8
16860,17246,634.6812040354517,704.1264991514238,979.8,638.8
16861,17246,634.6812040354517,704.1264991514238,979.8,638.8
16862,17246,634.6812040354517,704.1264991514238,979.8,638.8
16863,17246,634.6812040354517,704.1264991514238,979.8,638.8
16864,17246,634.6812040354517,704.1264991514238,979.8,638.8
16865,17246,634.6812040354517,704.1264991514238,979.8,638.8
16866,17246,634.6812040354517,704.1264991514238,979.8,638.8
16867,17246,634.6812040354517,704.1264991514238,979.8,638.8
16868,17246,634.6812040354517,704.1264991514238,979.8,638.8
16869,17246,634.6812040354517,704.1264991514238,979.8,638.8
16870,17246,634.6812040354517,704.1264991514238,979.8,638.8
16871,17246,634.6812040354517,704.1264991514238,979.8,638.8
16872,17246,634.6812040354517,704.1264991514238,979.8,638.8
16873,17246,634.6812040354517,704.1264991514238,979.8,638.8
16874,17246,634.6812040354517,704.1264991514238,979.8,638.8
16875,17246,634.6812040354517,704.1264991514238,979.8,638.8
16876,17246,634.6812040354517,704.1264991514238,979.8,638.8
16877,17246,634.6812040354517,704.1264991514238,979.8,638.8
16878,17246,634.6812040354517,704.1264991514238,979.8,638.8
16879,17246,634.6812040354517,704.1264991514238,979.8,638.8
16880,17246,634.6812040354517,704.1264991514238,979.8,638.8
16881,17246,634.6812040354517,704.1264991514238,979.8,638.8
16882,17246,634.6812040354517,704.1264991514238,979.8,638.8
16883,17246,634.6812040354517,704.1264991514238,979.8,638.8
16884,17246,634.6812040354517,704.1264991514238,979.8,638.8
16885,17246,634.6812040354517,704.1264991514238,979.8,638.8
16886,17246,634.6812040354517,704.1264991514238,979.8,638.8
16887,17246,634.6812040354517,704.1264991514238,979.8,638.8
16888,17246,634.6812040354517,704.1264991514238,979.8,638.8
16889,17246,634.6812040354517,704.1264991514238,979.8,638.8
16890,17246,634.6812040354517,704.1264991514238,979.8,638.8
16891,17246,634.6812040354517,704.1264991514238,979.8,638.8
16892,17246,634.6812040354517,704.1264991514238,979.8,638.8
16893,17246,634.6812040354517,704.1264991514238,979.8,638.8
16894,17246,634.6812040354517,704.1264991514238,979.8,638.8
16895,17246,634.6812040354517,704.1264991514238,979.8,638.8
16896,17246,634.6812040354517,704.1264991514238,979.8,638.8
16897,17246,634.6812040354517,704.1264991514238,979.8,638.8
16898,17246,634.6812040354517,704.1264991514238,979.8,638.8
16899,17246,634.6812040354517,704.1264991514238,979.8,638.8
16900,17246,634.6812040354517,704.1264991514238,979.8,638.8
16901,17246,634.6812040354517,704.1264991514238,979.8,638.8
16902,17246,634.6812040354517,704.1264991514238,979.8,638.8
16903,17246,634.6812040354517,704.1264991514238,979.8,638.8
16904,17246,634.6812040354517,704.1264991514238,979.8,638.8
16905,17246,634.6812040354517,704.1264991514238,979.8,638.8
16906,17246,634.6812040354517,704.1264991514238,979.8,638.8
16907,17246,634.6812040354517,704.1264991514238,979.8,638.8
16908,17246,634.6812040354517,704.1264991514238,979.8,638.8
16909,17246,634.6812040354517,704.1264991514238,979.8,638.8
16910,17246,634.6812040354517,704.1264991514238,979.8,638.8
16911,17246,634.6812040354517,704.1264991514238,979.8,638.8
16912,17246,634.6812040354517,704.1264991514238,979.8,638.8
16913,17246,634.6812040354517,704.1264991514238,979.8,638.8
16914,17246,634.6812040354517,704.1264991514238,979.8,638.8
16915,17246,634.6812040354517,704.1264991514238,979.8,638.8
16916,17246,634.6812040354517,704.1264991514238,979.8,638.8
16917,17246,634.6812040354517,704.1264991514238,979.8,638.8
16918,17246,634.6812040354517,704.1264991514238,979.8,638.8
16919,17246,634.6812040354517,704.1264991514238,979.8,638.8
16920,17246,634.6812040354517,704.1264991514238,979.8,638.8
16921,17246,634.6812040354517,704.1264991514238,979.8,638.8
16922,17246,634.6812040354517,704.1264991514238,979.8,638.8
16923,17246,634.6812040354517,704.1264991514238,979.8,638.8
16924,17246,634.6812040354517,704.1264991514238,979.8,638.8
16925,17246,634.6812040354517,704.1264991514238,979.8,638.8
16926,17246,634.6812040354517,704.1264991514238,979.8,638.8
16927,17246,634.6812040354517,704.1264991514238,979.8,638.8
16928,17246,634.6812040354517,704.1264991514238,979.8,638.8
16929,17246,634.6812040354517,704.1264991514238,979.8,638.8
16930,17246,634.6812040354517,704.1264991514238,979.8,638.8
16931,17246,634.6812040354517,704.1264991514238,979.8,638.8
16932,17246,634.6812040354517,704.1264991514238,979.8,638.8
16933,17246,634.6812040354517,704.1264991514238,979.8,638.8
16934,17246,634.6812040354517,704.1264991514238,979.8,638.8
16935,17246,634.6812040354517,704.1264991514238,979.8,638.8
16936,17246,634.6812040354517,704.1264991514238,979.8,638.8
16937,17246,634.6812040354517,704.1264991514238,979.8,638.8
16938,17246,634.6812040354517,704.1264991514238,979.8,638.8
16939,17246,634.6812040354517,704.1264991514238,979.8,638.8
16940,17246,634.6812040354517,704.1264991514238,979.8,638.8
16941,17246,634.6812040354517,704.1264991514238,979.8,638.8
16942,17246,634.6812040354517,704.1264991514238,979.8,638.8
16943,17246,634.6812040354517,704.1264991514238,979.8,638.8
16944,17246,634.6812040354517,704.1264991514238,979.8,638.8
16945,17246,634.6812040354517,704.1264991514238,979.8,638.8
16946,17246,634.6812040354517,704.1264991514238,979.8,638.8
16947,17246,634.6812040354517,704.1264991514238,979.8,638.8
16948,17246,634.6812040354517,704.1264991514238,979.8,638.8
16949,17246,634.6812040354517,704.1264991514238,979.8,638.8
16950,17246,634.6812040354517,704.1264991514238,979.8,638.8
16951,17246,634.6812040354517,704.1264991514238,979.8,638.8
16952,17246,634.6812040354517,704.1264991514238,979.8,638.8
16953,17246,634.6812040354517,704.1264991514238,986.7727272727273,635.3090909090909
16954,17246,634.6812040354517,704.1264991514238,993.7454545454545,631.8181818181818
16955,17246,634.6812040354517,704.1264991514238,1000.7181818181817,628.3272727272727
16956,17246,932.6812040354517,692.1264991514238,1007.690909090909,624.8363636363636
16957,17246,932.6812040354517,692.1264991514238,1014.6636363636363,621.3454545454545
16958,17246,932.6812040354517,692.1264991514238,1021.6363636363636,617.8545454545455
16959,17246,932.6812040354517,692.1264991514238,1028.6090909090908,614.3636363636364
16960,17246,932.6812040354517,692.1264991514238,1035.581818181818,610.8727272727273
16961,17246,932.6812040354517,692.1264991514238,1042.5545454545454,607.3818181818182
16962,17246,932.6812040354517,692.1264991514238,1049.5272727272727,603.8909090909091
16963,17246,932.6812040354517,692.1264991514238,1056.5,600.4
16964,17246,932.6812040354517,692.1264991514238,1056.5,600.4
16965,17246,932.6812040354517,692.1264991514238,1056.5,600.4
16966,17246,932.6812040354517,692.1264991514238,1056.5,600.4
16967,17246,932.6812040354517,692.1264991514238,1056.5,600.4
16968,17246,932.6812040354517,692.1264991514238,1056.5,600.4
16969,17246,932.6812040354517,692.1264991514238,1056.5,600.4
16970,17246,932.6812040354517,692.1264991514238,1056.5,600.4
16971,17246,932.6812040354517,692.1264991514238,1056.5,600.4
16972,17246,932.6812040354517,692.1264991514238,1056.5,600.4
16973,17246,932.6812040354517,692.1264991514238,1056.5,600.4
16974,17246,932.6812040354517,692.1264991514238,1056.5,600.4
16975,17246,932.6812040354517,692.1264991514238,1056.5,600.4
16976,17246,932.6812040354517,692.1264991514238,1056.5,600.4
16977,17246,932.6812040354517,692.1264991514238,1056.5,600.4
16978,17246,932.6812040354517,692.1264991514238,1056.5,600.4
16979,17246,932.6812040354517,692.1264991514238,1056.5,600.4
16980,17246,932.6812040354517,692.1264991514238,1056.5,600.4
16981,17246,932.6812040354517,692.1264991514238,1056.5,600.4
16982,17246,932.6812040354517,692.1264991514238,1056.5,600.4
16983,17246,932.6812040354517,692.1264991514238,1056.5,600.4
16984,17246,932.6812040354517,692.1264991514238,1056.5,600.4
16985,17246,932.6812040354517,692.1264991514238,1056.5,600.4
16986,17246,932.6812040354517,692.1264991514238,1056.5,600.4
16987,17246,932.6812040354517,692.1264991514238,1056.5,600.4
16988,17246,932.6812040354517,692.1264991514238,1056.5,600.4
16989,17246,932.6812040354517,692.1264991514238,1056.5,600.4
16990,17246,932.6812040354517,692.1264991514238,1056.5,600.4
16991,17246,932.6812040354517,692.1264991514238,1056.5,600.4
16992,17246,932.6812040354517,692.1264991514238,1056.5,600.4
16993,17246,932.6812040354517,692.1264991514238,1056.5,600.4
16994,17246,932.6812040354517,692.1264991514238,1056.5,600.4
16995,17246,932.6812040354517,692.1264991514238,1056.5,600.4
16996,17246,932.6812040354517,692.1264991514238,1056.5,600.4
16997,17246,932.6812040354517,692.1264991514238,1056.5,600.4
16998,17246,932.6812040354517,692.1264991514238,1056.5,600.4
16999,17246,932.6812040354517,692.1264991514238,1056.5,600.4
17000,17246,932.6812040354517,692.1264991514238,1056.5,600.4
17001,17246,932.6812040354517,692.1264991514238,1056.5,600.4
17002,17246,932.6812040354517,692.1264991514238,1056.5,600.4
17003,17246,932.6812040354517,692.1264991514238,1056.5,600.4
17004,17246,932.6812040354517,692.1264991514238,1056.5,600.4
17005,17246,932.6812040354517,692.1264991514238,1056.5,600.4
17006,17246,932.6812040354517,692.1264991514238,1056.5,600.4
17007,17246,932.6812040354517,692.1264991514238,1056.5,600.4
17008,17246,932.6812040354517,692.1264991514238,1056.5,600.4
17009,17246,932.6812040354517,692.1264991514238,1056.5,600.4
17010,17246,932.6812040354517,692.1264991514238,1056.5,600.4
17011,17246,932.6812040354517,692.1264991514238,1056.5,600.4
17012,17246,932.6812040354517,692.1264991514238,1056.5,600.4
17013,17246,932.6812040354517,692.1264991514238,1056.5,600.4
17014,17246,932.6812040354517,692.1264991514238,1056.5,600.4
17015,17246,932.6812040354517,692.1264991514238,1056.5,600.4
17016,17246,932.6812040354517,692.1264991514238,1056.5,600.4
17017,17246,932.6812040354517,692.1264991514238,1056.5,600.4
17018,17246,932.6812040354517,692.1264991514238,1056.5,600.4
17019,17246,932.6812040354517,692.1264991514238,1056.5,600.4
17020,17246,932.6812040354517,692.1264991514238,1056.5,600.4
17021,17246,932.6812040354517,692.1264991514238,1056.5,600.4
17022,17246,932.6812040354517,692.1264991514238,1056.5,600.4
17023,17246,932.6812040354517,692.1264991514238,1056.5,600.4
17024,17246,932.6812040354517,692.1264991514238,1056.5,600.4
17025,17246,932.6812040354517,692.1264991514238,1056.5,600.4
17026,17246,932.6812040354517,692.1264991514238,1056.5,600.4
17027,17246,932.6812040354517,692.1264991514238,1056.5,600.4
17028,17246,932.6812040354517,692.1264991514238,1056.5,600.4
17029,17246,932.6812040354517,692.1264991514238,1056.5,600.4
17030,17246,932.6812040354517,692.1264991514238,1056.5,600.4
17031,17246,932.6812040354517,692.1264991514238,1056.5,600.4
17032,17246,932.6812040354517,692.1264991514238,1056.5,600.4
17033,17246,932.6812040354517,692.1264991514238,1056.5,600.4
17034,17246,932.6812040354517,692.1264991514238,1056.5,600.4
17035,17246,932.6812040354517,692.1264991514238,1056.5,600.4
17036,17246,932.6812040354517,692.1264991514238,1056.5,600.4
17037,17246,932.6812040354517,692.1264991514238,1056.5,600.4
17038,17246,932.6812040354517,692.1264991514238,1056.5,600.4
17039,17246,932.6812040354517,692.1264991514238,1056.5,600.4
17040,17246,932.6812040354517,692.1264991514238,1056.5,600.4
17041,17246,932.6812040354517,692.1264991514238,1056.5,600.4
17042,17246,932.6812040354517,692.1264991514238,1056.5,600.4
17043,17246,932.6812040354517,692.1264991514238,1056.5,600.4
17044,17246,932.6812040354517,692.1264991514238,1056.5,600.4
17045,17246,932.6812040354517,692.1264991514238,1056.5,600.4
17046,17246,932.6812040354517,692.1264991514238,1056.5,600.4
17047,17246,932.6812040354517,692.1264991514238,1056.5,600.4
17048,17246,932.6812040354517,692.1264991514238,1056.5,600.4
17049,17246,932.6812040354517,692.1264991514238,1056.5,600.4
17050,17246,932.6812040354517,692.1264991514238,1056.5,600.4
17051,17246,932.6812040354517,692.1264991514238,1056.5,600.4
17052,17246,932.6812040354517,692.1264991514238,1056.5,600.4
17053,17246,932.6812040354517,692.1264991514238,1056.5,600.4
17054,17246,932.6812040354517,692.1264991514238,1056.5,600.4
17055,17246,932.6812040354517,692.1264991514238,1056.5,600.4
17056,17246,932.6812040354517,692.1264991514238,1056.5,600.4
17057,17246,932.6812040354517,692.1264991514238,1056.5,600.4
17058,17246,932.6812040354517,692.1264991514238,1056.5,600.4
17059,17246,932.6812040354517,692.1264991514238,1056.5,600.4
17060,17246,932.6812040354517,692.1264991514238,1056.5,600.4
17061,17246,932.6812040354517,692.1264991514238,1056.5,600.4
17062,17246,932.6812040354517,692.1264991514238,1056.5,600.4
17063,17246,932.6812040354517,692.1264991514238,1056.5,600.4
17064,17246,932.6812040354517,692.1264991514238,1056.5,600.4
17065,17246,932.6812040354517,692.1264991514238,1056.5,600.4
17066,17246,932.6812040354517,692.1264991514238,1056.5,600.4
17067,17246,932.6812040354517,692.1264991514238,1056.5,600.4
17068,17246,932.6812040354517,692.1264991514238,1056.5,600.4
17069,17246,932.6812040354517,692.1264991514238,1056.5,600.4
17070,17246,932.6812040354517,692.1264991514238,1056.5,600.4
17071,17246,932.6812040354517,692.1264991514238,1056.5,600.4
17072,17246,932.6812040354517,692.1264991514238,1056.5,600.4
17073,17246,932.6812040354517,692.1264991514238,1056.5,600.4
17074,17246,932.6812040354517,692.1264991514238,1056.5,600.4
17075,17246,932.6812040354517,692.1264991514238,1056.5,600.4
17076,17246,932.6812040354517,692.1264991514238,1056.5,600.4
17077,17246,932.6812040354517,692.1264991514238,1056.5,600.4
17078,17246,932.6812040354517,692.1264991514238,1056.5,600.4
17079,17246,932.6812040354517,692.1264991514238,1056.5,600.4
17080,17246,932.6812040354517,692.1264991514238,1056.5,600.4
17081,17246,932.6812040354517,692.1264991514238,1056.5,600.4
17082,17246,932.6812040354517,692.1264991514238,1056.5,600.4
17083,17246,932.6812040354517,692.1264991514238,1056.5,600.4
17084,17246,932.6812040354517,692.1264991514238,1056.5,600.4
17085,17246,932.6812040354517,692.1264991514238,1056.5,600.4
17086,17246,932.6812040354517,692.1264991514238,1056.5,600.4
17087,17246,932.6812040354517,692.1264991514238,1056.5,600.4
17088,17246,932.6812040354517,692.1264991514238,1056.5,600.4
17089,17246,932.6812040354517,692.1264991514238,1056.5,600.4
17090,17246,932.6812040354517,692.1264991514238,1056.5,600.4
17091,17246,932.6812040354517,692.1264991514238,1056.5,600.4
17092,17246,932.6812040354517,692.1264991514238,1056.5,600.4
17093,17246,932.6812040354517,692.1264991514238,1056.5,600.4
17094,17246,932.6812040354517,692.1264991514238,1056.5,600.4
17095,17246,932.6812040354517,692.1264991514238,1056.5,600.4
17096,17246,932.6812040354517,692.1264991514238,1056.5,600.4
17097,17246,932.6812040354517,692.1264991514238,1056.5,600.4
17098,17246,932.6812040354517,692.1264991514238,1056.5,600.4
17099,17246,932.6812040354517,692.1264991514238,1056.5,600.4
17100,17246,932.6812040354517,692.1264991514238,1056.5,600.4
17101,17246,932.6812040354517,692.1264991514238,1056.5,600.4
17102,17246,932.6812040354517,692.1264991514238,1056.5,600.4
17103,17246,932.6812040354517,692.1264991514238,1056.5,600.4
17104,17246,932.6812040354517,692.1264991514238,1056.5,600.4
17105,17246,932.6812040354517,692.1264991514238,1056.5,600.4
17106,17246,932.6812040354517,692.1264991514238,1056.5,600.4
17107,17246,932.6812040354517,692.1264991514238,1056.5,600.4
17108,17246,932.6812040354517,692.1264991514238,1056.5,600.4
17109,17246,932.6812040354517,692.1264991514238,1052.6333333333334,602.5083333333333
17110,17246,932.6812040354517,692.1264991514238,1048.7666666666667,604.6166666666667
17111,17246,932.6812040354517,692.1264991514238,1044.9,606.725
17112,17246,932.6812040354517,692.1264991514238,1041.0333333333333,608.8333333333334
17113,17246,932.6812040354517,692.1264991514238,1037.1666666666667,610.9416666666667
17114,17246,932.6812040354517,692.1264991514238,1033.3,613.05
17115,17246,932.6812040354517,692.1264991514238,1029.4333333333334,615.1583333333333
17116,17246,932.6812040354517,692.1264991514238,1025.5666666666666,617.2666666666667
17117,17246,932.6812040354517,692.1264991514238,1021.7,619.375
17118,17246,932.6812040354517,692.1264991514238,1017.8333333333334,621.4833333333333
17119,17246,932.6812040354517,692.1264991514238,1013.9666666666667,623.5916666666667
17120,17246,932.6812040354517,692.1264991514238,1010.1,625.7
17121,17246,932.6812040354517,692.1264991514238,1010.1,625.7
17122,17246,932.6812040354517,692.1264991514238,1010.1,625.7
17123,17246,932.6812040354517,692.1264991514238,1010.1,625.7
17124,17246,932.6812040354517,692.1264991514238,1010.1,625.7
17125,17246,932.6812040354517,692.1264991514238,1010.1,625.7
17126,17246,932.6812040354517,692.1264991514238,1010.1,625.7
17127,17246,932.6812040354517,692.1264991514238,1010.1,625.7
17128,17246,932.6812040354517,692.1264991514238,1010.1,625.7
17129,17246,932.6812040354517,692.1264991514238,1010.1,625.7
17130,17246,932.6812040354517,692.1264991514238,1010.1,625.7
17131,17246,932.6812040354517,692.1264991514238,1010.1,625.7
17132,17246,932.6812040354517,692.1264991514238,1010.1,625.7
17133,17246,932.6812040354517,692.1264991514238,1010.1,625.7
17134,17246,932.6812040354517,692.1264991514238,1010.1,625.7
17135,17246,932.6812040354517,692.1264991514238,1010.1,625.7
17136,17246,932.6812040354517,692.1264991514238,1010.1,625.7
17137,17246,932.6812040354517,692.1264991514238,1010.1,625.7
17138,17246,932.6812040354517,692.1264991514238,1010.1,625.7
17139,17246,932.6812040354517,692.1264991514238,1010.1,625.7
17140,17246,932.6812040354517,692.1264991514238,1010.1,625.7
17141,17246,932.6812040354517,692.1264991514238,1010.1,625.7
17142,17246,932.6812040354517,692.1264991514238,1010.1,625.7
17143,17246,932.6812040354517,692.1264991514238,1010.1,625.7
17144,17246,932.6812040354517,692.1264991514238,1010.1,625.7
17145,17246,932.6812040354517,692.1264991514238,1010.1,625.7
17146,17246,932.6812040354517,692.1264991514238,1010.1,625.7
17147,17246,932.6812040354517,692.1264991514238,1010.1,625.7
17148,17246,932.6812040354517,692.1264991514238,1010.1,625.7
17149,17246,932.6812040354517,692.1264991514238,1010.1,625.7
17150,17246,932.6812040354517,692.1264991514238,1010.1,625.7
17151,17246,932.6812040354517,692.1264991514238,1010.1,625.7
17152,17246,932.6812040354517,692.1264991514238,1010.1,625.7
17153,17246,932.6812040354517,692.1264991514238,1010.1,625.7
17154,17246,932.6812040354517,692.1264991514238,1010.1,625.7
17155,17246,932.6812040354517,692.1264991514238,1010.1,625.7
17156,17246,932.6812040354517,692.1264991514238,1010.1,625.7
17157,17246,932.6812040354517,692.1264991514238,1010.1,625.7
17158,17246,932.6812040354517,692.1264991514238,1010.1,625.7
17159,17246,932.6812040354517,692.1264991514238,1010.1,625.7
17160,17246,932.6812040354517,692.1264991514238,1010.1,625.7
17161,17246,932.6812040354517,692.1264991514238,1010.1,625.7
17162,17246,932.6812040354517,692.1264991514238,1010.1,625.7
17163,17246,932.6812040354517,692.1264991514238,1010.1,625.7
17164,17246,932.6812040354517,692.1264991514238,1010.1,625.7
17165,17246,932.6812040354517,692.1264991514238,1010.1,625.7
17166,17246,932.6812040354517,692.1264991514238,1010.1,625.7
17167,17246,932.6812040354517,692.1264991514238,1010.1,625.7
17168,17246,932.6812040354517,692.1264991514238,1010.1,625.7
17169,17246,932.6812040354517,692.1264991514238,1010.1,625.7
17170,17246,932.6812040354517,692.1264991514238,1010.1,625.7
17171,17246,932.6812040354517,692.1264991514238,1010.1,625.7
17172,17246,932.6812040354517,692.1264991514238,1010.1,625.7
17173,17246,932.6812040354517,692.1264991514238,1010.1,625.7
17174,17246,932.6812040354517,692.1264991514238,1010.1,625.7
17175,17246,932.6812040354517,692.1264991514238,1010.1,625.7
17176,17246,932.6812040354517,692.1264991514238,1010.1,625.7
17177,17246,932.6812040354517,692.1264991514238,1010.1,625.7
17178,17246,932.6812040354517,692.1264991514238,1010.1,625.7
17179,17246,932.6812040354517,692.1264991514238,1010.1,625.7
17180,17246,932.6812040354517,692.1264991514238,1010.1,625.7
17181,17246,932.6812040354517,692.1264991514238,1010.1,625.7
17182,17246,932.6812040354517,692.1264991514238,1010.1,625.7
17183,17246,932.6812040354517,692.1264991514238,1010.1,625.7
17184,17246,932.6812040354517,692.1264991514238,1010.1,625.7
17185,17246,932.6812040354517,692.1264991514238,1010.1,625.7
17186,17246,932.6812040354517,692.1264991514238,1010.1,625.7
17187,17246,932.6812040354517,692.1264991514238,1010.1,625.7
17188,17246,932.6812040354517,692.1264991514238,1010.1,625.7
17189,17246,932.6812040354517,692.1264991514238,1010.1,625.7
17190,17246,932.6812040354517,692.1264991514238,1010.1,625.7
17191,17246,932.6812040354517,692.1264991514238,1010.1,625.7
17192,17246,932.6812040354517,692.1264991514238,1010.1,625.7
17193,17246,932.6812040354517,692.1264991514238,1010.1,625.7
17194,17246,932.6812040354517,692.1264991514238,1010.1,625.7
17195,17246,932.6812040354517,692.1264991514238,1010.1,625.7
17196,17246,932.6812040354517,692.1264991514238,1010.1,625.7
17197,17246,932.6812040354517,692.1264991514238,1010.1,625.7
17198,17246,932.6812040354517,692.1264991514238,1010.1,625.7
17199,17246,932.6812040354517,692.1264991514238,1010.1,625.7
17200,17246,932.6812040354517,692.1264991514238,1010.1,625.7
17201,17246,932.6812040354517,692.1264991514238,1010.1,625.7
17202,17246,932.6812040354517,692.1264991514238,1010.1,625.7
17203,17246,932.6812040354517,692.1264991514238,1010.1,625.7
17204,17246,932.6812040354517,692.1264991514238,1010.1,625.7
17205,17246,932.6812040354517,692.1264991514238,1010.1,625.7
17206,17246,932.6812040354517,692.1264991514238,1010.1,625.7
17207,17246,932.6812040354517,692.1264991514238,1010.1,625.7
17208,17246,932.6812040354517,692.1264991514238,1010.1,625.7
17209,17246,932.6812040354517,692.1264991514238,1010.1,625.7
17210,17246,932.6812040354517,692.1264991514238,1010.1,625.7
17211,17246,932.6812040354517,692.1264991514238,1010.1,625.7
17212,17246,932.6812040354517,692.1264991514238,1010.1,625.7
17213,17246,932.6812040354517,692.1264991514238,1010.1,625.7
17214,17246,932.6812040354517,692.1264991514238,1010.1,625.7
17215,17246,932.6812040354517,692.1264991514238,1010.1,625.7
17216,17246,932.6812040354517,692.1264991514238,1010.1,625.7
17217,17246,932.6812040354517,692.1264991514238,1010.1,625.7
17218,17246,932.6812040354517,692.1264991514238,1010.1,625.7
17219,17246,932.6812040354517,692.1264991514238,1010.1,625.7
17220,17246,932.6812040354517,692.1264991514238,1010.1,625.7
17221,17246,932.6812040354517,692.1264991514238,1010.1,625.7
17222,17246,932.6812040354517,692.1264991514238,1010.1,625.7
17223,17246,770.6812040354517,694.1264991514238,1010.1,625.7
17224,17246,770.6812040354517,694.1264991514238,1010.1,625.7
17225,17246,770.6812040354517,694.1264991514238,1010.1,625.7
17226,17246,770.6812040354517,694.1264991514238,1010.1,625.7
17227,17246,770.6812040354517,694.1264991514238,1010.1,625.7
17228,17246,770.6812040354517,694.1264991514238,1010.1,625.7
17229,17246,770.6812040354517,694.1264991514238,1010.1,625.7
17230,17246,770.6812040354517,694.1264991514238,1010.1,625.7
17231,17246,770.6812040354517,694.1264991514238,1010.1,625.7
17232,17246,770.6812040354517,694.1264991514238,1010.1,625.7
17233,17246,770.6812040354517,694.1264991514238,1010.1,625.7
17234,17246,770.6812040354517,694.1264991514238,1010.1,625.7
17235,17246,770.6812040354517,694.1264991514238,1010.1,625.7
17236,17246,770.6812040354517,694.1264991514238,1010.1,625.7
17237,17246,770.6812040354517,694.1264991514238,1010.1,625.7
17238,17246,770.6812040354517,694.1264991514238,1010.1,625.7
17239,17246,770.6812040354517,694.1264991514238,1010.1,625.7
17240,17246,770.6812040354517,694.1264991514238,1010.1,625.7
17241,17246,770.6812040354517,694.1264991514238,1010.1,625.7
17242,17246,770.6812040354517,694.1264991514238,1010.1,625.7
17243,17246,770.6812040354517,694.1264991514238,1010.1,625.7
17244,17246,770.6812040354517,694.1264991514238,1010.1,625.7
17245,17246,770.6812040354517,694.1264991514238,1010.1,625.7
17246,17246,770.6812040354517,694.1264991514238,1010.1,625.7
17247,17246,770.6812040354517,694.1264991514238,1010.1,625.7
17248,17246,770.6812040354517,694.1264991514238,1010.1,625.7
17249,17246,770.6812040354517,694.1264991514238,1010.1,625.7
17250,17246,770.6812040354517,694.1264991514238,1010.1,625.7
17251,17246,770.6812040354517,694.1264991514238,1010.1,625.7
17252,17246,770.6812040354517,694.1264991514238,1010.1,625.7
17253,17246,770.6812040354517,694.1264991514238,1010.1,625.7
17254,17246,770.6812040354517,694.1264991514238,1010.1,625.7
17255,17246,770.6812040354517,694.1264991514238,1010.1,625.7
17256,17246,607.6812040354517,697.1264991514238,1010.1,625.7
17257,17246,607.6812040354517,697.1264991514238,1010.1,625.7
17258,17246,607.6812040354517,697.1264991514238,1010.1,625.7
17259,17246,607.6812040354517,697.1264991514238,1010.1,625.7
17260,17246,607.6812040354517,697.1264991514238,1010.1,625.7
17261,17246,607.6812040354517,697.1264991514238,1010.1,625.7
17262,17246,607.6812040354517,697.1264991514238,1010.1,625.7
17263,17246,607.6812040354517,697.1264991514238,1010.1,625.7
17264,17246,607.6812040354517,697.1264991514238,1010.1,625.7
17265,17246,607.6812040354517,697.1264991514238,1010.1,625.7
17266,17246,607.6812040354517,697.1264991514238,1010.1,625.7
17267,17246,607.6812040354517,697.1264991514238,1010.1,625.7
17268,17246,607.6812040354517,697.1264991514238,1010.1,625.7
17269,17246,607.6812040354517,697.1264991514238,1010.1,625.7
17270,17246,607.6812040354517,697.1264991514238,1010.1,625.7
17271,17246,607.6812040354517,697.1264991514238,1010.1,625.7
17272,17246,607.6812040354517,697.1264991514238,1010.1,625.7
17273,17246,607.6812040354517,697.1264991514238,1010.1,625.7
17274,17246,607.6812040354517,697.1264991514238,1010.1,625.7
17275,17246,607.6812040354517,697.1264991514238,1010.1,625.7
17276,17246,607.6812040354517,697.1264991514238,1010.3009090909092,625.8454545454546
17277,17246,607.6812040354517,697.1264991514238,1010.5018181818182,625.9909090909091
17278,17246,607.6812040354517,697.1264991514238,1010.7027272727273,626.1363636363636
17279,17246,607.6812040354517,697.1264991514238,1010.9036363636363,626.2818181818183
17280,17246,607.6812040354517,697.1264991514238,1011.1045454545455,626.4272727272728
17281,17246,607.6812040354517,697.1264991514238,1011.3054545454546,626.5727272727273
17282,17246,607.6812040354517,697.1264991514238,1011.5063636363636,626.7181818181818
17283,17246,607.6812040354517,697.1264991514238,1011.7072727272728,626.8636363636364
17284,17246,607.6812040354517,697.1264991514238,1011.9081818181818,627.0090909090909
17285,17246,607.6812040354517,697.1264991514238,1012.1090909090909,627.1545454545455
17286,17246,607.6812040354517,697.1264991514238,1012.3100000000001,627.3000000000001
17287,17246,607.6812040354517,697.1264991514238,1012.5109090909091,627.4454545454546
17288,17246,607.6812040354517,697.1264991514238,1012.7118181818182,627.5909090909091
17289,17246,607.6812040354517,697.1264991514238,1012.9127272727274,627.7363636363636
17290,17246,607.6812040354517,697.1264991514238,1013.1136363636364,627.8818181818182
17291,17246,607.6812040354517,697.1264991514238,1013.3145454545455,628.0272727272728
17292,17246,607.6812040354517,697.1264991514238,1013.5154545454545,628.1727272727273
17293,17246,607.6812040354517,697.1264991514238,1013.7163636363637,628.3181818181819
17294,17246,607.6812040354517,697.1264991514238,1013.9172727272728,628.4636363636364
17295,17246,607.6812040354517,697.1264991514238,1014.1181818181818,628.6090909090909
17296,17246,607.6812040354517,697.1264991514238,1014.319090909091,628.7545454545455
17297,17246,607.6812040354517,697.1264991514238,1014.52,628.9000000000001
17298,17246,607.6812040354517,697.1264991514238,1014.7209090909091,629.0454545454546
17299,17246,607.6812040354517,697.1264991514238,1014.9218181818183,629.1909090909091
17300,17246,607.6812040354517,697.1264991514238,1015.1227272727273,629.3363636363637
17301,17246,607.6812040354517,697.1264991514238,1015.3236363636364,629.4818181818182
17302,17246,607.6812040354517,697.1264991514238,1015.5245454545454,629.6272727272727
17303,17246,607.6812040354517,697.1264991514238,1015.7254545454546,629.7727272727274
17304,17246,607.6812040354517,697.1264991514238,1015.9263636363637,629.9181818181819
17305,17246,607.6812040354517,697.1264991514238,1016.1272727272727,630.0636363636364
17306,17246,607.6812040354517,697.1264991514238,1016.3281818181819,630.209090909091
17307,17246,607.6812040354517,697.1264991514238,1016.5290909090909,630.3545454545455
17308,17246,607.6812040354517,697.1264991514238,1016.73,630.5
17309,17246,607.6812040354517,697.1264991514238,1016.9309090909092,630.6454545454546
17310,17246,607.6812040354517,697.1264991514238,1017.1318181818182,630.7909090909092
17311,17246,607.6812040354517,697.1264991514238,1017.3327272727273,630.9363636363637
17312,17246,607.6812040354517,697.1264991514238,1017.5336363636364,631.0818181818182
17313,17246,607.6812040354517,697.1264991514238,1017.7345454545455,631.2272727272727
17314,17246,607.6812040354517,697.1264991514238,1017.9354545454546,631.3727272727273
17315,17246,607.6812040354517,697.1264991514238,1018.1363636363636,631.5181818181819
17316,17246,607.6812040354517,697.1264991514238,1018.3372727272728,631.6636363636364
17317,17246,607.6812040354517,697.1264991514238,1018.5381818181819,631.809090909091
17318,17246,607.6812040354517,697.1264991514238,1018.7390909090909,631.9545454545455
17319,17246,607.6812040354517,697.1264991514238,1018.94,632.1
17320,17246,607.6812040354517,697.1264991514238,1019.1409090909091,632.2454545454545
17321,17246,607.6812040354517,697.1264991514238,1019.3418181818182,632.3909090909092
17322,17246,607.6812040354517,697.1264991514238,1019.5427272727273,632.5363636363637
17323,17246,607.6812040354517,697.1264991514238,1019.7436363636364,632.6818181818182
17324,17246,607.6812040354517,697.1264991514238,1019.9445454545455,632.8272727272728
17325,17246,607.6812040354517,697.1264991514238,1020.1454545454545,632.9727272727273
17326,17246,607.6812040354517,697.1264991514238,1020.3463636363637,633.1181818181818
17327,17246,607.6812040354517,697.1264991514238,1020.5472727272728,633.2636363636365
17328,17246,607.6812040354517,697.1264991514238,1020.7481818181818,633.409090909091
17329,17246,607.6812040354517,697.1264991514238,1020.949090909091,633.5545454545455
17330,17246,607.6812040354517,697.1264991514238,1021.1500000000001,633.7
17331,17246,607.6812040354517,697.1264991514238,1021.3509090909091,633.8454545454546
17332,17246,607.6812040354517,697.1264991514238,1021.5518181818182,633.9909090909091
17333,17246,607.6812040354517,697.1264991514238,1021.7527272727273,634.1363636363636
17334,17246,607.6812040354517,697.1264991514238,1021.9536363636364,634.2818181818183
17335,17246,607.6812040354517,697.1264991514238,1022.1545454545455,634.4272727272728
17336,17246,607.6812040354517,697.1264991514238,1022.3554545454546,634.5727272727273
17337,17246,607.6812040354517,697.1264991514238,1022.5563636363637,634.7181818181818
17338,17246,607.6812040354517,697.1264991514238,1022.7572727272727,634.8636363636364
17339,17246,607.6812040354517,697.1264991514238,1022.9581818181819,635.0090909090909
17340,17246,607.6812040354517,697.1264991514238,1023.159090909091,635.1545454545455
17341,17246,607.6812040354517,697.1264991514238,1023.36,635.3000000000001
17342,17246,607.6812040354517,697.1264991514238,1023.5609090909091,635.4454545454546
17343,17246,607.6812040354517,697.1264991514238,1023.7618181818182,635.5909090909091
17344,17246,607.6812040354517,697.1264991514238,1023.9627272727273,635.7363636363636
17345,17246,607.6812040354517,697.1264991514238,1024.1636363636364,635.8818181818182
17346,17246,607.6812040354517,697.1264991514238,1024.3645454545456,636.0272727272728
17347,17246,607.6812040354517,697.1264991514238,1024.5654545454545,636.1727272727273
17348,17246,607.6812040354517,697.1264991514238,1024.7663636363636,636.3181818181819
17349,17246,607.6812040354517,697.1264991514238,1024.9672727272728,636.4636363636364
17350,17246,607.6812040354517,697.1264991514238,1025.168181818182,636.6090909090909
17351,17246,607.6812040354517,697.1264991514238,1025.369090909091,636.7545454545455
17352,17246,607.6812040354517,697.1264991514238,1025.57,636.9000000000001
17353,17246,607.6812040354517,697.1264991514238,1025.770909090909,637.0454545454546
17354,17246,607.6812040354517,697.1264991514238,1025.9718181818182,637.1909090909091
17355,17246,607.6812040354517,697.1264991514238,1026.1727272727273,637.3363636363637
17356,17246,784.6812040354517,680.1264991514238,1026.3736363636365,637.4818181818182
17357,17246,784.6812040354517,680.1264991514238,1026.5745454545454,637.6272727272727
17358,17246,784.6812040354517,680.1264991514238,1026.7754545454545,637.7727272727274
17359,17246,784.6812040354517,680.1264991514238,1026.9763636363637,637.9181818181819
17360,17246,784.6812040354517,680.1264991514238,1027.1772727272728,638.0636363636364
17361,17246,784.6812040354517,680.1264991514238,1027.378181818182,638.209090909091
17362,17246,784.6812040354517,680.1264991514238,1027.579090909091,638.3545454545455
17363,17246,784.6812040354517,680.1264991514238,1027.78,638.5
17364,17246,784.6812040354517,680.1264991514238,1027.980909090909,638.6454545454546
17365,17246,784.6812040354517,680.1264991514238,1028.1818181818182,638.7909090909092
17366,17246,784.6812040354517,680.1264991514238,1028.3827272727274,638.9363636363637
17367,17246,784.6812040354517,680.1264991514238,1028.5836363636365,639.0818181818182
17368,17246,784.6812040354517,680.1264991514238,1028.7845454545454,639.2272727272727
17369,17246,784.6812040354517,680.1264991514238,1028.9854545454546,639.3727272727273
17370,17246,784.6812040354517,680.1264991514238,1029.1863636363637,639.5181818181819
17371,17246,784.6812040354517,680.1264991514238,1029.3872727272728,639.6636363636364
17372,17246,784.6812040354517,680.1264991514238,1029.588181818182,639.809090909091
17373,17246,784.6812040354517,680.1264991514238,1029.7890909090909,639.9545454545455
17374,17246,784.6812040354517,680.1264991514238,1029.99,640.1
17375,17246,784.6812040354517,680.1264991514238,1030.1909090909091,640.2454545454545
17376,17246,784.6812040354517,680.1264991514238,1030.3918181818183,640.3909090909092
17377,17246,784.6812040354517,680.1264991514238,1030.5927272727274,640.5363636363637
17378,17246,784.6812040354517,680.1264991514238,1030.7936363636363,640.6818181818182
17379,17246,784.6812040354517,680.1264991514238,1030.9945454545455,640.8272727272728
17380,17246,784.6812040354517,680.1264991514238,1031.1954545454546,640.9727272727273
17381,17246,784.6812040354517,680.1264991514238,1031.3963636363637,641.1181818181818
17382,17246,784.6812040354517,680.1264991514238,1031.5972727272729,641.2636363636364
17383,17246,784.6812040354517,680.1264991514238,1031.7981818181818,641.409090909091
17384,17246,784.6812040354517,680.1264991514238,1031.999090909091,641.5545454545455
17385,17246,784.6812040354517,680.1264991514238,1032.2,641.7
17386,17246,784.6812040354517,680.1264991514238,1032.2,641.7
17387,17246,784.6812040354517,680.1264991514238,1032.2,641.7
17388,17246,784.6812040354517,680.1264991514238,1032.2,641.7
17389,17246,784.6812040354517,680.1264991514238,1032.2,641.7
17390,17246,961.6812040354517,663.1264991514238,1032.2,641.7
17391,17246,961.6812040354517,663.1264991514238,1032.2,641.7
17392,17246,961.6812040354517,663.1264991514238,1032.2,641.7
17393,17246,961.6812040354517,663.1264991514238,1032.2,641.7
17394,17246,961.6812040354517,663.1264991514238,1032.2,641.7
17395,17246,961.6812040354517,663.1264991514238,1032.2,641.7
17396,17246,961.6812040354517,663.1264991514238,1032.2,641.7
17397,17246,961.6812040354517,663.1264991514238,1032.2,641.7
17398,17246,961.6812040354517,663.1264991514238,1032.2,641.7
17399,17246,961.6812040354517,663.1264991514238,1032.2,641.7
17400,17246,961.6812040354517,663.1264991514238,1032.2,641.7
17401,17246,961.6812040354517,663.1264991514238,1032.2,641.7
17402,17246,961.6812040354517,663.1264991514238,1032.2,641.7
17403,17246,961.6812040354517,663.1264991514238,1032.2,641.7
17404,17246,961.6812040354517,663.1264991514238,1032.2,641.7
17405,17246,961.6812040354517,663.1264991514238,1032.2,641.7
17406,17246,961.6812040354517,663.1264991514238,1032.2,641.7
17407,17246,961.6812040354517,663.1264991514238,1032.2,641.7
17408,17246,961.6812040354517,663.1264991514238,1032.2,641.7
17409,17246,961.6812040354517,663.1264991514238,1032.2,641.7
17410,17246,961.6812040354517,663.1264991514238,1032.2,641.7
17411,17246,961.6812040354517,663.1264991514238,1032.2,641.7
17412,17246,961.6812040354517,663.1264991514238,1032.2,641.7
17413,17246,961.6812040354517,663.1264991514238,1032.2,641.7
17414,17246,961.6812040354517,663.1264991514238,1032.2,641.7
17415,17246,961.6812040354517,663.1264991514238,1032.2,641.7
17416,17246,961.6812040354517,663.1264991514238,1032.2,641.7
17417,17246,961.6812040354517,663.1264991514238,1032.2,641.7
17418,17246,961.6812040354517,663.1264991514238,1032.2,641.7
17419,17246,961.6812040354517,663.1264991514238,1032.2,641.7
17420,17246,961.6812040354517,663.1264991514238,1032.2,641.7
17421,17246,961.6812040354517,663.1264991514238,1032.2,641.7
17422,17246,961.6812040354517,663.1264991514238,1032.2,641.7
17423,17246,961.6812040354517,663.1264991514238,1032.2,641.7
17424,17246,961.6812040354517,663.1264991514238,1032.2,641.7
17425,17246,961.6812040354517,663.1264991514238,1032.2,641.7
17426,17246,961.6812040354517,663.1264991514238,1032.2,641.7
17427,17246,961.6812040354517,663.1264991514238,1032.2,641.7
17428,17246,961.6812040354517,663.1264991514238,1032.2,641.7
17429,17246,961.6812040354517,663.1264991514238,1032.2,641.7
17430,17246,961.6812040354517,663.1264991514238,1032.2,641.7
17431,17246,961.6812040354517,663.1264991514238,1032.2,641.7
17432,17246,961.6812040354517,663.1264991514238,1032.2,641.7
17433,17246,961.6812040354517,663.1264991514238,1032.2,641.7
17434,17246,961.6812040354517,663.1264991514238,1032.2,641.7
17435,17246,961.6812040354517,663.1264991514238,1032.2,641.7
17436,17246,961.6812040354517,663.1264991514238,1032.2,641.7
17437,17246,961.6812040354517,663.1264991514238,1032.2,641.7
17438,17246,961.6812040354517,663.1264991514238,1032.2,641.7
17439,17246,961.6812040354517,663.1264991514238,1032.2,641.7
17440,17246,961.6812040354517,663.1264991514238,1032.2,641.7
17441,17246,961.6812040354517,663.1264991514238,1032.2,641.7
17442,17246,961.6812040354517,663.1264991514238,1032.2,641.7
17443,17246,961.6812040354517,663.1264991514238,1032.2,641.7
17444,17246,961.6812040354517,663.1264991514238,1032.2,641.7
17445,17246,961.6812040354517,663.1264991514238,1032.2,641.7
17446,17246,961.6812040354517,663.1264991514238,1032.2,641.7
17447,17246,961.6812040354517,663.1264991514238,1032.2,641.7
17448,17246,961.6812040354517,663.1264991514238,1032.2,641.7
17449,17246,961.6812040354517,663.1264991514238,1032.2,641.7
17450,17246,961.6812040354517,663.1264991514238,1032.2,641.7
17451,17246,961.6812040354517,663.1264991514238,1032.2,641.7
17452,17246,961.6812040354517,663.1264991514238,1032.2,641.7
17453,17246,961.6812040354517,663.1264991514238,1032.2,641.7
17454,17246,961.6812040354517,663.1264991514238,1032.2,641.7
17455,17246,961.6812040354517,663.1264991514238,1032.2,641.7
17456,17246,961.6812040354517,663.1264991514238,1032.2,641.7
17457,17246,961.6812040354517,663.1264991514238,1032.2,641.7
17458,17246,961.6812040354517,663.1264991514238,1032.2,641.7
17459,17246,961.6812040354517,663.1264991514238,1032.2,641.7
17460,17246,961.6812040354517,663.1264991514238,1032.2,641.7
17461,17246,961.6812040354517,663.1264991514238,1032.2,641.7
17462,17246,961.6812040354517,663.1264991514238,1032.2,641.7
17463,17246,961.6812040354517,663.1264991514238,1032.2,641.7
17464,17246,961.6812040354517,663.1264991514238,1032.2,641.7
17465,17246,961.6812040354517,663.1264991514238,1032.2,641.7
17466,17246,961.6812040354517,663.1264991514238,1032.2,641.7
17467,17246,961.6812040354517,663.1264991514238,1032.2,641.7
17468,17246,961.6812040354517,663.1264991514238,1032.2,641.7
17469,17246,961.6812040354517,663.1264991514238,1032.2,641.7
17470,17246,961.6812040354517,663.1264991514238,1032.2,641.7
17471,17246,961.6812040354517,663.1264991514238,1032.2,641.7
17472,17246,961.6812040354517,663.1264991514238,1032.2,641.7
17473,17246,961.6812040354517,663.1264991514238,1032.2,641.7
17474,17246,961.6812040354517,663.1264991514238,1032.2,641.7
17475,17246,961.6812040354517,663.1264991514238,1032.2,641.7
17476,17246,961.6812040354517,663.1264991514238,1032.2,641.7
17477,17246,961.6812040354517,663.1264991514238,1032.2,641.7
17478,17246,961.6812040354517,663.1264991514238,1032.2,641.7
17479,17246,961.6812040354517,663.1264991514238,1032.2,641.7
17480,17246,961.6812040354517,663.1264991514238,1032.2,641.7
17481,17246,961.6812040354517,663.1264991514238,1032.2,641.7
17482,17246,961.6812040354517,663.1264991514238,1032.2,641.7
17483,17246,961.6812040354517,663.1264991514238,1032.2,641.7
17484,17246,961.6812040354517,663.1264991514238,1032.2,641.7
17485,17246,961.6812040354517,663.1264991514238,1032.2,641.7
17486,17246,961.6812040354517,663.1264991514238,1032.2,641.7
17487,17246,961.6812040354517,663.1264991514238,1032.2,641.7
17488,17246,961.6812040354517,663.1264991514238,1032.2,641.7
17489,17246,961.6812040354517,663.1264991514238,1032.2,641.7
17490,17246,961.6812040354517,663.1264991514238,1032.2,641.7
17491,17246,961.6812040354517,663.1264991514238,1032.2,641.7
17492,17246,961.6812040354517,663.1264991514238,1032.2,641.7
17493,17246,961.6812040354517,663.1264991514238,1032.2,641.7
17494,17246,961.6812040354517,663.1264991514238,1032.2,641.7
17495,17246,961.6812040354517,663.1264991514238,1032.2,641.7
17496,17246,961.6812040354517,663.1264991514238,1032.2,641.7
17497,17246,961.6812040354517,663.1264991514238,1032.2,641.7
17498,17246,961.6812040354517,663.1264991514238,1032.2,641.7
17499,17246,961.6812040354517,663.1264991514238,1032.2,641.7
17500,17246,961.6812040354517,663.1264991514238,1028.394117647059,644.2941176470589
17501,17246,961.6812040354517,663.1264991514238,1024.5882352941178,646.8882352941176
17502,17246,961.6812040354517,663.1264991514238,1020.7823529411766,649.4823529411765
17503,17246,961.6812040354517,663.1264991514238,1016.9764705882353,652.0764705882353
17504,17246,961.6812040354517,663.1264991514238,1013.1705882352942,654.6705882352942
17505,17246,961.6812040354517,663.1264991514238,1009.364705882353,657.2647058823529
17506,17246,961.6812040354517,663.1264991514238,1005.5588235294118,659.8588235294118
17507,17246,961.6812040354517,663.1264991514238,1001.7529411764706,662.4529411764706
17508,17246,961.6812040354517,663.1264991514238,997.9470588235295,665.0470588235294
17509,17246,961.6812040354517,663.1264991514238,994.1411764705882,667.6411764705882
17510,17246,961.6812040354517,663.1264991514238,990.3352941176471,670.2352941176471
17511,17246,961.6812040354517,663.1264991514238,986.5294117647059,672.8294117647058
17512,17246,961.6812040354517,663.1264991514238,982.7235294117647,675.4235294117647
17513,17246,961.6812040354517,663.1264991514238,978.9176470588235,678.0176470588235
17514,17246,961.6812040354517,663.1264991514238,975.1117647058824,680.6117647058824
17515,17246,961.6812040354517,663.1264991514238,971.3058823529411,683.2058823529411
17516,17246,961.6812040354517,663.1264991514238,967.5,685.8
17517,17246,961.6812040354517,663.1264991514238,967.5,685.8
17518,17246,961.6812040354517,663.1264991514238,967.5,685.8
17519,17246,961.6812040354517,663.1264991514238,967.5,685.8
17520,17246,961.6812040354517,663.1264991514238,967.5,685.8
17521,17246,961.6812040354517,663.1264991514238,967.5,685.8
17522,17246,961.6812040354517,663.1264991514238,967.5,685.8
17523,17246,1073.6812040354516,658.1264991514238,967.5,685.8
17524,17246,1073.6812040354516,658.1264991514238,967.5,685.8
17525,17246,1073.6812040354516,658.1264991514238,967.5,685.8
17526,17246,1073.6812040354516,658.1264991514238,967.5,685.8
17527,17246,1073.6812040354516,658.1264991514238,967.5,685.8
17528,17246,1073.6812040354516,658.1264991514238,967.5,685.8
17529,17246,1073.6812040354516,658.1264991514238,967.5,685.8
17530,17246,1073.6812040354516,658.1264991514238,967.5,685.8
17531,17246,1073.6812040354516,658.1264991514238,967.5,685.8
17532,17246,1073.6812040354516,658.1264991514238,967.5,685.8
17533,17246,1073.6812040354516,658.1264991514238,967.5,685.8
17534,17246,1073.6812040354516,658.1264991514238,967.5,685.8
17535,17246,1073.6812040354516,658.1264991514238,967.5,685.8
17536,17246,1073.6812040354516,658.1264991514238,967.5,685.8
17537,17246,1073.6812040354516,658.1264991514238,967.5,685.8
17538,17246,1073.6812040354516,658.1264991514238,967.5,685.8
17539,17246,1073.6812040354516,658.1264991514238,967.5,685.8
17540,17246,1073.6812040354516,658.1264991514238,967.5,685.8
17541,17246,1073.6812040354516,658.1264991514238,967.5,685.8
17542,17246,1073.6812040354516,658.1264991514238,967.5,685.8
17543,17246,1073.6812040354516,658.1264991514238,967.5,685.8
17544,17246,1073.6812040354516,658.1264991514238,967.5,685.8
17545,17246,1073.6812040354516,658.1264991514238,967.5,685.8
17546,17246,1073.6812040354516,658.1264991514238,967.5,685.8
17547,17246,1073.6812040354516,658.1264991514238,967.5,685.8
17548,17246,1073.6812040354516,658.1264991514238,967.5,685.8
17549,17246,1073.6812040354516,658.1264991514238,967.5,685.8
17550,17246,1073.6812040354516,658.1264991514238,967.5,685.8
17551,17246,1073.6812040354516,658.1264991514238,967.5,685.8
17552,17246,1073.6812040354516,658.1264991514238,967.5,685.8
17553,17246,1073.6812040354516,658.1264991514238,967.5,685.8
17554,17246,1073.6812040354516,658.1264991514238,967.5,685.8
17555,17246,1073.6812040354516,658.1264991514238,967.5,685.8
17556,17246,1185.6812040354516,653.1264991514238,967.5,685.8
17557,17246,1185.6812040354516,653.1264991514238,967.5,685.8
17558,17246,1185.6812040354516,653.1264991514238,967.5,685.8
17559,17246,1185.6812040354516,653.1264991514238,967.5,685.8
17560,17246,1185.6812040354516,653.1264991514238,967.5,685.8
17561,17246,1185.6812040354516,653.1264991514238,967.5,685.8
17562,17246,1185.6812040354516,653.1264991514238,967.5,685.8
17563,17246,1185.6812040354516,653.1264991514238,967.5,685.8
17564,17246,1185.6812040354516,653.1264991514238,967.5,685.8
17565,17246,1185.6812040354516,653.1264991514238,967.5,685.8
17566,17246,1185.6812040354516,653.1264991514238,967.5,685.8
17567,17246,1185.6812040354516,653.1264991514238,967.5,685.8
17568,17246,1185.6812040354516,653.1264991514238,967.5,685.8
17569,17246,1185.6812040354516,653.1264991514238,967.5,685.8
17570,17246,1185.6812040354516,653.1264991514238,967.5,685.8
17571,17246,1185.6812040354516,653.1264991514238,967.5,685.8
17572,17246,1185.6812040354516,653.1264991514238,967.5,685.8
17573,17246,1185.6812040354516,653.1264991514238,967.5,685.8
17574,17246,1185.6812040354516,653.1264991514238,967.5,685.8
17575,17246,1185.6812040354516,653.1264991514238,967.5,685.8
17576,17246,1185.6812040354516,653.1264991514238,967.5,685.8
17577,17246,1185.6812040354516,653.1264991514238,967.5,685.8
17578,17246,1185.6812040354516,653.1264991514238,967.5,685.8
17579,17246,1185.6812040354516,653.1264991514238,967.5,685.8
17580,17246,1185.6812040354516,653.1264991514238,967.5,685.8
17581,17246,1185.6812040354516,653.1264991514238,967.5,685.8
17582,17246,1185.6812040354516,653.1264991514238,967.5,685.8
17583,17246,1185.6812040354516,653.1264991514238,967.5,685.8
17584,17246,1185.6812040354516,653.1264991514238,967.5,685.8
17585,17246,1185.6812040354516,653.1264991514238,967.5,685.8
17586,17246,1185.6812040354516,653.1264991514238,967.5,685.8
17587,17246,1185.6812040354516,653.1264991514238,967.5,685.8
17588,17246,1185.6812040354516,653.1264991514238,967.5,685.8
17589,17246,1185.6812040354516,653.1264991514238,967.5,685.8
17590,17246,1185.6812040354516,653.1264991514238,967.5,685.8
17591,17246,1185.6812040354516,653.1264991514238,967.5,685.8
17592,17246,1185.6812040354516,653.1264991514238,967.5,685.8
17593,17246,1185.6812040354516,653.1264991514238,967.5,685.8
17594,17246,1185.6812040354516,653.1264991514238,967.5,685.8
17595,17246,1185.6812040354516,653.1264991514238,967.5,685.8
17596,17246,1185.6812040354516,653.1264991514238,967.5,685.8
17597,17246,1185.6812040354516,653.1264991514238,967.5,685.8
17598,17246,1185.6812040354516,653.1264991514238,967.5,685.8
17599,17246,1185.6812040354516,653.1264991514238,967.5,685.8
17600,17246,1185.6812040354516,653.1264991514238,967.5,685.8
17601,17246,1185.6812040354516,653.1264991514238,967.5,685.8
17602,17246,1185.6812040354516,653.1264991514238,967.5,685.8
17603,17246,1185.6812040354516,653.1264991514238,967.5,685.8
17604,17246,1185.6812040354516,653.1264991514238,967.5,685.8
17605,17246,1185.6812040354516,653.1264991514238,967.5,685.8
17606,17246,1185.6812040354516,653.1264991514238,967.5,685.8
17607,17246,1185.6812040354516,653.1264991514238,967.5,685.8
17608,17246,1185.6812040354516,653.1264991514238,967.5,685.8
17609,17246,1185.6812040354516,653.1264991514238,967.5,685.8
17610,17246,1185.6812040354516,653.1264991514238,967.5,685.8
17611,17246,1185.6812040354516,653.1264991514238,967.5,685.8
17612,17246,1185.6812040354516,653.1264991514238,967.5,685.8
17613,17246,1185.6812040354516,653.1264991514238,967.5,685.8
17614,17246,1185.6812040354516,653.1264991514238,967.5,685.8
17615,17246,1185.6812040354516,653.1264991514238,967.5,685.8
17616,17246,1185.6812040354516,653.1264991514238,967.5,685.8
17617,17246,1185.6812040354516,653.1264991514238,967.5,685.8
17618,17246,1185.6812040354516,653.1264991514238,967.5,685.8
17619,17246,1185.6812040354516,653.1264991514238,967.5,685.8
17620,17246,1185.6812040354516,653.1264991514238,967.5,685.8
17621,17246,1185.6812040354516,653.1264991514238,967.5,685.8
17622,17246,1185.6812040354516,653.1264991514238,967.5,685.8
17623,17246,1185.6812040354516,653.1264991514238,967.5,685.8
17624,17246,1185.6812040354516,653.1264991514238,967.5,685.8
17625,17246,1185.6812040354516,653.1264991514238,967.5,685.8
17626,17246,1185.6812040354516,653.1264991514238,967.5,685.8
17627,17246,1185.6812040354516,653.1264991514238,967.5,685.8
17628,17246,1185.6812040354516,653.1264991514238,967.5,685.8
17629,17246,1185.6812040354516,653.1264991514238,967.5,685.8
17630,17246,1185.6812040354516,653.1264991514238,967.5,685.8
17631,17246,1185.6812040354516,653.1264991514238,967.5,685.8
17632,17246,1185.6812040354516,653.1264991514238,967.5,685.8
17633,17246,1185.6812040354516,653.1264991514238,967.5,685.8
17634,17246,1185.6812040354516,653.1264991514238,967.5,685.8
17635,17246,1185.6812040354516,653.1264991514238,967.5,685.8
17636,17246,1185.6812040354516,653.1264991514238,967.5,685.8
17637,17246,1185.6812040354516,653.1264991514238,967.5,685.8
17638,17246,1185.6812040354516,653.1264991514238,967.5,685.8
17639,17246,1185.6812040354516,653.1264991514238,967.5,685.8
17640,17246,1185.6812040354516,653.1264991514238,967.5,685.8
17641,17246,1185.6812040354516,653.1264991514238,967.5,685.8
17642,17246,1185.6812040354516,653.1264991514238,967.5,685.8
17643,17246,1185.6812040354516,653.1264991514238,967.5,685.8
17644,17246,1185.6812040354516,653.1264991514238,967.5,685.8
17645,17246,1185.6812040354516,653.1264991514238,967.5,685.8
17646,17246,1185.6812040354516,653.1264991514238,967.5,685.8
17647,17246,1185.6812040354516,653.1264991514238,967.5,685.8
17648,17246,1185.6812040354516,653.1264991514238,967.5,685.8
17649,17246,1185.6812040354516,653.1264991514238,967.5,685.8
17650,17246,1185.6812040354516,653.1264991514238,967.5,685.8
17651,17246,1185.6812040354516,653.1264991514238,967.5,685.8
17652,17246,1185.6812040354516,653.1264991514238,967.5,685.8
17653,17246,1185.6812040354516,653.1264991514238,967.5,685.8
17654,17246,1185.6812040354516,653.1264991514238,967.5,685.8
17655,17246,1185.6812040354516,653.1264991514238,967.5,685.8
17656,17246,1185.6812040354516,653.1264991514238,967.5,685.8
17657,17246,1185.6812040354516,653.1264991514238,967.5,685.8
17658,17246,1185.6812040354516,653.1264991514238,967.5,685.8
17659,17246,1185.6812040354516,653.1264991514238,967.5,685.8
17660,17246,1185.6812040354516,653.1264991514238,967.5,685.8
17661,17246,1185.6812040354516,653.1264991514238,967.5,685.8
17662,17246,1185.6812040354516,653.1264991514238,967.5,685.8
17663,17246,1185.6812040354516,653.1264991514238,967.5,685.8
17664,17246,1185.6812040354516,653.1264991514238,967.5,685.8
17665,17246,1185.6812040354516,653.1264991514238,967.5,685.8
17666,17246,1185.6812040354516,653.1264991514238,967.5,685.8
17667,17246,1185.6812040354516,653.1264991514238,967.5,685.8
17668,17246,1185.6812040354516,653.1264991514238,967.5,685.8
17669,17246,1185.6812040354516,653.1264991514238,967.5,685.8
17670,17246,1185.6812040354516,653.1264991514238,967.5,685.8
17671,17246,1185.6812040354516,653.1264991514238,967.5,685.8
17672,17246,1185.6812040354516,653.1264991514238,967.5,685.8
17673,17246,1185.6812040354516,653.1264991514238,967.5,685.8
17674,17246,1185.6812040354516,653.1264991514238,967.5,685.8
17675,17246,1185.6812040354516,653.1264991514238,967.5,685.8
17676,17246,1185.6812040354516,653.1264991514238,967.5,685.8
17677,17246,1185.6812040354516,653.1264991514238,967.5,685.8
17678,17246,1185.6812040354516,653.1264991514238,967.5,685.8
17679,17246,1185.6812040354516,653.1264991514238,967.5,685.8
17680,17246,1185.6812040354516,653.1264991514238,967.5,685.8
17681,17246,1185.6812040354516,653.1264991514238,967.5,685.8
17682,17246,1185.6812040354516,653.1264991514238,967.5,685.8
17683,17246,1185.6812040354516,653.1264991514238,967.5,685.8
17684,17246,1185.6812040354516,653.1264991514238,967.5,685.8
17685,17246,1185.6812040354516,653.1264991514238,967.5,685.8
17686,17246,1185.6812040354516,653.1264991514238,967.5,685.8
17687,17246,1185.6812040354516,653.1264991514238,967.5,685.8
17688,17246,1185.6812040354516,653.1264991514238,967.5,685.8
17689,17246,1185.6812040354516,653.1264991514238,967.5,685.8
17690,17246,1185.6812040354516,653.1264991514238,967.5,685.8
17691,17246,1185.6812040354516,653.1264991514238,967.5,685.8
17692,17246,1185.6812040354516,653.1264991514238,967.5,685.8
17693,17246,1185.6812040354516,653.1264991514238,967.5,685.8
17694,17246,1185.6812040354516,653.1264991514238,967.5,685.8
17695,17246,1185.6812040354516,653.1264991514238,967.5,685.8
17696,17246,1185.6812040354516,653.1264991514238,967.5,685.8
17697,17246,1185.6812040354516,653.1264991514238,967.5,685.8
17698,17246,1185.6812040354516,653.1264991514238,967.5,685.8
17699,17246,1185.6812040354516,653.1264991514238,967.5,685.8
17700,17246,1185.6812040354516,653.1264991514238,967.5,685.8
17701,17246,1185.6812040354516,653.1264991514238,967.5,685.8
17702,17246,1185.6812040354516,653.1264991514238,967.5,685.8
17703,17246,1185.6812040354516,653.1264991514238,967.5,685.8
17704,17246,1185.6812040354516,653.1264991514238,967.5,685.8
17705,17246,1185.6812040354516,653.1264991514238,967.5,685.8
17706,17246,940.6812040354517,670.1264991514238,967.5,685.8
17707,17246,940.6812040354517,670.1264991514238,967.5,685.8
17708,17246,940.6812040354517,670.1264991514238,967.5,685.8
17709,17246,940.6812040354517,670.1264991514238,967.5,685.8
17710,17246,940.6812040354517,670.1264991514238,967.5,685.8
17711,17246,940.6812040354517,670.1264991514238,967.5,685.8
17712,17246,940.6812040354517,670.1264991514238,967.5,685.8
17713,17246,940.6812040354517,670.1264991514238,967.5,685.8
17714,17246,940.6812040354517,670.1264991514238,967.5,685.8
17715,17246,940.6812040354517,670.1264991514238,967.5,685.8
17716,17246,940.6812040354517,670.1264991514238,967.5,685.8
17717,17246,940.6812040354517,670.1264991514238,967.5,685.8
17718,17246,940.6812040354517,670.1264991514238,967.5,685.8
17719,17246,940.6812040354517,670.1264991514238,967.5,685.8
17720,17246,940.6812040354517,670.1264991514238,967.5,685.8
17721,17246,940.6812040354517,670.1264991514238,967.5,685.8
17722,17246,940.6812040354517,670.1264991514238,967.5,685.8
17723,17246,940.6812040354517,670.1264991514238,967.5,685.8
17724,17246,940.6812040354517,670.1264991514238,967.5,685.8
17725,17246,940.6812040354517,670.1264991514238,967.5,685.8
17726,17246,940.6812040354517,670.1264991514238,967.5,685.8
17727,17246,940.6812040354517,670.1264991514238,967.5,685.8
17728,17246,940.6812040354517,670.1264991514238,967.5,685.8
17729,17246,940.6812040354517,670.1264991514238,967.5,685.8
17730,17246,940.6812040354517,670.1264991514238,967.5,685.8
17731,17246,940.6812040354517,670.1264991514238,967.5,685.8
17732,17246,940.6812040354517,670.1264991514238,967.5,685.8
17733,17246,940.6812040354517,670.1264991514238,967.5,685.8
17734,17246,940.6812040354517,670.1264991514238,967.5,685.8
17735,17246,940.6812040354517,670.1264991514238,967.5,685.8
17736,17246,940.6812040354517,670.1264991514238,967.5,685.8
17737,17246,940.6812040354517,670.1264991514238,967.5,685.8
17738,17246,940.6812040354517,670.1264991514238,967.5,685.8
17739,17246,940.6812040354517,670.1264991514238,967.5,685.8
17740,17246,940.6812040354517,670.1264991514238,967.5,685.8
17741,17246,940.6812040354517,670.1264991514238,967.5,685.8
17742,17246,940.6812040354517,670.1264991514238,967.5,685.8
17743,17246,940.6812040354517,670.1264991514238,967.5,685.8
17744,17246,940.6812040354517,670.1264991514238,967.5,685.8
17745,17246,940.6812040354517,670.1264991514238,967.5,685.8
17746,17246,940.6812040354517,670.1264991514238,967.5,685.8
17747,17246,940.6812040354517,670.1264991514238,967.5,685.8
17748,17246,695.6812040354517,688.1264991514238,967.5,685.8
17749,17246,695.6812040354517,688.1264991514238,967.5,685.8
17750,17246,695.6812040354517,688.1264991514238,967.5,685.8
17751,17246,695.6812040354517,688.1264991514238,967.5,685.8
17752,17246,695.6812040354517,688.1264991514238,967.5,685.8
17753,17246,695.6812040354517,688.1264991514238,967.5,685.8
17754,17246,695.6812040354517,688.1264991514238,967.5,685.8
17755,17246,695.6812040354517,688.1264991514238,967.5,685.8
17756,17246,695.6812040354517,688.1264991514238,967.5,685.8
17757,17246,695.6812040354517,688.1264991514238,967.5,685.8
17758,17246,695.6812040354517,688.1264991514238,967.5,685.8
17759,17246,695.6812040354517,688.1264991514238,967.5,685.8
17760,17246,695.6812040354517,688.1264991514238,967.5,685.8
17761,17246,695.6812040354517,688.1264991514238,967.5,685.8
17762,17246,695.6812040354517,688.1264991514238,967.5,685.8
17763,17246,695.6812040354517,688.1264991514238,967.5,685.8
17764,17246,695.6812040354517,688.1264991514238,967.5,685.8
17765,17246,695.6812040354517,688.1264991514238,967.5,685.8
17766,17246,695.6812040354517,688.1264991514238,967.5,685.8
17767,17246,695.6812040354517,688.1264991514238,967.5,685.8
17768,17246,695.6812040354517,688.1264991514238,967.5,685.8
17769,17246,695.6812040354517,688.1264991514238,967.5,685.8
17770,17246,695.6812040354517,688.1264991514238,967.5,685.8
17771,17246,695.6812040354517,688.1264991514238,967.5,685.8
17772,17246,695.6812040354517,688.1264991514238,967.5,685.8
17773,17246,695.6812040354517,688.1264991514238,967.5,685.8
17774,17246,695.6812040354517,688.1264991514238,967.5,685.8
17775,17246,695.6812040354517,688.1264991514238,967.5,685.8
17776,17246,695.6812040354517,688.1264991514238,967.5,685.8
17777,17246,695.6812040354517,688.1264991514238,967.5,685.8
17778,17246,695.6812040354517,688.1264991514238,967.5,685.8
17779,17246,695.6812040354517,688.1264991514238,967.5,685.8
17780,17246,695.6812040354517,688.1264991514238,967.5,685.8
17781,17246,695.6812040354517,688.1264991514238,967.5,685.8
17782,17246,695.6812040354517,688.1264991514238,967.5,685.8
17783,17246,695.6812040354517,688.1264991514238,967.5,685.8
17784,17246,695.6812040354517,688.1264991514238,967.5,685.8
17785,17246,695.6812040354517,688.1264991514238,967.5,685.8
17786,17246,695.6812040354517,688.1264991514238,967.5,685.8
17787,17246,695.6812040354517,688.1264991514238,967.5,685.8
17788,17246,695.6812040354517,688.1264991514238,967.5,685.8
17789,17246,695.6812040354517,688.1264991514238,967.5,685.8
17790,17246,695.6812040354517,688.1264991514238,967.5,685.8
17791,17246,695.6812040354517,688.1264991514238,967.5,685.8
17792,17246,695.6812040354517,688.1264991514238,967.5,685.8
17793,17246,695.6812040354517,688.1264991514238,967.5,685.8
17794,17246,695.6812040354517,688.1264991514238,967.5,685.8
17795,17246,695.6812040354517,688.1264991514238,967.5,685.8
17796,17246,695.6812040354517,688.1264991514238,967.5,685.8
17797,17246,695.6812040354517,688.1264991514238,967.5,685.8
17798,17246,695.6812040354517,688.1264991514238,967.5,685.8
17799,17246,695.6812040354517,688.1264991514238,967.5,685.8
17800,17246,695.6812040354517,688.1264991514238,967.5,685.8
17801,17246,695.6812040354517,688.1264991514238,967.5,685.8
17802,17246,695.6812040354517,688.1264991514238,967.5,685.8
17803,17246,695.6812040354517,688.1264991514238,967.5,685.8
17804,17246,695.6812040354517,688.1264991514238,967.5,685.8
17805,17246,695.6812040354517,688.1264991514238,967.5,685.8
17806,17246,695.6812040354517,688.1264991514238,967.5,685.8
17807,17246,695.6812040354517,688.1264991514238,967.5,685.8
17808,17246,695.6812040354517,688.1264991514238,967.5,685.8
17809,17246,695.6812040354517,688.1264991514238,967.5,685.8
17810,17246,695.6812040354517,688.1264991514238,967.5,685.8
17811,17246,695.6812040354517,688.1264991514238,967.5,685.8
17812,17246,695.6812040354517,688.1264991514238,967.5,685.8
17813,17246,695.6812040354517,688.1264991514238,967.5,685.8
17814,17246,695.6812040354517,688.1264991514238,967.5,685.8
17815,17246,695.6812040354517,688.1264991514238,967.5,685.8
17816,17246,695.6812040354517,688.1264991514238,967.5,685.8
17817,17246,695.6812040354517,688.1264991514238,967.5,685.8
17818,17246,695.6812040354517,688.1264991514238,967.5,685.8
17819,17246,695.6812040354517,688.1264991514238,967.5,685.8
17820,17246,695.6812040354517,688.1264991514238,967.5,685.8
17821,17246,695.6812040354517,688.1264991514238,967.5,685.8
17822,17246,695.6812040354517,688.1264991514238,967.5,685.8
17823,17246,695.6812040354517,688.1264991514238,967.5,685.8
17824,17246,695.6812040354517,688.1264991514238,967.5,685.8
17825,17246,695.6812040354517,688.1264991514238,967.5,685.8
17826,17246,695.6812040354517,688.1264991514238,967.5,685.8
17827,17246,695.6812040354517,688.1264991514238,967.5,685.8
17828,17246,695.6812040354517,688.1264991514238,967.5,685.8
17829,17246,695.6812040354517,688.1264991514238,967.5,685.8
17830,17246,695.6812040354517,688.1264991514238,967.5,685.8
17831,17246,695.6812040354517,688.1264991514238,967.5,685.8
17832,17246,695.6812040354517,688.1264991514238,967.5,685.8
17833,17246,695.6812040354517,688.1264991514238,967.5,685.8
17834,17246,695.6812040354517,688.1264991514238,967.5,685.8
17835,17246,695.6812040354517,688.1264991514238,967.5,685.8
17836,17246,695.6812040354517,688.1264991514238,967.5,685.8
17837,17246,695.6812040354517,688.1264991514238,967.5,685.8
17838,17246,695.6812040354517,688.1264991514238,967.5,685.8
17839,17246,695.6812040354517,688.1264991514238,967.5,685.8
17840,17246,646.6812040354517,672.1264991514238,967.5,685.8
17841,17246,646.6812040354517,672.1264991514238,967.5,685.8
17842,17246,646.6812040354517,672.1264991514238,967.5,685.8
17843,17246,646.6812040354517,672.1264991514238,967.5,685.8
17844,17246,646.6812040354517,672.1264991514238,967.5,685.8
17845,17246,646.6812040354517,672.1264991514238,967.5,685.8
17846,17246,646.6812040354517,672.1264991514238,967.5,685.8
17847,17246,646.6812040354517,672.1264991514238,967.5,685.8
17848,17246,646.6812040354517,672.1264991514238,967.5,685.8
17849,17246,646.6812040354517,672.1264991514238,967.5,685.8
17850,17246,646.6812040354517,672.1264991514238,967.5,685.8
17851,17246,646.6812040354517,672.1264991514238,967.5,685.8
17852,17246,646.6812040354517,672.1264991514238,967.5,685.8
17853,17246,646.6812040354517,672.1264991514238,967.5,685.8
17854,17246,646.6812040354517,672.1264991514238,967.5,685.8
17855,17246,646.6812040354517,672.1264991514238,967.5,685.8
17856,17246,646.6812040354517,672.1264991514238,967.5,685.8
17857,17246,646.6812040354517,672.1264991514238,967.5,685.8
17858,17246,646.6812040354517,672.1264991514238,967.5,685.8
17859,17246,646.6812040354517,672.1264991514238,967.5,685.8
17860,17246,646.6812040354517,672.1264991514238,967.5,685.8
17861,17246,646.6812040354517,672.1264991514238,967.5,685.8
17862,17246,646.6812040354517,672.1264991514238,967.5,685.8
17863,17246,646.6812040354517,672.1264991514238,967.5,685.8
17864,17246,646.6812040354517,672.1264991514238,967.5,685.8
17865,17246,646.6812040354517,672.1264991514238,967.5,685.8
17866,17246,646.6812040354517,672.1264991514238,967.5,685.8
17867,17246,646.6812040354517,672.1264991514238,967.5,685.8
17868,17246,646.6812040354517,672.1264991514238,967.5,685.8
17869,17246,646.6812040354517,672.1264991514238,967.5,685.8
17870,17246,646.6812040354517,672.1264991514238,967.5,685.8
17871,17246,646.6812040354517,672.1264991514238,967.5,685.8
17872,17246,646.6812040354517,672.1264991514238,967.5,685.8
17873,17246,598.6812040354517,657.1264991514238,967.5,685.8
17874,17246,598.6812040354517,657.1264991514238,967.5,685.8
17875,17246,598.6812040354517,657.1264991514238,967.5,685.8
17876,17246,598.6812040354517,657.1264991514238,967.5,685.8
17877,17246,598.6812040354517,657.1264991514238,967.5,685.8
17878,17247,598.6812040354517,657.1264991514238,967.5,685.8
17879,17247,598.6812040354517,657.1264991514238,967.5,685.8
17880,17247,598.6812040354517,657.1264991514238,967.5,685.8
17881,17247,598.6812040354517,657.1264991514238,967.5,685.8
17882,17247,598.6812040354517,657.1264991514238,967.5,685.8
17883,17247,598.6812040354517,657.1264991514238,967.5,685.8
17884,17247,598.6812040354517,657.1264991514238,967.5,685.8
17885,17247,598.6812040354517,657.1264991514238,972.276923076923,683.7692307692307
17886,17247,598.6812040354517,657.1264991514238,977.0538461538462,681.7384615384615
17887,17247,598.6812040354517,657.1264991514238,981.8307692307692,679.7076923076922
17888,17247,598.6812040354517,657.1264991514238,986.6076923076923,677.676923076923
17889,17247,598.6812040354517,657.1264991514238,991.3846153846154,675.6461538461538
17890,17247,598.6812040354517,657.1264991514238,996.1615384615384,673.6153846153845
17891,17247,598.6812040354517,657.1264991514238,1000.9384615384615,671.5846153846154
17892,17247,598.6812040354517,657.1264991514238,1005.7153846153846,669.5538461538462
17893,17247,598.6812040354517,657.1264991514238,1010.4923076923076,667.5230769230769
17894,17247,598.6812040354517,657.1264991514238,1015.2692307692307,665.4923076923077
17895,17247,598.6812040354517,657.1264991514238,1020.0461538461537,663.4615384615385
17896,17247,598.6812040354517,657.1264991514238,1024.8230769230768,661.4307692307692
17897,17247,598.6812040354517,657.1264991514238,1029.6,659.4
17898,17247,598.6812040354517,657.1264991514238,1029.6,659.4
17899,17247,598.6812040354517,657.1264991514238,1029.6,659.4
17900,17247,598.6812040354517,657.1264991514238,1029.6,659.4
17901,17247,598.6812040354517,657.1264991514238,1029.6,659.4
17902,17247,598.6812040354517,657.1264991514238,1029.6,659.4
17903,17247,598.6812040354517,657.1264991514238,1029.6,659.4
17904,17247,598.6812040354517,657.1264991514238,1029.6,659.4
17905,17247,598.6812040354517,657.1264991514238,1029.6,659.4
17906,17247,598.6812040354517,657.1264991514238,1029.6,659.4
17907,17247,598.6812040354517,657.1264991514238,1029.6,659.4
17908,17247,598.6812040354517,657.1264991514238,1029.6,659.4
17909,17247,598.6812040354517,657.1264991514238,1029.6,659.4
17910,17247,598.6812040354517,657.1264991514238,1029.6,659.4
17911,17247,598.6812040354517,657.1264991514238,1029.6,659.4
17912,17247,598.6812040354517,657.1264991514238,1029.6,659.4
17913,17247,598.6812040354517,657.1264991514238,1029.6,659.4
17914,17247,598.6812040354517,657.1264991514238,1029.6,659.4
17915,17247,598.6812040354517,657.1264991514238,1029.6,659.4
17916,17247,598.6812040354517,657.1264991514238,1029.6,659.4
17917,17247,598.6812040354517,657.1264991514238,1029.6,659.4
17918,17247,598.6812040354517,657.1264991514238,1029.6,659.4
17919,17247,598.6812040354517,657.1264991514238,1029.6,659.4
17920,17247,598.6812040354517,657.1264991514238,1029.6,659.4
17921,17247,598.6812040354517,657.1264991514238,1029.6,659.4
17922,17247,598.6812040354517,657.1264991514238,1029.6,659.4
17923,17247,598.6812040354517,657.1264991514238,1029.6,659.4
17924,17247,598.6812040354517,657.1264991514238,1029.6,659.4
17925,17247,598.6812040354517,657.1264991514238,1029.6,659.4
17926,17247,598.6812040354517,657.1264991514238,1029.6,659.4
17927,17247,598.6812040354517,657.1264991514238,1029.6,659.4
17928,17247,598.6812040354517,657.1264991514238,1029.6,659.4
17929,17247,598.6812040354517,657.1264991514238,1029.6,659.4
17930,17247,598.6812040354517,657.1264991514238,1029.6,659.4
17931,17247,598.6812040354517,657.1264991514238,1029.6,659.4
17932,17247,598.6812040354517,657.1264991514238,1029.6,659.4
17933,17247,598.6812040354517,657.1264991514238,1029.6,659.4
17934,17247,598.6812040354517,657.1264991514238,1029.6,659.4
17935,17247,598.6812040354517,657.1264991514238,1029.6,659.4
17936,17247,598.6812040354517,657.1264991514238,1029.6,659.4
17937,17247,598.6812040354517,657.1264991514238,1029.6,659.4
17938,17247,598.6812040354517,657.1264991514238,1029.6,659.4
17939,17247,598.6812040354517,657.1264991514238,1029.6,659.4
17940,17247,598.6812040354517,657.1264991514238,1029.6,659.4
17941,17247,598.6812040354517,657.1264991514238,1029.6,659.4
17942,17247,598.6812040354517,657.1264991514238,1029.6,659.4
17943,17247,598.6812040354517,657.1264991514238,1029.6,659.4
17944,17247,598.6812040354517,657.1264991514238,1029.6,659.4
17945,17247,598.6812040354517,657.1264991514238,1029.6,659.4
17946,17247,598.6812040354517,657.1264991514238,1029.6,659.4
17947,17247,598.6812040354517,657.1264991514238,1029.6,659.4
17948,17247,598.6812040354517,657.1264991514238,1029.6,659.4
17949,17247,598.6812040354517,657.1264991514238,1029.6,659.4
17950,17247,598.6812040354517,657.1264991514238,1029.6,659.4
17951,17247,598.6812040354517,657.1264991514238,1029.6,659.4
17952,17247,598.6812040354517,657.1264991514238,1029.6,659.4
17953,17247,598.6812040354517,657.1264991514238,1029.6,659.4
17954,17247,598.6812040354517,657.1264991514238,1029.6,659.4
17955,17247,598.6812040354517,657.1264991514238,1029.6,659.4
17956,17247,598.6812040354517,657.1264991514238,1029.6,659.4
17957,17247,598.6812040354517,657.1264991514238,1029.6,659.4
17958,17247,598.6812040354517,657.1264991514238,1029.6,659.4
17959,17247,598.6812040354517,657.1264991514238,1029.6,659.4
17960,17247,598.6812040354517,657.1264991514238,1029.6,659.4
17961,17247,598.6812040354517,657.1264991514238,1029.6,659.4
17962,17247,598.6812040354517,657.1264991514238,1029.6,659.4
17963,17247,598.6812040354517,657.1264991514238,1029.6,659.4
17964,17247,598.6812040354517,657.1264991514238,1029.6,659.4
17965,17247,598.6812040354517,657.1264991514238,1029.6,659.4
17966,17247,598.6812040354517,657.1264991514238,1029.6,659.4
17967,17247,598.6812040354517,657.1264991514238,1029.6,659.4
17968,17247,598.6812040354517,657.1264991514238,1029.6,659.4
17969,17247,598.6812040354517,657.1264991514238,1029.6,659.4
17970,17247,598.6812040354517,657.1264991514238,1029.6,659.4
17971,17247,598.6812040354517,657.1264991514238,1029.6,659.4
17972,17247,598.6812040354517,657.1264991514238,1029.6,659.4
17973,17247,598.6812040354517,657.1264991514238,1029.6,659.4
17974,17247,598.6812040354517,657.1264991514238,1029.6,659.4
17975,17247,598.6812040354517,657.1264991514238,1029.6,659.4
17976,17247,598.6812040354517,657.1264991514238,1029.6,659.4
17977,17247,598.6812040354517,657.1264991514238,1029.6,659.4
17978,17247,598.6812040354517,657.1264991514238,1029.6,659.4
17979,17247,598.6812040354517,657.1264991514238,1029.6,659.4
17980,17247,598.6812040354517,657.1264991514238,1029.6,659.4
17981,17247,598.6812040354517,657.1264991514238,1029.6,659.4
17982,17247,598.6812040354517,657.1264991514238,1029.6,659.4
17983,17247,598.6812040354517,657.1264991514238,1029.6,659.4
17984,17247,598.6812040354517,657.1264991514238,1029.6,659.4
17985,17247,598.6812040354517,657.1264991514238,1029.6,659.4
17986,17247,598.6812040354517,657.1264991514238,1029.6,659.4
17987,17247,598.6812040354517,657.1264991514238,1029.6,659.4
17988,17247,598.6812040354517,657.1264991514238,1029.6,659.4
17989,17247,598.6812040354517,657.1264991514238,1029.6,659.4
17990,17247,598.6812040354517,657.1264991514238,1029.6,659.4
17991,17247,598.6812040354517,657.1264991514238,1029.6,659.4
17992,17247,598.6812040354517,657.1264991514238,1029.6,659.4
17993,17247,598.6812040354517,657.1264991514238,1029.6,659.4
17994,17247,598.6812040354517,657.1264991514238,1029.6,659.4
17995,17247,598.6812040354517,657.1264991514238,1029.6,659.4
17996,17247,598.6812040354517,657.1264991514238,1029.6,659.4
17997,17247,598.6812040354517,657.1264991514238,1029.6,659.4
17998,17247,598.6812040354517,657.1264991514238,1029.6,659.4
17999,17247,598.6812040354517,657.1264991514238,1029.6,659.4
18000,17247,598.6812040354517,657.1264991514238,1029.6,659.4
18001,17247,598.6812040354517,657.1264991514238,1029.6,659.4
18002,17247,598.6812040354517,657.1264991514238,1029.6,659.4
18003,17247,598.6812040354517,657.1264991514238,1029.6,659.4
18004,17247,598.6812040354517,657.1264991514238,1029.6,659.4
18005,17247,598.6812040354517,657.1264991514238,1029.6,659.4
18006,17247,598.6812040354517,657.1264991514238,1029.6,659.4
18007,17247,598.6812040354517,657.1264991514238,1029.6,659.4
18008,17247,598.6812040354517,657.1264991514238,1029.6,659.4
18009,17247,598.6812040354517,657.1264991514238,1029.6,659.4
18010,17247,598.6812040354517,657.1264991514238,1029.6,659.4
18011,17247,598.6812040354517,657.1264991514238,1029.6,659.4
18012,17247,598.6812040354517,657.1264991514238,1029.6,659.4
18013,17247,598.6812040354517,657.1264991514238,1029.6,659.4
18014,17247,598.6812040354517,657.1264991514238,1029.6,659.4
18015,17247,598.6812040354517,657.1264991514238,1029.6,659.4
18016,17247,598.6812040354517,657.1264991514238,1029.6,659.4
18017,17247,598.6812040354517,657.1264991514238,1029.6,659.4
18018,17247,598.6812040354517,657.1264991514238,1029.6,659.4
18019,17247,598.6812040354517,657.1264991514238,1029.6,659.4
18020,17247,598.6812040354517,657.1264991514238,1029.6,659.4
18021,17247,598.6812040354517,657.1264991514238,1029.6,659.4
18022,17247,598.6812040354517,657.1264991514238,1029.6,659.4
18023,17247,598.6812040354517,657.1264991514238,1029.6,659.4
18024,17247,598.6812040354517,657.1264991514238,1029.6,659.4
18025,17247,598.6812040354517,657.1264991514238,1029.6,659.4
18026,17247,598.6812040354517,657.1264991514238,1029.6,659.4
18027,17247,598.6812040354517,657.1264991514238,1029.6,659.4
18028,17247,598.6812040354517,657.1264991514238,1029.6,659.4
18029,17247,598.6812040354517,657.1264991514238,1029.6,659.4
18030,17247,598.6812040354517,657.1264991514238,1029.6,659.4
18031,17247,598.6812040354517,657.1264991514238,1029.6,659.4
18032,17247,598.6812040354517,657.1264991514238,1029.6,659.4
18033,17247,598.6812040354517,657.1264991514238,1029.6,659.4
18034,17247,598.6812040354517,657.1264991514238,1029.6,659.4
18035,17247,598.6812040354517,657.1264991514238,1029.6,659.4
18036,17247,598.6812040354517,657.1264991514238,1029.6,659.4
18037,17247,598.6812040354517,657.1264991514238,1029.6,659.4
18038,17247,598.6812040354517,657.1264991514238,1029.6,659.4
18039,17247,598.6812040354517,657.1264991514238,1029.6,659.4
18040,17247,771.6812040354517,462.12649915142373,1029.6,659.4
18041,17247,771.6812040354517,462.12649915142373,1029.6,659.4
18042,17247,771.6812040354517,462.12649915142373,1029.6,659.4
18043,17247,771.6812040354517,462.12649915142373,1029.6,659.4
18044,17247,771.6812040354517,462.12649915142373,1029.6,659.4
18045,17247,771.6812040354517,462.12649915142373,1029.6,659.4
18046,17247,771.6812040354517,462.12649915142373,1029.6,659.4
18047,17247,771.6812040354517,462.12649915142373,1029.6,659.4
18048,17247,771.6812040354517,462.12649915142373,1029.6,659.4
18049,17247,771.6812040354517,462.12649915142373,1029.6,659.4
18050,17247,771.6812040354517,462.12649915142373,1029.6,659.4
18051,17247,771.6812040354517,462.12649915142373,1029.6,659.4
18052,17247,771.6812040354517,462.12649915142373,1029.6,659.4
18053,17247,771.6812040354517,462.12649915142373,1029.6,659.4
18054,17247,771.6812040354517,462.12649915142373,1029.6,659.4
18055,17247,771.6812040354517,462.12649915142373,1029.6,659.4
18056,17247,771.6812040354517,462.12649915142373,1029.6,659.4
18057,17247,771.6812040354517,462.12649915142373,1029.6,659.4
18058,17247,771.6812040354517,462.12649915142373,1029.6,659.4
18059,17247,771.6812040354517,462.12649915142373,1029.6,659.4
18060,17247,771.6812040354517,462.12649915142373,1029.6,659.4
18061,17247,771.6812040354517,462.12649915142373,1029.6,659.4
18062,17247,771.6812040354517,462.12649915142373,1029.6,659.4
18063,17247,771.6812040354517,462.12649915142373,1029.6,659.4
18064,17247,771.6812040354517,462.12649915142373,1029.6,659.4
18065,17247,771.6812040354517,462.12649915142373,1029.6,659.4
18066,17247,771.6812040354517,462.12649915142373,1029.6,659.4
18067,17247,771.6812040354517,462.12649915142373,1029.6,659.4
18068,17247,771.6812040354517,462.12649915142373,1029.6,659.4
18069,17247,771.6812040354517,462.12649915142373,1029.6,659.4
18070,17247,771.6812040354517,462.12649915142373,1029.6,659.4
18071,17247,771.6812040354517,462.12649915142373,1029.6,659.4
18072,17247,771.6812040354517,462.12649915142373,1029.6,659.4
18073,17247,943.6812040354517,267.12649915142373,1029.6,659.4
18074,17247,943.6812040354517,267.12649915142373,1029.6,659.4
18075,17247,943.6812040354517,267.12649915142373,1029.6,659.4
18076,17247,943.6812040354517,267.12649915142373,1029.6,659.4
18077,17247,943.6812040354517,267.12649915142373,1029.6,659.4
18078,17247,943.6812040354517,267.12649915142373,1029.6,659.4
18079,17247,943.6812040354517,267.12649915142373,1029.6,659.4
18080,17247,943.6812040354517,267.12649915142373,1029.6,659.4
18081,17247,943.6812040354517,267.12649915142373,1029.6,659.4
18082,17247,943.6812040354517,267.12649915142373,1029.6,659.4
18083,17247,943.6812040354517,267.12649915142373,1029.6,659.4
18084,17247,943.6812040354517,267.12649915142373,1029.6,659.4
18085,17247,943.6812040354517,267.12649915142373,1029.6,659.4
18086,17247,943.6812040354517,267.12649915142373,1029.6,659.4
18087,17247,943.6812040354517,267.12649915142373,1029.6,659.4
18088,17247,943.6812040354517,267.12649915142373,1029.6,659.4
18089,17247,943.6812040354517,267.12649915142373,1029.6,659.4
18090,17247,943.6812040354517,267.12649915142373,1029.6,659.4
18091,17247,943.6812040354517,267.12649915142373,1029.6,659.4
18092,17247,943.6812040354517,267.12649915142373,1029.6,659.4
18093,17247,943.6812040354517,267.12649915142373,1029.6,659.4
18094,17247,943.6812040354517,267.12649915142373,1029.6,659.4
18095,17247,943.6812040354517,267.12649915142373,1029.6,659.4
18096,17247,943.6812040354517,267.12649915142373,1029.6,659.4
18097,17247,943.6812040354517,267.12649915142373,1029.6,659.4
18098,17247,943.6812040354517,267.12649915142373,1029.6,659.4
18099,17247,943.6812040354517,267.12649915142373,1029.6,659.4
18100,17247,943.6812040354517,267.12649915142373,1029.6,659.4
18101,17247,943.6812040354517,267.12649915142373,1029.6,659.4
18102,17247,943.6812040354517,267.12649915142373,1029.6,659.4
18103,17247,943.6812040354517,267.12649915142373,1029.6,659.4
18104,17247,943.6812040354517,267.12649915142373,1029.6,659.4
18105,17247,943.6812040354517,267.12649915142373,1029.6,659.4
18106,17247,943.6812040354517,267.12649915142373,1029.6,659.4
18107,17247,943.6812040354517,267.12649915142373,1029.6,659.4
18108,17247,943.6812040354517,267.12649915142373,1029.6,659.4
18109,17247,943.6812040354517,267.12649915142373,1025.98,658.9133333333333
18110,17247,943.6812040354517,267.12649915142373,1022.3599999999999,658.4266666666666
18111,17247,943.6812040354517,267.12649915142373,1018.7399999999999,657.9399999999999
18112,17247,943.6812040354517,267.12649915142373,1015.1199999999999,657.4533333333334
18113,17247,943.6812040354517,267.12649915142373,1011.4999999999999,656.9666666666667
18114,17247,943.6812040354517,267.12649915142373,1007.8799999999999,656.48
18115,17247,943.6812040354517,267.12649915142373,1004.2599999999999,655.9933333333333
18116,17247,943.6812040354517,267.12649915142373,1000.64,655.5066666666667
18117,17247,943.6812040354517,267.12649915142373,997.02,655.02
18118,17247,943.6812040354517,267.12649915142373,993.4,654.5333333333333
18119,17247,943.6812040354517,267.12649915142373,989.78,654.0466666666666
18120,17247,943.6812040354517,267.12649915142373,986.16,653.5600000000001
18121,17247,943.6812040354517,267.12649915142373,982.54,653.0733333333334
18122,17247,943.6812040354517,267.12649915142373,978.92,652.5866666666667
18123,17247,943.6812040354517,267.12649915142373,975.3,652.1
18124,17247,943.6812040354517,267.12649915142373,975.3,652.1
18125,17247,943.6812040354517,267.12649915142373,975.3,652.1
18126,17247,943.6812040354517,267.12649915142373,975.3,652.1
18127,17247,943.6812040354517,267.12649915142373,975.3,652.1
18128,17247,943.6812040354517,267.12649915142373,975.3,652.1
18129,17247,943.6812040354517,267.12649915142373,975.3,652.1
18130,17247,943.6812040354517,267.12649915142373,975.3,652.1
18131,17247,943.6812040354517,267.12649915142373,975.3,652.1
18132,17247,943.6812040354517,267.12649915142373,975.3,652.1
18133,17247,943.6812040354517,267.12649915142373,975.3,652.1
18134,17247,943.6812040354517,267.12649915142373,975.3,652.1
18135,17247,943.6812040354517,267.12649915142373,975.3,652.1
18136,17247,943.6812040354517,267.12649915142373,975.3,652.1
18137,17247,943.6812040354517,267.12649915142373,975.3,652.1
18138,17247,943.6812040354517,267.12649915142373,975.3,652.1
18139,17247,943.6812040354517,267.12649915142373,975.3,652.1
18140,17247,943.6812040354517,267.12649915142373,975.3,652.1
18141,17247,943.6812040354517,267.12649915142373,975.3,652.1
18142,17247,943.6812040354517,267.12649915142373,975.3,652.1
18143,17247,943.6812040354517,267.12649915142373,975.3,652.1
18144,17247,943.6812040354517,267.12649915142373,975.3,652.1
18145,17247,943.6812040354517,267.12649915142373,975.3,652.1
18146,17247,943.6812040354517,267.12649915142373,975.3,652.1
18147,17247,943.6812040354517,267.12649915142373,975.3,652.1
18148,17247,943.6812040354517,267.12649915142373,975.3,652.1
18149,17247,943.6812040354517,267.12649915142373,975.3,652.1
18150,17247,943.6812040354517,267.12649915142373,975.3,652.1
18151,17247,943.6812040354517,267.12649915142373,975.3,652.1
18152,17247,943.6812040354517,267.12649915142373,975.3,652.1
18153,17247,943.6812040354517,267.12649915142373,975.3,652.1
18154,17247,943.6812040354517,267.12649915142373,975.3,652.1
18155,17247,943.6812040354517,267.12649915142373,975.3,652.1
18156,17247,943.6812040354517,267.12649915142373,975.3,652.1
18157,17247,943.6812040354517,267.12649915142373,975.3,652.1
18158,17247,943.6812040354517,267.12649915142373,975.3,652.1
18159,17247,943.6812040354517,267.12649915142373,975.3,652.1
18160,17247,943.6812040354517,267.12649915142373,975.3,652.1
18161,17247,943.6812040354517,267.12649915142373,975.3,652.1
18162,17247,943.6812040354517,267.12649915142373,975.3,652.1
18163,17247,943.6812040354517,267.12649915142373,975.3,652.1
18164,17247,943.6812040354517,267.12649915142373,975.3,652.1
18165,17247,943.6812040354517,267.12649915142373,975.3,652.1
18166,17247,943.6812040354517,267.12649915142373,975.3,652.1
18167,17247,943.6812040354517,267.12649915142373,975.3,652.1
18168,17247,943.6812040354517,267.12649915142373,975.3,652.1
18169,17247,943.6812040354517,267.12649915142373,975.3,652.1
18170,17247,943.6812040354517,267.12649915142373,975.3,652.1
18171,17247,943.6812040354517,267.12649915142373,975.3,652.1
18172,17247,943.6812040354517,267.12649915142373,975.3,652.1
18173,17247,801.6812040354517,450.12649915142373,975.3,652.1
18174,17247,801.6812040354517,450.12649915142373,975.3,652.1
18175,17247,801.6812040354517,450.12649915142373,975.3,652.1
18176,17247,801.6812040354517,450.12649915142373,975.3,652.1
18177,17247,801.6812040354517,450.12649915142373,975.3,652.1
18178,17247,801.6812040354517,450.12649915142373,975.3,652.1
18179,17247,801.6812040354517,450.12649915142373,975.3,652.1
18180,17247,801.6812040354517,450.12649915142373,975.3,652.1
18181,17247,801.6812040354517,450.12649915142373,975.3,652.1
18182,17247,801.6812040354517,450.12649915142373,975.3,652.1
18183,17247,801.6812040354517,450.12649915142373,975.3,652.1
18184,17247,801.6812040354517,450.12649915142373,975.3,652.1
18185,17247,801.6812040354517,450.12649915142373,975.3,652.1
18186,17247,801.6812040354517,450.12649915142373,975.3,652.1
18187,17247,801.6812040354517,450.12649915142373,975.3,652.1
18188,17247,801.6812040354517,450.12649915142373,975.3,652.1
18189,17247,801.6812040354517,450.12649915142373,975.3,652.1
18190,17247,801.6812040354517,450.12649915142373,975.3,652.1
18191,17247,801.6812040354517,450.12649915142373,975.3,652.1
18192,17247,801.6812040354517,450.12649915142373,975.3,652.1
18193,17247,801.6812040354517,450.12649915142373,975.3,652.1
18194,17247,801.6812040354517,450.12649915142373,975.3,652.1
18195,17247,801.6812040354517,450.12649915142373,975.3,652.1
18196,17247,801.6812040354517,450.12649915142373,975.3,652.1
18197,17247,801.6812040354517,450.12649915142373,975.3,652.1
18198,17247,801.6812040354517,450.12649915142373,975.3,652.1
18199,17247,801.6812040354517,450.12649915142373,975.3,652.1
18200,17247,801.6812040354517,450.12649915142373,975.3,652.1
18201,17247,801.6812040354517,450.12649915142373,975.3,652.1
18202,17247,801.6812040354517,450.12649915142373,975.3,652.1
18203,17247,801.6812040354517,450.12649915142373,975.3,652.1
18204,17247,801.6812040354517,450.12649915142373,975.3,652.1
18205,17247,801.6812040354517,450.12649915142373,975.3,652.1
18206,17247,659.6812040354517,633.1264991514238,975.3,652.1
18207,17247,659.6812040354517,633.1264991514238,975.3,652.1
18208,17247,659.6812040354517,633.1264991514238,975.3,652.1
18209,17247,659.6812040354517,633.1264991514238,975.3,652.1
18210,17247,659.6812040354517,633.1264991514238,975.3,652.1
18211,17247,659.6812040354517,633.1264991514238,975.3,652.1
18212,17247,659.6812040354517,633.1264991514238,975.3,652.1
18213,17247,659.6812040354517,633.1264991514238,975.3,652.1
18214,17247,659.6812040354517,633.1264991514238,975.3,652.1
18215,17247,659.6812040354517,633.1264991514238,975.3,652.1
18216,17247,659.6812040354517,633.1264991514238,975.3,652.1
18217,17247,659.6812040354517,633.1264991514238,975.3,652.1
18218,17247,659.6812040354517,633.1264991514238,975.3,652.1
18219,17247,659.6812040354517,633.1264991514238,975.3,652.1
18220,17247,659.6812040354517,633.1264991514238,975.3,652.1
18221,17247,659.6812040354517,633.1264991514238,975.3,652.1
18222,17247,659.6812040354517,633.1264991514238,975.3,652.1
18223,17247,659.6812040354517,633.1264991514238,975.3,652.1
18224,17247,659.6812040354517,633.1264991514238,975.3,652.1
18225,17247,659.6812040354517,633.1264991514238,975.3,652.1
18226,17247,659.6812040354517,633.1264991514238,975.3,652.1
18227,17247,659.6812040354517,633.1264991514238,975.3,652.1
18228,17247,659.6812040354517,633.1264991514238,975.3,652.1
18229,17247,659.6812040354517,633.1264991514238,975.3,652.1
18230,17247,659.6812040354517,633.1264991514238,975.3,652.1
18231,17247,659.6812040354517,633.1264991514238,975.3,652.1
18232,17247,659.6812040354517,633.1264991514238,975.3,652.1
18233,17247,659.6812040354517,633.1264991514238,975.3,652.1
18234,17247,659.6812040354517,633.1264991514238,975.3,652.1
18235,17247,659.6812040354517,633.1264991514238,975.3,652.1
18236,17247,659.6812040354517,633.1264991514238,975.3,652.1
18237,17247,659.6812040354517,633.1264991514238,975.3,652.1
18238,17247,659.6812040354517,633.1264991514238,975.3,652.1
18239,17247,659.6812040354517,633.1264991514238,975.3,652.1
18240,17247,659.6812040354517,633.1264991514238,975.3,652.1
18241,17247,659.6812040354517,633.1264991514238,975.3,652.1
18242,17247,659.6812040354517,633.1264991514238,975.3,652.1
18243,17247,659.6812040354517,633.1264991514238,975.3,652.1
18244,17247,659.6812040354517,633.1264991514238,975.3,652.1
18245,17247,659.6812040354517,633.1264991514238,975.3,652.1
18246,17247,659.6812040354517,633.1264991514238,975.3,652.1
18247,17247,659.6812040354517,633.1264991514238,975.3,652.1
18248,17247,659.6812040354517,633.1264991514238,975.3,652.1
18249,17247,659.6812040354517,633.1264991514238,975.3,652.1
18250,17247,659.6812040354517,633.1264991514238,975.3,652.1
18251,17247,659.6812040354517,633.1264991514238,975.3,652.1
18252,17247,659.6812040354517,633.1264991514238,975.3,652.1
18253,17247,659.6812040354517,633.1264991514238,975.3,652.1
18254,17247,659.6812040354517,633.1264991514238,975.3,652.1
18255,17247,659.6812040354517,633.1264991514238,975.3,652.1
18256,17247,659.6812040354517,633.1264991514238,975.3,652.1
18257,17247,659.6812040354517,633.1264991514238,975.3,652.1
18258,17247,659.6812040354517,633.1264991514238,975.3,652.1
18259,17247,659.6812040354517,633.1264991514238,975.3,652.1
18260,17247,659.6812040354517,633.1264991514238,975.3,652.1
18261,17247,659.6812040354517,633.1264991514238,975.3,652.1
18262,17247,659.6812040354517,633.1264991514238,975.3,652.1
18263,17247,659.6812040354517,633.1264991514238,975.3,652.1
18264,17247,659.6812040354517,633.1264991514238,975.3,652.1
18265,17247,659.6812040354517,633.1264991514238,975.3,652.1
18266,17247,659.6812040354517,633.1264991514238,975.3,652.1
18267,17247,659.6812040354517,633.1264991514238,975.3,652.1
18268,17247,659.6812040354517,633.1264991514238,975.3,652.1
18269,17247,659.6812040354517,633.1264991514238,975.3,652.1
18270,17247,659.6812040354517,633.1264991514238,975.3,652.1
18271,17247,659.6812040354517,633.1264991514238,975.3,652.1
18272,17247,659.6812040354517,633.1264991514238,975.3,652.1
18273,17247,659.6812040354517,633.1264991514238,975.3,652.1
18274,17247,659.6812040354517,633.1264991514238,975.3,652.1
18275,17247,659.6812040354517,633.1264991514238,975.3,652.1
18276,17247,659.6812040354517,633.1264991514238,975.3,652.1
18277,17247,659.6812040354517,633.1264991514238,975.3,652.1
18278,17247,659.6812040354517,633.1264991514238,975.3,652.1
18279,17247,659.6812040354517,633.1264991514238,975.3,652.1
18280,17247,659.6812040354517,633.1264991514238,975.3,652.1
18281,17247,659.6812040354517,633.1264991514238,975.3,652.1
18282,17247,659.6812040354517,633.1264991514238,975.3,652.1
18283,17247,659.6812040354517,633.1264991514238,975.3,652.1
18284,17247,659.6812040354517,633.1264991514238,975.3,652.1
18285,17247,659.6812040354517,633.1264991514238,975.3,652.1
18286,17247,659.6812040354517,633.1264991514238,975.3,652.1
18287,17247,659.6812040354517,633.1264991514238,975.3,652.1
18288,17247,659.6812040354517,633.1264991514238,975.3,652.1
18289,17247,659.6812040354517,633.1264991514238,975.3,652.1
18290,17247,659.6812040354517,633.1264991514238,975.3,652.1
18291,17247,659.6812040354517,633.1264991514238,975.3,652.1
18292,17247,659.6812040354517,633.1264991514238,975.3,652.1
18293,17247,659.6812040354517,633.1264991514238,975.3,652.1
18294,17247,659.6812040354517,633.1264991514238,975.3,652.1
18295,17247,659.6812040354517,633.1264991514238,975.3,652.1
18296,17247,659.6812040354517,633.1264991514238,975.3,652.1
18297,17247,659.6812040354517,633.1264991514238,975.3,652.1
18298,17247,659.6812040354517,633.1264991514238,975.3,652.1
18299,17247,659.6812040354517,633.1264991514238,975.3,652.1
18300,17247,659.6812040354517,633.1264991514238,975.3,652.1
18301,17247,659.6812040354517,633.1264991514238,975.3,652.1
18302,17247,659.6812040354517,633.1264991514238,975.3,652.1
18303,17247,659.6812040354517,633.1264991514238,975.3,652.1
18304,17247,659.6812040354517,633.1264991514238,975.3,652.1
18305,17247,659.6812040354517,633.1264991514238,975.3,652.1
18306,17247,659.6812040354517,633.1264991514238,975.3,652.1
18307,17247,659.6812040354517,633.1264991514238,975.3,652.1
18308,17247,659.6812040354517,633.1264991514238,975.3,652.1
18309,17247,659.6812040354517,633.1264991514238,975.3,652.1
18310,17247,659.6812040354517,633.1264991514238,975.3,652.1
18311,17247,659.6812040354517,633.1264991514238,975.3,652.1
18312,17247,659.6812040354517,633.1264991514238,975.3,652.1
18313,17247,659.6812040354517,633.1264991514238,975.3,652.1
18314,17247,571.6812040354517,636.1264991514238,975.3,652.1
18315,17247,571.6812040354517,636.1264991514238,975.3,652.1
18316,17247,571.6812040354517,636.1264991514238,975.3,652.1
18317,17247,571.6812040354517,636.1264991514238,975.3,652.1
18318,17247,571.6812040354517,636.1264991514238,975.3,652.1
18319,17247,571.6812040354517,636.1264991514238,975.3,652.1
18320,17247,571.6812040354517,636.1264991514238,975.3,652.1
18321,17247,571.6812040354517,636.1264991514238,975.3,652.1
18322,17247,571.6812040354517,636.1264991514238,975.3,652.1
18323,17247,571.6812040354517,636.1264991514238,975.3,652.1
18324,17247,571.6812040354517,636.1264991514238,975.3,652.1
18325,17247,571.6812040354517,636.1264991514238,975.3,652.1
18326,17247,571.6812040354517,636.1264991514238,975.3,652.1
18327,17247,571.6812040354517,636.1264991514238,975.3,652.1
18328,17247,571.6812040354517,636.1264991514238,975.3,652.1
18329,17247,571.6812040354517,636.1264991514238,975.3,652.1
18330,17247,571.6812040354517,636.1264991514238,975.3,652.1
18331,17247,571.6812040354517,636.1264991514238,975.3,652.1
18332,17247,571.6812040354517,636.1264991514238,976.0615384615385,646.0653846153847
18333,17247,571.6812040354517,636.1264991514238,976.8230769230769,640.0307692307692
18334,17247,571.6812040354517,636.1264991514238,977.5846153846153,633.9961538461539
18335,17247,571.6812040354517,636.1264991514238,978.3461538461538,627.9615384615385
18336,17247,571.6812040354517,636.1264991514238,979.1076923076923,621.9269230769231
18337,17247,571.6812040354517,636.1264991514238,979.8692307692307,615.8923076923077
18338,17247,571.6812040354517,636.1264991514238,980.6307692307691,609.8576923076923
18339,17247,571.6812040354517,636.1264991514238,981.3923076923077,603.8230769230769
18340,17247,761.6812040354517,426.12649915142373,982.1538461538462,597.7884615384615
18341,17247,761.6812040354517,426.12649915142373,982.9153846153846,591.7538461538462
18342,17247,761.6812040354517,426.12649915142373,983.676923076923,585.7192307692308
18343,17247,761.6812040354517,426.12649915142373,984.4384615384615,579.6846153846154
18344,17247,761.6812040354517,426.12649915142373,985.2,573.65
18345,17247,761.6812040354517,426.12649915142373,985.9615384615385,567.6153846153846
18346,17247,761.6812040354517,426.12649915142373,986.7230769230769,561.5807692307692
18347,17247,761.6812040354517,426.12649915142373,987.4846153846154,555.5461538461539
18348,17247,761.6812040354517,426.12649915142373,988.2461538461539,549.5115384615384
18349,17247,761.6812040354517,426.12649915142373,989.0076923076923,543.4769230769231
18350,17247,761.6812040354517,426.12649915142373,989.7692307692307,537.4423076923076
18351,17247,761.6812040354517,426.12649915142373,990.5307692307692,531.4076923076923
18352,17247,761.6812040354517,426.12649915142373,991.2923076923078,525.373076923077
18353,17247,761.6812040354517,426.12649915142373,992.0538461538462,519.3384615384615
18354,17247,761.6812040354517,426.12649915142373,992.8153846153846,513.3038461538462
18355,17247,761.6812040354517,426.12649915142373,993.5769230769231,507.2692307692307
18356,17247,761.6812040354517,426.12649915142373,994.3384615384616,501.2346153846154
18357,17247,761.6812040354517,426.12649915142373,995.1,495.2
18358,17247,761.6812040354517,426.12649915142373,995.1,495.2
18359,17247,761.6812040354517,426.12649915142373,995.1,495.2
18360,17247,761.6812040354517,426.12649915142373,995.1,495.2
18361,17247,761.6812040354517,426.12649915142373,995.1,495.2
18362,17247,761.6812040354517,426.12649915142373,995.1,495.2
18363,17247,761.6812040354517,426.12649915142373,995.1,495.2
18364,17247,761.6812040354517,426.12649915142373,995.1,495.2
18365,17247,761.6812040354517,426.12649915142373,995.1,495.2
18366,17247,761.6812040354517,426.12649915142373,995.1,495.2
18367,17247,761.6812040354517,426.12649915142373,995.1,495.2
18368,17247,761.6812040354517,426.12649915142373,995.1,495.2
18369,17247,761.6812040354517,426.12649915142373,995.1,495.2
18370,17247,761.6812040354517,426.12649915142373,995.1,495.2
18371,17247,761.6812040354517,426.12649915142373,995.1,495.2
18372,17247,761.6812040354517,426.12649915142373,995.1,495.2
18373,17247,950.6812040354517,216.12649915142373,995.1,495.2
18374,17247,950.6812040354517,216.12649915142373,995.1,495.2
18375,17247,950.6812040354517,216.12649915142373,995.1,495.2
18376,17247,950.6812040354517,216.12649915142373,995.1,495.2
18377,17247,950.6812040354517,216.12649915142373,995.1,495.2
18378,17247,950.6812040354517,216.12649915142373,995.1,495.2
18379,17247,950.6812040354517,216.12649915142373,995.1,495.2
18380,17247,950.6812040354517,216.12649915142373,995.1,495.2
18381,17247,950.6812040354517,216.12649915142373,995.1,495.2
18382,17247,950.6812040354517,216.12649915142373,995.1,495.2
18383,17247,950.6812040354517,216.12649915142373,995.1,495.2
18384,17247,950.6812040354517,216.12649915142373,995.1,495.2
18385,17247,950.6812040354517,216.12649915142373,995.1,495.2
18386,17247,950.6812040354517,216.12649915142373,995.1,495.2
18387,17247,950.6812040354517,216.12649915142373,995.1,495.2
18388,17247,950.6812040354517,216.12649915142373,995.1,495.2
18389,17247,950.6812040354517,216.12649915142373,995.1,495.2
18390,17247,950.6812040354517,216.12649915142373,995.1,495.2
18391,17247,950.6812040354517,216.12649915142373,995.1,495.2
18392,17247,950.6812040354517,216.12649915142373,995.1,495.2
18393,17247,950.6812040354517,216.12649915142373,995.1,495.2
18394,17247,950.6812040354517,216.12649915142373,995.1,495.2
18395,17247,950.6812040354517,216.12649915142373,995.1,495.2
18396,17247,950.6812040354517,216.12649915142373,995.1,495.2
18397,17247,950.6812040354517,216.12649915142373,995.1,495.2
18398,17247,950.6812040354517,216.12649915142373,995.1,495.2
18399,17247,950.6812040354517,216.12649915142373,995.1,495.2
18400,17247,950.6812040354517,216.12649915142373,995.1,495.2
18401,17247,950.6812040354517,216.12649915142373,995.1,495.2
18402,17247,950.6812040354517,216.12649915142373,995.1,495.2
18403,17247,950.6812040354517,216.12649915142373,995.1,495.2
18404,17247,950.6812040354517,216.12649915142373,995.1,495.2
18405,17247,950.6812040354517,216.12649915142373,995.1,495.2
18406,17247,950.6812040354517,216.12649915142373,995.1,495.2
18407,17247,950.6812040354517,216.12649915142373,995.1,495.2
18408,17247,950.6812040354517,216.12649915142373,995.1,495.2
18409,17247,950.6812040354517,216.12649915142373,995.1,495.2
18410,17247,950.6812040354517,216.12649915142373,995.1,495.2
18411,17247,950.6812040354517,216.12649915142373,995.1,495.2
18412,17247,950.6812040354517,216.12649915142373,995.1,495.2
18413,17247,950.6812040354517,216.12649915142373,995.1,495.2
18414,17247,950.6812040354517,216.12649915142373,995.1,495.2
18415,17247,950.6812040354517,216.12649915142373,995.1,495.2
18416,17247,950.6812040354517,216.12649915142373,995.1,495.2
18417,17247,950.6812040354517,216.12649915142373,995.1,495.2
18418,17247,950.6812040354517,216.12649915142373,995.1,495.2
18419,17247,950.6812040354517,216.12649915142373,995.1,495.2
18420,17247,950.6812040354517,216.12649915142373,995.1,495.2
18421,17247,950.6812040354517,216.12649915142373,995.1,495.2
18422,17247,950.6812040354517,216.12649915142373,995.1,495.2
18423,17247,950.6812040354517,216.12649915142373,995.1,495.2
18424,17247,950.6812040354517,216.12649915142373,995.1,495.2
18425,17247,950.6812040354517,216.12649915142373,995.1,495.2
18426,17247,950.6812040354517,216.12649915142373,995.1,495.2
18427,17247,950.6812040354517,216.12649915142373,995.1,495.2
18428,17247,950.6812040354517,216.12649915142373,995.1,495.2
18429,17247,950.6812040354517,216.12649915142373,995.1,495.2
18430,17247,950.6812040354517,216.12649915142373,995.1,495.2
18431,17247,950.6812040354517,216.12649915142373,995.1,495.2
18432,17247,950.6812040354517,216.12649915142373,995.1,495.2
18433,17247,950.6812040354517,216.12649915142373,995.1,495.2
18434,17247,950.6812040354517,216.12649915142373,995.1,495.2
18435,17247,950.6812040354517,216.12649915142373,995.1,495.2
18436,17247,950.6812040354517,216.12649915142373,995.1,495.2
18437,17247,950.6812040354517,216.12649915142373,995.1,495.2
18438,17247,950.6812040354517,216.12649915142373,995.1,495.2
18439,17247,950.6812040354517,216.12649915142373,995.1,495.2
18440,17247,950.6812040354517,216.12649915142373,995.1,495.2
18441,17247,950.6812040354517,216.12649915142373,995.1,495.2
18442,17247,950.6812040354517,216.12649915142373,995.1,495.2
18443,17247,950.6812040354517,216.12649915142373,995.1,495.2
18444,17247,950.6812040354517,216.12649915142373,995.1,495.2
18445,17247,950.6812040354517,216.12649915142373,995.1,495.2
18446,17247,950.6812040354517,216.12649915142373,995.1,495.2
18447,17247,950.6812040354517,216.12649915142373,995.1,495.2
18448,17247,950.6812040354517,216.12649915142373,995.1,495.2
18449,17247,950.6812040354517,216.12649915142373,995.1,495.2
18450,17247,950.6812040354517,216.12649915142373,995.1,495.2
18451,17247,950.6812040354517,216.12649915142373,995.1,495.2
18452,17247,950.6812040354517,216.12649915142373,995.1,495.2
18453,17247,950.6812040354517,216.12649915142373,995.1,495.2
18454,17247,950.6812040354517,216.12649915142373,995.1,495.2
18455,17247,950.6812040354517,216.12649915142373,995.1,495.2
18456,17247,950.6812040354517,216.12649915142373,995.1,495.2
18457,17247,950.6812040354517,216.12649915142373,995.1,495.2
18458,17247,950.6812040354517,216.12649915142373,995.1,495.2
18459,17247,950.6812040354517,216.12649915142373,995.1,495.2
18460,17247,950.6812040354517,216.12649915142373,995.1,495.2
18461,17247,950.6812040354517,216.12649915142373,995.1,495.2
18462,17247,950.6812040354517,216.12649915142373,995.1,495.2
18463,17247,950.6812040354517,216.12649915142373,995.1,495.2
18464,17247,950.6812040354517,216.12649915142373,995.1,495.2
18465,17247,950.6812040354517,216.12649915142373,995.1,495.2
18466,17247,950.6812040354517,216.12649915142373,995.1,495.2
18467,17247,950.6812040354517,216.12649915142373,995.1,495.2
18468,17247,950.6812040354517,216.12649915142373,995.1,495.2
18469,17247,950.6812040354517,216.12649915142373,995.1,495.2
18470,17247,950.6812040354517,216.12649915142373,995.1,495.2
18471,17247,950.6812040354517,216.12649915142373,995.1,495.2
18472,17247,950.6812040354517,216.12649915142373,995.1,495.2
18473,17247,950.6812040354517,216.12649915142373,995.1,495.2
18474,17247,950.6812040354517,216.12649915142373,995.1,495.2
18475,17247,950.6812040354517,216.12649915142373,995.1,495.2
18476,17247,950.6812040354517,216.12649915142373,995.1,495.2
18477,17247,950.6812040354517,216.12649915142373,995.1,495.2
18478,17247,950.6812040354517,216.12649915142373,995.1,495.2
18479,17247,950.6812040354517,216.12649915142373,995.1,495.2
18480,17247,950.6812040354517,216.12649915142373,995.1,495.2
18481,17247,950.6812040354517,216.12649915142373,995.1,495.2
18482,17247,950.6812040354517,216.12649915142373,995.1,495.2
18483,17247,950.6812040354517,216.12649915142373,995.1,495.2
18484,17247,950.6812040354517,216.12649915142373,995.1,495.2
18485,17247,950.6812040354517,216.12649915142373,995.1,495.2
18486,17247,950.6812040354517,216.12649915142373,995.1,495.2
18487,17247,950.6812040354517,216.12649915142373,995.1,495.2
18488,17247,950.6812040354517,216.12649915142373,995.1,495.2
18489,17247,950.6812040354517,216.12649915142373,995.1,495.2
18490,17247,950.6812040354517,216.12649915142373,995.1,495.2
18491,17247,950.6812040354517,216.12649915142373,995.1,495.2
18492,17247,950.6812040354517,216.12649915142373,995.1,495.2
18493,17247,950.6812040354517,216.12649915142373,995.1,495.2
18494,17247,950.6812040354517,216.12649915142373,995.1,495.2
18495,17247,950.6812040354517,216.12649915142373,995.1,495.2
18496,17247,950.6812040354517,216.12649915142373,995.1,495.2
18497,17247,950.6812040354517,216.12649915142373,995.1,495.2
18498,17247,950.6812040354517,216.12649915142373,995.1,495.2
18499,17247,950.6812040354517,216.12649915142373,995.1,495.2
18500,17247,950.6812040354517,216.12649915142373,995.1,495.2
18501,17247,950.6812040354517,216.12649915142373,995.1,495.2
18502,17247,950.6812040354517,216.12649915142373,995.1,495.2
18503,17247,950.6812040354517,216.12649915142373,995.1,495.2
18504,17247,950.6812040354517,216.12649915142373,995.1,495.2
18505,17247,950.6812040354517,216.12649915142373,995.1,495.2
18506,17247,950.6812040354517,216.12649915142373,995.1,495.2
18507,17247,950.6812040354517,216.12649915142373,995.1,495.2
18508,17247,950.6812040354517,216.12649915142373,995.1,495.2
18509,17247,950.6812040354517,216.12649915142373,995.1,495.2
18510,17247,950.6812040354517,216.12649915142373,995.1,495.2
18511,17247,950.6812040354517,216.12649915142373,995.1,495.2
18512,17247,950.6812040354517,216.12649915142373,995.1,495.2
18513,17247,950.6812040354517,216.12649915142373,995.1,495.2
18514,17247,950.6812040354517,216.12649915142373,995.1,495.2
18515,17247,950.6812040354517,216.12649915142373,995.1,495.2
18516,17247,950.6812040354517,216.12649915142373,995.1,495.2
18517,17247,950.6812040354517,216.12649915142373,995.1,495.2
18518,17247,950.6812040354517,216.12649915142373,995.1,495.2
18519,17247,950.6812040354517,216.12649915142373,995.1,495.2
18520,17247,950.6812040354517,216.12649915142373,995.1,495.2
18521,17247,950.6812040354517,216.12649915142373,995.1,495.2
18522,17247,950.6812040354517,216.12649915142373,995.1,495.2
18523,17247,950.6812040354517,216.12649915142373,995.1,495.2
18524,17247,950.6812040354517,216.12649915142373,995.1,495.2
18525,17247,950.6812040354517,216.12649915142373,995.1,495.2
18526,17247,950.6812040354517,216.12649915142373,995.1,495.2
18527,17247,950.6812040354517,216.12649915142373,995.1,495.2
18528,17247,950.6812040354517,216.12649915142373,995.1,495.2
18529,17247,950.6812040354517,216.12649915142373,995.1,495.2
18530,17247,950.6812040354517,216.12649915142373,995.1,495.2
18531,17247,950.6812040354517,216.12649915142373,995.1,495.2
18532,17247,950.6812040354517,216.12649915142373,995.1,495.2
18533,17247,950.6812040354517,216.12649915142373,995.1,495.2
18534,17247,950.6812040354517,216.12649915142373,995.1,495.2
18535,17247,950.6812040354517,216.12649915142373,995.1,495.2
18536,17247,950.6812040354517,216.12649915142373,995.1,495.2
18537,17247,950.6812040354517,216.12649915142373,995.1,495.2
18538,17247,950.6812040354517,216.12649915142373,995.1,495.2
18539,17247,950.6812040354517,216.12649915142373,995.1,495.2
18540,17247,950.6812040354517,216.12649915142373,995.1,495.2
18541,17247,950.6812040354517,216.12649915142373,995.1,495.2
18542,17247,950.6812040354517,216.12649915142373,995.1,495.2
18543,17247,950.6812040354517,216.12649915142373,995.1,495.2
18544,17247,950.6812040354517,216.12649915142373,995.1,495.2
18545,17247,950.6812040354517,216.12649915142373,995.1,495.2
18546,17247,950.6812040354517,216.12649915142373,995.1,495.2
18547,17247,950.6812040354517,216.12649915142373,995.1,495.2
18548,17247,950.6812040354517,216.12649915142373,995.1,495.2
18549,17247,950.6812040354517,216.12649915142373,995.1,495.2
18550,17247,950.6812040354517,216.12649915142373,995.1,495.2
18551,17247,950.6812040354517,216.12649915142373,995.1,495.2
18552,17247,950.6812040354517,216.12649915142373,995.1,495.2
18553,17247,950.6812040354517,216.12649915142373,1006.6875,502.25624999999997
18554,17247,950.6812040354517,216.12649915142373,1018.275,509.3125
18555,17247,950.6812040354517,216.12649915142373,1029.8625,516.36875
18556,17247,950.6812040354517,216.12649915142373,1041.45,523.425
18557,17247,950.6812040354517,216.12649915142373,1053.0375,530.48125
18558,17247,950.6812040354517,216.12649915142373,1064.625,537.5375
18559,17247,950.6812040354517,216.12649915142373,1076.2125,544.59375
18560,17247,950.6812040354517,216.12649915142373,1087.8,551.65
18561,17247,950.6812040354517,216.12649915142373,1099.3875,558.70625
18562,17247,950.6812040354517,216.12649915142373,1110.975,565.7625
18563,17247,950.6812040354517,216.12649915142373,1122.5625,572.81875
18564,17247,950.6812040354517,216.12649915142373,1134.15,579.875
18565,17247,950.6812040354517,216.12649915142373,1145.7375,586.93125
18566,17247,950.6812040354517,216.12649915142373,1157.325,593.9875
18567,17247,950.6812040354517,216.12649915142373,1168.9125,601.04375
18568,17247,950.6812040354517,216.12649915142373,1180.5,608.1
18569,17247,950.6812040354517,216.12649915142373,1180.5,608.1
18570,17247,950.6812040354517,216.12649915142373,1180.5,608.1
18571,17247,950.6812040354517,216.12649915142373,1180.5,608.1
18572,17247,950.6812040354517,216.12649915142373,1180.5,608.1
18573,17247,929.6812040354517,224.12649915142373,1180.5,608.1
18574,17247,929.6812040354517,224.12649915142373,1180.5,608.1
18575,17247,929.6812040354517,224.12649915142373,1180.5,608.1
18576,17247,929.6812040354517,224.12649915142373,1180.5,608.1
18577,17247,929.6812040354517,224.12649915142373,1180.5,608.1
18578,17247,929.6812040354517,224.12649915142373,1180.5,608.1
18579,17247,929.6812040354517,224.12649915142373,1180.5,608.1
18580,17247,929.6812040354517,224.12649915142373,1180.5,608.1
18581,17247,929.6812040354517,224.12649915142373,1180.5,608.1
18582,17247,929.6812040354517,224.12649915142373,1180.5,608.1
18583,17247,929.6812040354517,224.12649915142373,1180.5,608.1
18584,17247,929.6812040354517,224.12649915142373,1180.5,608.1
18585,17247,929.6812040354517,224.12649915142373,1180.5,608.1
18586,17247,929.6812040354517,224.12649915142373,1180.5,608.1
18587,17247,929.6812040354517,224.12649915142373,1180.5,608.1
18588,17247,929.6812040354517,224.12649915142373,1180.5,608.1
18589,17247,929.6812040354517,224.12649915142373,1180.5,608.1
18590,17247,929.6812040354517,224.12649915142373,1180.5,608.1
18591,17247,929.6812040354517,224.12649915142373,1180.5,608.1
18592,17247,929.6812040354517,224.12649915142373,1180.5,608.1
18593,17247,929.6812040354517,224.12649915142373,1180.5,608.1
18594,17247,929.6812040354517,224.12649915142373,1180.5,608.1
18595,17247,929.6812040354517,224.12649915142373,1180.5,608.1
18596,17247,929.6812040354517,224.12649915142373,1180.5,608.1
18597,17247,929.6812040354517,224.12649915142373,1180.5,608.1
18598,17247,929.6812040354517,224.12649915142373,1180.5,608.1
18599,17247,929.6812040354517,224.12649915142373,1180.5,608.1
18600,17247,929.6812040354517,224.12649915142373,1180.5,608.1
18601,17247,929.6812040354517,224.12649915142373,1180.5,608.1
18602,17247,929.6812040354517,224.12649915142373,1180.5,608.1
18603,17247,929.6812040354517,224.12649915142373,1180.5,608.1
18604,17247,929.6812040354517,224.12649915142373,1180.5,608.1
18605,17247,929.6812040354517,224.12649915142373,1180.5,608.1
18606,17247,907.6812040354517,232.12649915142373,1180.5,608.1
18607,17247,907.6812040354517,232.12649915142373,1180.5,608.1
18608,17247,907.6812040354517,232.12649915142373,1180.5,608.1
18609,17247,907.6812040354517,232.12649915142373,1180.5,608.1
18610,17247,907.6812040354517,232.12649915142373,1180.5,608.1
18611,17247,907.6812040354517,232.12649915142373,1180.5,608.1
18612,17247,907.6812040354517,232.12649915142373,1180.5,608.1
18613,17247,907.6812040354517,232.12649915142373,1180.5,608.1
18614,17247,907.6812040354517,232.12649915142373,1180.5,608.1
18615,17247,907.6812040354517,232.12649915142373,1180.5,608.1
18616,17247,907.6812040354517,232.12649915142373,1180.5,608.1
18617,17247,907.6812040354517,232.12649915142373,1180.5,608.1
18618,17247,907.6812040354517,232.12649915142373,1180.5,608.1
18619,17247,907.6812040354517,232.12649915142373,1180.5,608.1
18620,17247,907.6812040354517,232.12649915142373,1180.5,608.1
18621,17247,907.6812040354517,232.12649915142373,1180.5,608.1
18622,17247,907.6812040354517,232.12649915142373,1180.5,608.1
18623,17247,907.6812040354517,232.12649915142373,1180.5,608.1
18624,17247,907.6812040354517,232.12649915142373,1180.5,608.1
18625,17247,907.6812040354517,232.12649915142373,1180.5,608.1
18626,17247,907.6812040354517,232.12649915142373,1180.5,608.1
18627,17247,907.6812040354517,232.12649915142373,1180.5,608.1
18628,17247,907.6812040354517,232.12649915142373,1180.5,608.1
18629,17247,907.6812040354517,232.12649915142373,1180.5,608.1
18630,17247,907.6812040354517,232.12649915142373,1180.5,608.1
18631,17247,907.6812040354517,232.12649915142373,1180.5,608.1
18632,17247,907.6812040354517,232.12649915142373,1180.5,608.1
18633,17247,907.6812040354517,232.12649915142373,1180.5,608.1
18634,17247,907.6812040354517,232.12649915142373,1180.5,608.1
18635,17247,907.6812040354517,232.12649915142373,1180.5,608.1
18636,17247,907.6812040354517,232.12649915142373,1180.5,608.1
18637,17247,907.6812040354517,232.12649915142373,1180.5,608.1
18638,17247,907.6812040354517,232.12649915142373,1180.5,608.1
18639,17247,907.6812040354517,232.12649915142373,1180.5,608.1
18640,17247,907.6812040354517,232.12649915142373,1180.5,608.1
18641,17247,907.6812040354517,232.12649915142373,1180.5,608.1
18642,17247,907.6812040354517,232.12649915142373,1180.5,608.1
18643,17247,907.6812040354517,232.12649915142373,1180.5,608.1
18644,17247,907.6812040354517,232.12649915142373,1180.5,608.1
18645,17247,907.6812040354517,232.12649915142373,1180.5,608.1
18646,17247,907.6812040354517,232.12649915142373,1180.5,608.1
18647,17247,907.6812040354517,232.12649915142373,1180.5,608.1
18648,17247,907.6812040354517,232.12649915142373,1180.5,608.1
18649,17247,907.6812040354517,232.12649915142373,1180.5,608.1
18650,17247,907.6812040354517,232.12649915142373,1180.5,608.1
18651,17247,907.6812040354517,232.12649915142373,1180.5,608.1
18652,17247,907.6812040354517,232.12649915142373,1180.5,608.1
18653,17247,907.6812040354517,232.12649915142373,1180.5,608.1
18654,17247,907.6812040354517,232.12649915142373,1180.5,608.1
18655,17247,907.6812040354517,232.12649915142373,1180.5,608.1
18656,17247,907.6812040354517,232.12649915142373,1180.5,608.1
18657,17247,907.6812040354517,232.12649915142373,1180.5,608.1
18658,17247,907.6812040354517,232.12649915142373,1180.5,608.1
18659,17247,907.6812040354517,232.12649915142373,1180.5,608.1
18660,17247,907.6812040354517,232.12649915142373,1180.5,608.1
18661,17247,907.6812040354517,232.12649915142373,1180.5,608.1
18662,17247,907.6812040354517,232.12649915142373,1180.5,608.1
18663,17247,907.6812040354517,232.12649915142373,1180.5,608.1
18664,17247,907.6812040354517,232.12649915142373,1180.5,608.1
18665,17247,907.6812040354517,232.12649915142373,1180.5,608.1
18666,17247,907.6812040354517,232.12649915142373,1180.5,608.1
18667,17247,907.6812040354517,232.12649915142373,1180.5,608.1
18668,17247,907.6812040354517,232.12649915142373,1180.5,608.1
18669,17247,907.6812040354517,232.12649915142373,1180.5,608.1
18670,17247,907.6812040354517,232.12649915142373,1180.5,608.1
18671,17247,907.6812040354517,232.12649915142373,1180.5,608.1
18672,17247,907.6812040354517,232.12649915142373,1180.5,608.1
18673,17247,907.6812040354517,232.12649915142373,1180.5,608.1
18674,17247,907.6812040354517,232.12649915142373,1180.5,608.1
18675,17247,907.6812040354517,232.12649915142373,1180.5,608.1
18676,17247,907.6812040354517,232.12649915142373,1180.5,608.1
18677,17247,907.6812040354517,232.12649915142373,1180.5,608.1
18678,17247,907.6812040354517,232.12649915142373,1180.5,608.1
18679,17247,907.6812040354517,232.12649915142373,1180.5,608.1
18680,17247,907.6812040354517,232.12649915142373,1180.5,608.1
18681,17247,907.6812040354517,232.12649915142373,1180.5,608.1
18682,17247,907.6812040354517,232.12649915142373,1180.5,608.1
18683,17247,907.6812040354517,232.12649915142373,1180.5,608.1
18684,17247,907.6812040354517,232.12649915142373,1180.5,608.1
18685,17247,907.6812040354517,232.12649915142373,1180.5,608.1
18686,17247,907.6812040354517,232.12649915142373,1180.5,608.1
18687,17247,907.6812040354517,232.12649915142373,1180.5,608.1
18688,17247,907.6812040354517,232.12649915142373,1180.5,608.1
18689,17247,907.6812040354517,232.12649915142373,1180.5,608.1
18690,17247,907.6812040354517,232.12649915142373,1180.5,608.1
18691,17247,907.6812040354517,232.12649915142373,1180.5,608.1
18692,17247,907.6812040354517,232.12649915142373,1180.5,608.1
18693,17247,907.6812040354517,232.12649915142373,1180.5,608.1
18694,17247,907.6812040354517,232.12649915142373,1180.5,608.1
18695,17247,907.6812040354517,232.12649915142373,1180.5,608.1
18696,17247,907.6812040354517,232.12649915142373,1180.5,608.1
18697,17247,907.6812040354517,232.12649915142373,1180.5,608.1
18698,17247,907.6812040354517,232.12649915142373,1180.5,608.1
18699,17247,907.6812040354517,232.12649915142373,1180.5,608.1
18700,17247,907.6812040354517,232.12649915142373,1180.5,608.1
18701,17247,907.6812040354517,232.12649915142373,1180.5,608.1
18702,17247,907.6812040354517,232.12649915142373,1180.5,608.1
18703,17247,907.6812040354517,232.12649915142373,1180.5,608.1
18704,17247,907.6812040354517,232.12649915142373,1180.5,608.1
18705,17247,907.6812040354517,232.12649915142373,1180.5,608.1
18706,17247,907.6812040354517,232.12649915142373,1180.5,608.1
18707,17247,907.6812040354517,232.12649915142373,1180.5,608.1
18708,17247,907.6812040354517,232.12649915142373,1180.5,608.1
18709,17247,907.6812040354517,232.12649915142373,1180.5,608.1
18710,17247,907.6812040354517,232.12649915142373,1180.5,608.1
18711,17247,907.6812040354517,232.12649915142373,1180.5,608.1
18712,17247,907.6812040354517,232.12649915142373,1180.5,608.1
18713,17247,907.6812040354517,232.12649915142373,1180.5,608.1
18714,17247,848.6812040354517,441.12649915142373,1180.5,608.1
18715,17247,848.6812040354517,441.12649915142373,1180.5,608.1
18716,17247,848.6812040354517,441.12649915142373,1180.5,608.1
18717,17247,848.6812040354517,441.12649915142373,1180.5,608.1
18718,17247,848.6812040354517,441.12649915142373,1180.5,608.1
18719,17247,848.6812040354517,441.12649915142373,1180.5,608.1
18720,17247,848.6812040354517,441.12649915142373,1180.5,608.1
18721,17247,848.6812040354517,441.12649915142373,1180.5,608.1
18722,17247,848.6812040354517,441.12649915142373,1180.5,608.1
18723,17247,848.6812040354517,441.12649915142373,1180.5,608.1
18724,17247,848.6812040354517,441.12649915142373,1180.5,608.1
18725,17247,848.6812040354517,441.12649915142373,1180.5,608.1
18726,17247,848.6812040354517,441.12649915142373,1180.5,608.1
18727,17247,848.6812040354517,441.12649915142373,1180.5,608.1
18728,17247,848.6812040354517,441.12649915142373,1180.5,608.1
18729,17247,848.6812040354517,441.12649915142373,1180.5,608.1
18730,17247,848.6812040354517,441.12649915142373,1180.5,608.1
18731,17247,848.6812040354517,441.12649915142373,1180.5,608.1
18732,17247,848.6812040354517,441.12649915142373,1180.5,608.1
18733,17247,848.6812040354517,441.12649915142373,1173.705,602.5450000000001
18734,17247,848.6812040354517,441.12649915142373,1166.91,596.99
18735,17247,848.6812040354517,441.12649915142373,1160.115,591.4350000000001
18736,17247,848.6812040354517,441.12649915142373,1153.32,585.88
18737,17247,848.6812040354517,441.12649915142373,1146.525,580.325
18738,17247,848.6812040354517,441.12649915142373,1139.73,574.77
18739,17247,848.6812040354517,441.12649915142373,1132.935,569.215
18740,17247,788.6812040354517,650.1264991514238,1126.1399999999999,563.66
18741,17247,788.6812040354517,650.1264991514238,1119.345,558.105
18742,17247,788.6812040354517,650.1264991514238,1112.55,552.55
18743,17247,788.6812040354517,650.1264991514238,1105.7549999999999,546.995
18744,17247,788.6812040354517,650.1264991514238,1098.96,541.44
18745,17247,788.6812040354517,650.1264991514238,1092.165,535.885
18746,17247,788.6812040354517,650.1264991514238,1085.37,530.33
18747,17247,788.6812040354517,650.1264991514238,1078.5749999999998,524.775
18748,17247,788.6812040354517,650.1264991514238,1071.78,519.22
18749,17247,788.6812040354517,650.1264991514238,1064.985,513.665
18750,17247,788.6812040354517,650.1264991514238,1058.1899999999998,508.11
18751,17247,788.6812040354517,650.1264991514238,1051.395,502.555
18752,17247,788.6812040354517,650.1264991514238,1044.6,497.0
18753,17247,788.6812040354517,650.1264991514238,1044.6,497.0
18754,17247,788.6812040354517,650.1264991514238,1044.6,497.0
18755,17247,788.6812040354517,650.1264991514238,1044.6,497.0
18756,17247,788.6812040354517,650.1264991514238,1044.6,497.0
18757,17247,788.6812040354517,650.1264991514238,1044.6,497.0
18758,17247,788.6812040354517,650.1264991514238,1044.6,497.0
18759,17247,788.6812040354517,650.1264991514238,1044.6,497.0
18760,17247,788.6812040354517,650.1264991514238,1044.6,497.0
18761,17247,788.6812040354517,650.1264991514238,1044.6,497.0
18762,17247,788.6812040354517,650.1264991514238,1044.6,497.0
18763,17247,788.6812040354517,650.1264991514238,1044.6,497.0
18764,17247,788.6812040354517,650.1264991514238,1044.6,497.0
18765,17247,788.6812040354517,650.1264991514238,1044.6,497.0
18766,17247,788.6812040354517,650.1264991514238,1044.6,497.0
18767,17247,788.6812040354517,650.1264991514238,1044.6,497.0
18768,17247,788.6812040354517,650.1264991514238,1044.6,497.0
18769,17247,788.6812040354517,650.1264991514238,1044.6,497.0
18770,17247,788.6812040354517,650.1264991514238,1044.6,497.0
18771,17247,788.6812040354517,650.1264991514238,1044.6,497.0
18772,17247,788.6812040354517,650.1264991514238,1044.6,497.0
18773,17247,788.6812040354517,650.1264991514238,1044.6,497.0
18774,17247,788.6812040354517,650.1264991514238,1044.6,497.0
18775,17247,788.6812040354517,650.1264991514238,1044.6,497.0
18776,17247,788.6812040354517,650.1264991514238,1044.6,497.0
18777,17247,788.6812040354517,650.1264991514238,1044.6,497.0
18778,17247,788.6812040354517,650.1264991514238,1044.6,497.0
18779,17247,788.6812040354517,650.1264991514238,1044.6,497.0
18780,17247,788.6812040354517,650.1264991514238,1044.6,497.0
18781,17247,788.6812040354517,650.1264991514238,1044.6,497.0
18782,17247,788.6812040354517,650.1264991514238,1044.6,497.0
18783,17247,788.6812040354517,650.1264991514238,1044.6,497.0
18784,17247,788.6812040354517,650.1264991514238,1044.6,497.0
18785,17247,788.6812040354517,650.1264991514238,1044.6,497.0
18786,17247,788.6812040354517,650.1264991514238,1044.6,497.0
18787,17247,788.6812040354517,650.1264991514238,1044.6,497.0
18788,17247,788.6812040354517,650.1264991514238,1044.6,497.0
18789,17247,788.6812040354517,650.1264991514238,1044.6,497.0
18790,17247,788.6812040354517,650.1264991514238,1044.6,497.0
18791,17247,788.6812040354517,650.1264991514238,1044.6,497.0
18792,17247,788.6812040354517,650.1264991514238,1044.6,497.0
18793,17247,788.6812040354517,650.1264991514238,1044.6,497.0
18794,17247,788.6812040354517,650.1264991514238,1044.6,497.0
18795,17247,788.6812040354517,650.1264991514238,1044.6,497.0
18796,17247,788.6812040354517,650.1264991514238,1044.6,497.0
18797,17247,788.6812040354517,650.1264991514238,1044.6,497.0
18798,17247,788.6812040354517,650.1264991514238,1044.6,497.0
18799,17247,788.6812040354517,650.1264991514238,1044.6,497.0
18800,17247,788.6812040354517,650.1264991514238,1044.6,497.0
18801,17247,788.6812040354517,650.1264991514238,1044.6,497.0
18802,17247,788.6812040354517,650.1264991514238,1044.6,497.0
18803,17247,788.6812040354517,650.1264991514238,1044.6,497.0
18804,17247,788.6812040354517,650.1264991514238,1044.6,497.0
18805,17247,788.6812040354517,650.1264991514238,1044.6,497.0
18806,17247,694.6812040354517,655.1264991514238,1044.6,497.0
18807,17247,694.6812040354517,655.1264991514238,1044.6,497.0
18808,17247,694.6812040354517,655.1264991514238,1044.6,497.0
18809,17247,694.6812040354517,655.1264991514238,1044.6,497.0
18810,17247,694.6812040354517,655.1264991514238,1044.6,497.0
18811,17247,694.6812040354517,655.1264991514238,1044.6,497.0
18812,17247,694.6812040354517,655.1264991514238,1044.6,497.0
18813,17247,694.6812040354517,655.1264991514238,1044.6,497.0
18814,17247,694.6812040354517,655.1264991514238,1044.6,497.0
18815,17247,694.6812040354517,655.1264991514238,1044.6,497.0
18816,17247,694.6812040354517,655.1264991514238,1044.6,497.0
18817,17247,694.6812040354517,655.1264991514238,1044.6,497.0
18818,17247,694.6812040354517,655.1264991514238,1044.6,497.0
18819,17247,694.6812040354517,655.1264991514238,1044.6,497.0
18820,17247,694.6812040354517,655.1264991514238,1044.6,497.0
18821,17247,694.6812040354517,655.1264991514238,1044.6,497.0
18822,17247,694.6812040354517,655.1264991514238,1044.6,497.0
18823,17247,694.6812040354517,655.1264991514238,1044.6,497.0
18824,17247,694.6812040354517,655.1264991514238,1044.6,497.0
18825,17247,694.6812040354517,655.1264991514238,1044.6,497.0
18826,17247,694.6812040354517,655.1264991514238,1044.6,497.0
18827,17247,694.6812040354517,655.1264991514238,1044.6,497.0
18828,17247,694.6812040354517,655.1264991514238,1044.6,497.0
18829,17247,694.6812040354517,655.1264991514238,1044.6,497.0
18830,17247,694.6812040354517,655.1264991514238,1044.6,497.0
18831,17247,694.6812040354517,655.1264991514238,1044.6,497.0
18832,17247,694.6812040354517,655.1264991514238,1044.6,497.0
18833,17247,694.6812040354517,655.1264991514238,1044.6,497.0
18834,17247,694.6812040354517,655.1264991514238,1044.6,497.0
18835,17247,694.6812040354517,655.1264991514238,1044.6,497.0
18836,17247,694.6812040354517,655.1264991514238,1044.6,497.0
18837,17247,694.6812040354517,655.1264991514238,1044.6,497.0
18838,17247,694.6812040354517,655.1264991514238,1044.6,497.0
18839,17247,600.6812040354517,660.1264991514238,1044.6,497.0
18840,17247,600.6812040354517,660.1264991514238,1044.6,497.0
18841,17247,600.6812040354517,660.1264991514238,1044.6,497.0
18842,17247,600.6812040354517,660.1264991514238,1044.6,497.0
18843,17247,600.6812040354517,660.1264991514238,1044.6,497.0
18844,17247,600.6812040354517,660.1264991514238,1044.6,497.0
18845,17247,600.6812040354517,660.1264991514238,1044.6,497.0
18846,17247,600.6812040354517,660.1264991514238,1044.6,497.0
18847,17247,600.6812040354517,660.1264991514238,1044.6,497.0
18848,17247,600.6812040354517,660.1264991514238,1044.6,497.0
18849,17247,600.6812040354517,660.1264991514238,1044.6,497.0
18850,17247,600.6812040354517,660.1264991514238,1044.6,497.0
18851,17247,600.6812040354517,660.1264991514238,1044.6,497.0
18852,17247,600.6812040354517,660.1264991514238,1044.6,497.0
18853,17247,600.6812040354517,660.1264991514238,1044.6,497.0
18854,17247,600.6812040354517,660.1264991514238,1044.6,497.0
18855,17247,600.6812040354517,660.1264991514238,1044.6,497.0
18856,17247,600.6812040354517,660.1264991514238,1044.6,497.0
18857,17247,600.6812040354517,660.1264991514238,1044.6,497.0
18858,17247,600.6812040354517,660.1264991514238,1044.6,497.0
18859,17247,600.6812040354517,660.1264991514238,1038.2285714285713,494.9142857142857
18860,17247,600.6812040354517,660.1264991514238,1031.8571428571427,492.8285714285714
18861,17247,600.6812040354517,660.1264991514238,1025.4857142857143,490.74285714285713
18862,17247,600.6812040354517,660.1264991514238,1019.1142857142856,488.65714285714284
18863,17247,600.6812040354517,660.1264991514238,1012.742857142857,486.57142857142856
18864,17247,600.6812040354517,660.1264991514238,1006.3714285714285,484.48571428571427
18865,17247,600.6812040354517,660.1264991514238,999.9999999999999,482.4
18866,17247,600.6812040354517,660.1264991514238,993.6285714285714,480.3142857142857
18867,17247,600.6812040354517,660.1264991514238,987.2571428571428,478.2285714285714
18868,17247,600.6812040354517,660.1264991514238,980.8857142857142,476.1428571428571
18869,17247,600.6812040354517,660.1264991514238,974.5142857142856,474.0571428571428
18870,17247,600.6812040354517,660.1264991514238,968.1428571428571,471.9714285714286
18871,17247,600.6812040354517,660.1264991514238,961.7714285714285,469.8857142857143
18872,17247,600.6812040354517,660.1264991514238,955.4,467.8
18873,17247,600.6812040354517,660.1264991514238,949.0285714285714,465.7142857142857
18874,17247,600.6812040354517,660.1264991514238,942.6571428571428,463.62857142857143
18875,17247,600.6812040354517,660.1264991514238,936.2857142857142,461.54285714285714
18876,17247,600.6812040354517,660.1264991514238,929.9142857142857,459.45714285714286
18877,17247,600.6812040354517,660.1264991514238,923.5428571428571,457.37142857142857
18878,17247,600.6812040354517,660.1264991514238,917.1714285714286,455.2857142857143
18879,17247,600.6812040354517,660.1264991514238,910.8,453.2
18880,17247,600.6812040354517,660.1264991514238,910.8,453.2
18881,17247,600.6812040354517,660.1264991514238,910.8,453.2
18882,17247,600.6812040354517,660.1264991514238,910.8,453.2
18883,17247,600.6812040354517,660.1264991514238,910.8,453.2
18884,17247,600.6812040354517,660.1264991514238,910.8,453.2
18885,17247,600.6812040354517,660.1264991514238,910.8,453.2
18886,17247,600.6812040354517,660.1264991514238,910.8,453.2
18887,17247,600.6812040354517,660.1264991514238,910.8,453.2
18888,17247,600.6812040354517,660.1264991514238,910.8,453.2
18889,17247,600.6812040354517,660.1264991514238,910.8,453.2
18890,17247,600.6812040354517,660.1264991514238,910.8,453.2
18891,17247,600.6812040354517,660.1264991514238,910.8,453.2
18892,17247,600.6812040354517,660.1264991514238,910.8,453.2
18893,17247,600.6812040354517,660.1264991514238,910.8,453.2
18894,17247,600.6812040354517,660.1264991514238,910.8,453.2
18895,17247,600.6812040354517,660.1264991514238,910.8,453.2
18896,17247,600.6812040354517,660.1264991514238,910.8,453.2
18897,17247,600.6812040354517,660.1264991514238,910.8,453.2
18898,17247,600.6812040354517,660.1264991514238,910.8,453.2
18899,17247,600.6812040354517,660.1264991514238,910.8,453.2
18900,17247,600.6812040354517,660.1264991514238,910.8,453.2
18901,17247,600.6812040354517,660.1264991514238,910.8,453.2
18902,17247,600.6812040354517,660.1264991514238,910.8,453.2
18903,17247,600.6812040354517,660.1264991514238,910.8,453.2
18904,17247,600.6812040354517,660.1264991514238,910.8,453.2
18905,17247,600.6812040354517,660.1264991514238,910.8,453.2
18906,17247,600.6812040354517,660.1264991514238,910.8,453.2
18907,17247,600.6812040354517,660.1264991514238,910.8,453.2
18908,17247,600.6812040354517,660.1264991514238,910.8,453.2
18909,17247,600.6812040354517,660.1264991514238,910.8,453.2
18910,17247,600.6812040354517,660.1264991514238,910.8,453.2
18911,17247,600.6812040354517,660.1264991514238,910.8,453.2
18912,17247,600.6812040354517,660.1264991514238,910.8,453.2
18913,17247,600.6812040354517,660.1264991514238,910.8,453.2
18914,17247,600.6812040354517,660.1264991514238,910.8,453.2
18915,17247,600.6812040354517,660.1264991514238,910.8,453.2
18916,17247,600.6812040354517,660.1264991514238,910.8,453.2
18917,17247,600.6812040354517,660.1264991514238,910.8,453.2
18918,17247,600.6812040354517,660.1264991514238,910.8,453.2
18919,17247,600.6812040354517,660.1264991514238,910.8,453.2
18920,17247,600.6812040354517,660.1264991514238,910.8,453.2
18921,17247,600.6812040354517,660.1264991514238,910.8,453.2
18922,17247,600.6812040354517,660.1264991514238,910.8,453.2
18923,17247,600.6812040354517,660.1264991514238,910.8,453.2
18924,17247,600.6812040354517,660.1264991514238,910.8,453.2
18925,17247,600.6812040354517,660.1264991514238,910.8,453.2
18926,17247,600.6812040354517,660.1264991514238,910.8,453.2
18927,17247,600.6812040354517,660.1264991514238,910.8,453.2
18928,17247,600.6812040354517,660.1264991514238,910.8,453.2
18929,17247,600.6812040354517,660.1264991514238,910.8,453.2
18930,17247,600.6812040354517,660.1264991514238,910.8,453.2
18931,17247,600.6812040354517,660.1264991514238,910.8,453.2
18932,17247,600.6812040354517,660.1264991514238,910.8,453.2
18933,17247,600.6812040354517,660.1264991514238,910.8,453.2
18934,17247,600.6812040354517,660.1264991514238,910.8,453.2
18935,17247,600.6812040354517,660.1264991514238,910.8,453.2
18936,17247,600.6812040354517,660.1264991514238,910.8,453.2
18937,17247,600.6812040354517,660.1264991514238,910.8,453.2
18938,17247,600.6812040354517,660.1264991514238,910.8,453.2
18939,17247,600.6812040354517,660.1264991514238,910.8,453.2
18940,17247,600.6812040354517,660.1264991514238,910.8,453.2
18941,17247,600.6812040354517,660.1264991514238,910.8,453.2
18942,17247,600.6812040354517,660.1264991514238,910.8,453.2
18943,17247,600.6812040354517,660.1264991514238,910.8,453.2
18944,17247,600.6812040354517,660.1264991514238,910.8,453.2
18945,17247,600.6812040354517,660.1264991514238,910.8,453.2
18946,17247,600.6812040354517,660.1264991514238,910.8,453.2
18947,17247,600.6812040354517,660.1264991514238,910.8,453.2
18948,17247,905.6812040354517,656.1264991514238,910.8,453.2
18949,17247,905.6812040354517,656.1264991514238,910.8,453.2
18950,17247,905.6812040354517,656.1264991514238,910.8,453.2
18951,17247,905.6812040354517,656.1264991514238,910.8,453.2
18952,17247,905.6812040354517,656.1264991514238,910.8,453.2
18953,17247,905.6812040354517,656.1264991514238,910.8,453.2
18954,17247,905.6812040354517,656.1264991514238,910.8,453.2
18955,17247,905.6812040354517,656.1264991514238,910.8,453.2
18956,17247,905.6812040354517,656.1264991514238,910.8,453.2
18957,17247,905.6812040354517,656.1264991514238,910.8,453.2
18958,17247,905.6812040354517,656.1264991514238,910.8,453.2
18959,17247,905.6812040354517,656.1264991514238,910.8,453.2
18960,17247,905.6812040354517,656.1264991514238,910.8,453.2
18961,17247,905.6812040354517,656.1264991514238,910.8,453.2
18962,17247,905.6812040354517,656.1264991514238,910.8,453.2
18963,17247,905.6812040354517,656.1264991514238,910.8,453.2
18964,17247,905.6812040354517,656.1264991514238,910.8,453.2
18965,17247,905.6812040354517,656.1264991514238,910.8,453.2
18966,17247,905.6812040354517,656.1264991514238,915.347619047619,460.24285714285713
18967,17247,905.6812040354517,656.1264991514238,919.895238095238,467.2857142857143
18968,17247,905.6812040354517,656.1264991514238,924.4428571428571,474.3285714285714
18969,17247,905.6812040354517,656.1264991514238,928.9904761904761,481.37142857142857
18970,17247,905.6812040354517,656.1264991514238,933.5380952380951,488.4142857142857
18971,17247,905.6812040354517,656.1264991514238,938.0857142857143,495.45714285714286
18972,17247,905.6812040354517,656.1264991514238,942.6333333333333,502.5
18973,17247,1209.6812040354516,653.1264991514238,947.1809523809524,509.54285714285714
18974,17247,1209.6812040354516,653.1264991514238,951.7285714285714,516.5857142857143
18975,17247,1209.6812040354516,653.1264991514238,956.2761904761904,523.6285714285714
18976,17247,1209.6812040354516,653.1264991514238,960.8238095238095,530.6714285714286
18977,17247,1209.6812040354516,653.1264991514238,965.3714285714285,537.7142857142858
18978,17247,1209.6812040354516,653.1264991514238,969.9190476190475,544.7571428571429
18979,17247,1209.6812040354516,653.1264991514238,974.4666666666666,551.8
18980,17247,1209.6812040354516,653.1264991514238,979.0142857142856,558.8428571428572
18981,17247,1209.6812040354516,653.1264991514238,983.5619047619048,565.8857142857144
18982,17247,1209.6812040354516,653.1264991514238,988.1095238095238,572.9285714285714
18983,17247,1209.6812040354516,653.1264991514238,992.6571428571428,579.9714285714285
18984,17247,1209.6812040354516,653.1264991514238,997.2047619047619,587.0142857142857
18985,17247,1209.6812040354516,653.1264991514238,1001.7523809523809,594.0571428571429
18986,17247,1209.6812040354516,653.1264991514238,1006.3,601.1
18987,17247,1209.6812040354516,653.1264991514238,1006.3,601.1
18988,17247,1209.6812040354516,653.1264991514238,1006.3,601.1
18989,17247,1209.6812040354516,653.1264991514238,1006.3,601.1
18990,17247,1209.6812040354516,653.1264991514238,1006.3,601.1
18991,17247,1209.6812040354516,653.1264991514238,1006.3,601.1
18992,17247,1209.6812040354516,653.1264991514238,1006.3,601.1
18993,17247,1209.6812040354516,653.1264991514238,1006.3,601.1
18994,17247,1209.6812040354516,653.1264991514238,1006.3,601.1
18995,17247,1209.6812040354516,653.1264991514238,1006.3,601.1
18996,17247,1209.6812040354516,653.1264991514238,1006.3,601.1
18997,17247,1209.6812040354516,653.1264991514238,1006.3,601.1
18998,17247,1209.6812040354516,653.1264991514238,1006.3,601.1
18999,17247,1209.6812040354516,653.1264991514238,1006.3,601.1
19000,17247,1209.6812040354516,653.1264991514238,1006.3,601.1
19001,17247,1209.6812040354516,653.1264991514238,1006.3,601.1
19002,17247,1209.6812040354516,653.1264991514238,1006.3,601.1
19003,17247,1209.6812040354516,653.1264991514238,1006.3,601.1
19004,17247,1209.6812040354516,653.1264991514238,1006.3,601.1
19005,17247,1209.6812040354516,653.1264991514238,1006.3,601.1
19006,17247,1209.6812040354516,653.1264991514238,1006.3,601.1
19007,17247,1209.6812040354516,653.1264991514238,1006.3,601.1
19008,17247,1209.6812040354516,653.1264991514238,1006.3,601.1
19009,17247,1209.6812040354516,653.1264991514238,1006.3,601.1
19010,17247,1209.6812040354516,653.1264991514238,1006.3,601.1
19011,17247,1209.6812040354516,653.1264991514238,1006.3,601.1
19012,17247,1209.6812040354516,653.1264991514238,1006.3,601.1
19013,17247,1209.6812040354516,653.1264991514238,1006.3,601.1
19014,17247,1209.6812040354516,653.1264991514238,1006.3,601.1
19015,17247,1209.6812040354516,653.1264991514238,1006.3,601.1
19016,17247,1209.6812040354516,653.1264991514238,1006.3,601.1
19017,17247,1209.6812040354516,653.1264991514238,1006.3,601.1
19018,17247,1209.6812040354516,653.1264991514238,1006.3,601.1
19019,17247,1209.6812040354516,653.1264991514238,1006.3,601.1
19020,17247,1209.6812040354516,653.1264991514238,1006.3,601.1
19021,17247,1209.6812040354516,653.1264991514238,1006.3,601.1
19022,17247,1209.6812040354516,653.1264991514238,1006.3,601.1
19023,17247,1209.6812040354516,653.1264991514238,1006.3,601.1
19024,17247,1209.6812040354516,653.1264991514238,1006.3,601.1
19025,17247,1209.6812040354516,653.1264991514238,1006.3,601.1
19026,17247,1209.6812040354516,653.1264991514238,1006.3,601.1
19027,17247,1209.6812040354516,653.1264991514238,1006.3,601.1
19028,17247,1209.6812040354516,653.1264991514238,1006.3,601.1
19029,17247,1209.6812040354516,653.1264991514238,1006.3,601.1
19030,17247,1209.6812040354516,653.1264991514238,1006.3,601.1
19031,17247,1209.6812040354516,653.1264991514238,1006.3,601.1
19032,17247,1209.6812040354516,653.1264991514238,1006.3,601.1
19033,17247,1209.6812040354516,653.1264991514238,1006.3,601.1
19034,17247,1209.6812040354516,653.1264991514238,1006.3,601.1
19035,17247,1209.6812040354516,653.1264991514238,1006.3,601.1
19036,17247,1209.6812040354516,653.1264991514238,1006.3,601.1
19037,17247,1209.6812040354516,653.1264991514238,1006.3,601.1
19038,17247,1209.6812040354516,653.1264991514238,1006.3,601.1
19039,17247,1209.6812040354516,653.1264991514238,1006.3,601.1
19040,17247,1209.6812040354516,653.1264991514238,1006.3,601.1
19041,17247,1209.6812040354516,653.1264991514238,1006.3,601.1
19042,17247,1209.6812040354516,653.1264991514238,1006.3,601.1
19043,17247,1209.6812040354516,653.1264991514238,1006.3,601.1
19044,17247,1209.6812040354516,653.1264991514238,1006.3,601.1
19045,17247,1209.6812040354516,653.1264991514238,1006.3,601.1
19046,17247,1209.6812040354516,653.1264991514238,1006.3,601.1
19047,17247,1209.6812040354516,653.1264991514238,1006.3,601.1
19048,17247,1209.6812040354516,653.1264991514238,1006.3,601.1
19049,17247,1209.6812040354516,653.1264991514238,1006.3,601.1
19050,17247,1209.6812040354516,653.1264991514238,1006.3,601.1
19051,17247,1209.6812040354516,653.1264991514238,1006.3,601.1
19052,17247,1209.6812040354516,653.1264991514238,1006.3,601.1
19053,17247,1209.6812040354516,653.1264991514238,1006.3,601.1
19054,17247,1209.6812040354516,653.1264991514238,1006.3,601.1
19055,17247,1209.6812040354516,653.1264991514238,1006.3,601.1
19056,17247,1209.6812040354516,653.1264991514238,1006.3,601.1
19057,17247,1209.6812040354516,653.1264991514238,1006.3,601.1
19058,17247,1209.6812040354516,653.1264991514238,1006.3,601.1
19059,17247,1209.6812040354516,653.1264991514238,1006.3,601.1
19060,17247,1209.6812040354516,653.1264991514238,1006.3,601.1
19061,17247,1209.6812040354516,653.1264991514238,1006.3,601.1
19062,17247,1209.6812040354516,653.1264991514238,1006.3,601.1
19063,17247,1209.6812040354516,653.1264991514238,1006.3,601.1
19064,17247,1209.6812040354516,653.1264991514238,1006.3,601.1
19065,17247,1209.6812040354516,653.1264991514238,1006.3,601.1
19066,17247,1209.6812040354516,653.1264991514238,1006.3,601.1
19067,17247,1209.6812040354516,653.1264991514238,1006.3,601.1
19068,17247,1209.6812040354516,653.1264991514238,1006.3,601.1
19069,17247,1209.6812040354516,653.1264991514238,1006.3,601.1
19070,17247,1209.6812040354516,653.1264991514238,1006.3,601.1
19071,17247,1209.6812040354516,653.1264991514238,1006.3,601.1
19072,17247,1209.6812040354516,653.1264991514238,1006.3,601.1
19073,17247,1209.6812040354516,653.1264991514238,1006.3,601.1
19074,17247,1209.6812040354516,653.1264991514238,1006.3,601.1
19075,17247,1209.6812040354516,653.1264991514238,1006.3,601.1
19076,17247,1209.6812040354516,653.1264991514238,1006.3,601.1
19077,17247,1209.6812040354516,653.1264991514238,1006.3,601.1
19078,17247,1209.6812040354516,653.1264991514238,1006.3,601.1
19079,17247,1209.6812040354516,653.1264991514238,1006.3,601.1
19080,17247,1209.6812040354516,653.1264991514238,1006.3,601.1
19081,17247,1209.6812040354516,653.1264991514238,1006.3,601.1
19082,17247,1209.6812040354516,653.1264991514238,1006.3,601.1
19083,17247,1209.6812040354516,653.1264991514238,1006.3,601.1
19084,17247,1209.6812040354516,653.1264991514238,1006.3,601.1
19085,17247,1209.6812040354516,653.1264991514238,1006.3,601.1
19086,17247,1209.6812040354516,653.1264991514238,1006.3,601.1
19087,17247,1209.6812040354516,653.1264991514238,1006.3,601.1
19088,17247,1209.6812040354516,653.1264991514238,1006.3,601.1
19089,17247,1209.6812040354516,653.1264991514238,1006.3,601.1
19090,17247,1209.6812040354516,653.1264991514238,1006.3,601.1
19091,17247,1209.6812040354516,653.1264991514238,1006.3,601.1
19092,17247,1209.6812040354516,653.1264991514238,1006.3,601.1
19093,17247,1209.6812040354516,653.1264991514238,1006.3,601.1
19094,17247,1209.6812040354516,653.1264991514238,1006.3,601.1
19095,17247,1209.6812040354516,653.1264991514238,1006.3,601.1
19096,17247,1209.6812040354516,653.1264991514238,1006.3,601.1
19097,17247,1209.6812040354516,653.1264991514238,1006.3,601.1
19098,17247,1209.6812040354516,653.1264991514238,1006.3,601.1
19099,17247,1209.6812040354516,653.1264991514238,1006.3,601.1
19100,17247,1209.6812040354516,653.1264991514238,1006.3,601.1
19101,17247,1209.6812040354516,653.1264991514238,1006.3,601.1
19102,17247,1209.6812040354516,653.1264991514238,1006.3,601.1
19103,17247,1209.6812040354516,653.1264991514238,1006.3,601.1
19104,17247,1209.6812040354516,653.1264991514238,1006.3,601.1
19105,17247,1209.6812040354516,653.1264991514238,1006.3,601.1
19106,17247,893.6812040354517,625.1264991514238,1006.3,601.1
19107,17247,893.6812040354517,625.1264991514238,1006.3,601.1
19108,17247,893.6812040354517,625.1264991514238,1006.3,601.1
19109,17247,893.6812040354517,625.1264991514238,1006.3,601.1
19110,17247,893.6812040354517,625.1264991514238,1006.3,601.1
19111,17247,893.6812040354517,625.1264991514238,1006.3,601.1
19112,17247,893.6812040354517,625.1264991514238,1006.3,601.1
19113,17247,893.6812040354517,625.1264991514238,1006.3,601.1
19114,17247,893.6812040354517,625.1264991514238,1006.3,601.1
19115,17247,893.6812040354517,625.1264991514238,1006.3,601.1
19116,17247,893.6812040354517,625.1264991514238,1006.3,601.1
19117,17247,893.6812040354517,625.1264991514238,1006.3,601.1
19118,17247,893.6812040354517,625.1264991514238,1006.3,601.1
19119,17247,893.6812040354517,625.1264991514238,1006.3,601.1
19120,17247,893.6812040354517,625.1264991514238,1006.3,601.1
19121,17247,893.6812040354517,625.1264991514238,1006.3,601.1
19122,17247,893.6812040354517,625.1264991514238,1006.3,601.1
19123,17247,893.6812040354517,625.1264991514238,1006.3,601.1
19124,17247,893.6812040354517,625.1264991514238,1006.3,601.1
19125,17247,893.6812040354517,625.1264991514238,1006.3,601.1
19126,17247,893.6812040354517,625.1264991514238,1006.3,601.1
19127,17247,893.6812040354517,625.1264991514238,1006.3,601.1
19128,17247,893.6812040354517,625.1264991514238,1006.3,601.1
19129,17247,893.6812040354517,625.1264991514238,1006.3,601.1
19130,17247,893.6812040354517,625.1264991514238,1006.3,601.1
19131,17247,893.6812040354517,625.1264991514238,1006.3,601.1
19132,17247,893.6812040354517,625.1264991514238,1006.3,601.1
19133,17247,893.6812040354517,625.1264991514238,1006.3,601.1
19134,17247,893.6812040354517,625.1264991514238,1006.3,601.1
19135,17247,893.6812040354517,625.1264991514238,1006.3,601.1
19136,17247,893.6812040354517,625.1264991514238,1006.3,601.1
19137,17247,893.6812040354517,625.1264991514238,1006.3,601.1
19138,17247,893.6812040354517,625.1264991514238,1006.3,601.1
19139,17247,893.6812040354517,625.1264991514238,1006.3,601.1
19140,17247,893.6812040354517,625.1264991514238,1006.3,601.1
19141,17247,893.6812040354517,625.1264991514238,1006.3,601.1
19142,17247,893.6812040354517,625.1264991514238,1006.3,601.1
19143,17247,893.6812040354517,625.1264991514238,1006.3,601.1
19144,17247,893.6812040354517,625.1264991514238,1006.3,601.1
19145,17247,893.6812040354517,625.1264991514238,1006.3,601.1
19146,17247,893.6812040354517,625.1264991514238,1006.3,601.1
19147,17247,893.6812040354517,625.1264991514238,1006.3,601.1
19148,17247,893.6812040354517,625.1264991514238,1006.3,601.1
19149,17247,893.6812040354517,625.1264991514238,1006.3,601.1
19150,17247,893.6812040354517,625.1264991514238,1006.3,601.1
19151,17247,893.6812040354517,625.1264991514238,1006.3,601.1
19152,17247,893.6812040354517,625.1264991514238,1006.3,601.1
19153,17247,893.6812040354517,625.1264991514238,1006.3,601.1
19154,17247,893.6812040354517,625.1264991514238,1006.3,601.1
19155,17247,893.6812040354517,625.1264991514238,1006.3,601.1
19156,17247,893.6812040354517,625.1264991514238,1006.3,601.1
19157,17247,893.6812040354517,625.1264991514238,1006.3,601.1
19158,17247,893.6812040354517,625.1264991514238,1006.3,601.1
19159,17247,893.6812040354517,625.1264991514238,1006.3,601.1
19160,17247,893.6812040354517,625.1264991514238,1006.3,601.1
19161,17247,893.6812040354517,625.1264991514238,1006.3,601.1
19162,17247,893.6812040354517,625.1264991514238,1006.3,601.1
19163,17247,893.6812040354517,625.1264991514238,1006.3,601.1
19164,17247,893.6812040354517,625.1264991514238,1006.3,601.1
19165,17247,893.6812040354517,625.1264991514238,1006.3,601.1
19166,17247,893.6812040354517,625.1264991514238,1006.3,601.1
19167,17247,893.6812040354517,625.1264991514238,1006.3,601.1
19168,17247,893.6812040354517,625.1264991514238,1006.3,601.1
19169,17247,893.6812040354517,625.1264991514238,1006.3,601.1
19170,17247,893.6812040354517,625.1264991514238,1006.3,601.1
19171,17247,893.6812040354517,625.1264991514238,1006.3,601.1
19172,17247,893.6812040354517,625.1264991514238,1006.3,601.1
19173,17247,893.6812040354517,625.1264991514238,1006.3,601.1
19174,17247,893.6812040354517,625.1264991514238,1006.3,601.1
19175,17247,893.6812040354517,625.1264991514238,1006.3,601.1
19176,17247,893.6812040354517,625.1264991514238,1006.3,601.1
19177,17247,893.6812040354517,625.1264991514238,1006.3,601.1
19178,17247,893.6812040354517,625.1264991514238,1006.3,601.1
19179,17247,893.6812040354517,625.1264991514238,1006.3,601.1
19180,17247,893.6812040354517,625.1264991514238,1006.3,601.1
19181,17247,893.6812040354517,625.1264991514238,1006.3,601.1
19182,17247,893.6812040354517,625.1264991514238,1006.3,601.1
19183,17247,893.6812040354517,625.1264991514238,1006.3,601.1
19184,17247,893.6812040354517,625.1264991514238,1006.3,601.1
19185,17247,893.6812040354517,625.1264991514238,1006.3,601.1
19186,17247,893.6812040354517,625.1264991514238,1006.3,601.1
19187,17247,893.6812040354517,625.1264991514238,1006.3,601.1
19188,17247,893.6812040354517,625.1264991514238,1006.3,601.1
19189,17247,893.6812040354517,625.1264991514238,1006.3,601.1
19190,17247,893.6812040354517,625.1264991514238,1001.676923076923,603.4538461538461
19191,17247,893.6812040354517,625.1264991514238,997.0538461538462,605.8076923076924
19192,17247,893.6812040354517,625.1264991514238,992.4307692307692,608.1615384615385
19193,17247,893.6812040354517,625.1264991514238,987.8076923076923,610.5153846153846
19194,17247,893.6812040354517,625.1264991514238,983.1846153846154,612.8692307692309
19195,17247,893.6812040354517,625.1264991514238,978.5615384615385,615.223076923077
19196,17247,893.6812040354517,625.1264991514238,973.9384615384615,617.5769230769231
19197,17247,893.6812040354517,625.1264991514238,969.3153846153846,619.9307692307692
19198,17247,893.6812040354517,625.1264991514238,964.6923076923077,622.2846153846154
19199,17247,893.6812040354517,625.1264991514238,960.0692307692308,624.6384615384616
19200,17247,893.6812040354517,625.1264991514238,955.4461538461538,626.9923076923077
19201,17247,893.6812040354517,625.1264991514238,950.823076923077,629.3461538461539
19202,17247,893.6812040354517,625.1264991514238,946.2,631.7
19203,17247,893.6812040354517,625.1264991514238,946.2,631.7
19204,17247,893.6812040354517,625.1264991514238,946.2,631.7
19205,17247,893.6812040354517,625.1264991514238,946.2,631.7
19206,17247,893.6812040354517,625.1264991514238,946.2,631.7
19207,17247,893.6812040354517,625.1264991514238,946.2,631.7
19208,17247,893.6812040354517,625.1264991514238,946.2,631.7
19209,17247,893.6812040354517,625.1264991514238,946.2,631.7
19210,17247,893.6812040354517,625.1264991514238,946.2,631.7
19211,17247,893.6812040354517,625.1264991514238,946.2,631.7
19212,17247,893.6812040354517,625.1264991514238,946.2,631.7
19213,17247,893.6812040354517,625.1264991514238,946.2,631.7
19214,17247,893.6812040354517,625.1264991514238,946.2,631.7
19215,17247,893.6812040354517,625.1264991514238,946.2,631.7
19216,17247,893.6812040354517,625.1264991514238,946.2,631.7
19217,17247,893.6812040354517,625.1264991514238,946.2,631.7
19218,17247,893.6812040354517,625.1264991514238,946.2,631.7
19219,17247,893.6812040354517,625.1264991514238,946.2,631.7
19220,17247,893.6812040354517,625.1264991514238,946.2,631.7
19221,17247,893.6812040354517,625.1264991514238,946.2,631.7
19222,17247,893.6812040354517,625.1264991514238,946.2,631.7
19223,17247,893.6812040354517,625.1264991514238,946.2,631.7
19224,17247,893.6812040354517,625.1264991514238,946.2,631.7
19225,17247,893.6812040354517,625.1264991514238,946.2,631.7
19226,17247,893.6812040354517,625.1264991514238,946.2,631.7
19227,17247,893.6812040354517,625.1264991514238,946.2,631.7
19228,17247,893.6812040354517,625.1264991514238,946.2,631.7
19229,17247,893.6812040354517,625.1264991514238,946.2,631.7
19230,17247,893.6812040354517,625.1264991514238,946.2,631.7
19231,17247,893.6812040354517,625.1264991514238,946.2,631.7
19232,17247,893.6812040354517,625.1264991514238,946.2,631.7
19233,17247,893.6812040354517,625.1264991514238,946.2,631.7
19234,17247,893.6812040354517,625.1264991514238,946.2,631.7
19235,17247,893.6812040354517,625.1264991514238,946.2,631.7
19236,17247,893.6812040354517,625.1264991514238,946.2,631.7
19237,17247,893.6812040354517,625.1264991514238,946.2,631.7
19238,17247,893.6812040354517,625.1264991514238,946.2,631.7
19239,17247,893.6812040354517,625.1264991514238,946.2,631.7
19240,17247,893.6812040354517,625.1264991514238,946.2,631.7
19241,17247,893.6812040354517,625.1264991514238,946.2,631.7
19242,17247,893.6812040354517,625.1264991514238,946.2,631.7
19243,17247,893.6812040354517,625.1264991514238,946.2,631.7
19244,17247,893.6812040354517,625.1264991514238,946.2,631.7
19245,17247,893.6812040354517,625.1264991514238,946.2,631.7
19246,17247,893.6812040354517,625.1264991514238,946.2,631.7
19247,17247,893.6812040354517,625.1264991514238,946.2,631.7
19248,17247,893.6812040354517,625.1264991514238,946.2,631.7
19249,17247,893.6812040354517,625.1264991514238,946.2,631.7
19250,17247,893.6812040354517,625.1264991514238,946.2,631.7
19251,17247,893.6812040354517,625.1264991514238,946.2,631.7
19252,17247,893.6812040354517,625.1264991514238,946.2,631.7
19253,17247,893.6812040354517,625.1264991514238,946.2,631.7
19254,17247,893.6812040354517,625.1264991514238,946.2,631.7
19255,17247,893.6812040354517,625.1264991514238,946.2,631.7
19256,17247,893.6812040354517,625.1264991514238,946.2,631.7
19257,17247,893.6812040354517,625.1264991514238,946.2,631.7
19258,17247,893.6812040354517,625.1264991514238,946.2,631.7
19259,17247,893.6812040354517,625.1264991514238,946.2,631.7
19260,17247,893.6812040354517,625.1264991514238,946.2,631.7
19261,17247,893.6812040354517,625.1264991514238,946.2,631.7
19262,17247,893.6812040354517,625.1264991514238,946.2,631.7
19263,17247,893.6812040354517,625.1264991514238,946.2,631.7
19264,17247,893.6812040354517,625.1264991514238,946.2,631.7
19265,17247,893.6812040354517,625.1264991514238,946.2,631.7
19266,17247,893.6812040354517,625.1264991514238,946.2,631.7
19267,17247,893.6812040354517,625.1264991514238,946.2,631.7
19268,17247,893.6812040354517,625.1264991514238,946.2,631.7
19269,17247,893.6812040354517,625.1264991514238,946.2,631.7
19270,17247,893.6812040354517,625.1264991514238,946.2,631.7
19271,17247,893.6812040354517,625.1264991514238,946.2,631.7
19272,17247,893.6812040354517,625.1264991514238,946.2,631.7
19273,17247,893.6812040354517,625.1264991514238,946.2,631.7
19274,17247,893.6812040354517,625.1264991514238,946.2,631.7
19275,17247,893.6812040354517,625.1264991514238,946.2,631.7
19276,17247,893.6812040354517,625.1264991514238,946.2,631.7
19277,17247,893.6812040354517,625.1264991514238,946.2,631.7
19278,17247,893.6812040354517,625.1264991514238,946.2,631.7
19279,17247,893.6812040354517,625.1264991514238,946.2,631.7
19280,17247,893.6812040354517,625.1264991514238,946.2,631.7
19281,17247,893.6812040354517,625.1264991514238,946.2,631.7
19282,17247,893.6812040354517,625.1264991514238,946.2,631.7
19283,17247,893.6812040354517,625.1264991514238,946.2,631.7
19284,17247,893.6812040354517,625.1264991514238,946.2,631.7
19285,17247,893.6812040354517,625.1264991514238,946.2,631.7
19286,17247,893.6812040354517,625.1264991514238,946.2,631.7
19287,17247,893.6812040354517,625.1264991514238,946.2,631.7
19288,17247,893.6812040354517,625.1264991514238,946.2,631.7
19289,17247,893.6812040354517,625.1264991514238,946.2,631.7
19290,17247,893.6812040354517,625.1264991514238,946.2,631.7
19291,17247,893.6812040354517,625.1264991514238,946.2,631.7
19292,17247,893.6812040354517,625.1264991514238,946.2,631.7
19293,17247,893.6812040354517,625.1264991514238,946.2,631.7
19294,17247,893.6812040354517,625.1264991514238,946.2,631.7
19295,17247,893.6812040354517,625.1264991514238,946.2,631.7
19296,17247,893.6812040354517,625.1264991514238,946.2,631.7
19297,17247,893.6812040354517,625.1264991514238,946.2,631.7
19298,17247,893.6812040354517,625.1264991514238,946.2,631.7
19299,17247,893.6812040354517,625.1264991514238,946.2,631.7
19300,17247,893.6812040354517,625.1264991514238,946.2,631.7
19301,17247,893.6812040354517,625.1264991514238,946.2,631.7
19302,17247,893.6812040354517,625.1264991514238,946.2,631.7
19303,17247,893.6812040354517,625.1264991514238,946.2,631.7
19304,17247,893.6812040354517,625.1264991514238,946.2,631.7
19305,17247,893.6812040354517,625.1264991514238,946.2,631.7
19306,17247,893.6812040354517,625.1264991514238,946.2,631.7
19307,17247,893.6812040354517,625.1264991514238,946.2,631.7
19308,17247,893.6812040354517,625.1264991514238,946.2,631.7
19309,17247,893.6812040354517,625.1264991514238,946.2,631.7
19310,17247,893.6812040354517,625.1264991514238,946.2,631.7
19311,17247,893.6812040354517,625.1264991514238,946.2,631.7
19312,17247,893.6812040354517,625.1264991514238,946.2,631.7
19313,17247,893.6812040354517,625.1264991514238,946.2,631.7
19314,17247,893.6812040354517,625.1264991514238,946.2,631.7
19315,17247,893.6812040354517,625.1264991514238,946.2,631.7
19316,17247,893.6812040354517,625.1264991514238,946.2,631.7
19317,17247,893.6812040354517,625.1264991514238,946.2,631.7
19318,17247,893.6812040354517,625.1264991514238,946.2,631.7
19319,17247,893.6812040354517,625.1264991514238,946.2,631.7
19320,17247,893.6812040354517,625.1264991514238,946.2,631.7
19321,17247,893.6812040354517,625.1264991514238,946.2,631.7
19322,17247,893.6812040354517,625.1264991514238,946.2,631.7
19323,17247,893.6812040354517,625.1264991514238,946.2,631.7
19324,17247,893.6812040354517,625.1264991514238,946.2,631.7
19325,17247,893.6812040354517,625.1264991514238,946.2,631.7
19326,17247,893.6812040354517,625.1264991514238,946.2,631.7
19327,17247,893.6812040354517,625.1264991514238,946.2,631.7
19328,17247,893.6812040354517,625.1264991514238,946.2,631.7
19329,17247,893.6812040354517,625.1264991514238,946.2,631.7
19330,17247,893.6812040354517,625.1264991514238,946.2,631.7
19331,17247,893.6812040354517,625.1264991514238,946.2,631.7
19332,17247,893.6812040354517,625.1264991514238,946.2,631.7
19333,17247,893.6812040354517,625.1264991514238,946.2,631.7
19334,17247,893.6812040354517,625.1264991514238,946.2,631.7
19335,17247,893.6812040354517,625.1264991514238,946.2,631.7
19336,17247,893.6812040354517,625.1264991514238,946.2,631.7
19337,17247,893.6812040354517,625.1264991514238,946.2,631.7
19338,17247,893.6812040354517,625.1264991514238,946.2,631.7
19339,17247,893.6812040354517,625.1264991514238,946.2,631.7
19340,17247,893.6812040354517,625.1264991514238,946.2,631.7
19341,17247,893.6812040354517,625.1264991514238,946.2,631.7
19342,17247,893.6812040354517,625.1264991514238,946.2,631.7
19343,17247,893.6812040354517,625.1264991514238,946.2,631.7
19344,17247,893.6812040354517,625.1264991514238,946.2,631.7
19345,17247,893.6812040354517,625.1264991514238,946.2,631.7
19346,17247,893.6812040354517,625.1264991514238,946.2,631.7
19347,17247,893.6812040354517,625.1264991514238,946.2,631.7
19348,17247,893.6812040354517,625.1264991514238,946.2,631.7
19349,17247,893.6812040354517,625.1264991514238,946.2,631.7
19350,17247,893.6812040354517,625.1264991514238,946.2,631.7
19351,17247,893.6812040354517,625.1264991514238,946.2,631.7
19352,17247,893.6812040354517,625.1264991514238,946.2,631.7
19353,17247,893.6812040354517,625.1264991514238,946.2,631.7
19354,17247,893.6812040354517,625.1264991514238,946.2,631.7
19355,17247,893.6812040354517,625.1264991514238,946.2,631.7
19356,17247,893.6812040354517,625.1264991514238,946.2,631.7
19357,17247,893.6812040354517,625.1264991514238,946.2,631.7
19358,17247,893.6812040354517,625.1264991514238,946.2,631.7
19359,17247,893.6812040354517,625.1264991514238,946.2,631.7
19360,17247,893.6812040354517,625.1264991514238,946.2,631.7
19361,17247,893.6812040354517,625.1264991514238,946.2,631.7
19362,17247,893.6812040354517,625.1264991514238,946.2,631.7
19363,17247,893.6812040354517,625.1264991514238,946.2,631.7
19364,17247,893.6812040354517,625.1264991514238,946.2,631.7
19365,17247,893.6812040354517,625.1264991514238,946.2,631.7
19366,17247,893.6812040354517,625.1264991514238,946.2,631.7
19367,17247,893.6812040354517,625.1264991514238,946.2,631.7
19368,17247,893.6812040354517,625.1264991514238,946.2,631.7
19369,17247,893.6812040354517,625.1264991514238,946.2,631.7
19370,17247,893.6812040354517,625.1264991514238,946.2,631.7
19371,17247,893.6812040354517,625.1264991514238,946.2,631.7
19372,17247,893.6812040354517,625.1264991514238,946.2,631.7
19373,17247,893.6812040354517,625.1264991514238,946.2,631.7
19374,17247,893.6812040354517,625.1264991514238,946.2,631.7
19375,17247,893.6812040354517,625.1264991514238,946.2,631.7
19376,17247,893.6812040354517,625.1264991514238,946.2,631.7
19377,17247,893.6812040354517,625.1264991514238,946.2,631.7
19378,17247,893.6812040354517,625.1264991514238,946.2,631.7
19379,17247,893.6812040354517,625.1264991514238,946.2,631.7
19380,17247,893.6812040354517,625.1264991514238,946.2,631.7
19381,17247,893.6812040354517,625.1264991514238,946.2,631.7
19382,17247,893.6812040354517,625.1264991514238,946.2,631.7
19383,17247,893.6812040354517,625.1264991514238,946.2,631.7
19384,17247,893.6812040354517,625.1264991514238,946.2,631.7
19385,17247,893.6812040354517,625.1264991514238,946.2,631.7
19386,17247,893.6812040354517,625.1264991514238,946.2,631.7
19387,17247,893.6812040354517,625.1264991514238,946.2,631.7
19388,17247,893.6812040354517,625.1264991514238,946.2,631.7
19389,17247,893.6812040354517,625.1264991514238,946.2,631.7
19390,17247,893.6812040354517,625.1264991514238,946.2,631.7
19391,17247,893.6812040354517,625.1264991514238,946.2,631.7
19392,17247,893.6812040354517,625.1264991514238,946.2,631.7
19393,17247,893.6812040354517,625.1264991514238,946.2,631.7
19394,17247,893.6812040354517,625.1264991514238,946.2,631.7
19395,17247,893.6812040354517,625.1264991514238,946.2,631.7
19396,17247,893.6812040354517,625.1264991514238,946.2,631.7
19397,17247,893.6812040354517,625.1264991514238,946.2,631.7
19398,17247,893.6812040354517,625.1264991514238,946.2,631.7
19399,17247,893.6812040354517,625.1264991514238,946.2,631.7
19400,17247,893.6812040354517,625.1264991514238,946.2,631.7
19401,17247,893.6812040354517,625.1264991514238,946.2,631.7
19402,17247,893.6812040354517,625.1264991514238,946.2,631.7
19403,17247,893.6812040354517,625.1264991514238,946.2,631.7
19404,17247,893.6812040354517,625.1264991514238,946.2,631.7
19405,17247,893.6812040354517,625.1264991514238,946.2,631.7
19406,17247,893.6812040354517,625.1264991514238,946.2,631.7
19407,17247,893.6812040354517,625.1264991514238,946.2,631.7
19408,17247,893.6812040354517,625.1264991514238,946.2,631.7
19409,17247,893.6812040354517,625.1264991514238,946.2,631.7
19410,17247,893.6812040354517,625.1264991514238,946.2,631.7
19411,17247,893.6812040354517,625.1264991514238,946.2,631.7
19412,17247,893.6812040354517,625.1264991514238,946.2,631.7
19413,17247,893.6812040354517,625.1264991514238,946.2,631.7
19414,17247,893.6812040354517,625.1264991514238,946.2,631.7
19415,17247,893.6812040354517,625.1264991514238,946.2,631.7
19416,17247,893.6812040354517,625.1264991514238,946.2,631.7
19417,17247,893.6812040354517,625.1264991514238,946.2,631.7
19418,17247,893.6812040354517,625.1264991514238,946.2,631.7
19419,17247,893.6812040354517,625.1264991514238,946.2,631.7
19420,17247,893.6812040354517,625.1264991514238,946.2,631.7
19421,17247,893.6812040354517,625.1264991514238,946.2,631.7
19422,17247,893.6812040354517,625.1264991514238,946.2,631.7
19423,17247,893.6812040354517,625.1264991514238,946.2,631.7
19424,17247,893.6812040354517,625.1264991514238,946.2,631.7
19425,17247,893.6812040354517,625.1264991514238,946.2,631.7
19426,17247,893.6812040354517,625.1264991514238,946.2,631.7
19427,17247,893.6812040354517,625.1264991514238,946.2,631.7
19428,17247,893.6812040354517,625.1264991514238,946.2,631.7
19429,17247,893.6812040354517,625.1264991514238,946.2,631.7
19430,17247,893.6812040354517,625.1264991514238,946.2,631.7
19431,17247,893.6812040354517,625.1264991514238,946.2,631.7
19432,17247,893.6812040354517,625.1264991514238,946.2,631.7
19433,17247,893.6812040354517,625.1264991514238,946.2,631.7
19434,17247,893.6812040354517,625.1264991514238,946.2,631.7
19435,17247,893.6812040354517,625.1264991514238,946.2,631.7
19436,17247,893.6812040354517,625.1264991514238,946.2,631.7
19437,17247,893.6812040354517,625.1264991514238,946.2,631.7
19438,17247,893.6812040354517,625.1264991514238,946.2,631.7
19439,17247,893.6812040354517,625.1264991514238,946.2,631.7
19440,17247,893.6812040354517,625.1264991514238,946.2,631.7
19441,17247,893.6812040354517,625.1264991514238,946.2,631.7
19442,17247,893.6812040354517,625.1264991514238,946.2,631.7
19443,17247,893.6812040354517,625.1264991514238,946.2,631.7
19444,17247,893.6812040354517,625.1264991514238,946.2,631.7
19445,17247,893.6812040354517,625.1264991514238,946.2,631.7
19446,17247,893.6812040354517,625.1264991514238,946.2,631.7
19447,17247,893.6812040354517,625.1264991514238,946.2,631.7
19448,17247,893.6812040354517,625.1264991514238,946.2,631.7
19449,17247,893.6812040354517,625.1264991514238,946.2,631.7
19450,17247,893.6812040354517,625.1264991514238,946.2,631.7
19451,17247,893.6812040354517,625.1264991514238,946.2,631.7
19452,17247,893.6812040354517,625.1264991514238,946.2,631.7
19453,17247,893.6812040354517,625.1264991514238,946.2,631.7
19454,17247,893.6812040354517,625.1264991514238,946.2,631.7
19455,17247,893.6812040354517,625.1264991514238,946.2,631.7
19456,17247,893.6812040354517,625.1264991514238,946.2,631.7
19457,17247,893.6812040354517,625.1264991514238,946.2,631.7
19458,17247,893.6812040354517,625.1264991514238,946.2,631.7
19459,17247,893.6812040354517,625.1264991514238,946.2,631.7
19460,17247,893.6812040354517,625.1264991514238,946.2,631.7
19461,17247,893.6812040354517,625.1264991514238,946.2,631.7
19462,17247,893.6812040354517,625.1264991514238,946.2,631.7
19463,17247,893.6812040354517,625.1264991514238,946.2,631.7
19464,17247,893.6812040354517,625.1264991514238,946.2,631.7
19465,17247,893.6812040354517,625.1264991514238,946.2,631.7
19466,17247,893.6812040354517,625.1264991514238,946.2,631.7
19467,17247,893.6812040354517,625.1264991514238,946.2,631.7
19468,17247,893.6812040354517,625.1264991514238,946.2,631.7
19469,17247,893.6812040354517,625.1264991514238,946.2,631.7
19470,17247,893.6812040354517,625.1264991514238,946.2,631.7
19471,17247,893.6812040354517,625.1264991514238,946.2,631.7
19472,17247,893.6812040354517,625.1264991514238,946.2,631.7
19473,17247,893.6812040354517,625.1264991514238,946.2,631.7
19474,17247,893.6812040354517,625.1264991514238,946.2,631.7
19475,17247,893.6812040354517,625.1264991514238,946.2,631.7
19476,17247,893.6812040354517,625.1264991514238,946.2,631.7
19477,17247,893.6812040354517,625.1264991514238,946.2,631.7
19478,17247,893.6812040354517,625.1264991514238,946.2,631.7
19479,17247,893.6812040354517,625.1264991514238,946.2,631.7
19480,17247,893.6812040354517,625.1264991514238,946.2,631.7
19481,17247,893.6812040354517,625.1264991514238,946.2,631.7
19482,17247,893.6812040354517,625.1264991514238,946.2,631.7
19483,17247,893.6812040354517,625.1264991514238,946.2,631.7
19484,17247,893.6812040354517,625.1264991514238,946.2,631.7
19485,17247,893.6812040354517,625.1264991514238,946.2,631.7
19486,17247,893.6812040354517,625.1264991514238,946.2,631.7
19487,17247,893.6812040354517,625.1264991514238,946.2,631.7
19488,17247,893.6812040354517,625.1264991514238,946.2,631.7
19489,17247,893.6812040354517,625.1264991514238,946.2,631.7
19490,17247,893.6812040354517,625.1264991514238,946.2,631.7
19491,17247,893.6812040354517,625.1264991514238,946.2,631.7
19492,17247,893.6812040354517,625.1264991514238,946.2,631.7
19493,17247,893.6812040354517,625.1264991514238,946.2,631.7
19494,17247,893.6812040354517,625.1264991514238,946.2,631.7
19495,17247,893.6812040354517,625.1264991514238,946.2,631.7
19496,17247,893.6812040354517,625.1264991514238,946.2,631.7
19497,17247,893.6812040354517,625.1264991514238,946.2,631.7
19498,17247,893.6812040354517,625.1264991514238,946.2,631.7
19499,17247,893.6812040354517,625.1264991514238,946.2,631.7
19500,17247,893.6812040354517,625.1264991514238,946.2,631.7
19501,17247,893.6812040354517,625.1264991514238,946.2,631.7
19502,17247,893.6812040354517,625.1264991514238,946.2,631.7
19503,17247,893.6812040354517,625.1264991514238,946.2,631.7
19504,17247,893.6812040354517,625.1264991514238,946.2,631.7
19505,17247,893.6812040354517,625.1264991514238,946.2,631.7
19506,17247,775.6812040354517,648.1264991514238,946.2,631.7
19507,17247,775.6812040354517,648.1264991514238,946.2,631.7
19508,17247,775.6812040354517,648.1264991514238,946.2,631.7
19509,17247,775.6812040354517,648.1264991514238,946.2,631.7
19510,17247,775.6812040354517,648.1264991514238,946.2,631.7
19511,17247,775.6812040354517,648.1264991514238,946.2,631.7
19512,17247,775.6812040354517,648.1264991514238,946.2,631.7
19513,17247,775.6812040354517,648.1264991514238,946.2,631.7
19514,17247,775.6812040354517,648.1264991514238,946.2,631.7
19515,17247,775.6812040354517,648.1264991514238,946.2,631.7
19516,17247,775.6812040354517,648.1264991514238,946.2,631.7
19517,17247,775.6812040354517,648.1264991514238,946.2,631.7
19518,17247,775.6812040354517,648.1264991514238,946.2,631.7
19519,17247,775.6812040354517,648.1264991514238,946.2,631.7
19520,17247,775.6812040354517,648.1264991514238,946.2,631.7
19521,17247,775.6812040354517,648.1264991514238,946.2,631.7
19522,17247,775.6812040354517,648.1264991514238,946.2,631.7
19523,17247,775.6812040354517,648.1264991514238,946.2,631.7
19524,17247,775.6812040354517,648.1264991514238,946.2,631.7
19525,17247,775.6812040354517,648.1264991514238,946.2,631.7
19526,17247,775.6812040354517,648.1264991514238,946.2,631.7
19527,17247,775.6812040354517,648.1264991514238,946.2,631.7
19528,17247,775.6812040354517,648.1264991514238,946.2,631.7
19529,17247,775.6812040354517,648.1264991514238,946.2,631.7
19530,17247,775.6812040354517,648.1264991514238,946.2,631.7
19531,17247,775.6812040354517,648.1264991514238,946.2,631.7
19532,17247,775.6812040354517,648.1264991514238,946.2,631.7
19533,17247,775.6812040354517,648.1264991514238,946.2,631.7
19534,17247,775.6812040354517,648.1264991514238,946.2,631.7
19535,17247,775.6812040354517,648.1264991514238,946.2,631.7
19536,17247,775.6812040354517,648.1264991514238,946.2,631.7
19537,17247,775.6812040354517,648.1264991514238,946.2,631.7
19538,17247,775.6812040354517,648.1264991514238,946.2,631.7
19539,17247,658.6812040354517,671.1264991514238,946.2,631.7
19540,17247,658.6812040354517,671.1264991514238,946.2,631.7
19541,17247,658.6812040354517,671.1264991514238,946.2,631.7
19542,17247,658.6812040354517,671.1264991514238,946.2,631.7
19543,17247,658.6812040354517,671.1264991514238,946.2,631.7
19544,17247,658.6812040354517,671.1264991514238,946.2,631.7
19545,17247,658.6812040354517,671.1264991514238,946.2,631.7
19546,17247,658.6812040354517,671.1264991514238,946.2,631.7
19547,17247,658.6812040354517,671.1264991514238,946.2,631.7
19548,17247,658.6812040354517,671.1264991514238,946.2,631.7
19549,17247,658.6812040354517,671.1264991514238,946.2,631.7
19550,17247,658.6812040354517,671.1264991514238,946.2,631.7
19551,17247,658.6812040354517,671.1264991514238,946.2,631.7
19552,17247,658.6812040354517,671.1264991514238,946.2,631.7
19553,17247,658.6812040354517,671.1264991514238,946.2,631.7
19554,17247,658.6812040354517,671.1264991514238,946.2,631.7
19555,17247,658.6812040354517,671.1264991514238,946.2,631.7
19556,17247,658.6812040354517,671.1264991514238,946.2,631.7
19557,17247,658.6812040354517,671.1264991514238,946.2,631.7
19558,17247,658.6812040354517,671.1264991514238,946.2,631.7
19559,17247,658.6812040354517,671.1264991514238,946.2,631.7
19560,17247,658.6812040354517,671.1264991514238,946.2,631.7
19561,17247,658.6812040354517,671.1264991514238,946.2,631.7
19562,17247,658.6812040354517,671.1264991514238,946.2,631.7
19563,17247,658.6812040354517,671.1264991514238,946.2,631.7
19564,17247,658.6812040354517,671.1264991514238,946.2,631.7
19565,17247,658.6812040354517,671.1264991514238,946.2,631.7
19566,17247,658.6812040354517,671.1264991514238,946.2,631.7
19567,17247,658.6812040354517,671.1264991514238,946.2,631.7
19568,17247,658.6812040354517,671.1264991514238,946.2,631.7
19569,17247,658.6812040354517,671.1264991514238,946.2,631.7
19570,17247,658.6812040354517,671.1264991514238,946.2,631.7
19571,17247,658.6812040354517,671.1264991514238,946.2,631.7
19572,17247,658.6812040354517,671.1264991514238,946.2,631.7
19573,17247,658.6812040354517,671.1264991514238,946.2,631.7
19574,17247,658.6812040354517,671.1264991514238,946.2,631.7
19575,17247,658.6812040354517,671.1264991514238,946.2,631.7
19576,17247,658.6812040354517,671.1264991514238,946.2,631.7
19577,17247,658.6812040354517,671.1264991514238,946.2,631.7
19578,17247,658.6812040354517,671.1264991514238,946.2,631.7
19579,17247,658.6812040354517,671.1264991514238,946.2,631.7
19580,17247,658.6812040354517,671.1264991514238,946.2,631.7
19581,17247,658.6812040354517,671.1264991514238,946.2,631.7
19582,17247,658.6812040354517,671.1264991514238,946.2,631.7
19583,17247,658.6812040354517,671.1264991514238,946.2,631.7
19584,17247,658.6812040354517,671.1264991514238,946.2,631.7
19585,17247,658.6812040354517,671.1264991514238,946.2,631.7
19586,17247,658.6812040354517,671.1264991514238,946.2,631.7
19587,17247,658.6812040354517,671.1264991514238,946.2,631.7
19588,17247,658.6812040354517,671.1264991514238,946.2,631.7
19589,17247,658.6812040354517,671.1264991514238,946.2,631.7
19590,17247,658.6812040354517,671.1264991514238,946.2,631.7
19591,17247,658.6812040354517,671.1264991514238,946.2,631.7
19592,17247,658.6812040354517,671.1264991514238,946.2,631.7
19593,17247,658.6812040354517,671.1264991514238,946.2,631.7
19594,17247,658.6812040354517,671.1264991514238,946.2,631.7
19595,17247,658.6812040354517,671.1264991514238,946.2,631.7
19596,17247,658.6812040354517,671.1264991514238,946.2,631.7
19597,17247,658.6812040354517,671.1264991514238,946.2,631.7
19598,17247,658.6812040354517,671.1264991514238,946.2,631.7
19599,17247,658.6812040354517,671.1264991514238,946.2,631.7
19600,17247,658.6812040354517,671.1264991514238,946.2,631.7
19601,17247,658.6812040354517,671.1264991514238,946.2,631.7
19602,17247,658.6812040354517,671.1264991514238,946.2,631.7
19603,17247,658.6812040354517,671.1264991514238,946.2,631.7
19604,17247,658.6812040354517,671.1264991514238,946.2,631.7
19605,17247,658.6812040354517,671.1264991514238,946.2,631.7
19606,17247,610.6812040354517,657.1264991514238,946.2,631.7
19607,17247,610.6812040354517,657.1264991514238,946.2,631.7
19608,17247,610.6812040354517,657.1264991514238,946.2,631.7
19609,17247,610.6812040354517,657.1264991514238,946.2,631.7
19610,17247,610.6812040354517,657.1264991514238,946.2,631.7
19611,17247,610.6812040354517,657.1264991514238,946.2,631.7
19612,17247,610.6812040354517,657.1264991514238,946.2,631.7
19613,17247,610.6812040354517,657.1264991514238,946.2,631.7
19614,17247,610.6812040354517,657.1264991514238,946.2,631.7
19615,17247,610.6812040354517,657.1264991514238,946.2,631.7
19616,17247,610.6812040354517,657.1264991514238,946.2,631.7
19617,17247,610.6812040354517,657.1264991514238,946.2,631.7
19618,17247,610.6812040354517,657.1264991514238,946.2,631.7
19619,17247,610.6812040354517,657.1264991514238,946.2,631.7
19620,17247,610.6812040354517,657.1264991514238,946.2,631.7
19621,17247,610.6812040354517,657.1264991514238,946.2,631.7
19622,17247,610.6812040354517,657.1264991514238,946.2,631.7
19623,17247,610.6812040354517,657.1264991514238,946.2,631.7
19624,17247,610.6812040354517,657.1264991514238,946.2,631.7
19625,17247,610.6812040354517,657.1264991514238,946.2,631.7
19626,17247,610.6812040354517,657.1264991514238,946.2,631.7
19627,17247,610.6812040354517,657.1264991514238,946.2,631.7
19628,17247,610.6812040354517,657.1264991514238,946.2,631.7
19629,17247,610.6812040354517,657.1264991514238,946.2,631.7
19630,17247,610.6812040354517,657.1264991514238,946.2,631.7
19631,17247,610.6812040354517,657.1264991514238,946.2,631.7
19632,17247,610.6812040354517,657.1264991514238,946.2,631.7
19633,17247,610.6812040354517,657.1264991514238,946.2,631.7
19634,17247,610.6812040354517,657.1264991514238,946.2,631.7
19635,17247,610.6812040354517,657.1264991514238,946.2,631.7
19636,17247,610.6812040354517,657.1264991514238,946.2,631.7
19637,17247,610.6812040354517,657.1264991514238,946.2,631.7
19638,17247,610.6812040354517,657.1264991514238,946.2,631.7
19639,17247,610.6812040354517,657.1264991514238,946.2,631.7
19640,17247,562.6812040354517,644.1264991514238,946.2,631.7
19641,17247,562.6812040354517,644.1264991514238,946.2,631.7
19642,17247,562.6812040354517,644.1264991514238,946.2,631.7
19643,17247,562.6812040354517,644.1264991514238,946.2,631.7
19644,17247,562.6812040354517,644.1264991514238,946.2,631.7
19645,17247,562.6812040354517,644.1264991514238,946.2,631.7
19646,17247,562.6812040354517,644.1264991514238,946.2,631.7
19647,17247,562.6812040354517,644.1264991514238,946.2,631.7
19648,17247,562.6812040354517,644.1264991514238,946.2,631.7
19649,17247,562.6812040354517,644.1264991514238,946.2,631.7
19650,17247,562.6812040354517,644.1264991514238,946.2,631.7
19651,17247,562.6812040354517,644.1264991514238,946.2,631.7
19652,17247,562.6812040354517,644.1264991514238,946.2,631.7
19653,17247,562.6812040354517,644.1264991514238,946.2,631.7
19654,17247,562.6812040354517,644.1264991514238,946.2,631.7
19655,17247,562.6812040354517,644.1264991514238,946.2,631.7
19656,17247,562.6812040354517,644.1264991514238,946.2,631.7
19657,17247,562.6812040354517,644.1264991514238,946.2,631.7
19658,17247,562.6812040354517,644.1264991514238,946.2,631.7
19659,17247,562.6812040354517,644.1264991514238,946.2,631.7
19660,17247,562.6812040354517,644.1264991514238,946.2,631.7
19661,17247,562.6812040354517,644.1264991514238,946.2,631.7
19662,17247,562.6812040354517,644.1264991514238,946.2,631.7
19663,17247,562.6812040354517,644.1264991514238,946.2,631.7
19664,17247,562.6812040354517,644.1264991514238,946.2,631.7
19665,17247,562.6812040354517,644.1264991514238,946.2,631.7
19666,17247,562.6812040354517,644.1264991514238,946.2,631.7
19667,17247,562.6812040354517,644.1264991514238,946.2,631.7
19668,17247,562.6812040354517,644.1264991514238,946.2,631.7
19669,17247,562.6812040354517,644.1264991514238,946.2,631.7
19670,17247,562.6812040354517,644.1264991514238,946.2,631.7
19671,17247,562.6812040354517,644.1264991514238,946.2,631.7
19672,17247,562.6812040354517,644.1264991514238,946.2,631.7
19673,17247,562.6812040354517,644.1264991514238,946.2,631.7
19674,17247,562.6812040354517,644.1264991514238,946.2,631.7
19675,17247,562.6812040354517,644.1264991514238,946.2,631.7
19676,17247,562.6812040354517,644.1264991514238,946.2,631.7
19677,17247,562.6812040354517,644.1264991514238,946.2,631.7
19678,17247,562.6812040354517,644.1264991514238,946.2,631.7
19679,17247,562.6812040354517,644.1264991514238,946.2,631.7
19680,17247,562.6812040354517,644.1264991514238,946.2,631.7
19681,17247,562.6812040354517,644.1264991514238,946.2,631.7
19682,17247,562.6812040354517,644.1264991514238,946.2,631.7
19683,17247,562.6812040354517,644.1264991514238,946.2,631.7
19684,17247,562.6812040354517,644.1264991514238,946.2,631.7
19685,17247,562.6812040354517,644.1264991514238,946.2,631.7
19686,17247,562.6812040354517,644.1264991514238,946.2,631.7
19687,17247,562.6812040354517,644.1264991514238,946.2,631.7
19688,17247,562.6812040354517,644.1264991514238,946.2,631.7
19689,17247,562.6812040354517,644.1264991514238,946.2,631.7
19690,17247,562.6812040354517,644.1264991514238,946.2,631.7
19691,17247,562.6812040354517,644.1264991514238,946.2,631.7
19692,17247,562.6812040354517,644.1264991514238,946.2,631.7
19693,17247,562.6812040354517,644.1264991514238,946.2,631.7
19694,17247,562.6812040354517,644.1264991514238,946.2,631.7
19695,17247,562.6812040354517,644.1264991514238,946.2,631.7
19696,17247,562.6812040354517,644.1264991514238,946.2,631.7
19697,17247,562.6812040354517,644.1264991514238,946.2,631.7
19698,17247,562.6812040354517,644.1264991514238,946.2,631.7
19699,17247,562.6812040354517,644.1264991514238,946.2,631.7
19700,17247,562.6812040354517,644.1264991514238,946.2,631.7
19701,17247,562.6812040354517,644.1264991514238,946.2,631.7
19702,17247,562.6812040354517,644.1264991514238,946.2,631.7
19703,17247,562.6812040354517,644.1264991514238,946.2,631.7
19704,17247,562.6812040354517,644.1264991514238,946.2,631.7
19705,17247,562.6812040354517,644.1264991514238,946.2,631.7
19706,17247,562.6812040354517,644.1264991514238,946.2,631.7
19707,17247,562.6812040354517,644.1264991514238,946.2,631.7
19708,17247,562.6812040354517,644.1264991514238,946.2,631.7
19709,17247,562.6812040354517,644.1264991514238,946.2,631.7
19710,17247,562.6812040354517,644.1264991514238,946.2,631.7
19711,17247,562.6812040354517,644.1264991514238,946.2,631.7
19712,17247,562.6812040354517,644.1264991514238,946.2,631.7
19713,17247,562.6812040354517,644.1264991514238,946.2,631.7
19714,17247,562.6812040354517,644.1264991514238,946.2,631.7
19715,17247,562.6812040354517,644.1264991514238,946.2,631.7
19716,17247,562.6812040354517,644.1264991514238,946.2,631.7
19717,17247,562.6812040354517,644.1264991514238,946.2,631.7
19718,17247,562.6812040354517,644.1264991514238,946.2,631.7
19719,17247,562.6812040354517,644.1264991514238,946.2,631.7
19720,17247,562.6812040354517,644.1264991514238,946.2,631.7
19721,17247,562.6812040354517,644.1264991514238,946.2,631.7
19722,17247,562.6812040354517,644.1264991514238,946.2,631.7
19723,17247,562.6812040354517,644.1264991514238,946.2,631.7
19724,17247,562.6812040354517,644.1264991514238,946.2,631.7
19725,17247,562.6812040354517,644.1264991514238,946.2,631.7
19726,17247,562.6812040354517,644.1264991514238,946.2,631.7
19727,17247,562.6812040354517,644.1264991514238,946.2,631.7
19728,17247,562.6812040354517,644.1264991514238,946.2,631.7
19729,17247,562.6812040354517,644.1264991514238,946.2,631.7
19730,17247,562.6812040354517,644.1264991514238,946.2,631.7
19731,17247,562.6812040354517,644.1264991514238,946.2,631.7
19732,17247,562.6812040354517,644.1264991514238,946.2,631.7
19733,17247,562.6812040354517,644.1264991514238,946.2,631.7
19734,17247,562.6812040354517,644.1264991514238,946.2,631.7
19735,17247,562.6812040354517,644.1264991514238,946.2,631.7
19736,17247,562.6812040354517,644.1264991514238,946.2,631.7
19737,17247,562.6812040354517,644.1264991514238,946.2,631.7
19738,17247,562.6812040354517,644.1264991514238,946.2,631.7
19739,17247,562.6812040354517,644.1264991514238,946.2,631.7
19740,17247,562.6812040354517,644.1264991514238,946.2,631.7
19741,17247,562.6812040354517,644.1264991514238,946.2,631.7
19742,17247,562.6812040354517,644.1264991514238,946.2,631.7
19743,17247,562.6812040354517,644.1264991514238,946.2,631.7
19744,17247,562.6812040354517,644.1264991514238,946.2,631.7
19745,17247,562.6812040354517,644.1264991514238,946.2,631.7
19746,17247,562.6812040354517,644.1264991514238,946.2,631.7
19747,17247,562.6812040354517,644.1264991514238,946.2,631.7
19748,17247,562.6812040354517,644.1264991514238,946.2,631.7
19749,17247,562.6812040354517,644.1264991514238,946.2,631.7
19750,17247,562.6812040354517,644.1264991514238,946.2,631.7
19751,17247,562.6812040354517,644.1264991514238,946.2,631.7
19752,17247,562.6812040354517,644.1264991514238,946.2,631.7
19753,17247,562.6812040354517,644.1264991514238,946.2,631.7
19754,17247,562.6812040354517,644.1264991514238,946.2,631.7
19755,17247,562.6812040354517,644.1264991514238,946.2,631.7
19756,17247,562.6812040354517,644.1264991514238,946.2,631.7
19757,17247,562.6812040354517,644.1264991514238,946.2,631.7
19758,17247,562.6812040354517,644.1264991514238,946.2,631.7
19759,17247,562.6812040354517,644.1264991514238,946.2,631.7
19760,17247,562.6812040354517,644.1264991514238,946.2,631.7
19761,17247,562.6812040354517,644.1264991514238,946.2,631.7
19762,17247,562.6812040354517,644.1264991514238,946.2,631.7
19763,17247,562.6812040354517,644.1264991514238,946.2,631.7
19764,17247,562.6812040354517,644.1264991514238,946.2,631.7
19765,17247,562.6812040354517,644.1264991514238,946.2,631.7
19766,17247,562.6812040354517,644.1264991514238,946.2,631.7
19767,17247,562.6812040354517,644.1264991514238,946.2,631.7
19768,17247,562.6812040354517,644.1264991514238,946.2,631.7
19769,17247,562.6812040354517,644.1264991514238,946.2,631.7
19770,17247,562.6812040354517,644.1264991514238,946.2,631.7
19771,17247,562.6812040354517,644.1264991514238,946.2,631.7
19772,17247,562.6812040354517,644.1264991514238,946.2,631.7
19773,17247,1190.6812040354516,646.1264991514238,946.2,631.7
19774,17247,1190.6812040354516,646.1264991514238,946.2,631.7
19775,17247,1190.6812040354516,646.1264991514238,946.2,631.7
19776,17247,1190.6812040354516,646.1264991514238,946.2,631.7
19777,17247,1190.6812040354516,646.1264991514238,939.3142857142858,632.5238095238095
19778,17247,1190.6812040354516,646.1264991514238,932.4285714285714,633.3476190476191
19779,17247,1190.6812040354516,646.1264991514238,925.5428571428572,634.1714285714286
19780,17247,1190.6812040354516,646.1264991514238,918.6571428571428,634.9952380952382
19781,17247,1190.6812040354516,646.1264991514238,911.7714285714286,635.8190476190476
19782,17247,1190.6812040354516,646.1264991514238,904.8857142857144,636.6428571428572
19783,17247,1190.6812040354516,646.1264991514238,898.0,637.4666666666667
19784,17247,1190.6812040354516,646.1264991514238,891.1142857142858,638.2904761904762
19785,17247,1190.6812040354516,646.1264991514238,884.2285714285715,639.1142857142858
19786,17247,1190.6812040354516,646.1264991514238,877.3428571428572,639.9380952380952
19787,17247,1190.6812040354516,646.1264991514238,870.4571428571429,640.7619047619048
19788,17247,1190.6812040354516,646.1264991514238,863.5714285714286,641.5857142857143
19789,17247,1190.6812040354516,646.1264991514238,856.6857142857143,642.4095238095239
19790,17247,1190.6812040354516,646.1264991514238,849.8000000000001,643.2333333333333
19791,17247,1190.6812040354516,646.1264991514238,842.9142857142857,644.0571428571428
19792,17247,1190.6812040354516,646.1264991514238,836.0285714285715,644.8809523809524
19793,17247,1190.6812040354516,646.1264991514238,829.1428571428571,645.7047619047619
19794,17247,1190.6812040354516,646.1264991514238,822.2571428571429,646.5285714285715
19795,17247,1190.6812040354516,646.1264991514238,815.3714285714286,647.3523809523809
19796,17247,1190.6812040354516,646.1264991514238,808.4857142857143,648.1761904761905
19797,17247,1190.6812040354516,646.1264991514238,801.6,649.0
19798,17247,1190.6812040354516,646.1264991514238,801.6,649.0
19799,17247,1190.6812040354516,646.1264991514238,801.6,649.0
19800,17247,1190.6812040354516,646.1264991514238,801.6,649.0
19801,17247,1190.6812040354516,646.1264991514238,801.6,649.0
19802,17247,1190.6812040354516,646.1264991514238,801.6,649.0
19803,17247,1190.6812040354516,646.1264991514238,801.6,649.0
19804,17247,1190.6812040354516,646.1264991514238,801.6,649.0
19805,17247,1190.6812040354516,646.1264991514238,801.6,649.0
19806,17247,1190.6812040354516,646.1264991514238,801.6,649.0
19807,17247,1190.6812040354516,646.1264991514238,801.6,649.0
19808,17247,1190.6812040354516,646.1264991514238,801.6,649.0
19809,17247,1190.6812040354516,646.1264991514238,801.6,649.0
19810,17247,1190.6812040354516,646.1264991514238,801.6,649.0
19811,17247,1190.6812040354516,646.1264991514238,801.6,649.0
19812,17247,1190.6812040354516,646.1264991514238,801.6,649.0
19813,17247,1190.6812040354516,646.1264991514238,801.6,649.0
19814,17247,1190.6812040354516,646.1264991514238,801.6,649.0
19815,17247,1190.6812040354516,646.1264991514238,801.6,649.0
19816,17247,1190.6812040354516,646.1264991514238,801.6,649.0
19817,17247,1190.6812040354516,646.1264991514238,801.6,649.0
19818,17247,1190.6812040354516,646.1264991514238,801.6,649.0
19819,17247,1190.6812040354516,646.1264991514238,801.6,649.0
19820,17247,1190.6812040354516,646.1264991514238,801.6,649.0
19821,17247,1190.6812040354516,646.1264991514238,801.6,649.0
19822,17247,1190.6812040354516,646.1264991514238,801.6,649.0
19823,17247,1190.6812040354516,646.1264991514238,801.6,649.0
19824,17247,1190.6812040354516,646.1264991514238,801.6,649.0
19825,17247,1190.6812040354516,646.1264991514238,801.6,649.0
19826,17247,1190.6812040354516,646.1264991514238,801.6,649.0
19827,17247,1190.6812040354516,646.1264991514238,801.6,649.0
19828,17247,1190.6812040354516,646.1264991514238,801.6,649.0
19829,17247,1190.6812040354516,646.1264991514238,801.6,649.0
19830,17247,1190.6812040354516,646.1264991514238,801.6,649.0
19831,17247,1190.6812040354516,646.1264991514238,801.6,649.0
19832,17247,1190.6812040354516,646.1264991514238,801.6,649.0
19833,17247,1190.6812040354516,646.1264991514238,801.6,649.0
19834,17247,1190.6812040354516,646.1264991514238,801.6,649.0
19835,17247,1190.6812040354516,646.1264991514238,801.6,649.0
19836,17247,1190.6812040354516,646.1264991514238,801.6,649.0
19837,17247,1190.6812040354516,646.1264991514238,801.6,649.0
19838,17247,1190.6812040354516,646.1264991514238,801.6,649.0
19839,17247,1190.6812040354516,646.1264991514238,801.6,649.0
19840,17247,1190.6812040354516,646.1264991514238,801.6,649.0
19841,17247,1190.6812040354516,646.1264991514238,801.6,649.0
19842,17247,1190.6812040354516,646.1264991514238,801.6,649.0
19843,17247,1190.6812040354516,646.1264991514238,801.6,649.0
19844,17247,1190.6812040354516,646.1264991514238,801.6,649.0
19845,17247,1190.6812040354516,646.1264991514238,801.6,649.0
19846,17247,1190.6812040354516,646.1264991514238,801.6,649.0
19847,17247,1190.6812040354516,646.1264991514238,801.6,649.0
19848,17247,1190.6812040354516,646.1264991514238,801.6,649.0
19849,17247,1190.6812040354516,646.1264991514238,801.6,649.0
19850,17247,1190.6812040354516,646.1264991514238,801.6,649.0
19851,17247,1190.6812040354516,646.1264991514238,801.6,649.0
19852,17247,1190.6812040354516,646.1264991514238,801.6,649.0
19853,17247,1190.6812040354516,646.1264991514238,801.6,649.0
19854,17247,1190.6812040354516,646.1264991514238,801.6,649.0
19855,17247,1190.6812040354516,646.1264991514238,801.6,649.0
19856,17247,1190.6812040354516,646.1264991514238,801.6,649.0
19857,17247,1190.6812040354516,646.1264991514238,801.6,649.0
19858,17247,1190.6812040354516,646.1264991514238,801.6,649.0
19859,17247,1190.6812040354516,646.1264991514238,801.6,649.0
19860,17247,1190.6812040354516,646.1264991514238,801.6,649.0
19861,17247,1190.6812040354516,646.1264991514238,801.6,649.0
19862,17247,1190.6812040354516,646.1264991514238,801.6,649.0
19863,17247,1190.6812040354516,646.1264991514238,801.6,649.0
19864,17247,1190.6812040354516,646.1264991514238,801.6,649.0
19865,17247,1190.6812040354516,646.1264991514238,801.6,649.0
19866,17247,1190.6812040354516,646.1264991514238,801.6,649.0
19867,17247,1190.6812040354516,646.1264991514238,801.6,649.0
19868,17248,1190.6812040354516,646.1264991514238,801.6,649.0
19869,17249,1190.6812040354516,646.1264991514238,801.6,649.0
19870,17250,1190.6812040354516,646.1264991514238,801.6,649.0
19871,17251,1190.6812040354516,646.1264991514238,801.6,649.0
19872,17252,1190.6812040354516,646.1264991514238,801.6,649.0
19873,17253,1190.6812040354516,646.1264991514238,801.6,649.0
19874,17254,1190.6812040354516,646.1264991514238,801.6,649.0
19875,17255,1190.6812040354516,646.1264991514238,801.6,649.0
19876,17256,1190.6812040354516,646.1264991514238,801.6,649.0
19877,17257,1190.6812040354516,646.1264991514238,801.6,649.0
19878,17258,1190.6812040354516,646.1264991514238,801.6,649.0
19879,17259,1190.6812040354516,646.1264991514238,801.6,649.0
19880,17260,1190.6812040354516,646.1264991514238,801.6,649.0
19881,17261,1190.6812040354516,646.1264991514238,801.6,649.0
19882,17262,1190.6812040354516,646.1264991514238,801.6,649.0
19883,17263,1190.6812040354516,646.1264991514238,801.6,649.0
19884,17264,1190.6812040354516,646.1264991514238,801.6,649.0
19885,17265,1190.6812040354516,646.1264991514238,801.6,649.0
19886,17266,1190.6812040354516,646.1264991514238,801.6,649.0
19887,17267,1190.6812040354516,646.1264991514238,801.6,649.0
19888,17268,1190.6812040354516,646.1264991514238,801.6,649.0
19889,17269,1190.6812040354516,646.1264991514238,801.6,649.0
19890,17270,1190.6812040354516,646.1264991514238,801.6,649.0
19891,17271,1190.6812040354516,646.1264991514238,801.6,649.0
19892,17272,1190.6812040354516,646.1264991514238,801.6,649.0
19893,17273,1190.6812040354516,646.1264991514238,801.6,649.0
19894,17274,1190.6812040354516,646.1264991514238,801.6,649.0
19895,17275,1190.6812040354516,646.1264991514238,801.6,649.0
19896,17276,1190.6812040354516,646.1264991514238,801.6,649.0
19897,17277,1190.6812040354516,646.1264991514238,801.6,649.0
19898,17278,1190.6812040354516,646.1264991514238,801.6,649.0
19899,17279,1190.6812040354516,646.1264991514238,801.6,649.0
19900,17280,1190.6812040354516,646.1264991514238,801.6,649.0
19901,17281,1190.6812040354516,646.1264991514238,801.6,649.0
19902,17282,1190.6812040354516,646.1264991514238,801.6,649.0
19903,17283,1190.6812040354516,646.1264991514238,801.6,649.0
19904,17284,1190.6812040354516,646.1264991514238,801.6,649.0
19905,17285,1190.6812040354516,646.1264991514238,801.6,649.0
19906,17286,1190.6812040354516,646.1264991514238,801.6,649.0
19907,17287,1190.6812040354516,646.1264991514238,801.6,649.0
19908,17288,1190.6812040354516,646.1264991514238,801.6,649.0
19909,17289,1190.6812040354516,646.1264991514238,801.6,649.0
19910,17290,1190.6812040354516,646.1264991514238,801.6,649.0
19911,17291,1190.6812040354516,646.1264991514238,801.6,649.0
19912,17292,1190.6812040354516,646.1264991514238,801.6,649.0
19913,17293,1190.6812040354516,646.1264991514238,801.6,649.0
19914,17294,1190.6812040354516,646.1264991514238,801.6,649.0
19915,17295,1190.6812040354516,646.1264991514238,801.6,649.0
19916,17296,1190.6812040354516,646.1264991514238,801.6,649.0
19917,17297,1190.6812040354516,646.1264991514238,801.6,649.0
19918,17298,1190.6812040354516,646.1264991514238,801.6,649.0
19919,17299,1190.6812040354516,646.1264991514238,801.6,649.0
19920,17300,1190.6812040354516,646.1264991514238,801.6,649.0
19921,17301,1190.6812040354516,646.1264991514238,801.6,649.0
19922,17302,1190.6812040354516,646.1264991514238,801.6,649.0
19923,17303,1190.6812040354516,646.1264991514238,801.6,649.0
19924,17304,1190.6812040354516,646.1264991514238,801.6,649.0
19925,17305,1190.6812040354516,646.1264991514238,801.6,649.0
19926,17306,1190.6812040354516,646.1264991514238,801.6,649.0
19927,17307,1190.6812040354516,646.1264991514238,801.6,649.0
19928,17308,1190.6812040354516,646.1264991514238,801.6,649.0
19929,17309,1190.6812040354516,646.1264991514238,801.6,649.0
19930,17310,1190.6812040354516,646.1264991514238,801.6,649.0
19931,17311,1190.6812040354516,646.1264991514238,801.6,649.0
19932,17312,1190.6812040354516,646.1264991514238,801.6,649.0
19933,17313,1190.6812040354516,646.1264991514238,801.6,649.0
19934,17314,1190.6812040354516,646.1264991514238,801.6,649.0
19935,17315,1190.6812040354516,646.1264991514238,801.6,649.0
19936,17316,1190.6812040354516,646.1264991514238,801.6,649.0
19937,17317,1190.6812040354516,646.1264991514238,801.6,649.0
19938,17318,1190.6812040354516,646.1264991514238,801.6,649.0
19939,17319,1190.6812040354516,646.1264991514238,801.6,649.0
19940,17320,974.6812040354517,620.1264991514238,801.6,649.0
19941,17321,974.6812040354517,620.1264991514238,801.6,649.0
19942,17322,974.6812040354517,620.1264991514238,801.6,649.0
19943,17323,974.6812040354517,620.1264991514238,801.6,649.0
19944,17324,974.6812040354517,620.1264991514238,801.6,649.0
19945,17325,974.6812040354517,620.1264991514238,801.6,649.0
19946,17326,974.6812040354517,620.1264991514238,801.6,649.0
19947,17327,974.6812040354517,620.1264991514238,801.6,649.0
19948,17328,974.6812040354517,620.1264991514238,801.6,649.0
19949,17329,974.6812040354517,620.1264991514238,801.6,649.0
19950,17330,974.6812040354517,620.1264991514238,801.6,649.0
19951,17331,974.6812040354517,620.1264991514238,801.6,649.0
19952,17332,974.6812040354517,620.1264991514238,801.6,649.0
19953,17333,974.6812040354517,620.1264991514238,801.6,649.0
19954,17334,974.6812040354517,620.1264991514238,801.6,649.0
19955,17335,974.6812040354517,620.1264991514238,801.6,649.0
19956,17336,974.6812040354517,620.1264991514238,801.6,649.0
19957,17337,974.6812040354517,620.1264991514238,801.6,649.0
19958,17338,974.6812040354517,620.1264991514238,801.6,649.0
19959,17339,974.6812040354517,620.1264991514238,801.6,649.0
19960,17340,974.6812040354517,620.1264991514238,801.6,649.0
19961,17341,974.6812040354517,620.1264991514238,801.6,649.0
19962,17342,974.6812040354517,620.1264991514238,801.6,649.0
19963,17343,974.6812040354517,620.1264991514238,801.6,649.0
19964,17344,974.6812040354517,620.1264991514238,801.6,649.0
19965,17345,974.6812040354517,620.1264991514238,801.6,649.0
19966,17346,974.6812040354517,620.1264991514238,801.6,649.0
19967,17347,974.6812040354517,620.1264991514238,801.6,649.0
19968,17348,974.6812040354517,620.1264991514238,801.6,649.0
19969,17349,974.6812040354517,620.1264991514238,801.6,649.0
19970,17350,974.6812040354517,620.1264991514238,801.6,649.0
19971,17351,974.6812040354517,620.1264991514238,801.6,649.0
19972,17352,974.6812040354517,620.1264991514238,801.6,649.0
19973,17353,974.6812040354517,620.1264991514238,801.6,649.0
19974,17354,974.6812040354517,620.1264991514238,801.6,649.0
19975,17355,974.6812040354517,620.1264991514238,801.6,649.0
19976,17356,974.6812040354517,620.1264991514238,801.6,649.0
19977,17357,974.6812040354517,620.1264991514238,801.6,649.0
19978,17358,974.6812040354517,620.1264991514238,801.6,649.0
19979,17359,974.6812040354517,620.1264991514238,801.6,649.0
19980,17360,974.6812040354517,620.1264991514238,801.6,649.0
19981,17361,758.6812040354517,595.1264991514238,801.6,649.0
19982,17362,758.6812040354517,595.1264991514238,801.6,649.0
19983,17363,758.6812040354517,595.1264991514238,801.6,649.0
19984,17364,758.6812040354517,595.1264991514238,801.6,649.0
19985,17365,758.6812040354517,595.1264991514238,801.6,649.0
19986,17366,758.6812040354517,595.1264991514238,801.6,649.0
19987,17367,758.6812040354517,595.1264991514238,801.6,649.0
19988,17368,758.6812040354517,595.1264991514238,801.6,649.0
19989,17369,758.6812040354517,595.1264991514238,801.6,649.0
19990,17370,758.6812040354517,595.1264991514238,801.6,649.0
19991,17371,758.6812040354517,595.1264991514238,801.6,649.0
19992,17372,758.6812040354517,595.1264991514238,801.6,649.0
19993,17373,758.6812040354517,595.1264991514238,809.5846153846154,650.5615384615385
19994,17374,758.6812040354517,595.1264991514238,817.5692307692308,652.123076923077
19995,17375,758.6812040354517,595.1264991514238,825.5538461538462,653.6846153846154
19996,17376,758.6812040354517,595.1264991514238,833.5384615384615,655.2461538461538
19997,17377,758.6812040354517,595.1264991514238,841.5230769230769,656.8076923076923
19998,17378,758.6812040354517,595.1264991514238,849.5076923076923,658.3692307692307
19999,17379,758.6812040354517,595.1264991514238,857.4923076923077,659.9307692307692
20000,17380,758.6812040354517,595.1264991514238,865.4769230769231,661.4923076923077
20001,17381,758.6812040354517,595.1264991514238,873.4615384615385,663.0538461538462
20002,17382,758.6812040354517,595.1264991514238,881.4461538461538,664.6153846153845
20003,17383,758.6812040354517,595.1264991514238,889.4307692307692,666.176923076923
20004,17384,758.6812040354517,595.1264991514238,897.4153846153846,667.7384615384615
20005,17385,758.6812040354517,595.1264991514238,905.4,669.3
20006,17386,758.6812040354517,595.1264991514238,905.4,669.3
20007,17387,758.6812040354517,595.1264991514238,905.4,669.3
20008,17388,758.6812040354517,595.1264991514238,905.4,669.3
20009,17389,758.6812040354517,595.1264991514238,905.4,669.3
20010,17390,758.6812040354517,595.1264991514238,905.4,669.3
20011,17391,758.6812040354517,595.1264991514238,905.4,669.3
20012,17392,758.6812040354517,595.1264991514238,905.4,669.3
20013,17393,758.6812040354517,595.1264991514238,905.4,669.3
20014,17394,758.6812040354517,595.1264991514238,905.4,669.3
20015,17395,758.6812040354517,595.1264991514238,905.4,669.3
20016,17396,758.6812040354517,595.1264991514238,905.4,669.3
20017,17397,758.6812040354517,595.1264991514238,905.4,669.3
20018,17398,758.6812040354517,595.1264991514238,905.4,669.3
20019,17399,758.6812040354517,595.1264991514238,905.4,669.3
20020,17400,758.6812040354517,595.1264991514238,905.4,669.3
20021,17401,758.6812040354517,595.1264991514238,905.4,669.3
20022,17402,758.6812040354517,595.1264991514238,905.4,669.3
20023,17403,758.6812040354517,595.1264991514238,905.4,669.3
20024,17404,758.6812040354517,595.1264991514238,905.4,669.3
20025,17405,758.6812040354517,595.1264991514238,905.4,669.3
20026,17406,758.6812040354517,595.1264991514238,905.4,669.3
20027,17407,758.6812040354517,595.1264991514238,905.4,669.3
20028,17408,758.6812040354517,595.1264991514238,905.4,669.3
20029,17409,758.6812040354517,595.1264991514238,905.4,669.3
20030,17410,758.6812040354517,595.1264991514238,905.4,669.3
20031,17411,758.6812040354517,595.1264991514238,905.4,669.3
20032,17412,758.6812040354517,595.1264991514238,905.4,669.3
20033,17413,758.6812040354517,595.1264991514238,905.4,669.3
20034,17414,758.6812040354517,595.1264991514238,905.4,669.3
20035,17415,758.6812040354517,595.1264991514238,905.4,669.3
20036,17416,758.6812040354517,595.1264991514238,905.4,669.3
20037,17417,758.6812040354517,595.1264991514238,905.4,669.3
20038,17418,758.6812040354517,595.1264991514238,905.4,669.3
20039,17419,758.6812040354517,595.1264991514238,905.4,669.3
20040,17420,971.6812040354517,606.1264991514238,905.4,669.3
20041,17421,971.6812040354517,606.1264991514238,905.4,669.3
20042,17422,971.6812040354517,606.1264991514238,905.4,669.3
20043,17423,971.6812040354517,606.1264991514238,905.4,669.3
20044,17424,971.6812040354517,606.1264991514238,905.4,669.3
20045,17425,971.6812040354517,606.1264991514238,905.4,669.3
20046,17426,971.6812040354517,606.1264991514238,905.4,669.3
20047,17427,971.6812040354517,606.1264991514238,905.4,669.3
20048,17428,971.6812040354517,606.1264991514238,905.4,669.3
20049,17429,971.6812040354517,606.1264991514238,905.4,669.3
20050,17430,971.6812040354517,606.1264991514238,905.4,669.3
20051,17431,971.6812040354517,606.1264991514238,905.4,669.3
20052,17432,971.6812040354517,606.1264991514238,905.4,669.3
20053,17433,971.6812040354517,606.1264991514238,905.4,669.3
20054,17434,971.6812040354517,606.1264991514238,905.4,669.3
20055,17435,971.6812040354517,606.1264991514238,905.4,669.3
20056,17436,971.6812040354517,606.1264991514238,905.4,669.3
20057,17437,971.6812040354517,606.1264991514238,905.4,669.3
20058,17438,971.6812040354517,606.1264991514238,905.4,669.3
20059,17439,971.6812040354517,606.1264991514238,905.4,669.3
20060,17440,971.6812040354517,606.1264991514238,905.4,669.3
20061,17441,971.6812040354517,606.1264991514238,905.4,669.3
20062,17442,971.6812040354517,606.1264991514238,905.4,669.3
20063,17443,971.6812040354517,606.1264991514238,905.4,669.3
20064,17444,971.6812040354517,606.1264991514238,905.4,669.3
20065,17445,971.6812040354517,606.1264991514238,905.4,669.3
20066,17446,971.6812040354517,606.1264991514238,905.4,669.3
20067,17447,971.6812040354517,606.1264991514238,905.4,669.3
20068,17448,971.6812040354517,606.1264991514238,905.4,669.3
20069,17449,971.6812040354517,606.1264991514238,905.4,669.3
20070,17450,971.6812040354517,606.1264991514238,905.4,669.3
20071,17451,971.6812040354517,606.1264991514238,905.4,669.3
20072,17452,971.6812040354517,606.1264991514238,905.4,669.3
20073,17453,1184.6812040354516,617.1264991514238,905.4,669.3
20074,17454,1184.6812040354516,617.1264991514238,905.4,669.3
20075,17455,1184.6812040354516,617.1264991514238,905.4,669.3
20076,17456,1184.6812040354516,617.1264991514238,905.4,669.3
20077,17457,1184.6812040354516,617.1264991514238,905.4,669.3
20078,17458,1184.6812040354516,617.1264991514238,905.4,669.3
20079,17459,1184.6812040354516,617.1264991514238,905.4,669.3
20080,17460,1184.6812040354516,617.1264991514238,905.4,669.3
20081,17461,1184.6812040354516,617.1264991514238,905.4,669.3
20082,17462,1184.6812040354516,617.1264991514238,905.4,669.3
20083,17463,1184.6812040354516,617.1264991514238,905.4,669.3
20084,17464,1184.6812040354516,617.1264991514238,905.4,669.3
20085,17465,1184.6812040354516,617.1264991514238,905.4,669.3
20086,17466,1184.6812040354516,617.1264991514238,905.4,669.3
20087,17467,1184.6812040354516,617.1264991514238,905.4,669.3
20088,17468,1184.6812040354516,617.1264991514238,905.4,669.3
20089,17469,1184.6812040354516,617.1264991514238,905.4,669.3
20090,17470,1184.6812040354516,617.1264991514238,905.4,669.3
20091,17471,1184.6812040354516,617.1264991514238,905.4,669.3
20092,17472,1184.6812040354516,617.1264991514238,905.4,669.3
20093,17473,1184.6812040354516,617.1264991514238,905.4,669.3
20094,17474,1184.6812040354516,617.1264991514238,905.4,669.3
20095,17475,1184.6812040354516,617.1264991514238,905.4,669.3
20096,17476,1184.6812040354516,617.1264991514238,905.4,669.3
20097,17477,1184.6812040354516,617.1264991514238,905.4,669.3
20098,17478,1184.6812040354516,617.1264991514238,905.4,669.3
20099,17479,1184.6812040354516,617.1264991514238,905.4,669.3
20100,17480,1184.6812040354516,617.1264991514238,905.4,669.3
20101,17481,1184.6812040354516,617.1264991514238,905.4,669.3
20102,17482,1184.6812040354516,617.1264991514238,905.4,669.3
20103,17483,1184.6812040354516,617.1264991514238,905.4,669.3
20104,17484,1184.6812040354516,617.1264991514238,905.4,669.3
20105,17485,1184.6812040354516,617.1264991514238,905.4,669.3
20106,17486,1184.6812040354516,617.1264991514238,905.4,669.3
20107,17487,1184.6812040354516,617.1264991514238,905.4,669.3
20108,17488,1184.6812040354516,617.1264991514238,905.4,669.3
20109,17489,1184.6812040354516,617.1264991514238,905.4,669.3
20110,17490,1184.6812040354516,617.1264991514238,905.4,669.3
20111,17491,1184.6812040354516,617.1264991514238,905.4,669.3
20112,17492,1184.6812040354516,617.1264991514238,905.4,669.3
20113,17493,1184.6812040354516,617.1264991514238,905.4,669.3
20114,17494,1184.6812040354516,617.1264991514238,905.4,669.3
20115,17495,1184.6812040354516,617.1264991514238,905.4,669.3
20116,17496,1184.6812040354516,617.1264991514238,905.4,669.3
20117,17497,1184.6812040354516,617.1264991514238,905.4,669.3
20118,17498,1184.6812040354516,617.1264991514238,905.4,669.3
20119,17499,1184.6812040354516,617.1264991514238,905.4,669.3
20120,17500,1184.6812040354516,617.1264991514238,905.4,669.3
20121,17501,1184.6812040354516,617.1264991514238,905.4,669.3
20122,17502,1184.6812040354516,617.1264991514238,905.4,669.3
20123,17503,1184.6812040354516,617.1264991514238,905.4,669.3
20124,17504,1184.6812040354516,617.1264991514238,905.4,669.3
20125,17505,1184.6812040354516,617.1264991514238,905.4,669.3
20126,17506,1184.6812040354516,617.1264991514238,905.4,669.3
20127,17507,1184.6812040354516,617.1264991514238,905.4,669.3
20128,17508,1184.6812040354516,617.1264991514238,905.4,669.3
20129,17509,1184.6812040354516,617.1264991514238,905.4,669.3
20130,17510,1184.6812040354516,617.1264991514238,905.4,669.3
20131,17511,1184.6812040354516,617.1264991514238,905.4,669.3
20132,17512,1184.6812040354516,617.1264991514238,905.4,669.3
20133,17513,1184.6812040354516,617.1264991514238,905.4,669.3
20134,17514,1184.6812040354516,617.1264991514238,905.4,669.3
20135,17515,1184.6812040354516,617.1264991514238,905.4,669.3
20136,17516,1184.6812040354516,617.1264991514238,905.4,669.3
20137,17517,1184.6812040354516,617.1264991514238,905.4,669.3
20138,17518,1184.6812040354516,617.1264991514238,905.4,669.3
20139,17519,1184.6812040354516,617.1264991514238,905.4,669.3
20140,17520,1184.6812040354516,617.1264991514238,905.4,669.3
20141,17521,1184.6812040354516,617.1264991514238,905.4,669.3
20142,17522,1184.6812040354516,617.1264991514238,905.4,669.3
20143,17523,1184.6812040354516,617.1264991514238,905.4,669.3
20144,17524,1184.6812040354516,617.1264991514238,905.4,669.3
20145,17525,1184.6812040354516,617.1264991514238,905.4,669.3
20146,17526,1184.6812040354516,617.1264991514238,905.4,669.3
20147,17527,1184.6812040354516,617.1264991514238,905.4,669.3
20148,17528,1184.6812040354516,617.1264991514238,905.4,669.3
20149,17529,1184.6812040354516,617.1264991514238,905.4,669.3
20150,17530,1184.6812040354516,617.1264991514238,905.4,669.3
20151,17531,1184.6812040354516,617.1264991514238,905.4,669.3
20152,17532,1184.6812040354516,617.1264991514238,905.4,669.3
20153,17533,1184.6812040354516,617.1264991514238,905.4,669.3
20154,17534,1184.6812040354516,617.1264991514238,905.4,669.3
20155,17535,1184.6812040354516,617.1264991514238,905.4,669.3
20156,17536,1184.6812040354516,617.1264991514238,905.4,669.3
20157,17537,1184.6812040354516,617.1264991514238,905.4,669.3
20158,17538,1184.6812040354516,617.1264991514238,905.4,669.3
20159,17539,1184.6812040354516,617.1264991514238,905.4,669.3
20160,17540,1184.6812040354516,617.1264991514238,905.4,669.3
20161,17541,1184.6812040354516,617.1264991514238,905.4,669.3
20162,17542,1184.6812040354516,617.1264991514238,905.4,669.3
20163,17543,1184.6812040354516,617.1264991514238,905.4,669.3
20164,17544,1184.6812040354516,617.1264991514238,905.4,669.3
20165,17545,1184.6812040354516,617.1264991514238,905.4,669.3
20166,17546,1184.6812040354516,617.1264991514238,905.4,669.3
20167,17547,1184.6812040354516,617.1264991514238,905.4,669.3
20168,17548,1184.6812040354516,617.1264991514238,905.4,669.3
20169,17549,1184.6812040354516,617.1264991514238,905.4,669.3
20170,17550,1184.6812040354516,617.1264991514238,905.4,669.3
20171,17551,1184.6812040354516,617.1264991514238,905.4,669.3
20172,17552,1184.6812040354516,617.1264991514238,905.4,669.3
20173,17553,1078.6812040354516,517.1264991514238,905.4,669.3
20174,17554,1078.6812040354516,517.1264991514238,905.4,669.3
20175,17555,1078.6812040354516,517.1264991514238,905.4,669.3
20176,17556,1078.6812040354516,517.1264991514238,905.4,669.3
20177,17557,1078.6812040354516,517.1264991514238,905.4,669.3
20178,17558,1078.6812040354516,517.1264991514238,905.4,669.3
20179,17559,1078.6812040354516,517.1264991514238,905.4,669.3
20180,17560,1078.6812040354516,517.1264991514238,905.4,669.3
20181,17561,1078.6812040354516,517.1264991514238,905.4,669.3
20182,17562,1078.6812040354516,517.1264991514238,905.4,669.3
20183,17563,1078.6812040354516,517.1264991514238,905.4,669.3
20184,17564,1078.6812040354516,517.1264991514238,905.4,669.3
20185,17565,1078.6812040354516,517.1264991514238,905.4,669.3
20186,17566,1078.6812040354516,517.1264991514238,905.4,669.3
20187,17567,1078.6812040354516,517.1264991514238,905.4,669.3
20188,17568,1078.6812040354516,517.1264991514238,905.4,669.3
20189,17569,1078.6812040354516,517.1264991514238,905.4,669.3
20190,17570,1078.6812040354516,517.1264991514238,905.4,669.3
20191,17571,1078.6812040354516,517.1264991514238,905.4,669.3
20192,17572,1078.6812040354516,517.1264991514238,905.4,669.3
20193,17573,1078.6812040354516,517.1264991514238,905.4,669.3
20194,17574,1078.6812040354516,517.1264991514238,905.4,669.3
20195,17575,1078.6812040354516,517.1264991514238,905.4,669.3
20196,17576,1078.6812040354516,517.1264991514238,905.4,669.3
20197,17577,1078.6812040354516,517.1264991514238,905.4,669.3
20198,17578,1078.6812040354516,517.1264991514238,905.4,669.3
20199,17579,1078.6812040354516,517.1264991514238,905.4,669.3
20200,17580,1078.6812040354516,517.1264991514238,905.4,669.3
20201,17581,1078.6812040354516,517.1264991514238,905.4,669.3
20202,17582,1078.6812040354516,517.1264991514238,905.4,669.3
20203,17583,1078.6812040354516,517.1264991514238,905.4,669.3
20204,17584,1078.6812040354516,517.1264991514238,905.4,669.3
20205,17585,1078.6812040354516,517.1264991514238,905.4,669.3
20206,17586,971.6812040354517,416.12649915142373,905.4,669.3
20207,17587,971.6812040354517,416.12649915142373,905.4,669.3
20208,17588,971.6812040354517,416.12649915142373,905.4,669.3
20209,17589,971.6812040354517,416.12649915142373,905.4,669.3
20210,17590,971.6812040354517,416.12649915142373,905.4,669.3
20211,17591,971.6812040354517,416.12649915142373,905.4,669.3
20212,17592,971.6812040354517,416.12649915142373,905.4,669.3
20213,17593,971.6812040354517,416.12649915142373,905.4,669.3
20214,17594,971.6812040354517,416.12649915142373,905.4,669.3
20215,17595,971.6812040354517,416.12649915142373,905.4,669.3
20216,17596,971.6812040354517,416.12649915142373,905.4,669.3
20217,17597,971.6812040354517,416.12649915142373,905.4,669.3
20218,17598,971.6812040354517,416.12649915142373,905.4,669.3
20219,17599,971.6812040354517,416.12649915142373,905.4,669.3
20220,17600,971.6812040354517,416.12649915142373,905.4,669.3
20221,17601,971.6812040354517,416.12649915142373,905.4,669.3
20222,17602,971.6812040354517,416.12649915142373,905.4,669.3
20223,17603,971.6812040354517,416.12649915142373,905.4,669.3
20224,17604,971.6812040354517,416.12649915142373,905.4,669.3
20225,17605,971.6812040354517,416.12649915142373,905.4,669.3
20226,17606,971.6812040354517,416.12649915142373,905.4,669.3
20227,17607,971.6812040354517,416.12649915142373,905.4,669.3
20228,17608,971.6812040354517,416.12649915142373,905.4,669.3
20229,17609,971.6812040354517,416.12649915142373,905.4,669.3
20230,17610,971.6812040354517,416.12649915142373,905.4,669.3
20231,17611,971.6812040354517,416.12649915142373,905.4,669.3
20232,17612,971.6812040354517,416.12649915142373,905.4,669.3
20233,17613,971.6812040354517,416.12649915142373,905.4,669.3
20234,17614,971.6812040354517,416.12649915142373,905.4,669.3
20235,17615,971.6812040354517,416.12649915142373,905.4,669.3
20236,17616,971.6812040354517,416.12649915142373,905.4,669.3
20237,17617,971.6812040354517,416.12649915142373,905.4,669.3
20238,17618,971.6812040354517,416.12649915142373,905.4,669.3
20239,17619,971.6812040354517,416.12649915142373,905.4,669.3
20240,17620,971.6812040354517,416.12649915142373,905.4,669.3
20241,17621,971.6812040354517,416.12649915142373,905.4,669.3
20242,17622,971.6812040354517,416.12649915142373,905.4,669.3
20243,17623,971.6812040354517,416.12649915142373,905.4,669.3
20244,17624,971.6812040354517,416.12649915142373,905.4,669.3
20245,17625,971.6812040354517,416.12649915142373,905.4,669.3
20246,17626,971.6812040354517,416.12649915142373,905.4,669.3
20247,17627,971.6812040354517,416.12649915142373,905.4,669.3
20248,17628,971.6812040354517,416.12649915142373,905.4,669.3
20249,17629,971.6812040354517,416.12649915142373,905.4,669.3
20250,17630,971.6812040354517,416.12649915142373,905.4,669.3
20251,17631,971.6812040354517,416.12649915142373,905.4,669.3
20252,17632,971.6812040354517,416.12649915142373,905.4,669.3
20253,17633,971.6812040354517,416.12649915142373,905.4,669.3
20254,17634,971.6812040354517,416.12649915142373,905.4,669.3
20255,17635,971.6812040354517,416.12649915142373,905.4,669.3
20256,17636,971.6812040354517,416.12649915142373,905.4,669.3
20257,17637,971.6812040354517,416.12649915142373,905.4,669.3
20258,17638,971.6812040354517,416.12649915142373,905.4,669.3
20259,17639,971.6812040354517,416.12649915142373,905.4,669.3
20260,17640,971.6812040354517,416.12649915142373,905.4,669.3
20261,17641,971.6812040354517,416.12649915142373,905.4,669.3
20262,17642,971.6812040354517,416.12649915142373,905.4,669.3
20263,17643,971.6812040354517,416.12649915142373,905.4,669.3
20264,17644,971.6812040354517,416.12649915142373,905.4,669.3
20265,17645,971.6812040354517,416.12649915142373,905.4,669.3
20266,17646,971.6812040354517,416.12649915142373,905.4,669.3
20267,17647,971.6812040354517,416.12649915142373,905.4,669.3
20268,17648,971.6812040354517,416.12649915142373,905.4,669.3
20269,17649,971.6812040354517,416.12649915142373,905.4,669.3
20270,17650,971.6812040354517,416.12649915142373,905.4,669.3
20271,17651,971.6812040354517,416.12649915142373,905.4,669.3
20272,17652,971.6812040354517,416.12649915142373,905.4,669.3
20273,17653,971.6812040354517,416.12649915142373,905.4,669.3
20274,17654,971.6812040354517,416.12649915142373,905.4,669.3
20275,17655,971.6812040354517,416.12649915142373,905.4,669.3
20276,17656,971.6812040354517,416.12649915142373,905.4,669.3
20277,17657,971.6812040354517,416.12649915142373,905.4,669.3
20278,17658,971.6812040354517,416.12649915142373,905.4,669.3
20279,17659,971.6812040354517,416.12649915142373,905.4,669.3
20280,17660,971.6812040354517,416.12649915142373,905.4,669.3
20281,17661,971.6812040354517,416.12649915142373,905.4,669.3
20282,17661,971.6812040354517,416.12649915142373,905.4,669.3
20283,17661,971.6812040354517,416.12649915142373,905.4,669.3
20284,17661,971.6812040354517,416.12649915142373,905.4,669.3
20285,17661,971.6812040354517,416.12649915142373,905.4,669.3
20286,17661,971.6812040354517,416.12649915142373,905.4,669.3
20287,17661,971.6812040354517,416.12649915142373,905.4,669.3
20288,17661,971.6812040354517,416.12649915142373,905.4,669.3
20289,17661,971.6812040354517,416.12649915142373,905.4,669.3
20290,17661,971.6812040354517,416.12649915142373,905.4,669.3
20291,17661,971.6812040354517,416.12649915142373,905.4,669.3
20292,17661,971.6812040354517,416.12649915142373,905.4,669.3
20293,17661,971.6812040354517,416.12649915142373,905.4,669.3
20294,17661,971.6812040354517,416.12649915142373,905.4,669.3
20295,17661,971.6812040354517,416.12649915142373,905.4,669.3
20296,17661,971.6812040354517,416.12649915142373,905.4,669.3
20297,17661,971.6812040354517,416.12649915142373,905.4,669.3
20298,17661,971.6812040354517,416.12649915142373,905.4,669.3
20299,17661,971.6812040354517,416.12649915142373,905.4,669.3
20300,17661,971.6812040354517,416.12649915142373,905.4,669.3
20301,17661,971.6812040354517,416.12649915142373,905.4,669.3
20302,17661,971.6812040354517,416.12649915142373,905.4,669.3
20303,17661,971.6812040354517,416.12649915142373,905.4,669.3
20304,17661,971.6812040354517,416.12649915142373,905.4,669.3
20305,17661,971.6812040354517,416.12649915142373,905.4,669.3
20306,17661,971.6812040354517,416.12649915142373,905.4,669.3
20307,17661,971.6812040354517,416.12649915142373,905.4,669.3
20308,17661,971.6812040354517,416.12649915142373,905.4,669.3
20309,17661,971.6812040354517,416.12649915142373,905.4,669.3
20310,17661,971.6812040354517,416.12649915142373,905.4,669.3
20311,17661,971.6812040354517,416.12649915142373,905.4,669.3
20312,17661,971.6812040354517,416.12649915142373,905.4,669.3
20313,17661,971.6812040354517,416.12649915142373,905.4,669.3
20314,17661,971.6812040354517,416.12649915142373,905.4,669.3
20315,17661,971.6812040354517,416.12649915142373,905.4,669.3
20316,17661,971.6812040354517,416.12649915142373,905.4,669.3
20317,17661,971.6812040354517,416.12649915142373,905.4,669.3
20318,17661,971.6812040354517,416.12649915142373,905.4,669.3
20319,17661,971.6812040354517,416.12649915142373,905.4,669.3
20320,17661,971.6812040354517,416.12649915142373,905.4,669.3
20321,17661,971.6812040354517,416.12649915142373,905.4,669.3
20322,17661,971.6812040354517,416.12649915142373,905.4,669.3
20323,17661,971.6812040354517,416.12649915142373,905.4,669.3
20324,17661,971.6812040354517,416.12649915142373,905.4,669.3
20325,17661,971.6812040354517,416.12649915142373,905.4,669.3
20326,17661,971.6812040354517,416.12649915142373,905.4,669.3
20327,17661,971.6812040354517,416.12649915142373,905.4,669.3
20328,17661,971.6812040354517,416.12649915142373,905.4,669.3
20329,17661,971.6812040354517,416.12649915142373,905.4,669.3
20330,17661,971.6812040354517,416.12649915142373,905.4,669.3
20331,17661,971.6812040354517,416.12649915142373,905.4,669.3
20332,17661,971.6812040354517,416.12649915142373,905.4,669.3
20333,17661,971.6812040354517,416.12649915142373,905.4,669.3
20334,17661,971.6812040354517,416.12649915142373,905.4,669.3
20335,17661,971.6812040354517,416.12649915142373,905.4,669.3
20336,17661,971.6812040354517,416.12649915142373,905.4,669.3
20337,17661,971.6812040354517,416.12649915142373,905.4,669.3
20338,17661,971.6812040354517,416.12649915142373,905.4,669.3
20339,17661,971.6812040354517,416.12649915142373,905.4,669.3
20340,17661,837.6812040354517,414.12649915142373,905.4,669.3
20341,17661,837.6812040354517,414.12649915142373,905.4,669.3
20342,17661,837.6812040354517,414.12649915142373,905.4,669.3
20343,17661,837.6812040354517,414.12649915142373,905.4,669.3
20344,17661,837.6812040354517,414.12649915142373,905.4,669.3
20345,17661,837.6812040354517,414.12649915142373,905.4,669.3
20346,17661,837.6812040354517,414.12649915142373,905.4,669.3
20347,17661,837.6812040354517,414.12649915142373,905.4,669.3
20348,17661,837.6812040354517,414.12649915142373,905.4,669.3
20349,17661,837.6812040354517,414.12649915142373,905.4,669.3
20350,17661,837.6812040354517,414.12649915142373,905.4,669.3
20351,17661,837.6812040354517,414.12649915142373,905.4,669.3
20352,17661,837.6812040354517,414.12649915142373,905.4,669.3
20353,17661,837.6812040354517,414.12649915142373,905.4,669.3
20354,17661,837.6812040354517,414.12649915142373,905.4,669.3
20355,17661,837.6812040354517,414.12649915142373,905.4,669.3
20356,17661,837.6812040354517,414.12649915142373,905.4,669.3
20357,17661,837.6812040354517,414.12649915142373,905.4,669.3
20358,17661,837.6812040354517,414.12649915142373,905.4,669.3
20359,17661,837.6812040354517,414.12649915142373,905.4,669.3
20360,17661,837.6812040354517,414.12649915142373,905.4,669.3
20361,17661,837.6812040354517,414.12649915142373,905.4,669.3
20362,17661,837.6812040354517,414.12649915142373,905.4,669.3
20363,17661,837.6812040354517,414.12649915142373,905.4,669.3
20364,17661,837.6812040354517,414.12649915142373,905.4,669.3
20365,17661,837.6812040354517,414.12649915142373,905.4,669.3
20366,17661,837.6812040354517,414.12649915142373,905.4,669.3
20367,17661,837.6812040354517,414.12649915142373,905.4,669.3
20368,17661,837.6812040354517,414.12649915142373,905.4,669.3
20369,17661,837.6812040354517,414.12649915142373,905.4,669.3
20370,17661,837.6812040354517,414.12649915142373,905.4,669.3
20371,17661,837.6812040354517,414.12649915142373,905.4,669.3
20372,17661,837.6812040354517,414.12649915142373,905.4,669.3
20373,17661,837.6812040354517,414.12649915142373,905.4,669.3
20374,17661,837.6812040354517,414.12649915142373,905.4,669.3
20375,17661,837.6812040354517,414.12649915142373,905.4,669.3
20376,17661,837.6812040354517,414.12649915142373,905.4,669.3
20377,17661,837.6812040354517,414.12649915142373,905.4,669.3
20378,17661,837.6812040354517,414.12649915142373,905.4,669.3
20379,17661,837.6812040354517,414.12649915142373,905.4,669.3
20380,17661,837.6812040354517,414.12649915142373,905.4,669.3
20381,17661,837.6812040354517,414.12649915142373,905.4,669.3
20382,17661,837.6812040354517,414.12649915142373,905.4,669.3
20383,17661,837.6812040354517,414.12649915142373,905.4,669.3
20384,17661,837.6812040354517,414.12649915142373,905.4,669.3
20385,17661,837.6812040354517,414.12649915142373,905.4,669.3
20386,17661,837.6812040354517,414.12649915142373,905.4,669.3
20387,17661,837.6812040354517,414.12649915142373,905.4,669.3
20388,17661,837.6812040354517,414.12649915142373,905.4,669.3
20389,17661,837.6812040354517,414.12649915142373,905.4,669.3
20390,17661,837.6812040354517,414.12649915142373,905.4,669.3
20391,17661,837.6812040354517,414.12649915142373,905.4,669.3
20392,17661,837.6812040354517,414.12649915142373,905.4,669.3
20393,17661,837.6812040354517,414.12649915142373,905.4,669.3
20394,17661,837.6812040354517,414.12649915142373,905.4,669.3
20395,17661,837.6812040354517,414.12649915142373,905.4,669.3
20396,17661,837.6812040354517,414.12649915142373,905.4,669.3
20397,17661,837.6812040354517,414.12649915142373,905.4,669.3
20398,17661,837.6812040354517,414.12649915142373,905.4,669.3
20399,17661,837.6812040354517,414.12649915142373,905.4,669.3
20400,17661,837.6812040354517,414.12649915142373,905.4,669.3
20401,17661,837.6812040354517,414.12649915142373,905.4,669.3
20402,17661,837.6812040354517,414.12649915142373,905.4,669.3
20403,17661,837.6812040354517,414.12649915142373,905.4,669.3
20404,17661,837.6812040354517,414.12649915142373,905.4,669.3
20405,17661,837.6812040354517,414.12649915142373,905.4,669.3
20406,17661,837.6812040354517,414.12649915142373,905.4,669.3
20407,17661,837.6812040354517,414.12649915142373,905.4,669.3
20408,17661,837.6812040354517,414.12649915142373,905.4,669.3
20409,17661,837.6812040354517,414.12649915142373,905.4,669.3
20410,17661,837.6812040354517,414.12649915142373,905.4,669.3
20411,17661,837.6812040354517,414.12649915142373,905.4,669.3
20412,17661,837.6812040354517,414.12649915142373,905.4,669.3
20413,17661,837.6812040354517,414.12649915142373,905.4,669.3
20414,17661,837.6812040354517,414.12649915142373,905.4,669.3
20415,17661,837.6812040354517,414.12649915142373,905.4,669.3
20416,17661,837.6812040354517,414.12649915142373,905.4,669.3
20417,17661,837.6812040354517,414.12649915142373,905.4,669.3
20418,17661,837.6812040354517,414.12649915142373,905.4,669.3
20419,17661,837.6812040354517,414.12649915142373,905.4,669.3
20420,17661,837.6812040354517,414.12649915142373,905.4,669.3
20421,17661,837.6812040354517,414.12649915142373,905.4,669.3
20422,17661,837.6812040354517,414.12649915142373,905.4,669.3
20423,17661,837.6812040354517,414.12649915142373,905.4,669.3
20424,17661,837.6812040354517,414.12649915142373,905.4,669.3
20425,17661,837.6812040354517,414.12649915142373,905.4,669.3
20426,17661,837.6812040354517,414.12649915142373,905.4,669.3
20427,17661,837.6812040354517,414.12649915142373,905.4,669.3
20428,17661,837.6812040354517,414.12649915142373,905.4,669.3
20429,17661,837.6812040354517,414.12649915142373,905.4,669.3
20430,17661,837.6812040354517,414.12649915142373,905.4,669.3
20431,17661,837.6812040354517,414.12649915142373,905.4,669.3
20432,17661,837.6812040354517,414.12649915142373,905.4,669.3
20433,17661,837.6812040354517,414.12649915142373,905.4,669.3
20434,17661,837.6812040354517,414.12649915142373,905.4,669.3
20435,17661,837.6812040354517,414.12649915142373,905.4,669.3
20436,17661,837.6812040354517,414.12649915142373,905.4,669.3
20437,17661,837.6812040354517,414.12649915142373,905.4,669.3
20438,17661,837.6812040354517,414.12649915142373,905.4,669.3
20439,17661,837.6812040354517,414.12649915142373,905.4,669.3
20440,17661,837.6812040354517,414.12649915142373,905.4,669.3
20441,17661,837.6812040354517,414.12649915142373,905.4,669.3
20442,17661,837.6812040354517,414.12649915142373,905.4,669.3
20443,17661,837.6812040354517,414.12649915142373,905.4,669.3
20444,17661,837.6812040354517,414.12649915142373,905.4,669.3
20445,17661,837.6812040354517,414.12649915142373,905.4,669.3
20446,17661,837.6812040354517,414.12649915142373,905.4,669.3
20447,17661,837.6812040354517,414.12649915142373,905.4,669.3
20448,17661,837.6812040354517,414.12649915142373,905.4,669.3
20449,17661,837.6812040354517,414.12649915142373,905.4,669.3
20450,17661,837.6812040354517,414.12649915142373,905.4,669.3
20451,17661,837.6812040354517,414.12649915142373,905.4,669.3
20452,17661,837.6812040354517,414.12649915142373,905.4,669.3
20453,17661,837.6812040354517,414.12649915142373,905.4,669.3
20454,17661,837.6812040354517,414.12649915142373,905.4,669.3
20455,17661,837.6812040354517,414.12649915142373,905.4,669.3
20456,17661,837.6812040354517,414.12649915142373,905.4,669.3
20457,17661,837.6812040354517,414.12649915142373,905.4,669.3
20458,17661,837.6812040354517,414.12649915142373,905.4,669.3
20459,17661,837.6812040354517,414.12649915142373,905.4,669.3
20460,17661,837.6812040354517,414.12649915142373,905.4,669.3
20461,17661,837.6812040354517,414.12649915142373,905.4,669.3
20462,17661,837.6812040354517,414.12649915142373,905.4,669.3
20463,17661,837.6812040354517,414.12649915142373,905.4,669.3
20464,17661,837.6812040354517,414.12649915142373,905.4,669.3
20465,17661,837.6812040354517,414.12649915142373,905.4,669.3
20466,17661,837.6812040354517,414.12649915142373,905.4,669.3
20467,17661,837.6812040354517,414.12649915142373,905.4,669.3
20468,17661,837.6812040354517,414.12649915142373,905.4,669.3
20469,17661,837.6812040354517,414.12649915142373,905.4,669.3
20470,17661,837.6812040354517,414.12649915142373,905.4,669.3
20471,17661,837.6812040354517,414.12649915142373,905.4,669.3
20472,17661,837.6812040354517,414.12649915142373,905.4,669.3
20473,17661,814.6812040354517,504.12649915142373,905.4,669.3
20474,17661,814.6812040354517,504.12649915142373,905.4,669.3
20475,17661,814.6812040354517,504.12649915142373,905.4,669.3
20476,17661,814.6812040354517,504.12649915142373,905.4,669.3
20477,17661,814.6812040354517,504.12649915142373,905.4,669.3
20478,17661,814.6812040354517,504.12649915142373,905.4,669.3
20479,17661,814.6812040354517,504.12649915142373,905.4,669.3
20480,17661,814.6812040354517,504.12649915142373,905.4,669.3
20481,17661,814.6812040354517,504.12649915142373,905.4,669.3
20482,17661,814.6812040354517,504.12649915142373,905.4,669.3
20483,17661,814.6812040354517,504.12649915142373,905.4,669.3
20484,17661,814.6812040354517,504.12649915142373,905.4,669.3
20485,17661,814.6812040354517,504.12649915142373,905.4,669.3
20486,17661,814.6812040354517,504.12649915142373,905.4,669.3
20487,17661,814.6812040354517,504.12649915142373,905.4,669.3
20488,17661,814.6812040354517,504.12649915142373,905.4,669.3
20489,17661,814.6812040354517,504.12649915142373,905.4,669.3
20490,17661,814.6812040354517,504.12649915142373,905.4,669.3
20491,17661,814.6812040354517,504.12649915142373,905.4,669.3
20492,17661,814.6812040354517,504.12649915142373,905.4,669.3
20493,17661,814.6812040354517,504.12649915142373,905.4,669.3
20494,17661,814.6812040354517,504.12649915142373,905.4,669.3
20495,17661,814.6812040354517,504.12649915142373,905.4,669.3
20496,17661,814.6812040354517,504.12649915142373,905.4,669.3
20497,17661,814.6812040354517,504.12649915142373,905.4,669.3
20498,17661,814.6812040354517,504.12649915142373,905.4,669.3
20499,17661,814.6812040354517,504.12649915142373,905.4,669.3
20500,17661,814.6812040354517,504.12649915142373,905.4,669.3
20501,17661,814.6812040354517,504.12649915142373,905.4,669.3
20502,17661,814.6812040354517,504.12649915142373,905.4,669.3
20503,17661,814.6812040354517,504.12649915142373,905.4,669.3
20504,17661,814.6812040354517,504.12649915142373,905.4,669.3
20505,17661,814.6812040354517,504.12649915142373,905.4,669.3
20506,17661,790.6812040354517,595.1264991514238,905.4,669.3
20507,17661,790.6812040354517,595.1264991514238,905.4,669.3
20508,17661,790.6812040354517,595.1264991514238,905.4,669.3
20509,17661,790.6812040354517,595.1264991514238,905.4,669.3
20510,17661,790.6812040354517,595.1264991514238,905.4,669.3
20511,17661,790.6812040354517,595.1264991514238,905.4,669.3
20512,17661,790.6812040354517,595.1264991514238,905.4,669.3
20513,17661,790.6812040354517,595.1264991514238,905.4,669.3
20514,17661,790.6812040354517,595.1264991514238,905.4,669.3
20515,17661,790.6812040354517,595.1264991514238,905.4,669.3
20516,17661,790.6812040354517,595.1264991514238,905.4,669.3
20517,17661,790.6812040354517,595.1264991514238,905.4,669.3
20518,17661,790.6812040354517,595.1264991514238,905.4,669.3
20519,17661,790.6812040354517,595.1264991514238,905.4,669.3
20520,17661,790.6812040354517,595.1264991514238,905.4,669.3
20521,17661,790.6812040354517,595.1264991514238,905.4,669.3
20522,17661,790.6812040354517,595.1264991514238,905.4,669.3
20523,17661,790.6812040354517,595.1264991514238,905.4,669.3
20524,17661,790.6812040354517,595.1264991514238,905.4,669.3
20525,17661,790.6812040354517,595.1264991514238,905.4,669.3
20526,17661,790.6812040354517,595.1264991514238,905.4,669.3
20527,17661,790.6812040354517,595.1264991514238,905.4,669.3
20528,17661,790.6812040354517,595.1264991514238,905.4,669.3
20529,17661,790.6812040354517,595.1264991514238,905.4,669.3
20530,17661,790.6812040354517,595.1264991514238,905.4,669.3
20531,17661,790.6812040354517,595.1264991514238,905.4,669.3
20532,17661,790.6812040354517,595.1264991514238,905.4,669.3
20533,17661,790.6812040354517,595.1264991514238,905.4,669.3
20534,17661,790.6812040354517,595.1264991514238,905.4,669.3
20535,17661,790.6812040354517,595.1264991514238,905.4,669.3
20536,17661,790.6812040354517,595.1264991514238,905.4,669.3
20537,17661,790.6812040354517,595.1264991514238,905.4,669.3
20538,17661,790.6812040354517,595.1264991514238,905.4,669.3
20539,17661,790.6812040354517,595.1264991514238,905.4,669.3
20540,17661,790.6812040354517,595.1264991514238,905.4,669.3
20541,17661,790.6812040354517,595.1264991514238,905.4,669.3
20542,17661,790.6812040354517,595.1264991514238,905.4,669.3
20543,17661,790.6812040354517,595.1264991514238,905.4,669.3
20544,17661,790.6812040354517,595.1264991514238,905.4,669.3
20545,17661,790.6812040354517,595.1264991514238,905.4,669.3
20546,17662,790.6812040354517,595.1264991514238,905.4,669.3
20547,17663,790.6812040354517,595.1264991514238,905.4,669.3
20548,17664,790.6812040354517,595.1264991514238,905.4,669.3
20549,17665,790.6812040354517,595.1264991514238,905.4,669.3
20550,17666,790.6812040354517,595.1264991514238,905.4,669.3
20551,17667,790.6812040354517,595.1264991514238,905.4,669.3
20552,17668,790.6812040354517,595.1264991514238,905.4,669.3
20553,17669,790.6812040354517,595.1264991514238,905.4,669.3
20554,17670,790.6812040354517,595.1264991514238,905.4,669.3
20555,17671,790.6812040354517,595.1264991514238,905.4,669.3
20556,17672,790.6812040354517,595.1264991514238,905.4,669.3
20557,17673,790.6812040354517,595.1264991514238,905.4,669.3
20558,17674,790.6812040354517,595.1264991514238,905.4,669.3
20559,17675,790.6812040354517,595.1264991514238,905.4,669.3
20560,17676,790.6812040354517,595.1264991514238,905.4,669.3
20561,17677,790.6812040354517,595.1264991514238,905.4,669.3
20562,17678,790.6812040354517,595.1264991514238,905.4,669.3
20563,17679,790.6812040354517,595.1264991514238,905.4,669.3
20564,17680,790.6812040354517,595.1264991514238,905.4,669.3
20565,17681,790.6812040354517,595.1264991514238,905.4,669.3
20566,17682,790.6812040354517,595.1264991514238,905.4,669.3
20567,17683,790.6812040354517,595.1264991514238,905.4,669.3
20568,17684,790.6812040354517,595.1264991514238,905.4,669.3
20569,17685,790.6812040354517,595.1264991514238,905.4,669.3
20570,17686,790.6812040354517,595.1264991514238,905.4,669.3
20571,17687,790.6812040354517,595.1264991514238,905.4,669.3
20572,17688,790.6812040354517,595.1264991514238,905.4,669.3
20573,17689,790.6812040354517,595.1264991514238,905.4,669.3
20574,17690,790.6812040354517,595.1264991514238,905.4,669.3
20575,17691,790.6812040354517,595.1264991514238,905.4,669.3
20576,17692,790.6812040354517,595.1264991514238,905.4,669.3
20577,17693,790.6812040354517,595.1264991514238,905.4,669.3
20578,17694,790.6812040354517,595.1264991514238,905.4,669.3
20579,17695,790.6812040354517,595.1264991514238,905.4,669.3
20580,17696,790.6812040354517,595.1264991514238,905.4,669.3
20581,17697,790.6812040354517,595.1264991514238,905.4,669.3
20582,17698,790.6812040354517,595.1264991514238,905.4,669.3
20583,17699,790.6812040354517,595.1264991514238,905.4,669.3
20584,17700,790.6812040354517,595.1264991514238,905.4,669.3
20585,17701,790.6812040354517,595.1264991514238,905.4,669.3
20586,17702,790.6812040354517,595.1264991514238,905.4,669.3
20587,17703,790.6812040354517,595.1264991514238,905.4,669.3
20588,17704,790.6812040354517,595.1264991514238,905.4,669.3
20589,17705,790.6812040354517,595.1264991514238,905.4,669.3
20590,17706,790.6812040354517,595.1264991514238,905.4,669.3
20591,17707,790.6812040354517,595.1264991514238,905.4,669.3
20592,17708,790.6812040354517,595.1264991514238,905.4,669.3
20593,17709,790.6812040354517,595.1264991514238,905.4,669.3
20594,17710,790.6812040354517,595.1264991514238,905.4,669.3
20595,17711,790.6812040354517,595.1264991514238,905.4,669.3
20596,17712,790.6812040354517,595.1264991514238,905.4,669.3
20597,17713,790.6812040354517,595.1264991514238,905.4,669.3
20598,17714,790.6812040354517,595.1264991514238,905.4,669.3
20599,17715,790.6812040354517,595.1264991514238,905.4,669.3
20600,17716,790.6812040354517,595.1264991514238,905.4,669.3
20601,17717,790.6812040354517,595.1264991514238,905.4,669.3
20602,17718,790.6812040354517,595.1264991514238,905.4,669.3
20603,17719,790.6812040354517,595.1264991514238,905.4,669.3
20604,17720,790.6812040354517,595.1264991514238,905.4,669.3
20605,17721,790.6812040354517,595.1264991514238,905.4,669.3
20606,17722,1014.6812040354517,613.1264991514238,905.4,669.3
20607,17723,1014.6812040354517,613.1264991514238,905.4,669.3
20608,17724,1014.6812040354517,613.1264991514238,905.4,669.3
20609,17725,1014.6812040354517,613.1264991514238,905.4,669.3
20610,17726,1014.6812040354517,613.1264991514238,905.4,669.3
20611,17727,1014.6812040354517,613.1264991514238,905.4,669.3
20612,17728,1014.6812040354517,613.1264991514238,905.4,669.3
20613,17729,1014.6812040354517,613.1264991514238,905.4,669.3
20614,17730,1014.6812040354517,613.1264991514238,905.4,669.3
20615,17731,1014.6812040354517,613.1264991514238,905.4,669.3
20616,17732,1014.6812040354517,613.1264991514238,905.4,669.3
20617,17733,1014.6812040354517,613.1264991514238,905.4,669.3
20618,17734,1014.6812040354517,613.1264991514238,905.4,669.3
20619,17735,1014.6812040354517,613.1264991514238,905.4,669.3
20620,17736,1014.6812040354517,613.1264991514238,905.4,669.3
20621,17737,1014.6812040354517,613.1264991514238,905.4,669.3
20622,17738,1014.6812040354517,613.1264991514238,905.4,669.3
20623,17739,1014.6812040354517,613.1264991514238,905.4,669.3
20624,17740,1014.6812040354517,613.1264991514238,905.4,669.3
20625,17741,1014.6812040354517,613.1264991514238,905.4,669.3
20626,17742,1014.6812040354517,613.1264991514238,905.4,669.3
20627,17743,1014.6812040354517,613.1264991514238,905.4,669.3
20628,17744,1014.6812040354517,613.1264991514238,905.4,669.3
20629,17745,1014.6812040354517,613.1264991514238,905.4,669.3
20630,17746,1014.6812040354517,613.1264991514238,905.4,669.3
20631,17747,1014.6812040354517,613.1264991514238,905.4,669.3
20632,17748,1014.6812040354517,613.1264991514238,905.4,669.3
20633,17749,1014.6812040354517,613.1264991514238,905.4,669.3
20634,17750,1014.6812040354517,613.1264991514238,905.4,669.3
20635,17751,1014.6812040354517,613.1264991514238,905.4,669.3
20636,17751,1014.6812040354517,613.1264991514238,905.4,669.3
20637,17751,1014.6812040354517,613.1264991514238,905.4,669.3
20638,17751,1014.6812040354517,613.1264991514238,905.4,669.3
20639,17751,1014.6812040354517,613.1264991514238,905.4,669.3
20640,17751,1239.6812040354516,631.1264991514238,905.4,669.3
20641,17751,1239.6812040354516,631.1264991514238,905.4,669.3
20642,17751,1239.6812040354516,631.1264991514238,905.4,669.3
20643,17751,1239.6812040354516,631.1264991514238,905.4,669.3
20644,17751,1239.6812040354516,631.1264991514238,905.4,669.3
20645,17751,1239.6812040354516,631.1264991514238,905.4,669.3
20646,17751,1239.6812040354516,631.1264991514238,905.4,669.3
20647,17751,1239.6812040354516,631.1264991514238,905.4,669.3
20648,17751,1239.6812040354516,631.1264991514238,905.4,669.3
20649,17751,1239.6812040354516,631.1264991514238,905.4,669.3
20650,17751,1239.6812040354516,631.1264991514238,905.4,669.3
20651,17751,1239.6812040354516,631.1264991514238,905.4,669.3
20652,17751,1239.6812040354516,631.1264991514238,905.4,669.3
20653,17751,1239.6812040354516,631.1264991514238,905.4,669.3
20654,17751,1239.6812040354516,631.1264991514238,905.4,669.3
20655,17751,1239.6812040354516,631.1264991514238,905.4,669.3
20656,17751,1239.6812040354516,631.1264991514238,905.4,669.3
20657,17751,1239.6812040354516,631.1264991514238,905.4,669.3
20658,17751,1239.6812040354516,631.1264991514238,905.4,669.3
20659,17751,1239.6812040354516,631.1264991514238,905.4,669.3
20660,17751,1239.6812040354516,631.1264991514238,905.4,669.3
20661,17751,1239.6812040354516,631.1264991514238,905.4,669.3
20662,17751,1239.6812040354516,631.1264991514238,905.4,669.3
20663,17751,1239.6812040354516,631.1264991514238,905.4,669.3
20664,17751,1239.6812040354516,631.1264991514238,905.4,669.3
20665,17751,1239.6812040354516,631.1264991514238,905.4,669.3
20666,17751,1239.6812040354516,631.1264991514238,905.4,669.3
20667,17751,1239.6812040354516,631.1264991514238,905.4,669.3
20668,17751,1239.6812040354516,631.1264991514238,905.4,669.3
20669,17751,1239.6812040354516,631.1264991514238,905.4,669.3
20670,17751,1239.6812040354516,631.1264991514238,905.4,669.3
20671,17751,1239.6812040354516,631.1264991514238,905.4,669.3
20672,17751,1239.6812040354516,631.1264991514238,905.4,669.3
20673,17751,1239.6812040354516,631.1264991514238,905.4,669.3
20674,17751,1239.6812040354516,631.1264991514238,905.4,669.3
20675,17751,1239.6812040354516,631.1264991514238,905.4,669.3
20676,17751,1239.6812040354516,631.1264991514238,905.4,669.3
20677,17751,1239.6812040354516,631.1264991514238,905.4,669.3
20678,17751,1239.6812040354516,631.1264991514238,905.4,669.3
20679,17751,1239.6812040354516,631.1264991514238,905.4,669.3
20680,17751,1239.6812040354516,631.1264991514238,905.4,669.3
20681,17751,1239.6812040354516,631.1264991514238,905.4,669.3
20682,17751,1239.6812040354516,631.1264991514238,905.4,669.3
20683,17751,1239.6812040354516,631.1264991514238,905.4,669.3
20684,17751,1239.6812040354516,631.1264991514238,905.4,669.3
20685,17751,1239.6812040354516,631.1264991514238,905.4,669.3
20686,17751,1239.6812040354516,631.1264991514238,905.4,669.3
20687,17751,1239.6812040354516,631.1264991514238,905.4,669.3
20688,17751,1239.6812040354516,631.1264991514238,905.4,669.3
20689,17751,1239.6812040354516,631.1264991514238,905.4,669.3
20690,17751,1239.6812040354516,631.1264991514238,905.4,669.3
20691,17751,1239.6812040354516,631.1264991514238,905.4,669.3
20692,17751,1239.6812040354516,631.1264991514238,905.4,669.3
20693,17751,1239.6812040354516,631.1264991514238,905.4,669.3
20694,17751,1239.6812040354516,631.1264991514238,905.4,669.3
20695,17751,1239.6812040354516,631.1264991514238,905.4,669.3
20696,17751,1239.6812040354516,631.1264991514238,905.4,669.3
20697,17751,1239.6812040354516,631.1264991514238,905.4,669.3
20698,17751,1239.6812040354516,631.1264991514238,905.4,669.3
20699,17751,1239.6812040354516,631.1264991514238,905.4,669.3
20700,17751,1239.6812040354516,631.1264991514238,905.4,669.3
20701,17751,1239.6812040354516,631.1264991514238,905.4,669.3
20702,17751,1239.6812040354516,631.1264991514238,905.4,669.3
20703,17751,1239.6812040354516,631.1264991514238,905.4,669.3
20704,17751,1239.6812040354516,631.1264991514238,905.4,669.3
20705,17751,1239.6812040354516,631.1264991514238,905.4,669.3
20706,17751,1068.6812040354516,626.1264991514238,905.4,669.3
20707,17751,1068.6812040354516,626.1264991514238,905.4,669.3
20708,17751,1068.6812040354516,626.1264991514238,905.4,669.3
20709,17751,1068.6812040354516,626.1264991514238,905.4,669.3
20710,17751,1068.6812040354516,626.1264991514238,905.4,669.3
20711,17751,1068.6812040354516,626.1264991514238,905.4,669.3
20712,17751,1068.6812040354516,626.1264991514238,905.4,669.3
20713,17751,1068.6812040354516,626.1264991514238,905.4,669.3
20714,17751,1068.6812040354516,626.1264991514238,905.4,669.3
20715,17751,1068.6812040354516,626.1264991514238,905.4,669.3
20716,17751,1068.6812040354516,626.1264991514238,905.4,669.3
20717,17751,1068.6812040354516,626.1264991514238,905.4,669.3
20718,17751,1068.6812040354516,626.1264991514238,905.4,669.3
20719,17751,1068.6812040354516,626.1264991514238,905.4,669.3
20720,17751,1068.6812040354516,626.1264991514238,905.4,669.3
20721,17751,1068.6812040354516,626.1264991514238,905.4,669.3
20722,17751,1068.6812040354516,626.1264991514238,905.4,669.3
20723,17751,1068.6812040354516,626.1264991514238,905.4,669.3
20724,17751,1068.6812040354516,626.1264991514238,905.4,669.3
20725,17751,1068.6812040354516,626.1264991514238,905.4,669.3
20726,17751,1068.6812040354516,626.1264991514238,905.4,669.3
20727,17751,1068.6812040354516,626.1264991514238,905.4,669.3
20728,17751,1068.6812040354516,626.1264991514238,905.4,669.3
20729,17751,1068.6812040354516,626.1264991514238,905.4,669.3
20730,17751,1068.6812040354516,626.1264991514238,905.4,669.3
20731,17751,1068.6812040354516,626.1264991514238,905.4,669.3
20732,17751,1068.6812040354516,626.1264991514238,905.4,669.3
20733,17751,1068.6812040354516,626.1264991514238,905.4,669.3
20734,17751,1068.6812040354516,626.1264991514238,905.4,669.3
20735,17751,1068.6812040354516,626.1264991514238,905.4,669.3
20736,17751,1068.6812040354516,626.1264991514238,905.4,669.3
20737,17751,1068.6812040354516,626.1264991514238,905.4,669.3
20738,17751,1068.6812040354516,626.1264991514238,905.4,669.3
20739,17751,1068.6812040354516,626.1264991514238,905.4,669.3
20740,17751,897.6812040354517,620.1264991514238,905.4,669.3
20741,17751,897.6812040354517,620.1264991514238,905.4,669.3
20742,17751,897.6812040354517,620.1264991514238,905.4,669.3
20743,17751,897.6812040354517,620.1264991514238,905.4,669.3
20744,17751,897.6812040354517,620.1264991514238,905.4,669.3
20745,17751,897.6812040354517,620.1264991514238,905.4,669.3
20746,17751,897.6812040354517,620.1264991514238,905.4,669.3
20747,17751,897.6812040354517,620.1264991514238,905.4,669.3
20748,17751,897.6812040354517,620.1264991514238,905.4,669.3
20749,17751,897.6812040354517,620.1264991514238,905.4,669.3
20750,17751,897.6812040354517,620.1264991514238,905.4,669.3
20751,17751,897.6812040354517,620.1264991514238,905.4,669.3
20752,17751,897.6812040354517,620.1264991514238,905.4,669.3
20753,17751,897.6812040354517,620.1264991514238,905.4,669.3
20754,17751,897.6812040354517,620.1264991514238,905.4,669.3
20755,17751,897.6812040354517,620.1264991514238,905.4,669.3
20756,17751,897.6812040354517,620.1264991514238,905.4,669.3
20757,17751,897.6812040354517,620.1264991514238,905.4,669.3
20758,17751,897.6812040354517,620.1264991514238,905.4,669.3
20759,17751,897.6812040354517,620.1264991514238,905.4,669.3
20760,17751,897.6812040354517,620.1264991514238,905.4,669.3
20761,17751,897.6812040354517,620.1264991514238,905.4,669.3
20762,17751,897.6812040354517,620.1264991514238,905.4,669.3
20763,17751,897.6812040354517,620.1264991514238,905.4,669.3
20764,17751,897.6812040354517,620.1264991514238,905.4,669.3
20765,17751,897.6812040354517,620.1264991514238,905.4,669.3
20766,17751,897.6812040354517,620.1264991514238,905.4,669.3
20767,17751,897.6812040354517,620.1264991514238,905.4,669.3
20768,17751,897.6812040354517,620.1264991514238,905.4,669.3
20769,17751,897.6812040354517,620.1264991514238,905.4,669.3
20770,17751,897.6812040354517,620.1264991514238,905.4,669.3
20771,17751,897.6812040354517,620.1264991514238,905.4,669.3
20772,17751,897.6812040354517,620.1264991514238,905.4,669.3
20773,17751,882.6812040354517,431.12649915142373,905.4,669.3
20774,17751,882.6812040354517,431.12649915142373,905.4,669.3
20775,17751,882.6812040354517,431.12649915142373,905.4,669.3
20776,17751,882.6812040354517,431.12649915142373,905.4,669.3
20777,17751,882.6812040354517,431.12649915142373,905.4,669.3
20778,17751,882.6812040354517,431.12649915142373,905.4,669.3
20779,17751,882.6812040354517,431.12649915142373,905.4,669.3
20780,17751,882.6812040354517,431.12649915142373,905.4,669.3
20781,17751,882.6812040354517,431.12649915142373,905.4,669.3
20782,17751,882.6812040354517,431.12649915142373,905.4,669.3
20783,17751,882.6812040354517,431.12649915142373,905.4,669.3
20784,17751,882.6812040354517,431.12649915142373,905.4,669.3
20785,17751,882.6812040354517,431.12649915142373,905.4,669.3
20786,17751,882.6812040354517,431.12649915142373,905.4,669.3
20787,17751,882.6812040354517,431.12649915142373,905.4,669.3
20788,17751,882.6812040354517,431.12649915142373,905.4,669.3
20789,17751,882.6812040354517,431.12649915142373,905.4,669.3
20790,17751,882.6812040354517,431.12649915142373,905.4,669.3
20791,17751,882.6812040354517,431.12649915142373,905.4,669.3
20792,17751,882.6812040354517,431.12649915142373,905.4,669.3
20793,17751,882.6812040354517,431.12649915142373,905.4,669.3
20794,17751,882.6812040354517,431.12649915142373,905.4,669.3
20795,17751,882.6812040354517,431.12649915142373,905.4,669.3
20796,17751,882.6812040354517,431.12649915142373,905.4,669.3
20797,17751,882.6812040354517,431.12649915142373,905.4,669.3
20798,17751,882.6812040354517,431.12649915142373,905.4,669.3
20799,17751,882.6812040354517,431.12649915142373,905.4,669.3
20800,17751,882.6812040354517,431.12649915142373,905.4,669.3
20801,17751,882.6812040354517,431.12649915142373,905.4,669.3
20802,17751,882.6812040354517,431.12649915142373,905.4,669.3
20803,17751,882.6812040354517,431.12649915142373,905.4,669.3
20804,17751,882.6812040354517,431.12649915142373,905.4,669.3
20805,17751,882.6812040354517,431.12649915142373,905.4,669.3
20806,17751,882.6812040354517,431.12649915142373,905.4,669.3
20807,17751,882.6812040354517,431.12649915142373,905.4,669.3
20808,17751,882.6812040354517,431.12649915142373,905.4,669.3
20809,17751,882.6812040354517,431.12649915142373,905.4,669.3
20810,17751,882.6812040354517,431.12649915142373,905.4,669.3
20811,17751,882.6812040354517,431.12649915142373,905.4,669.3
20812,17751,882.6812040354517,431.12649915142373,905.4,669.3
20813,17751,882.6812040354517,431.12649915142373,905.4,669.3
20814,17751,882.6812040354517,431.12649915142373,905.4,669.3
20815,17751,882.6812040354517,431.12649915142373,905.4,669.3
20816,17751,882.6812040354517,431.12649915142373,905.4,669.3
20817,17751,882.6812040354517,431.12649915142373,905.4,669.3
20818,17751,882.6812040354517,431.12649915142373,905.4,669.3
20819,17751,882.6812040354517,431.12649915142373,905.4,669.3
20820,17751,882.6812040354517,431.12649915142373,905.4,669.3
20821,17751,882.6812040354517,431.12649915142373,905.4,669.3
20822,17751,882.6812040354517,431.12649915142373,905.4,669.3
20823,17751,882.6812040354517,431.12649915142373,905.4,669.3
20824,17751,882.6812040354517,431.12649915142373,905.4,669.3
20825,17751,882.6812040354517,431.12649915142373,905.4,669.3
20826,17751,882.6812040354517,431.12649915142373,905.4,669.3
20827,17751,882.6812040354517,431.12649915142373,905.4,669.3
20828,17751,882.6812040354517,431.12649915142373,905.4,669.3
20829,17751,882.6812040354517,431.12649915142373,905.4,669.3
20830,17751,882.6812040354517,431.12649915142373,905.4,669.3
20831,17751,882.6812040354517,431.12649915142373,905.4,669.3
20832,17751,882.6812040354517,431.12649915142373,905.4,669.3
20833,17751,882.6812040354517,431.12649915142373,905.4,669.3
20834,17751,882.6812040354517,431.12649915142373,905.4,669.3
20835,17751,882.6812040354517,431.12649915142373,905.4,669.3
20836,17751,882.6812040354517,431.12649915142373,905.4,669.3
20837,17751,882.6812040354517,431.12649915142373,905.4,669.3
20838,17751,882.6812040354517,431.12649915142373,905.4,669.3
20839,17751,882.6812040354517,431.12649915142373,905.4,669.3
20840,17751,882.6812040354517,431.12649915142373,905.4,669.3
20841,17751,882.6812040354517,431.12649915142373,905.4,669.3
20842,17751,882.6812040354517,431.12649915142373,905.4,669.3
20843,17751,882.6812040354517,431.12649915142373,905.4,669.3
20844,17751,882.6812040354517,431.12649915142373,905.4,669.3
20845,17751,882.6812040354517,431.12649915142373,905.4,669.3
20846,17751,882.6812040354517,431.12649915142373,905.4,669.3
20847,17751,882.6812040354517,431.12649915142373,905.4,669.3
20848,17751,882.6812040354517,431.12649915142373,905.4,669.3
20849,17751,882.6812040354517,431.12649915142373,905.4,669.3
20850,17751,882.6812040354517,431.12649915142373,905.4,669.3
20851,17751,882.6812040354517,431.12649915142373,905.4,669.3
20852,17751,882.6812040354517,431.12649915142373,905.4,669.3
20853,17751,882.6812040354517,431.12649915142373,905.4,669.3
20854,17751,882.6812040354517,431.12649915142373,905.4,669.3
20855,17751,882.6812040354517,431.12649915142373,905.4,669.3
20856,17751,882.6812040354517,431.12649915142373,905.4,669.3
20857,17751,882.6812040354517,431.12649915142373,905.4,669.3
20858,17751,882.6812040354517,431.12649915142373,905.4,669.3
20859,17751,882.6812040354517,431.12649915142373,905.4,669.3
20860,17751,882.6812040354517,431.12649915142373,905.4,669.3
20861,17751,882.6812040354517,431.12649915142373,905.4,669.3
20862,17751,882.6812040354517,431.12649915142373,905.4,669.3
20863,17751,882.6812040354517,431.12649915142373,905.4,669.3
20864,17752,882.6812040354517,431.12649915142373,905.4,669.3
20865,17753,882.6812040354517,431.12649915142373,905.4,669.3
20866,17754,882.6812040354517,431.12649915142373,905.4,669.3
20867,17755,882.6812040354517,431.12649915142373,905.4,669.3
20868,17755,882.6812040354517,431.12649915142373,905.4,669.3
20869,17755,882.6812040354517,431.12649915142373,905.4,669.3
20870,17755,882.6812040354517,431.12649915142373,905.4,669.3
20871,17755,882.6812040354517,431.12649915142373,905.4,669.3
20872,17755,882.6812040354517,431.12649915142373,905.4,669.3
20873,17755,882.6812040354517,431.12649915142373,905.4,669.3
20874,17755,882.6812040354517,431.12649915142373,905.4,669.3
20875,17755,882.6812040354517,431.12649915142373,905.4,669.3
20876,17755,882.6812040354517,431.12649915142373,905.4,669.3
20877,17755,882.6812040354517,431.12649915142373,905.4,669.3
20878,17755,882.6812040354517,431.12649915142373,905.4,669.3
20879,17755,882.6812040354517,431.12649915142373,905.4,669.3
20880,17755,882.6812040354517,431.12649915142373,905.4,669.3
20881,17755,882.6812040354517,431.12649915142373,905.4,669.3
20882,17755,882.6812040354517,431.12649915142373,905.4,669.3
20883,17755,882.6812040354517,431.12649915142373,905.4,669.3
20884,17755,882.6812040354517,431.12649915142373,905.4,669.3
20885,17755,882.6812040354517,431.12649915142373,905.4,669.3
20886,17755,882.6812040354517,431.12649915142373,905.4,669.3
20887,17755,882.6812040354517,431.12649915142373,905.4,669.3
20888,17755,882.6812040354517,431.12649915142373,905.4,669.3
20889,17755,882.6812040354517,431.12649915142373,905.4,669.3
20890,17755,882.6812040354517,431.12649915142373,905.4,669.3
20891,17755,882.6812040354517,431.12649915142373,905.4,669.3
20892,17755,882.6812040354517,431.12649915142373,905.4,669.3
20893,17755,882.6812040354517,431.12649915142373,905.4,669.3
20894,17755,882.6812040354517,431.12649915142373,905.4,669.3
20895,17755,882.6812040354517,431.12649915142373,905.4,669.3
20896,17755,882.6812040354517,431.12649915142373,905.4,669.3
20897,17755,882.6812040354517,431.12649915142373,905.4,669.3
20898,17755,882.6812040354517,431.12649915142373,905.4,669.3
20899,17755,882.6812040354517,431.12649915142373,905.4,669.3
20900,17755,882.6812040354517,431.12649915142373,905.4,669.3
20901,17755,882.6812040354517,431.12649915142373,905.4,669.3
20902,17755,882.6812040354517,431.12649915142373,905.4,669.3
20903,17755,882.6812040354517,431.12649915142373,905.4,669.3
20904,17755,882.6812040354517,431.12649915142373,905.4,669.3
20905,17755,882.6812040354517,431.12649915142373,905.4,669.3
20906,17755,890.6812040354517,549.1264991514238,905.4,669.3
20907,17755,890.6812040354517,549.1264991514238,905.4,669.3
20908,17755,890.6812040354517,549.1264991514238,905.4,669.3
20909,17755,890.6812040354517,549.1264991514238,905.4,669.3
20910,17755,890.6812040354517,549.1264991514238,905.4,669.3
20911,17755,890.6812040354517,549.1264991514238,905.4,669.3
20912,17755,890.6812040354517,549.1264991514238,905.4,669.3
20913,17755,890.6812040354517,549.1264991514238,905.4,669.3
20914,17755,890.6812040354517,549.1264991514238,905.4,669.3
20915,17755,890.6812040354517,549.1264991514238,905.4,669.3
20916,17755,890.6812040354517,549.1264991514238,905.4,669.3
20917,17755,890.6812040354517,549.1264991514238,905.4,669.3
20918,17755,890.6812040354517,549.1264991514238,905.4,669.3
20919,17755,890.6812040354517,549.1264991514238,905.4,669.3
20920,17755,890.6812040354517,549.1264991514238,905.4,669.3
20921,17755,890.6812040354517,549.1264991514238,905.4,669.3
20922,17755,890.6812040354517,549.1264991514238,905.4,669.3
20923,17755,890.6812040354517,549.1264991514238,905.4,669.3
20924,17755,890.6812040354517,549.1264991514238,905.4,669.3
20925,17755,890.6812040354517,549.1264991514238,905.4,669.3
20926,17755,890.6812040354517,549.1264991514238,905.4,669.3
20927,17755,890.6812040354517,549.1264991514238,905.4,669.3
20928,17755,890.6812040354517,549.1264991514238,905.4,669.3
20929,17755,890.6812040354517,549.1264991514238,905.4,669.3
20930,17755,890.6812040354517,549.1264991514238,905.4,669.3
20931,17755,890.6812040354517,549.1264991514238,905.4,669.3
20932,17755,890.6812040354517,549.1264991514238,905.4,669.3
20933,17755,890.6812040354517,549.1264991514238,905.4,669.3
20934,17755,890.6812040354517,549.1264991514238,905.4,669.3
20935,17755,890.6812040354517,549.1264991514238,905.4,669.3
20936,17755,890.6812040354517,549.1264991514238,905.4,669.3
20937,17755,890.6812040354517,549.1264991514238,905.4,669.3
20938,17755,890.6812040354517,549.1264991514238,905.4,669.3
20939,17755,890.6812040354517,549.1264991514238,905.4,669.3
20940,17755,897.6812040354517,668.1264991514238,905.4,669.3
20941,17755,897.6812040354517,668.1264991514238,905.4,669.3
20942,17755,897.6812040354517,668.1264991514238,905.4,669.3
20943,17755,897.6812040354517,668.1264991514238,905.4,669.3
20944,17755,897.6812040354517,668.1264991514238,905.4,669.3
20945,17755,897.6812040354517,668.1264991514238,905.4,669.3
20946,17755,897.6812040354517,668.1264991514238,905.4,669.3
20947,17755,897.6812040354517,668.1264991514238,905.4,669.3
20948,17755,897.6812040354517,668.1264991514238,905.4,669.3
20949,17755,897.6812040354517,668.1264991514238,905.4,669.3
20950,17755,897.6812040354517,668.1264991514238,905.4,669.3
20951,17755,897.6812040354517,668.1264991514238,905.4,669.3
20952,17755,897.6812040354517,668.1264991514238,905.4,669.3
20953,17755,897.6812040354517,668.1264991514238,905.4,669.3
20954,17755,897.6812040354517,668.1264991514238,905.4,669.3
20955,17755,897.6812040354517,668.1264991514238,905.4,669.3
20956,17755,897.6812040354517,668.1264991514238,905.4,669.3
20957,17755,897.6812040354517,668.1264991514238,905.4,669.3
20958,17755,897.6812040354517,668.1264991514238,905.4,669.3
20959,17755,897.6812040354517,668.1264991514238,905.4,669.3
20960,17755,897.6812040354517,668.1264991514238,905.4,669.3
20961,17755,897.6812040354517,668.1264991514238,905.4,669.3
20962,17755,897.6812040354517,668.1264991514238,905.4,669.3
20963,17755,897.6812040354517,668.1264991514238,905.4,669.3
20964,17755,897.6812040354517,668.1264991514238,905.4,669.3
20965,17755,897.6812040354517,668.1264991514238,905.4,669.3
20966,17755,897.6812040354517,668.1264991514238,905.4,669.3
20967,17755,897.6812040354517,668.1264991514238,905.4,669.3
20968,17755,897.6812040354517,668.1264991514238,905.4,669.3
20969,17755,897.6812040354517,668.1264991514238,905.4,669.3
20970,17755,897.6812040354517,668.1264991514238,905.4,669.3
20971,17755,897.6812040354517,668.1264991514238,905.4,669.3
20972,17755,897.6812040354517,668.1264991514238,905.4,669.3
20973,17755,897.6812040354517,668.1264991514238,905.4,669.3
20974,17755,897.6812040354517,668.1264991514238,905.4,669.3
20975,17755,897.6812040354517,668.1264991514238,905.4,669.3
20976,17755,897.6812040354517,668.1264991514238,905.4,669.3
20977,17755,897.6812040354517,668.1264991514238,905.4,669.3
20978,17755,897.6812040354517,668.1264991514238,905.4,669.3
20979,17755,897.6812040354517,668.1264991514238,905.4,669.3
20980,17755,897.6812040354517,668.1264991514238,905.4,669.3
20981,17755,897.6812040354517,668.1264991514238,905.4,669.3
20982,17755,897.6812040354517,668.1264991514238,905.4,669.3
20983,17755,897.6812040354517,668.1264991514238,905.4,669.3
20984,17755,897.6812040354517,668.1264991514238,905.4,669.3
20985,17755,897.6812040354517,668.1264991514238,905.4,669.3
20986,17755,897.6812040354517,668.1264991514238,905.4,669.3
20987,17755,897.6812040354517,668.1264991514238,905.4,669.3
20988,17755,897.6812040354517,668.1264991514238,905.4,669.3
20989,17755,897.6812040354517,668.1264991514238,905.4,669.3
20990,17755,897.6812040354517,668.1264991514238,905.4,669.3
20991,17755,897.6812040354517,668.1264991514238,905.4,669.3
20992,17755,897.6812040354517,668.1264991514238,905.4,669.3
20993,17755,897.6812040354517,668.1264991514238,905.4,669.3
20994,17755,897.6812040354517,668.1264991514238,905.4,669.3
20995,17755,897.6812040354517,668.1264991514238,905.4,669.3
20996,17755,897.6812040354517,668.1264991514238,905.4,669.3
20997,17755,897.6812040354517,668.1264991514238,905.4,669.3
20998,17755,897.6812040354517,668.1264991514238,905.4,669.3
20999,17755,897.6812040354517,668.1264991514238,905.4,669.3
21000,17755,897.6812040354517,668.1264991514238,905.4,669.3
21001,17755,897.6812040354517,668.1264991514238,905.4,669.3
21002,17755,897.6812040354517,668.1264991514238,905.4,669.3
21003,17755,897.6812040354517,668.1264991514238,905.4,669.3
21004,17755,897.6812040354517,668.1264991514238,905.4,669.3
21005,17755,897.6812040354517,668.1264991514238,905.4,669.3
21006,17755,897.6812040354517,668.1264991514238,905.4,669.3
21007,17755,897.6812040354517,668.1264991514238,905.4,669.3
21008,17755,897.6812040354517,668.1264991514238,905.4,669.3
21009,17755,897.6812040354517,668.1264991514238,905.4,669.3
21010,17755,897.6812040354517,668.1264991514238,905.4,669.3
21011,17755,897.6812040354517,668.1264991514238,905.4,669.3
21012,17755,897.6812040354517,668.1264991514238,905.4,669.3
21013,17755,897.6812040354517,668.1264991514238,905.4,669.3
21014,17755,897.6812040354517,668.1264991514238,905.4,669.3
21015,17755,897.6812040354517,668.1264991514238,905.4,669.3
21016,17755,897.6812040354517,668.1264991514238,905.4,669.3
21017,17755,897.6812040354517,668.1264991514238,905.4,669.3
21018,17755,897.6812040354517,668.1264991514238,905.4,669.3
21019,17755,897.6812040354517,668.1264991514238,905.4,669.3
21020,17755,897.6812040354517,668.1264991514238,905.4,669.3
21021,17755,897.6812040354517,668.1264991514238,905.4,669.3
21022,17755,897.6812040354517,668.1264991514238,905.4,669.3
21023,17755,897.6812040354517,668.1264991514238,905.4,669.3
21024,17755,897.6812040354517,668.1264991514238,905.4,669.3
21025,17755,897.6812040354517,668.1264991514238,905.4,669.3
21026,17755,897.6812040354517,668.1264991514238,905.4,669.3
21027,17755,897.6812040354517,668.1264991514238,905.4,669.3
21028,17755,897.6812040354517,668.1264991514238,905.4,669.3
21029,17755,897.6812040354517,668.1264991514238,905.4,669.3
21030,17755,897.6812040354517,668.1264991514238,905.4,669.3
21031,17755,897.6812040354517,668.1264991514238,905.4,669.3
21032,17755,897.6812040354517,668.1264991514238,905.4,669.3
21033,17755,897.6812040354517,668.1264991514238,905.4,669.3
21034,17755,897.6812040354517,668.1264991514238,905.4,669.3
21035,17755,897.6812040354517,668.1264991514238,905.4,669.3
21036,17755,897.6812040354517,668.1264991514238,905.4,669.3
21037,17755,897.6812040354517,668.1264991514238,905.4,669.3
21038,17755,897.6812040354517,668.1264991514238,905.4,669.3
21039,17755,897.6812040354517,668.1264991514238,905.4,669.3
21040,17755,897.6812040354517,668.1264991514238,905.4,669.3
21041,17755,897.6812040354517,668.1264991514238,905.4,669.3
21042,17755,897.6812040354517,668.1264991514238,905.4,669.3
21043,17755,897.6812040354517,668.1264991514238,905.4,669.3
21044,17755,897.6812040354517,668.1264991514238,905.4,669.3
21045,17755,897.6812040354517,668.1264991514238,905.4,669.3
21046,17755,897.6812040354517,668.1264991514238,905.4,669.3
21047,17755,897.6812040354517,668.1264991514238,905.4,669.3
21048,17755,897.6812040354517,668.1264991514238,905.4,669.3
21049,17755,897.6812040354517,668.1264991514238,905.4,669.3
21050,17755,897.6812040354517,668.1264991514238,905.4,669.3
21051,17755,897.6812040354517,668.1264991514238,905.4,669.3
21052,17755,897.6812040354517,668.1264991514238,905.4,669.3
21053,17755,897.6812040354517,668.1264991514238,905.4,669.3
21054,17755,897.6812040354517,668.1264991514238,905.4,669.3
21055,17755,897.6812040354517,668.1264991514238,905.4,669.3
21056,17755,897.6812040354517,668.1264991514238,905.4,669.3
21057,17755,897.6812040354517,668.1264991514238,905.4,669.3
21058,17755,897.6812040354517,668.1264991514238,905.4,669.3
21059,17755,897.6812040354517,668.1264991514238,905.4,669.3
21060,17755,897.6812040354517,668.1264991514238,905.4,669.3
21061,17755,897.6812040354517,668.1264991514238,905.4,669.3
21062,17755,897.6812040354517,668.1264991514238,905.4,669.3
21063,17755,897.6812040354517,668.1264991514238,905.4,669.3
21064,17755,897.6812040354517,668.1264991514238,905.4,669.3
21065,17755,897.6812040354517,668.1264991514238,905.4,669.3
21066,17755,897.6812040354517,668.1264991514238,905.4,669.3
21067,17755,897.6812040354517,668.1264991514238,905.4,669.3
21068,17755,897.6812040354517,668.1264991514238,905.4,669.3
21069,17755,897.6812040354517,668.1264991514238,905.4,669.3
21070,17755,897.6812040354517,668.1264991514238,905.4,669.3
21071,17755,897.6812040354517,668.1264991514238,905.4,669.3
21072,17755,897.6812040354517,668.1264991514238,905.4,669.3
21073,17755,897.6812040354517,668.1264991514238,905.4,669.3
21074,17755,897.6812040354517,668.1264991514238,905.4,669.3
21075,17755,897.6812040354517,668.1264991514238,905.4,669.3
21076,17755,897.6812040354517,668.1264991514238,905.4,669.3
21077,17755,897.6812040354517,668.1264991514238,905.4,669.3
21078,17755,897.6812040354517,668.1264991514238,905.4,669.3
21079,17755,897.6812040354517,668.1264991514238,905.4,669.3
21080,17755,897.6812040354517,668.1264991514238,905.4,669.3
21081,17755,897.6812040354517,668.1264991514238,905.4,669.3
21082,17755,897.6812040354517,668.1264991514238,905.4,669.3
21083,17755,897.6812040354517,668.1264991514238,905.4,669.3
21084,17755,897.6812040354517,668.1264991514238,905.4,669.3
21085,17755,897.6812040354517,668.1264991514238,905.4,669.3
21086,17755,897.6812040354517,668.1264991514238,905.4,669.3
21087,17755,897.6812040354517,668.1264991514238,905.4,669.3
21088,17755,897.6812040354517,668.1264991514238,905.4,669.3
21089,17755,897.6812040354517,668.1264991514238,905.4,669.3
21090,17755,897.6812040354517,668.1264991514238,905.4,669.3
21091,17755,897.6812040354517,668.1264991514238,905.4,669.3
21092,17755,897.6812040354517,668.1264991514238,905.4,669.3
21093,17755,897.6812040354517,668.1264991514238,905.4,669.3
21094,17755,897.6812040354517,668.1264991514238,905.4,669.3
21095,17755,897.6812040354517,668.1264991514238,905.4,669.3
21096,17755,897.6812040354517,668.1264991514238,905.4,669.3
21097,17755,897.6812040354517,668.1264991514238,905.4,669.3
21098,17755,897.6812040354517,668.1264991514238,905.4,669.3
21099,17755,897.6812040354517,668.1264991514238,905.4,669.3
21100,17755,897.6812040354517,668.1264991514238,905.4,669.3
21101,17755,897.6812040354517,668.1264991514238,905.4,669.3
21102,17755,897.6812040354517,668.1264991514238,905.4,669.3
21103,17755,897.6812040354517,668.1264991514238,905.4,669.3
21104,17755,897.6812040354517,668.1264991514238,905.4,669.3
21105,17755,897.6812040354517,668.1264991514238,905.4,669.3
21106,17755,897.6812040354517,668.1264991514238,905.4,669.3
21107,17755,897.6812040354517,668.1264991514238,905.4,669.3
21108,17755,897.6812040354517,668.1264991514238,905.4,669.3
21109,17755,897.6812040354517,668.1264991514238,905.4,669.3
21110,17755,897.6812040354517,668.1264991514238,905.4,669.3
21111,17755,897.6812040354517,668.1264991514238,905.4,669.3
21112,17755,897.6812040354517,668.1264991514238,905.4,669.3
21113,17755,897.6812040354517,668.1264991514238,905.4,669.3
21114,17755,897.6812040354517,668.1264991514238,905.4,669.3
21115,17755,897.6812040354517,668.1264991514238,905.4,669.3
21116,17755,897.6812040354517,668.1264991514238,905.4,669.3
21117,17755,897.6812040354517,668.1264991514238,905.4,669.3
21118,17755,897.6812040354517,668.1264991514238,905.4,669.3
21119,17755,897.6812040354517,668.1264991514238,905.4,669.3
21120,17755,897.6812040354517,668.1264991514238,905.4,669.3
21121,17755,897.6812040354517,668.1264991514238,905.4,669.3
21122,17755,897.6812040354517,668.1264991514238,905.4,669.3
21123,17755,897.6812040354517,668.1264991514238,905.4,669.3
21124,17755,897.6812040354517,668.1264991514238,905.4,669.3
21125,17755,897.6812040354517,668.1264991514238,905.4,669.3
21126,17755,897.6812040354517,668.1264991514238,905.4,669.3
21127,17755,897.6812040354517,668.1264991514238,905.4,669.3
21128,17755,897.6812040354517,668.1264991514238,905.4,669.3
21129,17755,897.6812040354517,668.1264991514238,905.4,669.3
21130,17755,897.6812040354517,668.1264991514238,905.4,669.3
21131,17755,897.6812040354517,668.1264991514238,905.4,669.3
21132,17756,897.6812040354517,668.1264991514238,905.4,669.3
21133,17757,897.6812040354517,668.1264991514238,905.4,669.3
21134,17758,897.6812040354517,668.1264991514238,905.4,669.3
21135,17759,897.6812040354517,668.1264991514238,905.4,669.3
21136,17760,897.6812040354517,668.1264991514238,905.4,669.3
21137,17761,897.6812040354517,668.1264991514238,905.4,669.3
21138,17762,897.6812040354517,668.1264991514238,905.4,669.3
21139,17763,897.6812040354517,668.1264991514238,905.4,669.3
21140,17764,897.6812040354517,668.1264991514238,905.4,669.3
21141,17765,897.6812040354517,668.1264991514238,905.4,669.3
21142,17766,897.6812040354517,668.1264991514238,905.4,669.3
21143,17767,897.6812040354517,668.1264991514238,905.4,669.3
21144,17768,897.6812040354517,668.1264991514238,905.4,669.3
21145,17769,897.6812040354517,668.1264991514238,905.4,669.3
21146,17770,897.6812040354517,668.1264991514238,905.4,669.3
21147,17771,897.6812040354517,668.1264991514238,905.4,669.3
21148,17772,897.6812040354517,668.1264991514238,905.4,669.3
21149,17773,897.6812040354517,668.1264991514238,905.4,669.3
21150,17774,897.6812040354517,668.1264991514238,905.4,669.3
21151,17775,897.6812040354517,668.1264991514238,905.4,669.3
21152,17776,897.6812040354517,668.1264991514238,905.4,669.3
21153,17777,897.6812040354517,668.1264991514238,905.4,669.3
21154,17778,897.6812040354517,668.1264991514238,905.4,669.3
21155,17779,897.6812040354517,668.1264991514238,905.4,669.3
21156,17780,897.6812040354517,668.1264991514238,905.4,669.3
21157,17781,897.6812040354517,668.1264991514238,905.4,669.3
21158,17782,897.6812040354517,668.1264991514238,905.4,669.3
21159,17783,897.6812040354517,668.1264991514238,905.4,669.3
21160,17784,897.6812040354517,668.1264991514238,905.4,669.3
21161,17785,897.6812040354517,668.1264991514238,905.4,669.3
21162,17786,897.6812040354517,668.1264991514238,905.4,669.3
21163,17787,897.6812040354517,668.1264991514238,905.4,669.3
21164,17788,897.6812040354517,668.1264991514238,905.4,669.3
21165,17789,897.6812040354517,668.1264991514238,905.4,669.3
21165,17790,897.6812040354517,668.1264991514238,905.4,669.3
21165,17791,897.6812040354517,668.1264991514238,905.4,669.3
21165,17792,897.6812040354517,668.1264991514238,905.4,669.3
21165,17793,897.6812040354517,668.1264991514238,905.4,669.3
21165,17794,897.6812040354517,668.1264991514238,905.4,669.3
21165,17795,897.6812040354517,668.1264991514238,905.4,669.3
21165,17796,897.6812040354517,668.1264991514238,905.4,669.3
21165,17797,897.6812040354517,668.1264991514238,905.4,669.3
21165,17798,897.6812040354517,668.1264991514238,905.4,669.3
21165,17799,897.6812040354517,668.1264991514238,905.4,669.3
21165,17800,897.6812040354517,668.1264991514238,905.4,669.3
21165,17801,897.6812040354517,668.1264991514238,905.4,669.3
21165,17802,897.6812040354517,668.1264991514238,905.4,669.3
21165,17803,897.6812040354517,668.1264991514238,905.4,669.3
21165,17804,897.6812040354517,668.1264991514238,905.4,669.3
21165,17805,897.6812040354517,668.1264991514238,905.4,669.3
21165,17806,897.6812040354517,668.1264991514238,905.4,669.3
21165,17807,897.6812040354517,668.1264991514238,905.4,669.3
21165,17808,897.6812040354517,668.1264991514238,905.4,669.3
21165,17809,897.6812040354517,668.1264991514238,905.4,669.3
21165,17810,897.6812040354517,668.1264991514238,905.4,669.3
21165,17811,897.6812040354517,668.1264991514238,905.4,669.3
21165,17812,897.6812040354517,668.1264991514238,905.4,669.3
21165,17813,897.6812040354517,668.1264991514238,905.4,669.3
21165,17814,897.6812040354517,668.1264991514238,905.4,669.3
21165,17815,897.6812040354517,668.1264991514238,905.4,669.3
21165,17816,897.6812040354517,668.1264991514238,905.4,669.3
21165,17817,897.6812040354517,668.1264991514238,905.4,669.3
21165,17818,897.6812040354517,668.1264991514238,905.4,669.3
21165,17819,897.6812040354517,668.1264991514238,905.4,669.3
21165,17820,897.6812040354517,668.1264991514238,905.4,669.3
21165,17821,897.6812040354517,668.1264991514238,905.4,669.3
21165,17822,897.6812040354517,668.1264991514238,905.4,669.3
21165,17823,897.6812040354517,668.1264991514238,905.4,669.3
21165,17824,897.6812040354517,668.1264991514238,905.4,669.3
21165,17825,897.6812040354517,668.1264991514238,905.4,669.3
21165,17826,897.6812040354517,668.1264991514238,905.4,669.3
21165,17827,897.6812040354517,668.1264991514238,905.4,669.3
21165,17828,897.6812040354517,668.1264991514238,905.4,669.3
21165,17829,897.6812040354517,668.1264991514238,905.4,669.3
21165,17830,1054.6812040354516,657.1264991514238,905.4,669.3
21165,17831,1054.6812040354516,657.1264991514238,905.4,669.3
21165,17832,1054.6812040354516,657.1264991514238,905.4,669.3
21165,17833,1054.6812040354516,657.1264991514238,905.4,669.3
21165,17834,1054.6812040354516,657.1264991514238,905.4,669.3
21165,17835,1054.6812040354516,657.1264991514238,905.4,669.3
21165,17836,1054.6812040354516,657.1264991514238,905.4,669.3
21165,17837,1054.6812040354516,657.1264991514238,905.4,669.3
21165,17838,1054.6812040354516,657.1264991514238,905.4,669.3
21165,17839,1054.6812040354516,657.1264991514238,905.4,669.3
21165,17840,1054.6812040354516,657.1264991514238,905.4,669.3
21165,17841,1054.6812040354516,657.1264991514238,905.4,669.3
21165,17842,1054.6812040354516,657.1264991514238,905.4,669.3
21165,17843,1054.6812040354516,657.1264991514238,905.4,669.3
21165,17844,1054.6812040354516,657.1264991514238,905.4,669.3
21165,17845,1054.6812040354516,657.1264991514238,905.4,669.3
21165,17846,1054.6812040354516,657.1264991514238,905.4,669.3
21165,17847,1054.6812040354516,657.1264991514238,905.4,669.3
21165,17848,1054.6812040354516,657.1264991514238,905.4,669.3
21165,17849,1054.6812040354516,657.1264991514238,905.4,669.3
21165,17850,1054.6812040354516,657.1264991514238,905.4,669.3
21165,17851,1054.6812040354516,657.1264991514238,905.4,669.3
21165,17852,1054.6812040354516,657.1264991514238,905.4,669.3
21165,17853,1054.6812040354516,657.1264991514238,905.4,669.3
21165,17854,1054.6812040354516,657.1264991514238,905.4,669.3
21165,17855,1054.6812040354516,657.1264991514238,905.4,669.3
21165,17856,1054.6812040354516,657.1264991514238,905.4,669.3
21165,17857,1054.6812040354516,657.1264991514238,905.4,669.3
21165,17858,1054.6812040354516,657.1264991514238,905.4,669.3
21165,17859,1054.6812040354516,657.1264991514238,905.4,669.3
21165,17860,1054.6812040354516,657.1264991514238,905.4,669.3
21165,17861,1054.6812040354516,657.1264991514238,905.4,669.3
21165,17862,1054.6812040354516,657.1264991514238,905.4,669.3
21165,17863,1054.6812040354516,657.1264991514238,905.4,669.3
21165,17864,1211.6812040354516,646.1264991514238,905.4,669.3
21165,17865,1211.6812040354516,646.1264991514238,905.4,669.3
21165,17866,1211.6812040354516,646.1264991514238,905.4,669.3
21165,17867,1211.6812040354516,646.1264991514238,905.4,669.3
21165,17868,1211.6812040354516,646.1264991514238,905.4,669.3
21165,17869,1211.6812040354516,646.1264991514238,905.4,669.3
21165,17870,1211.6812040354516,646.1264991514238,905.4,669.3
21165,17871,1211.6812040354516,646.1264991514238,905.4,669.3
21165,17872,1211.6812040354516,646.1264991514238,905.4,669.3
21165,17873,1211.6812040354516,646.1264991514238,905.4,669.3
21165,17874,1211.6812040354516,646.1264991514238,905.4,669.3
21165,17875,1211.6812040354516,646.1264991514238,905.4,669.3
21165,17876,1211.6812040354516,646.1264991514238,905.4,669.3
21165,17877,1211.6812040354516,646.1264991514238,905.4,669.3
21165,17878,1211.6812040354516,646.1264991514238,905.4,669.3
21165,17879,1211.6812040354516,646.1264991514238,905.4,669.3
21165,17880,1211.6812040354516,646.1264991514238,905.4,669.3
21165,17881,1211.6812040354516,646.1264991514238,905.4,669.3
21165,17882,1211.6812040354516,646.1264991514238,905.4,669.3
21165,17883,1211.6812040354516,646.1264991514238,905.4,669.3
21165,17884,1211.6812040354516,646.1264991514238,905.4,669.3
21165,17885,1211.6812040354516,646.1264991514238,905.4,669.3
21165,17886,1211.6812040354516,646.1264991514238,905.4,669.3
21165,17887,1211.6812040354516,646.1264991514238,905.4,669.3
21165,17888,1211.6812040354516,646.1264991514238,905.4,669.3
21165,17889,1211.6812040354516,646.1264991514238,905.4,669.3
21165,17890,1211.6812040354516,646.1264991514238,905.4,669.3
21165,17891,1211.6812040354516,646.1264991514238,905.4,669.3
21165,17892,1211.6812040354516,646.1264991514238,905.4,669.3
21165,17893,1211.6812040354516,646.1264991514238,905.4,669.3
21165,17894,1211.6812040354516,646.1264991514238,905.4,669.3
21165,17895,1211.6812040354516,646.1264991514238,905.4,669.3
21165,17896,1211.6812040354516,646.1264991514238,905.4,669.3
21165,17897,1211.6812040354516,646.1264991514238,905.4,669.3
21165,17898,1211.6812040354516,646.1264991514238,905.4,669.3
21165,17899,1211.6812040354516,646.1264991514238,905.4,669.3
21165,17900,1211.6812040354516,646.1264991514238,905.4,669.3
21165,17901,1211.6812040354516,646.1264991514238,905.4,669.3
21165,17902,1211.6812040354516,646.1264991514238,905.4,669.3
21165,17903,1211.6812040354516,646.1264991514238,905.4,669.3
21165,17904,1211.6812040354516,646.1264991514238,905.4,669.3
21165,17905,1211.6812040354516,646.1264991514238,905.4,669.3
21165,17906,1211.6812040354516,646.1264991514238,905.4,669.3
21165,17907,1211.6812040354516,646.1264991514238,905.4,669.3
21165,17908,1211.6812040354516,646.1264991514238,905.4,669.3
21165,17909,1211.6812040354516,646.1264991514238,905.4,669.3
21165,17910,1211.6812040354516,646.1264991514238,905.4,669.3
21165,17911,1211.6812040354516,646.1264991514238,905.4,669.3
21165,17912,1211.6812040354516,646.1264991514238,905.4,669.3
21165,17913,1211.6812040354516,646.1264991514238,905.4,669.3
21165,17914,1211.6812040354516,646.1264991514238,905.4,669.3
21165,17915,1211.6812040354516,646.1264991514238,905.4,669.3
21165,17916,1211.6812040354516,646.1264991514238,905.4,669.3
21165,17917,1211.6812040354516,646.1264991514238,905.4,669.3
21165,17918,1211.6812040354516,646.1264991514238,905.4,669.3
21165,17919,1211.6812040354516,646.1264991514238,905.4,669.3
21165,17920,1211.6812040354516,646.1264991514238,905.4,669.3
21165,17921,1211.6812040354516,646.1264991514238,905.4,669.3
21165,17922,1211.6812040354516,646.1264991514238,905.4,669.3
21165,17923,1211.6812040354516,646.1264991514238,905.4,669.3
21165,17924,1211.6812040354516,646.1264991514238,905.4,669.3
21165,17925,1211.6812040354516,646.1264991514238,905.4,669.3
21165,17926,1211.6812040354516,646.1264991514238,905.4,669.3
21165,17927,1211.6812040354516,646.1264991514238,905.4,669.3
21165,17928,1211.6812040354516,646.1264991514238,905.4,669.3
21165,17929,1211.6812040354516,646.1264991514238,905.4,669.3
21165,17930,1211.6812040354516,646.1264991514238,905.4,669.3
21165,17931,1211.6812040354516,646.1264991514238,905.4,669.3
21165,17932,1211.6812040354516,646.1264991514238,905.4,669.3
21165,17933,1211.6812040354516,646.1264991514238,905.4,669.3
21165,17934,1211.6812040354516,646.1264991514238,905.4,669.3
21165,17935,1211.6812040354516,646.1264991514238,905.4,669.3
21165,17936,1211.6812040354516,646.1264991514238,905.4,669.3
21165,17937,1211.6812040354516,646.1264991514238,905.4,669.3
21165,17938,1211.6812040354516,646.1264991514238,905.4,669.3
21165,17939,1211.6812040354516,646.1264991514238,905.4,669.3
21165,17940,1211.6812040354516,646.1264991514238,905.4,669.3
21165,17941,1211.6812040354516,646.1264991514238,905.4,669.3
21165,17942,1211.6812040354516,646.1264991514238,905.4,669.3
21165,17943,1211.6812040354516,646.1264991514238,905.4,669.3
21165,17944,1211.6812040354516,646.1264991514238,905.4,669.3
21165,17945,1211.6812040354516,646.1264991514238,905.4,669.3
21165,17946,1211.6812040354516,646.1264991514238,905.4,669.3
21165,17947,1211.6812040354516,646.1264991514238,905.4,669.3
21165,17948,1211.6812040354516,646.1264991514238,905.4,669.3
21165,17949,1211.6812040354516,646.1264991514238,905.4,669.3
21165,17950,1211.6812040354516,646.1264991514238,905.4,669.3
21165,17951,1211.6812040354516,646.1264991514238,905.4,669.3
21165,17952,1211.6812040354516,646.1264991514238,905.4,669.3
21165,17953,1211.6812040354516,646.1264991514238,905.4,669.3
21165,17954,1211.6812040354516,646.1264991514238,905.4,669.3
21165,17955,1211.6812040354516,646.1264991514238,905.4,669.3
21165,17956,1211.6812040354516,646.1264991514238,905.4,669.3
21165,17957,1211.6812040354516,646.1264991514238,905.4,669.3
21165,17958,1211.6812040354516,646.1264991514238,905.4,669.3
21165,17959,1211.6812040354516,646.1264991514238,905.4,669.3
21165,17960,1211.6812040354516,646.1264991514238,905.4,669.3
21165,17961,1211.6812040354516,646.1264991514238,905.4,669.3
21165,17962,1211.6812040354516,646.1264991514238,905.4,669.3
21165,17963,1211.6812040354516,646.1264991514238,905.4,669.3
21165,17964,1211.6812040354516,646.1264991514238,905.4,669.3
21165,17965,1211.6812040354516,646.1264991514238,905.4,669.3
21165,17966,1211.6812040354516,646.1264991514238,905.4,669.3
21165,17967,1211.6812040354516,646.1264991514238,905.4,669.3
21165,17968,1211.6812040354516,646.1264991514238,905.4,669.3
21165,17969,1211.6812040354516,646.1264991514238,905.4,669.3
21165,17970,1211.6812040354516,646.1264991514238,905.4,669.3
21165,17971,1211.6812040354516,646.1264991514238,905.4,669.3
21165,17972,1211.6812040354516,646.1264991514238,905.4,669.3
21165,17973,1211.6812040354516,646.1264991514238,905.4,669.3
21165,17974,1211.6812040354516,646.1264991514238,905.4,669.3
21165,17975,1211.6812040354516,646.1264991514238,905.4,669.3
21165,17976,1211.6812040354516,646.1264991514238,905.4,669.3
21165,17977,1211.6812040354516,646.1264991514238,905.4,669.3
21165,17978,1211.6812040354516,646.1264991514238,905.4,669.3
21165,17979,1211.6812040354516,646.1264991514238,905.4,669.3
21165,17980,1211.6812040354516,646.1264991514238,905.4,669.3
21165,17981,1211.6812040354516,646.1264991514238,905.4,669.3
21165,17982,1211.6812040354516,646.1264991514238,905.4,669.3
21165,17983,1211.6812040354516,646.1264991514238,905.4,669.3
21165,17984,1211.6812040354516,646.1264991514238,905.4,669.3
21165,17985,1211.6812040354516,646.1264991514238,905.4,669.3
21165,17986,1211.6812040354516,646.1264991514238,905.4,669.3
21165,17987,1211.6812040354516,646.1264991514238,905.4,669.3
21165,17988,1211.6812040354516,646.1264991514238,905.4,669.3
21165,17989,1211.6812040354516,646.1264991514238,905.4,669.3
21165,17990,1211.6812040354516,646.1264991514238,905.4,669.3
21165,17991,1211.6812040354516,646.1264991514238,905.4,669.3
21165,17992,1211.6812040354516,646.1264991514238,905.4,669.3
21165,17993,1211.6812040354516,646.1264991514238,905.4,669.3
21165,17994,1211.6812040354516,646.1264991514238,905.4,669.3
21165,17995,1211.6812040354516,646.1264991514238,905.4,669.3
21165,17996,1211.6812040354516,646.1264991514238,905.4,669.3
21165,17997,763.6812040354517,622.1264991514238,905.4,669.3
21165,17998,763.6812040354517,622.1264991514238,905.4,669.3
21165,17999,763.6812040354517,622.1264991514238,905.4,669.3
21165,18000,763.6812040354517,622.1264991514238,905.4,669.3
21165,18001,763.6812040354517,622.1264991514238,905.4,669.3
21165,18002,763.6812040354517,622.1264991514238,905.4,669.3
21165,18003,763.6812040354517,622.1264991514238,905.4,669.3
21165,18004,763.6812040354517,622.1264991514238,905.4,669.3
21165,18005,763.6812040354517,622.1264991514238,905.4,669.3
21165,18006,763.6812040354517,622.1264991514238,905.4,669.3
21165,18007,763.6812040354517,622.1264991514238,905.4,669.3
21165,18008,763.6812040354517,622.1264991514238,905.4,669.3
21165,18009,763.6812040354517,622.1264991514238,905.4,669.3
21165,18010,763.6812040354517,622.1264991514238,905.4,669.3
21165,18011,763.6812040354517,622.1264991514238,905.4,669.3
21165,18012,763.6812040354517,622.1264991514238,905.4,669.3
21165,18013,763.6812040354517,622.1264991514238,905.4,669.3
21165,18014,763.6812040354517,622.1264991514238,905.4,669.3
21165,18015,763.6812040354517,622.1264991514238,905.4,669.3
21165,18016,763.6812040354517,622.1264991514238,905.4,669.3
21165,18017,763.6812040354517,622.1264991514238,905.4,669.3
21165,18018,763.6812040354517,622.1264991514238,905.4,669.3
21165,18019,763.6812040354517,622.1264991514238,905.4,669.3
21165,18020,763.6812040354517,622.1264991514238,905.4,669.3
21165,18021,763.6812040354517,622.1264991514238,905.4,669.3
21165,18022,763.6812040354517,622.1264991514238,905.4,669.3
21165,18023,763.6812040354517,622.1264991514238,905.4,669.3
21165,18024,763.6812040354517,622.1264991514238,905.4,669.3
21165,18025,763.6812040354517,622.1264991514238,905.4,669.3
21165,18026,763.6812040354517,622.1264991514238,905.4,669.3
21165,18027,763.6812040354517,622.1264991514238,905.4,669.3
21165,18028,763.6812040354517,622.1264991514238,905.4,669.3
21165,18029,763.6812040354517,622.1264991514238,905.4,669.3
21165,18030,763.6812040354517,622.1264991514238,905.4,669.3
21165,18031,763.6812040354517,622.1264991514238,905.4,669.3
21165,18032,763.6812040354517,622.1264991514238,905.4,669.3
21165,18033,763.6812040354517,622.1264991514238,905.4,669.3
21165,18034,763.6812040354517,622.1264991514238,905.4,669.3
21165,18035,763.6812040354517,622.1264991514238,905.4,669.3
21165,18036,763.6812040354517,622.1264991514238,905.4,669.3
21165,18037,763.6812040354517,622.1264991514238,905.4,669.3
21165,18038,763.6812040354517,622.1264991514238,905.4,669.3
21165,18039,763.6812040354517,622.1264991514238,905.4,669.3
21165,18040,763.6812040354517,622.1264991514238,905.4,669.3
21165,18041,763.6812040354517,622.1264991514238,905.4,669.3
21165,18042,763.6812040354517,622.1264991514238,905.4,669.3
21165,18043,763.6812040354517,622.1264991514238,905.4,669.3
21165,18044,763.6812040354517,622.1264991514238,905.4,669.3
21165,18045,763.6812040354517,622.1264991514238,905.4,669.3
21165,18046,763.6812040354517,622.1264991514238,905.4,669.3
21165,18047,763.6812040354517,622.1264991514238,905.4,669.3
21165,18048,763.6812040354517,622.1264991514238,905.4,669.3
21165,18049,763.6812040354517,622.1264991514238,905.4,669.3
21165,18050,763.6812040354517,622.1264991514238,905.4,669.3
21165,18051,763.6812040354517,622.1264991514238,905.4,669.3
21165,18052,763.6812040354517,622.1264991514238,905.4,669.3
21165,18053,763.6812040354517,622.1264991514238,905.4,669.3
21165,18054,763.6812040354517,622.1264991514238,905.4,669.3
21165,18055,763.6812040354517,622.1264991514238,905.4,669.3
21165,18056,763.6812040354517,622.1264991514238,905.4,669.3
21165,18057,763.6812040354517,622.1264991514238,905.4,669.3
21165,18058,763.6812040354517,622.1264991514238,905.4,669.3
21165,18059,763.6812040354517,622.1264991514238,905.4,669.3
21165,18060,763.6812040354517,622.1264991514238,905.4,669.3
21165,18061,763.6812040354517,622.1264991514238,905.4,669.3
21165,18062,763.6812040354517,622.1264991514238,905.4,669.3
21165,18063,763.6812040354517,622.1264991514238,905.4,669.3
21165,18064,763.6812040354517,622.1264991514238,905.4,669.3
21165,18065,763.6812040354517,622.1264991514238,905.4,669.3
21165,18066,763.6812040354517,622.1264991514238,905.4,669.3
21165,18067,763.6812040354517,622.1264991514238,905.4,669.3
21165,18068,763.6812040354517,622.1264991514238,905.4,669.3
21165,18069,763.6812040354517,622.1264991514238,905.4,669.3
21165,18070,763.6812040354517,622.1264991514238,905.4,669.3
21165,18071,763.6812040354517,622.1264991514238,905.4,669.3
21165,18072,763.6812040354517,622.1264991514238,905.4,669.3
21165,18073,763.6812040354517,622.1264991514238,905.4,669.3
21165,18074,763.6812040354517,622.1264991514238,905.4,669.3
21165,18075,763.6812040354517,622.1264991514238,905.4,669.3
21165,18076,763.6812040354517,622.1264991514238,905.4,669.3
21165,18077,763.6812040354517,622.1264991514238,905.4,669.3
21165,18078,763.6812040354517,622.1264991514238,905.4,669.3
21165,18079,763.6812040354517,622.1264991514238,905.4,669.3
21165,18080,763.6812040354517,622.1264991514238,905.4,669.3
21165,18081,763.6812040354517,622.1264991514238,905.4,669.3
21165,18082,763.6812040354517,622.1264991514238,905.4,669.3
21165,18083,763.6812040354517,622.1264991514238,905.4,669.3
21165,18084,763.6812040354517,622.1264991514238,905.4,669.3
21165,18085,763.6812040354517,622.1264991514238,905.4,669.3
21165,18086,763.6812040354517,622.1264991514238,905.4,669.3
21165,18087,763.6812040354517,622.1264991514238,905.4,669.3
21165,18088,763.6812040354517,622.1264991514238,905.4,669.3
21165,18089,763.6812040354517,622.1264991514238,905.4,669.3
21165,18090,763.6812040354517,622.1264991514238,905.4,669.3
21165,18091,763.6812040354517,622.1264991514238,905.4,669.3
21165,18092,763.6812040354517,622.1264991514238,905.4,669.3
21165,18093,763.6812040354517,622.1264991514238,905.4,669.3
21165,18094,763.6812040354517,622.1264991514238,905.4,669.3
21165,18095,763.6812040354517,622.1264991514238,905.4,669.3
21165,18096,763.6812040354517,622.1264991514238,905.4,669.3
21165,18097,699.6812040354517,635.1264991514238,905.4,669.3
21165,18098,699.6812040354517,635.1264991514238,905.4,669.3
21165,18099,699.6812040354517,635.1264991514238,905.4,669.3
21165,18100,699.6812040354517,635.1264991514238,905.4,669.3
21165,18101,699.6812040354517,635.1264991514238,905.4,669.3
21165,18102,699.6812040354517,635.1264991514238,905.4,669.3
21165,18103,699.6812040354517,635.1264991514238,905.4,669.3
21165,18104,699.6812040354517,635.1264991514238,905.4,669.3
21165,18105,699.6812040354517,635.1264991514238,905.4,669.3
21165,18106,699.6812040354517,635.1264991514238,905.4,669.3
21165,18107,699.6812040354517,635.1264991514238,905.4,669.3
21165,18108,699.6812040354517,635.1264991514238,905.4,669.3
21165,18109,699.6812040354517,635.1264991514238,905.4,669.3
21165,18110,699.6812040354517,635.1264991514238,905.4,669.3
21165,18111,699.6812040354517,635.1264991514238,905.4,669.3
21165,18112,699.6812040354517,635.1264991514238,905.4,669.3
21165,18113,699.6812040354517,635.1264991514238,905.4,669.3
21165,18114,699.6812040354517,635.1264991514238,905.4,669.3
21165,18115,699.6812040354517,635.1264991514238,905.4,669.3
21165,18116,699.6812040354517,635.1264991514238,905.4,669.3
21165,18117,699.6812040354517,635.1264991514238,905.4,669.3
21165,18118,699.6812040354517,635.1264991514238,905.4,669.3
21165,18119,699.6812040354517,635.1264991514238,905.4,669.3
21165,18120,699.6812040354517,635.1264991514238,905.4,669.3
21165,18121,699.6812040354517,635.1264991514238,905.4,669.3
21165,18122,699.6812040354517,635.1264991514238,905.4,669.3
21165,18123,699.6812040354517,635.1264991514238,905.4,669.3
21165,18124,699.6812040354517,635.1264991514238,905.4,669.3
21165,18125,699.6812040354517,635.1264991514238,905.4,669.3
21165,18126,699.6812040354517,635.1264991514238,905.4,669.3
21165,18127,699.6812040354517,635.1264991514238,905.4,669.3
21165,18128,699.6812040354517,635.1264991514238,905.4,669.3
21165,18129,699.6812040354517,635.1264991514238,905.4,669.3
21165,18130,699.6812040354517,635.1264991514238,905.4,669.3
21165,18131,699.6812040354517,635.1264991514238,905.4,669.3
21165,18132,699.6812040354517,635.1264991514238,905.4,669.3
21165,18133,699.6812040354517,635.1264991514238,905.4,669.3
21165,18134,699.6812040354517,635.1264991514238,905.4,669.3
21165,18135,699.6812040354517,635.1264991514238,905.4,669.3
21165,18136,699.6812040354517,635.1264991514238,905.4,669.3
21165,18137,699.6812040354517,635.1264991514238,905.4,669.3
21165,18138,634.6812040354517,648.1264991514238,905.4,669.3
21165,18139,634.6812040354517,648.1264991514238,905.4,669.3
21165,18140,634.6812040354517,648.1264991514238,905.4,669.3
21165,18141,634.6812040354517,648.1264991514238,905.4,669.3
21165,18142,634.6812040354517,648.1264991514238,905.4,669.3
21165,18143,634.6812040354517,648.1264991514238,905.4,669.3
21165,18144,634.6812040354517,648.1264991514238,905.4,669.3
21165,18145,634.6812040354517,648.1264991514238,905.4,669.3
21165,18146,634.6812040354517,648.1264991514238,905.4,669.3
21165,18147,634.6812040354517,648.1264991514238,905.4,669.3
21165,18148,634.6812040354517,648.1264991514238,905.4,669.3
21165,18149,634.6812040354517,648.1264991514238,905.4,669.3
21165,18150,634.6812040354517,648.1264991514238,905.4,669.3
21165,18151,634.6812040354517,648.1264991514238,905.4,669.3
21165,18152,634.6812040354517,648.1264991514238,905.4,669.3
21165,18153,634.6812040354517,648.1264991514238,905.4,669.3
21165,18154,634.6812040354517,648.1264991514238,905.4,669.3
21165,18155,634.6812040354517,648.1264991514238,905.4,669.3
21165,18156,634.6812040354517,648.1264991514238,905.4,669.3
21165,18157,634.6812040354517,648.1264991514238,905.4,669.3
21165,18158,634.6812040354517,648.1264991514238,905.4,669.3
21165,18159,634.6812040354517,648.1264991514238,905.4,669.3
21165,18160,634.6812040354517,648.1264991514238,905.4,669.3
21165,18161,634.6812040354517,648.1264991514238,905.4,669.3
21165,18162,634.6812040354517,648.1264991514238,905.4,669.3
21165,18163,634.6812040354517,648.1264991514238,905.4,669.3
21165,18164,634.6812040354517,648.1264991514238,905.4,669.3
21165,18165,634.6812040354517,648.1264991514238,905.4,669.3
21165,18166,634.6812040354517,648.1264991514238,905.4,669.3
21165,18167,634.6812040354517,648.1264991514238,905.4,669.3
21165,18168,634.6812040354517,648.1264991514238,905.4,669.3
21165,18169,634.6812040354517,648.1264991514238,905.4,669.3
21165,18170,634.6812040354517,648.1264991514238,905.4,669.3
21165,18171,634.6812040354517,648.1264991514238,905.4,669.3
21165,18172,634.6812040354517,648.1264991514238,905.4,669.3
21165,18173,634.6812040354517,648.1264991514238,905.4,669.3
21165,18174,634.6812040354517,648.1264991514238,905.4,669.3
21165,18175,634.6812040354517,648.1264991514238,905.4,669.3
21165,18176,634.6812040354517,648.1264991514238,905.4,669.3
21165,18177,634.6812040354517,648.1264991514238,905.4,669.3
21165,18178,634.6812040354517,648.1264991514238,905.4,669.3
21165,18179,634.6812040354517,648.1264991514238,905.4,669.3
21165,18180,634.6812040354517,648.1264991514238,905.4,669.3
21165,18181,634.6812040354517,648.1264991514238,905.4,669.3
21165,18182,634.6812040354517,648.1264991514238,905.4,669.3
21165,18183,634.6812040354517,648.1264991514238,905.4,669.3
21165,18184,634.6812040354517,648.1264991514238,905.4,669.3
21165,18185,634.6812040354517,648.1264991514238,905.4,669.3
21165,18186,634.6812040354517,648.1264991514238,905.4,669.3
21165,18187,634.6812040354517,648.1264991514238,905.4,669.3
21165,18188,634.6812040354517,648.1264991514238,905.4,669.3
21165,18189,634.6812040354517,648.1264991514238,905.4,669.3
21165,18190,634.6812040354517,648.1264991514238,905.4,669.3
21165,18191,634.6812040354517,648.1264991514238,905.4,669.3
21165,18192,634.6812040354517,648.1264991514238,905.4,669.3
21165,18193,634.6812040354517,648.1264991514238,905.4,669.3
21165,18194,634.6812040354517,648.1264991514238,905.4,669.3
21165,18195,634.6812040354517,648.1264991514238,905.4,669.3
21165,18196,634.6812040354517,648.1264991514238,905.4,669.3
21165,18197,634.6812040354517,648.1264991514238,905.4,669.3
21165,18198,634.6812040354517,648.1264991514238,905.4,669.3
21165,18199,634.6812040354517,648.1264991514238,905.4,669.3
21165,18200,634.6812040354517,648.1264991514238,905.4,669.3
21165,18201,634.6812040354517,648.1264991514238,905.4,669.3
21165,18202,634.6812040354517,648.1264991514238,905.4,669.3
21165,18203,634.6812040354517,648.1264991514238,905.4,669.3
21165,18204,634.6812040354517,648.1264991514238,905.4,669.3
21165,18205,634.6812040354517,648.1264991514238,905.4,669.3
21165,18206,634.6812040354517,648.1264991514238,905.4,669.3
21165,18207,634.6812040354517,648.1264991514238,905.4,669.3
21165,18208,634.6812040354517,648.1264991514238,905.4,669.3
21165,18209,634.6812040354517,648.1264991514238,905.4,669.3
21165,18210,634.6812040354517,648.1264991514238,905.4,669.3
21165,18211,634.6812040354517,648.1264991514238,905.4,669.3
21165,18212,634.6812040354517,648.1264991514238,905.4,669.3
21165,18213,634.6812040354517,648.1264991514238,905.4,669.3
21165,18214,634.6812040354517,648.1264991514238,905.4,669.3
21165,18215,634.6812040354517,648.1264991514238,905.4,669.3
21165,18216,634.6812040354517,648.1264991514238,905.4,669.3
21165,18217,634.6812040354517,648.1264991514238,905.4,669.3
21165,18218,634.6812040354517,648.1264991514238,905.4,669.3
21165,18219,634.6812040354517,648.1264991514238,905.4,669.3
21165,18220,634.6812040354517,648.1264991514238,905.4,669.3
21165,18221,634.6812040354517,648.1264991514238,905.4,669.3
21165,18222,634.6812040354517,648.1264991514238,905.4,669.3
21165,18223,634.6812040354517,648.1264991514238,905.4,669.3
21165,18224,634.6812040354517,648.1264991514238,905.4,669.3
21165,18225,634.6812040354517,648.1264991514238,905.4,669.3
21165,18226,634.6812040354517,648.1264991514238,905.4,669.3
21165,18227,634.6812040354517,648.1264991514238,905.4,669.3
21165,18228,634.6812040354517,648.1264991514238,905.4,669.3
21165,18229,634.6812040354517,648.1264991514238,905.4,669.3
21165,18230,775.6812040354517,499.12649915142373,905.4,669.3
21165,18231,775.6812040354517,499.12649915142373,905.4,669.3
21165,18232,775.6812040354517,499.12649915142373,905.4,669.3
21165,18233,775.6812040354517,499.12649915142373,905.4,669.3
21165,18234,775.6812040354517,499.12649915142373,905.4,669.3
21165,18235,775.6812040354517,499.12649915142373,905.4,669.3
21165,18236,775.6812040354517,499.12649915142373,905.4,669.3
21165,18237,775.6812040354517,499.12649915142373,905.4,669.3
21165,18238,775.6812040354517,499.12649915142373,905.4,669.3
21165,18239,775.6812040354517,499.12649915142373,905.4,669.3
21165,18240,775.6812040354517,499.12649915142373,905.4,669.3
21165,18241,775.6812040354517,499.12649915142373,905.4,669.3
21165,18242,775.6812040354517,499.12649915142373,905.4,669.3
21165,18243,775.6812040354517,499.12649915142373,905.4,669.3
21165,18244,775.6812040354517,499.12649915142373,905.4,669.3
21165,18245,775.6812040354517,499.12649915142373,905.4,669.3
21165,18246,775.6812040354517,499.12649915142373,905.4,669.3
21165,18247,775.6812040354517,499.12649915142373,905.4,669.3
21165,18248,775.6812040354517,499.12649915142373,905.4,669.3
21165,18249,775.6812040354517,499.12649915142373,905.4,669.3
21165,18250,775.6812040354517,499.12649915142373,905.4,669.3
21165,18251,775.6812040354517,499.12649915142373,905.4,669.3
21165,18252,775.6812040354517,499.12649915142373,905.4,669.3
21165,18253,775.6812040354517,499.12649915142373,905.4,669.3
21165,18254,775.6812040354517,499.12649915142373,905.4,669.3
21165,18255,775.6812040354517,499.12649915142373,905.4,669.3
21165,18256,775.6812040354517,499.12649915142373,905.4,669.3
21165,18257,775.6812040354517,499.12649915142373,905.4,669.3
21165,18258,775.6812040354517,499.12649915142373,905.4,669.3
21165,18259,775.6812040354517,499.12649915142373,905.4,669.3
21165,18260,775.6812040354517,499.12649915142373,905.4,669.3
21165,18261,775.6812040354517,499.12649915142373,905.4,669.3
21165,18262,775.6812040354517,499.12649915142373,905.4,669.3
21165,18263,775.6812040354517,499.12649915142373,905.4,669.3
21165,18264,775.6812040354517,499.12649915142373,905.4,669.3
21165,18265,775.6812040354517,499.12649915142373,905.4,669.3
21165,18266,775.6812040354517,499.12649915142373,905.4,669.3
21165,18267,775.6812040354517,499.12649915142373,905.4,669.3
21165,18268,775.6812040354517,499.12649915142373,905.4,669.3
21165,18269,775.6812040354517,499.12649915142373,905.4,669.3
21165,18270,775.6812040354517,499.12649915142373,905.4,669.3
21165,18271,915.6812040354517,351.12649915142373,905.4,669.3
21165,18272,915.6812040354517,351.12649915142373,905.4,669.3
21165,18273,915.6812040354517,351.12649915142373,905.4,669.3
21165,18274,915.6812040354517,351.12649915142373,905.4,669.3
21165,18275,915.6812040354517,351.12649915142373,905.4,669.3
21165,18276,915.6812040354517,351.12649915142373,905.4,669.3
21165,18277,915.6812040354517,351.12649915142373,905.4,669.3
21165,18278,915.6812040354517,351.12649915142373,905.4,669.3
21165,18279,915.6812040354517,351.12649915142373,905.4,669.3
21165,18280,915.6812040354517,351.12649915142373,905.4,669.3
21165,18281,915.6812040354517,351.12649915142373,905.4,669.3
21165,18282,915.6812040354517,351.12649915142373,905.4,669.3
21165,18283,915.6812040354517,351.12649915142373,905.4,669.3
21165,18284,915.6812040354517,351.12649915142373,905.4,669.3
21165,18285,915.6812040354517,351.12649915142373,905.4,669.3
21165,18286,915.6812040354517,351.12649915142373,905.4,669.3
21165,18287,915.6812040354517,351.12649915142373,905.4,669.3
21165,18288,915.6812040354517,351.12649915142373,905.4,669.3
21165,18289,915.6812040354517,351.12649915142373,905.4,669.3
21165,18290,915.6812040354517,351.12649915142373,905.4,669.3
21165,18291,915.6812040354517,351.12649915142373,905.4,669.3
21165,18292,915.6812040354517,351.12649915142373,905.4,669.3
21165,18293,915.6812040354517,351.12649915142373,905.4,669.3
21165,18294,915.6812040354517,351.12649915142373,905.4,669.3
21165,18295,915.6812040354517,351.12649915142373,905.4,669.3
21165,18296,915.6812040354517,351.12649915142373,905.4,669.3
21165,18297,915.6812040354517,351.12649915142373,905.4,669.3
21165,18298,915.6812040354517,351.12649915142373,905.4,669.3
21165,18299,915.6812040354517,351.12649915142373,905.4,669.3
21165,18300,915.6812040354517,351.12649915142373,905.4,669.3
21165,18301,915.6812040354517,351.12649915142373,905.4,669.3
21165,18302,915.6812040354517,351.12649915142373,905.4,669.3
21165,18303,915.6812040354517,351.12649915142373,905.4,669.3
21165,18304,915.6812040354517,351.12649915142373,905.4,669.3
21165,18305,915.6812040354517,351.12649915142373,905.4,669.3
21165,18306,915.6812040354517,351.12649915142373,905.4,669.3
21165,18307,915.6812040354517,351.12649915142373,905.4,669.3
21165,18308,915.6812040354517,351.12649915142373,905.4,669.3
21165,18309,915.6812040354517,351.12649915142373,905.4,669.3
21165,18310,915.6812040354517,351.12649915142373,905.4,669.3
21165,18311,915.6812040354517,351.12649915142373,905.4,669.3
21165,18312,915.6812040354517,351.12649915142373,905.4,669.3
21165,18313,915.6812040354517,351.12649915142373,905.4,669.3
21165,18314,915.6812040354517,351.12649915142373,905.4,669.3
21165,18315,915.6812040354517,351.12649915142373,905.4,669.3
21165,18316,915.6812040354517,351.12649915142373,905.4,669.3
21165,18317,915.6812040354517,351.12649915142373,905.4,669.3
21165,18318,915.6812040354517,351.12649915142373,905.4,669.3
21165,18319,915.6812040354517,351.12649915142373,905.4,669.3
21165,18320,915.6812040354517,351.12649915142373,905.4,669.3
21165,18321,915.6812040354517,351.12649915142373,905.4,669.3
21165,18322,915.6812040354517,351.12649915142373,905.4,669.3
21165,18323,915.6812040354517,351.12649915142373,905.4,669.3
21165,18324,915.6812040354517,351.12649915142373,905.4,669.3
21165,18325,915.6812040354517,351.12649915142373,905.4,669.3
21165,18326,915.6812040354517,351.12649915142373,905.4,669.3
21165,18327,915.6812040354517,351.12649915142373,905.4,669.3
21165,18328,915.6812040354517,351.12649915142373,905.4,669.3
21165,18329,915.6812040354517,351.12649915142373,905.4,669.3
21165,18330,915.6812040354517,351.12649915142373,905.4,669.3
21165,18331,915.6812040354517,351.12649915142373,905.4,669.3
21165,18332,915.6812040354517,351.12649915142373,905.4,669.3
21165,18333,915.6812040354517,351.12649915142373,905.4,669.3
21165,18334,915.6812040354517,351.12649915142373,905.4,669.3
21165,18335,915.6812040354517,351.12649915142373,905.4,669.3
21165,18336,915.6812040354517,351.12649915142373,905.4,669.3
21165,18337,915.6812040354517,351.12649915142373,905.4,669.3
21165,18338,915.6812040354517,351.12649915142373,905.4,669.3
21165,18339,915.6812040354517,351.12649915142373,905.4,669.3
21165,18340,915.6812040354517,351.12649915142373,905.4,669.3
21165,18341,915.6812040354517,351.12649915142373,905.4,669.3
21165,18342,915.6812040354517,351.12649915142373,905.4,669.3
21165,18343,915.6812040354517,351.12649915142373,905.4,669.3
21165,18344,915.6812040354517,351.12649915142373,905.4,669.3
21165,18345,915.6812040354517,351.12649915142373,905.4,669.3
21165,18346,915.6812040354517,351.12649915142373,905.4,669.3
21165,18347,915.6812040354517,351.12649915142373,905.4,669.3
21165,18348,915.6812040354517,351.12649915142373,905.4,669.3
21165,18349,915.6812040354517,351.12649915142373,905.4,669.3
21165,18350,915.6812040354517,351.12649915142373,905.4,669.3
21165,18351,915.6812040354517,351.12649915142373,905.4,669.3
21165,18352,915.6812040354517,351.12649915142373,905.4,669.3
21165,18353,915.6812040354517,351.12649915142373,905.4,669.3
21165,18354,915.6812040354517,351.12649915142373,905.4,669.3
21165,18355,915.6812040354517,351.12649915142373,905.4,669.3
21165,18356,915.6812040354517,351.12649915142373,905.4,669.3
21165,18357,915.6812040354517,351.12649915142373,905.4,669.3
21165,18358,915.6812040354517,351.12649915142373,905.4,669.3
21165,18359,915.6812040354517,351.12649915142373,905.4,669.3
21165,18360,915.6812040354517,351.12649915142373,905.4,669.3
21165,18361,915.6812040354517,351.12649915142373,905.4,669.3
21165,18362,915.6812040354517,351.12649915142373,905.4,669.3
21165,18363,915.6812040354517,351.12649915142373,905.4,669.3
21165,18364,1041.6812040354516,501.12649915142373,905.4,669.3
21165,18365,1041.6812040354516,501.12649915142373,905.4,669.3
21165,18366,1041.6812040354516,501.12649915142373,905.4,669.3
21165,18367,1041.6812040354516,501.12649915142373,905.4,669.3
21165,18368,1041.6812040354516,501.12649915142373,905.4,669.3
21165,18369,1041.6812040354516,501.12649915142373,905.4,669.3
21165,18370,1041.6812040354516,501.12649915142373,905.4,669.3
21165,18371,1041.6812040354516,501.12649915142373,905.4,669.3
21165,18372,1041.6812040354516,501.12649915142373,905.4,669.3
21165,18373,1041.6812040354516,501.12649915142373,905.4,669.3
21165,18374,1041.6812040354516,501.12649915142373,905.4,669.3
21165,18375,1041.6812040354516,501.12649915142373,905.4,669.3
21165,18376,1041.6812040354516,501.12649915142373,905.4,669.3
21165,18377,1041.6812040354516,501.12649915142373,905.4,669.3
21165,18378,1041.6812040354516,501.12649915142373,905.4,669.3
21165,18379,1041.6812040354516,501.12649915142373,905.4,669.3
21165,18380,1041.6812040354516,501.12649915142373,905.4,669.3
21165,18381,1041.6812040354516,501.12649915142373,905.4,669.3
21165,18382,1041.6812040354516,501.12649915142373,905.4,669.3
21165,18383,1041.6812040354516,501.12649915142373,905.4,669.3
21165,18384,1041.6812040354516,501.12649915142373,905.4,669.3
21165,18385,1041.6812040354516,501.12649915142373,905.4,669.3
21165,18386,1041.6812040354516,501.12649915142373,905.4,669.3
21165,18387,1041.6812040354516,501.12649915142373,905.4,669.3
21165,18388,1041.6812040354516,501.12649915142373,905.4,669.3
21165,18389,1041.6812040354516,501.12649915142373,905.4,669.3
21165,18390,1041.6812040354516,501.12649915142373,905.4,669.3
21165,18391,1041.6812040354516,501.12649915142373,905.4,669.3
21165,18392,1041.6812040354516,501.12649915142373,905.4,669.3
21165,18393,1041.6812040354516,501.12649915142373,905.4,669.3
21165,18394,1041.6812040354516,501.12649915142373,905.4,669.3
21165,18395,1041.6812040354516,501.12649915142373,905.4,669.3
21165,18396,1167.6812040354516,651.1264991514238,905.4,669.3
21165,18397,1167.6812040354516,651.1264991514238,905.4,669.3
21165,18398,1167.6812040354516,651.1264991514238,905.4,669.3
21165,18399,1167.6812040354516,651.1264991514238,905.4,669.3
21165,18400,1167.6812040354516,651.1264991514238,905.4,669.3
21165,18401,1167.6812040354516,651.1264991514238,905.4,669.3
21165,18402,1167.6812040354516,651.1264991514238,905.4,669.3
21165,18403,1167.6812040354516,651.1264991514238,905.4,669.3
21165,18404,1167.6812040354516,651.1264991514238,905.4,669.3
21165,18405,1167.6812040354516,651.1264991514238,905.4,669.3
21165,18406,1167.6812040354516,651.1264991514238,905.4,669.3
21165,18407,1167.6812040354516,651.1264991514238,905.4,669.3
21165,18408,1167.6812040354516,651.1264991514238,905.4,669.3
21165,18409,1167.6812040354516,651.1264991514238,905.4,669.3
21165,18410,1167.6812040354516,651.1264991514238,905.4,669.3
21165,18411,1167.6812040354516,651.1264991514238,905.4,669.3
21165,18412,1167.6812040354516,651.1264991514238,905.4,669.3
21165,18413,1167.6812040354516,651.1264991514238,905.4,669.3
21165,18414,1167.6812040354516,651.1264991514238,905.4,669.3
21165,18415,1167.6812040354516,651.1264991514238,905.4,669.3
21165,18416,1167.6812040354516,651.1264991514238,905.4,669.3
21165,18417,1167.6812040354516,651.1264991514238,905.4,669.3
21165,18418,1167.6812040354516,651.1264991514238,905.4,669.3
21165,18419,1167.6812040354516,651.1264991514238,905.4,669.3
21165,18420,1167.6812040354516,651.1264991514238,905.4,669.3
21165,18421,1167.6812040354516,651.1264991514238,905.4,669.3
21165,18422,1167.6812040354516,651.1264991514238,905.4,669.3
21165,18423,1167.6812040354516,651.1264991514238,905.4,669.3
21165,18424,1167.6812040354516,651.1264991514238,905.4,669.3
21165,18425,1167.6812040354516,651.1264991514238,905.4,669.3
21165,18426,1167.6812040354516,651.1264991514238,905.4,669.3
21165,18427,1167.6812040354516,651.1264991514238,905.4,669.3
21165,18428,1167.6812040354516,651.1264991514238,905.4,669.3
21165,18429,1167.6812040354516,651.1264991514238,905.4,669.3
21165,18430,1167.6812040354516,651.1264991514238,905.4,669.3
21165,18431,1167.6812040354516,651.1264991514238,905.4,669.3
21165,18432,1167.6812040354516,651.1264991514238,905.4,669.3
21165,18433,1167.6812040354516,651.1264991514238,905.4,669.3
21165,18434,1167.6812040354516,651.1264991514238,905.4,669.3
21165,18435,1167.6812040354516,651.1264991514238,905.4,669.3
21165,18436,1167.6812040354516,651.1264991514238,905.4,669.3
21165,18437,1167.6812040354516,651.1264991514238,905.4,669.3
21165,18438,1167.6812040354516,651.1264991514238,905.4,669.3
21165,18439,1167.6812040354516,651.1264991514238,905.4,669.3
21165,18440,1167.6812040354516,651.1264991514238,905.4,669.3
21165,18441,1167.6812040354516,651.1264991514238,905.4,669.3
21165,18442,1167.6812040354516,651.1264991514238,905.4,669.3
21165,18443,1167.6812040354516,651.1264991514238,905.4,669.3
21165,18444,1167.6812040354516,651.1264991514238,905.4,669.3
21165,18445,1167.6812040354516,651.1264991514238,905.4,669.3
21165,18446,1167.6812040354516,651.1264991514238,905.4,669.3
21165,18447,1167.6812040354516,651.1264991514238,905.4,669.3
21165,18448,1167.6812040354516,651.1264991514238,905.4,669.3
21165,18449,1167.6812040354516,651.1264991514238,905.4,669.3
21165,18450,1167.6812040354516,651.1264991514238,905.4,669.3
21165,18451,1167.6812040354516,651.1264991514238,905.4,669.3
21165,18452,1167.6812040354516,651.1264991514238,905.4,669.3
21165,18453,1167.6812040354516,651.1264991514238,905.4,669.3
21165,18454,1167.6812040354516,651.1264991514238,905.4,669.3
21165,18455,1167.6812040354516,651.1264991514238,905.4,669.3
21165,18456,1167.6812040354516,651.1264991514238,905.4,669.3
21165,18457,1167.6812040354516,651.1264991514238,905.4,669.3
21165,18458,1167.6812040354516,651.1264991514238,905.4,669.3
21165,18459,1167.6812040354516,651.1264991514238,905.4,669.3
21165,18460,1167.6812040354516,651.1264991514238,905.4,669.3
21165,18461,1167.6812040354516,651.1264991514238,905.4,669.3
21165,18462,1167.6812040354516,651.1264991514238,905.4,669.3
21165,18463,1167.6812040354516,651.1264991514238,905.4,669.3
21165,18464,1167.6812040354516,651.1264991514238,905.4,669.3
21165,18465,1167.6812040354516,651.1264991514238,905.4,669.3
21165,18466,1167.6812040354516,651.1264991514238,905.4,669.3
21165,18467,1167.6812040354516,651.1264991514238,905.4,669.3
21165,18468,1167.6812040354516,651.1264991514238,905.4,669.3
21165,18469,1167.6812040354516,651.1264991514238,905.4,669.3
21165,18470,1167.6812040354516,651.1264991514238,905.4,669.3
21165,18471,1167.6812040354516,651.1264991514238,905.4,669.3
21165,18472,1167.6812040354516,651.1264991514238,905.4,669.3
21165,18473,1167.6812040354516,651.1264991514238,905.4,669.3
21165,18474,1167.6812040354516,651.1264991514238,905.4,669.3
21165,18475,1167.6812040354516,651.1264991514238,905.4,669.3
21165,18476,1167.6812040354516,651.1264991514238,905.4,669.3
21165,18477,1167.6812040354516,651.1264991514238,905.4,669.3
21165,18478,1167.6812040354516,651.1264991514238,905.4,669.3
21165,18479,1167.6812040354516,651.1264991514238,905.4,669.3
21165,18480,1167.6812040354516,651.1264991514238,905.4,669.3
21165,18481,1167.6812040354516,651.1264991514238,905.4,669.3
21165,18482,1167.6812040354516,651.1264991514238,905.4,669.3
21165,18483,1167.6812040354516,651.1264991514238,905.4,669.3
21165,18484,1167.6812040354516,651.1264991514238,905.4,669.3
21165,18485,1167.6812040354516,651.1264991514238,905.4,669.3
21165,18486,1167.6812040354516,651.1264991514238,905.4,669.3
21165,18487,1167.6812040354516,651.1264991514238,905.4,669.3
21165,18488,1167.6812040354516,651.1264991514238,905.4,669.3
21165,18489,1167.6812040354516,651.1264991514238,905.4,669.3
21165,18490,1167.6812040354516,651.1264991514238,905.4,669.3
21165,18491,1167.6812040354516,651.1264991514238,905.4,669.3
21165,18492,1167.6812040354516,651.1264991514238,905.4,669.3
21165,18493,1167.6812040354516,651.1264991514238,905.4,669.3
21165,18494,1167.6812040354516,651.1264991514238,905.4,669.3
21165,18495,1167.6812040354516,651.1264991514238,905.4,669.3
21165,18496,1167.6812040354516,651.1264991514238,905.4,669.3
21165,18497,1167.6812040354516,651.1264991514238,905.4,669.3
21165,18498,1167.6812040354516,651.1264991514238,905.4,669.3
21165,18499,1167.6812040354516,651.1264991514238,905.4,669.3
21165,18500,1167.6812040354516,651.1264991514238,905.4,669.3
21165,18501,1167.6812040354516,651.1264991514238,905.4,669.3
21165,18502,1167.6812040354516,651.1264991514238,905.4,669.3
21165,18503,1167.6812040354516,651.1264991514238,905.4,669.3
21165,18504,1167.6812040354516,651.1264991514238,905.4,669.3
21165,18505,1167.6812040354516,651.1264991514238,905.4,669.3
21165,18506,1167.6812040354516,651.1264991514238,905.4,669.3
21165,18507,1167.6812040354516,651.1264991514238,905.4,669.3
21165,18508,1167.6812040354516,651.1264991514238,905.4,669.3
21165,18509,1167.6812040354516,651.1264991514238,905.4,669.3
21165,18510,1167.6812040354516,651.1264991514238,905.4,669.3
21165,18511,1167.6812040354516,651.1264991514238,905.4,669.3
21165,18512,1167.6812040354516,651.1264991514238,905.4,669.3
21165,18513,1167.6812040354516,651.1264991514238,905.4,669.3
21165,18514,1167.6812040354516,651.1264991514238,905.4,669.3
21165,18515,1167.6812040354516,651.1264991514238,905.4,669.3
21165,18516,1167.6812040354516,651.1264991514238,905.4,669.3
21165,18517,1167.6812040354516,651.1264991514238,905.4,669.3
21165,18518,1167.6812040354516,651.1264991514238,905.4,669.3
21165,18519,1167.6812040354516,651.1264991514238,905.4,669.3
21165,18520,1167.6812040354516,651.1264991514238,905.4,669.3
21165,18521,1167.6812040354516,651.1264991514238,905.4,669.3
21165,18522,1167.6812040354516,651.1264991514238,905.4,669.3
21165,18523,1167.6812040354516,651.1264991514238,905.4,669.3
21165,18524,1167.6812040354516,651.1264991514238,905.4,669.3
21165,18525,1167.6812040354516,651.1264991514238,905.4,669.3
21165,18526,1167.6812040354516,651.1264991514238,905.4,669.3
21165,18527,1167.6812040354516,651.1264991514238,905.4,669.3
21165,18528,1167.6812040354516,651.1264991514238,905.4,669.3
21165,18529,1167.6812040354516,651.1264991514238,905.4,669.3
21165,18530,1054.6812040354516,645.1264991514238,905.4,669.3
21165,18531,1054.6812040354516,645.1264991514238,905.4,669.3
21165,18532,1054.6812040354516,645.1264991514238,905.4,669.3
21165,18533,1054.6812040354516,645.1264991514238,905.4,669.3
21165,18534,1054.6812040354516,645.1264991514238,905.4,669.3
21165,18535,1054.6812040354516,645.1264991514238,905.4,669.3
21165,18536,1054.6812040354516,645.1264991514238,905.4,669.3
21165,18537,1054.6812040354516,645.1264991514238,905.4,669.3
21165,18538,1054.6812040354516,645.1264991514238,905.4,669.3
21165,18539,1054.6812040354516,645.1264991514238,905.4,669.3
21165,18540,1054.6812040354516,645.1264991514238,905.4,669.3
21165,18541,1054.6812040354516,645.1264991514238,905.4,669.3
21165,18542,1054.6812040354516,645.1264991514238,905.4,669.3
21165,18543,1054.6812040354516,645.1264991514238,905.4,669.3
21165,18544,1054.6812040354516,645.1264991514238,905.4,669.3
21165,18545,1054.6812040354516,645.1264991514238,905.4,669.3
21165,18546,1054.6812040354516,645.1264991514238,905.4,669.3
21165,18547,1054.6812040354516,645.1264991514238,905.4,669.3
21165,18548,1054.6812040354516,645.1264991514238,905.4,669.3
21165,18549,1054.6812040354516,645.1264991514238,905.4,669.3
21165,18550,1054.6812040354516,645.1264991514238,905.4,669.3
21165,18551,1054.6812040354516,645.1264991514238,905.4,669.3
21165,18552,1054.6812040354516,645.1264991514238,905.4,669.3
21165,18553,1054.6812040354516,645.1264991514238,905.4,669.3
21165,18554,1054.6812040354516,645.1264991514238,905.4,669.3
21165,18555,1054.6812040354516,645.1264991514238,905.4,669.3
21165,18556,1054.6812040354516,645.1264991514238,905.4,669.3
21165,18557,1054.6812040354516,645.1264991514238,905.4,669.3
21165,18558,1054.6812040354516,645.1264991514238,905.4,669.3
21165,18559,1054.6812040354516,645.1264991514238,905.4,669.3
21165,18560,1054.6812040354516,645.1264991514238,905.4,669.3
21165,18561,1054.6812040354516,645.1264991514238,905.4,669.3
21165,18562,1054.6812040354516,645.1264991514238,905.4,669.3
21165,18563,1054.6812040354516,645.1264991514238,905.4,669.3
21165,18564,941.6812040354517,639.1264991514238,905.4,669.3
21165,18565,941.6812040354517,639.1264991514238,905.4,669.3
21165,18566,941.6812040354517,639.1264991514238,905.4,669.3
21165,18567,941.6812040354517,639.1264991514238,905.4,669.3
21165,18568,941.6812040354517,639.1264991514238,905.4,669.3
21165,18569,941.6812040354517,639.1264991514238,905.4,669.3
21165,18570,941.6812040354517,639.1264991514238,905.4,669.3
21165,18571,941.6812040354517,639.1264991514238,905.4,669.3
21165,18572,941.6812040354517,639.1264991514238,905.4,669.3
21165,18573,941.6812040354517,639.1264991514238,905.4,669.3
21165,18574,941.6812040354517,639.1264991514238,905.4,669.3
21165,18575,941.6812040354517,639.1264991514238,905.4,669.3
21165,18576,941.6812040354517,639.1264991514238,905.4,669.3
21165,18577,941.6812040354517,639.1264991514238,905.4,669.3
21165,18578,941.6812040354517,639.1264991514238,905.4,669.3
21165,18579,941.6812040354517,639.1264991514238,905.4,669.3
21165,18580,941.6812040354517,639.1264991514238,905.4,669.3
21165,18581,941.6812040354517,639.1264991514238,905.4,669.3
21165,18582,941.6812040354517,639.1264991514238,905.4,669.3
21165,18583,941.6812040354517,639.1264991514238,905.4,669.3
21165,18584,941.6812040354517,639.1264991514238,905.4,669.3
21165,18585,941.6812040354517,639.1264991514238,905.4,669.3
21165,18586,941.6812040354517,639.1264991514238,905.4,669.3
21165,18587,941.6812040354517,639.1264991514238,905.4,669.3
21165,18588,941.6812040354517,639.1264991514238,905.4,669.3
21165,18589,941.6812040354517,639.1264991514238,905.4,669.3
21165,18590,941.6812040354517,639.1264991514238,905.4,669.3
21165,18591,941.6812040354517,639.1264991514238,905.4,669.3
21165,18592,941.6812040354517,639.1264991514238,905.4,669.3
21165,18593,941.6812040354517,639.1264991514238,905.4,669.3
21165,18594,941.6812040354517,639.1264991514238,905.4,669.3
21165,18595,941.6812040354517,639.1264991514238,905.4,669.3
21165,18596,941.6812040354517,639.1264991514238,905.4,669.3
21165,18597,941.6812040354517,639.1264991514238,905.4,669.3
21165,18598,941.6812040354517,639.1264991514238,905.4,669.3
21165,18599,941.6812040354517,639.1264991514238,905.4,669.3
21165,18600,941.6812040354517,639.1264991514238,905.4,669.3
21165,18601,941.6812040354517,639.1264991514238,905.4,669.3
21165,18602,941.6812040354517,639.1264991514238,905.4,669.3
21165,18603,941.6812040354517,639.1264991514238,905.4,669.3
21165,18604,941.6812040354517,639.1264991514238,905.4,669.3
21165,18605,941.6812040354517,639.1264991514238,905.4,669.3
21165,18606,941.6812040354517,639.1264991514238,905.4,669.3
21165,18607,941.6812040354517,639.1264991514238,905.4,669.3
21165,18608,941.6812040354517,639.1264991514238,905.4,669.3
21165,18609,941.6812040354517,639.1264991514238,905.4,669.3
21165,18610,941.6812040354517,639.1264991514238,905.4,669.3
21165,18611,941.6812040354517,639.1264991514238,905.4,669.3
21165,18612,941.6812040354517,639.1264991514238,905.4,669.3
21165,18613,941.6812040354517,639.1264991514238,905.4,669.3
21165,18614,941.6812040354517,639.1264991514238,905.4,669.3
21165,18615,941.6812040354517,639.1264991514238,905.4,669.3
21165,18616,941.6812040354517,639.1264991514238,905.4,669.3
21165,18617,941.6812040354517,639.1264991514238,905.4,669.3
21165,18618,941.6812040354517,639.1264991514238,905.4,669.3
21165,18619,941.6812040354517,639.1264991514238,905.4,669.3
21165,18620,941.6812040354517,639.1264991514238,905.4,669.3
21165,18621,941.6812040354517,639.1264991514238,905.4,669.3
21165,18622,941.6812040354517,639.1264991514238,905.4,669.3
21165,18623,941.6812040354517,639.1264991514238,905.4,669.3
21165,18624,941.6812040354517,639.1264991514238,905.4,669.3
21165,18625,941.6812040354517,639.1264991514238,905.4,669.3
21165,18626,941.6812040354517,639.1264991514238,905.4,669.3
21165,18627,941.6812040354517,639.1264991514238,905.4,669.3
21165,18628,941.6812040354517,639.1264991514238,905.4,669.3
21165,18629,941.6812040354517,639.1264991514238,905.4,669.3
21165,18630,941.6812040354517,639.1264991514238,905.4,669.3
21165,18631,941.6812040354517,639.1264991514238,905.4,669.3
21165,18632,941.6812040354517,639.1264991514238,905.4,669.3
21165,18633,941.6812040354517,639.1264991514238,905.4,669.3
21165,18634,941.6812040354517,639.1264991514238,905.4,669.3
21165,18635,941.6812040354517,639.1264991514238,905.4,669.3
21165,18636,941.6812040354517,639.1264991514238,905.4,669.3
21165,18637,941.6812040354517,639.1264991514238,905.4,669.3
21165,18638,941.6812040354517,639.1264991514238,905.4,669.3
21165,18639,941.6812040354517,639.1264991514238,905.4,669.3
21165,18640,941.6812040354517,639.1264991514238,905.4,669.3
21165,18641,941.6812040354517,639.1264991514238,905.4,669.3
21165,18642,941.6812040354517,639.1264991514238,905.4,669.3
21165,18643,941.6812040354517,639.1264991514238,905.4,669.3
21165,18644,941.6812040354517,639.1264991514238,905.4,669.3
21165,18645,941.6812040354517,639.1264991514238,905.4,669.3
21165,18646,941.6812040354517,639.1264991514238,905.4,669.3
21165,18647,941.6812040354517,639.1264991514238,905.4,669.3
21165,18648,941.6812040354517,639.1264991514238,905.4,669.3
21165,18649,941.6812040354517,639.1264991514238,905.4,669.3
21165,18650,941.6812040354517,639.1264991514238,905.4,669.3
21165,18651,941.6812040354517,639.1264991514238,905.4,669.3
21165,18652,941.6812040354517,639.1264991514238,905.4,669.3
21165,18653,941.6812040354517,639.1264991514238,905.4,669.3
21165,18654,941.6812040354517,639.1264991514238,905.4,669.3
21165,18655,941.6812040354517,639.1264991514238,905.4,669.3
21165,18656,941.6812040354517,639.1264991514238,905.4,669.3
21165,18657,941.6812040354517,639.1264991514238,905.4,669.3
21165,18658,941.6812040354517,639.1264991514238,905.4,669.3
21165,18659,941.6812040354517,639.1264991514238,905.4,669.3
21165,18660,941.6812040354517,639.1264991514238,905.4,669.3
21165,18661,941.6812040354517,639.1264991514238,905.4,669.3
21165,18662,941.6812040354517,639.1264991514238,905.4,669.3
21165,18663,941.6812040354517,639.1264991514238,905.4,669.3
21165,18664,941.6812040354517,639.1264991514238,905.4,669.3
21165,18665,941.6812040354517,639.1264991514238,905.4,669.3
21165,18666,941.6812040354517,639.1264991514238,905.4,669.3
21165,18667,941.6812040354517,639.1264991514238,905.4,669.3
21165,18668,941.6812040354517,639.1264991514238,905.4,669.3
21165,18669,941.6812040354517,639.1264991514238,905.4,669.3
21165,18670,941.6812040354517,639.1264991514238,905.4,669.3
21165,18671,941.6812040354517,639.1264991514238,905.4,669.3
21165,18672,941.6812040354517,639.1264991514238,905.4,669.3
21165,18673,941.6812040354517,639.1264991514238,905.4,669.3
21165,18674,941.6812040354517,639.1264991514238,905.4,669.3
21165,18675,941.6812040354517,639.1264991514238,905.4,669.3
21165,18676,941.6812040354517,639.1264991514238,905.4,669.3
21165,18677,941.6812040354517,639.1264991514238,905.4,669.3
21165,18678,941.6812040354517,639.1264991514238,905.4,669.3
21165,18679,941.6812040354517,639.1264991514238,905.4,669.3
21165,18680,941.6812040354517,639.1264991514238,905.4,669.3
21165,18681,941.6812040354517,639.1264991514238,905.4,669.3
21165,18682,941.6812040354517,639.1264991514238,905.4,669.3
21165,18683,941.6812040354517,639.1264991514238,905.4,669.3
21165,18684,941.6812040354517,639.1264991514238,905.4,669.3
21165,18685,941.6812040354517,639.1264991514238,905.4,669.3
21165,18686,941.6812040354517,639.1264991514238,905.4,669.3
21165,18687,941.6812040354517,639.1264991514238,905.4,669.3
21165,18688,941.6812040354517,639.1264991514238,905.4,669.3
21165,18689,941.6812040354517,639.1264991514238,905.4,669.3
21165,18690,941.6812040354517,639.1264991514238,905.4,669.3
21165,18691,941.6812040354517,639.1264991514238,905.4,669.3
21165,18692,941.6812040354517,639.1264991514238,905.4,669.3
21165,18693,941.6812040354517,639.1264991514238,905.4,669.3
21165,18694,941.6812040354517,639.1264991514238,905.4,669.3
21165,18695,941.6812040354517,639.1264991514238,905.4,669.3
21165,18696,941.6812040354517,639.1264991514238,905.4,669.3
21165,18697,941.6812040354517,639.1264991514238,905.4,669.3
21165,18698,941.6812040354517,639.1264991514238,905.4,669.3
21165,18699,941.6812040354517,639.1264991514238,905.4,669.3
21165,18700,941.6812040354517,639.1264991514238,905.4,669.3
21165,18701,941.6812040354517,639.1264991514238,905.4,669.3
21165,18702,941.6812040354517,639.1264991514238,905.4,669.3
21165,18703,941.6812040354517,639.1264991514238,905.4,669.3
21165,18704,941.6812040354517,639.1264991514238,905.4,669.3
21165,18705,941.6812040354517,639.1264991514238,905.4,669.3
21165,18706,941.6812040354517,639.1264991514238,905.4,669.3
21165,18707,941.6812040354517,639.1264991514238,905.4,669.3
21165,18708,941.6812040354517,639.1264991514238,905.4,669.3
21165,18709,941.6812040354517,639.1264991514238,905.4,669.3
21165,18710,941.6812040354517,639.1264991514238,905.4,669.3
21165,18711,941.6812040354517,639.1264991514238,905.4,669.3
21165,18712,941.6812040354517,639.1264991514238,905.4,669.3
21165,18713,941.6812040354517,639.1264991514238,905.4,669.3
21165,18714,941.6812040354517,639.1264991514238,905.4,669.3
21165,18715,941.6812040354517,639.1264991514238,905.4,669.3
21165,18716,941.6812040354517,639.1264991514238,905.4,669.3
21165,18717,941.6812040354517,639.1264991514238,905.4,669.3
21165,18718,941.6812040354517,639.1264991514238,905.4,669.3
21165,18719,941.6812040354517,639.1264991514238,905.4,669.3
21165,18720,941.6812040354517,639.1264991514238,905.4,669.3
21165,18721,941.6812040354517,639.1264991514238,905.4,669.3
21165,18722,941.6812040354517,639.1264991514238,905.4,669.3
21165,18723,941.6812040354517,639.1264991514238,905.4,669.3
21165,18724,941.6812040354517,639.1264991514238,905.4,669.3
21165,18725,941.6812040354517,639.1264991514238,905.4,669.3
21165,18726,941.6812040354517,639.1264991514238,905.4,669.3
21165,18727,941.6812040354517,639.1264991514238,905.4,669.3
21165,18728,941.6812040354517,639.1264991514238,905.4,669.3
21165,18729,941.6812040354517,639.1264991514238,905.4,669.3
21165,18730,941.6812040354517,639.1264991514238,905.4,669.3
21165,18731,941.6812040354517,639.1264991514238,905.4,669.3
21165,18732,941.6812040354517,639.1264991514238,905.4,669.3
21165,18733,941.6812040354517,639.1264991514238,905.4,669.3
21165,18734,941.6812040354517,639.1264991514238,905.4,669.3
21165,18735,941.6812040354517,639.1264991514238,905.4,669.3
21165,18736,941.6812040354517,639.1264991514238,905.4,669.3
21165,18737,941.6812040354517,639.1264991514238,905.4,669.3
21165,18738,941.6812040354517,639.1264991514238,905.4,669.3
21165,18739,941.6812040354517,639.1264991514238,905.4,669.3
21165,18740,941.6812040354517,639.1264991514238,905.4,669.3
21165,18741,941.6812040354517,639.1264991514238,905.4,669.3
21165,18742,941.6812040354517,639.1264991514238,905.4,669.3
21165,18743,941.6812040354517,639.1264991514238,905.4,669.3
21165,18744,941.6812040354517,639.1264991514238,905.4,669.3
21165,18745,941.6812040354517,639.1264991514238,905.4,669.3
21165,18746,941.6812040354517,639.1264991514238,905.4,669.3
21165,18747,941.6812040354517,639.1264991514238,905.4,669.3
21165,18748,941.6812040354517,639.1264991514238,905.4,669.3
21165,18749,941.6812040354517,639.1264991514238,905.4,669.3
21165,18750,941.6812040354517,639.1264991514238,905.4,669.3
21165,18751,941.6812040354517,639.1264991514238,905.4,669.3
21165,18752,941.6812040354517,639.1264991514238,905.4,669.3
21165,18753,941.6812040354517,639.1264991514238,905.4,669.3
21165,18754,941.6812040354517,639.1264991514238,905.4,669.3
21165,18755,941.6812040354517,639.1264991514238,905.4,669.3
21165,18756,941.6812040354517,639.1264991514238,905.4,669.3
21165,18757,941.6812040354517,639.1264991514238,905.4,669.3
21165,18758,941.6812040354517,639.1264991514238,905.4,669.3
21165,18759,941.6812040354517,639.1264991514238,905.4,669.3
21165,18760,941.6812040354517,639.1264991514238,905.4,669.3
21165,18761,941.6812040354517,639.1264991514238,905.4,669.3
21165,18762,941.6812040354517,639.1264991514238,905.4,669.3
21165,18763,941.6812040354517,639.1264991514238,905.4,669.3
21165,18764,941.6812040354517,639.1264991514238,905.4,669.3
21165,18765,941.6812040354517,639.1264991514238,905.4,669.3
21165,18766,941.6812040354517,639.1264991514238,905.4,669.3
21165,18767,941.6812040354517,639.1264991514238,905.4,669.3
21165,18768,941.6812040354517,639.1264991514238,905.4,669.3
21165,18769,941.6812040354517,639.1264991514238,905.4,669.3
21165,18770,941.6812040354517,639.1264991514238,905.4,669.3
21165,18771,941.6812040354517,639.1264991514238,905.4,669.3
21165,18772,941.6812040354517,639.1264991514238,905.4,669.3
21165,18773,941.6812040354517,639.1264991514238,905.4,669.3
21165,18774,941.6812040354517,639.1264991514238,905.4,669.3
21165,18775,941.6812040354517,639.1264991514238,905.4,669.3
21165,18776,941.6812040354517,639.1264991514238,905.4,669.3
21165,18777,941.6812040354517,639.1264991514238,905.4,669.3
21165,18778,941.6812040354517,639.1264991514238,905.4,669.3
21165,18779,941.6812040354517,639.1264991514238,905.4,669.3
21165,18780,941.6812040354517,639.1264991514238,905.4,669.3
21165,18781,941.6812040354517,639.1264991514238,905.4,669.3
21165,18782,941.6812040354517,639.1264991514238,905.4,669.3
21165,18783,941.6812040354517,639.1264991514238,905.4,669.3
21165,18784,941.6812040354517,639.1264991514238,905.4,669.3
21165,18785,941.6812040354517,639.1264991514238,905.4,669.3
21165,18786,941.6812040354517,639.1264991514238,905.4,669.3
21165,18787,941.6812040354517,639.1264991514238,905.4,669.3
21165,18788,941.6812040354517,639.1264991514238,905.4,669.3
21165,18789,941.6812040354517,639.1264991514238,905.4,669.3
21165,18790,941.6812040354517,639.1264991514238,905.4,669.3
21165,18791,941.6812040354517,639.1264991514238,905.4,669.3
21165,18792,941.6812040354517,639.1264991514238,905.4,669.3
21165,18793,941.6812040354517,639.1264991514238,905.4,669.3
21165,18794,941.6812040354517,639.1264991514238,905.4,669.3
21165,18795,941.6812040354517,639.1264991514238,905.4,669.3
21165,18796,941.6812040354517,639.1264991514238,905.4,669.3
21165,18797,809.6812040354517,633.1264991514238,905.4,669.3
21165,18798,809.6812040354517,633.1264991514238,905.4,669.3
21165,18799,809.6812040354517,633.1264991514238,905.4,669.3
21165,18800,809.6812040354517,633.1264991514238,905.4,669.3
21165,18801,809.6812040354517,633.1264991514238,905.4,669.3
21165,18802,809.6812040354517,633.1264991514238,905.4,669.3
21165,18803,809.6812040354517,633.1264991514238,905.4,669.3
21165,18804,809.6812040354517,633.1264991514238,905.4,669.3
21165,18805,809.6812040354517,633.1264991514238,905.4,669.3
21165,18806,809.6812040354517,633.1264991514238,905.4,669.3
21165,18807,809.6812040354517,633.1264991514238,905.4,669.3
21165,18808,809.6812040354517,633.1264991514238,905.4,669.3
21165,18809,809.6812040354517,633.1264991514238,905.4,669.3
21165,18810,809.6812040354517,633.1264991514238,905.4,669.3
21165,18811,809.6812040354517,633.1264991514238,905.4,669.3
21165,18812,809.6812040354517,633.1264991514238,905.4,669.3
21165,18813,809.6812040354517,633.1264991514238,905.4,669.3
21165,18814,809.6812040354517,633.1264991514238,905.4,669.3
21165,18815,809.6812040354517,633.1264991514238,905.4,669.3
21165,18816,809.6812040354517,633.1264991514238,905.4,669.3
21165,18817,809.6812040354517,633.1264991514238,905.4,669.3
21165,18818,809.6812040354517,633.1264991514238,905.4,669.3
21165,18819,809.6812040354517,633.1264991514238,905.4,669.3
21165,18820,809.6812040354517,633.1264991514238,905.4,669.3
21165,18821,809.6812040354517,633.1264991514238,905.4,669.3
21165,18822,809.6812040354517,633.1264991514238,905.4,669.3
21165,18823,809.6812040354517,633.1264991514238,905.4,669.3
21165,18824,809.6812040354517,633.1264991514238,905.4,669.3
21165,18825,809.6812040354517,633.1264991514238,905.4,669.3
21165,18826,809.6812040354517,633.1264991514238,905.4,669.3
21165,18827,809.6812040354517,633.1264991514238,905.4,669.3
21165,18828,809.6812040354517,633.1264991514238,905.4,669.3
21165,18829,809.6812040354517,633.1264991514238,905.4,669.3
21165,18830,809.6812040354517,633.1264991514238,905.4,669.3
21165,18831,809.6812040354517,633.1264991514238,905.4,669.3
21165,18832,809.6812040354517,633.1264991514238,905.4,669.3
21165,18833,809.6812040354517,633.1264991514238,905.4,669.3
21165,18834,809.6812040354517,633.1264991514238,905.4,669.3
21165,18835,809.6812040354517,633.1264991514238,905.4,669.3
21165,18836,809.6812040354517,633.1264991514238,905.4,669.3
21165,18837,809.6812040354517,633.1264991514238,905.4,669.3
21165,18838,809.6812040354517,633.1264991514238,905.4,669.3
21165,18839,809.6812040354517,633.1264991514238,905.4,669.3
21165,18840,809.6812040354517,633.1264991514238,905.4,669.3
21165,18841,809.6812040354517,633.1264991514238,905.4,669.3
21165,18842,809.6812040354517,633.1264991514238,905.4,669.3
21165,18843,809.6812040354517,633.1264991514238,905.4,669.3
21165,18844,809.6812040354517,633.1264991514238,905.4,669.3
21165,18845,809.6812040354517,633.1264991514238,905.4,669.3
21165,18846,809.6812040354517,633.1264991514238,905.4,669.3
21165,18847,809.6812040354517,633.1264991514238,905.4,669.3
21165,18848,809.6812040354517,633.1264991514238,905.4,669.3
21165,18849,809.6812040354517,633.1264991514238,905.4,669.3
21165,18850,809.6812040354517,633.1264991514238,905.4,669.3
21165,18851,809.6812040354517,633.1264991514238,905.4,669.3
21165,18852,809.6812040354517,633.1264991514238,905.4,669.3
21165,18853,809.6812040354517,633.1264991514238,905.4,669.3
21165,18854,809.6812040354517,633.1264991514238,905.4,669.3
21165,18855,809.6812040354517,633.1264991514238,905.4,669.3
21165,18856,809.6812040354517,633.1264991514238,905.4,669.3
21165,18857,809.6812040354517,633.1264991514238,905.4,669.3
21165,18858,809.6812040354517,633.1264991514238,905.4,669.3
21165,18859,809.6812040354517,633.1264991514238,905.4,669.3
21165,18860,809.6812040354517,633.1264991514238,905.4,669.3
21165,18861,809.6812040354517,633.1264991514238,905.4,669.3
21165,18862,809.6812040354517,633.1264991514238,905.4,669.3
21165,18863,809.6812040354517,633.1264991514238,905.4,669.3
21165,18864,809.6812040354517,633.1264991514238,905.4,669.3
21165,18865,809.6812040354517,633.1264991514238,905.4,669.3
21165,18866,809.6812040354517,633.1264991514238,905.4,669.3
21165,18867,809.6812040354517,633.1264991514238,905.4,669.3
21165,18868,809.6812040354517,633.1264991514238,905.4,669.3
21165,18869,809.6812040354517,633.1264991514238,905.4,669.3
21165,18870,809.6812040354517,633.1264991514238,905.4,669.3
21165,18871,809.6812040354517,633.1264991514238,905.4,669.3
21165,18872,809.6812040354517,633.1264991514238,905.4,669.3
21165,18873,809.6812040354517,633.1264991514238,905.4,669.3
21165,18874,809.6812040354517,633.1264991514238,905.4,669.3
21165,18875,809.6812040354517,633.1264991514238,905.4,669.3
21165,18876,809.6812040354517,633.1264991514238,905.4,669.3
21165,18877,809.6812040354517,633.1264991514238,905.4,669.3
21165,18878,809.6812040354517,633.1264991514238,905.4,669.3
21165,18879,809.6812040354517,633.1264991514238,905.4,669.3
21165,18880,809.6812040354517,633.1264991514238,905.4,669.3
21165,18881,809.6812040354517,633.1264991514238,905.4,669.3
21165,18882,809.6812040354517,633.1264991514238,905.4,669.3
21165,18883,809.6812040354517,633.1264991514238,905.4,669.3
21165,18884,809.6812040354517,633.1264991514238,905.4,669.3
21165,18885,809.6812040354517,633.1264991514238,905.4,669.3
21165,18886,809.6812040354517,633.1264991514238,905.4,669.3
21165,18887,809.6812040354517,633.1264991514238,905.4,669.3
21165,18888,809.6812040354517,633.1264991514238,905.4,669.3
21165,18889,809.6812040354517,633.1264991514238,905.4,669.3
21165,18890,809.6812040354517,633.1264991514238,905.4,669.3
21165,18891,809.6812040354517,633.1264991514238,905.4,669.3
21165,18892,809.6812040354517,633.1264991514238,905.4,669.3
21165,18893,809.6812040354517,633.1264991514238,905.4,669.3
21165,18894,809.6812040354517,633.1264991514238,905.4,669.3
21165,18895,809.6812040354517,633.1264991514238,905.4,669.3
21165,18896,809.6812040354517,633.1264991514238,905.4,669.3
21165,18897,846.6812040354517,635.1264991514238,905.4,669.3
21165,18898,846.6812040354517,635.1264991514238,905.4,669.3
21165,18899,846.6812040354517,635.1264991514238,905.4,669.3
21165,18900,846.6812040354517,635.1264991514238,905.4,669.3
21165,18901,846.6812040354517,635.1264991514238,905.4,669.3
21165,18902,846.6812040354517,635.1264991514238,905.4,669.3
21165,18903,846.6812040354517,635.1264991514238,905.4,669.3
21165,18904,846.6812040354517,635.1264991514238,905.4,669.3
21165,18905,846.6812040354517,635.1264991514238,905.4,669.3
21165,18906,846.6812040354517,635.1264991514238,905.4,669.3
21165,18907,846.6812040354517,635.1264991514238,905.4,669.3
21165,18908,846.6812040354517,635.1264991514238,905.4,669.3
21165,18909,846.6812040354517,635.1264991514238,905.4,669.3
21165,18910,846.6812040354517,635.1264991514238,905.4,669.3
21165,18911,846.6812040354517,635.1264991514238,905.4,669.3
21165,18912,846.6812040354517,635.1264991514238,905.4,669.3
21165,18913,846.6812040354517,635.1264991514238,905.4,669.3
21165,18914,846.6812040354517,635.1264991514238,905.4,669.3
21165,18915,846.6812040354517,635.1264991514238,905.4,669.3
21165,18916,846.6812040354517,635.1264991514238,905.4,669.3
21165,18917,846.6812040354517,635.1264991514238,905.4,669.3
21165,18918,846.6812040354517,635.1264991514238,905.4,669.3
21165,18919,846.6812040354517,635.1264991514238,905.4,669.3
21165,18920,846.6812040354517,635.1264991514238,905.4,669.3
21165,18921,846.6812040354517,635.1264991514238,905.4,669.3
21165,18922,846.6812040354517,635.1264991514238,905.4,669.3
21165,18923,846.6812040354517,635.1264991514238,905.4,669.3
21165,18924,846.6812040354517,635.1264991514238,905.4,669.3
21165,18925,846.6812040354517,635.1264991514238,905.4,669.3
21165,18926,846.6812040354517,635.1264991514238,905.4,669.3
21165,18927,846.6812040354517,635.1264991514238,905.4,669.3
21165,18928,846.6812040354517,635.1264991514238,905.4,669.3
21165,18929,846.6812040354517,635.1264991514238,905.4,669.3
21165,18930,883.6812040354517,637.1264991514238,905.4,669.3
21165,18931,883.6812040354517,637.1264991514238,905.4,669.3
21165,18932,883.6812040354517,637.1264991514238,905.4,669.3
21165,18933,883.6812040354517,637.1264991514238,905.4,669.3
21165,18934,883.6812040354517,637.1264991514238,905.4,669.3
21165,18935,883.6812040354517,637.1264991514238,905.4,669.3
21165,18936,883.6812040354517,637.1264991514238,905.4,669.3
21165,18937,883.6812040354517,637.1264991514238,905.4,669.3
21165,18938,883.6812040354517,637.1264991514238,905.4,669.3
21165,18939,883.6812040354517,637.1264991514238,905.4,669.3
21165,18940,883.6812040354517,637.1264991514238,905.4,669.3
21165,18941,883.6812040354517,637.1264991514238,905.4,669.3
21165,18942,883.6812040354517,637.1264991514238,905.4,669.3
21165,18943,883.6812040354517,637.1264991514238,905.4,669.3
21165,18944,883.6812040354517,637.1264991514238,905.4,669.3
21165,18945,883.6812040354517,637.1264991514238,905.4,669.3
21165,18946,883.6812040354517,637.1264991514238,905.4,669.3
21165,18947,883.6812040354517,637.1264991514238,905.4,669.3
21165,18948,883.6812040354517,637.1264991514238,905.4,669.3
21165,18949,883.6812040354517,637.1264991514238,905.4,669.3
21165,18950,883.6812040354517,637.1264991514238,905.4,669.3
21165,18951,883.6812040354517,637.1264991514238,905.4,669.3
21165,18952,883.6812040354517,637.1264991514238,905.4,669.3
21165,18953,883.6812040354517,637.1264991514238,905.4,669.3
21165,18954,883.6812040354517,637.1264991514238,905.4,669.3
21165,18955,883.6812040354517,637.1264991514238,905.4,669.3
21165,18956,883.6812040354517,637.1264991514238,905.4,669.3
21165,18957,883.6812040354517,637.1264991514238,905.4,669.3
21165,18958,883.6812040354517,637.1264991514238,905.4,669.3
21165,18959,883.6812040354517,637.1264991514238,905.4,669.3
21165,18960,883.6812040354517,637.1264991514238,905.4,669.3
21165,18961,883.6812040354517,637.1264991514238,905.4,669.3
21165,18962,883.6812040354517,637.1264991514238,905.4,669.3
21165,18963,883.6812040354517,637.1264991514238,905.4,669.3
21165,18964,883.6812040354517,637.1264991514238,905.4,669.3
21165,18965,883.6812040354517,637.1264991514238,905.4,669.3
21165,18966,883.6812040354517,637.1264991514238,905.4,669.3
21165,18967,883.6812040354517,637.1264991514238,905.4,669.3
21165,18968,883.6812040354517,637.1264991514238,905.4,669.3
21165,18969,883.6812040354517,637.1264991514238,905.4,669.3
21165,18970,883.6812040354517,637.1264991514238,905.4,669.3
21165,18971,883.6812040354517,637.1264991514238,905.4,669.3
21165,18972,883.6812040354517,637.1264991514238,905.4,669.3
21165,18973,883.6812040354517,637.1264991514238,905.4,669.3
21165,18974,883.6812040354517,637.1264991514238,905.4,669.3
21165,18975,883.6812040354517,637.1264991514238,905.4,669.3
21165,18976,883.6812040354517,637.1264991514238,905.4,669.3
21165,18977,883.6812040354517,637.1264991514238,905.4,669.3
21165,18978,883.6812040354517,637.1264991514238,905.4,669.3
21165,18979,883.6812040354517,637.1264991514238,905.4,669.3
21165,18980,883.6812040354517,637.1264991514238,905.4,669.3
21165,18981,883.6812040354517,637.1264991514238,905.4,669.3
21165,18982,883.6812040354517,637.1264991514238,905.4,669.3
21165,18983,883.6812040354517,637.1264991514238,905.4,669.3
21165,18984,883.6812040354517,637.1264991514238,905.4,669.3
21165,18985,883.6812040354517,637.1264991514238,905.4,669.3
21165,18986,883.6812040354517,637.1264991514238,905.4,669.3
21165,18987,883.6812040354517,637.1264991514238,905.4,669.3
21165,18988,883.6812040354517,637.1264991514238,905.4,669.3
21165,18989,883.6812040354517,637.1264991514238,905.4,669.3
21165,18990,883.6812040354517,637.1264991514238,905.4,669.3
21165,18991,883.6812040354517,637.1264991514238,905.4,669.3
21165,18992,883.6812040354517,637.1264991514238,905.4,669.3
21165,18993,883.6812040354517,637.1264991514238,905.4,669.3
21165,18994,883.6812040354517,637.1264991514238,905.4,669.3
21165,18995,883.6812040354517,637.1264991514238,905.4,669.3
21165,18996,883.6812040354517,637.1264991514238,905.4,669.3
21165,18997,883.6812040354517,637.1264991514238,905.4,669.3
21165,18998,883.6812040354517,637.1264991514238,905.4,669.3
21165,18999,883.6812040354517,637.1264991514238,905.4,669.3
21165,19000,883.6812040354517,637.1264991514238,905.4,669.3
21165,19001,883.6812040354517,637.1264991514238,905.4,669.3
21165,19002,883.6812040354517,637.1264991514238,905.4,669.3
21165,19003,883.6812040354517,637.1264991514238,905.4,669.3
21165,19004,883.6812040354517,637.1264991514238,905.4,669.3
21165,19005,883.6812040354517,637.1264991514238,905.4,669.3
21165,19006,883.6812040354517,637.1264991514238,905.4,669.3
21165,19007,883.6812040354517,637.1264991514238,905.4,669.3
21165,19008,883.6812040354517,637.1264991514238,905.4,669.3
21165,19009,883.6812040354517,637.1264991514238,905.4,669.3
21165,19010,883.6812040354517,637.1264991514238,905.4,669.3
21165,19011,883.6812040354517,637.1264991514238,905.4,669.3
21165,19012,883.6812040354517,637.1264991514238,905.4,669.3
21165,19013,883.6812040354517,637.1264991514238,905.4,669.3
21165,19014,883.6812040354517,637.1264991514238,905.4,669.3
21165,19015,883.6812040354517,637.1264991514238,905.4,669.3
21165,19016,883.6812040354517,637.1264991514238,905.4,669.3
21165,19017,883.6812040354517,637.1264991514238,905.4,669.3
21165,19018,883.6812040354517,637.1264991514238,905.4,669.3
21165,19019,883.6812040354517,637.1264991514238,905.4,669.3
21165,19020,883.6812040354517,637.1264991514238,905.4,669.3
21165,19021,883.6812040354517,637.1264991514238,905.4,669.3
21165,19022,883.6812040354517,637.1264991514238,905.4,669.3
21165,19023,883.6812040354517,637.1264991514238,905.4,669.3
21165,19024,883.6812040354517,637.1264991514238,905.4,669.3
21165,19025,883.6812040354517,637.1264991514238,905.4,669.3
21165,19026,883.6812040354517,637.1264991514238,905.4,669.3
21165,19027,883.6812040354517,637.1264991514238,905.4,669.3
21165,19028,883.6812040354517,637.1264991514238,905.4,669.3
21165,19029,883.6812040354517,637.1264991514238,905.4,669.3
21165,19030,741.6812040354517,644.1264991514238,905.4,669.3
21165,19031,741.6812040354517,644.1264991514238,905.4,669.3
21165,19032,741.6812040354517,644.1264991514238,905.4,669.3
21165,19033,741.6812040354517,644.1264991514238,905.4,669.3
21165,19034,741.6812040354517,644.1264991514238,905.4,669.3
21165,19035,741.6812040354517,644.1264991514238,905.4,669.3
21165,19036,741.6812040354517,644.1264991514238,905.4,669.3
21165,19037,741.6812040354517,644.1264991514238,905.4,669.3
21165,19038,741.6812040354517,644.1264991514238,905.4,669.3
21165,19039,741.6812040354517,644.1264991514238,905.4,669.3
21165,19040,741.6812040354517,644.1264991514238,905.4,669.3
21165,19041,741.6812040354517,644.1264991514238,905.4,669.3
21165,19042,741.6812040354517,644.1264991514238,905.4,669.3
21165,19043,741.6812040354517,644.1264991514238,905.4,669.3
21165,19044,741.6812040354517,644.1264991514238,905.4,669.3
21165,19045,741.6812040354517,644.1264991514238,905.4,669.3
21165,19046,741.6812040354517,644.1264991514238,905.4,669.3
21165,19047,741.6812040354517,644.1264991514238,905.4,669.3
21165,19048,741.6812040354517,644.1264991514238,905.4,669.3
21165,19049,741.6812040354517,644.1264991514238,905.4,669.3
21165,19050,741.6812040354517,644.1264991514238,905.4,669.3
21165,19051,741.6812040354517,644.1264991514238,905.4,669.3
21165,19052,741.6812040354517,644.1264991514238,905.4,669.3
21165,19053,741.6812040354517,644.1264991514238,905.4,669.3
21165,19054,741.6812040354517,644.1264991514238,905.4,669.3
21165,19055,741.6812040354517,644.1264991514238,905.4,669.3
21165,19056,741.6812040354517,644.1264991514238,905.4,669.3
21165,19057,741.6812040354517,644.1264991514238,905.4,669.3
21165,19058,741.6812040354517,644.1264991514238,905.4,669.3
21165,19059,741.6812040354517,644.1264991514238,905.4,669.3
21165,19060,741.6812040354517,644.1264991514238,905.4,669.3
21165,19061,741.6812040354517,644.1264991514238,905.4,669.3
21165,19062,741.6812040354517,644.1264991514238,905.4,669.3
21165,19063,599.6812040354517,650.1264991514238,905.4,669.3
21165,19064,599.6812040354517,650.1264991514238,905.4,669.3
21165,19065,599.6812040354517,650.1264991514238,905.4,669.3
21165,19066,599.6812040354517,650.1264991514238,905.4,669.3
21165,19067,599.6812040354517,650.1264991514238,905.4,669.3
21165,19068,599.6812040354517,650.1264991514238,905.4,669.3
21165,19069,599.6812040354517,650.1264991514238,905.4,669.3
21165,19070,599.6812040354517,650.1264991514238,905.4,669.3
21165,19071,599.6812040354517,650.1264991514238,905.4,669.3
21165,19072,599.6812040354517,650.1264991514238,905.4,669.3
21165,19073,599.6812040354517,650.1264991514238,905.4,669.3
21165,19074,599.6812040354517,650.1264991514238,905.4,669.3
21165,19075,599.6812040354517,650.1264991514238,905.4,669.3
21165,19076,599.6812040354517,650.1264991514238,905.4,669.3
21165,19077,599.6812040354517,650.1264991514238,905.4,669.3
21165,19078,599.6812040354517,650.1264991514238,905.4,669.3
21165,19079,599.6812040354517,650.1264991514238,905.4,669.3
21165,19080,599.6812040354517,650.1264991514238,905.4,669.3
21165,19081,599.6812040354517,650.1264991514238,905.4,669.3
21165,19082,599.6812040354517,650.1264991514238,905.4,669.3
21165,19083,599.6812040354517,650.1264991514238,905.4,669.3
21165,19084,599.6812040354517,650.1264991514238,905.4,669.3
21165,19085,599.6812040354517,650.1264991514238,905.4,669.3
21165,19086,599.6812040354517,650.1264991514238,905.4,669.3
21165,19087,599.6812040354517,650.1264991514238,905.4,669.3
21165,19088,599.6812040354517,650.1264991514238,905.4,669.3
21165,19089,599.6812040354517,650.1264991514238,905.4,669.3
21165,19090,599.6812040354517,650.1264991514238,905.4,669.3
21165,19091,599.6812040354517,650.1264991514238,905.4,669.3
21165,19092,599.6812040354517,650.1264991514238,905.4,669.3
21165,19093,599.6812040354517,650.1264991514238,905.4,669.3
21165,19094,599.6812040354517,650.1264991514238,905.4,669.3
21165,19095,599.6812040354517,650.1264991514238,905.4,669.3
21165,19096,599.6812040354517,650.1264991514238,905.4,669.3
21165,19097,599.6812040354517,650.1264991514238,905.4,669.3
21165,19098,599.6812040354517,650.1264991514238,905.4,669.3
21165,19099,599.6812040354517,650.1264991514238,905.4,669.3
21165,19100,599.6812040354517,650.1264991514238,905.4,669.3
21165,19101,599.6812040354517,650.1264991514238,905.4,669.3
21165,19102,599.6812040354517,650.1264991514238,905.4,669.3
21165,19103,599.6812040354517,650.1264991514238,905.4,669.3
21165,19104,599.6812040354517,650.1264991514238,905.4,669.3
21165,19105,599.6812040354517,650.1264991514238,905.4,669.3
21165,19106,599.6812040354517,650.1264991514238,905.4,669.3
21165,19107,599.6812040354517,650.1264991514238,905.4,669.3
21165,19108,599.6812040354517,650.1264991514238,905.4,669.3
21165,19109,599.6812040354517,650.1264991514238,905.4,669.3
21165,19110,599.6812040354517,650.1264991514238,905.4,669.3
21165,19111,599.6812040354517,650.1264991514238,905.4,669.3
21165,19112,599.6812040354517,650.1264991514238,905.4,669.3
21165,19113,599.6812040354517,650.1264991514238,905.4,669.3
21165,19114,599.6812040354517,650.1264991514238,905.4,669.3
21165,19115,599.6812040354517,650.1264991514238,905.4,669.3
21165,19116,599.6812040354517,650.1264991514238,905.4,669.3
21165,19117,599.6812040354517,650.1264991514238,905.4,669.3
21165,19118,599.6812040354517,650.1264991514238,905.4,669.3
21165,19119,599.6812040354517,650.1264991514238,905.4,669.3
21165,19120,599.6812040354517,650.1264991514238,905.4,669.3
21165,19121,599.6812040354517,650.1264991514238,905.4,669.3
21165,19122,599.6812040354517,650.1264991514238,905.4,669.3
21165,19123,599.6812040354517,650.1264991514238,905.4,669.3
21165,19124,599.6812040354517,650.1264991514238,905.4,669.3
21165,19125,599.6812040354517,650.1264991514238,905.4,669.3
21165,19126,599.6812040354517,650.1264991514238,905.4,669.3
21165,19127,599.6812040354517,650.1264991514238,905.4,669.3
21165,19128,599.6812040354517,650.1264991514238,905.4,669.3
21165,19129,599.6812040354517,650.1264991514238,905.4,669.3
21165,19130,599.6812040354517,650.1264991514238,905.4,669.3
21165,19131,599.6812040354517,650.1264991514238,905.4,669.3
21165,19132,599.6812040354517,650.1264991514238,905.4,669.3
21165,19133,599.6812040354517,650.1264991514238,905.4,669.3
21165,19134,599.6812040354517,650.1264991514238,905.4,669.3
21165,19135,599.6812040354517,650.1264991514238,905.4,669.3
21165,19136,599.6812040354517,650.1264991514238,905.4,669.3
21165,19137,599.6812040354517,650.1264991514238,905.4,669.3
21165,19138,599.6812040354517,650.1264991514238,905.4,669.3
21165,19139,599.6812040354517,650.1264991514238,905.4,669.3
21165,19140,599.6812040354517,650.1264991514238,905.4,669.3
21165,19141,599.6812040354517,650.1264991514238,905.4,669.3
21165,19142,599.6812040354517,650.1264991514238,905.4,669.3
21165,19143,599.6812040354517,650.1264991514238,905.4,669.3
21165,19144,599.6812040354517,650.1264991514238,905.4,669.3
21165,19145,599.6812040354517,650.1264991514238,905.4,669.3
21165,19146,599.6812040354517,650.1264991514238,905.4,669.3
21165,19147,599.6812040354517,650.1264991514238,905.4,669.3
21165,19148,599.6812040354517,650.1264991514238,905.4,669.3
21165,19149,599.6812040354517,650.1264991514238,905.4,669.3
21165,19150,599.6812040354517,650.1264991514238,905.4,669.3
21165,19151,599.6812040354517,650.1264991514238,905.4,669.3
21165,19152,599.6812040354517,650.1264991514238,905.4,669.3
21165,19153,599.6812040354517,650.1264991514238,905.4,669.3
21165,19154,599.6812040354517,650.1264991514238,905.4,669.3
21165,19155,599.6812040354517,650.1264991514238,905.4,669.3
21165,19156,599.6812040354517,650.1264991514238,905.4,669.3
21165,19157,599.6812040354517,650.1264991514238,905.4,669.3
21165,19158,599.6812040354517,650.1264991514238,905.4,669.3
21165,19159,599.6812040354517,650.1264991514238,905.4,669.3
21165,19160,599.6812040354517,650.1264991514238,905.4,669.3
21165,19161,599.6812040354517,650.1264991514238,905.4,669.3
21165,19162,599.6812040354517,650.1264991514238,905.4,669.3
21165,19163,599.6812040354517,650.1264991514238,905.4,669.3
21165,19164,599.6812040354517,650.1264991514238,905.4,669.3
21165,19165,599.6812040354517,650.1264991514238,905.4,669.3
21165,19166,599.6812040354517,650.1264991514238,905.4,669.3
21165,19167,599.6812040354517,650.1264991514238,905.4,669.3
21165,19168,599.6812040354517,650.1264991514238,905.4,669.3
21165,19169,599.6812040354517,650.1264991514238,905.4,669.3
21165,19170,599.6812040354517,650.1264991514238,905.4,669.3
21165,19171,599.6812040354517,650.1264991514238,905.4,669.3
21165,19172,599.6812040354517,650.1264991514238,905.4,669.3
21165,19173,599.6812040354517,650.1264991514238,905.4,669.3
21165,19174,599.6812040354517,650.1264991514238,905.4,669.3
21165,19175,599.6812040354517,650.1264991514238,905.4,669.3
21165,19176,599.6812040354517,650.1264991514238,905.4,669.3
21165,19177,599.6812040354517,650.1264991514238,905.4,669.3
21165,19178,599.6812040354517,650.1264991514238,905.4,669.3
21165,19179,599.6812040354517,650.1264991514238,905.4,669.3
21165,19180,599.6812040354517,650.1264991514238,905.4,669.3
21165,19181,599.6812040354517,650.1264991514238,905.4,669.3
21165,19182,599.6812040354517,650.1264991514238,905.4,669.3
21165,19183,599.6812040354517,650.1264991514238,905.4,669.3
21165,19184,599.6812040354517,650.1264991514238,905.4,669.3
21165,19185,599.6812040354517,650.1264991514238,905.4,669.3
21165,19186,599.6812040354517,650.1264991514238,905.4,669.3
21165,19187,599.6812040354517,650.1264991514238,905.4,669.3
21165,19188,599.6812040354517,650.1264991514238,905.4,669.3
21165,19189,599.6812040354517,650.1264991514238,905.4,669.3
21165,19190,599.6812040354517,650.1264991514238,905.4,669.3
21165,19191,599.6812040354517,650.1264991514238,905.4,669.3
21165,19192,599.6812040354517,650.1264991514238,905.4,669.3
21165,19193,599.6812040354517,650.1264991514238,905.4,669.3
21165,19194,599.6812040354517,650.1264991514238,905.4,669.3
21165,19195,599.6812040354517,650.1264991514238,905.4,669.3
21165,19196,599.6812040354517,650.1264991514238,905.4,669.3
21165,19197,599.6812040354517,650.1264991514238,905.4,669.3
21165,19198,599.6812040354517,650.1264991514238,905.4,669.3
21165,19199,599.6812040354517,650.1264991514238,905.4,669.3
21165,19200,599.6812040354517,650.1264991514238,905.4,669.3
21165,19201,599.6812040354517,650.1264991514238,905.4,669.3
21165,19202,599.6812040354517,650.1264991514238,905.4,669.3
21165,19203,599.6812040354517,650.1264991514238,905.4,669.3
21165,19204,599.6812040354517,650.1264991514238,905.4,669.3
21165,19205,599.6812040354517,650.1264991514238,905.4,669.3
21165,19206,599.6812040354517,650.1264991514238,905.4,669.3
21165,19207,599.6812040354517,650.1264991514238,905.4,669.3
21165,19208,599.6812040354517,650.1264991514238,905.4,669.3
21165,19209,599.6812040354517,650.1264991514238,905.4,669.3
21165,19210,599.6812040354517,650.1264991514238,905.4,669.3
21165,19211,599.6812040354517,650.1264991514238,905.4,669.3
21165,19212,599.6812040354517,650.1264991514238,905.4,669.3
21165,19213,599.6812040354517,650.1264991514238,905.4,669.3
21165,19214,599.6812040354517,650.1264991514238,905.4,669.3
21165,19215,599.6812040354517,650.1264991514238,905.4,669.3
21165,19216,599.6812040354517,650.1264991514238,905.4,669.3
21165,19217,599.6812040354517,650.1264991514238,905.4,669.3
21165,19218,599.6812040354517,650.1264991514238,905.4,669.3
21165,19219,599.6812040354517,650.1264991514238,905.4,669.3
21165,19220,599.6812040354517,650.1264991514238,905.4,669.3
21165,19221,599.6812040354517,650.1264991514238,905.4,669.3
21165,19222,599.6812040354517,650.1264991514238,905.4,669.3
21165,19223,599.6812040354517,650.1264991514238,905.4,669.3
21165,19224,599.6812040354517,650.1264991514238,905.4,669.3
21165,19225,599.6812040354517,650.1264991514238,905.4,669.3
21165,19226,599.6812040354517,650.1264991514238,905.4,669.3
21165,19227,599.6812040354517,650.1264991514238,905.4,669.3
21165,19228,599.6812040354517,650.1264991514238,905.4,669.3
21165,19229,599.6812040354517,650.1264991514238,905.4,669.3
21165,19230,599.6812040354517,650.1264991514238,905.4,669.3
21165,19231,599.6812040354517,650.1264991514238,905.4,669.3
21165,19232,599.6812040354517,650.1264991514238,905.4,669.3
21165,19233,599.6812040354517,650.1264991514238,905.4,669.3
21165,19234,599.6812040354517,650.1264991514238,905.4,669.3
21165,19235,599.6812040354517,650.1264991514238,905.4,669.3
21165,19236,599.6812040354517,650.1264991514238,905.4,669.3
21165,19237,599.6812040354517,650.1264991514238,905.4,669.3
21165,19238,821.6812040354517,623.1264991514238,905.4,669.3
21165,19239,821.6812040354517,623.1264991514238,905.4,669.3
21165,19240,821.6812040354517,623.1264991514238,905.4,669.3
21165,19241,821.6812040354517,623.1264991514238,905.4,669.3
21165,19242,821.6812040354517,623.1264991514238,905.4,669.3
21165,19243,821.6812040354517,623.1264991514238,905.4,669.3
21165,19244,821.6812040354517,623.1264991514238,905.4,669.3
21165,19245,821.6812040354517,623.1264991514238,905.4,669.3
21165,19246,821.6812040354517,623.1264991514238,905.4,669.3
21165,19247,821.6812040354517,623.1264991514238,905.4,669.3
21165,19248,821.6812040354517,623.1264991514238,905.4,669.3
21165,19249,821.6812040354517,623.1264991514238,905.4,669.3
21165,19250,821.6812040354517,623.1264991514238,905.4,669.3
21165,19251,821.6812040354517,623.1264991514238,905.4,669.3
21165,19252,821.6812040354517,623.1264991514238,905.4,669.3
21165,19253,821.6812040354517,623.1264991514238,905.4,669.3
21165,19254,821.6812040354517,623.1264991514238,905.4,669.3
21165,19255,821.6812040354517,623.1264991514238,905.4,669.3
21165,19256,821.6812040354517,623.1264991514238,905.4,669.3
21165,19257,821.6812040354517,623.1264991514238,905.4,669.3
21165,19258,821.6812040354517,623.1264991514238,905.4,669.3
21165,19259,821.6812040354517,623.1264991514238,905.4,669.3
21165,19260,821.6812040354517,623.1264991514238,905.4,669.3
21165,19261,821.6812040354517,623.1264991514238,905.4,669.3
21165,19262,821.6812040354517,623.1264991514238,905.4,669.3
21165,19263,1043.6812040354516,597.1264991514238,905.4,669.3
21165,19264,1043.6812040354516,597.1264991514238,905.4,669.3
21165,19265,1043.6812040354516,597.1264991514238,905.4,669.3
21165,19266,1043.6812040354516,597.1264991514238,905.4,669.3
21165,19267,1043.6812040354516,597.1264991514238,905.4,669.3
21165,19268,1043.6812040354516,597.1264991514238,905.4,669.3
21165,19269,1043.6812040354516,597.1264991514238,905.4,669.3
21165,19270,1043.6812040354516,597.1264991514238,905.4,669.3
21165,19271,1043.6812040354516,597.1264991514238,905.4,669.3
21165,19272,1043.6812040354516,597.1264991514238,905.4,669.3
21165,19273,1043.6812040354516,597.1264991514238,905.4,669.3
21165,19274,1043.6812040354516,597.1264991514238,905.4,669.3
21165,19275,1043.6812040354516,597.1264991514238,905.4,669.3
21165,19276,1043.6812040354516,597.1264991514238,905.4,669.3
21165,19277,1043.6812040354516,597.1264991514238,905.4,669.3
21165,19278,1043.6812040354516,597.1264991514238,905.4,669.3
21165,19279,1043.6812040354516,597.1264991514238,905.4,669.3
21165,19280,1043.6812040354516,597.1264991514238,905.4,669.3
21165,19281,1043.6812040354516,597.1264991514238,905.4,669.3
21165,19282,1043.6812040354516,597.1264991514238,905.4,669.3
21165,19283,1043.6812040354516,597.1264991514238,905.4,669.3
21165,19284,1043.6812040354516,597.1264991514238,905.4,669.3
21165,19285,1043.6812040354516,597.1264991514238,905.4,669.3
21165,19286,1043.6812040354516,597.1264991514238,905.4,669.3
21165,19287,1043.6812040354516,597.1264991514238,905.4,669.3
21165,19288,1043.6812040354516,597.1264991514238,905.4,669.3
21165,19289,1043.6812040354516,597.1264991514238,905.4,669.3
21165,19290,1043.6812040354516,597.1264991514238,905.4,669.3
21165,19291,1043.6812040354516,597.1264991514238,905.4,669.3
21165,19292,1043.6812040354516,597.1264991514238,905.4,669.3
21165,19293,1043.6812040354516,597.1264991514238,905.4,669.3
21165,19294,1043.6812040354516,597.1264991514238,905.4,669.3
21165,19295,1043.6812040354516,597.1264991514238,905.4,669.3
21165,19296,1043.6812040354516,597.1264991514238,905.4,669.3
21165,19297,1023.6812040354517,449.12649915142373,905.4,669.3
21165,19298,1023.6812040354517,449.12649915142373,905.4,669.3
21165,19299,1023.6812040354517,449.12649915142373,905.4,669.3
21165,19300,1023.6812040354517,449.12649915142373,905.4,669.3
21165,19301,1023.6812040354517,449.12649915142373,905.4,669.3
21165,19302,1023.6812040354517,449.12649915142373,905.4,669.3
21165,19303,1023.6812040354517,449.12649915142373,905.4,669.3
21165,19304,1023.6812040354517,449.12649915142373,905.4,669.3
21165,19305,1023.6812040354517,449.12649915142373,905.4,669.3
21165,19306,1023.6812040354517,449.12649915142373,905.4,669.3
21165,19307,1023.6812040354517,449.12649915142373,905.4,669.3
21165,19308,1023.6812040354517,449.12649915142373,905.4,669.3
21165,19309,1023.6812040354517,449.12649915142373,905.4,669.3
21165,19310,1023.6812040354517,449.12649915142373,905.4,669.3
21165,19311,1023.6812040354517,449.12649915142373,905.4,669.3
21165,19312,1023.6812040354517,449.12649915142373,905.4,669.3
21165,19313,1023.6812040354517,449.12649915142373,905.4,669.3
21165,19314,1023.6812040354517,449.12649915142373,905.4,669.3
21165,19315,1023.6812040354517,449.12649915142373,905.4,669.3
21165,19316,1023.6812040354517,449.12649915142373,905.4,669.3
21165,19317,1023.6812040354517,449.12649915142373,905.4,669.3
21165,19318,1023.6812040354517,449.12649915142373,905.4,669.3
21165,19319,1023.6812040354517,449.12649915142373,905.4,669.3
21165,19320,1023.6812040354517,449.12649915142373,905.4,669.3
21165,19321,1023.6812040354517,449.12649915142373,905.4,669.3
21165,19322,1023.6812040354517,449.12649915142373,905.4,669.3
21165,19323,1023.6812040354517,449.12649915142373,905.4,669.3
21165,19324,1023.6812040354517,449.12649915142373,905.4,669.3
21165,19325,1023.6812040354517,449.12649915142373,905.4,669.3
21165,19326,1023.6812040354517,449.12649915142373,905.4,669.3
21165,19327,1023.6812040354517,449.12649915142373,905.4,669.3
21165,19328,1023.6812040354517,449.12649915142373,905.4,669.3
21165,19329,1023.6812040354517,449.12649915142373,905.4,669.3
21165,19330,1023.6812040354517,449.12649915142373,905.4,669.3
21165,19331,1023.6812040354517,449.12649915142373,905.4,669.3
21165,19332,1023.6812040354517,449.12649915142373,905.4,669.3
21165,19333,1023.6812040354517,449.12649915142373,905.4,669.3
21165,19334,1023.6812040354517,449.12649915142373,905.4,669.3
21165,19335,1023.6812040354517,449.12649915142373,905.4,669.3
21165,19336,1023.6812040354517,449.12649915142373,905.4,669.3
21165,19337,1023.6812040354517,449.12649915142373,905.4,669.3
21165,19338,1003.6812040354517,301.12649915142373,905.4,669.3
21165,19339,1003.6812040354517,301.12649915142373,905.4,669.3
21165,19340,1003.6812040354517,301.12649915142373,905.4,669.3
21165,19341,1003.6812040354517,301.12649915142373,905.4,669.3
21165,19342,1003.6812040354517,301.12649915142373,905.4,669.3
21165,19343,1003.6812040354517,301.12649915142373,905.4,669.3
21165,19344,1003.6812040354517,301.12649915142373,905.4,669.3
21165,19345,1003.6812040354517,301.12649915142373,905.4,669.3
21165,19346,1003.6812040354517,301.12649915142373,905.4,669.3
21165,19347,1003.6812040354517,301.12649915142373,905.4,669.3
21165,19348,1003.6812040354517,301.12649915142373,905.4,669.3
21165,19349,1003.6812040354517,301.12649915142373,905.4,669.3
21165,19350,1003.6812040354517,301.12649915142373,905.4,669.3
21165,19351,1003.6812040354517,301.12649915142373,905.4,669.3
21165,19352,1003.6812040354517,301.12649915142373,905.4,669.3
21165,19353,1003.6812040354517,301.12649915142373,905.4,669.3
21165,19354,1003.6812040354517,301.12649915142373,905.4,669.3
21165,19355,1003.6812040354517,301.12649915142373,905.4,669.3
21165,19356,1003.6812040354517,301.12649915142373,905.4,669.3
21165,19357,1003.6812040354517,301.12649915142373,905.4,669.3
21165,19358,1003.6812040354517,301.12649915142373,905.4,669.3
21165,19359,1003.6812040354517,301.12649915142373,905.4,669.3
21165,19360,1003.6812040354517,301.12649915142373,905.4,669.3
21165,19361,1003.6812040354517,301.12649915142373,905.4,669.3
21165,19362,1003.6812040354517,301.12649915142373,905.4,669.3
21165,19363,1003.6812040354517,301.12649915142373,905.4,669.3
21165,19364,1003.6812040354517,301.12649915142373,905.4,669.3
21165,19365,1003.6812040354517,301.12649915142373,905.4,669.3
21165,19366,1003.6812040354517,301.12649915142373,905.4,669.3
21165,19367,1003.6812040354517,301.12649915142373,905.4,669.3
21165,19368,1003.6812040354517,301.12649915142373,905.4,669.3
21165,19369,1003.6812040354517,301.12649915142373,905.4,669.3
21165,19370,1003.6812040354517,301.12649915142373,905.4,669.3
21165,19371,1003.6812040354517,301.12649915142373,905.4,669.3
21165,19372,1003.6812040354517,301.12649915142373,905.4,669.3
21165,19373,1003.6812040354517,301.12649915142373,905.4,669.3
21165,19374,1003.6812040354517,301.12649915142373,905.4,669.3
21165,19375,1003.6812040354517,301.12649915142373,905.4,669.3
21165,19376,1003.6812040354517,301.12649915142373,905.4,669.3
21165,19377,1003.6812040354517,301.12649915142373,905.4,669.3
21165,19378,1003.6812040354517,301.12649915142373,905.4,669.3
21165,19379,1003.6812040354517,301.12649915142373,905.4,669.3
21165,19380,1003.6812040354517,301.12649915142373,905.4,669.3
21165,19381,1003.6812040354517,301.12649915142373,905.4,669.3
21165,19382,1003.6812040354517,301.12649915142373,905.4,669.3
21165,19383,1003.6812040354517,301.12649915142373,905.4,669.3
21165,19384,1003.6812040354517,301.12649915142373,905.4,669.3
21165,19385,1003.6812040354517,301.12649915142373,905.4,669.3
21165,19386,1003.6812040354517,301.12649915142373,905.4,669.3
21165,19387,1003.6812040354517,301.12649915142373,905.4,669.3
21165,19388,1003.6812040354517,301.12649915142373,905.4,669.3
21165,19389,1003.6812040354517,301.12649915142373,905.4,669.3
21165,19390,1003.6812040354517,301.12649915142373,905.4,669.3
21165,19391,1003.6812040354517,301.12649915142373,905.4,669.3
21165,19392,1003.6812040354517,301.12649915142373,905.4,669.3
21165,19393,1003.6812040354517,301.12649915142373,905.4,669.3
21165,19394,1003.6812040354517,301.12649915142373,905.4,669.3
21165,19395,1003.6812040354517,301.12649915142373,905.4,669.3
21165,19396,1003.6812040354517,301.12649915142373,905.4,669.3
21165,19397,1003.6812040354517,301.12649915142373,905.4,669.3
21165,19398,1003.6812040354517,301.12649915142373,905.4,669.3
21165,19399,1003.6812040354517,301.12649915142373,905.4,669.3
21165,19400,1003.6812040354517,301.12649915142373,905.4,669.3
21165,19401,1003.6812040354517,301.12649915142373,905.4,669.3
21165,19402,1003.6812040354517,301.12649915142373,905.4,669.3
21165,19403,1003.6812040354517,301.12649915142373,905.4,669.3
21165,19404,1003.6812040354517,301.12649915142373,905.4,669.3
21165,19405,1003.6812040354517,301.12649915142373,905.4,669.3
21165,19406,1003.6812040354517,301.12649915142373,905.4,669.3
21165,19407,1003.6812040354517,301.12649915142373,905.4,669.3
21165,19408,1003.6812040354517,301.12649915142373,905.4,669.3
21165,19409,1003.6812040354517,301.12649915142373,905.4,669.3
21165,19410,1003.6812040354517,301.12649915142373,905.4,669.3
21165,19411,1003.6812040354517,301.12649915142373,905.4,669.3
21165,19412,1003.6812040354517,301.12649915142373,905.4,669.3
21165,19413,1003.6812040354517,301.12649915142373,905.4,669.3
21165,19414,1003.6812040354517,301.12649915142373,905.4,669.3
21165,19415,1003.6812040354517,301.12649915142373,905.4,669.3
21165,19416,1003.6812040354517,301.12649915142373,905.4,669.3
21165,19417,1003.6812040354517,301.12649915142373,905.4,669.3
21165,19418,1003.6812040354517,301.12649915142373,905.4,669.3
21165,19419,1003.6812040354517,301.12649915142373,905.4,669.3
21165,19420,1003.6812040354517,301.12649915142373,905.4,669.3
21165,19421,1003.6812040354517,301.12649915142373,905.4,669.3
21165,19422,1003.6812040354517,301.12649915142373,905.4,669.3
21165,19423,1003.6812040354517,301.12649915142373,905.4,669.3
21165,19424,1003.6812040354517,301.12649915142373,905.4,669.3
21165,19425,1003.6812040354517,301.12649915142373,905.4,669.3
21165,19426,1003.6812040354517,301.12649915142373,905.4,669.3
21165,19427,1003.6812040354517,301.12649915142373,905.4,669.3
21165,19428,1003.6812040354517,301.12649915142373,905.4,669.3
21165,19429,1003.6812040354517,301.12649915142373,905.4,669.3
21165,19430,959.6812040354517,277.12649915142373,905.4,669.3
21165,19431,959.6812040354517,277.12649915142373,905.4,669.3
21165,19432,959.6812040354517,277.12649915142373,905.4,669.3
21165,19433,959.6812040354517,277.12649915142373,905.4,669.3
21165,19434,959.6812040354517,277.12649915142373,905.4,669.3
21165,19435,959.6812040354517,277.12649915142373,905.4,669.3
21165,19436,959.6812040354517,277.12649915142373,905.4,669.3
21165,19437,959.6812040354517,277.12649915142373,905.4,669.3
21165,19438,959.6812040354517,277.12649915142373,905.4,669.3
21165,19439,959.6812040354517,277.12649915142373,905.4,669.3
21165,19440,959.6812040354517,277.12649915142373,905.4,669.3
21165,19441,959.6812040354517,277.12649915142373,905.4,669.3
21165,19442,959.6812040354517,277.12649915142373,905.4,669.3
21165,19443,959.6812040354517,277.12649915142373,905.4,669.3
21165,19444,959.6812040354517,277.12649915142373,905.4,669.3
21165,19445,959.6812040354517,277.12649915142373,905.4,669.3
21165,19446,959.6812040354517,277.12649915142373,905.4,669.3
21165,19447,959.6812040354517,277.12649915142373,905.4,669.3
21165,19448,959.6812040354517,277.12649915142373,905.4,669.3
21165,19449,959.6812040354517,277.12649915142373,905.4,669.3
21165,19450,959.6812040354517,277.12649915142373,905.4,669.3
21165,19451,959.6812040354517,277.12649915142373,905.4,669.3
21165,19452,959.6812040354517,277.12649915142373,905.4,669.3
21165,19453,959.6812040354517,277.12649915142373,905.4,669.3
21165,19454,959.6812040354517,277.12649915142373,905.4,669.3
21165,19455,959.6812040354517,277.12649915142373,905.4,669.3
21165,19456,959.6812040354517,277.12649915142373,905.4,669.3
21165,19457,959.6812040354517,277.12649915142373,905.4,669.3
21165,19458,959.6812040354517,277.12649915142373,905.4,669.3
21165,19459,959.6812040354517,277.12649915142373,905.4,669.3
21165,19460,959.6812040354517,277.12649915142373,905.4,669.3
21165,19461,959.6812040354517,277.12649915142373,905.4,669.3
21165,19462,959.6812040354517,277.12649915142373,905.4,669.3
21165,19463,959.6812040354517,277.12649915142373,905.4,669.3
21165,19464,914.6812040354517,254.12649915142373,905.4,669.3
21165,19465,914.6812040354517,254.12649915142373,905.4,669.3
21165,19466,914.6812040354517,254.12649915142373,905.4,669.3
21165,19467,914.6812040354517,254.12649915142373,905.4,669.3
21165,19468,914.6812040354517,254.12649915142373,905.4,669.3
21165,19469,914.6812040354517,254.12649915142373,905.4,669.3
21165,19470,914.6812040354517,254.12649915142373,905.4,669.3
21165,19471,914.6812040354517,254.12649915142373,905.4,669.3
21165,19472,914.6812040354517,254.12649915142373,905.4,669.3
21165,19473,914.6812040354517,254.12649915142373,905.4,669.3
21165,19474,914.6812040354517,254.12649915142373,905.4,669.3
21165,19475,914.6812040354517,254.12649915142373,905.4,669.3
21165,19476,914.6812040354517,254.12649915142373,905.4,669.3
21165,19477,914.6812040354517,254.12649915142373,905.4,669.3
21165,19478,914.6812040354517,254.12649915142373,905.4,669.3
21165,19479,914.6812040354517,254.12649915142373,905.4,669.3
21165,19480,914.6812040354517,254.12649915142373,905.4,669.3
21165,19481,914.6812040354517,254.12649915142373,905.4,669.3
21165,19482,914.6812040354517,254.12649915142373,905.4,669.3
21165,19483,914.6812040354517,254.12649915142373,905.4,669.3
21165,19484,914.6812040354517,254.12649915142373,905.4,669.3
21165,19485,914.6812040354517,254.12649915142373,905.4,669.3
21165,19486,914.6812040354517,254.12649915142373,905.4,669.3
21165,19487,914.6812040354517,254.12649915142373,905.4,669.3
21165,19488,914.6812040354517,254.12649915142373,905.4,669.3
21165,19489,914.6812040354517,254.12649915142373,905.4,669.3
21165,19490,914.6812040354517,254.12649915142373,905.4,669.3
21165,19491,914.6812040354517,254.12649915142373,905.4,669.3
21165,19492,914.6812040354517,254.12649915142373,905.4,669.3
21165,19493,914.6812040354517,254.12649915142373,905.4,669.3
21165,19494,914.6812040354517,254.12649915142373,905.4,669.3
21165,19495,914.6812040354517,254.12649915142373,905.4,669.3
21165,19496,914.6812040354517,254.12649915142373,905.4,669.3
21165,19497,914.6812040354517,254.12649915142373,905.4,669.3
21165,19498,914.6812040354517,254.12649915142373,905.4,669.3
21165,19499,914.6812040354517,254.12649915142373,905.4,669.3
21165,19500,914.6812040354517,254.12649915142373,905.4,669.3
21165,19501,914.6812040354517,254.12649915142373,905.4,669.3
21165,19502,914.6812040354517,254.12649915142373,905.4,669.3
21165,19503,914.6812040354517,254.12649915142373,905.4,669.3
21165,19504,914.6812040354517,254.12649915142373,905.4,669.3
21165,19505,914.6812040354517,254.12649915142373,905.4,669.3
21165,19506,914.6812040354517,254.12649915142373,905.4,669.3
21165,19507,914.6812040354517,254.12649915142373,905.4,669.3
21165,19508,914.6812040354517,254.12649915142373,905.4,669.3
21165,19509,914.6812040354517,254.12649915142373,905.4,669.3
21165,19510,914.6812040354517,254.12649915142373,905.4,669.3
21165,19511,914.6812040354517,254.12649915142373,905.4,669.3
21165,19512,914.6812040354517,254.12649915142373,905.4,669.3
21165,19513,914.6812040354517,254.12649915142373,905.4,669.3
21165,19514,914.6812040354517,254.12649915142373,905.4,669.3
21165,19515,914.6812040354517,254.12649915142373,905.4,669.3
21165,19516,914.6812040354517,254.12649915142373,905.4,669.3
21165,19517,914.6812040354517,254.12649915142373,905.4,669.3
21165,19518,914.6812040354517,254.12649915142373,905.4,669.3
21165,19519,914.6812040354517,254.12649915142373,905.4,669.3
21165,19520,914.6812040354517,254.12649915142373,905.4,669.3
21165,19521,914.6812040354517,254.12649915142373,905.4,669.3
21165,19522,914.6812040354517,254.12649915142373,905.4,669.3
21165,19523,914.6812040354517,254.12649915142373,905.4,669.3
21165,19524,914.6812040354517,254.12649915142373,905.4,669.3
21165,19525,914.6812040354517,254.12649915142373,905.4,669.3
21165,19526,914.6812040354517,254.12649915142373,905.4,669.3
21165,19527,914.6812040354517,254.12649915142373,905.4,669.3
21165,19528,914.6812040354517,254.12649915142373,905.4,669.3
21165,19529,914.6812040354517,254.12649915142373,905.4,669.3
21165,19530,887.6812040354517,464.12649915142373,905.4,669.3
21165,19531,887.6812040354517,464.12649915142373,905.4,669.3
21165,19532,887.6812040354517,464.12649915142373,905.4,669.3
21165,19533,887.6812040354517,464.12649915142373,905.4,669.3
21165,19534,887.6812040354517,464.12649915142373,905.4,669.3
21165,19535,887.6812040354517,464.12649915142373,905.4,669.3
21165,19536,887.6812040354517,464.12649915142373,905.4,669.3
21165,19537,887.6812040354517,464.12649915142373,905.4,669.3
21165,19538,887.6812040354517,464.12649915142373,905.4,669.3
21165,19539,887.6812040354517,464.12649915142373,905.4,669.3
21165,19540,887.6812040354517,464.12649915142373,905.4,669.3
21165,19541,887.6812040354517,464.12649915142373,905.4,669.3
21165,19542,887.6812040354517,464.12649915142373,905.4,669.3
21165,19543,887.6812040354517,464.12649915142373,905.4,669.3
21165,19544,887.6812040354517,464.12649915142373,905.4,669.3
21165,19545,887.6812040354517,464.12649915142373,905.4,669.3
21165,19546,887.6812040354517,464.12649915142373,905.4,669.3
21165,19547,887.6812040354517,464.12649915142373,905.4,669.3
21165,19548,887.6812040354517,464.12649915142373,905.4,669.3
21165,19549,887.6812040354517,464.12649915142373,905.4,669.3
21165,19550,887.6812040354517,464.12649915142373,905.4,669.3
21165,19551,887.6812040354517,464.12649915142373,905.4,669.3
21165,19552,887.6812040354517,464.12649915142373,905.4,669.3
21165,19553,887.6812040354517,464.12649915142373,905.4,669.3
21165,19554,887.6812040354517,464.12649915142373,905.4,669.3
21165,19555,887.6812040354517,464.12649915142373,905.4,669.3
21165,19556,887.6812040354517,464.12649915142373,905.4,669.3
21165,19557,887.6812040354517,464.12649915142373,905.4,669.3
21165,19558,887.6812040354517,464.12649915142373,905.4,669.3
21165,19559,887.6812040354517,464.12649915142373,905.4,669.3
21165,19560,887.6812040354517,464.12649915142373,905.4,669.3
21165,19561,887.6812040354517,464.12649915142373,905.4,669.3
21165,19562,887.6812040354517,464.12649915142373,905.4,669.3
21165,19563,887.6812040354517,464.12649915142373,905.4,669.3
21165,19564,860.6812040354517,673.1264991514238,905.4,669.3
21165,19565,860.6812040354517,673.1264991514238,905.4,669.3
21165,19566,860.6812040354517,673.1264991514238,905.4,669.3
21165,19567,860.6812040354517,673.1264991514238,905.4,669.3
21165,19568,860.6812040354517,673.1264991514238,905.4,669.3
21165,19569,860.6812040354517,673.1264991514238,905.4,669.3
21165,19570,860.6812040354517,673.1264991514238,905.4,669.3
21165,19571,860.6812040354517,673.1264991514238,905.4,669.3
21165,19572,860.6812040354517,673.1264991514238,905.4,669.3
21165,19573,860.6812040354517,673.1264991514238,905.4,669.3
21165,19574,860.6812040354517,673.1264991514238,905.4,669.3
21165,19575,860.6812040354517,673.1264991514238,905.4,669.3
21165,19576,860.6812040354517,673.1264991514238,905.4,669.3
21165,19577,860.6812040354517,673.1264991514238,905.4,669.3
21165,19578,860.6812040354517,673.1264991514238,905.4,669.3
21165,19579,860.6812040354517,673.1264991514238,905.4,669.3
21165,19580,860.6812040354517,673.1264991514238,905.4,669.3
21165,19581,860.6812040354517,673.1264991514238,905.4,669.3
21165,19582,860.6812040354517,673.1264991514238,905.4,669.3
21165,19583,860.6812040354517,673.1264991514238,905.4,669.3
21165,19584,860.6812040354517,673.1264991514238,905.4,669.3
21165,19585,860.6812040354517,673.1264991514238,905.4,669.3
21165,19586,860.6812040354517,673.1264991514238,905.4,669.3
21165,19587,860.6812040354517,673.1264991514238,905.4,669.3
21165,19588,860.6812040354517,673.1264991514238,905.4,669.3
21165,19589,860.6812040354517,673.1264991514238,905.4,669.3
21165,19590,860.6812040354517,673.1264991514238,905.4,669.3
21165,19591,860.6812040354517,673.1264991514238,905.4,669.3
21165,19592,860.6812040354517,673.1264991514238,905.4,669.3
21165,19593,860.6812040354517,673.1264991514238,905.4,669.3
21165,19594,860.6812040354517,673.1264991514238,905.4,669.3
21165,19595,860.6812040354517,673.1264991514238,905.4,669.3
21165,19596,860.6812040354517,673.1264991514238,905.4,669.3
21165,19597,860.6812040354517,673.1264991514238,905.4,669.3
21165,19598,860.6812040354517,673.1264991514238,905.4,669.3
21165,19599,860.6812040354517,673.1264991514238,905.4,669.3
21165,19600,860.6812040354517,673.1264991514238,905.4,669.3
21165,19601,860.6812040354517,673.1264991514238,905.4,669.3
21165,19602,860.6812040354517,673.1264991514238,905.4,669.3
21165,19603,860.6812040354517,673.1264991514238,905.4,669.3
21165,19604,860.6812040354517,673.1264991514238,905.4,669.3
21165,19605,860.6812040354517,673.1264991514238,905.4,669.3
21165,19606,860.6812040354517,673.1264991514238,905.4,669.3
21165,19607,860.6812040354517,673.1264991514238,905.4,669.3
21165,19608,860.6812040354517,673.1264991514238,905.4,669.3
21165,19609,860.6812040354517,673.1264991514238,905.4,669.3
21165,19610,860.6812040354517,673.1264991514238,905.4,669.3
21165,19611,860.6812040354517,673.1264991514238,905.4,669.3
21165,19612,860.6812040354517,673.1264991514238,905.4,669.3
21165,19613,860.6812040354517,673.1264991514238,905.4,669.3
21165,19614,860.6812040354517,673.1264991514238,905.4,669.3
21165,19615,860.6812040354517,673.1264991514238,905.4,669.3
21165,19616,860.6812040354517,673.1264991514238,905.4,669.3
21165,19617,860.6812040354517,673.1264991514238,905.4,669.3
21165,19618,860.6812040354517,673.1264991514238,905.4,669.3
21165,19619,860.6812040354517,673.1264991514238,905.4,669.3
21165,19620,860.6812040354517,673.1264991514238,905.4,669.3
21165,19621,860.6812040354517,673.1264991514238,905.4,669.3
21165,19622,860.6812040354517,673.1264991514238,905.4,669.3
21165,19623,860.6812040354517,673.1264991514238,905.4,669.3
21165,19624,860.6812040354517,673.1264991514238,905.4,669.3
21165,19625,860.6812040354517,673.1264991514238,905.4,669.3
21165,19626,860.6812040354517,673.1264991514238,905.4,669.3
21165,19627,860.6812040354517,673.1264991514238,905.4,669.3
21165,19628,860.6812040354517,673.1264991514238,905.4,669.3
21165,19629,860.6812040354517,673.1264991514238,905.4,669.3
21165,19630,1025.6812040354516,315.12649915142373,905.4,669.3
21165,19631,1025.6812040354516,315.12649915142373,905.4,669.3
21165,19632,1025.6812040354516,315.12649915142373,905.4,669.3
21165,19633,1025.6812040354516,315.12649915142373,905.4,669.3
21165,19634,1025.6812040354516,315.12649915142373,905.4,669.3
21165,19635,1025.6812040354516,315.12649915142373,905.4,669.3
21165,19636,1025.6812040354516,315.12649915142373,905.4,669.3
21165,19637,1025.6812040354516,315.12649915142373,905.4,669.3
21165,19638,1025.6812040354516,315.12649915142373,905.4,669.3
21165,19639,1025.6812040354516,315.12649915142373,905.4,669.3
21165,19640,1025.6812040354516,315.12649915142373,905.4,669.3
21165,19641,1025.6812040354516,315.12649915142373,905.4,669.3
21165,19642,1025.6812040354516,315.12649915142373,905.4,669.3
21165,19643,1025.6812040354516,315.12649915142373,905.4,669.3
21165,19644,1025.6812040354516,315.12649915142373,905.4,669.3
21165,19645,1025.6812040354516,315.12649915142373,905.4,669.3
21165,19646,1025.6812040354516,315.12649915142373,905.4,669.3
21165,19647,1025.6812040354516,315.12649915142373,905.4,669.3
21165,19648,1025.6812040354516,315.12649915142373,905.4,669.3
21165,19649,1025.6812040354516,315.12649915142373,905.4,669.3
21165,19650,1025.6812040354516,315.12649915142373,905.4,669.3
21165,19651,1025.6812040354516,315.12649915142373,905.4,669.3
21165,19652,1025.6812040354516,315.12649915142373,905.4,669.3
21165,19653,1025.6812040354516,315.12649915142373,905.4,669.3
21165,19654,1025.6812040354516,315.12649915142373,905.4,669.3
21165,19655,1025.6812040354516,315.12649915142373,905.4,669.3
21165,19656,1025.6812040354516,315.12649915142373,905.4,669.3
21165,19657,1025.6812040354516,315.12649915142373,905.4,669.3
21165,19658,1025.6812040354516,315.12649915142373,905.4,669.3
21165,19659,1025.6812040354516,315.12649915142373,905.4,669.3
21165,19660,1025.6812040354516,315.12649915142373,905.4,669.3
21165,19661,1025.6812040354516,315.12649915142373,905.4,669.3
21165,19662,1025.6812040354516,315.12649915142373,905.4,669.3
21165,19663,1025.6812040354516,315.12649915142373,905.4,669.3
21165,19664,1025.6812040354516,315.12649915142373,905.4,669.3
21165,19665,1025.6812040354516,315.12649915142373,905.4,669.3
21165,19666,1025.6812040354516,315.12649915142373,905.4,669.3
21165,19667,1025.6812040354516,315.12649915142373,905.4,669.3
21165,19668,1025.6812040354516,315.12649915142373,905.4,669.3
21165,19669,1025.6812040354516,315.12649915142373,905.4,669.3
21165,19670,1025.6812040354516,315.12649915142373,905.4,669.3
21165,19671,1025.6812040354516,315.12649915142373,905.4,669.3
21165,19672,1025.6812040354516,315.12649915142373,905.4,669.3
21165,19673,1025.6812040354516,315.12649915142373,905.4,669.3
21165,19674,1025.6812040354516,315.12649915142373,905.4,669.3
21165,19675,1025.6812040354516,315.12649915142373,905.4,669.3
21165,19676,1025.6812040354516,315.12649915142373,905.4,669.3
21165,19677,1025.6812040354516,315.12649915142373,905.4,669.3
21165,19678,1025.6812040354516,315.12649915142373,905.4,669.3
21165,19679,1025.6812040354516,315.12649915142373,905.4,669.3
21165,19680,1025.6812040354516,315.12649915142373,905.4,669.3
21165,19681,1025.6812040354516,315.12649915142373,905.4,669.3
21165,19682,1025.6812040354516,315.12649915142373,905.4,669.3
21165,19683,1025.6812040354516,315.12649915142373,905.4,669.3
21165,19684,1025.6812040354516,315.12649915142373,905.4,669.3
21165,19685,1025.6812040354516,315.12649915142373,905.4,669.3
21165,19686,1025.6812040354516,315.12649915142373,905.4,669.3
21165,19687,1025.6812040354516,315.12649915142373,905.4,669.3
21165,19688,1025.6812040354516,315.12649915142373,905.4,669.3
21165,19689,1025.6812040354516,315.12649915142373,905.4,669.3
21165,19690,1025.6812040354516,315.12649915142373,905.4,669.3
21165,19691,1025.6812040354516,315.12649915142373,905.4,669.3
21165,19692,1025.6812040354516,315.12649915142373,905.4,669.3
21165,19693,1025.6812040354516,315.12649915142373,905.4,669.3
21165,19694,1025.6812040354516,315.12649915142373,905.4,669.3
21165,19695,1025.6812040354516,315.12649915142373,905.4,669.3
21165,19696,1025.6812040354516,315.12649915142373,905.4,669.3
21165,19697,987.6812040354517,279.12649915142373,905.4,669.3
21165,19698,987.6812040354517,279.12649915142373,905.4,669.3
21165,19699,987.6812040354517,279.12649915142373,905.4,669.3
21165,19700,987.6812040354517,279.12649915142373,905.4,669.3
21165,19701,987.6812040354517,279.12649915142373,905.4,669.3
21165,19702,987.6812040354517,279.12649915142373,905.4,669.3
21165,19703,987.6812040354517,279.12649915142373,905.4,669.3
21165,19704,987.6812040354517,279.12649915142373,905.4,669.3
21165,19705,987.6812040354517,279.12649915142373,905.4,669.3
21165,19706,987.6812040354517,279.12649915142373,905.4,669.3
21165,19707,987.6812040354517,279.12649915142373,905.4,669.3
21165,19708,987.6812040354517,279.12649915142373,905.4,669.3
21165,19709,987.6812040354517,279.12649915142373,905.4,669.3
21165,19710,987.6812040354517,279.12649915142373,905.4,669.3
21165,19711,987.6812040354517,279.12649915142373,905.4,669.3
21165,19712,987.6812040354517,279.12649915142373,905.4,669.3
21165,19713,987.6812040354517,279.12649915142373,905.4,669.3
21165,19714,987.6812040354517,279.12649915142373,905.4,669.3
21165,19715,987.6812040354517,279.12649915142373,905.4,669.3
21165,19716,987.6812040354517,279.12649915142373,905.4,669.3
21165,19717,987.6812040354517,279.12649915142373,905.4,669.3
21165,19718,987.6812040354517,279.12649915142373,905.4,669.3
21165,19719,987.6812040354517,279.12649915142373,905.4,669.3
21165,19720,987.6812040354517,279.12649915142373,905.4,669.3
21165,19721,987.6812040354517,279.12649915142373,905.4,669.3
21165,19722,987.6812040354517,279.12649915142373,905.4,669.3
21165,19723,987.6812040354517,279.12649915142373,905.4,669.3
21165,19724,987.6812040354517,279.12649915142373,905.4,669.3
21165,19725,987.6812040354517,279.12649915142373,905.4,669.3
21165,19726,987.6812040354517,279.12649915142373,905.4,669.3
21165,19727,987.6812040354517,279.12649915142373,905.4,669.3
21165,19728,987.6812040354517,279.12649915142373,905.4,669.3
21165,19729,987.6812040354517,279.12649915142373,905.4,669.3
21165,19730,949.6812040354517,242.12649915142373,905.4,669.3
21165,19731,949.6812040354517,242.12649915142373,905.4,669.3
21165,19732,949.6812040354517,242.12649915142373,905.4,669.3
21165,19733,949.6812040354517,242.12649915142373,905.4,669.3
21165,19734,949.6812040354517,242.12649915142373,905.4,669.3
21165,19735,949.6812040354517,242.12649915142373,905.4,669.3
21165,19736,949.6812040354517,242.12649915142373,905.4,669.3
21165,19737,949.6812040354517,242.12649915142373,905.4,669.3
21165,19738,949.6812040354517,242.12649915142373,905.4,669.3
21165,19739,949.6812040354517,242.12649915142373,905.4,669.3
21165,19740,949.6812040354517,242.12649915142373,905.4,669.3
21165,19741,949.6812040354517,242.12649915142373,905.4,669.3
21165,19742,949.6812040354517,242.12649915142373,905.4,669.3
21165,19743,949.6812040354517,242.12649915142373,905.4,669.3
21165,19744,949.6812040354517,242.12649915142373,905.4,669.3
21165,19745,949.6812040354517,242.12649915142373,905.4,669.3
21165,19746,949.6812040354517,242.12649915142373,905.4,669.3
21165,19747,949.6812040354517,242.12649915142373,905.4,669.3
21165,19748,949.6812040354517,242.12649915142373,905.4,669.3
21165,19749,949.6812040354517,242.12649915142373,905.4,669.3
21165,19750,949.6812040354517,242.12649915142373,905.4,669.3
21165,19751,949.6812040354517,242.12649915142373,905.4,669.3
21165,19752,949.6812040354517,242.12649915142373,905.4,669.3
21165,19753,949.6812040354517,242.12649915142373,905.4,669.3
21165,19754,949.6812040354517,242.12649915142373,905.4,669.3
21165,19755,949.6812040354517,242.12649915142373,905.4,669.3
21165,19756,949.6812040354517,242.12649915142373,905.4,669.3
21165,19757,949.6812040354517,242.12649915142373,905.4,669.3
21165,19758,949.6812040354517,242.12649915142373,905.4,669.3
21165,19759,949.6812040354517,242.12649915142373,905.4,669.3
21165,19760,949.6812040354517,242.12649915142373,905.4,669.3
21165,19761,949.6812040354517,242.12649915142373,905.4,669.3
21165,19762,949.6812040354517,242.12649915142373,905.4,669.3
21165,19763,949.6812040354517,242.12649915142373,905.4,669.3
21165,19764,949.6812040354517,242.12649915142373,905.4,669.3
21165,19765,949.6812040354517,242.12649915142373,905.4,669.3
21165,19766,949.6812040354517,242.12649915142373,905.4,669.3
21165,19767,949.6812040354517,242.12649915142373,905.4,669.3
21165,19768,949.6812040354517,242.12649915142373,905.4,669.3
21165,19769,949.6812040354517,242.12649915142373,905.4,669.3
21165,19770,949.6812040354517,242.12649915142373,905.4,669.3
21165,19771,949.6812040354517,242.12649915142373,905.4,669.3
21165,19772,949.6812040354517,242.12649915142373,905.4,669.3
21165,19773,949.6812040354517,242.12649915142373,905.4,669.3
21165,19774,949.6812040354517,242.12649915142373,905.4,669.3
21165,19775,949.6812040354517,242.12649915142373,905.4,669.3
21165,19776,949.6812040354517,242.12649915142373,905.4,669.3
21165,19777,949.6812040354517,242.12649915142373,905.4,669.3
21165,19778,949.6812040354517,242.12649915142373,905.4,669.3
21165,19779,949.6812040354517,242.12649915142373,905.4,669.3
21165,19780,949.6812040354517,242.12649915142373,905.4,669.3
21165,19781,949.6812040354517,242.12649915142373,905.4,669.3
21165,19782,949.6812040354517,242.12649915142373,905.4,669.3
21165,19783,949.6812040354517,242.12649915142373,905.4,669.3
21165,19784,949.6812040354517,242.12649915142373,905.4,669.3
21165,19785,949.6812040354517,242.12649915142373,905.4,669.3
21165,19786,949.6812040354517,242.12649915142373,905.4,669.3
21165,19787,949.6812040354517,242.12649915142373,905.4,669.3
21165,19788,949.6812040354517,242.12649915142373,905.4,669.3
21165,19789,949.6812040354517,242.12649915142373,905.4,669.3
21165,19790,949.6812040354517,242.12649915142373,905.4,669.3
21165,19791,949.6812040354517,242.12649915142373,905.4,669.3
21165,19792,949.6812040354517,242.12649915142373,905.4,669.3
21165,19793,949.6812040354517,242.12649915142373,905.4,669.3
21165,19794,949.6812040354517,242.12649915142373,905.4,669.3
21165,19795,949.6812040354517,242.12649915142373,905.4,669.3
21165,19796,949.6812040354517,242.12649915142373,905.4,669.3
21165,19797,949.6812040354517,242.12649915142373,905.4,669.3
21165,19798,949.6812040354517,242.12649915142373,905.4,669.3
21165,19799,949.6812040354517,242.12649915142373,905.4,669.3
21165,19800,949.6812040354517,242.12649915142373,905.4,669.3
21165,19801,949.6812040354517,242.12649915142373,905.4,669.3
21165,19802,949.6812040354517,242.12649915142373,905.4,669.3
21165,19803,949.6812040354517,242.12649915142373,905.4,669.3
21165,19804,949.6812040354517,242.12649915142373,905.4,669.3
21165,19805,949.6812040354517,242.12649915142373,905.4,669.3
21165,19806,949.6812040354517,242.12649915142373,905.4,669.3
21165,19807,949.6812040354517,242.12649915142373,905.4,669.3
21165,19808,949.6812040354517,242.12649915142373,905.4,669.3
21165,19809,949.6812040354517,242.12649915142373,905.4,669.3
21165,19810,949.6812040354517,242.12649915142373,905.4,669.3
21165,19811,949.6812040354517,242.12649915142373,905.4,669.3
21165,19812,949.6812040354517,242.12649915142373,905.4,669.3
21165,19813,949.6812040354517,242.12649915142373,905.4,669.3
21165,19814,949.6812040354517,242.12649915142373,905.4,669.3
21165,19815,949.6812040354517,242.12649915142373,905.4,669.3
21165,19816,949.6812040354517,242.12649915142373,905.4,669.3
21165,19817,949.6812040354517,242.12649915142373,905.4,669.3
21165,19818,949.6812040354517,242.12649915142373,905.4,669.3
21165,19819,949.6812040354517,242.12649915142373,905.4,669.3
21165,19820,949.6812040354517,242.12649915142373,905.4,669.3
21165,19821,949.6812040354517,242.12649915142373,905.4,669.3
21165,19822,949.6812040354517,242.12649915142373,905.4,669.3
21165,19823,949.6812040354517,242.12649915142373,905.4,669.3
21165,19824,949.6812040354517,242.12649915142373,905.4,669.3
21165,19825,949.6812040354517,242.12649915142373,905.4,669.3
21165,19826,949.6812040354517,242.12649915142373,905.4,669.3
21165,19827,949.6812040354517,242.12649915142373,905.4,669.3
21165,19828,949.6812040354517,242.12649915142373,905.4,669.3
21165,19829,949.6812040354517,242.12649915142373,905.4,669.3
21165,19830,949.6812040354517,242.12649915142373,905.4,669.3
21165,19831,949.6812040354517,242.12649915142373,905.4,669.3
21165,19832,949.6812040354517,242.12649915142373,905.4,669.3
21165,19833,949.6812040354517,242.12649915142373,905.4,669.3
21165,19834,949.6812040354517,242.12649915142373,905.4,669.3
21165,19835,949.6812040354517,242.12649915142373,905.4,669.3
21165,19836,949.6812040354517,242.12649915142373,905.4,669.3
21165,19837,949.6812040354517,242.12649915142373,905.4,669.3
21165,19838,949.6812040354517,242.12649915142373,905.4,669.3
21165,19839,949.6812040354517,242.12649915142373,905.4,669.3
21165,19840,949.6812040354517,242.12649915142373,905.4,669.3
21165,19841,949.6812040354517,242.12649915142373,905.4,669.3
21165,19842,949.6812040354517,242.12649915142373,905.4,669.3
21165,19843,949.6812040354517,242.12649915142373,905.4,669.3
21165,19844,949.6812040354517,242.12649915142373,905.4,669.3
21165,19845,949.6812040354517,242.12649915142373,905.4,669.3
21165,19846,949.6812040354517,242.12649915142373,905.4,669.3
21165,19847,949.6812040354517,242.12649915142373,905.4,669.3
21165,19848,949.6812040354517,242.12649915142373,905.4,669.3
21165,19849,949.6812040354517,242.12649915142373,905.4,669.3
21165,19850,949.6812040354517,242.12649915142373,905.4,669.3
21165,19851,949.6812040354517,242.12649915142373,905.4,669.3
21165,19852,949.6812040354517,242.12649915142373,905.4,669.3
21165,19853,949.6812040354517,242.12649915142373,905.4,669.3
21165,19854,949.6812040354517,242.12649915142373,905.4,669.3
21165,19855,949.6812040354517,242.12649915142373,905.4,669.3
21165,19856,949.6812040354517,242.12649915142373,905.4,669.3
21165,19857,949.6812040354517,242.12649915142373,905.4,669.3
21165,19858,949.6812040354517,242.12649915142373,905.4,669.3
21165,19859,949.6812040354517,242.12649915142373,905.4,669.3
21165,19860,949.6812040354517,242.12649915142373,905.4,669.3
21165,19861,949.6812040354517,242.12649915142373,905.4,669.3
21165,19862,949.6812040354517,242.12649915142373,905.4,669.3
21165,19863,949.6812040354517,242.12649915142373,905.4,669.3
21165,19864,949.6812040354517,242.12649915142373,905.4,669.3
21165,19865,949.6812040354517,242.12649915142373,905.4,669.3
21165,19866,949.6812040354517,242.12649915142373,905.4,669.3
21165,19867,949.6812040354517,242.12649915142373,905.4,669.3
21165,19868,949.6812040354517,242.12649915142373,905.4,669.3
21165,19869,949.6812040354517,242.12649915142373,905.4,669.3
21165,19870,949.6812040354517,242.12649915142373,905.4,669.3
21165,19871,949.6812040354517,242.12649915142373,905.4,669.3
21165,19872,949.6812040354517,242.12649915142373,905.4,669.3
21165,19873,949.6812040354517,242.12649915142373,905.4,669.3
21165,19874,949.6812040354517,242.12649915142373,905.4,669.3
21165,19875,949.6812040354517,242.12649915142373,905.4,669.3
21165,19876,949.6812040354517,242.12649915142373,905.4,669.3
21165,19877,949.6812040354517,242.12649915142373,905.4,669.3
21165,19878,949.6812040354517,242.12649915142373,905.4,669.3
21165,19879,949.6812040354517,242.12649915142373,905.4,669.3
21165,19880,949.6812040354517,242.12649915142373,905.4,669.3
21165,19881,949.6812040354517,242.12649915142373,905.4,669.3
21165,19882,949.6812040354517,242.12649915142373,905.4,669.3
21165,19883,949.6812040354517,242.12649915142373,905.4,669.3
21165,19884,949.6812040354517,242.12649915142373,905.4,669.3
21165,19885,949.6812040354517,242.12649915142373,905.4,669.3
21165,19886,949.6812040354517,242.12649915142373,905.4,669.3
21165,19887,949.6812040354517,242.12649915142373,905.4,669.3
21165,19888,949.6812040354517,242.12649915142373,905.4,669.3
21165,19889,949.6812040354517,242.12649915142373,905.4,669.3
21165,19890,949.6812040354517,242.12649915142373,905.4,669.3
21165,19891,949.6812040354517,242.12649915142373,905.4,669.3
21165,19892,949.6812040354517,242.12649915142373,905.4,669.3
21165,19893,949.6812040354517,242.12649915142373,905.4,669.3
21165,19894,949.6812040354517,242.12649915142373,905.4,669.3
21165,19895,949.6812040354517,242.12649915142373,905.4,669.3
21165,19896,949.6812040354517,242.12649915142373,905.4,669.3
21165,19897,949.6812040354517,242.12649915142373,905.4,669.3
21165,19898,949.6812040354517,242.12649915142373,905.4,669.3
21165,19899,949.6812040354517,242.12649915142373,905.4,669.3
21165,19900,949.6812040354517,242.12649915142373,905.4,669.3
21165,19901,949.6812040354517,242.12649915142373,905.4,669.3
21165,19902,949.6812040354517,242.12649915142373,905.4,669.3
21165,19903,949.6812040354517,242.12649915142373,905.4,669.3
21165,19904,949.6812040354517,242.12649915142373,905.4,669.3
21165,19905,1304.6812040354516,251.12649915142373,905.4,669.3
21165,19906,1304.6812040354516,251.12649915142373,905.4,669.3
21165,19907,1304.6812040354516,251.12649915142373,905.4,669.3
21165,19908,1304.6812040354516,251.12649915142373,905.4,669.3
21165,19909,1304.6812040354516,251.12649915142373,905.4,669.3
21165,19910,1304.6812040354516,251.12649915142373,905.4,669.3
21165,19911,1304.6812040354516,251.12649915142373,905.4,669.3
21165,19912,1304.6812040354516,251.12649915142373,905.4,669.3
21165,19913,1304.6812040354516,251.12649915142373,905.4,669.3
21165,19914,1304.6812040354516,251.12649915142373,905.4,669.3
21165,19915,1304.6812040354516,251.12649915142373,905.4,669.3
21165,19916,1304.6812040354516,251.12649915142373,905.4,669.3
21165,19917,1304.6812040354516,251.12649915142373,905.4,669.3
21165,19918,1304.6812040354516,251.12649915142373,905.4,669.3
21165,19919,1304.6812040354516,251.12649915142373,905.4,669.3
21165,19920,1304.6812040354516,251.12649915142373,905.4,669.3
21165,19921,1304.6812040354516,251.12649915142373,905.4,669.3
21165,19922,1304.6812040354516,251.12649915142373,905.4,669.3
21165,19923,1304.6812040354516,251.12649915142373,905.4,669.3
21165,19924,1304.6812040354516,251.12649915142373,905.4,669.3
21165,19925,1304.6812040354516,251.12649915142373,905.4,669.3
21165,19926,1304.6812040354516,251.12649915142373,905.4,669.3
21165,19927,1304.6812040354516,251.12649915142373,905.4,669.3
21165,19928,1304.6812040354516,251.12649915142373,905.4,669.3
21165,19929,1304.6812040354516,251.12649915142373,905.4,669.3
21165,19930,1304.6812040354516,251.12649915142373,905.4,669.3
21165,19931,1304.6812040354516,251.12649915142373,905.4,669.3
21165,19932,1304.6812040354516,251.12649915142373,905.4,669.3
21165,19933,1304.6812040354516,251.12649915142373,905.4,669.3
21165,19934,1304.6812040354516,251.12649915142373,905.4,669.3
21165,19935,1304.6812040354516,251.12649915142373,905.4,669.3
21165,19936,1304.6812040354516,251.12649915142373,905.4,669.3
21165,19937,1304.6812040354516,251.12649915142373,905.4,669.3
21165,19938,1304.6812040354516,251.12649915142373,905.4,669.3
21165,19939,1304.6812040354516,251.12649915142373,905.4,669.3
21165,19940,1304.6812040354516,251.12649915142373,905.4,669.3
21165,19941,1304.6812040354516,251.12649915142373,905.4,669.3
21165,19942,1304.6812040354516,251.12649915142373,905.4,669.3
21165,19943,1304.6812040354516,251.12649915142373,905.4,669.3
21165,19944,1304.6812040354516,251.12649915142373,905.4,669.3
21165,19945,1304.6812040354516,251.12649915142373,905.4,669.3
21165,19946,1304.6812040354516,251.12649915142373,905.4,669.3
21165,19947,1304.6812040354516,251.12649915142373,905.4,669.3
21165,19948,1304.6812040354516,251.12649915142373,905.4,669.3
21165,19949,1304.6812040354516,251.12649915142373,905.4,669.3
21165,19950,1304.6812040354516,251.12649915142373,905.4,669.3
21165,19951,1304.6812040354516,251.12649915142373,905.4,669.3
21165,19952,1304.6812040354516,251.12649915142373,905.4,669.3
21165,19953,1304.6812040354516,251.12649915142373,905.4,669.3
21165,19954,1304.6812040354516,251.12649915142373,905.4,669.3
21165,19955,1304.6812040354516,251.12649915142373,905.4,669.3
21165,19956,1304.6812040354516,251.12649915142373,905.4,669.3
21165,19957,1304.6812040354516,251.12649915142373,905.4,669.3
21165,19958,1304.6812040354516,251.12649915142373,905.4,669.3
21165,19959,1304.6812040354516,251.12649915142373,905.4,669.3
21165,19960,1304.6812040354516,251.12649915142373,905.4,669.3
21165,19961,1304.6812040354516,251.12649915142373,905.4,669.3
21165,19962,1304.6812040354516,251.12649915142373,905.4,669.3
21165,19963,1304.6812040354516,251.12649915142373,905.4,669.3
21165,19964,1304.6812040354516,251.12649915142373,905.4,669.3
21165,19965,1304.6812040354516,251.12649915142373,905.4,669.3
21165,19966,1304.6812040354516,251.12649915142373,905.4,669.3
21165,19967,1304.6812040354516,251.12649915142373,905.4,669.3
21165,19968,1304.6812040354516,251.12649915142373,905.4,669.3
21165,19969,1304.6812040354516,251.12649915142373,905.4,669.3
21165,19970,1304.6812040354516,251.12649915142373,905.4,669.3
21165,19971,1304.6812040354516,251.12649915142373,905.4,669.3
21165,19972,1304.6812040354516,251.12649915142373,905.4,669.3
21165,19973,1304.6812040354516,251.12649915142373,905.4,669.3
21165,19974,1304.6812040354516,251.12649915142373,905.4,669.3
21165,19975,1304.6812040354516,251.12649915142373,905.4,669.3
21165,19976,1304.6812040354516,251.12649915142373,905.4,669.3
21165,19977,1304.6812040354516,251.12649915142373,905.4,669.3
21165,19978,1304.6812040354516,251.12649915142373,905.4,669.3
21165,19979,1304.6812040354516,251.12649915142373,905.4,669.3
21165,19980,1304.6812040354516,251.12649915142373,905.4,669.3
21165,19981,1304.6812040354516,251.12649915142373,905.4,669.3
21165,19982,1304.6812040354516,251.12649915142373,905.4,669.3
21165,19983,1304.6812040354516,251.12649915142373,905.4,669.3
21165,19984,1304.6812040354516,251.12649915142373,905.4,669.3
21165,19985,1304.6812040354516,251.12649915142373,905.4,669.3
21165,19986,1304.6812040354516,251.12649915142373,905.4,669.3
21165,19987,1304.6812040354516,251.12649915142373,905.4,669.3
21165,19988,1304.6812040354516,251.12649915142373,905.4,669.3
21165,19989,1304.6812040354516,251.12649915142373,905.4,669.3
21165,19990,1304.6812040354516,251.12649915142373,905.4,669.3
21165,19991,1304.6812040354516,251.12649915142373,905.4,669.3
21165,19992,1304.6812040354516,251.12649915142373,905.4,669.3
21165,19993,1304.6812040354516,251.12649915142373,905.4,669.3
21165,19994,1304.6812040354516,251.12649915142373,905.4,669.3
21165,19995,1304.6812040354516,251.12649915142373,905.4,669.3
21165,19996,1304.6812040354516,251.12649915142373,905.4,669.3
21165,19997,1116.6812040354516,465.12649915142373,905.4,669.3
21165,19998,1116.6812040354516,465.12649915142373,905.4,669.3
21165,19999,1116.6812040354516,465.12649915142373,905.4,669.3
21165,20000,1116.6812040354516,465.12649915142373,905.4,669.3
21165,20001,1116.6812040354516,465.12649915142373,905.4,669.3
21165,20002,1116.6812040354516,465.12649915142373,905.4,669.3
21165,20003,1116.6812040354516,465.12649915142373,905.4,669.3
21165,20004,1116.6812040354516,465.12649915142373,905.4,669.3
21165,20005,1116.6812040354516,465.12649915142373,905.4,669.3
21165,20006,1116.6812040354516,465.12649915142373,905.4,669.3
21165,20007,1116.6812040354516,465.12649915142373,905.4,669.3
21165,20008,1116.6812040354516,465.12649915142373,905.4,669.3
21165,20009,1116.6812040354516,465.12649915142373,905.4,669.3
21165,20010,1116.6812040354516,465.12649915142373,905.4,669.3
21165,20011,1116.6812040354516,465.12649915142373,905.4,669.3
21165,20012,1116.6812040354516,465.12649915142373,905.4,669.3
21165,20013,1116.6812040354516,465.12649915142373,905.4,669.3
21165,20014,1116.6812040354516,465.12649915142373,905.4,669.3
21165,20015,1116.6812040354516,465.12649915142373,905.4,669.3
21165,20016,1116.6812040354516,465.12649915142373,905.4,669.3
21165,20017,1116.6812040354516,465.12649915142373,905.4,669.3
21165,20018,1116.6812040354516,465.12649915142373,905.4,669.3
21165,20019,1116.6812040354516,465.12649915142373,905.4,669.3
21165,20020,1116.6812040354516,465.12649915142373,905.4,669.3
21165,20021,1116.6812040354516,465.12649915142373,905.4,669.3
21165,20022,1116.6812040354516,465.12649915142373,905.4,669.3
21165,20023,1116.6812040354516,465.12649915142373,905.4,669.3
21165,20024,1116.6812040354516,465.12649915142373,905.4,669.3
21165,20025,1116.6812040354516,465.12649915142373,905.4,669.3
21165,20026,1116.6812040354516,465.12649915142373,905.4,669.3
21165,20027,1116.6812040354516,465.12649915142373,905.4,669.3
21165,20028,1116.6812040354516,465.12649915142373,905.4,669.3
21165,20029,1116.6812040354516,465.12649915142373,905.4,669.3
21165,20030,927.6812040354517,679.1264991514238,905.4,669.3
21165,20031,927.6812040354517,679.1264991514238,905.4,669.3
21165,20032,927.6812040354517,679.1264991514238,905.4,669.3
21165,20033,927.6812040354517,679.1264991514238,905.4,669.3
21165,20034,927.6812040354517,679.1264991514238,905.4,669.3
21165,20035,927.6812040354517,679.1264991514238,905.4,669.3
21165,20036,927.6812040354517,679.1264991514238,905.4,669.3
21165,20037,927.6812040354517,679.1264991514238,905.4,669.3
21165,20038,927.6812040354517,679.1264991514238,905.4,669.3
21165,20039,927.6812040354517,679.1264991514238,905.4,669.3
21165,20040,927.6812040354517,679.1264991514238,905.4,669.3
21165,20041,927.6812040354517,679.1264991514238,905.4,669.3
21165,20042,927.6812040354517,679.1264991514238,905.4,669.3
21165,20043,927.6812040354517,679.1264991514238,905.4,669.3
21165,20044,927.6812040354517,679.1264991514238,905.4,669.3
21165,20045,927.6812040354517,679.1264991514238,905.4,669.3
21165,20046,927.6812040354517,679.1264991514238,905.4,669.3
21165,20047,927.6812040354517,679.1264991514238,905.4,669.3
21165,20048,927.6812040354517,679.1264991514238,905.4,669.3
21165,20049,927.6812040354517,679.1264991514238,905.4,669.3
21165,20050,927.6812040354517,679.1264991514238,905.4,669.3
21165,20051,927.6812040354517,679.1264991514238,905.4,669.3
21165,20052,927.6812040354517,679.1264991514238,905.4,669.3
21165,20053,927.6812040354517,679.1264991514238,905.4,669.3
21165,20054,927.6812040354517,679.1264991514238,905.4,669.3
21165,20055,927.6812040354517,679.1264991514238,905.4,669.3
21165,20056,927.6812040354517,679.1264991514238,905.4,669.3
21165,20057,927.6812040354517,679.1264991514238,905.4,669.3
21165,20058,927.6812040354517,679.1264991514238,905.4,669.3
21165,20059,927.6812040354517,679.1264991514238,905.4,669.3
21165,20060,927.6812040354517,679.1264991514238,905.4,669.3
21165,20061,927.6812040354517,679.1264991514238,905.4,669.3
21165,20062,927.6812040354517,679.1264991514238,905.4,669.3
21165,20063,927.6812040354517,679.1264991514238,905.4,669.3
21165,20064,927.6812040354517,679.1264991514238,905.4,669.3
21165,20065,927.6812040354517,679.1264991514238,905.4,669.3
21165,20066,927.6812040354517,679.1264991514238,905.4,669.3
21165,20067,927.6812040354517,679.1264991514238,905.4,669.3
21165,20068,927.6812040354517,679.1264991514238,905.4,669.3
21165,20069,927.6812040354517,679.1264991514238,905.4,669.3
21165,20070,927.6812040354517,679.1264991514238,905.4,669.3
21165,20071,927.6812040354517,679.1264991514238,905.4,669.3
21165,20072,927.6812040354517,679.1264991514238,905.4,669.3
21165,20073,927.6812040354517,679.1264991514238,905.4,669.3
21165,20074,927.6812040354517,679.1264991514238,905.4,669.3
21165,20075,927.6812040354517,679.1264991514238,905.4,669.3
21165,20076,927.6812040354517,679.1264991514238,905.4,669.3
21165,20077,927.6812040354517,679.1264991514238,905.4,669.3
21165,20078,927.6812040354517,679.1264991514238,905.4,669.3
21165,20079,927.6812040354517,679.1264991514238,905.4,669.3
21165,20080,927.6812040354517,679.1264991514238,905.4,669.3
21165,20081,927.6812040354517,679.1264991514238,905.4,669.3
21165,20082,927.6812040354517,679.1264991514238,905.4,669.3
21165,20083,927.6812040354517,679.1264991514238,905.4,669.3
21165,20084,927.6812040354517,679.1264991514238,905.4,669.3
21165,20085,927.6812040354517,679.1264991514238,905.4,669.3
21165,20086,927.6812040354517,679.1264991514238,905.4,669.3
21165,20087,927.6812040354517,679.1264991514238,905.4,669.3
21165,20088,927.6812040354517,679.1264991514238,905.4,669.3
21165,20089,927.6812040354517,679.1264991514238,905.4,669.3
21165,20090,927.6812040354517,679.1264991514238,905.4,669.3
21165,20091,927.6812040354517,679.1264991514238,905.4,669.3
21165,20092,927.6812040354517,679.1264991514238,905.4,669.3
21165,20093,927.6812040354517,679.1264991514238,905.4,669.3
21165,20094,927.6812040354517,679.1264991514238,905.4,669.3
21165,20095,927.6812040354517,679.1264991514238,905.4,669.3
21165,20096,927.6812040354517,679.1264991514238,905.4,669.3
21165,20097,927.6812040354517,679.1264991514238,905.4,669.3
21165,20098,927.6812040354517,679.1264991514238,905.4,669.3
21165,20099,927.6812040354517,679.1264991514238,905.4,669.3
21165,20100,927.6812040354517,679.1264991514238,905.4,669.3
21165,20101,927.6812040354517,679.1264991514238,905.4,669.3
21165,20102,927.6812040354517,679.1264991514238,905.4,669.3
21165,20103,927.6812040354517,679.1264991514238,905.4,669.3
21165,20104,927.6812040354517,679.1264991514238,905.4,669.3
21165,20105,927.6812040354517,679.1264991514238,905.4,669.3
21165,20106,927.6812040354517,679.1264991514238,905.4,669.3
21165,20107,927.6812040354517,679.1264991514238,905.4,669.3
21165,20108,927.6812040354517,679.1264991514238,905.4,669.3
21165,20109,927.6812040354517,679.1264991514238,905.4,669.3
21165,20110,927.6812040354517,679.1264991514238,905.4,669.3
21165,20111,927.6812040354517,679.1264991514238,905.4,669.3
21165,20112,927.6812040354517,679.1264991514238,905.4,669.3
21165,20113,927.6812040354517,679.1264991514238,905.4,669.3
21165,20114,927.6812040354517,679.1264991514238,905.4,669.3
21165,20115,927.6812040354517,679.1264991514238,905.4,669.3
21165,20116,927.6812040354517,679.1264991514238,905.4,669.3
21165,20117,927.6812040354517,679.1264991514238,905.4,669.3
21165,20118,927.6812040354517,679.1264991514238,905.4,669.3
21165,20119,927.6812040354517,679.1264991514238,905.4,669.3
21165,20120,927.6812040354517,679.1264991514238,905.4,669.3
21165,20121,927.6812040354517,679.1264991514238,905.4,669.3
21165,20122,927.6812040354517,679.1264991514238,905.4,669.3
21165,20123,927.6812040354517,679.1264991514238,905.4,669.3
21165,20124,927.6812040354517,679.1264991514238,905.4,669.3
21165,20125,927.6812040354517,679.1264991514238,905.4,669.3
21165,20126,927.6812040354517,679.1264991514238,905.4,669.3
21165,20127,927.6812040354517,679.1264991514238,905.4,669.3
21165,20128,927.6812040354517,679.1264991514238,905.4,669.3
21165,20129,927.6812040354517,679.1264991514238,905.4,669.3
21165,20130,786.6812040354517,663.1264991514238,905.4,669.3
21165,20131,786.6812040354517,663.1264991514238,905.4,669.3
21165,20132,786.6812040354517,663.1264991514238,905.4,669.3
21165,20133,786.6812040354517,663.1264991514238,905.4,669.3
21165,20134,786.6812040354517,663.1264991514238,905.4,669.3
21165,20135,786.6812040354517,663.1264991514238,905.4,669.3
21165,20136,786.6812040354517,663.1264991514238,905.4,669.3
21165,20137,786.6812040354517,663.1264991514238,905.4,669.3
21165,20138,786.6812040354517,663.1264991514238,905.4,669.3
21165,20139,786.6812040354517,663.1264991514238,905.4,669.3
21165,20140,786.6812040354517,663.1264991514238,905.4,669.3
21165,20141,786.6812040354517,663.1264991514238,905.4,669.3
21165,20142,786.6812040354517,663.1264991514238,905.4,669.3
21165,20143,786.6812040354517,663.1264991514238,905.4,669.3
21165,20144,786.6812040354517,663.1264991514238,905.4,669.3
21165,20145,786.6812040354517,663.1264991514238,905.4,669.3
21165,20146,786.6812040354517,663.1264991514238,905.4,669.3
21165,20147,786.6812040354517,663.1264991514238,905.4,669.3
21165,20148,786.6812040354517,663.1264991514238,905.4,669.3
21165,20149,786.6812040354517,663.1264991514238,905.4,669.3
21165,20150,786.6812040354517,663.1264991514238,905.4,669.3
21165,20151,786.6812040354517,663.1264991514238,905.4,669.3
21165,20152,786.6812040354517,663.1264991514238,905.4,669.3
21165,20153,786.6812040354517,663.1264991514238,905.4,669.3
21165,20154,786.6812040354517,663.1264991514238,905.4,669.3
21165,20155,786.6812040354517,663.1264991514238,905.4,669.3
21165,20156,786.6812040354517,663.1264991514238,905.4,669.3
21165,20157,786.6812040354517,663.1264991514238,905.4,669.3
21165,20158,786.6812040354517,663.1264991514238,905.4,669.3
21165,20159,786.6812040354517,663.1264991514238,905.4,669.3
21165,20160,786.6812040354517,663.1264991514238,905.4,669.3
21165,20161,786.6812040354517,663.1264991514238,905.4,669.3
21165,20162,786.6812040354517,663.1264991514238,905.4,669.3
21165,20163,644.6812040354517,647.1264991514238,905.4,669.3
21165,20164,644.6812040354517,647.1264991514238,905.4,669.3
21165,20165,644.6812040354517,647.1264991514238,905.4,669.3
21165,20166,644.6812040354517,647.1264991514238,905.4,669.3
21165,20167,644.6812040354517,647.1264991514238,905.4,669.3
21165,20168,644.6812040354517,647.1264991514238,905.4,669.3
21165,20169,644.6812040354517,647.1264991514238,905.4,669.3
21165,20170,644.6812040354517,647.1264991514238,905.4,669.3
21165,20171,644.6812040354517,647.1264991514238,905.4,669.3
21165,20172,644.6812040354517,647.1264991514238,905.4,669.3
21165,20173,644.6812040354517,647.1264991514238,905.4,669.3
21165,20174,644.6812040354517,647.1264991514238,905.4,669.3
21165,20175,644.6812040354517,647.1264991514238,905.4,669.3
21165,20176,644.6812040354517,647.1264991514238,905.4,669.3
21165,20177,644.6812040354517,647.1264991514238,905.4,669.3
21165,20178,644.6812040354517,647.1264991514238,905.4,669.3
21165,20179,644.6812040354517,647.1264991514238,905.4,669.3
21165,20180,644.6812040354517,647.1264991514238,905.4,669.3
21165,20181,644.6812040354517,647.1264991514238,905.4,669.3
21165,20182,644.6812040354517,647.1264991514238,905.4,669.3
21165,20183,644.6812040354517,647.1264991514238,905.4,669.3
21165,20184,644.6812040354517,647.1264991514238,905.4,669.3
21165,20185,644.6812040354517,647.1264991514238,905.4,669.3
21165,20186,644.6812040354517,647.1264991514238,905.4,669.3
21165,20187,644.6812040354517,647.1264991514238,905.4,669.3
21165,20188,644.6812040354517,647.1264991514238,905.4,669.3
21165,20189,644.6812040354517,647.1264991514238,905.4,669.3
21165,20190,644.6812040354517,647.1264991514238,905.4,669.3
21165,20191,644.6812040354517,647.1264991514238,905.4,669.3
21165,20192,644.6812040354517,647.1264991514238,905.4,669.3
21165,20193,644.6812040354517,647.1264991514238,905.4,669.3
21165,20194,644.6812040354517,647.1264991514238,905.4,669.3
21165,20195,644.6812040354517,647.1264991514238,905.4,669.3
21165,20196,644.6812040354517,647.1264991514238,905.4,669.3
21165,20197,644.6812040354517,647.1264991514238,905.4,669.3
21165,20198,644.6812040354517,647.1264991514238,905.4,669.3
21165,20199,644.6812040354517,647.1264991514238,905.4,669.3
21165,20200,644.6812040354517,647.1264991514238,905.4,669.3
21165,20201,644.6812040354517,647.1264991514238,905.4,669.3
21165,20202,644.6812040354517,647.1264991514238,905.4,669.3
21165,20203,644.6812040354517,647.1264991514238,905.4,669.3
21165,20204,644.6812040354517,647.1264991514238,905.4,669.3
21165,20205,644.6812040354517,647.1264991514238,905.4,669.3
21165,20206,644.6812040354517,647.1264991514238,905.4,669.3
21165,20207,644.6812040354517,647.1264991514238,905.4,669.3
21165,20208,644.6812040354517,647.1264991514238,905.4,669.3
21165,20209,644.6812040354517,647.1264991514238,905.4,669.3
21165,20210,644.6812040354517,647.1264991514238,905.4,669.3
21165,20211,644.6812040354517,647.1264991514238,905.4,669.3
21165,20212,644.6812040354517,647.1264991514238,905.4,669.3
21165,20213,644.6812040354517,647.1264991514238,905.4,669.3
21165,20214,644.6812040354517,647.1264991514238,905.4,669.3
21165,20215,644.6812040354517,647.1264991514238,905.4,669.3
21165,20216,644.6812040354517,647.1264991514238,905.4,669.3
21165,20217,644.6812040354517,647.1264991514238,905.4,669.3
21165,20218,644.6812040354517,647.1264991514238,905.4,669.3
21165,20219,644.6812040354517,647.1264991514238,905.4,669.3
21165,20220,644.6812040354517,647.1264991514238,905.4,669.3
21165,20221,644.6812040354517,647.1264991514238,905.4,669.3
21165,20222,644.6812040354517,647.1264991514238,905.4,669.3
21165,20223,644.6812040354517,647.1264991514238,905.4,669.3
21165,20224,644.6812040354517,647.1264991514238,905.4,669.3
21165,20225,644.6812040354517,647.1264991514238,905.4,669.3
21165,20226,644.6812040354517,647.1264991514238,905.4,669.3
21165,20227,644.6812040354517,647.1264991514238,905.4,669.3
21165,20228,644.6812040354517,647.1264991514238,905.4,669.3
21165,20229,644.6812040354517,647.1264991514238,905.4,669.3
21165,20230,644.6812040354517,647.1264991514238,905.4,669.3
21165,20231,644.6812040354517,647.1264991514238,905.4,669.3
21165,20232,644.6812040354517,647.1264991514238,905.4,669.3
21165,20233,644.6812040354517,647.1264991514238,905.4,669.3
21165,20234,644.6812040354517,647.1264991514238,905.4,669.3
21165,20235,644.6812040354517,647.1264991514238,905.4,669.3
21165,20236,644.6812040354517,647.1264991514238,905.4,669.3
21165,20237,644.6812040354517,647.1264991514238,905.4,669.3
21165,20238,644.6812040354517,647.1264991514238,905.4,669.3
21165,20239,644.6812040354517,647.1264991514238,905.4,669.3
21165,20240,644.6812040354517,647.1264991514238,905.4,669.3
21165,20241,644.6812040354517,647.1264991514238,905.4,669.3
21165,20242,644.6812040354517,647.1264991514238,905.4,669.3
21165,20243,644.6812040354517,647.1264991514238,905.4,669.3
21165,20244,644.6812040354517,647.1264991514238,905.4,669.3
21165,20245,644.6812040354517,647.1264991514238,905.4,669.3
21165,20246,644.6812040354517,647.1264991514238,905.4,669.3
21165,20247,644.6812040354517,647.1264991514238,905.4,669.3
21165,20248,644.6812040354517,647.1264991514238,905.4,669.3
21165,20249,644.6812040354517,647.1264991514238,905.4,669.3
21165,20250,644.6812040354517,647.1264991514238,905.4,669.3
21165,20251,644.6812040354517,647.1264991514238,905.4,669.3
21165,20252,644.6812040354517,647.1264991514238,905.4,669.3
21165,20253,644.6812040354517,647.1264991514238,905.4,669.3
21165,20254,644.6812040354517,647.1264991514238,905.4,669.3
21165,20255,644.6812040354517,647.1264991514238,905.4,669.3
21165,20256,644.6812040354517,647.1264991514238,905.4,669.3
21165,20257,644.6812040354517,647.1264991514238,905.4,669.3
21165,20258,644.6812040354517,647.1264991514238,905.4,669.3
21165,20259,644.6812040354517,647.1264991514238,905.4,669.3
21165,20260,644.6812040354517,647.1264991514238,905.4,669.3
21165,20261,644.6812040354517,647.1264991514238,905.4,669.3
21165,20262,644.6812040354517,647.1264991514238,905.4,669.3
21165,20263,776.6812040354517,637.1264991514238,905.4,669.3
21165,20264,776.6812040354517,637.1264991514238,905.4,669.3
21165,20265,776.6812040354517,637.1264991514238,905.4,669.3
21165,20266,776.6812040354517,637.1264991514238,905.4,669.3
21165,20267,776.6812040354517,637.1264991514238,905.4,669.3
21165,20268,776.6812040354517,637.1264991514238,905.4,669.3
21165,20269,776.6812040354517,637.1264991514238,905.4,669.3
21165,20270,776.6812040354517,637.1264991514238,905.4,669.3
21165,20271,776.6812040354517,637.1264991514238,905.4,669.3
21165,20272,776.6812040354517,637.1264991514238,905.4,669.3
21165,20273,776.6812040354517,637.1264991514238,905.4,669.3
21165,20274,776.6812040354517,637.1264991514238,905.4,669.3
21165,20275,776.6812040354517,637.1264991514238,905.4,669.3
21165,20276,776.6812040354517,637.1264991514238,905.4,669.3
21165,20277,776.6812040354517,637.1264991514238,905.4,669.3
21165,20278,776.6812040354517,637.1264991514238,905.4,669.3
21165,20279,776.6812040354517,637.1264991514238,905.4,669.3
21165,20280,776.6812040354517,637.1264991514238,905.4,669.3
21165,20281,776.6812040354517,637.1264991514238,905.4,669.3
21165,20282,776.6812040354517,637.1264991514238,905.4,669.3
21165,20283,776.6812040354517,637.1264991514238,905.4,669.3
21165,20284,776.6812040354517,637.1264991514238,905.4,669.3
21165,20285,776.6812040354517,637.1264991514238,905.4,669.3
21165,20286,776.6812040354517,637.1264991514238,905.4,669.3
21165,20287,776.6812040354517,637.1264991514238,905.4,669.3
21165,20288,776.6812040354517,637.1264991514238,905.4,669.3
21165,20289,776.6812040354517,637.1264991514238,905.4,669.3
21165,20290,776.6812040354517,637.1264991514238,905.4,669.3
21165,20291,776.6812040354517,637.1264991514238,905.4,669.3
21165,20292,776.6812040354517,637.1264991514238,905.4,669.3
21165,20293,776.6812040354517,637.1264991514238,905.4,669.3
21165,20294,776.6812040354517,637.1264991514238,905.4,669.3
21165,20295,776.6812040354517,637.1264991514238,905.4,669.3
21165,20296,776.6812040354517,637.1264991514238,905.4,669.3
21165,20297,908.6812040354517,628.1264991514238,905.4,669.3
21165,20298,908.6812040354517,628.1264991514238,905.4,669.3
21165,20299,908.6812040354517,628.1264991514238,905.4,669.3
21165,20300,908.6812040354517,628.1264991514238,905.4,669.3
21165,20301,908.6812040354517,628.1264991514238,905.4,669.3
21165,20302,908.6812040354517,628.1264991514238,905.4,669.3
21165,20303,908.6812040354517,628.1264991514238,905.4,669.3
21165,20304,908.6812040354517,628.1264991514238,905.4,669.3
21165,20305,908.6812040354517,628.1264991514238,905.4,669.3
21165,20306,908.6812040354517,628.1264991514238,905.4,669.3
21165,20307,908.6812040354517,628.1264991514238,905.4,669.3
21165,20308,908.6812040354517,628.1264991514238,905.4,669.3
21165,20309,908.6812040354517,628.1264991514238,905.4,669.3
21165,20310,908.6812040354517,628.1264991514238,905.4,669.3
21165,20311,908.6812040354517,628.1264991514238,905.4,669.3
21165,20312,908.6812040354517,628.1264991514238,905.4,669.3
21165,20313,908.6812040354517,628.1264991514238,905.4,669.3
21165,20314,908.6812040354517,628.1264991514238,905.4,669.3
21165,20315,908.6812040354517,628.1264991514238,905.4,669.3
21165,20316,908.6812040354517,628.1264991514238,905.4,669.3
21165,20317,908.6812040354517,628.1264991514238,905.4,669.3
21165,20318,908.6812040354517,628.1264991514238,905.4,669.3
21165,20319,908.6812040354517,628.1264991514238,905.4,669.3
21165,20320,908.6812040354517,628.1264991514238,905.4,669.3
21165,20321,908.6812040354517,628.1264991514238,905.4,669.3
21165,20322,908.6812040354517,628.1264991514238,905.4,669.3
21165,20323,908.6812040354517,628.1264991514238,905.4,669.3
21165,20324,908.6812040354517,628.1264991514238,905.4,669.3
21165,20325,908.6812040354517,628.1264991514238,905.4,669.3
21165,20326,908.6812040354517,628.1264991514238,905.4,669.3
21165,20327,908.6812040354517,628.1264991514238,905.4,669.3
21165,20328,908.6812040354517,628.1264991514238,905.4,669.3
21165,20329,908.6812040354517,628.1264991514238,905.4,669.3
21165,20330,908.6812040354517,628.1264991514238,905.4,669.3
21165,20331,908.6812040354517,628.1264991514238,905.4,669.3
21165,20332,908.6812040354517,628.1264991514238,905.4,669.3
21165,20333,908.6812040354517,628.1264991514238,905.4,669.3
21165,20334,908.6812040354517,628.1264991514238,905.4,669.3
21165,20335,908.6812040354517,628.1264991514238,905.4,669.3
21165,20336,908.6812040354517,628.1264991514238,905.4,669.3
21165,20337,908.6812040354517,628.1264991514238,905.4,669.3
21165,20338,908.6812040354517,628.1264991514238,905.4,669.3
21165,20339,908.6812040354517,628.1264991514238,905.4,669.3
21165,20340,908.6812040354517,628.1264991514238,905.4,669.3
21165,20341,908.6812040354517,628.1264991514238,905.4,669.3
21165,20342,908.6812040354517,628.1264991514238,905.4,669.3
21165,20343,908.6812040354517,628.1264991514238,905.4,669.3
21165,20344,908.6812040354517,628.1264991514238,905.4,669.3
21165,20345,908.6812040354517,628.1264991514238,905.4,669.3
21165,20346,908.6812040354517,628.1264991514238,905.4,669.3
21165,20347,908.6812040354517,628.1264991514238,905.4,669.3
21165,20348,908.6812040354517,628.1264991514238,905.4,669.3
21165,20349,908.6812040354517,628.1264991514238,905.4,669.3
21165,20350,908.6812040354517,628.1264991514238,905.4,669.3
21165,20351,908.6812040354517,628.1264991514238,905.4,669.3
21165,20352,908.6812040354517,628.1264991514238,905.4,669.3
21165,20353,908.6812040354517,628.1264991514238,905.4,669.3
21165,20354,908.6812040354517,628.1264991514238,905.4,669.3
21165,20355,908.6812040354517,628.1264991514238,905.4,669.3
21165,20356,908.6812040354517,628.1264991514238,905.4,669.3
21165,20357,908.6812040354517,628.1264991514238,905.4,669.3
21165,20358,908.6812040354517,628.1264991514238,905.4,669.3
21165,20359,908.6812040354517,628.1264991514238,905.4,669.3
21165,20360,908.6812040354517,628.1264991514238,905.4,669.3
21165,20361,908.6812040354517,628.1264991514238,905.4,669.3
21165,20362,908.6812040354517,628.1264991514238,905.4,669.3
21165,20363,908.6812040354517,628.1264991514238,905.4,669.3
21165,20364,908.6812040354517,628.1264991514238,905.4,669.3
21165,20365,908.6812040354517,628.1264991514238,905.4,669.3
21165,20366,908.6812040354517,628.1264991514238,905.4,669.3
21165,20367,908.6812040354517,628.1264991514238,905.4,669.3
21165,20368,908.6812040354517,628.1264991514238,905.4,669.3
21165,20369,908.6812040354517,628.1264991514238,905.4,669.3
21165,20370,908.6812040354517,628.1264991514238,905.4,669.3
21165,20371,908.6812040354517,628.1264991514238,905.4,669.3
21165,20372,908.6812040354517,628.1264991514238,905.4,669.3
21165,20373,908.6812040354517,628.1264991514238,905.4,669.3
21165,20374,908.6812040354517,628.1264991514238,905.4,669.3
21165,20375,908.6812040354517,628.1264991514238,905.4,669.3
21165,20376,908.6812040354517,628.1264991514238,905.4,669.3
21165,20377,908.6812040354517,628.1264991514238,905.4,669.3
21165,20378,908.6812040354517,628.1264991514238,905.4,669.3
21165,20379,908.6812040354517,628.1264991514238,905.4,669.3
21165,20380,908.6812040354517,628.1264991514238,905.4,669.3
21165,20381,908.6812040354517,628.1264991514238,905.4,669.3
21165,20382,908.6812040354517,628.1264991514238,905.4,669.3
21165,20383,908.6812040354517,628.1264991514238,905.4,669.3
21165,20384,908.6812040354517,628.1264991514238,905.4,669.3
21165,20385,908.6812040354517,628.1264991514238,905.4,669.3
21165,20386,908.6812040354517,628.1264991514238,905.4,669.3
21165,20387,908.6812040354517,628.1264991514238,905.4,669.3
21165,20388,908.6812040354517,628.1264991514238,905.4,669.3
21165,20389,908.6812040354517,628.1264991514238,905.4,669.3
21165,20390,908.6812040354517,628.1264991514238,905.4,669.3
21165,20391,908.6812040354517,628.1264991514238,905.4,669.3
21165,20392,908.6812040354517,628.1264991514238,905.4,669.3
21165,20393,908.6812040354517,628.1264991514238,905.4,669.3
21165,20394,908.6812040354517,628.1264991514238,905.4,669.3
21165,20395,908.6812040354517,628.1264991514238,905.4,669.3
21165,20396,908.6812040354517,628.1264991514238,905.4,669.3
21165,20397,908.6812040354517,628.1264991514238,905.4,669.3
21165,20398,908.6812040354517,628.1264991514238,905.4,669.3
21165,20399,908.6812040354517,628.1264991514238,905.4,669.3
21165,20400,908.6812040354517,628.1264991514238,905.4,669.3
21165,20401,908.6812040354517,628.1264991514238,905.4,669.3
21165,20402,908.6812040354517,628.1264991514238,905.4,669.3
21165,20403,908.6812040354517,628.1264991514238,905.4,669.3
21165,20404,908.6812040354517,628.1264991514238,905.4,669.3
21165,20405,908.6812040354517,628.1264991514238,905.4,669.3
21165,20406,908.6812040354517,628.1264991514238,905.4,669.3
21165,20407,908.6812040354517,628.1264991514238,905.4,669.3
21165,20408,908.6812040354517,628.1264991514238,905.4,669.3
21165,20409,908.6812040354517,628.1264991514238,905.4,669.3
21165,20410,908.6812040354517,628.1264991514238,905.4,669.3
21165,20411,908.6812040354517,628.1264991514238,905.4,669.3
21165,20412,908.6812040354517,628.1264991514238,905.4,669.3
21165,20413,908.6812040354517,628.1264991514238,905.4,669.3
21165,20414,908.6812040354517,628.1264991514238,905.4,669.3
21165,20415,908.6812040354517,628.1264991514238,905.4,669.3
21165,20416,908.6812040354517,628.1264991514238,905.4,669.3
21165,20417,908.6812040354517,628.1264991514238,905.4,669.3
21165,20418,908.6812040354517,628.1264991514238,905.4,669.3
21165,20419,908.6812040354517,628.1264991514238,905.4,669.3
21165,20420,908.6812040354517,628.1264991514238,905.4,669.3
21165,20421,908.6812040354517,628.1264991514238,905.4,669.3
21165,20422,908.6812040354517,628.1264991514238,905.4,669.3
21165,20423,908.6812040354517,628.1264991514238,905.4,669.3
21165,20424,908.6812040354517,628.1264991514238,905.4,669.3
21165,20425,908.6812040354517,628.1264991514238,905.4,669.3
21165,20426,908.6812040354517,628.1264991514238,905.4,669.3
21165,20427,908.6812040354517,628.1264991514238,905.4,669.3
21165,20428,908.6812040354517,628.1264991514238,905.4,669.3
21165,20429,908.6812040354517,628.1264991514238,905.4,669.3
21165,20430,908.6812040354517,628.1264991514238,905.4,669.3
21165,20431,908.6812040354517,628.1264991514238,905.4,669.3
21165,20432,908.6812040354517,628.1264991514238,905.4,669.3
21165,20433,908.6812040354517,628.1264991514238,905.4,669.3
21165,20434,908.6812040354517,628.1264991514238,905.4,669.3
21165,20435,908.6812040354517,628.1264991514238,905.4,669.3
21165,20436,908.6812040354517,628.1264991514238,905.4,669.3
21165,20437,908.6812040354517,628.1264991514238,905.4,669.3
21165,20438,908.6812040354517,628.1264991514238,905.4,669.3
21165,20439,908.6812040354517,628.1264991514238,905.4,669.3
21165,20440,908.6812040354517,628.1264991514238,905.4,669.3
21165,20441,908.6812040354517,628.1264991514238,905.4,669.3
21165,20442,908.6812040354517,628.1264991514238,905.4,669.3
21165,20443,908.6812040354517,628.1264991514238,905.4,669.3
21165,20444,908.6812040354517,628.1264991514238,905.4,669.3
21165,20445,908.6812040354517,628.1264991514238,905.4,669.3
21165,20446,908.6812040354517,628.1264991514238,905.4,669.3
21165,20447,908.6812040354517,628.1264991514238,905.4,669.3
21165,20448,908.6812040354517,628.1264991514238,905.4,669.3
21165,20449,908.6812040354517,628.1264991514238,905.4,669.3
21165,20450,908.6812040354517,628.1264991514238,905.4,669.3
21165,20451,908.6812040354517,628.1264991514238,905.4,669.3
21165,20452,908.6812040354517,628.1264991514238,905.4,669.3
21165,20453,908.6812040354517,628.1264991514238,905.4,669.3
21165,20454,908.6812040354517,628.1264991514238,905.4,669.3
21165,20455,908.6812040354517,628.1264991514238,905.4,669.3
21165,20456,908.6812040354517,628.1264991514238,905.4,669.3
21165,20457,908.6812040354517,628.1264991514238,905.4,669.3
21165,20458,908.6812040354517,628.1264991514238,905.4,669.3
21165,20459,908.6812040354517,628.1264991514238,905.4,669.3
21165,20460,908.6812040354517,628.1264991514238,905.4,669.3
21165,20461,908.6812040354517,628.1264991514238,905.4,669.3
21165,20462,908.6812040354517,628.1264991514238,905.4,669.3
21165,20463,908.6812040354517,628.1264991514238,905.4,669.3
21165,20464,908.6812040354517,628.1264991514238,905.4,669.3
21165,20465,908.6812040354517,628.1264991514238,905.4,669.3
21165,20466,908.6812040354517,628.1264991514238,905.4,669.3
21165,20467,908.6812040354517,628.1264991514238,905.4,669.3
21165,20468,908.6812040354517,628.1264991514238,905.4,669.3
21165,20469,908.6812040354517,628.1264991514238,905.4,669.3
21165,20470,908.6812040354517,628.1264991514238,905.4,669.3
21165,20471,908.6812040354517,628.1264991514238,905.4,669.3
21165,20472,908.6812040354517,628.1264991514238,905.4,669.3
21165,20473,908.6812040354517,628.1264991514238,905.4,669.3
21165,20474,908.6812040354517,628.1264991514238,905.4,669.3
21165,20475,908.6812040354517,628.1264991514238,905.4,669.3
21165,20476,908.6812040354517,628.1264991514238,905.4,669.3
21165,20477,908.6812040354517,628.1264991514238,905.4,669.3
21165,20478,908.6812040354517,628.1264991514238,905.4,669.3
21165,20479,908.6812040354517,628.1264991514238,905.4,669.3
21165,20480,908.6812040354517,628.1264991514238,905.4,669.3
21165,20481,908.6812040354517,628.1264991514238,905.4,669.3
21165,20482,908.6812040354517,628.1264991514238,905.4,669.3
21165,20483,908.6812040354517,628.1264991514238,905.4,669.3
21165,20484,908.6812040354517,628.1264991514238,905.4,669.3
21165,20485,908.6812040354517,628.1264991514238,905.4,669.3
21165,20486,908.6812040354517,628.1264991514238,905.4,669.3
21165,20487,908.6812040354517,628.1264991514238,905.4,669.3
21165,20488,908.6812040354517,628.1264991514238,905.4,669.3
21165,20489,908.6812040354517,628.1264991514238,905.4,669.3
21165,20490,908.6812040354517,628.1264991514238,905.4,669.3
21165,20491,908.6812040354517,628.1264991514238,905.4,669.3
21165,20492,908.6812040354517,628.1264991514238,905.4,669.3
21165,20493,908.6812040354517,628.1264991514238,905.4,669.3
21165,20494,908.6812040354517,628.1264991514238,905.4,669.3
21165,20495,908.6812040354517,628.1264991514238,905.4,669.3
21165,20496,908.6812040354517,628.1264991514238,905.4,669.3
21165,20497,908.6812040354517,628.1264991514238,905.4,669.3
21165,20498,908.6812040354517,628.1264991514238,905.4,669.3
21165,20499,908.6812040354517,628.1264991514238,905.4,669.3
21165,20500,908.6812040354517,628.1264991514238,905.4,669.3
21165,20501,908.6812040354517,628.1264991514238,905.4,669.3
21165,20502,908.6812040354517,628.1264991514238,905.4,669.3
21165,20503,908.6812040354517,628.1264991514238,905.4,669.3
21165,20504,908.6812040354517,628.1264991514238,905.4,669.3
21165,20505,908.6812040354517,628.1264991514238,905.4,669.3
21165,20506,908.6812040354517,628.1264991514238,905.4,669.3
21165,20507,908.6812040354517,628.1264991514238,905.4,669.3
21165,20508,908.6812040354517,628.1264991514238,905.4,669.3
21165,20509,908.6812040354517,628.1264991514238,905.4,669.3
21165,20510,908.6812040354517,628.1264991514238,905.4,669.3
21165,20511,908.6812040354517,628.1264991514238,905.4,669.3
21165,20512,908.6812040354517,628.1264991514238,905.4,669.3
21165,20513,908.6812040354517,628.1264991514238,905.4,669.3
21165,20514,908.6812040354517,628.1264991514238,905.4,669.3
21165,20515,908.6812040354517,628.1264991514238,905.4,669.3
21165,20516,908.6812040354517,628.1264991514238,905.4,669.3
21165,20517,908.6812040354517,628.1264991514238,905.4,669.3
21165,20518,908.6812040354517,628.1264991514238,905.4,669.3
21165,20519,908.6812040354517,628.1264991514238,905.4,669.3
21165,20520,908.6812040354517,628.1264991514238,905.4,669.3
21165,20521,908.6812040354517,628.1264991514238,905.4,669.3
21165,20522,908.6812040354517,628.1264991514238,905.4,669.3
21165,20523,908.6812040354517,628.1264991514238,905.4,669.3
21165,20524,908.6812040354517,628.1264991514238,905.4,669.3
21165,20525,908.6812040354517,628.1264991514238,905.4,669.3
21165,20526,908.6812040354517,628.1264991514238,905.4,669.3
21165,20527,908.6812040354517,628.1264991514238,905.4,669.3
21165,20528,908.6812040354517,628.1264991514238,905.4,669.3
21165,20529,908.6812040354517,628.1264991514238,905.4,669.3
21165,20530,908.6812040354517,628.1264991514238,905.4,669.3
21165,20531,908.6812040354517,628.1264991514238,905.4,669.3
21165,20532,908.6812040354517,628.1264991514238,905.4,669.3
21165,20533,908.6812040354517,628.1264991514238,905.4,669.3
21165,20534,908.6812040354517,628.1264991514238,905.4,669.3
21165,20535,908.6812040354517,628.1264991514238,905.4,669.3
21165,20536,908.6812040354517,628.1264991514238,905.4,669.3
21165,20537,908.6812040354517,628.1264991514238,905.4,669.3
21165,20538,908.6812040354517,628.1264991514238,905.4,669.3
21165,20539,908.6812040354517,628.1264991514238,905.4,669.3
21165,20540,908.6812040354517,628.1264991514238,905.4,669.3
21165,20541,908.6812040354517,628.1264991514238,905.4,669.3
21165,20542,908.6812040354517,628.1264991514238,905.4,669.3
21165,20543,908.6812040354517,628.1264991514238,905.4,669.3
21165,20544,908.6812040354517,628.1264991514238,905.4,669.3
21165,20545,908.6812040354517,628.1264991514238,905.4,669.3
21165,20546,908.6812040354517,628.1264991514238,905.4,669.3
21165,20547,908.6812040354517,628.1264991514238,905.4,669.3
21165,20548,908.6812040354517,628.1264991514238,905.4,669.3
21165,20549,908.6812040354517,628.1264991514238,905.4,669.3
21165,20550,908.6812040354517,628.1264991514238,905.4,669.3
21165,20551,908.6812040354517,628.1264991514238,905.4,669.3
21165,20552,908.6812040354517,628.1264991514238,905.4,669.3
21165,20553,908.6812040354517,628.1264991514238,905.4,669.3
21165,20554,908.6812040354517,628.1264991514238,905.4,669.3
21165,20555,908.6812040354517,628.1264991514238,905.4,669.3
21165,20556,908.6812040354517,628.1264991514238,905.4,669.3
21165,20557,908.6812040354517,628.1264991514238,905.4,669.3
21165,20558,908.6812040354517,628.1264991514238,905.4,669.3
21165,20559,908.6812040354517,628.1264991514238,905.4,669.3
21165,20560,908.6812040354517,628.1264991514238,905.4,669.3
21165,20561,908.6812040354517,628.1264991514238,905.4,669.3
21165,20562,908.6812040354517,628.1264991514238,905.4,669.3
21165,20563,908.6812040354517,628.1264991514238,905.4,669.3
21165,20564,908.6812040354517,628.1264991514238,905.4,669.3
21165,20565,908.6812040354517,628.1264991514238,905.4,669.3
21165,20566,908.6812040354517,628.1264991514238,905.4,669.3
21165,20567,908.6812040354517,628.1264991514238,905.4,669.3
21165,20568,908.6812040354517,628.1264991514238,905.4,669.3
21165,20569,908.6812040354517,628.1264991514238,905.4,669.3
21165,20570,908.6812040354517,628.1264991514238,905.4,669.3
21165,20571,908.6812040354517,628.1264991514238,905.4,669.3
21165,20572,908.6812040354517,628.1264991514238,905.4,669.3
21165,20573,908.6812040354517,628.1264991514238,905.4,669.3
21165,20574,908.6812040354517,628.1264991514238,905.4,669.3
21165,20575,908.6812040354517,628.1264991514238,905.4,669.3
21165,20576,908.6812040354517,628.1264991514238,905.4,669.3
21165,20577,908.6812040354517,628.1264991514238,905.4,669.3
21165,20578,908.6812040354517,628.1264991514238,905.4,669.3
21165,20579,908.6812040354517,628.1264991514238,905.4,669.3
21165,20580,908.6812040354517,628.1264991514238,905.4,669.3
21165,20581,908.6812040354517,628.1264991514238,905.4,669.3
21165,20582,908.6812040354517,628.1264991514238,905.4,669.3
21165,20583,908.6812040354517,628.1264991514238,905.4,669.3
21165,20584,908.6812040354517,628.1264991514238,905.4,669.3
21165,20585,908.6812040354517,628.1264991514238,905.4,669.3
21165,20586,908.6812040354517,628.1264991514238,905.4,669.3
21165,20587,908.6812040354517,628.1264991514238,905.4,669.3
21165,20588,908.6812040354517,628.1264991514238,905.4,669.3
21165,20589,908.6812040354517,628.1264991514238,905.4,669.3
21165,20590,908.6812040354517,628.1264991514238,905.4,669.3
21165,20591,908.6812040354517,628.1264991514238,905.4,669.3
21165,20592,908.6812040354517,628.1264991514238,905.4,669.3
21165,20593,908.6812040354517,628.1264991514238,905.4,669.3
21165,20594,908.6812040354517,628.1264991514238,905.4,669.3
21165,20595,908.6812040354517,628.1264991514238,905.4,669.3
21165,20596,780.6812040354517,638.1264991514238,905.4,669.3
21165,20597,780.6812040354517,638.1264991514238,905.4,669.3
21165,20598,780.6812040354517,638.1264991514238,905.4,669.3
21165,20599,780.6812040354517,638.1264991514238,905.4,669.3
21165,20600,780.6812040354517,638.1264991514238,905.4,669.3
21165,20601,780.6812040354517,638.1264991514238,905.4,669.3
21165,20602,780.6812040354517,638.1264991514238,905.4,669.3
21165,20603,780.6812040354517,638.1264991514238,905.4,669.3
21165,20604,780.6812040354517,638.1264991514238,905.4,669.3
21165,20605,780.6812040354517,638.1264991514238,905.4,669.3
21165,20606,780.6812040354517,638.1264991514238,905.4,669.3
21165,20607,780.6812040354517,638.1264991514238,905.4,669.3
21165,20608,780.6812040354517,638.1264991514238,905.4,669.3
21165,20609,780.6812040354517,638.1264991514238,905.4,669.3
21165,20610,780.6812040354517,638.1264991514238,905.4,669.3
21165,20611,780.6812040354517,638.1264991514238,905.4,669.3
21165,20612,780.6812040354517,638.1264991514238,905.4,669.3
21165,20613,780.6812040354517,638.1264991514238,905.4,669.3
21165,20614,780.6812040354517,638.1264991514238,905.4,669.3
21165,20615,780.6812040354517,638.1264991514238,905.4,669.3
21165,20616,780.6812040354517,638.1264991514238,905.4,669.3
21165,20617,780.6812040354517,638.1264991514238,905.4,669.3
21165,20618,780.6812040354517,638.1264991514238,905.4,669.3
21165,20619,780.6812040354517,638.1264991514238,905.4,669.3
21165,20620,780.6812040354517,638.1264991514238,905.4,669.3
21165,20621,780.6812040354517,638.1264991514238,905.4,669.3
21165,20622,780.6812040354517,638.1264991514238,905.4,669.3
21165,20623,780.6812040354517,638.1264991514238,905.4,669.3
21165,20624,780.6812040354517,638.1264991514238,905.4,669.3
21165,20625,780.6812040354517,638.1264991514238,905.4,669.3
21165,20626,780.6812040354517,638.1264991514238,905.4,669.3
21165,20627,780.6812040354517,638.1264991514238,905.4,669.3
21165,20628,780.6812040354517,638.1264991514238,905.4,669.3
21165,20629,780.6812040354517,638.1264991514238,905.4,669.3
21165,20630,652.6812040354517,648.1264991514238,905.4,669.3
21165,20631,652.6812040354517,648.1264991514238,905.4,669.3
21165,20632,652.6812040354517,648.1264991514238,905.4,669.3
21165,20633,652.6812040354517,648.1264991514238,905.4,669.3
21165,20634,652.6812040354517,648.1264991514238,905.4,669.3
21165,20635,652.6812040354517,648.1264991514238,905.4,669.3
21165,20636,652.6812040354517,648.1264991514238,905.4,669.3
21165,20637,652.6812040354517,648.1264991514238,905.4,669.3
21165,20638,652.6812040354517,648.1264991514238,905.4,669.3
21165,20639,652.6812040354517,648.1264991514238,905.4,669.3
21165,20640,652.6812040354517,648.1264991514238,905.4,669.3
21165,20641,652.6812040354517,648.1264991514238,905.4,669.3
21165,20642,652.6812040354517,648.1264991514238,905.4,669.3
21165,20643,652.6812040354517,648.1264991514238,905.4,669.3
21165,20644,652.6812040354517,648.1264991514238,905.4,669.3
21165,20645,652.6812040354517,648.1264991514238,905.4,669.3
21165,20646,652.6812040354517,648.1264991514238,905.4,669.3
21165,20647,652.6812040354517,648.1264991514238,905.4,669.3
21165,20648,652.6812040354517,648.1264991514238,905.4,669.3
21165,20649,652.6812040354517,648.1264991514238,905.4,669.3
21165,20650,652.6812040354517,648.1264991514238,905.4,669.3
21165,20651,652.6812040354517,648.1264991514238,905.4,669.3
21165,20652,652.6812040354517,648.1264991514238,905.4,669.3
21165,20653,652.6812040354517,648.1264991514238,905.4,669.3
21165,20654,652.6812040354517,648.1264991514238,905.4,669.3
21165,20655,652.6812040354517,648.1264991514238,905.4,669.3
21165,20656,652.6812040354517,648.1264991514238,905.4,669.3
21165,20657,652.6812040354517,648.1264991514238,905.4,669.3
21165,20658,652.6812040354517,648.1264991514238,905.4,669.3
21165,20659,652.6812040354517,648.1264991514238,905.4,669.3
21165,20660,652.6812040354517,648.1264991514238,905.4,669.3
21165,20661,652.6812040354517,648.1264991514238,905.4,669.3
21165,20662,652.6812040354517,648.1264991514238,905.4,669.3
21165,20663,652.6812040354517,648.1264991514238,905.4,669.3
21165,20664,652.6812040354517,648.1264991514238,905.4,669.3
21165,20665,652.6812040354517,648.1264991514238,905.4,669.3
21165,20666,652.6812040354517,648.1264991514238,905.4,669.3
21165,20667,652.6812040354517,648.1264991514238,905.4,669.3
21165,20668,652.6812040354517,648.1264991514238,905.4,669.3
21165,20669,652.6812040354517,648.1264991514238,905.4,669.3
21165,20670,652.6812040354517,648.1264991514238,905.4,669.3
21165,20671,652.6812040354517,648.1264991514238,905.4,669.3
21165,20672,652.6812040354517,648.1264991514238,905.4,669.3
21165,20673,652.6812040354517,648.1264991514238,905.4,669.3
21165,20674,652.6812040354517,648.1264991514238,905.4,669.3
21165,20675,652.6812040354517,648.1264991514238,905.4,669.3
21165,20676,652.6812040354517,648.1264991514238,905.4,669.3
21165,20677,652.6812040354517,648.1264991514238,905.4,669.3
21165,20678,652.6812040354517,648.1264991514238,905.4,669.3
21165,20679,652.6812040354517,648.1264991514238,905.4,669.3
21165,20680,652.6812040354517,648.1264991514238,905.4,669.3
21165,20681,652.6812040354517,648.1264991514238,905.4,669.3
21165,20682,652.6812040354517,648.1264991514238,905.4,669.3
21165,20683,652.6812040354517,648.1264991514238,905.4,669.3
21165,20684,652.6812040354517,648.1264991514238,905.4,669.3
21165,20685,652.6812040354517,648.1264991514238,905.4,669.3
21165,20686,652.6812040354517,648.1264991514238,905.4,669.3
21165,20687,652.6812040354517,648.1264991514238,905.4,669.3
21165,20688,652.6812040354517,648.1264991514238,905.4,669.3
21165,20689,652.6812040354517,648.1264991514238,905.4,669.3
21165,20690,652.6812040354517,648.1264991514238,905.4,669.3
21165,20691,652.6812040354517,648.1264991514238,905.4,669.3
21165,20692,652.6812040354517,648.1264991514238,905.4,669.3
21165,20693,652.6812040354517,648.1264991514238,905.4,669.3
21165,20694,652.6812040354517,648.1264991514238,905.4,669.3
21165,20695,652.6812040354517,648.1264991514238,905.4,669.3
21165,20696,652.6812040354517,648.1264991514238,905.4,669.3
21165,20697,652.6812040354517,648.1264991514238,905.4,669.3
21165,20698,652.6812040354517,648.1264991514238,905.4,669.3
21165,20699,652.6812040354517,648.1264991514238,905.4,669.3
21165,20700,652.6812040354517,648.1264991514238,905.4,669.3
21165,20701,652.6812040354517,648.1264991514238,905.4,669.3
21165,20702,652.6812040354517,648.1264991514238,905.4,669.3
21165,20703,652.6812040354517,648.1264991514238,905.4,669.3
21165,20704,652.6812040354517,648.1264991514238,905.4,669.3
21165,20705,652.6812040354517,648.1264991514238,905.4,669.3
21165,20706,652.6812040354517,648.1264991514238,905.4,669.3
21165,20707,652.6812040354517,648.1264991514238,905.4,669.3
21165,20708,652.6812040354517,648.1264991514238,905.4,669.3
21165,20709,652.6812040354517,648.1264991514238,905.4,669.3
21165,20710,652.6812040354517,648.1264991514238,905.4,669.3
21165,20711,652.6812040354517,648.1264991514238,905.4,669.3
21165,20712,652.6812040354517,648.1264991514238,905.4,669.3
21165,20713,652.6812040354517,648.1264991514238,905.4,669.3
21165,20714,652.6812040354517,648.1264991514238,905.4,669.3
21165,20715,652.6812040354517,648.1264991514238,905.4,669.3
21165,20716,652.6812040354517,648.1264991514238,905.4,669.3
21165,20717,652.6812040354517,648.1264991514238,905.4,669.3
21165,20718,652.6812040354517,648.1264991514238,905.4,669.3
21165,20719,652.6812040354517,648.1264991514238,905.4,669.3
21165,20720,652.6812040354517,648.1264991514238,905.4,669.3
21165,20721,652.6812040354517,648.1264991514238,905.4,669.3
21165,20722,652.6812040354517,648.1264991514238,905.4,669.3
21165,20723,652.6812040354517,648.1264991514238,905.4,669.3
21165,20724,652.6812040354517,648.1264991514238,905.4,669.3
21165,20725,652.6812040354517,648.1264991514238,905.4,669.3
21165,20726,652.6812040354517,648.1264991514238,905.4,669.3
21165,20727,652.6812040354517,648.1264991514238,905.4,669.3
21165,20728,652.6812040354517,648.1264991514238,905.4,669.3
21165,20729,652.6812040354517,648.1264991514238,905.4,669.3
21165,20730,896.6812040354517,651.1264991514238,905.4,669.3
21165,20731,896.6812040354517,651.1264991514238,905.4,669.3
21165,20732,896.6812040354517,651.1264991514238,905.4,669.3
21165,20733,896.6812040354517,651.1264991514238,905.4,669.3
21165,20734,896.6812040354517,651.1264991514238,905.4,669.3
21165,20735,896.6812040354517,651.1264991514238,905.4,669.3
21165,20736,896.6812040354517,651.1264991514238,905.4,669.3
21165,20737,896.6812040354517,651.1264991514238,905.4,669.3
21165,20738,896.6812040354517,651.1264991514238,905.4,669.3
21165,20739,896.6812040354517,651.1264991514238,905.4,669.3
21165,20740,896.6812040354517,651.1264991514238,905.4,669.3
21165,20741,896.6812040354517,651.1264991514238,905.4,669.3
21165,20742,896.6812040354517,651.1264991514238,905.4,669.3
21165,20743,896.6812040354517,651.1264991514238,905.4,669.3
21165,20744,896.6812040354517,651.1264991514238,905.4,669.3
21165,20745,896.6812040354517,651.1264991514238,905.4,669.3
21165,20746,896.6812040354517,651.1264991514238,905.4,669.3
21165,20747,896.6812040354517,651.1264991514238,905.4,669.3
21165,20748,896.6812040354517,651.1264991514238,905.4,669.3
21165,20749,896.6812040354517,651.1264991514238,905.4,669.3
21165,20750,896.6812040354517,651.1264991514238,905.4,669.3
21165,20751,896.6812040354517,651.1264991514238,905.4,669.3
21165,20752,896.6812040354517,651.1264991514238,905.4,669.3
21165,20753,896.6812040354517,651.1264991514238,905.4,669.3
21165,20754,896.6812040354517,651.1264991514238,905.4,669.3
21165,20755,896.6812040354517,651.1264991514238,905.4,669.3
21165,20756,896.6812040354517,651.1264991514238,905.4,669.3
21165,20757,896.6812040354517,651.1264991514238,905.4,669.3
21165,20758,896.6812040354517,651.1264991514238,905.4,669.3
21165,20759,896.6812040354517,651.1264991514238,905.4,669.3
21165,20760,896.6812040354517,651.1264991514238,905.4,669.3
21165,20761,896.6812040354517,651.1264991514238,905.4,669.3
21165,20762,896.6812040354517,651.1264991514238,905.4,669.3
21165,20763,1140.6812040354516,654.1264991514238,905.4,669.3
21165,20764,1140.6812040354516,654.1264991514238,905.4,669.3
21165,20765,1140.6812040354516,654.1264991514238,905.4,669.3
21165,20766,1140.6812040354516,654.1264991514238,905.4,669.3
21165,20767,1140.6812040354516,654.1264991514238,905.4,669.3
21165,20768,1140.6812040354516,654.1264991514238,905.4,669.3
21165,20769,1140.6812040354516,654.1264991514238,905.4,669.3
21165,20770,1140.6812040354516,654.1264991514238,905.4,669.3
21165,20771,1140.6812040354516,654.1264991514238,905.4,669.3
21165,20772,1140.6812040354516,654.1264991514238,905.4,669.3
21165,20773,1140.6812040354516,654.1264991514238,905.4,669.3
21165,20774,1140.6812040354516,654.1264991514238,905.4,669.3
21165,20775,1140.6812040354516,654.1264991514238,905.4,669.3
21165,20776,1140.6812040354516,654.1264991514238,905.4,669.3
21165,20777,1140.6812040354516,654.1264991514238,905.4,669.3
21165,20778,1140.6812040354516,654.1264991514238,905.4,669.3
21165,20779,1140.6812040354516,654.1264991514238,905.4,669.3
21165,20780,1140.6812040354516,654.1264991514238,905.4,669.3
21165,20781,1140.6812040354516,654.1264991514238,905.4,669.3
21165,20782,1140.6812040354516,654.1264991514238,905.4,669.3
21165,20783,1140.6812040354516,654.1264991514238,905.4,669.3
21165,20784,1140.6812040354516,654.1264991514238,905.4,669.3
21165,20785,1140.6812040354516,654.1264991514238,905.4,669.3
21165,20786,1140.6812040354516,654.1264991514238,905.4,669.3
21165,20787,1140.6812040354516,654.1264991514238,905.4,669.3
21165,20788,1140.6812040354516,654.1264991514238,905.4,669.3
21165,20789,1140.6812040354516,654.1264991514238,905.4,669.3
21165,20790,1140.6812040354516,654.1264991514238,905.4,669.3
21165,20791,1140.6812040354516,654.1264991514238,905.4,669.3
21165,20792,1140.6812040354516,654.1264991514238,905.4,669.3
21165,20793,1140.6812040354516,654.1264991514238,905.4,669.3
21165,20794,1140.6812040354516,654.1264991514238,905.4,669.3
21165,20795,1140.6812040354516,654.1264991514238,905.4,669.3
21165,20796,1140.6812040354516,654.1264991514238,905.4,669.3
21165,20797,1140.6812040354516,654.1264991514238,905.4,669.3
21165,20798,1140.6812040354516,654.1264991514238,905.4,669.3
21165,20799,1140.6812040354516,654.1264991514238,905.4,669.3
21165,20800,1140.6812040354516,654.1264991514238,905.4,669.3
21165,20801,1140.6812040354516,654.1264991514238,905.4,669.3
21165,20802,1140.6812040354516,654.1264991514238,905.4,669.3
21165,20803,1140.6812040354516,654.1264991514238,905.4,669.3
21165,20804,1140.6812040354516,654.1264991514238,905.4,669.3
21165,20805,1140.6812040354516,654.1264991514238,905.4,669.3
21165,20806,1140.6812040354516,654.1264991514238,905.4,669.3
21165,20807,1140.6812040354516,654.1264991514238,905.4,669.3
21165,20808,1140.6812040354516,654.1264991514238,905.4,669.3
21165,20809,1140.6812040354516,654.1264991514238,905.4,669.3
21165,20810,1140.6812040354516,654.1264991514238,905.4,669.3
21165,20811,1140.6812040354516,654.1264991514238,905.4,669.3
21165,20812,1140.6812040354516,654.1264991514238,905.4,669.3
21165,20813,1140.6812040354516,654.1264991514238,905.4,669.3
21165,20814,1140.6812040354516,654.1264991514238,905.4,669.3
21165,20815,1140.6812040354516,654.1264991514238,905.4,669.3
21165,20816,1140.6812040354516,654.1264991514238,905.4,669.3
21165,20817,1140.6812040354516,654.1264991514238,905.4,669.3
21165,20818,1140.6812040354516,654.1264991514238,905.4,669.3
21165,20819,1140.6812040354516,654.1264991514238,905.4,669.3
21165,20820,1140.6812040354516,654.1264991514238,905.4,669.3
21165,20821,1140.6812040354516,654.1264991514238,905.4,669.3
21165,20822,1140.6812040354516,654.1264991514238,905.4,669.3
21165,20823,1140.6812040354516,654.1264991514238,905.4,669.3
21165,20824,1140.6812040354516,654.1264991514238,905.4,669.3
21165,20825,1140.6812040354516,654.1264991514238,905.4,669.3
21165,20826,1140.6812040354516,654.1264991514238,905.4,669.3
21165,20827,1140.6812040354516,654.1264991514238,905.4,669.3
21165,20828,1140.6812040354516,654.1264991514238,905.4,669.3
21165,20829,1140.6812040354516,654.1264991514238,905.4,669.3
21165,20830,1043.6812040354516,452.12649915142373,905.4,669.3
21165,20831,1043.6812040354516,452.12649915142373,905.4,669.3
21165,20832,1043.6812040354516,452.12649915142373,905.4,669.3
21165,20833,1043.6812040354516,452.12649915142373,905.4,669.3
21165,20834,1043.6812040354516,452.12649915142373,905.4,669.3
21165,20835,1043.6812040354516,452.12649915142373,905.4,669.3
21165,20836,1043.6812040354516,452.12649915142373,905.4,669.3
21165,20837,1043.6812040354516,452.12649915142373,905.4,669.3
21165,20838,1043.6812040354516,452.12649915142373,905.4,669.3
21165,20839,1043.6812040354516,452.12649915142373,905.4,669.3
21165,20840,1043.6812040354516,452.12649915142373,905.4,669.3
21165,20841,1043.6812040354516,452.12649915142373,905.4,669.3
21165,20842,1043.6812040354516,452.12649915142373,905.4,669.3
21165,20843,1043.6812040354516,452.12649915142373,905.4,669.3
21165,20844,1043.6812040354516,452.12649915142373,905.4,669.3
21165,20845,1043.6812040354516,452.12649915142373,905.4,669.3
21165,20846,1043.6812040354516,452.12649915142373,905.4,669.3
21165,20847,1043.6812040354516,452.12649915142373,905.4,669.3
21165,20848,1043.6812040354516,452.12649915142373,905.4,669.3
21165,20849,1043.6812040354516,452.12649915142373,905.4,669.3
21165,20850,1043.6812040354516,452.12649915142373,905.4,669.3
21165,20851,1043.6812040354516,452.12649915142373,905.4,669.3
21165,20852,1043.6812040354516,452.12649915142373,905.4,669.3
21165,20853,1043.6812040354516,452.12649915142373,905.4,669.3
21165,20854,1043.6812040354516,452.12649915142373,905.4,669.3
21165,20855,1043.6812040354516,452.12649915142373,905.4,669.3
21165,20856,1043.6812040354516,452.12649915142373,905.4,669.3
21165,20857,1043.6812040354516,452.12649915142373,905.4,669.3
21165,20858,1043.6812040354516,452.12649915142373,905.4,669.3
21165,20859,1043.6812040354516,452.12649915142373,905.4,669.3
21165,20860,1043.6812040354516,452.12649915142373,905.4,669.3
21165,20861,1043.6812040354516,452.12649915142373,905.4,669.3
21165,20862,1043.6812040354516,452.12649915142373,905.4,669.3
21165,20863,946.6812040354517,250.12649915142373,905.4,669.3
21165,20864,946.6812040354517,250.12649915142373,905.4,669.3
21165,20865,946.6812040354517,250.12649915142373,905.4,669.3
21165,20866,946.6812040354517,250.12649915142373,905.4,669.3
21165,20867,946.6812040354517,250.12649915142373,905.4,669.3
21165,20868,946.6812040354517,250.12649915142373,905.4,669.3
21165,20869,946.6812040354517,250.12649915142373,905.4,669.3
21165,20870,946.6812040354517,250.12649915142373,905.4,669.3
21165,20871,946.6812040354517,250.12649915142373,905.4,669.3
21165,20872,946.6812040354517,250.12649915142373,905.4,669.3
21165,20873,946.6812040354517,250.12649915142373,905.4,669.3
21165,20874,946.6812040354517,250.12649915142373,905.4,669.3
21165,20875,946.6812040354517,250.12649915142373,905.4,669.3
21165,20876,946.6812040354517,250.12649915142373,905.4,669.3
21165,20877,946.6812040354517,250.12649915142373,905.4,669.3
21165,20878,946.6812040354517,250.12649915142373,905.4,669.3
21165,20879,946.6812040354517,250.12649915142373,905.4,669.3
21165,20880,946.6812040354517,250.12649915142373,905.4,669.3
21165,20881,946.6812040354517,250.12649915142373,905.4,669.3
21165,20882,946.6812040354517,250.12649915142373,905.4,669.3
21165,20883,946.6812040354517,250.12649915142373,905.4,669.3
21165,20884,946.6812040354517,250.12649915142373,905.4,669.3
21165,20885,946.6812040354517,250.12649915142373,905.4,669.3
21165,20886,946.6812040354517,250.12649915142373,905.4,669.3
21165,20887,946.6812040354517,250.12649915142373,905.4,669.3
21165,20888,946.6812040354517,250.12649915142373,905.4,669.3
21165,20889,946.6812040354517,250.12649915142373,905.4,669.3
21165,20890,946.6812040354517,250.12649915142373,905.4,669.3
21165,20891,946.6812040354517,250.12649915142373,905.4,669.3
21165,20892,946.6812040354517,250.12649915142373,905.4,669.3
21165,20893,946.6812040354517,250.12649915142373,905.4,669.3
21165,20894,946.6812040354517,250.12649915142373,905.4,669.3
21165,20895,946.6812040354517,250.12649915142373,905.4,669.3
21165,20896,946.6812040354517,250.12649915142373,905.4,669.3
21165,20897,946.6812040354517,250.12649915142373,905.4,669.3
21165,20898,946.6812040354517,250.12649915142373,905.4,669.3
21165,20899,946.6812040354517,250.12649915142373,905.4,669.3
21165,20900,946.6812040354517,250.12649915142373,905.4,669.3
21165,20901,946.6812040354517,250.12649915142373,905.4,669.3
21165,20902,946.6812040354517,250.12649915142373,905.4,669.3
21165,20903,946.6812040354517,250.12649915142373,905.4,669.3
21165,20904,946.6812040354517,250.12649915142373,905.4,669.3
21165,20905,946.6812040354517,250.12649915142373,905.4,669.3
21165,20906,946.6812040354517,250.12649915142373,905.4,669.3
21165,20907,946.6812040354517,250.12649915142373,905.4,669.3
21165,20908,946.6812040354517,250.12649915142373,905.4,669.3
21165,20909,946.6812040354517,250.12649915142373,905.4,669.3
21165,20910,946.6812040354517,250.12649915142373,905.4,669.3
21165,20911,946.6812040354517,250.12649915142373,905.4,669.3
21165,20912,946.6812040354517,250.12649915142373,905.4,669.3
21165,20913,946.6812040354517,250.12649915142373,905.4,669.3
21165,20914,946.6812040354517,250.12649915142373,905.4,669.3
21165,20915,946.6812040354517,250.12649915142373,905.4,669.3
21165,20916,946.6812040354517,250.12649915142373,905.4,669.3
21165,20917,946.6812040354517,250.12649915142373,905.4,669.3
21165,20918,946.6812040354517,250.12649915142373,905.4,669.3
21165,20919,946.6812040354517,250.12649915142373,905.4,669.3
21165,20920,946.6812040354517,250.12649915142373,905.4,669.3
21165,20921,946.6812040354517,250.12649915142373,905.4,669.3
21165,20922,946.6812040354517,250.12649915142373,905.4,669.3
21165,20923,946.6812040354517,250.12649915142373,905.4,669.3
21165,20924,946.6812040354517,250.12649915142373,905.4,669.3
21165,20925,946.6812040354517,250.12649915142373,905.4,669.3
21165,20926,946.6812040354517,250.12649915142373,905.4,669.3
21165,20927,946.6812040354517,250.12649915142373,905.4,669.3
21165,20928,946.6812040354517,250.12649915142373,905.4,669.3
21165,20929,946.6812040354517,250.12649915142373,905.4,669.3
21165,20930,934.6812040354517,246.12649915142373,905.4,669.3
21165,20931,934.6812040354517,246.12649915142373,905.4,669.3
21165,20932,934.6812040354517,246.12649915142373,905.4,669.3
21165,20933,934.6812040354517,246.12649915142373,905.4,669.3
21165,20934,934.6812040354517,246.12649915142373,905.4,669.3
21165,20935,934.6812040354517,246.12649915142373,905.4,669.3
21165,20936,934.6812040354517,246.12649915142373,905.4,669.3
21165,20937,934.6812040354517,246.12649915142373,905.4,669.3
21165,20938,934.6812040354517,246.12649915142373,905.4,669.3
21165,20939,934.6812040354517,246.12649915142373,905.4,669.3
21165,20940,934.6812040354517,246.12649915142373,905.4,669.3
21165,20941,934.6812040354517,246.12649915142373,905.4,669.3
21165,20942,934.6812040354517,246.12649915142373,905.4,669.3
21165,20943,934.6812040354517,246.12649915142373,905.4,669.3
21165,20944,934.6812040354517,246.12649915142373,905.4,669.3
21165,20945,934.6812040354517,246.12649915142373,905.4,669.3
21165,20946,934.6812040354517,246.12649915142373,905.4,669.3
21165,20947,934.6812040354517,246.12649915142373,905.4,669.3
21165,20948,934.6812040354517,246.12649915142373,905.4,669.3
21165,20949,934.6812040354517,246.12649915142373,905.4,669.3
21165,20950,934.6812040354517,246.12649915142373,905.4,669.3
21165,20951,934.6812040354517,246.12649915142373,905.4,669.3
21165,20952,934.6812040354517,246.12649915142373,905.4,669.3
21165,20953,934.6812040354517,246.12649915142373,905.4,669.3
21165,20954,934.6812040354517,246.12649915142373,905.4,669.3
21165,20955,934.6812040354517,246.12649915142373,905.4,669.3
21165,20956,934.6812040354517,246.12649915142373,905.4,669.3
21165,20957,934.6812040354517,246.12649915142373,905.4,669.3
21165,20958,934.6812040354517,246.12649915142373,905.4,669.3
21165,20959,934.6812040354517,246.12649915142373,905.4,669.3
21165,20960,934.6812040354517,246.12649915142373,905.4,669.3
21165,20961,934.6812040354517,246.12649915142373,905.4,669.3
21165,20962,934.6812040354517,246.12649915142373,905.4,669.3
21165,20963,921.6812040354517,241.12649915142373,905.4,669.3
21165,20964,921.6812040354517,241.12649915142373,905.4,669.3
21165,20965,921.6812040354517,241.12649915142373,905.4,669.3
21165,20966,921.6812040354517,241.12649915142373,905.4,669.3
21165,20967,921.6812040354517,241.12649915142373,905.4,669.3
21165,20968,921.6812040354517,241.12649915142373,905.4,669.3
21165,20969,921.6812040354517,241.12649915142373,905.4,669.3
21165,20970,921.6812040354517,241.12649915142373,905.4,669.3
21165,20971,921.6812040354517,241.12649915142373,905.4,669.3
21165,20972,921.6812040354517,241.12649915142373,905.4,669.3
21165,20973,921.6812040354517,241.12649915142373,905.4,669.3
21165,20974,921.6812040354517,241.12649915142373,905.4,669.3
21165,20975,921.6812040354517,241.12649915142373,905.4,669.3
21165,20976,921.6812040354517,241.12649915142373,905.4,669.3
21165,20977,921.6812040354517,241.12649915142373,905.4,669.3
21165,20978,921.6812040354517,241.12649915142373,905.4,669.3
21165,20979,921.6812040354517,241.12649915142373,905.4,669.3
21165,20980,921.6812040354517,241.12649915142373,905.4,669.3
21165,20981,921.6812040354517,241.12649915142373,905.4,669.3
21165,20982,921.6812040354517,241.12649915142373,905.4,669.3
21165,20983,921.6812040354517,241.12649915142373,905.4,669.3
21165,20984,921.6812040354517,241.12649915142373,905.4,669.3
21165,20985,921.6812040354517,241.12649915142373,905.4,669.3
21165,20986,921.6812040354517,241.12649915142373,905.4,669.3
21165,20987,921.6812040354517,241.12649915142373,905.4,669.3
21165,20988,921.6812040354517,241.12649915142373,905.4,669.3
21165,20989,921.6812040354517,241.12649915142373,905.4,669.3
21165,20990,921.6812040354517,241.12649915142373,905.4,669.3
21165,20991,921.6812040354517,241.12649915142373,905.4,669.3
21165,20992,921.6812040354517,241.12649915142373,905.4,669.3
21165,20993,921.6812040354517,241.12649915142373,905.4,669.3
21165,20994,921.6812040354517,241.12649915142373,905.4,669.3
21165,20995,921.6812040354517,241.12649915142373,905.4,669.3
21165,20996,921.6812040354517,241.12649915142373,905.4,669.3
21165,20997,921.6812040354517,241.12649915142373,905.4,669.3
21165,20998,921.6812040354517,241.12649915142373,905.4,669.3
21165,20999,921.6812040354517,241.12649915142373,905.4,669.3
21165,21000,921.6812040354517,241.12649915142373,905.4,669.3
21165,21001,921.6812040354517,241.12649915142373,905.4,669.3
21165,21002,921.6812040354517,241.12649915142373,905.4,669.3
21165,21003,921.6812040354517,241.12649915142373,905.4,669.3
21165,21004,921.6812040354517,241.12649915142373,905.4,669.3
21165,21005,921.6812040354517,241.12649915142373,905.4,669.3
21165,21006,921.6812040354517,241.12649915142373,905.4,669.3
21165,21007,921.6812040354517,241.12649915142373,905.4,669.3
21165,21008,921.6812040354517,241.12649915142373,905.4,669.3
21165,21009,921.6812040354517,241.12649915142373,905.4,669.3
21165,21010,921.6812040354517,241.12649915142373,905.4,669.3
21165,21011,921.6812040354517,241.12649915142373,905.4,669.3
21165,21012,921.6812040354517,241.12649915142373,905.4,669.3
21165,21013,921.6812040354517,241.12649915142373,905.4,669.3
21165,21014,921.6812040354517,241.12649915142373,905.4,669.3
21165,21015,921.6812040354517,241.12649915142373,905.4,669.3
21165,21016,921.6812040354517,241.12649915142373,905.4,669.3
21165,21017,921.6812040354517,241.12649915142373,905.4,669.3
21165,21018,921.6812040354517,241.12649915142373,905.4,669.3
21165,21019,921.6812040354517,241.12649915142373,905.4,669.3
21165,21020,921.6812040354517,241.12649915142373,905.4,669.3
21165,21021,921.6812040354517,241.12649915142373,905.4,669.3
21165,21022,921.6812040354517,241.12649915142373,905.4,669.3
21165,21023,921.6812040354517,241.12649915142373,905.4,669.3
21165,21024,921.6812040354517,241.12649915142373,905.4,669.3
21165,21025,921.6812040354517,241.12649915142373,905.4,669.3
21165,21026,921.6812040354517,241.12649915142373,905.4,669.3
21165,21027,921.6812040354517,241.12649915142373,905.4,669.3
21165,21028,921.6812040354517,241.12649915142373,905.4,669.3
21165,21029,921.6812040354517,241.12649915142373,905.4,669.3
21165,21030,921.6812040354517,241.12649915142373,905.4,669.3
21165,21031,921.6812040354517,241.12649915142373,905.4,669.3
21165,21032,921.6812040354517,241.12649915142373,905.4,669.3
21165,21033,921.6812040354517,241.12649915142373,905.4,669.3
21165,21034,921.6812040354517,241.12649915142373,905.4,669.3
21165,21035,921.6812040354517,241.12649915142373,905.4,669.3
21165,21036,921.6812040354517,241.12649915142373,905.4,669.3
21165,21037,921.6812040354517,241.12649915142373,905.4,669.3
21165,21038,921.6812040354517,241.12649915142373,905.4,669.3
21165,21039,921.6812040354517,241.12649915142373,905.4,669.3
21165,21040,921.6812040354517,241.12649915142373,905.4,669.3
21165,21041,921.6812040354517,241.12649915142373,905.4,669.3
21165,21042,921.6812040354517,241.12649915142373,905.4,669.3
21165,21043,921.6812040354517,241.12649915142373,905.4,669.3
21165,21044,921.6812040354517,241.12649915142373,905.4,669.3
21165,21045,921.6812040354517,241.12649915142373,905.4,669.3
21165,21046,921.6812040354517,241.12649915142373,905.4,669.3
21165,21047,921.6812040354517,241.12649915142373,905.4,669.3
21165,21048,921.6812040354517,241.12649915142373,905.4,669.3
21165,21049,921.6812040354517,241.12649915142373,905.4,669.3
21165,21050,921.6812040354517,241.12649915142373,905.4,669.3
21165,21051,921.6812040354517,241.12649915142373,905.4,669.3
21165,21052,921.6812040354517,241.12649915142373,905.4,669.3
21165,21053,921.6812040354517,241.12649915142373,905.4,669.3
21165,21054,921.6812040354517,241.12649915142373,905.4,669.3
21165,21055,921.6812040354517,241.12649915142373,905.4,669.3
21165,21056,921.6812040354517,241.12649915142373,905.4,669.3
21165,21057,921.6812040354517,241.12649915142373,905.4,669.3
21165,21058,921.6812040354517,241.12649915142373,905.4,669.3
21165,21059,921.6812040354517,241.12649915142373,905.4,669.3
21165,21060,921.6812040354517,241.12649915142373,905.4,669.3
21165,21061,921.6812040354517,241.12649915142373,905.4,669.3
21165,21062,921.6812040354517,241.12649915142373,905.4,669.3
21165,21063,921.6812040354517,241.12649915142373,905.4,669.3
21165,21064,921.6812040354517,241.12649915142373,905.4,669.3
21165,21065,921.6812040354517,241.12649915142373,905.4,669.3
21165,21066,921.6812040354517,241.12649915142373,905.4,669.3
21165,21067,921.6812040354517,241.12649915142373,905.4,669.3
21165,21068,921.6812040354517,241.12649915142373,905.4,669.3
21165,21069,921.6812040354517,241.12649915142373,905.4,669.3
21165,21070,921.6812040354517,241.12649915142373,905.4,669.3
21165,21071,921.6812040354517,241.12649915142373,905.4,669.3
21165,21072,921.6812040354517,241.12649915142373,905.4,669.3
21165,21073,921.6812040354517,241.12649915142373,905.4,669.3
21165,21074,921.6812040354517,241.12649915142373,905.4,669.3
21165,21075,921.6812040354517,241.12649915142373,905.4,669.3
21165,21076,921.6812040354517,241.12649915142373,905.4,669.3
21165,21077,921.6812040354517,241.12649915142373,905.4,669.3
21165,21078,921.6812040354517,241.12649915142373,905.4,669.3
21165,21079,921.6812040354517,241.12649915142373,905.4,669.3
21165,21080,921.6812040354517,241.12649915142373,905.4,669.3
21165,21081,921.6812040354517,241.12649915142373,905.4,669.3
21165,21082,921.6812040354517,241.12649915142373,905.4,669.3
21165,21083,921.6812040354517,241.12649915142373,905.4,669.3
21165,21084,921.6812040354517,241.12649915142373,905.4,669.3
21165,21085,921.6812040354517,241.12649915142373,905.4,669.3
21165,21086,921.6812040354517,241.12649915142373,905.4,669.3
21165,21087,921.6812040354517,241.12649915142373,905.4,669.3
21165,21088,921.6812040354517,241.12649915142373,905.4,669.3
21165,21089,921.6812040354517,241.12649915142373,905.4,669.3
21165,21090,921.6812040354517,241.12649915142373,905.4,669.3
21165,21091,921.6812040354517,241.12649915142373,905.4,669.3
21165,21092,921.6812040354517,241.12649915142373,905.4,669.3
21165,21093,921.6812040354517,241.12649915142373,905.4,669.3
21165,21094,921.6812040354517,241.12649915142373,905.4,669.3
21165,21095,921.6812040354517,241.12649915142373,905.4,669.3
21165,21096,921.6812040354517,241.12649915142373,905.4,669.3
21165,21097,921.6812040354517,241.12649915142373,905.4,669.3
21165,21098,921.6812040354517,241.12649915142373,905.4,669.3
21165,21099,921.6812040354517,241.12649915142373,905.4,669.3
21165,21100,921.6812040354517,241.12649915142373,905.4,669.3
21165,21101,921.6812040354517,241.12649915142373,905.4,669.3
21165,21102,921.6812040354517,241.12649915142373,905.4,669.3
21165,21103,921.6812040354517,241.12649915142373,905.4,669.3
21165,21104,921.6812040354517,241.12649915142373,905.4,669.3
21165,21105,921.6812040354517,241.12649915142373,905.4,669.3
21165,21106,921.6812040354517,241.12649915142373,905.4,669.3
21165,21107,921.6812040354517,241.12649915142373,905.4,669.3
21165,21108,921.6812040354517,241.12649915142373,905.4,669.3
21165,21109,921.6812040354517,241.12649915142373,905.4,669.3
21165,21110,921.6812040354517,241.12649915142373,905.4,669.3
21165,21111,921.6812040354517,241.12649915142373,905.4,669.3
21165,21112,921.6812040354517,241.12649915142373,905.4,669.3
21165,21113,921.6812040354517,241.12649915142373,905.4,669.3
21165,21114,921.6812040354517,241.12649915142373,905.4,669.3
21165,21115,921.6812040354517,241.12649915142373,905.4,669.3
21165,21116,921.6812040354517,241.12649915142373,905.4,669.3
21165,21117,921.6812040354517,241.12649915142373,905.4,669.3
21165,21118,921.6812040354517,241.12649915142373,905.4,669.3
21165,21119,921.6812040354517,241.12649915142373,905.4,669.3
21165,21120,921.6812040354517,241.12649915142373,905.4,669.3
21165,21121,921.6812040354517,241.12649915142373,905.4,669.3
21165,21122,921.6812040354517,241.12649915142373,905.4,669.3
21165,21123,921.6812040354517,241.12649915142373,905.4,669.3
21165,21124,921.6812040354517,241.12649915142373,905.4,669.3
21165,21125,921.6812040354517,241.12649915142373,905.4,669.3
21165,21126,921.6812040354517,241.12649915142373,905.4,669.3
21165,21127,921.6812040354517,241.12649915142373,905.4,669.3
21165,21128,921.6812040354517,241.12649915142373,905.4,669.3
21165,21129,921.6812040354517,241.12649915142373,905.4,669.3
21165,21130,779.6812040354517,481.12649915142373,905.4,669.3
21165,21131,779.6812040354517,481.12649915142373,905.4,669.3
21165,21132,779.6812040354517,481.12649915142373,905.4,669.3
21165,21133,779.6812040354517,481.12649915142373,905.4,669.3
21165,21134,779.6812040354517,481.12649915142373,905.4,669.3
21165,21135,779.6812040354517,481.12649915142373,905.4,669.3
21165,21136,779.6812040354517,481.12649915142373,905.4,669.3
21165,21137,779.6812040354517,481.12649915142373,905.4,669.3
21165,21138,779.6812040354517,481.12649915142373,905.4,669.3
21165,21139,779.6812040354517,481.12649915142373,905.4,669.3
21165,21140,779.6812040354517,481.12649915142373,905.4,669.3
21165,21141,779.6812040354517,481.12649915142373,905.4,669.3
21165,21142,779.6812040354517,481.12649915142373,905.4,669.3
21165,21143,779.6812040354517,481.12649915142373,905.4,669.3
21165,21144,779.6812040354517,481.12649915142373,905.4,669.3
21165,21145,779.6812040354517,481.12649915142373,905.4,669.3
21165,21146,779.6812040354517,481.12649915142373,905.4,669.3
21165,21147,779.6812040354517,481.12649915142373,905.4,669.3
21165,21148,779.6812040354517,481.12649915142373,905.4,669.3
21165,21149,779.6812040354517,481.12649915142373,905.4,669.3
21165,21150,779.6812040354517,481.12649915142373,905.4,669.3
21165,21151,779.6812040354517,481.12649915142373,905.4,669.3
21165,21152,779.6812040354517,481.12649915142373,905.4,669.3
21165,21153,779.6812040354517,481.12649915142373,905.4,669.3
21165,21154,779.6812040354517,481.12649915142373,905.4,669.3
21165,21155,779.6812040354517,481.12649915142373,905.4,669.3
21165,21156,779.6812040354517,481.12649915142373,905.4,669.3
21165,21157,779.6812040354517,481.12649915142373,905.4,669.3
21165,21158,779.6812040354517,481.12649915142373,905.4,669.3
21165,21159,779.6812040354517,481.12649915142373,905.4,669.3
21165,21160,779.6812040354517,481.12649915142373,905.4,669.3
21165,21161,779.6812040354517,481.12649915142373,905.4,669.3
21165,21162,779.6812040354517,481.12649915142373,905.4,669.3
21165,21163,638.6812040354517,720.1264991514238,905.4,669.3
21165,21164,638.6812040354517,720.1264991514238,905.4,669.3
21165,21165,638.6812040354517,720.1264991514238,905.4,669.3
21165,21166,638.6812040354517,720.1264991514238,905.4,669.3
21165,21167,638.6812040354517,720.1264991514238,905.4,669.3
21165,21168,638.6812040354517,720.1264991514238,905.4,669.3
21165,21169,638.6812040354517,720.1264991514238,905.4,669.3
21165,21170,638.6812040354517,720.1264991514238,905.4,669.3
21165,21171,638.6812040354517,720.1264991514238,905.4,669.3
21165,21172,638.6812040354517,720.1264991514238,905.4,669.3
21165,21173,638.6812040354517,720.1264991514238,905.4,669.3
21165,21174,638.6812040354517,720.1264991514238,905.4,669.3
21165,21175,638.6812040354517,720.1264991514238,905.4,669.3
21165,21176,638.6812040354517,720.1264991514238,905.4,669.3
21165,21177,638.6812040354517,720.1264991514238,905.4,669.3
21165,21178,638.6812040354517,720.1264991514238,905.4,669.3
21165,21179,638.6812040354517,720.1264991514238,905.4,669.3
21165,21180,638.6812040354517,720.1264991514238,905.4,669.3
21165,21181,638.6812040354517,720.1264991514238,905.4,669.3
21165,21182,638.6812040354517,720.1264991514238,905.4,669.3
21165,21183,638.6812040354517,720.1264991514238,905.4,669.3
21165,21184,638.6812040354517,720.1264991514238,905.4,669.3
21165,21185,638.6812040354517,720.1264991514238,905.4,669.3
21165,21186,638.6812040354517,720.1264991514238,905.4,669.3
21165,21187,638.6812040354517,720.1264991514238,905.4,669.3
21165,21188,638.6812040354517,720.1264991514238,905.4,669.3
21165,21189,638.6812040354517,720.1264991514238,905.4,669.3
21165,21190,638.6812040354517,720.1264991514238,905.4,669.3
21165,21191,638.6812040354517,720.1264991514238,905.4,669.3
21165,21192,638.6812040354517,720.1264991514238,905.4,669.3
21165,21193,638.6812040354517,720.1264991514238,905.4,669.3
21165,21194,638.6812040354517,720.1264991514238,905.4,669.3
21165,21195,638.6812040354517,720.1264991514238,905.4,669.3
21165,21196,638.6812040354517,720.1264991514238,905.4,669.3
21165,21197,638.6812040354517,720.1264991514238,905.4,669.3
21165,21198,638.6812040354517,720.1264991514238,905.4,669.3
21165,21199,638.6812040354517,720.1264991514238,905.4,669.3
21165,21200,638.6812040354517,720.1264991514238,905.4,669.3
21165,21201,638.6812040354517,720.1264991514238,905.4,669.3
21165,21202,638.6812040354517,720.1264991514238,905.4,669.3
21165,21203,638.6812040354517,720.1264991514238,905.4,669.3
21165,21204,638.6812040354517,720.1264991514238,905.4,669.3
21165,21205,638.6812040354517,720.1264991514238,905.4,669.3
21165,21206,638.6812040354517,720.1264991514238,905.4,669.3
21165,21207,638.6812040354517,720.1264991514238,905.4,669.3
21165,21208,638.6812040354517,720.1264991514238,905.4,669.3
21165,21209,638.6812040354517,720.1264991514238,905.4,669.3
21165,21210,638.6812040354517,720.1264991514238,905.4,669.3
21165,21211,638.6812040354517,720.1264991514238,905.4,669.3
21165,21212,638.6812040354517,720.1264991514238,905.4,669.3
21165,21213,638.6812040354517,720.1264991514238,905.4,669.3
21165,21214,638.6812040354517,720.1264991514238,905.4,669.3
21165,21215,638.6812040354517,720.1264991514238,905.4,669.3
21165,21216,638.6812040354517,720.1264991514238,905.4,669.3
21165,21217,638.6812040354517,720.1264991514238,905.4,669.3
21165,21218,638.6812040354517,720.1264991514238,905.4,669.3
21165,21219,638.6812040354517,720.1264991514238,905.4,669.3
21165,21220,638.6812040354517,720.1264991514238,905.4,669.3
21165,21221,638.6812040354517,720.1264991514238,905.4,669.3
21165,21222,638.6812040354517,720.1264991514238,905.4,669.3
21165,21223,638.6812040354517,720.1264991514238,905.4,669.3
21165,21224,638.6812040354517,720.1264991514238,905.4,669.3
21165,21225,638.6812040354517,720.1264991514238,905.4,669.3
21165,21226,638.6812040354517,720.1264991514238,905.4,669.3
21165,21227,638.6812040354517,720.1264991514238,905.4,669.3
21165,21228,638.6812040354517,720.1264991514238,905.4,669.3
21165,21229,638.6812040354517,720.1264991514238,905.4,669.3
21165,21230,638.6812040354517,720.1264991514238,905.4,669.3
21165,21231,638.6812040354517,720.1264991514238,905.4,669.3
21165,21232,638.6812040354517,720.1264991514238,905.4,669.3
21165,21233,638.6812040354517,720.1264991514238,905.4,669.3
21165,21234,638.6812040354517,720.1264991514238,905.4,669.3
21165,21235,638.6812040354517,720.1264991514238,905.4,669.3
21165,21236,638.6812040354517,720.1264991514238,905.4,669.3
21165,21237,638.6812040354517,720.1264991514238,905.4,669.3
21165,21238,638.6812040354517,720.1264991514238,905.4,669.3
21165,21239,638.6812040354517,720.1264991514238,905.4,669.3
21165,21240,638.6812040354517,720.1264991514238,905.4,669.3
21165,21241,638.6812040354517,720.1264991514238,905.4,669.3
21165,21242,638.6812040354517,720.1264991514238,905.4,669.3
21165,21243,638.6812040354517,720.1264991514238,905.4,669.3
21165,21244,638.6812040354517,720.1264991514238,905.4,669.3
21165,21245,638.6812040354517,720.1264991514238,905.4,669.3
21165,21246,638.6812040354517,720.1264991514238,905.4,669.3
21165,21247,638.6812040354517,720.1264991514238,905.4,669.3
21165,21248,638.6812040354517,720.1264991514238,905.4,669.3
21165,21249,638.6812040354517,720.1264991514238,905.4,669.3
21165,21250,638.6812040354517,720.1264991514238,905.4,669.3
21165,21251,638.6812040354517,720.1264991514238,905.4,669.3
21165,21252,638.6812040354517,720.1264991514238,905.4,669.3
21165,21253,638.6812040354517,720.1264991514238,905.4,669.3
21165,21254,638.6812040354517,720.1264991514238,905.4,669.3
21165,21255,638.6812040354517,720.1264991514238,905.4,669.3
21165,21256,638.6812040354517,720.1264991514238,905.4,669.3
21165,21257,638.6812040354517,720.1264991514238,905.4,669.3
21165,21258,638.6812040354517,720.1264991514238,905.4,669.3
21165,21259,638.6812040354517,720.1264991514238,905.4,669.3
21165,21260,638.6812040354517,720.1264991514238,905.4,669.3
21165,21261,638.6812040354517,720.1264991514238,905.4,669.3
21165,21262,638.6812040354517,720.1264991514238,905.4,669.3
21165,21263,845.6812040354517,671.1264991514238,905.4,669.3
21165,21264,845.6812040354517,671.1264991514238,905.4,669.3
21165,21265,845.6812040354517,671.1264991514238,905.4,669.3
21165,21266,845.6812040354517,671.1264991514238,905.4,669.3
21165,21267,845.6812040354517,671.1264991514238,905.4,669.3
21165,21268,845.6812040354517,671.1264991514238,905.4,669.3
21165,21269,845.6812040354517,671.1264991514238,905.4,669.3
21165,21270,845.6812040354517,671.1264991514238,905.4,669.3
21165,21271,845.6812040354517,671.1264991514238,905.4,669.3
21165,21272,845.6812040354517,671.1264991514238,905.4,669.3
21165,21273,845.6812040354517,671.1264991514238,905.4,669.3
21165,21274,845.6812040354517,671.1264991514238,905.4,669.3
21165,21275,845.6812040354517,671.1264991514238,905.4,669.3
21165,21276,845.6812040354517,671.1264991514238,905.4,669.3
21165,21277,845.6812040354517,671.1264991514238,905.4,669.3
21165,21278,845.6812040354517,671.1264991514238,905.4,669.3
21165,21279,845.6812040354517,671.1264991514238,905.4,669.3
21165,21280,845.6812040354517,671.1264991514238,905.4,669.3
21165,21281,845.6812040354517,671.1264991514238,905.4,669.3
21165,21282,845.6812040354517,671.1264991514238,905.4,669.3
21165,21283,845.6812040354517,671.1264991514238,905.4,669.3
21165,21284,845.6812040354517,671.1264991514238,905.4,669.3
21165,21285,845.6812040354517,671.1264991514238,905.4,669.3
21165,21286,845.6812040354517,671.1264991514238,905.4,669.3
21165,21287,845.6812040354517,671.1264991514238,905.4,669.3
21165,21288,845.6812040354517,671.1264991514238,905.4,669.3
21165,21289,845.6812040354517,671.1264991514238,905.4,669.3
21165,21290,845.6812040354517,671.1264991514238,905.4,669.3
21165,21291,845.6812040354517,671.1264991514238,905.4,669.3
21165,21292,845.6812040354517,671.1264991514238,905.4,669.3
21165,21293,845.6812040354517,671.1264991514238,905.4,669.3
21165,21294,845.6812040354517,671.1264991514238,905.4,669.3
21165,21295,845.6812040354517,671.1264991514238,905.4,669.3
21165,21296,845.6812040354517,671.1264991514238,905.4,669.3
21165,21297,1053.6812040354516,622.1264991514238,905.4,669.3
21165,21298,1053.6812040354516,622.1264991514238,905.4,669.3
21165,21299,1053.6812040354516,622.1264991514238,905.4,669.3
21165,21300,1053.6812040354516,622.1264991514238,905.4,669.3
21165,21301,1053.6812040354516,622.1264991514238,905.4,669.3
21165,21302,1053.6812040354516,622.1264991514238,905.4,669.3
21165,21303,1053.6812040354516,622.1264991514238,905.4,669.3
21165,21304,1053.6812040354516,622.1264991514238,905.4,669.3
21165,21305,1053.6812040354516,622.1264991514238,905.4,669.3
21165,21306,1053.6812040354516,622.1264991514238,905.4,669.3
21165,21307,1053.6812040354516,622.1264991514238,905.4,669.3
21165,21308,1053.6812040354516,622.1264991514238,905.4,669.3
21165,21309,1053.6812040354516,622.1264991514238,905.4,669.3
21165,21310,1053.6812040354516,622.1264991514238,905.4,669.3
21165,21311,1053.6812040354516,622.1264991514238,905.4,669.3
21165,21312,1053.6812040354516,622.1264991514238,905.4,669.3
21165,21313,1053.6812040354516,622.1264991514238,905.4,669.3
21165,21314,1053.6812040354516,622.1264991514238,905.4,669.3
21165,21315,1053.6812040354516,622.1264991514238,905.4,669.3
21165,21316,1053.6812040354516,622.1264991514238,905.4,669.3
21165,21317,1053.6812040354516,622.1264991514238,905.4,669.3
21165,21318,1053.6812040354516,622.1264991514238,905.4,669.3
21165,21319,1053.6812040354516,622.1264991514238,905.4,669.3
21165,21320,1053.6812040354516,622.1264991514238,905.4,669.3
21165,21321,1053.6812040354516,622.1264991514238,905.4,669.3
21165,21322,1053.6812040354516,622.1264991514238,905.4,669.3
21165,21323,1053.6812040354516,622.1264991514238,905.4,669.3
21165,21324,1053.6812040354516,622.1264991514238,905.4,669.3
21165,21325,1053.6812040354516,622.1264991514238,905.4,669.3
21165,21326,1053.6812040354516,622.1264991514238,905.4,669.3
21165,21327,1053.6812040354516,622.1264991514238,905.4,669.3
21165,21328,1053.6812040354516,622.1264991514238,905.4,669.3
21165,21329,1053.6812040354516,622.1264991514238,905.4,669.3
21165,21330,1053.6812040354516,622.1264991514238,905.4,669.3
21165,21331,1053.6812040354516,622.1264991514238,905.4,669.3
21165,21332,1053.6812040354516,622.1264991514238,905.4,669.3
21165,21333,1053.6812040354516,622.1264991514238,905.4,669.3
21165,21334,1053.6812040354516,622.1264991514238,905.4,669.3
21165,21335,1053.6812040354516,622.1264991514238,905.4,669.3
21165,21336,1053.6812040354516,622.1264991514238,905.4,669.3
21165,21337,1053.6812040354516,622.1264991514238,905.4,669.3
21165,21338,1053.6812040354516,622.1264991514238,905.4,669.3
21165,21339,1053.6812040354516,622.1264991514238,905.4,669.3
21165,21340,1053.6812040354516,622.1264991514238,905.4,669.3
21165,21341,1053.6812040354516,622.1264991514238,905.4,669.3
21165,21342,1053.6812040354516,622.1264991514238,905.4,669.3
21165,21343,1053.6812040354516,622.1264991514238,905.4,669.3
21165,21344,1053.6812040354516,622.1264991514238,905.4,669.3
21165,21345,1053.6812040354516,622.1264991514238,905.4,669.3
21165,21346,1053.6812040354516,622.1264991514238,905.4,669.3
21165,21347,1053.6812040354516,622.1264991514238,905.4,669.3
21165,21348,1053.6812040354516,622.1264991514238,905.4,669.3
21165,21349,1053.6812040354516,622.1264991514238,905.4,669.3
21165,21350,1053.6812040354516,622.1264991514238,905.4,669.3
21165,21351,1053.6812040354516,622.1264991514238,905.4,669.3
21165,21352,1053.6812040354516,622.1264991514238,905.4,669.3
21165,21353,1053.6812040354516,622.1264991514238,905.4,669.3
21165,21354,1053.6812040354516,622.1264991514238,905.4,669.3
21165,21355,1053.6812040354516,622.1264991514238,905.4,669.3
21165,21356,1053.6812040354516,622.1264991514238,905.4,669.3
21165,21357,1053.6812040354516,622.1264991514238,905.4,669.3
21165,21358,1053.6812040354516,622.1264991514238,905.4,669.3
21165,21359,1053.6812040354516,622.1264991514238,905.4,669.3
21165,21360,1053.6812040354516,622.1264991514238,905.4,669.3
21165,21361,1053.6812040354516,622.1264991514238,905.4,669.3
21165,21362,1053.6812040354516,622.1264991514238,905.4,669.3
21165,21363,1053.6812040354516,622.1264991514238,905.4,669.3
21165,21364,1053.6812040354516,622.1264991514238,905.4,669.3
21165,21365,1053.6812040354516,622.1264991514238,905.4,669.3
21165,21366,1053.6812040354516,622.1264991514238,905.4,669.3
21165,21367,1053.6812040354516,622.1264991514238,905.4,669.3
21165,21368,1053.6812040354516,622.1264991514238,905.4,669.3
21165,21369,1053.6812040354516,622.1264991514238,905.4,669.3
21165,21370,1053.6812040354516,622.1264991514238,905.4,669.3
21165,21371,1053.6812040354516,622.1264991514238,905.4,669.3
21165,21372,1053.6812040354516,622.1264991514238,905.4,669.3
21165,21373,1053.6812040354516,622.1264991514238,905.4,669.3
21165,21374,1053.6812040354516,622.1264991514238,905.4,669.3
21165,21375,1053.6812040354516,622.1264991514238,905.4,669.3
21165,21376,1053.6812040354516,622.1264991514238,905.4,669.3
21165,21377,1053.6812040354516,622.1264991514238,905.4,669.3
21165,21378,1053.6812040354516,622.1264991514238,905.4,669.3
21165,21379,1053.6812040354516,622.1264991514238,905.4,669.3
21165,21380,1053.6812040354516,622.1264991514238,905.4,669.3
21165,21381,1053.6812040354516,622.1264991514238,905.4,669.3
21165,21382,1053.6812040354516,622.1264991514238,905.4,669.3
21165,21383,1053.6812040354516,622.1264991514238,905.4,669.3
21165,21384,1053.6812040354516,622.1264991514238,905.4,669.3
21165,21385,1053.6812040354516,622.1264991514238,905.4,669.3
21165,21386,1053.6812040354516,622.1264991514238,905.4,669.3
21165,21387,1053.6812040354516,622.1264991514238,905.4,669.3
21165,21388,1053.6812040354516,622.1264991514238,905.4,669.3
21165,21389,1053.6812040354516,622.1264991514238,905.4,669.3
21165,21390,1053.6812040354516,622.1264991514238,905.4,669.3
21165,21391,1053.6812040354516,622.1264991514238,905.4,669.3
21165,21392,1053.6812040354516,622.1264991514238,905.4,669.3
21165,21393,1053.6812040354516,622.1264991514238,905.4,669.3
21165,21394,1053.6812040354516,622.1264991514238,905.4,669.3
21165,21395,1053.6812040354516,622.1264991514238,905.4,669.3
21165,21396,1053.6812040354516,622.1264991514238,905.4,669.3
21165,21397,1053.6812040354516,622.1264991514238,905.4,669.3
21165,21398,1053.6812040354516,622.1264991514238,905.4,669.3
21165,21399,1053.6812040354516,622.1264991514238,905.4,669.3
21165,21400,1053.6812040354516,622.1264991514238,905.4,669.3
21165,21401,1053.6812040354516,622.1264991514238,905.4,669.3
21165,21402,1053.6812040354516,622.1264991514238,905.4,669.3
21165,21403,1053.6812040354516,622.1264991514238,905.4,669.3
21166,21404,1053.6812040354516,622.1264991514238,905.4,669.3
21167,21405,1053.6812040354516,622.1264991514238,905.4,669.3
21168,21406,1053.6812040354516,622.1264991514238,905.4,669.3
21169,21407,1053.6812040354516,622.1264991514238,905.4,669.3
21170,21408,1053.6812040354516,622.1264991514238,905.4,669.3
21171,21409,1053.6812040354516,622.1264991514238,905.4,669.3
21172,21410,1053.6812040354516,622.1264991514238,905.4,669.3
21173,21411,1053.6812040354516,622.1264991514238,905.4,669.3
21174,21412,1053.6812040354516,622.1264991514238,905.4,669.3
21175,21413,1053.6812040354516,622.1264991514238,905.4,669.3
21176,21414,1053.6812040354516,622.1264991514238,905.4,669.3
21177,21415,1053.6812040354516,622.1264991514238,905.4,669.3
21178,21416,1053.6812040354516,622.1264991514238,905.4,669.3
21179,21417,1053.6812040354516,622.1264991514238,905.4,669.3
21180,21418,1053.6812040354516,622.1264991514238,905.4,669.3
21181,21419,1053.6812040354516,622.1264991514238,905.4,669.3
21182,21420,1053.6812040354516,622.1264991514238,905.4,669.3
21183,21421,1053.6812040354516,622.1264991514238,905.4,669.3
21184,21422,1053.6812040354516,622.1264991514238,905.4,669.3
21185,21423,1053.6812040354516,622.1264991514238,905.4,669.3
21186,21424,1053.6812040354516,622.1264991514238,905.4,669.3
21187,21425,1053.6812040354516,622.1264991514238,905.4,669.3
21188,21426,1053.6812040354516,622.1264991514238,905.4,669.3
21189,21427,1053.6812040354516,622.1264991514238,905.4,669.3
21190,21428,1053.6812040354516,622.1264991514238,905.4,669.3
21191,21429,1053.6812040354516,622.1264991514238,905.4,669.3
21192,21430,1053.6812040354516,622.1264991514238,905.4,669.3
21193,21431,1053.6812040354516,622.1264991514238,905.4,669.3
21194,21432,1053.6812040354516,622.1264991514238,905.4,669.3
21195,21433,1053.6812040354516,622.1264991514238,905.4,669.3
21196,21434,1053.6812040354516,622.1264991514238,905.4,669.3
21197,21435,1053.6812040354516,622.1264991514238,905.4,669.3
21198,21436,1053.6812040354516,622.1264991514238,905.4,669.3
21199,21437,1053.6812040354516,622.1264991514238,905.4,669.3
21200,21438,1053.6812040354516,622.1264991514238,905.4,669.3
21201,21439,1053.6812040354516,622.1264991514238,905.4,669.3
21202,21440,1053.6812040354516,622.1264991514238,905.4,669.3
21203,21441,1053.6812040354516,622.1264991514238,905.4,669.3
21204,21442,1053.6812040354516,622.1264991514238,905.4,669.3
21205,21443,1053.6812040354516,622.1264991514238,905.4,669.3
21206,21444,1053.6812040354516,622.1264991514238,905.4,669.3
21207,21445,1053.6812040354516,622.1264991514238,905.4,669.3
21208,21446,1053.6812040354516,622.1264991514238,905.4,669.3
21209,21447,1053.6812040354516,622.1264991514238,905.4,669.3
21210,21448,1053.6812040354516,622.1264991514238,905.4,669.3
21211,21449,1053.6812040354516,622.1264991514238,905.4,669.3
21212,21450,1053.6812040354516,622.1264991514238,905.4,669.3
21213,21451,1053.6812040354516,622.1264991514238,905.4,669.3
21214,21452,1053.6812040354516,622.1264991514238,905.4,669.3
21215,21453,1053.6812040354516,622.1264991514238,905.4,669.3
21216,21454,1053.6812040354516,622.1264991514238,905.4,669.3
21217,21455,1053.6812040354516,622.1264991514238,905.4,669.3
21218,21456,1053.6812040354516,622.1264991514238,905.4,669.3
21219,21457,1053.6812040354516,622.1264991514238,905.4,669.3
21220,21458,1053.6812040354516,622.1264991514238,905.4,669.3
21221,21459,1053.6812040354516,622.1264991514238,905.4,669.3
21222,21460,1053.6812040354516,622.1264991514238,905.4,669.3
21223,21461,1053.6812040354516,622.1264991514238,905.4,669.3
21224,21462,1053.6812040354516,622.1264991514238,905.4,669.3
21225,21463,962.6812040354517,624.1264991514238,905.4,669.3
21226,21464,962.6812040354517,624.1264991514238,905.4,669.3
21227,21465,962.6812040354517,624.1264991514238,905.4,669.3
21228,21466,962.6812040354517,624.1264991514238,905.4,669.3
21229,21467,962.6812040354517,624.1264991514238,905.4,669.3
21230,21468,962.6812040354517,624.1264991514238,905.4,669.3
21231,21469,962.6812040354517,624.1264991514238,905.4,669.3
21232,21470,962.6812040354517,624.1264991514238,905.4,669.3
21233,21471,962.6812040354517,624.1264991514238,905.4,669.3
21234,21472,962.6812040354517,624.1264991514238,905.4,669.3
21235,21473,962.6812040354517,624.1264991514238,905.4,669.3
21236,21474,962.6812040354517,624.1264991514238,905.4,669.3
21237,21475,962.6812040354517,624.1264991514238,905.4,669.3
21238,21476,962.6812040354517,624.1264991514238,905.4,669.3
21239,21477,962.6812040354517,624.1264991514238,905.4,669.3
21240,21478,962.6812040354517,624.1264991514238,905.4,669.3
21241,21479,962.6812040354517,624.1264991514238,905.4,669.3
21242,21480,962.6812040354517,624.1264991514238,905.4,669.3
21243,21481,962.6812040354517,624.1264991514238,905.4,669.3
21244,21482,962.6812040354517,624.1264991514238,905.4,669.3
21245,21483,962.6812040354517,624.1264991514238,905.4,669.3
21246,21484,962.6812040354517,624.1264991514238,905.4,669.3
21247,21485,962.6812040354517,624.1264991514238,905.4,669.3
21248,21486,962.6812040354517,624.1264991514238,905.4,669.3
21249,21487,962.6812040354517,624.1264991514238,905.4,669.3
21250,21488,962.6812040354517,624.1264991514238,905.4,669.3
21251,21489,962.6812040354517,624.1264991514238,905.4,669.3
21252,21490,962.6812040354517,624.1264991514238,905.4,669.3
21253,21491,962.6812040354517,624.1264991514238,905.4,669.3
21254,21492,962.6812040354517,624.1264991514238,905.4,669.3
21255,21493,962.6812040354517,624.1264991514238,905.4,669.3
21256,21494,962.6812040354517,624.1264991514238,905.4,669.3
21257,21495,962.6812040354517,624.1264991514238,905.4,669.3
21258,21496,962.6812040354517,624.1264991514238,905.4,669.3
21259,21497,871.6812040354517,626.1264991514238,905.4,669.3
21260,21498,871.6812040354517,626.1264991514238,905.4,669.3
21261,21499,871.6812040354517,626.1264991514238,905.4,669.3
21262,21500,871.6812040354517,626.1264991514238,905.4,669.3
21263,21501,871.6812040354517,626.1264991514238,905.4,669.3
21264,21502,871.6812040354517,626.1264991514238,905.4,669.3
21265,21503,871.6812040354517,626.1264991514238,905.4,669.3
21266,21504,871.6812040354517,626.1264991514238,905.4,669.3
21267,21505,871.6812040354517,626.1264991514238,905.4,669.3
21268,21506,871.6812040354517,626.1264991514238,905.4,669.3
21269,21507,871.6812040354517,626.1264991514238,905.4,669.3
21270,21508,871.6812040354517,626.1264991514238,905.4,669.3
21271,21509,871.6812040354517,626.1264991514238,905.4,669.3
21272,21510,871.6812040354517,626.1264991514238,905.4,669.3
21273,21511,871.6812040354517,626.1264991514238,905.4,669.3
21274,21512,871.6812040354517,626.1264991514238,905.4,669.3
21275,21513,871.6812040354517,626.1264991514238,905.4,669.3
21276,21514,871.6812040354517,626.1264991514238,905.4,669.3
21277,21515,871.6812040354517,626.1264991514238,905.4,669.3
21278,21516,871.6812040354517,626.1264991514238,905.4,669.3
21279,21517,871.6812040354517,626.1264991514238,905.4,669.3
21280,21518,871.6812040354517,626.1264991514238,905.4,669.3
21281,21519,871.6812040354517,626.1264991514238,905.4,669.3
21282,21520,871.6812040354517,626.1264991514238,905.4,669.3
21283,21521,871.6812040354517,626.1264991514238,905.4,669.3
21284,21522,871.6812040354517,626.1264991514238,905.4,669.3
21285,21523,871.6812040354517,626.1264991514238,905.4,669.3
21286,21524,871.6812040354517,626.1264991514238,905.4,669.3
21287,21525,871.6812040354517,626.1264991514238,905.4,669.3
21288,21526,871.6812040354517,626.1264991514238,905.4,669.3
21289,21527,871.6812040354517,626.1264991514238,905.4,669.3
21290,21528,871.6812040354517,626.1264991514238,905.4,669.3
21291,21529,871.6812040354517,626.1264991514238,905.4,669.3
21292,21530,871.6812040354517,626.1264991514238,905.4,669.3
21293,21531,871.6812040354517,626.1264991514238,905.4,669.3
21294,21532,871.6812040354517,626.1264991514238,905.4,669.3
21295,21533,871.6812040354517,626.1264991514238,905.4,669.3
21296,21534,871.6812040354517,626.1264991514238,905.4,669.3
21297,21535,871.6812040354517,626.1264991514238,905.4,669.3
21298,21536,871.6812040354517,626.1264991514238,905.4,669.3
21299,21537,871.6812040354517,626.1264991514238,905.4,669.3
21300,21538,871.6812040354517,626.1264991514238,905.4,669.3
21301,21539,871.6812040354517,626.1264991514238,905.4,669.3
21302,21540,871.6812040354517,626.1264991514238,905.4,669.3
21303,21541,871.6812040354517,626.1264991514238,905.4,669.3
21304,21542,871.6812040354517,626.1264991514238,905.4,669.3
21305,21543,871.6812040354517,626.1264991514238,905.4,669.3
21306,21544,871.6812040354517,626.1264991514238,905.4,669.3
21307,21545,871.6812040354517,626.1264991514238,905.4,669.3
21308,21546,871.6812040354517,626.1264991514238,905.4,669.3
21309,21547,871.6812040354517,626.1264991514238,905.4,669.3
21310,21548,871.6812040354517,626.1264991514238,905.4,669.3
21311,21549,871.6812040354517,626.1264991514238,905.4,669.3
21312,21550,871.6812040354517,626.1264991514238,905.4,669.3
21313,21551,871.6812040354517,626.1264991514238,905.4,669.3
21314,21552,871.6812040354517,626.1264991514238,905.4,669.3
21315,21553,871.6812040354517,626.1264991514238,905.4,669.3
21316,21554,871.6812040354517,626.1264991514238,905.4,669.3
21317,21555,871.6812040354517,626.1264991514238,905.4,669.3
21318,21556,871.6812040354517,626.1264991514238,905.4,669.3
21319,21557,871.6812040354517,626.1264991514238,905.4,669.3
21320,21558,871.6812040354517,626.1264991514238,905.4,669.3
21321,21559,871.6812040354517,626.1264991514238,905.4,669.3
21322,21560,871.6812040354517,626.1264991514238,905.4,669.3
21323,21561,871.6812040354517,626.1264991514238,905.4,669.3
21324,21562,871.6812040354517,626.1264991514238,905.4,669.3
21325,21563,583.6812040354517,660.1264991514238,905.4,669.3
21326,21564,583.6812040354517,660.1264991514238,905.4,669.3
21327,21565,583.6812040354517,660.1264991514238,905.4,669.3
21328,21566,583.6812040354517,660.1264991514238,905.4,669.3
21329,21567,583.6812040354517,660.1264991514238,905.4,669.3
21330,21568,583.6812040354517,660.1264991514238,905.4,669.3
21331,21569,583.6812040354517,660.1264991514238,905.4,669.3
21332,21570,583.6812040354517,660.1264991514238,905.4,669.3
21333,21571,583.6812040354517,660.1264991514238,905.4,669.3
21334,21572,583.6812040354517,660.1264991514238,905.4,669.3
21335,21573,583.6812040354517,660.1264991514238,905.4,669.3
21336,21574,583.6812040354517,660.1264991514238,905.4,669.3
21337,21575,583.6812040354517,660.1264991514238,905.4,669.3
21338,21576,583.6812040354517,660.1264991514238,905.4,669.3
21339,21577,583.6812040354517,660.1264991514238,905.4,669.3
21340,21578,583.6812040354517,660.1264991514238,905.4,669.3
21341,21579,583.6812040354517,660.1264991514238,905.4,669.3
21342,21580,583.6812040354517,660.1264991514238,905.4,669.3
21343,21581,583.6812040354517,660.1264991514238,905.4,669.3
21344,21582,583.6812040354517,660.1264991514238,905.4,669.3
21345,21583,583.6812040354517,660.1264991514238,905.4,669.3
21346,21584,583.6812040354517,660.1264991514238,905.4,669.3
21347,21585,583.6812040354517,660.1264991514238,905.4,669.3
21348,21586,583.6812040354517,660.1264991514238,905.4,669.3
21349,21587,583.6812040354517,660.1264991514238,905.4,669.3
21350,21588,583.6812040354517,660.1264991514238,905.4,669.3
21351,21589,583.6812040354517,660.1264991514238,905.4,669.3
21352,21590,583.6812040354517,660.1264991514238,905.4,669.3
21353,21591,583.6812040354517,660.1264991514238,905.4,669.3
21354,21592,583.6812040354517,660.1264991514238,905.4,669.3
21355,21593,583.6812040354517,660.1264991514238,905.4,669.3
21356,21594,583.6812040354517,660.1264991514238,925.8249999999999,666.49375
21357,21595,583.6812040354517,660.1264991514238,946.25,663.6875
21358,21596,583.6812040354517,660.1264991514238,966.675,660.8812499999999
21359,21597,583.6812040354517,660.1264991514238,987.1,658.0749999999999
21360,21598,583.6812040354517,660.1264991514238,1007.525,655.26875
21361,21599,583.6812040354517,660.1264991514238,1027.95,652.4625
21362,21600,583.6812040354517,660.1264991514238,1048.375,649.65625
21363,21601,583.6812040354517,660.1264991514238,1068.8,646.8499999999999
21364,21602,583.6812040354517,660.1264991514238,1089.225,644.0437499999999
21365,21603,583.6812040354517,660.1264991514238,1109.65,641.2375
21365,21604,583.6812040354517,660.1264991514238,1130.075,638.43125
21365,21605,583.6812040354517,660.1264991514238,1150.5,635.625
21365,21606,583.6812040354517,660.1264991514238,1170.925,632.81875
21365,21607,583.6812040354517,660.1264991514238,1191.35,630.0124999999999
21365,21608,583.6812040354517,660.1264991514238,1211.775,627.20625
21365,21609,583.6812040354517,660.1264991514238,1232.2,624.4
21365,21610,583.6812040354517,660.1264991514238,1232.2,624.4
21365,21611,583.6812040354517,660.1264991514238,1232.2,624.4
21365,21612,583.6812040354517,660.1264991514238,1232.2,624.4
21365,21613,583.6812040354517,660.1264991514238,1232.2,624.4
21365,21614,583.6812040354517,660.1264991514238,1232.2,624.4
21365,21615,583.6812040354517,660.1264991514238,1232.2,624.4
21365,21616,583.6812040354517,660.1264991514238,1232.2,624.4
21365,21617,583.6812040354517,660.1264991514238,1232.2,624.4
21365,21618,583.6812040354517,660.1264991514238,1232.2,624.4
21365,21619,583.6812040354517,660.1264991514238,1232.2,624.4
21365,21620,583.6812040354517,660.1264991514238,1232.2,624.4
21365,21621,583.6812040354517,660.1264991514238,1232.2,624.4
21365,21622,583.6812040354517,660.1264991514238,1232.2,624.4
21365,21623,583.6812040354517,660.1264991514238,1232.2,624.4
21365,21624,583.6812040354517,660.1264991514238,1232.2,624.4
21365,21625,583.6812040354517,660.1264991514238,1232.2,624.4
21365,21626,583.6812040354517,660.1264991514238,1232.2,624.4
21365,21627,583.6812040354517,660.1264991514238,1232.2,624.4
21365,21628,583.6812040354517,660.1264991514238,1232.2,624.4
21365,21629,583.6812040354517,660.1264991514238,1232.2,624.4
21365,21630,583.6812040354517,660.1264991514238,1232.2,624.4
21365,21631,583.6812040354517,660.1264991514238,1232.2,624.4
21365,21632,583.6812040354517,660.1264991514238,1232.2,624.4
21365,21633,583.6812040354517,660.1264991514238,1232.2,624.4
21365,21634,583.6812040354517,660.1264991514238,1232.2,624.4
21365,21635,583.6812040354517,660.1264991514238,1232.2,624.4
21365,21636,583.6812040354517,660.1264991514238,1232.2,624.4
21365,21637,583.6812040354517,660.1264991514238,1232.2,624.4
21365,21638,583.6812040354517,660.1264991514238,1232.2,624.4
21365,21639,583.6812040354517,660.1264991514238,1232.2,624.4
21365,21640,583.6812040354517,660.1264991514238,1232.2,624.4
21365,21641,583.6812040354517,660.1264991514238,1232.2,624.4
21365,21642,583.6812040354517,660.1264991514238,1232.2,624.4
21365,21643,583.6812040354517,660.1264991514238,1232.2,624.4
21365,21644,583.6812040354517,660.1264991514238,1232.2,624.4
21365,21645,583.6812040354517,660.1264991514238,1232.2,624.4
21365,21646,583.6812040354517,660.1264991514238,1232.2,624.4
21365,21647,583.6812040354517,660.1264991514238,1232.2,624.4
21365,21648,583.6812040354517,660.1264991514238,1232.2,624.4
21365,21649,583.6812040354517,660.1264991514238,1232.2,624.4
21365,21650,583.6812040354517,660.1264991514238,1232.2,624.4
21365,21651,583.6812040354517,660.1264991514238,1232.2,624.4
21365,21652,583.6812040354517,660.1264991514238,1232.2,624.4
21365,21653,583.6812040354517,660.1264991514238,1232.2,624.4
21365,21654,583.6812040354517,660.1264991514238,1232.2,624.4
21365,21655,583.6812040354517,660.1264991514238,1232.2,624.4
21365,21656,583.6812040354517,660.1264991514238,1232.2,624.4
21365,21657,583.6812040354517,660.1264991514238,1232.2,624.4
21365,21658,583.6812040354517,660.1264991514238,1232.2,624.4
21365,21659,583.6812040354517,660.1264991514238,1232.2,624.4
21365,21660,583.6812040354517,660.1264991514238,1232.2,624.4
21365,21661,583.6812040354517,660.1264991514238,1232.2,624.4
21365,21662,583.6812040354517,660.1264991514238,1232.2,624.4
21365,21663,583.6812040354517,660.1264991514238,1232.2,624.4
21365,21664,583.6812040354517,660.1264991514238,1232.2,624.4
21365,21665,583.6812040354517,660.1264991514238,1232.2,624.4
21365,21666,583.6812040354517,660.1264991514238,1232.2,624.4
21365,21667,583.6812040354517,660.1264991514238,1232.2,624.4
21365,21668,583.6812040354517,660.1264991514238,1232.2,624.4
21365,21669,583.6812040354517,660.1264991514238,1232.2,624.4
21365,21670,583.6812040354517,660.1264991514238,1232.2,624.4
21365,21671,583.6812040354517,660.1264991514238,1232.2,624.4
21365,21672,583.6812040354517,660.1264991514238,1232.2,624.4
21365,21673,583.6812040354517,660.1264991514238,1232.2,624.4
21365,21674,583.6812040354517,660.1264991514238,1232.2,624.4
21365,21675,583.6812040354517,660.1264991514238,1232.2,624.4
21365,21676,583.6812040354517,660.1264991514238,1232.2,624.4
21365,21677,583.6812040354517,660.1264991514238,1232.2,624.4
21365,21678,583.6812040354517,660.1264991514238,1232.2,624.4
21365,21679,583.6812040354517,660.1264991514238,1232.2,624.4
21365,21680,583.6812040354517,660.1264991514238,1232.2,624.4
21365,21681,583.6812040354517,660.1264991514238,1232.2,624.4
21365,21682,583.6812040354517,660.1264991514238,1232.2,624.4
21365,21683,583.6812040354517,660.1264991514238,1232.2,624.4
21365,21684,583.6812040354517,660.1264991514238,1232.2,624.4
21365,21685,583.6812040354517,660.1264991514238,1232.2,624.4
21365,21686,583.6812040354517,660.1264991514238,1232.2,624.4
21365,21687,583.6812040354517,660.1264991514238,1232.2,624.4
21365,21688,583.6812040354517,660.1264991514238,1232.2,624.4
21365,21689,583.6812040354517,660.1264991514238,1232.2,624.4
21365,21690,583.6812040354517,660.1264991514238,1232.2,624.4
21365,21691,583.6812040354517,660.1264991514238,1232.2,624.4
21365,21692,583.6812040354517,660.1264991514238,1232.2,624.4
21365,21693,583.6812040354517,660.1264991514238,1232.2,624.4
21365,21694,583.6812040354517,660.1264991514238,1232.2,624.4
21365,21695,583.6812040354517,660.1264991514238,1232.2,624.4
21365,21696,583.6812040354517,660.1264991514238,1232.2,624.4
21365,21697,583.6812040354517,660.1264991514238,1232.2,624.4
21365,21698,583.6812040354517,660.1264991514238,1232.2,624.4
21365,21699,583.6812040354517,660.1264991514238,1232.2,624.4
21365,21700,583.6812040354517,660.1264991514238,1232.2,624.4
21365,21701,583.6812040354517,660.1264991514238,1232.2,624.4
21365,21702,583.6812040354517,660.1264991514238,1232.2,624.4
21365,21703,583.6812040354517,660.1264991514238,1232.2,624.4
21365,21704,583.6812040354517,660.1264991514238,1232.2,624.4
21365,21705,583.6812040354517,660.1264991514238,1232.2,624.4
21365,21706,583.6812040354517,660.1264991514238,1232.2,624.4
21365,21707,583.6812040354517,660.1264991514238,1232.2,624.4
21365,21708,583.6812040354517,660.1264991514238,1232.2,624.4
21365,21709,583.6812040354517,660.1264991514238,1232.2,624.4
21365,21710,583.6812040354517,660.1264991514238,1232.2,624.4
21365,21711,583.6812040354517,660.1264991514238,1232.2,624.4
21365,21712,583.6812040354517,660.1264991514238,1232.2,624.4
21365,21713,583.6812040354517,660.1264991514238,1232.2,624.4
21365,21714,583.6812040354517,660.1264991514238,1232.2,624.4
21365,21715,583.6812040354517,660.1264991514238,1232.2,624.4
21365,21716,583.6812040354517,660.1264991514238,1232.2,624.4
21365,21717,583.6812040354517,660.1264991514238,1232.2,624.4
21365,21718,583.6812040354517,660.1264991514238,1232.2,624.4
21365,21719,583.6812040354517,660.1264991514238,1232.2,624.4
21365,21720,583.6812040354517,660.1264991514238,1232.2,624.4
21365,21721,583.6812040354517,660.1264991514238,1232.2,624.4
21365,21722,583.6812040354517,660.1264991514238,1232.2,624.4
21365,21723,583.6812040354517,660.1264991514238,1232.2,624.4
21365,21724,583.6812040354517,660.1264991514238,1232.2,624.4
21365,21725,583.6812040354517,660.1264991514238,1232.2,624.4
21365,21726,583.6812040354517,660.1264991514238,1232.2,624.4
21365,21727,583.6812040354517,660.1264991514238,1232.2,624.4
21365,21728,583.6812040354517,660.1264991514238,1232.2,624.4
21365,21729,583.6812040354517,660.1264991514238,1232.2,624.4
21365,21730,583.6812040354517,660.1264991514238,1232.2,624.4
21365,21731,583.6812040354517,660.1264991514238,1232.2,624.4
21365,21732,583.6812040354517,660.1264991514238,1232.2,624.4
21365,21733,583.6812040354517,660.1264991514238,1232.2,624.4
21365,21734,583.6812040354517,660.1264991514238,1232.2,624.4
21365,21735,583.6812040354517,660.1264991514238,1232.2,624.4
21365,21736,583.6812040354517,660.1264991514238,1232.2,624.4
21365,21737,583.6812040354517,660.1264991514238,1232.2,624.4
21365,21738,583.6812040354517,660.1264991514238,1232.2,624.4
21365,21739,583.6812040354517,660.1264991514238,1232.2,624.4
21365,21740,583.6812040354517,660.1264991514238,1232.2,624.4
21365,21741,583.6812040354517,660.1264991514238,1232.2,624.4
21365,21742,583.6812040354517,660.1264991514238,1232.2,624.4
21365,21743,583.6812040354517,660.1264991514238,1232.2,624.4
21365,21744,583.6812040354517,660.1264991514238,1232.2,624.4
21365,21745,583.6812040354517,660.1264991514238,1232.2,624.4
21365,21746,583.6812040354517,660.1264991514238,1232.2,624.4
21365,21747,583.6812040354517,660.1264991514238,1232.2,624.4
21365,21748,583.6812040354517,660.1264991514238,1232.2,624.4
21365,21749,583.6812040354517,660.1264991514238,1232.2,624.4
21365,21750,583.6812040354517,660.1264991514238,1232.2,624.4
21365,21751,583.6812040354517,660.1264991514238,1232.2,624.4
21365,21752,583.6812040354517,660.1264991514238,1232.2,624.4
21365,21753,583.6812040354517,660.1264991514238,1232.2,624.4
21365,21754,583.6812040354517,660.1264991514238,1232.2,624.4
21365,21755,583.6812040354517,660.1264991514238,1232.2,624.4
21365,21756,583.6812040354517,660.1264991514238,1232.2,624.4
21365,21757,583.6812040354517,660.1264991514238,1232.2,624.4
21365,21758,583.6812040354517,660.1264991514238,1232.2,624.4
21365,21759,583.6812040354517,660.1264991514238,1232.2,624.4
21365,21760,583.6812040354517,660.1264991514238,1232.2,624.4
21365,21761,583.6812040354517,660.1264991514238,1232.2,624.4
21365,21762,583.6812040354517,660.1264991514238,1232.2,624.4
21365,21763,583.6812040354517,660.1264991514238,1232.2,624.4
21365,21764,583.6812040354517,660.1264991514238,1232.2,624.4
21365,21765,583.6812040354517,660.1264991514238,1232.2,624.4
21365,21766,583.6812040354517,660.1264991514238,1232.2,624.4
21365,21767,583.6812040354517,660.1264991514238,1232.2,624.4
21365,21768,583.6812040354517,660.1264991514238,1232.2,624.4
21365,21769,583.6812040354517,660.1264991514238,1232.2,624.4
21365,21770,583.6812040354517,660.1264991514238,1232.2,624.4
21365,21771,583.6812040354517,660.1264991514238,1232.2,624.4
21365,21772,583.6812040354517,660.1264991514238,1232.2,624.4
21365,21773,583.6812040354517,660.1264991514238,1232.2,624.4
21365,21774,583.6812040354517,660.1264991514238,1232.2,624.4
21365,21775,583.6812040354517,660.1264991514238,1232.2,624.4
21365,21776,583.6812040354517,660.1264991514238,1232.2,624.4
21365,21777,583.6812040354517,660.1264991514238,1232.2,624.4
21365,21778,583.6812040354517,660.1264991514238,1232.2,624.4
21365,21779,583.6812040354517,660.1264991514238,1232.2,624.4
21365,21780,583.6812040354517,660.1264991514238,1232.2,624.4
21365,21781,583.6812040354517,660.1264991514238,1232.2,624.4
21365,21782,583.6812040354517,660.1264991514238,1232.2,624.4
21365,21783,583.6812040354517,660.1264991514238,1232.2,624.4
21365,21784,583.6812040354517,660.1264991514238,1232.2,624.4
21365,21785,583.6812040354517,660.1264991514238,1232.2,624.4
21365,21786,583.6812040354517,660.1264991514238,1232.2,624.4
21365,21787,583.6812040354517,660.1264991514238,1232.2,624.4
21365,21788,583.6812040354517,660.1264991514238,1232.2,624.4
21365,21789,583.6812040354517,660.1264991514238,1232.2,624.4
21365,21790,583.6812040354517,660.1264991514238,1232.2,624.4
21365,21791,583.6812040354517,660.1264991514238,1232.2,624.4
21365,21792,583.6812040354517,660.1264991514238,1232.2,624.4
21365,21793,583.6812040354517,660.1264991514238,1232.2,624.4
21365,21794,583.6812040354517,660.1264991514238,1232.2,624.4
21365,21795,583.6812040354517,660.1264991514238,1232.2,624.4
21365,21796,583.6812040354517,660.1264991514238,1232.2,624.4
21365,21797,583.6812040354517,660.1264991514238,1232.2,624.4
21365,21798,583.6812040354517,660.1264991514238,1232.2,624.4
21365,21799,583.6812040354517,660.1264991514238,1232.2,624.4
21365,21800,583.6812040354517,660.1264991514238,1232.2,624.4
21365,21801,583.6812040354517,660.1264991514238,1232.2,624.4
21365,21802,583.6812040354517,660.1264991514238,1232.2,624.4
21365,21803,583.6812040354517,660.1264991514238,1232.2,624.4
21365,21804,583.6812040354517,660.1264991514238,1232.2,624.4
21365,21805,583.6812040354517,660.1264991514238,1232.2,624.4
21365,21806,583.6812040354517,660.1264991514238,1232.2,624.4
21365,21807,583.6812040354517,660.1264991514238,1232.2,624.4
21365,21808,583.6812040354517,660.1264991514238,1232.2,624.4
21365,21809,583.6812040354517,660.1264991514238,1232.2,624.4
21365,21810,583.6812040354517,660.1264991514238,1232.2,624.4
21365,21811,583.6812040354517,660.1264991514238,1232.2,624.4
21365,21812,583.6812040354517,660.1264991514238,1232.2,624.4
21365,21813,583.6812040354517,660.1264991514238,1232.2,624.4
21365,21814,583.6812040354517,660.1264991514238,1232.2,624.4
21365,21815,583.6812040354517,660.1264991514238,1232.2,624.4
21365,21816,583.6812040354517,660.1264991514238,1232.2,624.4
21365,21817,583.6812040354517,660.1264991514238,1232.2,624.4
21365,21818,583.6812040354517,660.1264991514238,1232.2,624.4
21365,21819,583.6812040354517,660.1264991514238,1232.2,624.4
21365,21820,583.6812040354517,660.1264991514238,1232.2,624.4
21365,21821,583.6812040354517,660.1264991514238,1232.2,624.4
21365,21822,583.6812040354517,660.1264991514238,1232.2,624.4
21365,21823,583.6812040354517,660.1264991514238,1232.2,624.4
21365,21824,583.6812040354517,660.1264991514238,1232.2,624.4
21365,21825,583.6812040354517,660.1264991514238,1232.2,624.4
21365,21826,583.6812040354517,660.1264991514238,1232.2,624.4
21365,21827,583.6812040354517,660.1264991514238,1232.2,624.4
21365,21828,583.6812040354517,660.1264991514238,1232.2,624.4
21365,21829,583.6812040354517,660.1264991514238,1232.2,624.4
21365,21830,583.6812040354517,660.1264991514238,1232.2,624.4
21365,21831,583.6812040354517,660.1264991514238,1232.2,624.4
21365,21832,583.6812040354517,660.1264991514238,1232.2,624.4
21365,21833,583.6812040354517,660.1264991514238,1232.2,624.4
21365,21834,583.6812040354517,660.1264991514238,1232.2,624.4
21365,21835,583.6812040354517,660.1264991514238,1232.2,624.4
21365,21836,583.6812040354517,660.1264991514238,1232.2,624.4
21365,21837,583.6812040354517,660.1264991514238,1232.2,624.4
21365,21838,583.6812040354517,660.1264991514238,1232.2,624.4
21365,21839,583.6812040354517,660.1264991514238,1232.2,624.4
21365,21840,583.6812040354517,660.1264991514238,1232.2,624.4
21365,21841,583.6812040354517,660.1264991514238,1232.2,624.4
21365,21842,583.6812040354517,660.1264991514238,1232.2,624.4
21365,21843,583.6812040354517,660.1264991514238,1232.2,624.4
21365,21844,583.6812040354517,660.1264991514238,1232.2,624.4
21365,21845,583.6812040354517,660.1264991514238,1232.2,624.4
21365,21846,583.6812040354517,660.1264991514238,1232.2,624.4
21365,21847,583.6812040354517,660.1264991514238,1232.2,624.4
21365,21848,583.6812040354517,660.1264991514238,1232.2,624.4
21365,21849,583.6812040354517,660.1264991514238,1232.2,624.4
21365,21850,583.6812040354517,660.1264991514238,1232.2,624.4
21365,21851,583.6812040354517,660.1264991514238,1232.2,624.4
21365,21852,583.6812040354517,660.1264991514238,1232.2,624.4
21365,21853,583.6812040354517,660.1264991514238,1232.2,624.4
21365,21854,583.6812040354517,660.1264991514238,1232.2,624.4
21365,21855,583.6812040354517,660.1264991514238,1232.2,624.4
21365,21856,583.6812040354517,660.1264991514238,1232.2,624.4
21365,21857,583.6812040354517,660.1264991514238,1232.2,624.4
21365,21858,583.6812040354517,660.1264991514238,1232.2,624.4
21365,21859,583.6812040354517,660.1264991514238,1232.2,624.4
21365,21860,583.6812040354517,660.1264991514238,1232.2,624.4
21365,21861,583.6812040354517,660.1264991514238,1232.2,624.4
21365,21862,583.6812040354517,660.1264991514238,1232.2,624.4
21365,21863,720.6812040354517,664.1264991514238,1232.2,624.4
21365,21864,720.6812040354517,664.1264991514238,1232.2,624.4
21365,21865,720.6812040354517,664.1264991514238,1232.2,624.4
21365,21866,720.6812040354517,664.1264991514238,1232.2,624.4
21365,21867,720.6812040354517,664.1264991514238,1232.2,624.4
21365,21868,720.6812040354517,664.1264991514238,1232.2,624.4
21365,21869,720.6812040354517,664.1264991514238,1232.2,624.4
21365,21870,720.6812040354517,664.1264991514238,1232.2,624.4
21365,21871,720.6812040354517,664.1264991514238,1232.2,624.4
21365,21872,720.6812040354517,664.1264991514238,1232.2,624.4
21365,21873,720.6812040354517,664.1264991514238,1232.2,624.4
21365,21874,720.6812040354517,664.1264991514238,1232.2,624.4
21365,21875,720.6812040354517,664.1264991514238,1232.2,624.4
21365,21876,720.6812040354517,664.1264991514238,1232.2,624.4
21365,21877,720.6812040354517,664.1264991514238,1232.2,624.4
21365,21878,720.6812040354517,664.1264991514238,1232.2,624.4
21365,21879,720.6812040354517,664.1264991514238,1232.2,624.4
21365,21880,720.6812040354517,664.1264991514238,1232.2,624.4
21365,21881,720.6812040354517,664.1264991514238,1232.2,624.4
21365,21882,720.6812040354517,664.1264991514238,1232.2,624.4
21365,21883,720.6812040354517,664.1264991514238,1232.2,624.4
21365,21884,720.6812040354517,664.1264991514238,1232.2,624.4
21365,21885,720.6812040354517,664.1264991514238,1232.2,624.4
21365,21886,720.6812040354517,664.1264991514238,1232.2,624.4
21365,21887,720.6812040354517,664.1264991514238,1232.2,624.4
21365,21888,720.6812040354517,664.1264991514238,1232.2,624.4
21365,21889,720.6812040354517,664.1264991514238,1232.2,624.4
21365,21890,720.6812040354517,664.1264991514238,1232.2,624.4
21365,21891,720.6812040354517,664.1264991514238,1232.2,624.4
21365,21892,720.6812040354517,664.1264991514238,1232.2,624.4
21365,21893,720.6812040354517,664.1264991514238,1232.2,624.4
21365,21894,720.6812040354517,664.1264991514238,1232.2,624.4
21365,21895,720.6812040354517,664.1264991514238,1232.2,624.4
21365,21896,720.6812040354517,664.1264991514238,1232.2,624.4
21365,21897,720.6812040354517,664.1264991514238,1232.2,624.4
21365,21898,720.6812040354517,664.1264991514238,1232.2,624.4
21365,21899,720.6812040354517,664.1264991514238,1232.2,624.4
21365,21900,720.6812040354517,664.1264991514238,1232.2,624.4
21365,21901,720.6812040354517,664.1264991514238,1232.2,624.4
21365,21902,720.6812040354517,664.1264991514238,1232.2,624.4
21365,21903,720.6812040354517,664.1264991514238,1232.2,624.4
21365,21904,720.6812040354517,664.1264991514238,1232.2,624.4
21365,21905,856.6812040354517,668.1264991514238,1232.2,624.4
21365,21906,856.6812040354517,668.1264991514238,1232.2,624.4
21365,21907,856.6812040354517,668.1264991514238,1232.2,624.4
21365,21908,856.6812040354517,668.1264991514238,1232.2,624.4
21365,21909,856.6812040354517,668.1264991514238,1232.2,624.4
21365,21910,856.6812040354517,668.1264991514238,1232.2,624.4
21365,21911,856.6812040354517,668.1264991514238,1232.2,624.4
21365,21912,856.6812040354517,668.1264991514238,1232.2,624.4
21365,21913,856.6812040354517,668.1264991514238,1232.2,624.4
21365,21914,856.6812040354517,668.1264991514238,1232.2,624.4
21365,21915,856.6812040354517,668.1264991514238,1232.2,624.4
21365,21916,856.6812040354517,668.1264991514238,1232.2,624.4
21365,21917,856.6812040354517,668.1264991514238,1232.2,624.4
21365,21918,856.6812040354517,668.1264991514238,1232.2,624.4
21365,21919,856.6812040354517,668.1264991514238,1232.2,624.4
21365,21920,856.6812040354517,668.1264991514238,1232.2,624.4
21365,21921,856.6812040354517,668.1264991514238,1232.2,624.4
21365,21922,856.6812040354517,668.1264991514238,1232.2,624.4
21365,21923,856.6812040354517,668.1264991514238,1232.2,624.4
21365,21924,856.6812040354517,668.1264991514238,1232.2,624.4
21365,21925,856.6812040354517,668.1264991514238,1232.2,624.4
21365,21926,856.6812040354517,668.1264991514238,1232.2,624.4
21365,21927,856.6812040354517,668.1264991514238,1232.2,624.4
21365,21928,856.6812040354517,668.1264991514238,1232.2,624.4
21365,21929,856.6812040354517,668.1264991514238,1232.2,624.4
21365,21930,856.6812040354517,668.1264991514238,1232.2,624.4
21365,21931,856.6812040354517,668.1264991514238,1232.2,624.4
21365,21932,856.6812040354517,668.1264991514238,1232.2,624.4
21365,21933,856.6812040354517,668.1264991514238,1232.2,624.4
21365,21934,856.6812040354517,668.1264991514238,1232.2,624.4
21365,21935,856.6812040354517,668.1264991514238,1232.2,624.4
21365,21936,856.6812040354517,668.1264991514238,1232.2,624.4
21365,21937,856.6812040354517,668.1264991514238,1232.2,624.4
21365,21938,856.6812040354517,668.1264991514238,1232.2,624.4
21365,21939,856.6812040354517,668.1264991514238,1232.2,624.4
21365,21940,856.6812040354517,668.1264991514238,1232.2,624.4
21365,21941,856.6812040354517,668.1264991514238,1232.2,624.4
21365,21942,856.6812040354517,668.1264991514238,1232.2,624.4
21365,21943,856.6812040354517,668.1264991514238,1232.2,624.4
21365,21944,856.6812040354517,668.1264991514238,1232.2,624.4
21365,21945,856.6812040354517,668.1264991514238,1232.2,624.4
21365,21946,856.6812040354517,668.1264991514238,1232.2,624.4
21365,21947,856.6812040354517,668.1264991514238,1232.2,624.4
21365,21948,856.6812040354517,668.1264991514238,1232.2,624.4
21365,21949,856.6812040354517,668.1264991514238,1232.2,624.4
21365,21950,856.6812040354517,668.1264991514238,1232.2,624.4
21365,21951,856.6812040354517,668.1264991514238,1232.2,624.4
21365,21952,856.6812040354517,668.1264991514238,1232.2,624.4
21365,21953,856.6812040354517,668.1264991514238,1232.2,624.4
21365,21954,856.6812040354517,668.1264991514238,1232.2,624.4
21365,21955,856.6812040354517,668.1264991514238,1232.2,624.4
21365,21956,856.6812040354517,668.1264991514238,1232.2,624.4
21365,21957,856.6812040354517,668.1264991514238,1232.2,624.4
21365,21958,856.6812040354517,668.1264991514238,1232.2,624.4
21365,21959,856.6812040354517,668.1264991514238,1232.2,624.4
21365,21960,856.6812040354517,668.1264991514238,1232.2,624.4
21365,21961,856.6812040354517,668.1264991514238,1232.2,624.4
21365,21962,856.6812040354517,668.1264991514238,1232.2,624.4
21365,21963,712.6812040354517,670.1264991514238,1232.2,624.4
21365,21964,712.6812040354517,670.1264991514238,1232.2,624.4
21365,21965,712.6812040354517,670.1264991514238,1232.2,624.4
21365,21966,712.6812040354517,670.1264991514238,1232.2,624.4
21365,21967,712.6812040354517,670.1264991514238,1232.2,624.4
21365,21968,712.6812040354517,670.1264991514238,1232.2,624.4
21365,21969,712.6812040354517,670.1264991514238,1232.2,624.4
21365,21970,712.6812040354517,670.1264991514238,1232.2,624.4
21365,21971,712.6812040354517,670.1264991514238,1232.2,624.4
21365,21972,712.6812040354517,670.1264991514238,1232.2,624.4
21365,21973,712.6812040354517,670.1264991514238,1232.2,624.4
21365,21974,712.6812040354517,670.1264991514238,1232.2,624.4
21365,21975,712.6812040354517,670.1264991514238,1232.2,624.4
21365,21976,712.6812040354517,670.1264991514238,1232.2,624.4
21365,21977,712.6812040354517,670.1264991514238,1232.2,624.4
21365,21978,712.6812040354517,670.1264991514238,1232.2,624.4
21365,21979,712.6812040354517,670.1264991514238,1232.2,624.4
21365,21980,712.6812040354517,670.1264991514238,1232.2,624.4
21365,21981,712.6812040354517,670.1264991514238,1232.2,624.4
21365,21982,712.6812040354517,670.1264991514238,1232.2,624.4
21365,21983,712.6812040354517,670.1264991514238,1232.2,624.4
21365,21984,712.6812040354517,670.1264991514238,1232.2,624.4
21365,21985,712.6812040354517,670.1264991514238,1232.2,624.4
21365,21986,712.6812040354517,670.1264991514238,1232.2,624.4
21365,21987,712.6812040354517,670.1264991514238,1232.2,624.4
21365,21988,712.6812040354517,670.1264991514238,1232.2,624.4
21365,21989,712.6812040354517,670.1264991514238,1232.2,624.4
21365,21990,712.6812040354517,670.1264991514238,1232.2,624.4
21365,21991,712.6812040354517,670.1264991514238,1232.2,624.4
21365,21992,712.6812040354517,670.1264991514238,1232.2,624.4
21365,21993,712.6812040354517,670.1264991514238,1232.2,624.4
21365,21994,712.6812040354517,670.1264991514238,1232.2,624.4
21365,21995,712.6812040354517,670.1264991514238,1232.2,624.4
21365,21996,568.6812040354517,672.1264991514238,1232.2,624.4
21365,21997,568.6812040354517,672.1264991514238,1232.2,624.4
21365,21998,568.6812040354517,672.1264991514238,1232.2,624.4
21365,21999,568.6812040354517,672.1264991514238,1232.2,624.4
21365,22000,568.6812040354517,672.1264991514238,1232.2,624.4
21365,22001,568.6812040354517,672.1264991514238,1232.2,624.4
21365,22002,568.6812040354517,672.1264991514238,1232.2,624.4
21365,22003,568.6812040354517,672.1264991514238,1232.2,624.4
21365,22004,568.6812040354517,672.1264991514238,1232.2,624.4
21365,22005,568.6812040354517,672.1264991514238,1232.2,624.4
21365,22006,568.6812040354517,672.1264991514238,1232.2,624.4
21365,22007,568.6812040354517,672.1264991514238,1232.2,624.4
21365,22008,568.6812040354517,672.1264991514238,1232.2,624.4
21365,22009,568.6812040354517,672.1264991514238,1232.2,624.4
21365,22010,568.6812040354517,672.1264991514238,1232.2,624.4
21365,22011,568.6812040354517,672.1264991514238,1232.2,624.4
21365,22012,568.6812040354517,672.1264991514238,1232.2,624.4
21365,22013,568.6812040354517,672.1264991514238,1232.2,624.4
21365,22014,568.6812040354517,672.1264991514238,1232.2,624.4
21365,22015,568.6812040354517,672.1264991514238,1232.2,624.4
21365,22016,568.6812040354517,672.1264991514238,1232.2,624.4
21365,22017,568.6812040354517,672.1264991514238,1232.2,624.4
21365,22018,568.6812040354517,672.1264991514238,1232.2,624.4
21365,22019,568.6812040354517,672.1264991514238,1232.2,624.4
21365,22020,568.6812040354517,672.1264991514238,1232.2,624.4
21365,22021,568.6812040354517,672.1264991514238,1232.2,624.4
21365,22022,568.6812040354517,672.1264991514238,1232.2,624.4
21365,22023,568.6812040354517,672.1264991514238,1232.2,624.4
21365,22024,568.6812040354517,672.1264991514238,1232.2,624.4
21365,22025,568.6812040354517,672.1264991514238,1232.2,624.4
21365,22026,568.6812040354517,672.1264991514238,1232.2,624.4
21365,22027,568.6812040354517,672.1264991514238,1232.2,624.4
21365,22028,568.6812040354517,672.1264991514238,1232.2,624.4
21365,22029,568.6812040354517,672.1264991514238,1232.2,624.4
21365,22030,568.6812040354517,672.1264991514238,1232.2,624.4
21365,22031,568.6812040354517,672.1264991514238,1232.2,624.4
21365,22032,568.6812040354517,672.1264991514238,1232.2,624.4
21365,22033,568.6812040354517,672.1264991514238,1232.2,624.4
21365,22034,568.6812040354517,672.1264991514238,1232.2,624.4
21365,22035,568.6812040354517,672.1264991514238,1232.2,624.4
21365,22036,568.6812040354517,672.1264991514238,1232.2,624.4
21365,22037,568.6812040354517,672.1264991514238,1232.2,624.4
21365,22038,568.6812040354517,672.1264991514238,1232.2,624.4
21365,22039,568.6812040354517,672.1264991514238,1232.2,624.4
21365,22040,568.6812040354517,672.1264991514238,1232.2,624.4
21365,22041,568.6812040354517,672.1264991514238,1232.2,624.4
21365,22042,568.6812040354517,672.1264991514238,1232.2,624.4
21365,22043,568.6812040354517,672.1264991514238,1232.2,624.4
21365,22044,568.6812040354517,672.1264991514238,1232.2,624.4
21365,22045,568.6812040354517,672.1264991514238,1232.2,624.4
21365,22046,568.6812040354517,672.1264991514238,1232.2,624.4
21365,22047,568.6812040354517,672.1264991514238,1232.2,624.4
21365,22048,568.6812040354517,672.1264991514238,1232.2,624.4
21365,22049,568.6812040354517,672.1264991514238,1232.2,624.4
21365,22050,568.6812040354517,672.1264991514238,1232.2,624.4
21365,22051,568.6812040354517,672.1264991514238,1232.2,624.4
21365,22052,568.6812040354517,672.1264991514238,1232.2,624.4
21365,22053,568.6812040354517,672.1264991514238,1232.2,624.4
21365,22054,568.6812040354517,672.1264991514238,1232.2,624.4
21365,22055,568.6812040354517,672.1264991514238,1232.2,624.4
21365,22056,568.6812040354517,672.1264991514238,1232.2,624.4
21365,22057,568.6812040354517,672.1264991514238,1232.2,624.4
21365,22058,568.6812040354517,672.1264991514238,1232.2,624.4
21365,22059,568.6812040354517,672.1264991514238,1232.2,624.4
21365,22060,568.6812040354517,672.1264991514238,1232.2,624.4
21365,22061,568.6812040354517,672.1264991514238,1232.2,624.4
21365,22062,568.6812040354517,672.1264991514238,1232.2,624.4
21365,22063,568.6812040354517,672.1264991514238,1232.2,624.4
21365,22064,568.6812040354517,672.1264991514238,1232.2,624.4
21365,22065,568.6812040354517,672.1264991514238,1232.2,624.4
21365,22066,568.6812040354517,672.1264991514238,1232.2,624.4
21365,22067,568.6812040354517,672.1264991514238,1232.2,624.4
21365,22068,568.6812040354517,672.1264991514238,1232.2,624.4
21365,22069,568.6812040354517,672.1264991514238,1232.2,624.4
21365,22070,568.6812040354517,672.1264991514238,1232.2,624.4
21365,22071,568.6812040354517,672.1264991514238,1232.2,624.4
21365,22072,568.6812040354517,672.1264991514238,1232.2,624.4
21365,22073,568.6812040354517,672.1264991514238,1232.2,624.4
21365,22074,568.6812040354517,672.1264991514238,1232.2,624.4
21365,22075,568.6812040354517,672.1264991514238,1232.2,624.4
21365,22076,568.6812040354517,672.1264991514238,1232.2,624.4
21365,22077,568.6812040354517,672.1264991514238,1232.2,624.4
21365,22078,568.6812040354517,672.1264991514238,1232.2,624.4
21365,22079,568.6812040354517,672.1264991514238,1232.2,624.4
21365,22080,568.6812040354517,672.1264991514238,1232.2,624.4
21365,22081,568.6812040354517,672.1264991514238,1232.2,624.4
21365,22082,568.6812040354517,672.1264991514238,1232.2,624.4
21365,22083,568.6812040354517,672.1264991514238,1232.2,624.4
21365,22084,568.6812040354517,672.1264991514238,1232.2,624.4
21365,22085,568.6812040354517,672.1264991514238,1232.2,624.4
21365,22086,568.6812040354517,672.1264991514238,1232.2,624.4
21365,22087,568.6812040354517,672.1264991514238,1232.2,624.4
21365,22088,568.6812040354517,672.1264991514238,1232.2,624.4
21365,22089,568.6812040354517,672.1264991514238,1232.2,624.4
21365,22090,568.6812040354517,672.1264991514238,1232.2,624.4
21365,22091,568.6812040354517,672.1264991514238,1232.2,624.4
21365,22092,568.6812040354517,672.1264991514238,1232.2,624.4
21365,22093,568.6812040354517,672.1264991514238,1232.2,624.4
21365,22094,568.6812040354517,672.1264991514238,1232.2,624.4
21365,22095,568.6812040354517,672.1264991514238,1232.2,624.4
21365,22096,568.6812040354517,672.1264991514238,1232.2,624.4
21365,22097,568.6812040354517,672.1264991514238,1232.2,624.4
21365,22098,568.6812040354517,672.1264991514238,1232.2,624.4
21365,22099,568.6812040354517,672.1264991514238,1232.2,624.4
21365,22100,568.6812040354517,672.1264991514238,1232.2,624.4
21365,22101,568.6812040354517,672.1264991514238,1232.2,624.4
21365,22102,568.6812040354517,672.1264991514238,1232.2,624.4
21365,22103,568.6812040354517,672.1264991514238,1232.2,624.4
21365,22104,568.6812040354517,672.1264991514238,1232.2,624.4
21365,22105,568.6812040354517,672.1264991514238,1232.2,624.4
21365,22106,568.6812040354517,672.1264991514238,1232.2,624.4
21365,22107,568.6812040354517,672.1264991514238,1232.2,624.4
21365,22108,568.6812040354517,672.1264991514238,1232.2,624.4
21365,22109,568.6812040354517,672.1264991514238,1232.2,624.4
21365,22110,568.6812040354517,672.1264991514238,1232.2,624.4
21365,22111,568.6812040354517,672.1264991514238,1232.2,624.4
21365,22112,568.6812040354517,672.1264991514238,1232.2,624.4
21365,22113,568.6812040354517,672.1264991514238,1232.2,624.4
21365,22114,568.6812040354517,672.1264991514238,1232.2,624.4
21365,22115,568.6812040354517,672.1264991514238,1232.2,624.4
21365,22116,568.6812040354517,672.1264991514238,1232.2,624.4
21365,22117,568.6812040354517,672.1264991514238,1232.2,624.4
21365,22118,568.6812040354517,672.1264991514238,1232.2,624.4
21365,22119,568.6812040354517,672.1264991514238,1232.2,624.4
21365,22120,568.6812040354517,672.1264991514238,1232.2,624.4
21365,22121,568.6812040354517,672.1264991514238,1232.2,624.4
21365,22122,568.6812040354517,672.1264991514238,1232.2,624.4
21365,22123,568.6812040354517,672.1264991514238,1232.2,624.4
21365,22124,568.6812040354517,672.1264991514238,1232.2,624.4
21365,22125,568.6812040354517,672.1264991514238,1232.2,624.4
21365,22126,568.6812040354517,672.1264991514238,1232.2,624.4
21365,22127,568.6812040354517,672.1264991514238,1232.2,624.4
21365,22128,568.6812040354517,672.1264991514238,1232.2,624.4
21365,22129,568.6812040354517,672.1264991514238,1232.2,624.4
21365,22130,616.6812040354517,652.1264991514238,1232.2,624.4
21365,22131,616.6812040354517,652.1264991514238,1232.2,624.4
21365,22132,616.6812040354517,652.1264991514238,1232.2,624.4
21365,22133,616.6812040354517,652.1264991514238,1232.2,624.4
21365,22134,616.6812040354517,652.1264991514238,1232.2,624.4
21365,22135,616.6812040354517,652.1264991514238,1232.2,624.4
21365,22136,616.6812040354517,652.1264991514238,1232.2,624.4
21365,22137,616.6812040354517,652.1264991514238,1232.2,624.4
21365,22138,616.6812040354517,652.1264991514238,1232.2,624.4
21365,22139,616.6812040354517,652.1264991514238,1232.2,624.4
21365,22140,616.6812040354517,652.1264991514238,1232.2,624.4
21365,22141,616.6812040354517,652.1264991514238,1232.2,624.4
21365,22142,616.6812040354517,652.1264991514238,1232.2,624.4
21365,22143,616.6812040354517,652.1264991514238,1232.2,624.4
21365,22144,616.6812040354517,652.1264991514238,1232.2,624.4
21365,22145,616.6812040354517,652.1264991514238,1232.2,624.4
21365,22146,616.6812040354517,652.1264991514238,1232.2,624.4
21365,22147,616.6812040354517,652.1264991514238,1232.2,624.4
21365,22148,616.6812040354517,652.1264991514238,1232.2,624.4
21365,22149,616.6812040354517,652.1264991514238,1232.2,624.4
21365,22150,616.6812040354517,652.1264991514238,1232.2,624.4
21365,22151,616.6812040354517,652.1264991514238,1232.2,624.4
21365,22152,616.6812040354517,652.1264991514238,1232.2,624.4
21365,22153,616.6812040354517,652.1264991514238,1232.2,624.4
21365,22154,616.6812040354517,652.1264991514238,1232.2,624.4
21365,22155,616.6812040354517,652.1264991514238,1232.2,624.4
21365,22156,616.6812040354517,652.1264991514238,1232.2,624.4
21365,22157,616.6812040354517,652.1264991514238,1232.2,624.4
21365,22158,616.6812040354517,652.1264991514238,1232.2,624.4
21365,22159,616.6812040354517,652.1264991514238,1232.2,624.4
21365,22160,616.6812040354517,652.1264991514238,1232.2,624.4
21365,22161,616.6812040354517,652.1264991514238,1232.2,624.4
21365,22162,616.6812040354517,652.1264991514238,1232.2,624.4
21365,22163,616.6812040354517,652.1264991514238,1232.2,624.4
21365,22164,616.6812040354517,652.1264991514238,1232.2,624.4
21365,22165,616.6812040354517,652.1264991514238,1232.2,624.4
21365,22166,616.6812040354517,652.1264991514238,1232.2,624.4
21365,22167,616.6812040354517,652.1264991514238,1232.2,624.4
21365,22168,616.6812040354517,652.1264991514238,1232.2,624.4
21365,22169,616.6812040354517,652.1264991514238,1232.2,624.4
21365,22170,616.6812040354517,652.1264991514238,1232.2,624.4
21365,22171,616.6812040354517,652.1264991514238,1232.2,624.4
21365,22172,663.6812040354517,631.1264991514238,1232.2,624.4
21365,22173,663.6812040354517,631.1264991514238,1232.2,624.4
21365,22174,663.6812040354517,631.1264991514238,1232.2,624.4
21365,22175,663.6812040354517,631.1264991514238,1232.2,624.4
21365,22176,663.6812040354517,631.1264991514238,1232.2,624.4
21365,22177,663.6812040354517,631.1264991514238,1232.2,624.4
21365,22178,663.6812040354517,631.1264991514238,1232.2,624.4
21365,22179,663.6812040354517,631.1264991514238,1232.2,624.4
21365,22180,663.6812040354517,631.1264991514238,1232.2,624.4
21365,22181,663.6812040354517,631.1264991514238,1232.2,624.4
21365,22182,663.6812040354517,631.1264991514238,1232.2,624.4
21365,22183,663.6812040354517,631.1264991514238,1232.2,624.4
21365,22184,663.6812040354517,631.1264991514238,1232.2,624.4
21365,22185,663.6812040354517,631.1264991514238,1232.2,624.4
21365,22186,663.6812040354517,631.1264991514238,1232.2,624.4
21365,22187,663.6812040354517,631.1264991514238,1232.2,624.4
21365,22188,663.6812040354517,631.1264991514238,1232.2,624.4
21365,22189,663.6812040354517,631.1264991514238,1232.2,624.4
21365,22190,663.6812040354517,631.1264991514238,1232.2,624.4
21365,22191,663.6812040354517,631.1264991514238,1232.2,624.4
21365,22192,663.6812040354517,631.1264991514238,1232.2,624.4
21365,22193,663.6812040354517,631.1264991514238,1232.2,624.4
21365,22194,663.6812040354517,631.1264991514238,1232.2,624.4
21365,22195,663.6812040354517,631.1264991514238,1232.2,624.4
21365,22196,663.6812040354517,631.1264991514238,1232.2,624.4
21365,22197,663.6812040354517,631.1264991514238,1232.2,624.4
21365,22198,663.6812040354517,631.1264991514238,1232.2,624.4
21365,22199,663.6812040354517,631.1264991514238,1232.2,624.4
21365,22200,663.6812040354517,631.1264991514238,1232.2,624.4
21365,22201,663.6812040354517,631.1264991514238,1232.2,624.4
21365,22202,663.6812040354517,631.1264991514238,1232.2,624.4
21365,22203,663.6812040354517,631.1264991514238,1232.2,624.4
21365,22204,663.6812040354517,631.1264991514238,1232.2,624.4
21365,22205,663.6812040354517,631.1264991514238,1232.2,624.4
21365,22206,663.6812040354517,631.1264991514238,1232.2,624.4
21365,22207,663.6812040354517,631.1264991514238,1232.2,624.4
21365,22208,663.6812040354517,631.1264991514238,1232.2,624.4
21365,22209,663.6812040354517,631.1264991514238,1232.2,624.4
21365,22210,663.6812040354517,631.1264991514238,1232.2,624.4
21365,22211,663.6812040354517,631.1264991514238,1232.2,624.4
21365,22212,663.6812040354517,631.1264991514238,1232.2,624.4
21365,22213,663.6812040354517,631.1264991514238,1232.2,624.4
21365,22214,663.6812040354517,631.1264991514238,1232.2,624.4
21365,22215,663.6812040354517,631.1264991514238,1232.2,624.4
21365,22216,663.6812040354517,631.1264991514238,1232.2,624.4
21365,22217,663.6812040354517,631.1264991514238,1232.2,624.4
21365,22218,663.6812040354517,631.1264991514238,1232.2,624.4
21365,22219,663.6812040354517,631.1264991514238,1232.2,624.4
21365,22220,663.6812040354517,631.1264991514238,1232.2,624.4
21365,22221,663.6812040354517,631.1264991514238,1232.2,624.4
21365,22222,663.6812040354517,631.1264991514238,1232.2,624.4
21365,22223,663.6812040354517,631.1264991514238,1232.2,624.4
21365,22224,663.6812040354517,631.1264991514238,1232.2,624.4
21365,22225,663.6812040354517,631.1264991514238,1232.2,624.4
21365,22226,663.6812040354517,631.1264991514238,1232.2,624.4
21365,22227,663.6812040354517,631.1264991514238,1232.2,624.4
21365,22228,663.6812040354517,631.1264991514238,1232.2,624.4
21365,22229,663.6812040354517,631.1264991514238,1232.2,624.4
21365,22230,663.6812040354517,631.1264991514238,1232.2,624.4
21365,22231,663.6812040354517,631.1264991514238,1232.2,624.4
21365,22232,663.6812040354517,631.1264991514238,1232.2,624.4
21365,22233,663.6812040354517,631.1264991514238,1232.2,624.4
21365,22234,663.6812040354517,631.1264991514238,1232.2,624.4
21365,22235,663.6812040354517,631.1264991514238,1232.2,624.4
21365,22236,663.6812040354517,631.1264991514238,1232.2,624.4
21365,22237,663.6812040354517,631.1264991514238,1232.2,624.4
21365,22238,663.6812040354517,631.1264991514238,1232.2,624.4
21365,22239,663.6812040354517,631.1264991514238,1232.2,624.4
21365,22240,663.6812040354517,631.1264991514238,1232.2,624.4
21365,22241,663.6812040354517,631.1264991514238,1232.2,624.4
21365,22242,663.6812040354517,631.1264991514238,1232.2,624.4
21365,22243,663.6812040354517,631.1264991514238,1232.2,624.4
21365,22244,663.6812040354517,631.1264991514238,1232.2,624.4
21365,22245,663.6812040354517,631.1264991514238,1232.2,624.4
21365,22246,663.6812040354517,631.1264991514238,1232.2,624.4
21365,22247,663.6812040354517,631.1264991514238,1232.2,624.4
21365,22248,663.6812040354517,631.1264991514238,1232.2,624.4
21365,22249,663.6812040354517,631.1264991514238,1232.2,624.4
21365,22250,663.6812040354517,631.1264991514238,1232.2,624.4
21365,22251,663.6812040354517,631.1264991514238,1232.2,624.4
21365,22252,663.6812040354517,631.1264991514238,1232.2,624.4
21365,22253,663.6812040354517,631.1264991514238,1232.2,624.4
21365,22254,663.6812040354517,631.1264991514238,1232.2,624.4
21365,22255,663.6812040354517,631.1264991514238,1232.2,624.4
21365,22256,663.6812040354517,631.1264991514238,1232.2,624.4
21365,22257,663.6812040354517,631.1264991514238,1232.2,624.4
21365,22258,663.6812040354517,631.1264991514238,1232.2,624.4
21365,22259,663.6812040354517,631.1264991514238,1232.2,624.4
21365,22260,663.6812040354517,631.1264991514238,1232.2,624.4
21365,22261,663.6812040354517,631.1264991514238,1232.2,624.4
21365,22262,663.6812040354517,631.1264991514238,1232.2,624.4
21365,22263,789.6812040354517,530.1264991514238,1232.2,624.4
21365,22264,789.6812040354517,530.1264991514238,1232.2,624.4
21365,22265,789.6812040354517,530.1264991514238,1232.2,624.4
21365,22266,789.6812040354517,530.1264991514238,1232.2,624.4
21365,22267,789.6812040354517,530.1264991514238,1232.2,624.4
21365,22268,789.6812040354517,530.1264991514238,1232.2,624.4
21365,22269,789.6812040354517,530.1264991514238,1232.2,624.4
21365,22270,789.6812040354517,530.1264991514238,1232.2,624.4
21365,22271,789.6812040354517,530.1264991514238,1232.2,624.4
21365,22272,789.6812040354517,530.1264991514238,1232.2,624.4
21365,22273,789.6812040354517,530.1264991514238,1232.2,624.4
21365,22274,789.6812040354517,530.1264991514238,1232.2,624.4
21365,22275,789.6812040354517,530.1264991514238,1232.2,624.4
21365,22276,789.6812040354517,530.1264991514238,1232.2,624.4
21365,22277,789.6812040354517,530.1264991514238,1232.2,624.4
21365,22278,789.6812040354517,530.1264991514238,1232.2,624.4
21365,22279,789.6812040354517,530.1264991514238,1232.2,624.4
21365,22280,789.6812040354517,530.1264991514238,1232.2,624.4
21365,22281,789.6812040354517,530.1264991514238,1232.2,624.4
21365,22282,789.6812040354517,530.1264991514238,1232.2,624.4
21365,22283,789.6812040354517,530.1264991514238,1232.2,624.4
21365,22284,789.6812040354517,530.1264991514238,1232.2,624.4
21365,22285,789.6812040354517,530.1264991514238,1232.2,624.4
21365,22286,789.6812040354517,530.1264991514238,1232.2,624.4
21365,22287,789.6812040354517,530.1264991514238,1232.2,624.4
21365,22288,789.6812040354517,530.1264991514238,1232.2,624.4
21365,22289,789.6812040354517,530.1264991514238,1232.2,624.4
21365,22290,789.6812040354517,530.1264991514238,1232.2,624.4
21365,22291,789.6812040354517,530.1264991514238,1232.2,624.4
21365,22292,789.6812040354517,530.1264991514238,1232.2,624.4
21365,22293,789.6812040354517,530.1264991514238,1232.2,624.4
21365,22294,789.6812040354517,530.1264991514238,1232.2,624.4
21365,22295,789.6812040354517,530.1264991514238,1232.2,624.4
21365,22296,914.6812040354517,430.12649915142373,1232.2,624.4
21365,22297,914.6812040354517,430.12649915142373,1232.2,624.4
21365,22298,914.6812040354517,430.12649915142373,1232.2,624.4
21365,22299,914.6812040354517,430.12649915142373,1232.2,624.4
21365,22300,914.6812040354517,430.12649915142373,1232.2,624.4
21365,22301,914.6812040354517,430.12649915142373,1232.2,624.4
21365,22302,914.6812040354517,430.12649915142373,1232.2,624.4
21365,22303,914.6812040354517,430.12649915142373,1232.2,624.4
21365,22304,914.6812040354517,430.12649915142373,1232.2,624.4
21365,22305,914.6812040354517,430.12649915142373,1232.2,624.4
21365,22306,914.6812040354517,430.12649915142373,1232.2,624.4
21365,22307,914.6812040354517,430.12649915142373,1232.2,624.4
21365,22308,914.6812040354517,430.12649915142373,1232.2,624.4
21365,22309,914.6812040354517,430.12649915142373,1232.2,624.4
21365,22310,914.6812040354517,430.12649915142373,1232.2,624.4
21365,22311,914.6812040354517,430.12649915142373,1232.2,624.4
21365,22312,914.6812040354517,430.12649915142373,1232.2,624.4
21365,22313,914.6812040354517,430.12649915142373,1232.2,624.4
21365,22314,914.6812040354517,430.12649915142373,1232.2,624.4
21365,22315,914.6812040354517,430.12649915142373,1232.2,624.4
21365,22316,914.6812040354517,430.12649915142373,1232.2,624.4
21365,22317,914.6812040354517,430.12649915142373,1232.2,624.4
21365,22318,914.6812040354517,430.12649915142373,1232.2,624.4
21365,22319,914.6812040354517,430.12649915142373,1232.2,624.4
21365,22320,914.6812040354517,430.12649915142373,1232.2,624.4
21365,22321,914.6812040354517,430.12649915142373,1232.2,624.4
21365,22322,914.6812040354517,430.12649915142373,1232.2,624.4
21365,22323,914.6812040354517,430.12649915142373,1232.2,624.4
21365,22324,914.6812040354517,430.12649915142373,1232.2,624.4
21365,22325,914.6812040354517,430.12649915142373,1232.2,624.4
21365,22326,914.6812040354517,430.12649915142373,1232.2,624.4
21365,22327,914.6812040354517,430.12649915142373,1232.2,624.4
21365,22328,914.6812040354517,430.12649915142373,1232.2,624.4
21365,22329,914.6812040354517,430.12649915142373,1232.2,624.4
21365,22330,914.6812040354517,430.12649915142373,1232.2,624.4
21365,22331,914.6812040354517,430.12649915142373,1232.2,624.4
21365,22332,914.6812040354517,430.12649915142373,1232.2,624.4
21365,22333,914.6812040354517,430.12649915142373,1232.2,624.4
21365,22334,914.6812040354517,430.12649915142373,1232.2,624.4
21365,22335,914.6812040354517,430.12649915142373,1232.2,624.4
21365,22336,914.6812040354517,430.12649915142373,1232.2,624.4
21365,22337,914.6812040354517,430.12649915142373,1232.2,624.4
21365,22338,914.6812040354517,430.12649915142373,1232.2,624.4
21365,22339,914.6812040354517,430.12649915142373,1232.2,624.4
21365,22340,914.6812040354517,430.12649915142373,1232.2,624.4
21365,22341,914.6812040354517,430.12649915142373,1232.2,624.4
21365,22342,914.6812040354517,430.12649915142373,1232.2,624.4
21365,22343,914.6812040354517,430.12649915142373,1232.2,624.4
21365,22344,914.6812040354517,430.12649915142373,1232.2,624.4
21365,22345,914.6812040354517,430.12649915142373,1232.2,624.4
21365,22346,914.6812040354517,430.12649915142373,1232.2,624.4
21365,22347,914.6812040354517,430.12649915142373,1232.2,624.4
21365,22348,914.6812040354517,430.12649915142373,1232.2,624.4
21365,22349,914.6812040354517,430.12649915142373,1232.2,624.4
21365,22350,914.6812040354517,430.12649915142373,1232.2,624.4
21365,22351,914.6812040354517,430.12649915142373,1232.2,624.4
21365,22352,914.6812040354517,430.12649915142373,1232.2,624.4
21365,22353,914.6812040354517,430.12649915142373,1232.2,624.4
21365,22354,914.6812040354517,430.12649915142373,1232.2,624.4
21365,22355,914.6812040354517,430.12649915142373,1232.2,624.4
21365,22356,914.6812040354517,430.12649915142373,1232.2,624.4
21365,22357,914.6812040354517,430.12649915142373,1232.2,624.4
21365,22358,914.6812040354517,430.12649915142373,1232.2,624.4
21365,22359,914.6812040354517,430.12649915142373,1232.2,624.4
21365,22360,914.6812040354517,430.12649915142373,1232.2,624.4
21365,22361,914.6812040354517,430.12649915142373,1232.2,624.4
21365,22362,914.6812040354517,430.12649915142373,1232.2,624.4
21365,22363,1175.6812040354516,660.1264991514238,1232.2,624.4
21365,22364,1175.6812040354516,660.1264991514238,1232.2,624.4
21365,22365,1175.6812040354516,660.1264991514238,1232.2,624.4
21365,22366,1175.6812040354516,660.1264991514238,1232.2,624.4
21365,22367,1175.6812040354516,660.1264991514238,1232.2,624.4
21365,22368,1175.6812040354516,660.1264991514238,1232.2,624.4
21365,22369,1175.6812040354516,660.1264991514238,1232.2,624.4
21365,22370,1175.6812040354516,660.1264991514238,1232.2,624.4
21365,22371,1175.6812040354516,660.1264991514238,1232.2,624.4
21365,22372,1175.6812040354516,660.1264991514238,1232.2,624.4
21365,22373,1175.6812040354516,660.1264991514238,1232.2,624.4
21365,22374,1175.6812040354516,660.1264991514238,1232.2,624.4
21365,22375,1175.6812040354516,660.1264991514238,1232.2,624.4
21365,22376,1175.6812040354516,660.1264991514238,1232.2,624.4
21365,22377,1175.6812040354516,660.1264991514238,1232.2,624.4
21365,22378,1175.6812040354516,660.1264991514238,1232.2,624.4
21365,22379,1175.6812040354516,660.1264991514238,1232.2,624.4
21365,22380,1175.6812040354516,660.1264991514238,1232.2,624.4
21365,22381,1175.6812040354516,660.1264991514238,1232.2,624.4
21365,22382,1175.6812040354516,660.1264991514238,1232.2,624.4
21365,22383,1175.6812040354516,660.1264991514238,1232.2,624.4
21365,22384,1175.6812040354516,660.1264991514238,1232.2,624.4
21365,22385,1175.6812040354516,660.1264991514238,1232.2,624.4
21365,22386,1175.6812040354516,660.1264991514238,1232.2,624.4
21365,22387,1175.6812040354516,660.1264991514238,1232.2,624.4
21365,22388,1175.6812040354516,660.1264991514238,1232.2,624.4
21365,22389,1175.6812040354516,660.1264991514238,1232.2,624.4
21365,22390,1175.6812040354516,660.1264991514238,1232.2,624.4
21365,22391,1175.6812040354516,660.1264991514238,1232.2,624.4
21365,22392,1175.6812040354516,660.1264991514238,1232.2,624.4
21365,22393,1175.6812040354516,660.1264991514238,1232.2,624.4
21365,22394,1175.6812040354516,660.1264991514238,1232.2,624.4
21365,22395,1175.6812040354516,660.1264991514238,1232.2,624.4
21365,22396,1175.6812040354516,660.1264991514238,1232.2,624.4
21365,22397,1175.6812040354516,660.1264991514238,1232.2,624.4
21365,22398,1175.6812040354516,660.1264991514238,1232.2,624.4
21365,22399,1175.6812040354516,660.1264991514238,1232.2,624.4
21365,22400,1175.6812040354516,660.1264991514238,1232.2,624.4
21365,22401,1175.6812040354516,660.1264991514238,1232.2,624.4
21365,22402,1175.6812040354516,660.1264991514238,1232.2,624.4
21365,22403,1175.6812040354516,660.1264991514238,1232.2,624.4
21365,22404,1175.6812040354516,660.1264991514238,1232.2,624.4
21365,22405,1175.6812040354516,660.1264991514238,1232.2,624.4
21365,22406,1175.6812040354516,660.1264991514238,1232.2,624.4
21365,22407,1175.6812040354516,660.1264991514238,1232.2,624.4
21365,22408,1175.6812040354516,660.1264991514238,1232.2,624.4
21365,22409,1175.6812040354516,660.1264991514238,1232.2,624.4
21365,22410,1175.6812040354516,660.1264991514238,1232.2,624.4
21365,22411,1175.6812040354516,660.1264991514238,1232.2,624.4
21365,22412,1175.6812040354516,660.1264991514238,1232.2,624.4
21365,22413,1175.6812040354516,660.1264991514238,1232.2,624.4
21365,22414,1175.6812040354516,660.1264991514238,1232.2,624.4
21365,22415,1175.6812040354516,660.1264991514238,1232.2,624.4
21365,22416,1175.6812040354516,660.1264991514238,1232.2,624.4
21365,22417,1175.6812040354516,660.1264991514238,1232.2,624.4
21365,22418,1175.6812040354516,660.1264991514238,1232.2,624.4
21365,22419,1175.6812040354516,660.1264991514238,1232.2,624.4
21365,22420,1175.6812040354516,660.1264991514238,1232.2,624.4
21365,22421,1175.6812040354516,660.1264991514238,1232.2,624.4
21365,22422,1175.6812040354516,660.1264991514238,1232.2,624.4
21365,22423,1175.6812040354516,660.1264991514238,1232.2,624.4
21365,22424,1175.6812040354516,660.1264991514238,1232.2,624.4
21365,22425,1175.6812040354516,660.1264991514238,1232.2,624.4
21365,22426,1175.6812040354516,660.1264991514238,1232.2,624.4
21365,22427,1175.6812040354516,660.1264991514238,1232.2,624.4
21365,22428,1175.6812040354516,660.1264991514238,1232.2,624.4
21365,22429,1175.6812040354516,660.1264991514238,1232.2,624.4
21365,22430,1175.6812040354516,660.1264991514238,1232.2,624.4
21365,22431,1175.6812040354516,660.1264991514238,1232.2,624.4
21365,22432,1175.6812040354516,660.1264991514238,1232.2,624.4
21365,22433,1175.6812040354516,660.1264991514238,1232.2,624.4
21365,22434,1175.6812040354516,660.1264991514238,1232.2,624.4
21365,22435,1175.6812040354516,660.1264991514238,1232.2,624.4
21365,22436,1175.6812040354516,660.1264991514238,1232.2,624.4
21365,22437,1175.6812040354516,660.1264991514238,1232.2,624.4
21365,22438,1175.6812040354516,660.1264991514238,1232.2,624.4
21365,22439,1175.6812040354516,660.1264991514238,1232.2,624.4
21365,22440,1175.6812040354516,660.1264991514238,1232.2,624.4
21365,22441,1175.6812040354516,660.1264991514238,1232.2,624.4
21365,22442,1175.6812040354516,660.1264991514238,1232.2,624.4
21365,22443,1175.6812040354516,660.1264991514238,1232.2,624.4
21365,22444,1175.6812040354516,660.1264991514238,1232.2,624.4
21365,22445,1175.6812040354516,660.1264991514238,1232.2,624.4
21365,22446,1175.6812040354516,660.1264991514238,1232.2,624.4
21365,22447,1175.6812040354516,660.1264991514238,1232.2,624.4
21365,22448,1175.6812040354516,660.1264991514238,1232.2,624.4
21365,22449,1175.6812040354516,660.1264991514238,1232.2,624.4
21365,22450,1175.6812040354516,660.1264991514238,1232.2,624.4
21365,22451,1175.6812040354516,660.1264991514238,1232.2,624.4
21365,22452,1175.6812040354516,660.1264991514238,1232.2,624.4
21365,22453,1175.6812040354516,660.1264991514238,1232.2,624.4
21365,22454,1175.6812040354516,660.1264991514238,1232.2,624.4
21365,22455,1175.6812040354516,660.1264991514238,1232.2,624.4
21365,22456,1175.6812040354516,660.1264991514238,1232.2,624.4
21365,22457,1175.6812040354516,660.1264991514238,1232.2,624.4
21365,22458,1175.6812040354516,660.1264991514238,1232.2,624.4
21365,22459,1175.6812040354516,660.1264991514238,1232.2,624.4
21365,22460,1175.6812040354516,660.1264991514238,1232.2,624.4
21365,22461,1175.6812040354516,660.1264991514238,1232.2,624.4
21365,22462,1175.6812040354516,660.1264991514238,1232.2,624.4
21365,22463,1175.6812040354516,660.1264991514238,1232.2,624.4
21365,22464,1175.6812040354516,660.1264991514238,1232.2,624.4
21365,22465,1175.6812040354516,660.1264991514238,1232.2,624.4
21365,22466,1175.6812040354516,660.1264991514238,1232.2,624.4
21365,22467,1175.6812040354516,660.1264991514238,1232.2,624.4
21365,22468,1175.6812040354516,660.1264991514238,1232.2,624.4
21365,22469,1175.6812040354516,660.1264991514238,1232.2,624.4
21365,22470,1175.6812040354516,660.1264991514238,1232.2,624.4
21365,22471,1175.6812040354516,660.1264991514238,1232.2,624.4
21365,22472,1175.6812040354516,660.1264991514238,1232.2,624.4
21365,22473,1175.6812040354516,660.1264991514238,1232.2,624.4
21365,22474,1175.6812040354516,660.1264991514238,1232.2,624.4
21365,22475,1175.6812040354516,660.1264991514238,1232.2,624.4
21365,22476,1175.6812040354516,660.1264991514238,1232.2,624.4
21365,22477,1175.6812040354516,660.1264991514238,1232.2,624.4
21365,22478,1175.6812040354516,660.1264991514238,1232.2,624.4
21365,22479,1175.6812040354516,660.1264991514238,1232.2,624.4
21365,22480,1175.6812040354516,660.1264991514238,1232.2,624.4
21365,22481,1175.6812040354516,660.1264991514238,1232.2,624.4
21365,22482,1175.6812040354516,660.1264991514238,1232.2,624.4
21365,22483,1175.6812040354516,660.1264991514238,1232.2,624.4
21365,22484,1175.6812040354516,660.1264991514238,1232.2,624.4
21365,22485,1175.6812040354516,660.1264991514238,1232.2,624.4
21365,22486,1175.6812040354516,660.1264991514238,1232.2,624.4
21365,22487,1175.6812040354516,660.1264991514238,1232.2,624.4
21365,22488,1175.6812040354516,660.1264991514238,1232.2,624.4
21365,22489,1175.6812040354516,660.1264991514238,1232.2,624.4
21365,22490,1175.6812040354516,660.1264991514238,1232.2,624.4
21365,22491,1175.6812040354516,660.1264991514238,1232.2,624.4
21365,22492,1175.6812040354516,660.1264991514238,1232.2,624.4
21365,22493,1175.6812040354516,660.1264991514238,1232.2,624.4
21365,22494,1175.6812040354516,660.1264991514238,1232.2,624.4
21365,22495,1175.6812040354516,660.1264991514238,1232.2,624.4
21365,22496,1175.6812040354516,660.1264991514238,1232.2,624.4
21365,22497,1175.6812040354516,660.1264991514238,1232.2,624.4
21365,22498,1175.6812040354516,660.1264991514238,1232.2,624.4
21365,22499,1175.6812040354516,660.1264991514238,1232.2,624.4
21365,22500,1175.6812040354516,660.1264991514238,1232.2,624.4
21365,22501,1175.6812040354516,660.1264991514238,1232.2,624.4
21365,22502,1175.6812040354516,660.1264991514238,1232.2,624.4
21365,22503,1175.6812040354516,660.1264991514238,1232.2,624.4
21365,22504,1175.6812040354516,660.1264991514238,1232.2,624.4
21365,22505,1175.6812040354516,660.1264991514238,1232.2,624.4
21365,22506,1175.6812040354516,660.1264991514238,1232.2,624.4
21365,22507,1175.6812040354516,660.1264991514238,1232.2,624.4
21365,22508,1175.6812040354516,660.1264991514238,1232.2,624.4
21365,22509,1175.6812040354516,660.1264991514238,1232.2,624.4
21365,22510,1175.6812040354516,660.1264991514238,1232.2,624.4
21365,22511,1175.6812040354516,660.1264991514238,1232.2,624.4
21365,22512,1175.6812040354516,660.1264991514238,1232.2,624.4
21365,22513,1175.6812040354516,660.1264991514238,1232.2,624.4
21365,22514,1175.6812040354516,660.1264991514238,1232.2,624.4
21365,22515,1175.6812040354516,660.1264991514238,1232.2,624.4
21365,22516,1175.6812040354516,660.1264991514238,1232.2,624.4
21365,22517,1175.6812040354516,660.1264991514238,1232.2,624.4
21365,22518,1175.6812040354516,660.1264991514238,1232.2,624.4
21365,22519,1175.6812040354516,660.1264991514238,1232.2,624.4
21365,22520,1175.6812040354516,660.1264991514238,1232.2,624.4
21365,22521,1175.6812040354516,660.1264991514238,1232.2,624.4
21365,22522,1175.6812040354516,660.1264991514238,1232.2,624.4
21365,22523,1175.6812040354516,660.1264991514238,1232.2,624.4
21365,22524,1175.6812040354516,660.1264991514238,1232.2,624.4
21365,22525,1175.6812040354516,660.1264991514238,1232.2,624.4
21365,22526,1175.6812040354516,660.1264991514238,1232.2,624.4
21365,22527,1175.6812040354516,660.1264991514238,1232.2,624.4
21365,22528,1175.6812040354516,660.1264991514238,1232.2,624.4
21365,22529,1175.6812040354516,660.1264991514238,1232.2,624.4
21365,22530,1175.6812040354516,660.1264991514238,1232.2,624.4
21365,22531,1175.6812040354516,660.1264991514238,1232.2,624.4
21365,22532,1175.6812040354516,660.1264991514238,1232.2,624.4
21365,22533,1175.6812040354516,660.1264991514238,1232.2,624.4
21365,22534,1175.6812040354516,660.1264991514238,1232.2,624.4
21365,22535,1175.6812040354516,660.1264991514238,1232.2,624.4
21365,22536,1175.6812040354516,660.1264991514238,1232.2,624.4
21365,22537,1175.6812040354516,660.1264991514238,1232.2,624.4
21365,22538,1175.6812040354516,660.1264991514238,1232.2,624.4
21365,22539,1175.6812040354516,660.1264991514238,1232.2,624.4
21365,22540,1175.6812040354516,660.1264991514238,1232.2,624.4
21365,22541,1175.6812040354516,660.1264991514238,1232.2,624.4
21365,22542,1175.6812040354516,660.1264991514238,1232.2,624.4
21365,22543,1175.6812040354516,660.1264991514238,1232.2,624.4
21365,22544,1175.6812040354516,660.1264991514238,1232.2,624.4
21365,22545,1175.6812040354516,660.1264991514238,1232.2,624.4
21365,22546,1175.6812040354516,660.1264991514238,1232.2,624.4
21365,22547,1175.6812040354516,660.1264991514238,1232.2,624.4
21365,22548,1175.6812040354516,660.1264991514238,1232.2,624.4
21365,22549,1175.6812040354516,660.1264991514238,1232.2,624.4
21365,22550,1175.6812040354516,660.1264991514238,1232.2,624.4
21365,22551,1175.6812040354516,660.1264991514238,1232.2,624.4
21365,22552,1175.6812040354516,660.1264991514238,1232.2,624.4
21365,22553,1175.6812040354516,660.1264991514238,1232.2,624.4
21365,22554,1175.6812040354516,660.1264991514238,1232.2,624.4
21365,22555,1175.6812040354516,660.1264991514238,1232.2,624.4
21365,22556,1175.6812040354516,660.1264991514238,1232.2,624.4
21365,22557,1175.6812040354516,660.1264991514238,1232.2,624.4
21365,22558,1175.6812040354516,660.1264991514238,1232.2,624.4
21365,22559,1175.6812040354516,660.1264991514238,1232.2,624.4
21365,22560,1175.6812040354516,660.1264991514238,1232.2,624.4
21365,22561,1175.6812040354516,660.1264991514238,1232.2,624.4
21365,22562,1175.6812040354516,660.1264991514238,1232.2,624.4
21365,22563,1175.6812040354516,660.1264991514238,1232.2,624.4
21365,22564,1175.6812040354516,660.1264991514238,1232.2,624.4
21365,22565,1175.6812040354516,660.1264991514238,1232.2,624.4
21365,22566,1175.6812040354516,660.1264991514238,1232.2,624.4
21365,22567,1175.6812040354516,660.1264991514238,1232.2,624.4
21365,22568,1175.6812040354516,660.1264991514238,1232.2,624.4
21365,22569,1175.6812040354516,660.1264991514238,1232.2,624.4
21365,22570,1175.6812040354516,660.1264991514238,1232.2,624.4
21365,22571,1175.6812040354516,660.1264991514238,1232.2,624.4
21365,22572,1175.6812040354516,660.1264991514238,1232.2,624.4
21365,22573,1175.6812040354516,660.1264991514238,1232.2,624.4
21365,22574,1175.6812040354516,660.1264991514238,1232.2,624.4
21365,22575,1175.6812040354516,660.1264991514238,1232.2,624.4
21365,22576,1175.6812040354516,660.1264991514238,1232.2,624.4
21365,22577,1175.6812040354516,660.1264991514238,1232.2,624.4
21365,22578,1175.6812040354516,660.1264991514238,1232.2,624.4
21365,22579,1175.6812040354516,660.1264991514238,1232.2,624.4
21365,22580,1175.6812040354516,660.1264991514238,1232.2,624.4
21365,22581,1175.6812040354516,660.1264991514238,1232.2,624.4
21365,22582,1175.6812040354516,660.1264991514238,1232.2,624.4
21365,22583,1175.6812040354516,660.1264991514238,1232.2,624.4
21365,22584,1175.6812040354516,660.1264991514238,1232.2,624.4
21365,22585,1175.6812040354516,660.1264991514238,1232.2,624.4
21365,22586,1175.6812040354516,660.1264991514238,1232.2,624.4
21365,22587,1175.6812040354516,660.1264991514238,1232.2,624.4
21365,22588,1175.6812040354516,660.1264991514238,1232.2,624.4
21365,22589,1175.6812040354516,660.1264991514238,1232.2,624.4
21365,22590,1175.6812040354516,660.1264991514238,1232.2,624.4
21365,22591,1175.6812040354516,660.1264991514238,1232.2,624.4
21365,22592,1175.6812040354516,660.1264991514238,1232.2,624.4
21365,22593,1175.6812040354516,660.1264991514238,1232.2,624.4
21365,22594,1175.6812040354516,660.1264991514238,1232.2,624.4
21365,22595,1175.6812040354516,660.1264991514238,1232.2,624.4
21365,22596,1025.6812040354516,631.1264991514238,1232.2,624.4
21365,22597,1025.6812040354516,631.1264991514238,1232.2,624.4
21365,22598,1025.6812040354516,631.1264991514238,1232.2,624.4
21365,22599,1025.6812040354516,631.1264991514238,1232.2,624.4
21365,22600,1025.6812040354516,631.1264991514238,1232.2,624.4
21365,22601,1025.6812040354516,631.1264991514238,1232.2,624.4
21365,22602,1025.6812040354516,631.1264991514238,1232.2,624.4
21365,22603,1025.6812040354516,631.1264991514238,1232.2,624.4
21365,22604,1025.6812040354516,631.1264991514238,1232.2,624.4
21365,22605,1025.6812040354516,631.1264991514238,1232.2,624.4
21365,22606,1025.6812040354516,631.1264991514238,1232.2,624.4
21365,22607,1025.6812040354516,631.1264991514238,1232.2,624.4
21365,22608,1025.6812040354516,631.1264991514238,1232.2,624.4
21365,22609,1025.6812040354516,631.1264991514238,1232.2,624.4
21365,22610,1025.6812040354516,631.1264991514238,1232.2,624.4
21365,22611,1025.6812040354516,631.1264991514238,1232.2,624.4
21365,22612,1025.6812040354516,631.1264991514238,1232.2,624.4
21365,22613,1025.6812040354516,631.1264991514238,1232.2,624.4
21365,22614,1025.6812040354516,631.1264991514238,1232.2,624.4
21365,22615,1025.6812040354516,631.1264991514238,1232.2,624.4
21365,22616,1025.6812040354516,631.1264991514238,1232.2,624.4
21365,22617,1025.6812040354516,631.1264991514238,1232.2,624.4
21365,22618,1025.6812040354516,631.1264991514238,1232.2,624.4
21365,22619,1025.6812040354516,631.1264991514238,1232.2,624.4
21365,22620,1025.6812040354516,631.1264991514238,1232.2,624.4
21365,22621,1025.6812040354516,631.1264991514238,1232.2,624.4
21365,22622,1025.6812040354516,631.1264991514238,1232.2,624.4
21365,22623,1025.6812040354516,631.1264991514238,1232.2,624.4
21365,22624,1025.6812040354516,631.1264991514238,1232.2,624.4
21365,22625,1025.6812040354516,631.1264991514238,1232.2,624.4
21365,22626,1025.6812040354516,631.1264991514238,1232.2,624.4
21365,22627,1025.6812040354516,631.1264991514238,1232.2,624.4
21365,22628,1025.6812040354516,631.1264991514238,1232.2,624.4
21365,22629,1025.6812040354516,631.1264991514238,1232.2,624.4
21365,22630,875.6812040354517,603.1264991514238,1232.2,624.4
21365,22631,875.6812040354517,603.1264991514238,1232.2,624.4
21365,22632,875.6812040354517,603.1264991514238,1232.2,624.4
21365,22633,875.6812040354517,603.1264991514238,1232.2,624.4
21365,22634,875.6812040354517,603.1264991514238,1232.2,624.4
21365,22635,875.6812040354517,603.1264991514238,1232.2,624.4
21365,22636,875.6812040354517,603.1264991514238,1232.2,624.4
21365,22637,875.6812040354517,603.1264991514238,1232.2,624.4
21365,22638,875.6812040354517,603.1264991514238,1232.2,624.4
21365,22639,875.6812040354517,603.1264991514238,1232.2,624.4
21365,22640,875.6812040354517,603.1264991514238,1232.2,624.4
21365,22641,875.6812040354517,603.1264991514238,1232.2,624.4
21365,22642,875.6812040354517,603.1264991514238,1232.2,624.4
21365,22643,875.6812040354517,603.1264991514238,1232.2,624.4
21365,22644,875.6812040354517,603.1264991514238,1232.2,624.4
21365,22645,875.6812040354517,603.1264991514238,1232.2,624.4
21365,22646,875.6812040354517,603.1264991514238,1232.2,624.4
21365,22647,875.6812040354517,603.1264991514238,1232.2,624.4
21365,22648,875.6812040354517,603.1264991514238,1232.2,624.4
21365,22649,875.6812040354517,603.1264991514238,1232.2,624.4
21365,22650,875.6812040354517,603.1264991514238,1232.2,624.4
21365,22651,875.6812040354517,603.1264991514238,1232.2,624.4
21365,22652,875.6812040354517,603.1264991514238,1232.2,624.4
21365,22653,875.6812040354517,603.1264991514238,1232.2,624.4
21365,22654,875.6812040354517,603.1264991514238,1232.2,624.4
21365,22655,875.6812040354517,603.1264991514238,1232.2,624.4
21365,22656,875.6812040354517,603.1264991514238,1232.2,624.4
21365,22657,875.6812040354517,603.1264991514238,1232.2,624.4
21365,22658,875.6812040354517,603.1264991514238,1232.2,624.4
21365,22659,875.6812040354517,603.1264991514238,1232.2,624.4
21365,22660,875.6812040354517,603.1264991514238,1232.2,624.4
21365,22661,875.6812040354517,603.1264991514238,1232.2,624.4
21365,22662,875.6812040354517,603.1264991514238,1232.2,624.4
21365,22663,875.6812040354517,603.1264991514238,1232.2,624.4
21365,22664,875.6812040354517,603.1264991514238,1232.2,624.4
21365,22665,875.6812040354517,603.1264991514238,1232.2,624.4
21365,22666,875.6812040354517,603.1264991514238,1232.2,624.4
21365,22667,875.6812040354517,603.1264991514238,1232.2,624.4
21365,22668,875.6812040354517,603.1264991514238,1232.2,624.4
21365,22669,875.6812040354517,603.1264991514238,1232.2,624.4
21365,22670,875.6812040354517,603.1264991514238,1232.2,624.4
21365,22671,875.6812040354517,603.1264991514238,1232.2,624.4
21365,22672,875.6812040354517,603.1264991514238,1232.2,624.4
21365,22673,875.6812040354517,603.1264991514238,1232.2,624.4
21365,22674,875.6812040354517,603.1264991514238,1232.2,624.4
21365,22675,875.6812040354517,603.1264991514238,1232.2,624.4
21365,22676,875.6812040354517,603.1264991514238,1232.2,624.4
21365,22677,875.6812040354517,603.1264991514238,1232.2,624.4
21365,22678,875.6812040354517,603.1264991514238,1232.2,624.4
21365,22679,875.6812040354517,603.1264991514238,1232.2,624.4
21365,22680,875.6812040354517,603.1264991514238,1232.2,624.4
21365,22681,875.6812040354517,603.1264991514238,1232.2,624.4
21365,22682,875.6812040354517,603.1264991514238,1232.2,624.4
21365,22683,875.6812040354517,603.1264991514238,1232.2,624.4
21365,22684,875.6812040354517,603.1264991514238,1232.2,624.4
21365,22685,875.6812040354517,603.1264991514238,1232.2,624.4
21365,22686,875.6812040354517,603.1264991514238,1232.2,624.4
21365,22687,875.6812040354517,603.1264991514238,1232.2,624.4
21365,22688,875.6812040354517,603.1264991514238,1232.2,624.4
21365,22689,875.6812040354517,603.1264991514238,1232.2,624.4
21365,22690,875.6812040354517,603.1264991514238,1232.2,624.4
21365,22691,875.6812040354517,603.1264991514238,1232.2,624.4
21365,22692,875.6812040354517,603.1264991514238,1232.2,624.4
21365,22693,875.6812040354517,603.1264991514238,1232.2,624.4
21365,22694,875.6812040354517,603.1264991514238,1232.2,624.4
21365,22695,875.6812040354517,603.1264991514238,1232.2,624.4
21365,22696,875.6812040354517,603.1264991514238,1232.2,624.4
21365,22697,875.6812040354517,603.1264991514238,1232.2,624.4
21365,22698,875.6812040354517,603.1264991514238,1232.2,624.4
21365,22699,875.6812040354517,603.1264991514238,1232.2,624.4
21365,22700,875.6812040354517,603.1264991514238,1232.2,624.4
21365,22701,875.6812040354517,603.1264991514238,1232.2,624.4
21365,22702,875.6812040354517,603.1264991514238,1232.2,624.4
21365,22703,875.6812040354517,603.1264991514238,1232.2,624.4
21365,22704,875.6812040354517,603.1264991514238,1232.2,624.4
21365,22705,875.6812040354517,603.1264991514238,1232.2,624.4
21365,22706,875.6812040354517,603.1264991514238,1232.2,624.4
21365,22707,875.6812040354517,603.1264991514238,1232.2,624.4
21365,22708,875.6812040354517,603.1264991514238,1232.2,624.4
21365,22709,875.6812040354517,603.1264991514238,1232.2,624.4
21365,22710,875.6812040354517,603.1264991514238,1232.2,624.4
21365,22711,875.6812040354517,603.1264991514238,1232.2,624.4
21365,22712,875.6812040354517,603.1264991514238,1232.2,624.4
21365,22713,875.6812040354517,603.1264991514238,1232.2,624.4
21365,22714,875.6812040354517,603.1264991514238,1232.2,624.4
21365,22715,875.6812040354517,603.1264991514238,1232.2,624.4
21365,22716,875.6812040354517,603.1264991514238,1232.2,624.4
21365,22717,875.6812040354517,603.1264991514238,1232.2,624.4
21365,22718,875.6812040354517,603.1264991514238,1232.2,624.4
21365,22719,875.6812040354517,603.1264991514238,1232.2,624.4
21365,22720,875.6812040354517,603.1264991514238,1232.2,624.4
21365,22721,875.6812040354517,603.1264991514238,1232.2,624.4
21365,22722,875.6812040354517,603.1264991514238,1232.2,624.4
21365,22723,875.6812040354517,603.1264991514238,1232.2,624.4
21365,22724,875.6812040354517,603.1264991514238,1232.2,624.4
21365,22725,875.6812040354517,603.1264991514238,1232.2,624.4
21365,22726,875.6812040354517,603.1264991514238,1232.2,624.4
21365,22727,875.6812040354517,603.1264991514238,1232.2,624.4
21365,22728,875.6812040354517,603.1264991514238,1232.2,624.4
21365,22729,875.6812040354517,603.1264991514238,1232.2,624.4
21365,22730,875.6812040354517,603.1264991514238,1232.2,624.4
21365,22731,875.6812040354517,603.1264991514238,1232.2,624.4
21365,22732,875.6812040354517,603.1264991514238,1232.2,624.4
21365,22733,875.6812040354517,603.1264991514238,1232.2,624.4
21365,22734,875.6812040354517,603.1264991514238,1232.2,624.4
21365,22735,875.6812040354517,603.1264991514238,1232.2,624.4
21365,22736,875.6812040354517,603.1264991514238,1232.2,624.4
21365,22737,875.6812040354517,603.1264991514238,1232.2,624.4
21365,22738,875.6812040354517,603.1264991514238,1232.2,624.4
21365,22739,875.6812040354517,603.1264991514238,1232.2,624.4
21365,22740,875.6812040354517,603.1264991514238,1232.2,624.4
21365,22741,875.6812040354517,603.1264991514238,1232.2,624.4
21365,22742,875.6812040354517,603.1264991514238,1232.2,624.4
21365,22743,875.6812040354517,603.1264991514238,1232.2,624.4
21365,22744,875.6812040354517,603.1264991514238,1232.2,624.4
21365,22745,875.6812040354517,603.1264991514238,1232.2,624.4
21365,22746,875.6812040354517,603.1264991514238,1232.2,624.4
21365,22747,875.6812040354517,603.1264991514238,1232.2,624.4
21365,22748,875.6812040354517,603.1264991514238,1232.2,624.4
21365,22749,875.6812040354517,603.1264991514238,1232.2,624.4
21365,22750,875.6812040354517,603.1264991514238,1232.2,624.4
21365,22751,875.6812040354517,603.1264991514238,1232.2,624.4
21365,22752,875.6812040354517,603.1264991514238,1232.2,624.4
21365,22753,875.6812040354517,603.1264991514238,1232.2,624.4
21365,22754,875.6812040354517,603.1264991514238,1232.2,624.4
21365,22755,875.6812040354517,603.1264991514238,1232.2,624.4
21365,22756,875.6812040354517,603.1264991514238,1232.2,624.4
21365,22757,875.6812040354517,603.1264991514238,1232.2,624.4
21365,22758,875.6812040354517,603.1264991514238,1232.2,624.4
21365,22759,875.6812040354517,603.1264991514238,1232.2,624.4
21365,22760,875.6812040354517,603.1264991514238,1232.2,624.4
21365,22761,875.6812040354517,603.1264991514238,1232.2,624.4
21365,22762,875.6812040354517,603.1264991514238,1232.2,624.4
21365,22763,613.6812040354517,622.1264991514238,1232.2,624.4
21365,22764,613.6812040354517,622.1264991514238,1232.2,624.4
21365,22765,613.6812040354517,622.1264991514238,1232.2,624.4
21365,22766,613.6812040354517,622.1264991514238,1232.2,624.4
21365,22767,613.6812040354517,622.1264991514238,1232.2,624.4
21365,22768,613.6812040354517,622.1264991514238,1232.2,624.4
21365,22769,613.6812040354517,622.1264991514238,1232.2,624.4
21365,22770,613.6812040354517,622.1264991514238,1232.2,624.4
21365,22771,613.6812040354517,622.1264991514238,1232.2,624.4
21365,22772,613.6812040354517,622.1264991514238,1232.2,624.4
21365,22773,613.6812040354517,622.1264991514238,1232.2,624.4
21365,22774,613.6812040354517,622.1264991514238,1232.2,624.4
21365,22775,613.6812040354517,622.1264991514238,1232.2,624.4
21365,22776,613.6812040354517,622.1264991514238,1232.2,624.4
21365,22777,613.6812040354517,622.1264991514238,1232.2,624.4
21365,22778,613.6812040354517,622.1264991514238,1232.2,624.4
21365,22779,613.6812040354517,622.1264991514238,1232.2,624.4
21365,22780,613.6812040354517,622.1264991514238,1232.2,624.4
21365,22781,613.6812040354517,622.1264991514238,1232.2,624.4
21365,22782,613.6812040354517,622.1264991514238,1232.2,624.4
21365,22783,613.6812040354517,622.1264991514238,1232.2,624.4
21365,22784,613.6812040354517,622.1264991514238,1232.2,624.4
21365,22785,613.6812040354517,622.1264991514238,1232.2,624.4
21365,22786,613.6812040354517,622.1264991514238,1232.2,624.4
21365,22787,613.6812040354517,622.1264991514238,1232.2,624.4
21365,22788,613.6812040354517,622.1264991514238,1232.2,624.4
21365,22789,613.6812040354517,622.1264991514238,1232.2,624.4
21365,22790,613.6812040354517,622.1264991514238,1232.2,624.4
21365,22791,613.6812040354517,622.1264991514238,1232.2,624.4
21365,22792,613.6812040354517,622.1264991514238,1232.2,624.4
21365,22793,613.6812040354517,622.1264991514238,1232.2,624.4
21365,22794,613.6812040354517,622.1264991514238,1232.2,624.4
21365,22795,613.6812040354517,622.1264991514238,1232.2,624.4
21365,22796,613.6812040354517,622.1264991514238,1232.2,624.4
21365,22797,613.6812040354517,622.1264991514238,1232.2,624.4
21365,22798,613.6812040354517,622.1264991514238,1232.2,624.4
21365,22799,613.6812040354517,622.1264991514238,1232.2,624.4
21365,22800,613.6812040354517,622.1264991514238,1232.2,624.4
21365,22801,613.6812040354517,622.1264991514238,1232.2,624.4
21365,22802,613.6812040354517,622.1264991514238,1232.2,624.4
21365,22803,613.6812040354517,622.1264991514238,1232.2,624.4
21365,22804,613.6812040354517,622.1264991514238,1232.2,624.4
21365,22805,613.6812040354517,622.1264991514238,1232.2,624.4
21365,22806,613.6812040354517,622.1264991514238,1232.2,624.4
21365,22807,613.6812040354517,622.1264991514238,1232.2,624.4
21365,22808,613.6812040354517,622.1264991514238,1232.2,624.4
21365,22809,613.6812040354517,622.1264991514238,1232.2,624.4
21365,22810,613.6812040354517,622.1264991514238,1232.2,624.4
21365,22811,613.6812040354517,622.1264991514238,1232.2,624.4
21365,22812,613.6812040354517,622.1264991514238,1232.2,624.4
21365,22813,613.6812040354517,622.1264991514238,1232.2,624.4
21365,22814,613.6812040354517,622.1264991514238,1232.2,624.4
21365,22815,613.6812040354517,622.1264991514238,1232.2,624.4
21365,22816,613.6812040354517,622.1264991514238,1232.2,624.4
21365,22817,613.6812040354517,622.1264991514238,1232.2,624.4
21365,22818,613.6812040354517,622.1264991514238,1232.2,624.4
21365,22819,613.6812040354517,622.1264991514238,1232.2,624.4
21365,22820,613.6812040354517,622.1264991514238,1232.2,624.4
21365,22821,613.6812040354517,622.1264991514238,1232.2,624.4
21365,22822,613.6812040354517,622.1264991514238,1232.2,624.4
21365,22823,613.6812040354517,622.1264991514238,1232.2,624.4
21365,22824,613.6812040354517,622.1264991514238,1232.2,624.4
21365,22825,613.6812040354517,622.1264991514238,1232.2,624.4
21365,22826,613.6812040354517,622.1264991514238,1232.2,624.4
21365,22827,613.6812040354517,622.1264991514238,1232.2,624.4
21365,22828,613.6812040354517,622.1264991514238,1232.2,624.4
21365,22829,613.6812040354517,622.1264991514238,1232.2,624.4
21365,22830,613.6812040354517,622.1264991514238,1232.2,624.4
21365,22831,613.6812040354517,622.1264991514238,1232.2,624.4
21365,22832,613.6812040354517,622.1264991514238,1232.2,624.4
21365,22833,613.6812040354517,622.1264991514238,1232.2,624.4
21365,22834,613.6812040354517,622.1264991514238,1232.2,624.4
21365,22835,613.6812040354517,622.1264991514238,1232.2,624.4
21365,22836,613.6812040354517,622.1264991514238,1232.2,624.4
21365,22837,613.6812040354517,622.1264991514238,1232.2,624.4
21365,22838,613.6812040354517,622.1264991514238,1232.2,624.4
21365,22839,613.6812040354517,622.1264991514238,1232.2,624.4
21365,22840,613.6812040354517,622.1264991514238,1232.2,624.4
21365,22841,613.6812040354517,622.1264991514238,1232.2,624.4
21365,22842,613.6812040354517,622.1264991514238,1232.2,624.4
21365,22843,613.6812040354517,622.1264991514238,1232.2,624.4
21365,22844,613.6812040354517,622.1264991514238,1232.2,624.4
21365,22845,613.6812040354517,622.1264991514238,1232.2,624.4
21365,22846,613.6812040354517,622.1264991514238,1232.2,624.4
21365,22847,613.6812040354517,622.1264991514238,1232.2,624.4
21365,22848,613.6812040354517,622.1264991514238,1232.2,624.4
21365,22849,613.6812040354517,622.1264991514238,1232.2,624.4
21365,22850,613.6812040354517,622.1264991514238,1232.2,624.4
21365,22851,613.6812040354517,622.1264991514238,1232.2,624.4
21365,22852,613.6812040354517,622.1264991514238,1232.2,624.4
21365,22853,613.6812040354517,622.1264991514238,1232.2,624.4
21365,22854,613.6812040354517,622.1264991514238,1232.2,624.4
21365,22855,613.6812040354517,622.1264991514238,1232.2,624.4
21365,22856,613.6812040354517,622.1264991514238,1232.2,624.4
21365,22857,613.6812040354517,622.1264991514238,1232.2,624.4
21365,22858,613.6812040354517,622.1264991514238,1232.2,624.4
21365,22859,613.6812040354517,622.1264991514238,1232.2,624.4
21365,22860,613.6812040354517,622.1264991514238,1232.2,624.4
21365,22861,613.6812040354517,622.1264991514238,1232.2,624.4
21365,22862,613.6812040354517,622.1264991514238,1232.2,624.4
21365,22863,613.6812040354517,622.1264991514238,1232.2,624.4
21365,22864,613.6812040354517,622.1264991514238,1232.2,624.4
21365,22865,613.6812040354517,622.1264991514238,1232.2,624.4
21365,22866,613.6812040354517,622.1264991514238,1232.2,624.4
21365,22867,613.6812040354517,622.1264991514238,1232.2,624.4
21365,22868,613.6812040354517,622.1264991514238,1232.2,624.4
21365,22869,613.6812040354517,622.1264991514238,1232.2,624.4
21365,22870,613.6812040354517,622.1264991514238,1232.2,624.4
21365,22871,613.6812040354517,622.1264991514238,1232.2,624.4
21365,22872,613.6812040354517,622.1264991514238,1232.2,624.4
21365,22873,613.6812040354517,622.1264991514238,1232.2,624.4
21365,22874,613.6812040354517,622.1264991514238,1232.2,624.4
21365,22875,613.6812040354517,622.1264991514238,1232.2,624.4
21365,22876,613.6812040354517,622.1264991514238,1232.2,624.4
21365,22877,613.6812040354517,622.1264991514238,1232.2,624.4
21365,22878,613.6812040354517,622.1264991514238,1232.2,624.4
21365,22879,613.6812040354517,622.1264991514238,1232.2,624.4
21365,22880,613.6812040354517,622.1264991514238,1232.2,624.4
21365,22881,613.6812040354517,622.1264991514238,1232.2,624.4
21365,22882,613.6812040354517,622.1264991514238,1232.2,624.4
21365,22883,613.6812040354517,622.1264991514238,1232.2,624.4
21365,22884,613.6812040354517,622.1264991514238,1232.2,624.4
21365,22885,613.6812040354517,622.1264991514238,1232.2,624.4
21365,22886,613.6812040354517,622.1264991514238,1232.2,624.4
21365,22887,613.6812040354517,622.1264991514238,1232.2,624.4
21365,22888,613.6812040354517,622.1264991514238,1232.2,624.4
21365,22889,613.6812040354517,622.1264991514238,1232.2,624.4
21365,22890,613.6812040354517,622.1264991514238,1232.2,624.4
21365,22891,613.6812040354517,622.1264991514238,1232.2,624.4
21365,22892,613.6812040354517,622.1264991514238,1232.2,624.4
21365,22893,613.6812040354517,622.1264991514238,1232.2,624.4
21365,22894,613.6812040354517,622.1264991514238,1232.2,624.4
21365,22895,613.6812040354517,622.1264991514238,1232.2,624.4
21365,22896,613.6812040354517,622.1264991514238,1232.2,624.4
21365,22897,613.6812040354517,622.1264991514238,1232.2,624.4
21365,22898,613.6812040354517,622.1264991514238,1232.2,624.4
21365,22899,613.6812040354517,622.1264991514238,1232.2,624.4
21365,22900,613.6812040354517,622.1264991514238,1232.2,624.4
21365,22901,613.6812040354517,622.1264991514238,1232.2,624.4
21365,22902,613.6812040354517,622.1264991514238,1232.2,624.4
21365,22903,613.6812040354517,622.1264991514238,1232.2,624.4
21365,22904,613.6812040354517,622.1264991514238,1232.2,624.4
21365,22905,613.6812040354517,622.1264991514238,1232.2,624.4
21365,22906,613.6812040354517,622.1264991514238,1232.2,624.4
21365,22907,613.6812040354517,622.1264991514238,1232.2,624.4
21365,22908,613.6812040354517,622.1264991514238,1232.2,624.4
21365,22909,613.6812040354517,622.1264991514238,1232.2,624.4
21365,22910,613.6812040354517,622.1264991514238,1232.2,624.4
21365,22911,613.6812040354517,622.1264991514238,1232.2,624.4
21365,22912,613.6812040354517,622.1264991514238,1232.2,624.4
21365,22913,613.6812040354517,622.1264991514238,1232.2,624.4
21365,22914,613.6812040354517,622.1264991514238,1232.2,624.4
21365,22915,613.6812040354517,622.1264991514238,1232.2,624.4
21365,22916,613.6812040354517,622.1264991514238,1232.2,624.4
21365,22917,613.6812040354517,622.1264991514238,1232.2,624.4
21365,22918,613.6812040354517,622.1264991514238,1232.2,624.4
21365,22919,613.6812040354517,622.1264991514238,1232.2,624.4
21365,22920,613.6812040354517,622.1264991514238,1232.2,624.4
21365,22921,613.6812040354517,622.1264991514238,1232.2,624.4
21365,22922,613.6812040354517,622.1264991514238,1232.2,624.4
21365,22923,613.6812040354517,622.1264991514238,1232.2,624.4
21365,22924,613.6812040354517,622.1264991514238,1232.2,624.4
21365,22925,613.6812040354517,622.1264991514238,1232.2,624.4
21365,22926,613.6812040354517,622.1264991514238,1232.2,624.4
21365,22927,613.6812040354517,622.1264991514238,1232.2,624.4
21365,22928,613.6812040354517,622.1264991514238,1232.2,624.4
21365,22929,613.6812040354517,622.1264991514238,1232.2,624.4
21365,22930,613.6812040354517,622.1264991514238,1232.2,624.4
21365,22931,613.6812040354517,622.1264991514238,1232.2,624.4
21365,22932,613.6812040354517,622.1264991514238,1232.2,624.4
21365,22933,613.6812040354517,622.1264991514238,1232.2,624.4
21365,22934,613.6812040354517,622.1264991514238,1232.2,624.4
21365,22935,613.6812040354517,622.1264991514238,1232.2,624.4
21365,22936,613.6812040354517,622.1264991514238,1232.2,624.4
21365,22937,613.6812040354517,622.1264991514238,1232.2,624.4
21365,22938,613.6812040354517,622.1264991514238,1232.2,624.4
21365,22939,613.6812040354517,622.1264991514238,1232.2,624.4
21365,22940,613.6812040354517,622.1264991514238,1232.2,624.4
21365,22941,613.6812040354517,622.1264991514238,1232.2,624.4
21365,22942,613.6812040354517,622.1264991514238,1232.2,624.4
21365,22943,613.6812040354517,622.1264991514238,1232.2,624.4
21365,22944,613.6812040354517,622.1264991514238,1232.2,624.4
21365,22945,613.6812040354517,622.1264991514238,1232.2,624.4
21365,22946,613.6812040354517,622.1264991514238,1232.2,624.4
21365,22947,613.6812040354517,622.1264991514238,1232.2,624.4
21365,22948,613.6812040354517,622.1264991514238,1232.2,624.4
21365,22949,613.6812040354517,622.1264991514238,1232.2,624.4
21365,22950,613.6812040354517,622.1264991514238,1232.2,624.4
21365,22951,613.6812040354517,622.1264991514238,1232.2,624.4
21365,22952,613.6812040354517,622.1264991514238,1232.2,624.4
21365,22953,613.6812040354517,622.1264991514238,1232.2,624.4
21365,22954,613.6812040354517,622.1264991514238,1232.2,624.4
21365,22955,613.6812040354517,622.1264991514238,1232.2,624.4
21365,22956,613.6812040354517,622.1264991514238,1232.2,624.4
21365,22957,613.6812040354517,622.1264991514238,1232.2,624.4
21365,22958,613.6812040354517,622.1264991514238,1232.2,624.4
21365,22959,613.6812040354517,622.1264991514238,1232.2,624.4
21365,22960,613.6812040354517,622.1264991514238,1232.2,624.4
21365,22961,613.6812040354517,622.1264991514238,1232.2,624.4
21365,22962,613.6812040354517,622.1264991514238,1232.2,624.4
21365,22963,613.6812040354517,622.1264991514238,1232.2,624.4
21365,22964,613.6812040354517,622.1264991514238,1232.2,624.4
21365,22965,613.6812040354517,622.1264991514238,1232.2,624.4
21365,22966,613.6812040354517,622.1264991514238,1232.2,624.4
21365,22967,613.6812040354517,622.1264991514238,1232.2,624.4
21365,22968,613.6812040354517,622.1264991514238,1232.2,624.4
21365,22969,613.6812040354517,622.1264991514238,1232.2,624.4
21365,22970,613.6812040354517,622.1264991514238,1232.2,624.4
21365,22971,613.6812040354517,622.1264991514238,1232.2,624.4
21365,22972,613.6812040354517,622.1264991514238,1232.2,624.4
21365,22973,613.6812040354517,622.1264991514238,1232.2,624.4
21365,22974,613.6812040354517,622.1264991514238,1232.2,624.4
21365,22975,613.6812040354517,622.1264991514238,1232.2,624.4
21365,22976,613.6812040354517,622.1264991514238,1232.2,624.4
21365,22977,613.6812040354517,622.1264991514238,1232.2,624.4
21365,22978,613.6812040354517,622.1264991514238,1232.2,624.4
21365,22979,613.6812040354517,622.1264991514238,1232.2,624.4
21365,22980,613.6812040354517,622.1264991514238,1232.2,624.4
21365,22981,613.6812040354517,622.1264991514238,1232.2,624.4
21365,22982,613.6812040354517,622.1264991514238,1232.2,624.4
21365,22983,613.6812040354517,622.1264991514238,1232.2,624.4
21365,22984,613.6812040354517,622.1264991514238,1232.2,624.4
21365,22985,613.6812040354517,622.1264991514238,1232.2,624.4
21365,22986,613.6812040354517,622.1264991514238,1232.2,624.4
21365,22987,613.6812040354517,622.1264991514238,1232.2,624.4
21365,22988,613.6812040354517,622.1264991514238,1232.2,624.4
21365,22989,613.6812040354517,622.1264991514238,1232.2,624.4
21365,22990,613.6812040354517,622.1264991514238,1232.2,624.4
21365,22991,613.6812040354517,622.1264991514238,1232.2,624.4
21365,22992,613.6812040354517,622.1264991514238,1232.2,624.4
21365,22993,613.6812040354517,622.1264991514238,1232.2,624.4
21365,22994,613.6812040354517,622.1264991514238,1232.2,624.4
21365,22995,613.6812040354517,622.1264991514238,1232.2,624.4
21365,22996,613.6812040354517,622.1264991514238,1232.2,624.4
21365,22997,613.6812040354517,622.1264991514238,1232.2,624.4
21365,22998,613.6812040354517,622.1264991514238,1232.2,624.4
21365,22999,613.6812040354517,622.1264991514238,1232.2,624.4
21365,23000,613.6812040354517,622.1264991514238,1232.2,624.4
21365,23001,613.6812040354517,622.1264991514238,1232.2,624.4
21365,23002,613.6812040354517,622.1264991514238,1232.2,624.4
21365,23003,613.6812040354517,622.1264991514238,1232.2,624.4
21365,23004,613.6812040354517,622.1264991514238,1232.2,624.4
21365,23005,613.6812040354517,622.1264991514238,1232.2,624.4
21365,23006,613.6812040354517,622.1264991514238,1232.2,624.4
21365,23007,613.6812040354517,622.1264991514238,1232.2,624.4
21365,23008,613.6812040354517,622.1264991514238,1232.2,624.4
21365,23009,613.6812040354517,622.1264991514238,1232.2,624.4
21365,23010,613.6812040354517,622.1264991514238,1232.2,624.4
21365,23011,613.6812040354517,622.1264991514238,1232.2,624.4
21365,23012,613.6812040354517,622.1264991514238,1232.2,624.4
21365,23013,613.6812040354517,622.1264991514238,1232.2,624.4
21365,23014,613.6812040354517,622.1264991514238,1232.2,624.4
21365,23015,613.6812040354517,622.1264991514238,1232.2,624.4
21365,23016,613.6812040354517,622.1264991514238,1232.2,624.4
21365,23017,613.6812040354517,622.1264991514238,1232.2,624.4
21365,23018,613.6812040354517,622.1264991514238,1232.2,624.4
21365,23019,613.6812040354517,622.1264991514238,1232.2,624.4
21365,23020,613.6812040354517,622.1264991514238,1232.2,624.4
21365,23021,613.6812040354517,622.1264991514238,1232.2,624.4
21365,23022,613.6812040354517,622.1264991514238,1232.2,624.4
21365,23023,613.6812040354517,622.1264991514238,1232.2,624.4
21365,23024,613.6812040354517,622.1264991514238,1232.2,624.4
21365,23025,613.6812040354517,622.1264991514238,1232.2,624.4
21365,23026,613.6812040354517,622.1264991514238,1232.2,624.4
21365,23027,613.6812040354517,622.1264991514238,1232.2,624.4
21365,23028,613.6812040354517,622.1264991514238,1232.2,624.4
21365,23029,613.6812040354517,622.1264991514238,1232.2,624.4
21365,23030,710.6812040354517,644.1264991514238,1232.2,624.4
21365,23031,710.6812040354517,644.1264991514238,1232.2,624.4
21365,23032,710.6812040354517,644.1264991514238,1215.7562500000001,625.55625
21365,23033,710.6812040354517,644.1264991514238,1199.3125,626.7125
21365,23034,710.6812040354517,644.1264991514238,1182.86875,627.86875
21365,23035,710.6812040354517,644.1264991514238,1166.425,629.025
21365,23036,710.6812040354517,644.1264991514238,1149.98125,630.18125
21365,23037,710.6812040354517,644.1264991514238,1133.5375000000001,631.3375
21365,23038,710.6812040354517,644.1264991514238,1117.09375,632.49375
21365,23039,710.6812040354517,644.1264991514238,1100.65,633.65
21365,23040,710.6812040354517,644.1264991514238,1084.20625,634.80625
21365,23041,710.6812040354517,644.1264991514238,1067.7625,635.9625
21365,23042,710.6812040354517,644.1264991514238,1051.31875,637.11875
21365,23043,710.6812040354517,644.1264991514238,1034.875,638.275
21365,23044,710.6812040354517,644.1264991514238,1018.4312500000001,639.43125
21365,23045,710.6812040354517,644.1264991514238,1001.9875,640.5875
21365,23046,710.6812040354517,644.1264991514238,985.54375,641.74375
21365,23047,710.6812040354517,644.1264991514238,969.1,642.9
21365,23048,710.6812040354517,644.1264991514238,969.1,642.9
21365,23049,710.6812040354517,644.1264991514238,969.1,642.9
21365,23050,710.6812040354517,644.1264991514238,969.1,642.9
21365,23051,710.6812040354517,644.1264991514238,969.1,642.9
21365,23052,710.6812040354517,644.1264991514238,969.1,642.9
21365,23053,710.6812040354517,644.1264991514238,969.1,642.9
21365,23054,710.6812040354517,644.1264991514238,969.1,642.9
21365,23055,710.6812040354517,644.1264991514238,969.1,642.9
21365,23056,710.6812040354517,644.1264991514238,969.1,642.9
21365,23057,710.6812040354517,644.1264991514238,969.1,642.9
21365,23058,710.6812040354517,644.1264991514238,969.1,642.9
21365,23059,710.6812040354517,644.1264991514238,969.1,642.9
21365,23060,710.6812040354517,644.1264991514238,969.1,642.9
21365,23061,710.6812040354517,644.1264991514238,969.1,642.9
21365,23062,710.6812040354517,644.1264991514238,969.1,642.9
21365,23063,807.6812040354517,666.1264991514238,969.1,642.9
21365,23064,807.6812040354517,666.1264991514238,969.1,642.9
21365,23065,807.6812040354517,666.1264991514238,969.1,642.9
21365,23066,807.6812040354517,666.1264991514238,969.1,642.9
21365,23067,807.6812040354517,666.1264991514238,969.1,642.9
21365,23068,807.6812040354517,666.1264991514238,969.1,642.9
21365,23069,807.6812040354517,666.1264991514238,969.1,642.9
21365,23070,807.6812040354517,666.1264991514238,969.1,642.9
21365,23071,807.6812040354517,666.1264991514238,969.1,642.9
21365,23072,807.6812040354517,666.1264991514238,969.1,642.9
21365,23073,807.6812040354517,666.1264991514238,969.1,642.9
21365,23074,807.6812040354517,666.1264991514238,969.1,642.9
21365,23075,807.6812040354517,666.1264991514238,969.1,642.9
21365,23076,807.6812040354517,666.1264991514238,969.1,642.9
21365,23077,807.6812040354517,666.1264991514238,969.1,642.9
21365,23078,807.6812040354517,666.1264991514238,969.1,642.9
21365,23079,807.6812040354517,666.1264991514238,969.1,642.9
21365,23080,807.6812040354517,666.1264991514238,969.1,642.9
21365,23081,807.6812040354517,666.1264991514238,969.1,642.9
21365,23082,807.6812040354517,666.1264991514238,969.1,642.9
21365,23083,807.6812040354517,666.1264991514238,969.1,642.9
21365,23084,807.6812040354517,666.1264991514238,969.1,642.9
21365,23085,807.6812040354517,666.1264991514238,969.1,642.9
21365,23086,807.6812040354517,666.1264991514238,969.1,642.9
21365,23087,807.6812040354517,666.1264991514238,969.1,642.9
21365,23088,807.6812040354517,666.1264991514238,969.1,642.9
21365,23089,807.6812040354517,666.1264991514238,969.1,642.9
21365,23090,807.6812040354517,666.1264991514238,969.1,642.9
21365,23091,807.6812040354517,666.1264991514238,969.1,642.9
21365,23092,807.6812040354517,666.1264991514238,969.1,642.9
21365,23093,807.6812040354517,666.1264991514238,969.1,642.9
21365,23094,807.6812040354517,666.1264991514238,969.1,642.9
21365,23095,807.6812040354517,666.1264991514238,969.1,642.9
21365,23096,807.6812040354517,666.1264991514238,969.1,642.9
21365,23097,807.6812040354517,666.1264991514238,969.1,642.9
21365,23098,807.6812040354517,666.1264991514238,969.1,642.9
21365,23099,807.6812040354517,666.1264991514238,969.1,642.9
21365,23100,807.6812040354517,666.1264991514238,969.1,642.9
21365,23101,807.6812040354517,666.1264991514238,969.1,642.9
21365,23102,807.6812040354517,666.1264991514238,969.1,642.9
21365,23103,807.6812040354517,666.1264991514238,969.1,642.9
21365,23104,807.6812040354517,666.1264991514238,969.1,642.9
21365,23105,807.6812040354517,666.1264991514238,969.1,642.9
21365,23106,807.6812040354517,666.1264991514238,969.1,642.9
21365,23107,807.6812040354517,666.1264991514238,969.1,642.9
21365,23108,807.6812040354517,666.1264991514238,969.1,642.9
21365,23109,807.6812040354517,666.1264991514238,969.1,642.9
21365,23110,807.6812040354517,666.1264991514238,969.1,642.9
21365,23111,807.6812040354517,666.1264991514238,969.1,642.9
21365,23112,807.6812040354517,666.1264991514238,969.1,642.9
21365,23113,807.6812040354517,666.1264991514238,969.1,642.9
21365,23114,807.6812040354517,666.1264991514238,969.1,642.9
21365,23115,807.6812040354517,666.1264991514238,969.1,642.9
21365,23116,807.6812040354517,666.1264991514238,969.1,642.9
21365,23117,807.6812040354517,666.1264991514238,969.1,642.9
21365,23118,807.6812040354517,666.1264991514238,969.1,642.9
21365,23119,807.6812040354517,666.1264991514238,969.1,642.9
21365,23120,807.6812040354517,666.1264991514238,969.1,642.9
21365,23121,807.6812040354517,666.1264991514238,969.1,642.9
21365,23122,807.6812040354517,666.1264991514238,969.1,642.9
21365,23123,807.6812040354517,666.1264991514238,969.1,642.9
21365,23124,807.6812040354517,666.1264991514238,969.1,642.9
21365,23125,807.6812040354517,666.1264991514238,969.1,642.9
21365,23126,807.6812040354517,666.1264991514238,969.1,642.9
21365,23127,807.6812040354517,666.1264991514238,969.1,642.9
21365,23128,807.6812040354517,666.1264991514238,969.1,642.9
21365,23129,807.6812040354517,666.1264991514238,969.1,642.9
21365,23130,807.6812040354517,666.1264991514238,969.1,642.9
21365,23131,807.6812040354517,666.1264991514238,969.1,642.9
21365,23132,807.6812040354517,666.1264991514238,969.1,642.9
21365,23133,807.6812040354517,666.1264991514238,969.1,642.9
21365,23134,807.6812040354517,666.1264991514238,969.1,642.9
21365,23135,807.6812040354517,666.1264991514238,969.1,642.9
21365,23136,807.6812040354517,666.1264991514238,969.1,642.9
21365,23137,807.6812040354517,666.1264991514238,969.1,642.9
21365,23138,807.6812040354517,666.1264991514238,969.1,642.9
21365,23139,807.6812040354517,666.1264991514238,969.1,642.9
21365,23140,807.6812040354517,666.1264991514238,969.1,642.9
21365,23141,807.6812040354517,666.1264991514238,969.1,642.9
21366,23142,807.6812040354517,666.1264991514238,969.1,642.9
21367,23143,807.6812040354517,666.1264991514238,969.1,642.9
21368,23144,807.6812040354517,666.1264991514238,969.1,642.9
21369,23145,807.6812040354517,666.1264991514238,969.1,642.9
21370,23146,807.6812040354517,666.1264991514238,969.1,642.9
21371,23147,807.6812040354517,666.1264991514238,969.1,642.9
21372,23148,807.6812040354517,666.1264991514238,969.1,642.9
21373,23149,807.6812040354517,666.1264991514238,969.1,642.9
21373,23150,807.6812040354517,666.1264991514238,969.1,642.9
21373,23151,807.6812040354517,666.1264991514238,969.1,642.9
21373,23152,807.6812040354517,666.1264991514238,969.1,642.9
21373,23153,807.6812040354517,666.1264991514238,969.1,642.9
21373,23154,807.6812040354517,666.1264991514238,969.1,642.9
21373,23155,807.6812040354517,666.1264991514238,969.1,642.9
21373,23156,807.6812040354517,666.1264991514238,969.1,642.9
21373,23157,807.6812040354517,666.1264991514238,969.1,642.9
21373,23158,807.6812040354517,666.1264991514238,969.1,642.9
21373,23159,807.6812040354517,666.1264991514238,969.1,642.9
21373,23160,807.6812040354517,666.1264991514238,969.1,642.9
21373,23161,807.6812040354517,666.1264991514238,969.1,642.9
21373,23162,807.6812040354517,666.1264991514238,969.1,642.9
21373,23163,747.6812040354517,642.1264991514238,969.1,642.9
21373,23164,747.6812040354517,642.1264991514238,969.1,642.9
21373,23165,747.6812040354517,642.1264991514238,969.1,642.9
21373,23166,747.6812040354517,642.1264991514238,969.1,642.9
21373,23167,747.6812040354517,642.1264991514238,969.1,642.9
21373,23168,747.6812040354517,642.1264991514238,969.1,642.9
21373,23169,747.6812040354517,642.1264991514238,969.1,642.9
21373,23170,747.6812040354517,642.1264991514238,969.1,642.9
21373,23171,747.6812040354517,642.1264991514238,969.1,642.9
21373,23172,747.6812040354517,642.1264991514238,969.1,642.9
21373,23173,747.6812040354517,642.1264991514238,969.1,642.9
21373,23174,747.6812040354517,642.1264991514238,969.1,642.9
21373,23175,747.6812040354517,642.1264991514238,969.1,642.9
21373,23176,747.6812040354517,642.1264991514238,969.1,642.9
21373,23177,747.6812040354517,642.1264991514238,969.1,642.9
21373,23178,747.6812040354517,642.1264991514238,969.1,642.9
21373,23179,747.6812040354517,642.1264991514238,969.1,642.9
21373,23180,747.6812040354517,642.1264991514238,969.1,642.9
21373,23181,747.6812040354517,642.1264991514238,969.1,642.9
21373,23182,747.6812040354517,642.1264991514238,969.1,642.9
21373,23183,747.6812040354517,642.1264991514238,969.1,642.9
21373,23184,747.6812040354517,642.1264991514238,969.1,642.9
21373,23185,747.6812040354517,642.1264991514238,969.1,642.9
21373,23186,747.6812040354517,642.1264991514238,969.1,642.9
21373,23187,747.6812040354517,642.1264991514238,969.1,642.9
21373,23188,747.6812040354517,642.1264991514238,969.1,642.9
21373,23189,747.6812040354517,642.1264991514238,969.1,642.9
21373,23190,747.6812040354517,642.1264991514238,969.1,642.9
21373,23191,747.6812040354517,642.1264991514238,969.1,642.9
21373,23192,747.6812040354517,642.1264991514238,969.1,642.9
21373,23193,747.6812040354517,642.1264991514238,969.1,642.9
21373,23194,747.6812040354517,642.1264991514238,969.1,642.9
21373,23195,747.6812040354517,642.1264991514238,969.1,642.9
21373,23196,687.6812040354517,619.1264991514238,969.1,642.9
21373,23197,687.6812040354517,619.1264991514238,969.1,642.9
21373,23198,687.6812040354517,619.1264991514238,969.1,642.9
21373,23199,687.6812040354517,619.1264991514238,969.1,642.9
21373,23200,687.6812040354517,619.1264991514238,969.1,642.9
21373,23201,687.6812040354517,619.1264991514238,969.1,642.9
21373,23202,687.6812040354517,619.1264991514238,969.1,642.9
21373,23203,687.6812040354517,619.1264991514238,969.1,642.9
21373,23204,687.6812040354517,619.1264991514238,969.1,642.9
21373,23205,687.6812040354517,619.1264991514238,969.1,642.9
21373,23206,687.6812040354517,619.1264991514238,969.1,642.9
21373,23207,687.6812040354517,619.1264991514238,969.1,642.9
21373,23208,687.6812040354517,619.1264991514238,969.1,642.9
21373,23209,687.6812040354517,619.1264991514238,969.1,642.9
21373,23210,687.6812040354517,619.1264991514238,969.1,642.9
21373,23211,687.6812040354517,619.1264991514238,969.1,642.9
21373,23212,687.6812040354517,619.1264991514238,969.1,642.9
21373,23213,687.6812040354517,619.1264991514238,969.1,642.9
21373,23214,687.6812040354517,619.1264991514238,969.1,642.9
21373,23215,687.6812040354517,619.1264991514238,969.1,642.9
21373,23216,687.6812040354517,619.1264991514238,969.1,642.9
21373,23217,687.6812040354517,619.1264991514238,969.1,642.9
21373,23218,687.6812040354517,619.1264991514238,969.1,642.9
21373,23219,687.6812040354517,619.1264991514238,969.1,642.9
21373,23220,687.6812040354517,619.1264991514238,969.1,642.9
21373,23221,687.6812040354517,619.1264991514238,969.1,642.9
21373,23222,687.6812040354517,619.1264991514238,969.1,642.9
21373,23223,687.6812040354517,619.1264991514238,969.1,642.9
21373,23224,687.6812040354517,619.1264991514238,969.1,642.9
21373,23225,687.6812040354517,619.1264991514238,969.1,642.9
21373,23226,687.6812040354517,619.1264991514238,969.1,642.9
21373,23227,687.6812040354517,619.1264991514238,969.1,642.9
21373,23228,687.6812040354517,619.1264991514238,969.1,642.9
21373,23229,687.6812040354517,619.1264991514238,969.1,642.9
21373,23230,687.6812040354517,619.1264991514238,969.1,642.9
21373,23231,687.6812040354517,619.1264991514238,969.1,642.9
21373,23232,687.6812040354517,619.1264991514238,969.1,642.9
21373,23233,687.6812040354517,619.1264991514238,969.1,642.9
21373,23234,687.6812040354517,619.1264991514238,969.1,642.9
21373,23235,687.6812040354517,619.1264991514238,969.1,642.9
21373,23236,687.6812040354517,619.1264991514238,969.1,642.9
21373,23237,687.6812040354517,619.1264991514238,969.1,642.9
21373,23238,687.6812040354517,619.1264991514238,969.1,642.9
21373,23239,687.6812040354517,619.1264991514238,969.1,642.9
21373,23240,687.6812040354517,619.1264991514238,969.1,642.9
21373,23241,687.6812040354517,619.1264991514238,969.1,642.9
21373,23242,687.6812040354517,619.1264991514238,969.1,642.9
21373,23243,687.6812040354517,619.1264991514238,969.1,642.9
21373,23244,687.6812040354517,619.1264991514238,969.1,642.9
21373,23245,687.6812040354517,619.1264991514238,969.1,642.9
21373,23246,687.6812040354517,619.1264991514238,969.1,642.9
21373,23247,687.6812040354517,619.1264991514238,969.1,642.9
21373,23248,687.6812040354517,619.1264991514238,969.1,642.9
21373,23249,687.6812040354517,619.1264991514238,969.1,642.9
21373,23250,687.6812040354517,619.1264991514238,969.1,642.9
21373,23251,687.6812040354517,619.1264991514238,969.1,642.9
21373,23252,687.6812040354517,619.1264991514238,969.1,642.9
21373,23253,687.6812040354517,619.1264991514238,969.1,642.9
21373,23254,687.6812040354517,619.1264991514238,969.1,642.9
21373,23255,687.6812040354517,619.1264991514238,969.1,642.9
21373,23256,687.6812040354517,619.1264991514238,969.1,642.9
21373,23257,687.6812040354517,619.1264991514238,969.1,642.9
21373,23258,687.6812040354517,619.1264991514238,969.1,642.9
21373,23259,687.6812040354517,619.1264991514238,969.1,642.9
21373,23260,687.6812040354517,619.1264991514238,969.1,642.9
21373,23261,687.6812040354517,619.1264991514238,969.1,642.9
21373,23262,687.6812040354517,619.1264991514238,969.1,642.9
21373,23263,687.6812040354517,619.1264991514238,969.1,642.9
21373,23264,687.6812040354517,619.1264991514238,969.1,642.9
21373,23265,687.6812040354517,619.1264991514238,969.1,642.9
21373,23266,687.6812040354517,619.1264991514238,969.1,642.9
21373,23267,687.6812040354517,619.1264991514238,969.1,642.9
21373,23268,687.6812040354517,619.1264991514238,969.1,642.9
21373,23269,687.6812040354517,619.1264991514238,969.1,642.9
21373,23270,687.6812040354517,619.1264991514238,969.1,642.9
21373,23271,687.6812040354517,619.1264991514238,969.1,642.9
21373,23272,687.6812040354517,619.1264991514238,969.1,642.9
21373,23273,687.6812040354517,619.1264991514238,969.1,642.9
21373,23274,687.6812040354517,619.1264991514238,969.1,642.9
21373,23275,687.6812040354517,619.1264991514238,969.1,642.9
21373,23276,687.6812040354517,619.1264991514238,969.1,642.9
21373,23277,687.6812040354517,619.1264991514238,969.1,642.9
21373,23278,687.6812040354517,619.1264991514238,969.1,642.9
21373,23279,687.6812040354517,619.1264991514238,969.1,642.9
21373,23280,687.6812040354517,619.1264991514238,969.1,642.9
21373,23281,687.6812040354517,619.1264991514238,969.1,642.9
21373,23282,687.6812040354517,619.1264991514238,969.1,642.9
21373,23283,687.6812040354517,619.1264991514238,969.1,642.9
21373,23284,687.6812040354517,619.1264991514238,969.1,642.9
21373,23285,687.6812040354517,619.1264991514238,969.1,642.9
21373,23286,687.6812040354517,619.1264991514238,969.1,642.9
21373,23287,687.6812040354517,619.1264991514238,969.1,642.9
21373,23288,687.6812040354517,619.1264991514238,969.1,642.9
21373,23289,687.6812040354517,619.1264991514238,969.1,642.9
21373,23290,687.6812040354517,619.1264991514238,969.1,642.9
21373,23291,687.6812040354517,619.1264991514238,969.1,642.9
21373,23292,687.6812040354517,619.1264991514238,969.1,642.9
21373,23293,687.6812040354517,619.1264991514238,969.1,642.9
21373,23294,687.6812040354517,619.1264991514238,969.1,642.9
21373,23295,687.6812040354517,619.1264991514238,969.1,642.9
21373,23296,687.6812040354517,619.1264991514238,969.1,642.9
21373,23297,687.6812040354517,619.1264991514238,969.1,642.9
21373,23298,687.6812040354517,619.1264991514238,969.1,642.9
21373,23299,687.6812040354517,619.1264991514238,969.1,642.9
21373,23300,687.6812040354517,619.1264991514238,969.1,642.9
21373,23301,687.6812040354517,619.1264991514238,969.1,642.9
21373,23302,687.6812040354517,619.1264991514238,969.1,642.9
21373,23303,687.6812040354517,619.1264991514238,969.1,642.9
21373,23304,687.6812040354517,619.1264991514238,969.1,642.9
21373,23305,687.6812040354517,619.1264991514238,969.1,642.9
21373,23306,687.6812040354517,619.1264991514238,969.1,642.9
21373,23307,687.6812040354517,619.1264991514238,969.1,642.9
21373,23308,687.6812040354517,619.1264991514238,969.1,642.9
21373,23309,687.6812040354517,619.1264991514238,969.1,642.9
21373,23310,687.6812040354517,619.1264991514238,969.1,642.9
21373,23311,687.6812040354517,619.1264991514238,969.1,642.9
21373,23312,687.6812040354517,619.1264991514238,969.1,642.9
21373,23313,687.6812040354517,619.1264991514238,969.1,642.9
21373,23314,687.6812040354517,619.1264991514238,969.1,642.9
21373,23315,687.6812040354517,619.1264991514238,969.1,642.9
21373,23316,687.6812040354517,619.1264991514238,969.1,642.9
21373,23317,687.6812040354517,619.1264991514238,969.1,642.9
21373,23318,687.6812040354517,619.1264991514238,969.1,642.9
21373,23319,687.6812040354517,619.1264991514238,969.1,642.9
21373,23320,687.6812040354517,619.1264991514238,969.1,642.9
21373,23321,687.6812040354517,619.1264991514238,969.1,642.9
21373,23322,687.6812040354517,619.1264991514238,969.1,642.9
21373,23323,687.6812040354517,619.1264991514238,969.1,642.9
21373,23324,687.6812040354517,619.1264991514238,969.1,642.9
21373,23325,687.6812040354517,619.1264991514238,969.1,642.9
21373,23326,687.6812040354517,619.1264991514238,969.1,642.9
21373,23327,687.6812040354517,619.1264991514238,969.1,642.9
21373,23328,687.6812040354517,619.1264991514238,969.1,642.9
21373,23329,687.6812040354517,619.1264991514238,969.1,642.9
21373,23330,687.6812040354517,619.1264991514238,969.1,642.9
21373,23331,687.6812040354517,619.1264991514238,969.1,642.9
21373,23332,687.6812040354517,619.1264991514238,969.1,642.9
21373,23333,687.6812040354517,619.1264991514238,969.1,642.9
21373,23334,687.6812040354517,619.1264991514238,969.1,642.9
21373,23335,687.6812040354517,619.1264991514238,969.1,642.9
21373,23336,687.6812040354517,619.1264991514238,969.1,642.9
21373,23337,687.6812040354517,619.1264991514238,969.1,642.9
21373,23338,687.6812040354517,619.1264991514238,969.1,642.9
21373,23339,687.6812040354517,619.1264991514238,969.1,642.9
21373,23340,687.6812040354517,619.1264991514238,969.1,642.9
21373,23341,687.6812040354517,619.1264991514238,969.1,642.9
21373,23342,687.6812040354517,619.1264991514238,969.1,642.9
21373,23343,687.6812040354517,619.1264991514238,969.1,642.9
21373,23344,687.6812040354517,619.1264991514238,969.1,642.9
21373,23345,687.6812040354517,619.1264991514238,969.1,642.9
21373,23346,687.6812040354517,619.1264991514238,969.1,642.9
21373,23347,687.6812040354517,619.1264991514238,969.1,642.9
21373,23348,687.6812040354517,619.1264991514238,969.1,642.9
21373,23349,687.6812040354517,619.1264991514238,969.1,642.9
21373,23350,687.6812040354517,619.1264991514238,969.1,642.9
21373,23351,687.6812040354517,619.1264991514238,969.1,642.9
21373,23352,687.6812040354517,619.1264991514238,969.1,642.9
21373,23353,687.6812040354517,619.1264991514238,969.1,642.9
21373,23354,687.6812040354517,619.1264991514238,969.1,642.9
21373,23355,687.6812040354517,619.1264991514238,969.1,642.9
21373,23356,687.6812040354517,619.1264991514238,969.1,642.9
21373,23357,687.6812040354517,619.1264991514238,969.1,642.9
21373,23358,687.6812040354517,619.1264991514238,969.1,642.9
21373,23359,687.6812040354517,619.1264991514238,969.1,642.9
21373,23360,687.6812040354517,619.1264991514238,969.1,642.9
21373,23361,687.6812040354517,619.1264991514238,969.1,642.9
21373,23362,687.6812040354517,619.1264991514238,969.1,642.9
21373,23363,687.6812040354517,619.1264991514238,969.1,642.9
21373,23364,687.6812040354517,619.1264991514238,969.1,642.9
21373,23365,687.6812040354517,619.1264991514238,969.1,642.9
21373,23366,687.6812040354517,619.1264991514238,969.1,642.9
21373,23367,687.6812040354517,619.1264991514238,969.1,642.9
21373,23368,687.6812040354517,619.1264991514238,969.1,642.9
21373,23369,687.6812040354517,619.1264991514238,969.1,642.9
21373,23370,687.6812040354517,619.1264991514238,969.1,642.9
21373,23371,687.6812040354517,619.1264991514238,969.1,642.9
21373,23372,687.6812040354517,619.1264991514238,969.1,642.9
21373,23373,687.6812040354517,619.1264991514238,969.1,642.9
21373,23374,687.6812040354517,619.1264991514238,969.1,642.9
21373,23375,687.6812040354517,619.1264991514238,969.1,642.9
21373,23376,687.6812040354517,619.1264991514238,969.1,642.9
21373,23377,687.6812040354517,619.1264991514238,969.1,642.9
21373,23378,687.6812040354517,619.1264991514238,969.1,642.9
21373,23379,687.6812040354517,619.1264991514238,969.1,642.9
21373,23380,687.6812040354517,619.1264991514238,969.1,642.9
21373,23381,687.6812040354517,619.1264991514238,969.1,642.9
21373,23382,687.6812040354517,619.1264991514238,969.1,642.9
21373,23383,687.6812040354517,619.1264991514238,969.1,642.9
21373,23384,687.6812040354517,619.1264991514238,969.1,642.9
21373,23385,687.6812040354517,619.1264991514238,969.1,642.9
21373,23386,687.6812040354517,619.1264991514238,969.1,642.9
21373,23387,687.6812040354517,619.1264991514238,969.1,642.9
21373,23388,687.6812040354517,619.1264991514238,969.1,642.9
21373,23389,687.6812040354517,619.1264991514238,969.1,642.9
21373,23390,687.6812040354517,619.1264991514238,969.1,642.9
21373,23391,687.6812040354517,619.1264991514238,969.1,642.9
21373,23392,687.6812040354517,619.1264991514238,969.1,642.9
21373,23393,687.6812040354517,619.1264991514238,969.1,642.9
21373,23394,687.6812040354517,619.1264991514238,969.1,642.9
21373,23395,687.6812040354517,619.1264991514238,969.1,642.9
21373,23396,687.6812040354517,619.1264991514238,969.1,642.9
21373,23397,687.6812040354517,619.1264991514238,969.1,642.9
21373,23398,687.6812040354517,619.1264991514238,969.1,642.9
21373,23399,687.6812040354517,619.1264991514238,969.1,642.9
21373,23400,687.6812040354517,619.1264991514238,969.1,642.9
21373,23401,687.6812040354517,619.1264991514238,969.1,642.9
21373,23402,687.6812040354517,619.1264991514238,969.1,642.9
21373,23403,687.6812040354517,619.1264991514238,969.1,642.9
21373,23404,687.6812040354517,619.1264991514238,969.1,642.9
21373,23405,687.6812040354517,619.1264991514238,969.1,642.9
21373,23406,687.6812040354517,619.1264991514238,969.1,642.9
21373,23407,687.6812040354517,619.1264991514238,969.1,642.9
21373,23408,687.6812040354517,619.1264991514238,969.1,642.9
21373,23409,687.6812040354517,619.1264991514238,969.1,642.9
21373,23410,687.6812040354517,619.1264991514238,969.1,642.9
21373,23411,687.6812040354517,619.1264991514238,969.1,642.9
21373,23412,687.6812040354517,619.1264991514238,969.1,642.9
21373,23413,687.6812040354517,619.1264991514238,969.1,642.9
21373,23414,687.6812040354517,619.1264991514238,969.1,642.9
21373,23415,687.6812040354517,619.1264991514238,969.1,642.9
21373,23416,687.6812040354517,619.1264991514238,969.1,642.9
21373,23417,687.6812040354517,619.1264991514238,969.1,642.9
21373,23418,687.6812040354517,619.1264991514238,969.1,642.9
21373,23419,687.6812040354517,619.1264991514238,969.1,642.9
21373,23420,687.6812040354517,619.1264991514238,969.1,642.9
21373,23421,687.6812040354517,619.1264991514238,969.1,642.9
21373,23422,687.6812040354517,619.1264991514238,969.1,642.9
21373,23423,687.6812040354517,619.1264991514238,969.1,642.9
21373,23424,687.6812040354517,619.1264991514238,969.1,642.9
21373,23425,687.6812040354517,619.1264991514238,969.1,642.9
21373,23426,687.6812040354517,619.1264991514238,969.1,642.9
21373,23427,687.6812040354517,619.1264991514238,969.1,642.9
21373,23428,687.6812040354517,619.1264991514238,969.1,642.9
21373,23429,687.6812040354517,619.1264991514238,969.1,642.9
21373,23430,687.6812040354517,619.1264991514238,969.1,642.9
21373,23431,687.6812040354517,619.1264991514238,969.1,642.9
21373,23432,687.6812040354517,619.1264991514238,969.1,642.9
21373,23433,687.6812040354517,619.1264991514238,969.1,642.9
21373,23434,687.6812040354517,619.1264991514238,969.1,642.9
21373,23435,687.6812040354517,619.1264991514238,969.1,642.9
21373,23436,687.6812040354517,619.1264991514238,969.1,642.9
21373,23437,687.6812040354517,619.1264991514238,969.1,642.9
21373,23438,687.6812040354517,619.1264991514238,969.1,642.9
21373,23439,687.6812040354517,619.1264991514238,969.1,642.9
21373,23440,687.6812040354517,619.1264991514238,969.1,642.9
21373,23441,687.6812040354517,619.1264991514238,969.1,642.9
21373,23442,687.6812040354517,619.1264991514238,969.1,642.9
21373,23443,687.6812040354517,619.1264991514238,969.1,642.9
21373,23444,687.6812040354517,619.1264991514238,969.1,642.9
21373,23445,687.6812040354517,619.1264991514238,969.1,642.9
21373,23446,687.6812040354517,619.1264991514238,969.1,642.9
21373,23447,687.6812040354517,619.1264991514238,969.1,642.9
21373,23448,687.6812040354517,619.1264991514238,969.1,642.9
21373,23449,687.6812040354517,619.1264991514238,969.1,642.9
21373,23450,687.6812040354517,619.1264991514238,969.1,642.9
21373,23451,687.6812040354517,619.1264991514238,969.1,642.9
21373,23452,687.6812040354517,619.1264991514238,969.1,642.9
21373,23453,687.6812040354517,619.1264991514238,969.1,642.9
21373,23454,687.6812040354517,619.1264991514238,969.1,642.9
21373,23455,687.6812040354517,619.1264991514238,969.1,642.9
21373,23456,687.6812040354517,619.1264991514238,969.1,642.9
21373,23457,687.6812040354517,619.1264991514238,969.1,642.9
21373,23458,687.6812040354517,619.1264991514238,969.1,642.9
21373,23459,687.6812040354517,619.1264991514238,969.1,642.9
21373,23460,687.6812040354517,619.1264991514238,969.1,642.9
21373,23461,687.6812040354517,619.1264991514238,969.1,642.9
21373,23462,687.6812040354517,619.1264991514238,969.1,642.9
21373,23463,687.6812040354517,619.1264991514238,969.1,642.9
21373,23464,687.6812040354517,619.1264991514238,969.1,642.9
21373,23465,687.6812040354517,619.1264991514238,969.1,642.9
21373,23466,687.6812040354517,619.1264991514238,969.1,642.9
21373,23467,687.6812040354517,619.1264991514238,969.1,642.9
21373,23468,687.6812040354517,619.1264991514238,969.1,642.9
21373,23469,687.6812040354517,619.1264991514238,969.1,642.9
21373,23470,687.6812040354517,619.1264991514238,969.1,642.9
21373,23471,687.6812040354517,619.1264991514238,969.1,642.9
21373,23472,687.6812040354517,619.1264991514238,969.1,642.9
21373,23473,687.6812040354517,619.1264991514238,969.1,642.9
21373,23474,687.6812040354517,619.1264991514238,969.1,642.9
21373,23475,687.6812040354517,619.1264991514238,969.1,642.9
21373,23476,687.6812040354517,619.1264991514238,969.1,642.9
21373,23477,687.6812040354517,619.1264991514238,969.1,642.9
21373,23478,687.6812040354517,619.1264991514238,969.1,642.9
21373,23479,687.6812040354517,619.1264991514238,969.1,642.9
21373,23480,687.6812040354517,619.1264991514238,969.1,642.9
21373,23481,687.6812040354517,619.1264991514238,969.1,642.9
21373,23482,687.6812040354517,619.1264991514238,969.1,642.9
21373,23483,687.6812040354517,619.1264991514238,969.1,642.9
21373,23484,687.6812040354517,619.1264991514238,969.1,642.9
21373,23485,687.6812040354517,619.1264991514238,969.1,642.9
21373,23486,687.6812040354517,619.1264991514238,969.1,642.9
21373,23487,687.6812040354517,619.1264991514238,969.1,642.9
21373,23488,687.6812040354517,619.1264991514238,969.1,642.9
21373,23489,687.6812040354517,619.1264991514238,969.1,642.9
21373,23490,687.6812040354517,619.1264991514238,969.1,642.9
21373,23491,687.6812040354517,619.1264991514238,969.1,642.9
21373,23492,687.6812040354517,619.1264991514238,969.1,642.9
21373,23493,687.6812040354517,619.1264991514238,969.1,642.9
21373,23494,687.6812040354517,619.1264991514238,969.1,642.9
21373,23495,687.6812040354517,619.1264991514238,969.1,642.9
21373,23496,687.6812040354517,619.1264991514238,969.1,642.9
21373,23497,687.6812040354517,619.1264991514238,969.1,642.9
21373,23498,687.6812040354517,619.1264991514238,969.1,642.9
21373,23499,687.6812040354517,619.1264991514238,969.1,642.9
21373,23500,687.6812040354517,619.1264991514238,969.1,642.9
21373,23501,687.6812040354517,619.1264991514238,969.1,642.9
21373,23502,687.6812040354517,619.1264991514238,969.1,642.9
21373,23503,687.6812040354517,619.1264991514238,969.1,642.9
21373,23504,687.6812040354517,619.1264991514238,969.1,642.9
21373,23505,687.6812040354517,619.1264991514238,969.1,642.9
21373,23506,687.6812040354517,619.1264991514238,969.1,642.9
21373,23507,687.6812040354517,619.1264991514238,969.1,642.9
21373,23508,687.6812040354517,619.1264991514238,969.1,642.9
21373,23509,687.6812040354517,619.1264991514238,969.1,642.9
21373,23510,687.6812040354517,619.1264991514238,969.1,642.9
21373,23511,687.6812040354517,619.1264991514238,969.1,642.9
21373,23512,687.6812040354517,619.1264991514238,969.1,642.9
21373,23513,687.6812040354517,619.1264991514238,969.1,642.9
21373,23514,687.6812040354517,619.1264991514238,969.1,642.9
21373,23515,687.6812040354517,619.1264991514238,969.1,642.9
21373,23516,687.6812040354517,619.1264991514238,969.1,642.9
21373,23517,687.6812040354517,619.1264991514238,969.1,642.9
21373,23518,687.6812040354517,619.1264991514238,969.1,642.9
21373,23519,687.6812040354517,619.1264991514238,969.1,642.9
21373,23520,687.6812040354517,619.1264991514238,969.1,642.9
21373,23521,687.6812040354517,619.1264991514238,969.1,642.9
21373,23522,687.6812040354517,619.1264991514238,969.1,642.9
21373,23523,687.6812040354517,619.1264991514238,969.1,642.9
21373,23524,687.6812040354517,619.1264991514238,969.1,642.9
21373,23525,687.6812040354517,619.1264991514238,969.1,642.9
21373,23526,687.6812040354517,619.1264991514238,969.1,642.9
21373,23527,687.6812040354517,619.1264991514238,969.1,642.9
21373,23528,687.6812040354517,619.1264991514238,969.1,642.9
21373,23529,687.6812040354517,619.1264991514238,969.1,642.9
21373,23530,687.6812040354517,619.1264991514238,969.1,642.9
21373,23531,687.6812040354517,619.1264991514238,969.1,642.9
21373,23532,687.6812040354517,619.1264991514238,969.1,642.9
21373,23533,687.6812040354517,619.1264991514238,969.1,642.9
21373,23534,687.6812040354517,619.1264991514238,969.1,642.9
21373,23535,687.6812040354517,619.1264991514238,969.1,642.9
21373,23536,687.6812040354517,619.1264991514238,969.1,642.9
21373,23537,687.6812040354517,619.1264991514238,969.1,642.9
21373,23538,687.6812040354517,619.1264991514238,969.1,642.9
21373,23539,687.6812040354517,619.1264991514238,969.1,642.9
21373,23540,687.6812040354517,619.1264991514238,969.1,642.9
21373,23541,687.6812040354517,619.1264991514238,969.1,642.9
21373,23542,687.6812040354517,619.1264991514238,969.1,642.9
21373,23543,687.6812040354517,619.1264991514238,969.1,642.9
21373,23544,687.6812040354517,619.1264991514238,969.1,642.9
21373,23545,687.6812040354517,619.1264991514238,969.1,642.9
21373,23546,687.6812040354517,619.1264991514238,969.1,642.9
21373,23547,687.6812040354517,619.1264991514238,969.1,642.9
21373,23548,687.6812040354517,619.1264991514238,969.1,642.9
21373,23549,687.6812040354517,619.1264991514238,969.1,642.9
21373,23550,687.6812040354517,619.1264991514238,969.1,642.9
21373,23551,687.6812040354517,619.1264991514238,969.1,642.9
21373,23552,687.6812040354517,619.1264991514238,969.1,642.9
21373,23553,687.6812040354517,619.1264991514238,969.1,642.9
21373,23554,687.6812040354517,619.1264991514238,969.1,642.9
21373,23555,687.6812040354517,619.1264991514238,969.1,642.9
21373,23556,687.6812040354517,619.1264991514238,969.1,642.9
21373,23557,687.6812040354517,619.1264991514238,969.1,642.9
21373,23558,687.6812040354517,619.1264991514238,969.1,642.9
21373,23559,687.6812040354517,619.1264991514238,969.1,642.9
21373,23560,687.6812040354517,619.1264991514238,969.1,642.9
21373,23561,687.6812040354517,619.1264991514238,969.1,642.9
21373,23562,687.6812040354517,619.1264991514238,969.1,642.9
21373,23563,687.6812040354517,619.1264991514238,969.1,642.9
21373,23564,687.6812040354517,619.1264991514238,969.1,642.9
21373,23565,687.6812040354517,619.1264991514238,969.1,642.9
21374,23566,687.6812040354517,619.1264991514238,969.1,642.9
21375,23567,687.6812040354517,619.1264991514238,969.1,642.9
21376,23568,687.6812040354517,619.1264991514238,969.1,642.9
21377,23569,687.6812040354517,619.1264991514238,969.1,642.9
21378,23570,687.6812040354517,619.1264991514238,969.1,642.9
21379,23571,687.6812040354517,619.1264991514238,969.1,642.9
21380,23572,687.6812040354517,619.1264991514238,969.1,642.9
21381,23573,687.6812040354517,619.1264991514238,969.1,642.9
21382,23574,687.6812040354517,619.1264991514238,969.1,642.9
21383,23575,687.6812040354517,619.1264991514238,969.1,642.9
21384,23576,687.6812040354517,619.1264991514238,969.1,642.9
21385,23577,687.6812040354517,619.1264991514238,969.1,642.9
21386,23578,687.6812040354517,619.1264991514238,969.1,642.9
21387,23579,687.6812040354517,619.1264991514238,969.1,642.9
21388,23580,687.6812040354517,619.1264991514238,969.1,642.9
21389,23581,687.6812040354517,619.1264991514238,969.1,642.9
21390,23582,687.6812040354517,619.1264991514238,969.1,642.9
21391,23583,687.6812040354517,619.1264991514238,969.1,642.9
21392,23584,687.6812040354517,619.1264991514238,969.1,642.9
21393,23585,687.6812040354517,619.1264991514238,969.1,642.9
21394,23586,687.6812040354517,619.1264991514238,969.1,642.9
21395,23587,687.6812040354517,619.1264991514238,969.1,642.9
21396,23588,687.6812040354517,619.1264991514238,969.1,642.9
21397,23589,687.6812040354517,619.1264991514238,969.1,642.9
21398,23590,687.6812040354517,619.1264991514238,969.1,642.9
21399,23591,687.6812040354517,619.1264991514238,969.1,642.9
21400,23592,687.6812040354517,619.1264991514238,969.1,642.9
21401,23593,687.6812040354517,619.1264991514238,969.1,642.9
21402,23594,687.6812040354517,619.1264991514238,969.1,642.9
21403,23595,687.6812040354517,619.1264991514238,969.1,642.9
21404,23596,687.6812040354517,619.1264991514238,969.1,642.9
21405,23597,687.6812040354517,619.1264991514238,969.1,642.9
21406,23598,687.6812040354517,619.1264991514238,969.1,642.9
21407,23599,687.6812040354517,619.1264991514238,969.1,642.9
21408,23600,687.6812040354517,619.1264991514238,969.1,642.9
21409,23601,687.6812040354517,619.1264991514238,969.1,642.9
21410,23602,687.6812040354517,619.1264991514238,969.1,642.9
21411,23603,687.6812040354517,619.1264991514238,969.1,642.9
21412,23604,687.6812040354517,619.1264991514238,969.1,642.9
21413,23605,687.6812040354517,619.1264991514238,969.1,642.9
21414,23606,687.6812040354517,619.1264991514238,969.1,642.9
21415,23607,687.6812040354517,619.1264991514238,969.1,642.9
21416,23608,687.6812040354517,619.1264991514238,969.1,642.9
21417,23609,687.6812040354517,619.1264991514238,969.1,642.9
21418,23610,687.6812040354517,619.1264991514238,969.1,642.9
21419,23611,687.6812040354517,619.1264991514238,969.1,642.9
21420,23612,687.6812040354517,619.1264991514238,969.1,642.9
21421,23613,687.6812040354517,619.1264991514238,969.1,642.9
21422,23614,687.6812040354517,619.1264991514238,969.1,642.9
21423,23615,687.6812040354517,619.1264991514238,969.1,642.9
21424,23616,687.6812040354517,619.1264991514238,969.1,642.9
21425,23617,687.6812040354517,619.1264991514238,969.1,642.9
21426,23618,687.6812040354517,619.1264991514238,969.1,642.9
21427,23619,687.6812040354517,619.1264991514238,969.1,642.9
21428,23620,687.6812040354517,619.1264991514238,969.1,642.9
21429,23621,687.6812040354517,619.1264991514238,969.1,642.9
21430,23622,687.6812040354517,619.1264991514238,969.1,642.9
21431,23623,687.6812040354517,619.1264991514238,969.1,642.9
21432,23624,687.6812040354517,619.1264991514238,969.1,642.9
21433,23625,687.6812040354517,619.1264991514238,969.1,642.9
21434,23626,687.6812040354517,619.1264991514238,969.1,642.9
21435,23627,687.6812040354517,619.1264991514238,969.1,642.9
21436,23628,687.6812040354517,619.1264991514238,969.1,642.9
21437,23629,687.6812040354517,619.1264991514238,969.1,642.9
21438,23630,687.6812040354517,619.1264991514238,969.1,642.9
21439,23631,687.6812040354517,619.1264991514238,969.1,642.9
21440,23632,687.6812040354517,619.1264991514238,969.1,642.9
21441,23633,687.6812040354517,619.1264991514238,969.1,642.9
21442,23634,687.6812040354517,619.1264991514238,969.1,642.9
21443,23635,687.6812040354517,619.1264991514238,969.1,642.9
21444,23636,687.6812040354517,619.1264991514238,969.1,642.9
21445,23637,687.6812040354517,619.1264991514238,969.1,642.9
21446,23638,687.6812040354517,619.1264991514238,969.1,642.9
21447,23639,687.6812040354517,619.1264991514238,969.1,642.9
21448,23640,687.6812040354517,619.1264991514238,969.1,642.9
21449,23641,687.6812040354517,619.1264991514238,969.1,642.9
21450,23642,687.6812040354517,619.1264991514238,969.1,642.9
21451,23643,687.6812040354517,619.1264991514238,969.1,642.9
21452,23644,687.6812040354517,619.1264991514238,969.1,642.9
21453,23645,687.6812040354517,619.1264991514238,969.1,642.9
21454,23646,687.6812040354517,619.1264991514238,969.1,642.9
21455,23647,687.6812040354517,619.1264991514238,969.1,642.9
21456,23648,687.6812040354517,619.1264991514238,969.1,642.9
21457,23649,687.6812040354517,619.1264991514238,969.1,642.9
21458,23650,687.6812040354517,619.1264991514238,969.1,642.9
21459,23651,687.6812040354517,619.1264991514238,969.1,642.9
21460,23652,687.6812040354517,619.1264991514238,969.1,642.9
21461,23653,687.6812040354517,619.1264991514238,969.1,642.9
21462,23654,687.6812040354517,619.1264991514238,969.1,642.9
21463,23655,687.6812040354517,619.1264991514238,969.1,642.9
21464,23656,687.6812040354517,619.1264991514238,969.1,642.9
21465,23657,687.6812040354517,619.1264991514238,969.1,642.9
21466,23658,687.6812040354517,619.1264991514238,969.1,642.9
21467,23659,687.6812040354517,619.1264991514238,969.1,642.9
21468,23660,687.6812040354517,619.1264991514238,969.1,642.9
21469,23661,687.6812040354517,619.1264991514238,969.1,642.9
21470,23662,687.6812040354517,619.1264991514238,969.1,642.9
21471,23663,687.6812040354517,619.1264991514238,969.1,642.9
21472,23664,687.6812040354517,619.1264991514238,969.1,642.9
21473,23665,687.6812040354517,619.1264991514238,969.1,642.9
21474,23666,687.6812040354517,619.1264991514238,969.1,642.9
21475,23667,687.6812040354517,619.1264991514238,969.1,642.9
21476,23668,687.6812040354517,619.1264991514238,969.1,642.9
21477,23669,687.6812040354517,619.1264991514238,969.1,642.9
21478,23670,687.6812040354517,619.1264991514238,969.1,642.9
21479,23671,687.6812040354517,619.1264991514238,969.1,642.9
21480,23672,687.6812040354517,619.1264991514238,969.1,642.9
21481,23673,687.6812040354517,619.1264991514238,969.1,642.9
21482,23674,687.6812040354517,619.1264991514238,969.1,642.9
21483,23675,687.6812040354517,619.1264991514238,969.1,642.9
21484,23676,687.6812040354517,619.1264991514238,969.1,642.9
21485,23677,687.6812040354517,619.1264991514238,969.1,642.9
21486,23678,687.6812040354517,619.1264991514238,969.1,642.9
21487,23679,687.6812040354517,619.1264991514238,969.1,642.9
21488,23680,687.6812040354517,619.1264991514238,969.1,642.9
21489,23681,687.6812040354517,619.1264991514238,969.1,642.9
21490,23682,687.6812040354517,619.1264991514238,969.1,642.9
21491,23683,687.6812040354517,619.1264991514238,969.1,642.9
21492,23684,687.6812040354517,619.1264991514238,969.1,642.9
21493,23685,687.6812040354517,619.1264991514238,969.1,642.9
21494,23686,687.6812040354517,619.1264991514238,969.1,642.9
21495,23687,687.6812040354517,619.1264991514238,969.1,642.9
21496,23688,687.6812040354517,619.1264991514238,969.1,642.9
21497,23689,687.6812040354517,619.1264991514238,969.1,642.9
21498,23690,687.6812040354517,619.1264991514238,969.1,642.9
21499,23691,687.6812040354517,619.1264991514238,969.1,642.9
21500,23692,687.6812040354517,619.1264991514238,969.1,642.9
21501,23693,687.6812040354517,619.1264991514238,969.1,642.9
21502,23694,687.6812040354517,619.1264991514238,969.1,642.9
21503,23695,687.6812040354517,619.1264991514238,969.1,642.9
21504,23696,687.6812040354517,619.1264991514238,969.1,642.9
21505,23697,687.6812040354517,619.1264991514238,969.1,642.9
21506,23698,687.6812040354517,619.1264991514238,969.1,642.9
21507,23699,687.6812040354517,619.1264991514238,969.1,642.9
21508,23700,687.6812040354517,619.1264991514238,969.1,642.9
21509,23701,687.6812040354517,619.1264991514238,969.1,642.9
21510,23702,687.6812040354517,619.1264991514238,969.1,642.9
21511,23703,687.6812040354517,619.1264991514238,969.1,642.9
21512,23704,687.6812040354517,619.1264991514238,969.1,642.9
21513,23705,687.6812040354517,619.1264991514238,969.1,642.9
21514,23706,687.6812040354517,619.1264991514238,969.1,642.9
21515,23707,687.6812040354517,619.1264991514238,969.1,642.9
21516,23708,687.6812040354517,619.1264991514238,969.1,642.9
21517,23709,687.6812040354517,619.1264991514238,969.1,642.9
21518,23710,687.6812040354517,619.1264991514238,969.1,642.9
21519,23711,687.6812040354517,619.1264991514238,969.1,642.9
21520,23712,687.6812040354517,619.1264991514238,969.1,642.9
21521,23713,687.6812040354517,619.1264991514238,969.1,642.9
21522,23714,687.6812040354517,619.1264991514238,969.1,642.9
21523,23715,687.6812040354517,619.1264991514238,969.1,642.9
21524,23716,687.6812040354517,619.1264991514238,969.1,642.9
21525,23717,687.6812040354517,619.1264991514238,969.1,642.9
21526,23718,687.6812040354517,619.1264991514238,969.1,642.9
21527,23719,687.6812040354517,619.1264991514238,969.1,642.9
21528,23720,687.6812040354517,619.1264991514238,969.1,642.9
21529,23721,687.6812040354517,619.1264991514238,969.1,642.9
21530,23722,687.6812040354517,619.1264991514238,969.1,642.9
21531,23723,687.6812040354517,619.1264991514238,969.1,642.9
21532,23724,687.6812040354517,619.1264991514238,969.1,642.9
21532,23725,687.6812040354517,619.1264991514238,969.1,642.9
21532,23726,687.6812040354517,619.1264991514238,969.1,642.9
21532,23727,687.6812040354517,619.1264991514238,969.1,642.9
21532,23728,687.6812040354517,619.1264991514238,969.1,642.9
21532,23729,687.6812040354517,619.1264991514238,969.1,642.9
21532,23730,687.6812040354517,619.1264991514238,969.1,642.9
21532,23731,687.6812040354517,619.1264991514238,969.1,642.9
21532,23732,687.6812040354517,619.1264991514238,969.1,642.9
21532,23733,687.6812040354517,619.1264991514238,969.1,642.9
21532,23734,687.6812040354517,619.1264991514238,969.1,642.9
21532,23735,687.6812040354517,619.1264991514238,969.1,642.9
21532,23736,687.6812040354517,619.1264991514238,969.1,642.9
21532,23737,687.6812040354517,619.1264991514238,969.1,642.9
21532,23738,687.6812040354517,619.1264991514238,969.1,642.9
21532,23739,687.6812040354517,619.1264991514238,969.1,642.9
21532,23740,687.6812040354517,619.1264991514238,969.1,642.9
21532,23741,687.6812040354517,619.1264991514238,969.1,642.9
21532,23742,687.6812040354517,619.1264991514238,969.1,642.9
21532,23743,687.6812040354517,619.1264991514238,969.1,642.9
21532,23744,687.6812040354517,619.1264991514238,969.1,642.9
21532,23745,687.6812040354517,619.1264991514238,969.1,642.9
21532,23746,687.6812040354517,619.1264991514238,969.1,642.9
21532,23747,687.6812040354517,619.1264991514238,969.1,642.9
21532,23748,687.6812040354517,619.1264991514238,969.1,642.9
21532,23749,687.6812040354517,619.1264991514238,969.1,642.9
21532,23750,687.6812040354517,619.1264991514238,969.1,642.9
21532,23751,687.6812040354517,619.1264991514238,969.1,642.9
21532,23752,687.6812040354517,619.1264991514238,969.1,642.9
21532,23753,687.6812040354517,619.1264991514238,969.1,642.9
21532,23754,687.6812040354517,619.1264991514238,969.1,642.9
21532,23755,687.6812040354517,619.1264991514238,969.1,642.9
21532,23756,687.6812040354517,619.1264991514238,969.1,642.9
21532,23757,687.6812040354517,619.1264991514238,969.1,642.9
21532,23758,687.6812040354517,619.1264991514238,969.1,642.9
21532,23759,687.6812040354517,619.1264991514238,969.1,642.9
21532,23760,687.6812040354517,619.1264991514238,969.1,642.9
21532,23761,687.6812040354517,619.1264991514238,969.1,642.9
21532,23762,687.6812040354517,619.1264991514238,969.1,642.9
21532,23763,687.6812040354517,619.1264991514238,969.1,642.9
21532,23764,687.6812040354517,619.1264991514238,969.1,642.9
21532,23765,687.6812040354517,619.1264991514238,969.1,642.9
21532,23766,687.6812040354517,619.1264991514238,969.1,642.9
21532,23767,687.6812040354517,619.1264991514238,969.1,642.9
21532,23768,687.6812040354517,619.1264991514238,969.1,642.9
21532,23769,687.6812040354517,619.1264991514238,969.1,642.9
21532,23770,687.6812040354517,619.1264991514238,969.1,642.9
21532,23771,687.6812040354517,619.1264991514238,969.1,642.9
21532,23772,687.6812040354517,619.1264991514238,969.1,642.9
21532,23773,687.6812040354517,619.1264991514238,969.1,642.9
21532,23774,687.6812040354517,619.1264991514238,969.1,642.9
21532,23775,687.6812040354517,619.1264991514238,969.1,642.9
21532,23776,687.6812040354517,619.1264991514238,969.1,642.9
21532,23777,687.6812040354517,619.1264991514238,969.1,642.9
21532,23778,687.6812040354517,619.1264991514238,969.1,642.9
21532,23779,687.6812040354517,619.1264991514238,969.1,642.9
21532,23780,687.6812040354517,619.1264991514238,969.1,642.9
21532,23781,687.6812040354517,619.1264991514238,969.1,642.9
21532,23782,687.6812040354517,619.1264991514238,969.1,642.9
21532,23783,687.6812040354517,619.1264991514238,969.1,642.9
21532,23784,687.6812040354517,619.1264991514238,969.1,642.9
21532,23785,687.6812040354517,619.1264991514238,969.1,642.9
21532,23786,687.6812040354517,619.1264991514238,969.1,642.9
21532,23787,687.6812040354517,619.1264991514238,969.1,642.9
21532,23788,687.6812040354517,619.1264991514238,969.1,642.9
21532,23789,687.6812040354517,619.1264991514238,969.1,642.9
21532,23790,687.6812040354517,619.1264991514238,969.1,642.9
21532,23791,687.6812040354517,619.1264991514238,969.1,642.9
21532,23792,687.6812040354517,619.1264991514238,969.1,642.9
21532,23793,687.6812040354517,619.1264991514238,969.1,642.9
21532,23794,687.6812040354517,619.1264991514238,969.1,642.9
21532,23795,687.6812040354517,619.1264991514238,969.1,642.9
21532,23796,687.6812040354517,619.1264991514238,969.1,642.9
21532,23797,687.6812040354517,619.1264991514238,969.1,642.9
21532,23798,687.6812040354517,619.1264991514238,969.1,642.9
21532,23799,687.6812040354517,619.1264991514238,969.1,642.9
21532,23800,687.6812040354517,619.1264991514238,969.1,642.9
21532,23801,687.6812040354517,619.1264991514238,969.1,642.9
21532,23802,687.6812040354517,619.1264991514238,969.1,642.9
21532,23803,687.6812040354517,619.1264991514238,969.1,642.9
21532,23804,687.6812040354517,619.1264991514238,969.1,642.9
21532,23805,687.6812040354517,619.1264991514238,969.1,642.9
21532,23806,687.6812040354517,619.1264991514238,969.1,642.9
21532,23807,687.6812040354517,619.1264991514238,969.1,642.9
21532,23808,687.6812040354517,619.1264991514238,969.1,642.9
21532,23809,687.6812040354517,619.1264991514238,969.1,642.9
21532,23810,687.6812040354517,619.1264991514238,969.1,642.9
21532,23811,687.6812040354517,619.1264991514238,969.1,642.9
21532,23812,687.6812040354517,619.1264991514238,969.1,642.9
21532,23813,687.6812040354517,619.1264991514238,969.1,642.9
21532,23814,687.6812040354517,619.1264991514238,969.1,642.9
21532,23815,687.6812040354517,619.1264991514238,969.1,642.9
21532,23816,687.6812040354517,619.1264991514238,969.1,642.9
21532,23817,687.6812040354517,619.1264991514238,969.1,642.9
21532,23818,687.6812040354517,619.1264991514238,969.1,642.9
21532,23819,687.6812040354517,619.1264991514238,969.1,642.9
21532,23820,687.6812040354517,619.1264991514238,969.1,642.9
21532,23821,687.6812040354517,619.1264991514238,969.1,642.9
21532,23822,687.6812040354517,619.1264991514238,969.1,642.9
21532,23823,687.6812040354517,619.1264991514238,969.1,642.9
21532,23824,687.6812040354517,619.1264991514238,969.1,642.9
21532,23825,687.6812040354517,619.1264991514238,969.1,642.9
21532,23826,687.6812040354517,619.1264991514238,969.1,642.9
21532,23827,687.6812040354517,619.1264991514238,969.1,642.9
21532,23828,687.6812040354517,619.1264991514238,969.1,642.9
21532,23829,687.6812040354517,619.1264991514238,969.1,642.9
21532,23830,687.6812040354517,619.1264991514238,969.1,642.9
21532,23831,687.6812040354517,619.1264991514238,969.1,642.9
21532,23832,687.6812040354517,619.1264991514238,969.1,642.9
21532,23833,687.6812040354517,619.1264991514238,969.1,642.9
21532,23834,687.6812040354517,619.1264991514238,969.1,642.9
21532,23835,687.6812040354517,619.1264991514238,969.1,642.9
21532,23836,687.6812040354517,619.1264991514238,969.1,642.9
21532,23837,687.6812040354517,619.1264991514238,969.1,642.9
21532,23838,687.6812040354517,619.1264991514238,969.1,642.9
21532,23839,687.6812040354517,619.1264991514238,969.1,642.9
21532,23840,687.6812040354517,619.1264991514238,969.1,642.9
21532,23841,687.6812040354517,619.1264991514238,969.1,642.9
21532,23842,687.6812040354517,619.1264991514238,969.1,642.9
21532,23843,687.6812040354517,619.1264991514238,969.1,642.9
21532,23844,687.6812040354517,619.1264991514238,969.1,642.9
21532,23845,687.6812040354517,619.1264991514238,969.1,642.9
21532,23846,687.6812040354517,619.1264991514238,969.1,642.9
21532,23847,687.6812040354517,619.1264991514238,969.1,642.9
21532,23848,687.6812040354517,619.1264991514238,969.1,642.9
21532,23849,687.6812040354517,619.1264991514238,969.1,642.9
21532,23850,687.6812040354517,619.1264991514238,969.1,642.9
21532,23851,687.6812040354517,619.1264991514238,969.1,642.9
21532,23852,687.6812040354517,619.1264991514238,969.1,642.9
21532,23853,687.6812040354517,619.1264991514238,969.1,642.9
21532,23854,687.6812040354517,619.1264991514238,969.1,642.9
21532,23855,687.6812040354517,619.1264991514238,969.1,642.9
21532,23856,687.6812040354517,619.1264991514238,969.1,642.9
21532,23857,687.6812040354517,619.1264991514238,969.1,642.9
21532,23858,687.6812040354517,619.1264991514238,969.1,642.9
21532,23859,687.6812040354517,619.1264991514238,969.1,642.9
21532,23860,687.6812040354517,619.1264991514238,969.1,642.9
21532,23861,687.6812040354517,619.1264991514238,969.1,642.9
21532,23862,687.6812040354517,619.1264991514238,969.1,642.9
21532,23863,687.6812040354517,619.1264991514238,969.1,642.9
21532,23864,687.6812040354517,619.1264991514238,969.1,642.9
21532,23865,687.6812040354517,619.1264991514238,969.1,642.9
21532,23866,687.6812040354517,619.1264991514238,969.1,642.9
21532,23867,687.6812040354517,619.1264991514238,969.1,642.9
21532,23868,687.6812040354517,619.1264991514238,969.1,642.9
21532,23869,687.6812040354517,619.1264991514238,969.1,642.9
21532,23870,687.6812040354517,619.1264991514238,969.1,642.9
21532,23871,687.6812040354517,619.1264991514238,969.1,642.9
21532,23872,687.6812040354517,619.1264991514238,969.1,642.9
21532,23873,687.6812040354517,619.1264991514238,969.1,642.9
21532,23874,687.6812040354517,619.1264991514238,969.1,642.9
21532,23875,687.6812040354517,619.1264991514238,969.1,642.9
21532,23876,687.6812040354517,619.1264991514238,969.1,642.9
21532,23877,687.6812040354517,619.1264991514238,969.1,642.9
21532,23878,687.6812040354517,619.1264991514238,969.1,642.9
21532,23879,687.6812040354517,619.1264991514238,969.1,642.9
21532,23880,687.6812040354517,619.1264991514238,969.1,642.9
21532,23881,687.6812040354517,619.1264991514238,969.1,642.9
21532,23882,687.6812040354517,619.1264991514238,969.1,642.9
21532,23883,687.6812040354517,619.1264991514238,969.1,642.9
21532,23884,687.6812040354517,619.1264991514238,969.1,642.9
21532,23885,687.6812040354517,619.1264991514238,969.1,642.9
21532,23886,687.6812040354517,619.1264991514238,969.1,642.9
21532,23887,687.6812040354517,619.1264991514238,969.1,642.9
21532,23888,687.6812040354517,619.1264991514238,969.1,642.9
21532,23889,687.6812040354517,619.1264991514238,969.1,642.9
21532,23890,687.6812040354517,619.1264991514238,969.1,642.9
21532,23891,687.6812040354517,619.1264991514238,969.1,642.9
21532,23892,687.6812040354517,619.1264991514238,969.1,642.9
21532,23893,687.6812040354517,619.1264991514238,969.1,642.9
21532,23894,687.6812040354517,619.1264991514238,969.1,642.9
21532,23895,687.6812040354517,619.1264991514238,969.1,642.9
21532,23896,687.6812040354517,619.1264991514238,969.1,642.9
21532,23897,687.6812040354517,619.1264991514238,969.1,642.9
21532,23898,687.6812040354517,619.1264991514238,969.1,642.9
21532,23899,687.6812040354517,619.1264991514238,969.1,642.9
21532,23900,687.6812040354517,619.1264991514238,969.1,642.9
21532,23901,687.6812040354517,619.1264991514238,969.1,642.9
21532,23902,687.6812040354517,619.1264991514238,969.1,642.9
21532,23903,687.6812040354517,619.1264991514238,969.1,642.9
21532,23904,687.6812040354517,619.1264991514238,969.1,642.9
21532,23905,687.6812040354517,619.1264991514238,969.1,642.9
21532,23906,687.6812040354517,619.1264991514238,969.1,642.9
21532,23907,687.6812040354517,619.1264991514238,969.1,642.9
21532,23908,687.6812040354517,619.1264991514238,969.1,642.9
21532,23909,687.6812040354517,619.1264991514238,969.1,642.9
21532,23910,687.6812040354517,619.1264991514238,969.1,642.9
21532,23911,687.6812040354517,619.1264991514238,969.1,642.9
21532,23912,687.6812040354517,619.1264991514238,969.1,642.9
21532,23913,687.6812040354517,619.1264991514238,969.1,642.9
21532,23914,687.6812040354517,619.1264991514238,969.1,642.9
21532,23915,687.6812040354517,619.1264991514238,969.1,642.9
21532,23916,687.6812040354517,619.1264991514238,969.1,642.9
21532,23917,687.6812040354517,619.1264991514238,969.1,642.9
21532,23918,687.6812040354517,619.1264991514238,969.1,642.9
21532,23919,687.6812040354517,619.1264991514238,969.1,642.9
21532,23920,687.6812040354517,619.1264991514238,969.1,642.9
21532,23921,687.6812040354517,619.1264991514238,969.1,642.9
21532,23922,687.6812040354517,619.1264991514238,969.1,642.9
21532,23923,687.6812040354517,619.1264991514238,969.1,642.9
21532,23924,687.6812040354517,619.1264991514238,969.1,642.9
21532,23925,687.6812040354517,619.1264991514238,969.1,642.9
21532,23926,687.6812040354517,619.1264991514238,969.1,642.9
21532,23927,687.6812040354517,619.1264991514238,969.1,642.9
21532,23928,687.6812040354517,619.1264991514238,969.1,642.9
21532,23929,687.6812040354517,619.1264991514238,969.1,642.9
21532,23930,687.6812040354517,619.1264991514238,969.1,642.9
21532,23931,687.6812040354517,619.1264991514238,969.1,642.9
21532,23932,687.6812040354517,619.1264991514238,969.1,642.9
21532,23933,687.6812040354517,619.1264991514238,969.1,642.9
21532,23934,687.6812040354517,619.1264991514238,969.1,642.9
21532,23935,687.6812040354517,619.1264991514238,969.1,642.9
21532,23936,687.6812040354517,619.1264991514238,969.1,642.9
21532,23937,687.6812040354517,619.1264991514238,969.1,642.9
21532,23938,687.6812040354517,619.1264991514238,969.1,642.9
21532,23939,687.6812040354517,619.1264991514238,969.1,642.9
21532,23940,687.6812040354517,619.1264991514238,969.1,642.9
21532,23941,687.6812040354517,619.1264991514238,969.1,642.9
21532,23942,687.6812040354517,619.1264991514238,969.1,642.9
21532,23943,687.6812040354517,619.1264991514238,969.1,642.9
21532,23944,687.6812040354517,619.1264991514238,969.1,642.9
21532,23945,687.6812040354517,619.1264991514238,969.1,642.9
21532,23946,687.6812040354517,619.1264991514238,969.1,642.9
21532,23947,687.6812040354517,619.1264991514238,969.1,642.9
21532,23948,687.6812040354517,619.1264991514238,969.1,642.9
21532,23949,687.6812040354517,619.1264991514238,969.1,642.9
21532,23950,687.6812040354517,619.1264991514238,969.1,642.9
21532,23951,687.6812040354517,619.1264991514238,969.1,642.9
21532,23952,687.6812040354517,619.1264991514238,969.1,642.9
21532,23953,687.6812040354517,619.1264991514238,969.1,642.9
21532,23954,687.6812040354517,619.1264991514238,969.1,642.9
21532,23955,687.6812040354517,619.1264991514238,969.1,642.9
21532,23956,687.6812040354517,619.1264991514238,969.1,642.9
21532,23957,687.6812040354517,619.1264991514238,969.1,642.9
21532,23958,687.6812040354517,619.1264991514238,969.1,642.9
21532,23959,687.6812040354517,619.1264991514238,969.1,642.9
21532,23960,687.6812040354517,619.1264991514238,969.1,642.9
21532,23961,687.6812040354517,619.1264991514238,969.1,642.9
21532,23962,687.6812040354517,619.1264991514238,969.1,642.9
21532,23963,687.6812040354517,619.1264991514238,969.1,642.9
21532,23964,687.6812040354517,619.1264991514238,969.1,642.9
21532,23965,687.6812040354517,619.1264991514238,969.1,642.9
21532,23966,687.6812040354517,619.1264991514238,969.1,642.9
21532,23967,687.6812040354517,619.1264991514238,969.1,642.9
21532,23968,687.6812040354517,619.1264991514238,969.1,642.9
21532,23969,687.6812040354517,619.1264991514238,969.1,642.9
21532,23970,687.6812040354517,619.1264991514238,969.1,642.9
21532,23971,687.6812040354517,619.1264991514238,969.1,642.9
21532,23972,687.6812040354517,619.1264991514238,969.1,642.9
21532,23973,687.6812040354517,619.1264991514238,969.1,642.9
21532,23974,687.6812040354517,619.1264991514238,969.1,642.9
21532,23975,687.6812040354517,619.1264991514238,969.1,642.9
21532,23976,687.6812040354517,619.1264991514238,969.1,642.9
21532,23977,687.6812040354517,619.1264991514238,969.1,642.9
21532,23978,687.6812040354517,619.1264991514238,969.1,642.9
21532,23979,687.6812040354517,619.1264991514238,969.1,642.9
21532,23980,687.6812040354517,619.1264991514238,969.1,642.9
21532,23981,687.6812040354517,619.1264991514238,969.1,642.9
21532,23982,687.6812040354517,619.1264991514238,969.1,642.9
21532,23983,687.6812040354517,619.1264991514238,969.1,642.9
21532,23984,687.6812040354517,619.1264991514238,969.1,642.9
21532,23985,687.6812040354517,619.1264991514238,969.1,642.9
21532,23986,687.6812040354517,619.1264991514238,969.1,642.9
21532,23987,687.6812040354517,619.1264991514238,969.1,642.9
21532,23988,687.6812040354517,619.1264991514238,969.1,642.9
21532,23989,687.6812040354517,619.1264991514238,969.1,642.9
21532,23990,687.6812040354517,619.1264991514238,969.1,642.9
21532,23991,687.6812040354517,619.1264991514238,969.1,642.9
21532,23992,687.6812040354517,619.1264991514238,969.1,642.9
21532,23993,687.6812040354517,619.1264991514238,969.1,642.9
21532,23994,687.6812040354517,619.1264991514238,969.1,642.9
21532,23995,687.6812040354517,619.1264991514238,969.1,642.9
21532,23996,687.6812040354517,619.1264991514238,969.1,642.9
21532,23997,687.6812040354517,619.1264991514238,969.1,642.9
21532,23998,687.6812040354517,619.1264991514238,969.1,642.9
21532,23999,687.6812040354517,619.1264991514238,969.1,642.9
21532,24000,687.6812040354517,619.1264991514238,969.1,642.9
21532,24001,687.6812040354517,619.1264991514238,969.1,642.9
21532,24002,687.6812040354517,619.1264991514238,969.1,642.9
21532,24003,687.6812040354517,619.1264991514238,969.1,642.9
21532,24004,687.6812040354517,619.1264991514238,969.1,642.9
21532,24005,687.6812040354517,619.1264991514238,969.1,642.9
21532,24006,687.6812040354517,619.1264991514238,969.1,642.9
21532,24007,687.6812040354517,619.1264991514238,969.1,642.9
21532,24008,687.6812040354517,619.1264991514238,969.1,642.9
21532,24009,687.6812040354517,619.1264991514238,969.1,642.9
21532,24010,687.6812040354517,619.1264991514238,969.1,642.9
21532,24011,687.6812040354517,619.1264991514238,969.1,642.9
21532,24012,687.6812040354517,619.1264991514238,969.1,642.9
21532,24013,687.6812040354517,619.1264991514238,969.1,642.9
21532,24014,687.6812040354517,619.1264991514238,969.1,642.9
21532,24015,687.6812040354517,619.1264991514238,969.1,642.9
21532,24016,687.6812040354517,619.1264991514238,969.1,642.9
21532,24017,687.6812040354517,619.1264991514238,969.1,642.9
21532,24018,687.6812040354517,619.1264991514238,969.1,642.9
21532,24019,687.6812040354517,619.1264991514238,969.1,642.9
21532,24020,687.6812040354517,619.1264991514238,969.1,642.9
21532,24021,687.6812040354517,619.1264991514238,969.1,642.9
21532,24022,687.6812040354517,619.1264991514238,969.1,642.9
21532,24023,687.6812040354517,619.1264991514238,969.1,642.9
21532,24024,687.6812040354517,619.1264991514238,969.1,642.9
21532,24025,687.6812040354517,619.1264991514238,969.1,642.9
21532,24026,687.6812040354517,619.1264991514238,969.1,642.9
21532,24027,687.6812040354517,619.1264991514238,969.1,642.9
21532,24028,687.6812040354517,619.1264991514238,969.1,642.9
21532,24029,687.6812040354517,619.1264991514238,969.1,642.9
21532,24030,687.6812040354517,619.1264991514238,969.1,642.9
21532,24031,687.6812040354517,619.1264991514238,969.1,642.9
21532,24032,687.6812040354517,619.1264991514238,969.1,642.9
21532,24033,687.6812040354517,619.1264991514238,969.1,642.9
21532,24034,687.6812040354517,619.1264991514238,969.1,642.9
21532,24035,687.6812040354517,619.1264991514238,969.1,642.9
21532,24036,687.6812040354517,619.1264991514238,969.1,642.9
21532,24037,687.6812040354517,619.1264991514238,969.1,642.9
21532,24038,687.6812040354517,619.1264991514238,969.1,642.9
21532,24039,687.6812040354517,619.1264991514238,969.1,642.9
21532,24040,687.6812040354517,619.1264991514238,969.1,642.9
21532,24041,687.6812040354517,619.1264991514238,969.1,642.9
21532,24042,687.6812040354517,619.1264991514238,969.1,642.9
21532,24043,687.6812040354517,619.1264991514238,969.1,642.9
21532,24044,687.6812040354517,619.1264991514238,969.1,642.9
21532,24045,687.6812040354517,619.1264991514238,969.1,642.9
21532,24046,687.6812040354517,619.1264991514238,969.1,642.9
21532,24047,687.6812040354517,619.1264991514238,969.1,642.9
21532,24048,687.6812040354517,619.1264991514238,969.1,642.9
21532,24049,687.6812040354517,619.1264991514238,969.1,642.9
21532,24050,687.6812040354517,619.1264991514238,969.1,642.9
21532,24051,687.6812040354517,619.1264991514238,969.1,642.9
21532,24052,687.6812040354517,619.1264991514238,969.1,642.9
21532,24053,687.6812040354517,619.1264991514238,969.1,642.9
21532,24054,687.6812040354517,619.1264991514238,969.1,642.9
21532,24055,687.6812040354517,619.1264991514238,969.1,642.9
21532,24056,687.6812040354517,619.1264991514238,969.1,642.9
21532,24057,687.6812040354517,619.1264991514238,969.1,642.9
21532,24058,687.6812040354517,619.1264991514238,969.1,642.9
21532,24059,687.6812040354517,619.1264991514238,969.1,642.9
21532,24060,687.6812040354517,619.1264991514238,969.1,642.9
21532,24061,687.6812040354517,619.1264991514238,969.1,642.9
21532,24062,687.6812040354517,619.1264991514238,969.1,642.9
21532,24063,687.6812040354517,619.1264991514238,969.1,642.9
21532,24064,687.6812040354517,619.1264991514238,969.1,642.9
21532,24065,687.6812040354517,619.1264991514238,969.1,642.9
21532,24066,687.6812040354517,619.1264991514238,969.1,642.9
21532,24067,687.6812040354517,619.1264991514238,969.1,642.9
21532,24068,687.6812040354517,619.1264991514238,969.1,642.9
21532,24069,687.6812040354517,619.1264991514238,969.1,642.9
21532,24070,687.6812040354517,619.1264991514238,969.1,642.9
21532,24071,687.6812040354517,619.1264991514238,969.1,642.9
21532,24072,687.6812040354517,619.1264991514238,969.1,642.9
21532,24073,687.6812040354517,619.1264991514238,969.1,642.9
21532,24074,687.6812040354517,619.1264991514238,969.1,642.9
21532,24075,687.6812040354517,619.1264991514238,969.1,642.9
21532,24076,687.6812040354517,619.1264991514238,969.1,642.9
21532,24077,687.6812040354517,619.1264991514238,969.1,642.9
21532,24078,687.6812040354517,619.1264991514238,969.1,642.9
21532,24079,687.6812040354517,619.1264991514238,969.1,642.9
21532,24080,687.6812040354517,619.1264991514238,969.1,642.9
21532,24081,687.6812040354517,619.1264991514238,969.1,642.9
21532,24082,687.6812040354517,619.1264991514238,969.1,642.9
21532,24083,687.6812040354517,619.1264991514238,969.1,642.9
21532,24084,687.6812040354517,619.1264991514238,969.1,642.9
21532,24085,687.6812040354517,619.1264991514238,969.1,642.9
21532,24086,687.6812040354517,619.1264991514238,969.1,642.9
21532,24087,687.6812040354517,619.1264991514238,969.1,642.9
21532,24088,687.6812040354517,619.1264991514238,969.1,642.9
21532,24089,687.6812040354517,619.1264991514238,969.1,642.9
21532,24090,687.6812040354517,619.1264991514238,969.1,642.9
21532,24091,687.6812040354517,619.1264991514238,969.1,642.9
21532,24092,687.6812040354517,619.1264991514238,969.1,642.9
21532,24093,687.6812040354517,619.1264991514238,969.1,642.9
21532,24094,687.6812040354517,619.1264991514238,969.1,642.9
21532,24095,687.6812040354517,619.1264991514238,969.1,642.9
21532,24096,687.6812040354517,619.1264991514238,969.1,642.9
21532,24097,687.6812040354517,619.1264991514238,969.1,642.9
21532,24098,687.6812040354517,619.1264991514238,969.1,642.9
21532,24099,687.6812040354517,619.1264991514238,969.1,642.9
21532,24100,687.6812040354517,619.1264991514238,969.1,642.9
21532,24101,687.6812040354517,619.1264991514238,969.1,642.9
21532,24102,687.6812040354517,619.1264991514238,969.1,642.9
21532,24103,687.6812040354517,619.1264991514238,969.1,642.9
21532,24104,687.6812040354517,619.1264991514238,969.1,642.9
21532,24105,687.6812040354517,619.1264991514238,969.1,642.9
21532,24106,687.6812040354517,619.1264991514238,969.1,642.9
21532,24107,687.6812040354517,619.1264991514238,969.1,642.9
21532,24108,687.6812040354517,619.1264991514238,969.1,642.9
21532,24109,687.6812040354517,619.1264991514238,969.1,642.9
21532,24110,687.6812040354517,619.1264991514238,969.1,642.9
21532,24111,687.6812040354517,619.1264991514238,969.1,642.9
21532,24112,687.6812040354517,619.1264991514238,969.1,642.9
21532,24113,687.6812040354517,619.1264991514238,969.1,642.9
21532,24114,687.6812040354517,619.1264991514238,969.1,642.9
21532,24115,687.6812040354517,619.1264991514238,969.1,642.9
21532,24116,687.6812040354517,619.1264991514238,969.1,642.9
21532,24117,687.6812040354517,619.1264991514238,969.1,642.9
21532,24118,687.6812040354517,619.1264991514238,969.1,642.9
21532,24119,687.6812040354517,619.1264991514238,969.1,642.9
21532,24120,687.6812040354517,619.1264991514238,969.1,642.9
21532,24121,687.6812040354517,619.1264991514238,969.1,642.9
21532,24122,687.6812040354517,619.1264991514238,969.1,642.9
21532,24123,687.6812040354517,619.1264991514238,969.1,642.9
21532,24124,687.6812040354517,619.1264991514238,969.1,642.9
21532,24125,687.6812040354517,619.1264991514238,969.1,642.9
21532,24126,687.6812040354517,619.1264991514238,969.1,642.9
21532,24127,687.6812040354517,619.1264991514238,969.1,642.9
21532,24128,687.6812040354517,619.1264991514238,969.1,642.9
21532,24129,687.6812040354517,619.1264991514238,969.1,642.9
21532,24130,687.6812040354517,619.1264991514238,969.1,642.9
21532,24131,687.6812040354517,619.1264991514238,969.1,642.9
21532,24132,687.6812040354517,619.1264991514238,969.1,642.9
21532,24133,687.6812040354517,619.1264991514238,969.1,642.9
21532,24134,687.6812040354517,619.1264991514238,969.1,642.9
21532,24135,687.6812040354517,619.1264991514238,969.1,642.9
21532,24136,687.6812040354517,619.1264991514238,969.1,642.9
21532,24137,687.6812040354517,619.1264991514238,969.1,642.9
21532,24138,687.6812040354517,619.1264991514238,969.1,642.9
21532,24139,687.6812040354517,619.1264991514238,969.1,642.9
21532,24140,687.6812040354517,619.1264991514238,969.1,642.9
21532,24141,687.6812040354517,619.1264991514238,969.1,642.9
21532,24142,687.6812040354517,619.1264991514238,969.1,642.9
21532,24143,687.6812040354517,619.1264991514238,969.1,642.9
21532,24144,687.6812040354517,619.1264991514238,969.1,642.9
21532,24145,687.6812040354517,619.1264991514238,969.1,642.9
21532,24146,687.6812040354517,619.1264991514238,969.1,642.9
21532,24147,687.6812040354517,619.1264991514238,969.1,642.9
21532,24148,687.6812040354517,619.1264991514238,969.1,642.9
21532,24149,687.6812040354517,619.1264991514238,969.1,642.9
21532,24150,687.6812040354517,619.1264991514238,969.1,642.9
21532,24151,687.6812040354517,619.1264991514238,969.1,642.9
21532,24152,687.6812040354517,619.1264991514238,969.1,642.9
21532,24153,687.6812040354517,619.1264991514238,969.1,642.9
21532,24154,687.6812040354517,619.1264991514238,969.1,642.9
21532,24155,687.6812040354517,619.1264991514238,969.1,642.9
21532,24156,687.6812040354517,619.1264991514238,969.1,642.9
21532,24157,687.6812040354517,619.1264991514238,969.1,642.9
21532,24158,687.6812040354517,619.1264991514238,969.1,642.9
21532,24159,687.6812040354517,619.1264991514238,969.1,642.9
21532,24160,687.6812040354517,619.1264991514238,969.1,642.9
21532,24161,687.6812040354517,619.1264991514238,969.1,642.9
21532,24162,687.6812040354517,619.1264991514238,969.1,642.9
21532,24163,687.6812040354517,619.1264991514238,969.1,642.9
21532,24164,687.6812040354517,619.1264991514238,969.1,642.9
21532,24165,687.6812040354517,619.1264991514238,969.1,642.9
21532,24166,687.6812040354517,619.1264991514238,969.1,642.9
21532,24167,687.6812040354517,619.1264991514238,969.1,642.9
21532,24168,687.6812040354517,619.1264991514238,969.1,642.9
21532,24169,687.6812040354517,619.1264991514238,969.1,642.9
21532,24170,687.6812040354517,619.1264991514238,969.1,642.9
21532,24171,687.6812040354517,619.1264991514238,969.1,642.9
21532,24172,687.6812040354517,619.1264991514238,969.1,642.9
21532,24173,687.6812040354517,619.1264991514238,969.1,642.9
21532,24174,687.6812040354517,619.1264991514238,969.1,642.9
21532,24175,687.6812040354517,619.1264991514238,969.1,642.9
21532,24176,687.6812040354517,619.1264991514238,969.1,642.9
21532,24177,687.6812040354517,619.1264991514238,969.1,642.9
21532,24178,687.6812040354517,619.1264991514238,969.1,642.9
21532,24179,687.6812040354517,619.1264991514238,969.1,642.9
21532,24180,687.6812040354517,619.1264991514238,969.1,642.9
21532,24181,687.6812040354517,619.1264991514238,969.1,642.9
21532,24182,687.6812040354517,619.1264991514238,969.1,642.9
21532,24183,687.6812040354517,619.1264991514238,969.1,642.9
21532,24184,687.6812040354517,619.1264991514238,969.1,642.9
21532,24185,687.6812040354517,619.1264991514238,969.1,642.9
21532,24186,687.6812040354517,619.1264991514238,969.1,642.9
21532,24187,687.6812040354517,619.1264991514238,969.1,642.9
21532,24188,687.6812040354517,619.1264991514238,969.1,642.9
21532,24189,687.6812040354517,619.1264991514238,969.1,642.9
21532,24190,687.6812040354517,619.1264991514238,969.1,642.9
21532,24191,687.6812040354517,619.1264991514238,969.1,642.9
21532,24192,687.6812040354517,619.1264991514238,969.1,642.9
21532,24193,687.6812040354517,619.1264991514238,969.1,642.9
21532,24194,687.6812040354517,619.1264991514238,969.1,642.9
21532,24195,687.6812040354517,619.1264991514238,969.1,642.9
21532,24196,687.6812040354517,619.1264991514238,969.1,642.9
21532,24197,687.6812040354517,619.1264991514238,969.1,642.9
21532,24198,687.6812040354517,619.1264991514238,969.1,642.9
21532,24199,687.6812040354517,619.1264991514238,969.1,642.9
21532,24200,687.6812040354517,619.1264991514238,969.1,642.9
21532,24201,687.6812040354517,619.1264991514238,969.1,642.9
21532,24202,687.6812040354517,619.1264991514238,969.1,642.9
21532,24203,687.6812040354517,619.1264991514238,969.1,642.9
21532,24204,687.6812040354517,619.1264991514238,969.1,642.9
21532,24205,687.6812040354517,619.1264991514238,969.1,642.9
21532,24206,687.6812040354517,619.1264991514238,969.1,642.9
21532,24207,687.6812040354517,619.1264991514238,969.1,642.9
21532,24208,687.6812040354517,619.1264991514238,969.1,642.9
21532,24209,687.6812040354517,619.1264991514238,969.1,642.9
21532,24210,687.6812040354517,619.1264991514238,969.1,642.9
21532,24211,687.6812040354517,619.1264991514238,969.1,642.9
21532,24212,687.6812040354517,619.1264991514238,969.1,642.9
21532,24213,687.6812040354517,619.1264991514238,969.1,642.9
21532,24214,687.6812040354517,619.1264991514238,969.1,642.9
21532,24215,687.6812040354517,619.1264991514238,969.1,642.9
21532,24216,687.6812040354517,619.1264991514238,969.1,642.9
21532,24217,687.6812040354517,619.1264991514238,969.1,642.9
21532,24218,687.6812040354517,619.1264991514238,969.1,642.9
21532,24219,687.6812040354517,619.1264991514238,969.1,642.9
21532,24220,687.6812040354517,619.1264991514238,969.1,642.9
21532,24221,687.6812040354517,619.1264991514238,969.1,642.9
21532,24222,687.6812040354517,619.1264991514238,969.1,642.9
21532,24223,687.6812040354517,619.1264991514238,969.1,642.9
21532,24224,687.6812040354517,619.1264991514238,969.1,642.9
21532,24225,687.6812040354517,619.1264991514238,969.1,642.9
21532,24226,687.6812040354517,619.1264991514238,969.1,642.9
21532,24227,687.6812040354517,619.1264991514238,969.1,642.9
21532,24228,687.6812040354517,619.1264991514238,969.1,642.9
21532,24229,687.6812040354517,619.1264991514238,969.1,642.9
21532,24230,687.6812040354517,619.1264991514238,969.1,642.9
21532,24231,687.6812040354517,619.1264991514238,969.1,642.9
21532,24232,687.6812040354517,619.1264991514238,969.1,642.9
21532,24233,687.6812040354517,619.1264991514238,969.1,642.9
21532,24234,687.6812040354517,619.1264991514238,969.1,642.9
21532,24235,687.6812040354517,619.1264991514238,969.1,642.9
21532,24236,687.6812040354517,619.1264991514238,969.1,642.9
21532,24237,687.6812040354517,619.1264991514238,969.1,642.9
21532,24238,687.6812040354517,619.1264991514238,969.1,642.9
21532,24239,687.6812040354517,619.1264991514238,969.1,642.9
21532,24240,687.6812040354517,619.1264991514238,969.1,642.9
21532,24241,687.6812040354517,619.1264991514238,969.1,642.9
21532,24242,687.6812040354517,619.1264991514238,969.1,642.9
21532,24243,687.6812040354517,619.1264991514238,969.1,642.9
21532,24244,687.6812040354517,619.1264991514238,969.1,642.9
21532,24245,687.6812040354517,619.1264991514238,969.1,642.9
21532,24246,687.6812040354517,619.1264991514238,969.1,642.9
21532,24247,687.6812040354517,619.1264991514238,969.1,642.9
21532,24248,687.6812040354517,619.1264991514238,969.1,642.9
21532,24249,687.6812040354517,619.1264991514238,969.1,642.9
21532,24250,687.6812040354517,619.1264991514238,969.1,642.9
21532,24251,687.6812040354517,619.1264991514238,969.1,642.9
21532,24252,687.6812040354517,619.1264991514238,969.1,642.9
21532,24253,687.6812040354517,619.1264991514238,969.1,642.9
21532,24254,687.6812040354517,619.1264991514238,969.1,642.9
21532,24255,687.6812040354517,619.1264991514238,969.1,642.9
21532,24256,687.6812040354517,619.1264991514238,969.1,642.9
21532,24257,687.6812040354517,619.1264991514238,969.1,642.9
21532,24258,687.6812040354517,619.1264991514238,969.1,642.9
21532,24259,687.6812040354517,619.1264991514238,969.1,642.9
21532,24260,687.6812040354517,619.1264991514238,969.1,642.9
21532,24261,687.6812040354517,619.1264991514238,969.1,642.9
21532,24262,687.6812040354517,619.1264991514238,969.1,642.9
21532,24263,687.6812040354517,619.1264991514238,969.1,642.9
21532,24264,687.6812040354517,619.1264991514238,969.1,642.9
21532,24265,687.6812040354517,619.1264991514238,969.1,642.9
21532,24266,687.6812040354517,619.1264991514238,969.1,642.9
21532,24267,687.6812040354517,619.1264991514238,969.1,642.9
21532,24268,687.6812040354517,619.1264991514238,969.1,642.9
21532,24269,687.6812040354517,619.1264991514238,969.1,642.9
21532,24270,687.6812040354517,619.1264991514238,969.1,642.9
21532,24271,687.6812040354517,619.1264991514238,969.1,642.9
21532,24272,687.6812040354517,619.1264991514238,969.1,642.9
21532,24273,687.6812040354517,619.1264991514238,969.1,642.9
21532,24274,687.6812040354517,619.1264991514238,969.1,642.9
21532,24275,687.6812040354517,619.1264991514238,969.1,642.9
21532,24276,687.6812040354517,619.1264991514238,969.1,642.9
21532,24277,687.6812040354517,619.1264991514238,969.1,642.9
21532,24278,687.6812040354517,619.1264991514238,969.1,642.9
21532,24279,687.6812040354517,619.1264991514238,969.1,642.9
21532,24280,687.6812040354517,619.1264991514238,969.1,642.9
21532,24281,687.6812040354517,619.1264991514238,969.1,642.9
21532,24282,687.6812040354517,619.1264991514238,969.1,642.9
21532,24283,687.6812040354517,619.1264991514238,969.1,642.9
21532,24284,687.6812040354517,619.1264991514238,969.1,642.9
21532,24285,687.6812040354517,619.1264991514238,969.1,642.9
21532,24286,687.6812040354517,619.1264991514238,969.1,642.9
21532,24287,687.6812040354517,619.1264991514238,969.1,642.9
21532,24288,687.6812040354517,619.1264991514238,969.1,642.9
21532,24289,687.6812040354517,619.1264991514238,969.1,642.9
21532,24290,687.6812040354517,619.1264991514238,969.1,642.9
21532,24291,687.6812040354517,619.1264991514238,969.1,642.9
21532,24292,687.6812040354517,619.1264991514238,969.1,642.9
21532,24293,687.6812040354517,619.1264991514238,969.1,642.9
21532,24294,687.6812040354517,619.1264991514238,969.1,642.9
21532,24295,687.6812040354517,619.1264991514238,969.1,642.9
21532,24296,687.6812040354517,619.1264991514238,969.1,642.9
21532,24297,687.6812040354517,619.1264991514238,969.1,642.9
21532,24298,687.6812040354517,619.1264991514238,969.1,642.9
21532,24299,687.6812040354517,619.1264991514238,969.1,642.9
21532,24300,687.6812040354517,619.1264991514238,969.1,642.9
21532,24301,687.6812040354517,619.1264991514238,969.1,642.9
21532,24302,687.6812040354517,619.1264991514238,969.1,642.9
21532,24303,687.6812040354517,619.1264991514238,969.1,642.9
21532,24304,687.6812040354517,619.1264991514238,969.1,642.9
21532,24305,687.6812040354517,619.1264991514238,969.1,642.9
21532,24306,687.6812040354517,619.1264991514238,969.1,642.9
21532,24307,687.6812040354517,619.1264991514238,969.1,642.9
21532,24308,687.6812040354517,619.1264991514238,969.1,642.9
21532,24309,687.6812040354517,619.1264991514238,969.1,642.9
21532,24310,687.6812040354517,619.1264991514238,969.1,642.9
21532,24311,687.6812040354517,619.1264991514238,969.1,642.9
21532,24312,687.6812040354517,619.1264991514238,969.1,642.9
21532,24313,687.6812040354517,619.1264991514238,969.1,642.9
21532,24314,687.6812040354517,619.1264991514238,969.1,642.9
21532,24315,687.6812040354517,619.1264991514238,969.1,642.9
21532,24316,687.6812040354517,619.1264991514238,969.1,642.9
21532,24317,687.6812040354517,619.1264991514238,969.1,642.9
21532,24318,687.6812040354517,619.1264991514238,969.1,642.9
21532,24319,687.6812040354517,619.1264991514238,969.1,642.9
21532,24320,687.6812040354517,619.1264991514238,969.1,642.9
21532,24321,687.6812040354517,619.1264991514238,969.1,642.9
21532,24322,687.6812040354517,619.1264991514238,969.1,642.9
21532,24323,687.6812040354517,619.1264991514238,969.1,642.9
21532,24324,687.6812040354517,619.1264991514238,969.1,642.9
21532,24325,687.6812040354517,619.1264991514238,969.1,642.9
21532,24326,687.6812040354517,619.1264991514238,969.1,642.9
21532,24327,687.6812040354517,619.1264991514238,969.1,642.9
21532,24328,687.6812040354517,619.1264991514238,969.1,642.9
21532,24329,687.6812040354517,619.1264991514238,969.1,642.9
21532,24330,687.6812040354517,619.1264991514238,969.1,642.9
21532,24331,687.6812040354517,619.1264991514238,969.1,642.9
21532,24332,687.6812040354517,619.1264991514238,969.1,642.9
21532,24333,687.6812040354517,619.1264991514238,969.1,642.9
21532,24334,687.6812040354517,619.1264991514238,969.1,642.9
21532,24335,687.6812040354517,619.1264991514238,969.1,642.9
21532,24336,687.6812040354517,619.1264991514238,969.1,642.9
21532,24337,687.6812040354517,619.1264991514238,969.1,642.9
21532,24338,687.6812040354517,619.1264991514238,969.1,642.9
21532,24339,687.6812040354517,619.1264991514238,969.1,642.9
21532,24340,687.6812040354517,619.1264991514238,969.1,642.9
21532,24341,687.6812040354517,619.1264991514238,969.1,642.9
21532,24342,687.6812040354517,619.1264991514238,969.1,642.9
21532,24343,687.6812040354517,619.1264991514238,969.1,642.9
21532,24344,687.6812040354517,619.1264991514238,969.1,642.9
21532,24345,687.6812040354517,619.1264991514238,969.1,642.9
21532,24346,687.6812040354517,619.1264991514238,969.1,642.9
21532,24347,687.6812040354517,619.1264991514238,969.1,642.9
21532,24348,687.6812040354517,619.1264991514238,969.1,642.9
21532,24349,687.6812040354517,619.1264991514238,969.1,642.9
21532,24350,687.6812040354517,619.1264991514238,969.1,642.9
21532,24351,687.6812040354517,619.1264991514238,969.1,642.9
21532,24352,687.6812040354517,619.1264991514238,969.1,642.9
21532,24353,687.6812040354517,619.1264991514238,969.1,642.9
21532,24354,687.6812040354517,619.1264991514238,969.1,642.9
21532,24355,687.6812040354517,619.1264991514238,969.1,642.9
21532,24356,687.6812040354517,619.1264991514238,969.1,642.9
21532,24357,687.6812040354517,619.1264991514238,969.1,642.9
21532,24358,687.6812040354517,619.1264991514238,969.1,642.9
21532,24359,687.6812040354517,619.1264991514238,969.1,642.9
21532,24360,687.6812040354517,619.1264991514238,969.1,642.9
21532,24361,687.6812040354517,619.1264991514238,969.1,642.9
21532,24362,687.6812040354517,619.1264991514238,969.1,642.9
21532,24363,687.6812040354517,619.1264991514238,969.1,642.9
21532,24364,687.6812040354517,619.1264991514238,969.1,642.9
21532,24365,687.6812040354517,619.1264991514238,969.1,642.9
21532,24366,687.6812040354517,619.1264991514238,969.1,642.9
21532,24367,687.6812040354517,619.1264991514238,969.1,642.9
21532,24368,687.6812040354517,619.1264991514238,969.1,642.9
21532,24369,687.6812040354517,619.1264991514238,969.1,642.9
21532,24370,687.6812040354517,619.1264991514238,969.1,642.9
21532,24371,687.6812040354517,619.1264991514238,969.1,642.9
21532,24372,687.6812040354517,619.1264991514238,969.1,642.9
21532,24373,687.6812040354517,619.1264991514238,969.1,642.9
21532,24374,687.6812040354517,619.1264991514238,969.1,642.9
21532,24375,687.6812040354517,619.1264991514238,969.1,642.9
21532,24376,687.6812040354517,619.1264991514238,969.1,642.9
21532,24377,687.6812040354517,619.1264991514238,969.1,642.9
21532,24378,687.6812040354517,619.1264991514238,969.1,642.9
21532,24379,687.6812040354517,619.1264991514238,969.1,642.9
21532,24380,687.6812040354517,619.1264991514238,969.1,642.9
21532,24381,687.6812040354517,619.1264991514238,969.1,642.9
21532,24382,687.6812040354517,619.1264991514238,969.1,642.9
21532,24383,687.6812040354517,619.1264991514238,969.1,642.9
21532,24384,687.6812040354517,619.1264991514238,969.1,642.9
21532,24385,687.6812040354517,619.1264991514238,969.1,642.9
21532,24386,687.6812040354517,619.1264991514238,969.1,642.9
21532,24387,687.6812040354517,619.1264991514238,969.1,642.9
21532,24388,687.6812040354517,619.1264991514238,969.1,642.9
21532,24389,687.6812040354517,619.1264991514238,969.1,642.9
21532,24390,687.6812040354517,619.1264991514238,969.1,642.9
21532,24391,687.6812040354517,619.1264991514238,969.1,642.9
21532,24392,687.6812040354517,619.1264991514238,969.1,642.9
21532,24393,687.6812040354517,619.1264991514238,969.1,642.9
21532,24394,687.6812040354517,619.1264991514238,969.1,642.9
21532,24395,687.6812040354517,619.1264991514238,969.1,642.9
21532,24396,687.6812040354517,619.1264991514238,969.1,642.9
21532,24397,687.6812040354517,619.1264991514238,969.1,642.9
21532,24398,687.6812040354517,619.1264991514238,969.1,642.9
21532,24399,687.6812040354517,619.1264991514238,969.1,642.9
21532,24400,687.6812040354517,619.1264991514238,969.1,642.9
21532,24401,687.6812040354517,619.1264991514238,969.1,642.9
21532,24402,687.6812040354517,619.1264991514238,969.1,642.9
21532,24403,687.6812040354517,619.1264991514238,969.1,642.9
21532,24404,687.6812040354517,619.1264991514238,969.1,642.9
21532,24405,687.6812040354517,619.1264991514238,969.1,642.9
21532,24406,687.6812040354517,619.1264991514238,969.1,642.9
21532,24407,687.6812040354517,619.1264991514238,969.1,642.9
21532,24408,687.6812040354517,619.1264991514238,969.1,642.9
21532,24409,687.6812040354517,619.1264991514238,969.1,642.9
21532,24410,687.6812040354517,619.1264991514238,969.1,642.9
21532,24411,687.6812040354517,619.1264991514238,969.1,642.9
21532,24412,687.6812040354517,619.1264991514238,969.1,642.9
21532,24413,687.6812040354517,619.1264991514238,969.1,642.9
21532,24414,687.6812040354517,619.1264991514238,969.1,642.9
21532,24415,687.6812040354517,619.1264991514238,969.1,642.9
21532,24416,687.6812040354517,619.1264991514238,969.1,642.9
21532,24417,687.6812040354517,619.1264991514238,969.1,642.9
21532,24418,687.6812040354517,619.1264991514238,969.1,642.9
21532,24419,687.6812040354517,619.1264991514238,969.1,642.9
21532,24420,687.6812040354517,619.1264991514238,969.1,642.9
21532,24421,687.6812040354517,619.1264991514238,969.1,642.9
21532,24422,687.6812040354517,619.1264991514238,969.1,642.9
21532,24423,687.6812040354517,619.1264991514238,969.1,642.9
21532,24424,687.6812040354517,619.1264991514238,969.1,642.9
21532,24425,687.6812040354517,619.1264991514238,969.1,642.9
21532,24426,687.6812040354517,619.1264991514238,969.1,642.9
21532,24427,687.6812040354517,619.1264991514238,969.1,642.9
21532,24428,687.6812040354517,619.1264991514238,969.1,642.9
21532,24429,687.6812040354517,619.1264991514238,969.1,642.9
21532,24430,687.6812040354517,619.1264991514238,969.1,642.9
21532,24431,687.6812040354517,619.1264991514238,969.1,642.9
21532,24432,687.6812040354517,619.1264991514238,969.1,642.9
21532,24433,687.6812040354517,619.1264991514238,969.1,642.9
21532,24434,687.6812040354517,619.1264991514238,969.1,642.9
21532,24435,687.6812040354517,619.1264991514238,969.1,642.9
21532,24436,687.6812040354517,619.1264991514238,969.1,642.9
21532,24437,687.6812040354517,619.1264991514238,969.1,642.9
21532,24438,687.6812040354517,619.1264991514238,969.1,642.9
21532,24439,687.6812040354517,619.1264991514238,969.1,642.9
21532,24440,687.6812040354517,619.1264991514238,969.1,642.9
21532,24441,687.6812040354517,619.1264991514238,969.1,642.9
21532,24442,687.6812040354517,619.1264991514238,969.1,642.9
21532,24443,687.6812040354517,619.1264991514238,969.1,642.9
21532,24444,687.6812040354517,619.1264991514238,969.1,642.9
21532,24445,687.6812040354517,619.1264991514238,969.1,642.9
21532,24446,687.6812040354517,619.1264991514238,969.1,642.9
21532,24447,687.6812040354517,619.1264991514238,969.1,642.9
21532,24448,687.6812040354517,619.1264991514238,969.1,642.9
21532,24449,687.6812040354517,619.1264991514238,969.1,642.9
21532,24450,687.6812040354517,619.1264991514238,969.1,642.9
21532,24451,687.6812040354517,619.1264991514238,969.1,642.9
21532,24452,687.6812040354517,619.1264991514238,969.1,642.9
21532,24453,687.6812040354517,619.1264991514238,969.1,642.9
21532,24454,687.6812040354517,619.1264991514238,969.1,642.9
21532,24455,687.6812040354517,619.1264991514238,969.1,642.9
21532,24456,687.6812040354517,619.1264991514238,969.1,642.9
21532,24457,687.6812040354517,619.1264991514238,969.1,642.9
21532,24458,687.6812040354517,619.1264991514238,969.1,642.9
21532,24459,687.6812040354517,619.1264991514238,969.1,642.9
21532,24460,687.6812040354517,619.1264991514238,969.1,642.9
21532,24461,687.6812040354517,619.1264991514238,969.1,642.9
21532,24462,687.6812040354517,619.1264991514238,969.1,642.9
21532,24463,687.6812040354517,619.1264991514238,969.1,642.9
21532,24464,687.6812040354517,619.1264991514238,969.1,642.9
21532,24465,687.6812040354517,619.1264991514238,969.1,642.9
21532,24466,687.6812040354517,619.1264991514238,969.1,642.9
21532,24467,687.6812040354517,619.1264991514238,969.1,642.9
21532,24468,687.6812040354517,619.1264991514238,969.1,642.9
21532,24469,687.6812040354517,619.1264991514238,969.1,642.9
21532,24470,687.6812040354517,619.1264991514238,969.1,642.9
21532,24471,687.6812040354517,619.1264991514238,969.1,642.9
21532,24472,687.6812040354517,619.1264991514238,969.1,642.9
21532,24473,687.6812040354517,619.1264991514238,969.1,642.9
21532,24474,687.6812040354517,619.1264991514238,969.1,642.9
21532,24475,687.6812040354517,619.1264991514238,969.1,642.9
21532,24476,687.6812040354517,619.1264991514238,969.1,642.9
21532,24477,687.6812040354517,619.1264991514238,969.1,642.9
21532,24478,687.6812040354517,619.1264991514238,969.1,642.9
21532,24479,687.6812040354517,619.1264991514238,969.1,642.9
21532,24480,687.6812040354517,619.1264991514238,969.1,642.9
21532,24481,687.6812040354517,619.1264991514238,969.1,642.9
21532,24482,687.6812040354517,619.1264991514238,969.1,642.9
21532,24483,687.6812040354517,619.1264991514238,969.1,642.9
21532,24484,687.6812040354517,619.1264991514238,969.1,642.9
21532,24485,687.6812040354517,619.1264991514238,969.1,642.9
21532,24486,687.6812040354517,619.1264991514238,969.1,642.9
21532,24487,687.6812040354517,619.1264991514238,969.1,642.9
21532,24488,687.6812040354517,619.1264991514238,969.1,642.9
21532,24489,687.6812040354517,619.1264991514238,969.1,642.9
21532,24490,687.6812040354517,619.1264991514238,969.1,642.9
21532,24491,687.6812040354517,619.1264991514238,969.1,642.9
21532,24492,687.6812040354517,619.1264991514238,969.1,642.9
21532,24493,687.6812040354517,619.1264991514238,969.1,642.9
21532,24494,687.6812040354517,619.1264991514238,969.1,642.9
21532,24495,687.6812040354517,619.1264991514238,969.1,642.9
21532,24496,687.6812040354517,619.1264991514238,969.1,642.9
21532,24497,687.6812040354517,619.1264991514238,969.1,642.9
21532,24498,687.6812040354517,619.1264991514238,969.1,642.9
21532,24499,687.6812040354517,619.1264991514238,969.1,642.9
21532,24500,687.6812040354517,619.1264991514238,969.1,642.9
21532,24501,687.6812040354517,619.1264991514238,969.1,642.9
21532,24502,687.6812040354517,619.1264991514238,969.1,642.9
21532,24503,687.6812040354517,619.1264991514238,969.1,642.9
21532,24504,687.6812040354517,619.1264991514238,969.1,642.9
21532,24505,687.6812040354517,619.1264991514238,969.1,642.9
21532,24506,687.6812040354517,619.1264991514238,969.1,642.9
21532,24507,687.6812040354517,619.1264991514238,969.1,642.9
21532,24508,687.6812040354517,619.1264991514238,969.1,642.9
21532,24509,687.6812040354517,619.1264991514238,969.1,642.9
21532,24510,687.6812040354517,619.1264991514238,969.1,642.9
21532,24511,687.6812040354517,619.1264991514238,969.1,642.9
21532,24512,687.6812040354517,619.1264991514238,969.1,642.9
21532,24513,687.6812040354517,619.1264991514238,969.1,642.9
21532,24514,687.6812040354517,619.1264991514238,969.1,642.9
21532,24515,687.6812040354517,619.1264991514238,969.1,642.9
21532,24516,687.6812040354517,619.1264991514238,969.1,642.9
21532,24517,687.6812040354517,619.1264991514238,969.1,642.9
21532,24518,687.6812040354517,619.1264991514238,969.1,642.9
21532,24519,687.6812040354517,619.1264991514238,969.1,642.9
21532,24520,687.6812040354517,619.1264991514238,969.1,642.9
21532,24521,687.6812040354517,619.1264991514238,969.1,642.9
21532,24522,687.6812040354517,619.1264991514238,969.1,642.9
21532,24523,687.6812040354517,619.1264991514238,969.1,642.9
21532,24524,687.6812040354517,619.1264991514238,969.1,642.9
21532,24525,687.6812040354517,619.1264991514238,969.1,642.9
21532,24526,687.6812040354517,619.1264991514238,969.1,642.9
21532,24527,687.6812040354517,619.1264991514238,969.1,642.9
21532,24528,687.6812040354517,619.1264991514238,969.1,642.9
21532,24529,687.6812040354517,619.1264991514238,969.1,642.9
21532,24530,687.6812040354517,619.1264991514238,969.1,642.9
21532,24531,687.6812040354517,619.1264991514238,969.1,642.9
21532,24532,687.6812040354517,619.1264991514238,969.1,642.9
21532,24533,687.6812040354517,619.1264991514238,969.1,642.9
21532,24534,687.6812040354517,619.1264991514238,969.1,642.9
21532,24535,687.6812040354517,619.1264991514238,969.1,642.9
21532,24536,687.6812040354517,619.1264991514238,969.1,642.9
21532,24537,687.6812040354517,619.1264991514238,969.1,642.9
21532,24538,687.6812040354517,619.1264991514238,969.1,642.9
21532,24539,687.6812040354517,619.1264991514238,969.1,642.9
21532,24540,687.6812040354517,619.1264991514238,969.1,642.9
21532,24541,687.6812040354517,619.1264991514238,969.1,642.9
21532,24542,687.6812040354517,619.1264991514238,969.1,642.9
21532,24543,687.6812040354517,619.1264991514238,969.1,642.9
21532,24544,687.6812040354517,619.1264991514238,969.1,642.9
21532,24545,687.6812040354517,619.1264991514238,969.1,642.9
21532,24546,687.6812040354517,619.1264991514238,969.1,642.9
21532,24547,687.6812040354517,619.1264991514238,969.1,642.9
21532,24548,687.6812040354517,619.1264991514238,969.1,642.9
21532,24549,687.6812040354517,619.1264991514238,969.1,642.9
21532,24550,687.6812040354517,619.1264991514238,969.1,642.9
21532,24551,687.6812040354517,619.1264991514238,969.1,642.9
21532,24552,687.6812040354517,619.1264991514238,969.1,642.9
21532,24553,687.6812040354517,619.1264991514238,969.1,642.9
21532,24554,687.6812040354517,619.1264991514238,969.1,642.9
21532,24555,687.6812040354517,619.1264991514238,969.1,642.9
21532,24556,687.6812040354517,619.1264991514238,969.1,642.9
21532,24557,687.6812040354517,619.1264991514238,969.1,642.9
21532,24558,687.6812040354517,619.1264991514238,969.1,642.9
21532,24559,687.6812040354517,619.1264991514238,969.1,642.9
21532,24560,687.6812040354517,619.1264991514238,969.1,642.9
21532,24561,687.6812040354517,619.1264991514238,969.1,642.9
21532,24562,687.6812040354517,619.1264991514238,969.1,642.9
21532,24563,687.6812040354517,619.1264991514238,969.1,642.9
21532,24564,687.6812040354517,619.1264991514238,969.1,642.9
21532,24565,687.6812040354517,619.1264991514238,969.1,642.9
21532,24566,687.6812040354517,619.1264991514238,969.1,642.9
21532,24567,687.6812040354517,619.1264991514238,969.1,642.9
21532,24568,687.6812040354517,619.1264991514238,969.1,642.9
21532,24569,687.6812040354517,619.1264991514238,969.1,642.9
21532,24570,687.6812040354517,619.1264991514238,969.1,642.9
21532,24571,687.6812040354517,619.1264991514238,969.1,642.9
21532,24572,687.6812040354517,619.1264991514238,969.1,642.9
21532,24573,687.6812040354517,619.1264991514238,969.1,642.9
21532,24574,687.6812040354517,619.1264991514238,969.1,642.9
21532,24575,687.6812040354517,619.1264991514238,969.1,642.9
21532,24576,687.6812040354517,619.1264991514238,969.1,642.9
21532,24577,687.6812040354517,619.1264991514238,969.1,642.9
21532,24578,687.6812040354517,619.1264991514238,969.1,642.9
21532,24579,687.6812040354517,619.1264991514238,969.1,642.9
21532,24580,687.6812040354517,619.1264991514238,969.1,642.9
21532,24581,687.6812040354517,619.1264991514238,969.1,642.9
21532,24582,687.6812040354517,619.1264991514238,969.1,642.9
21532,24583,687.6812040354517,619.1264991514238,969.1,642.9
21532,24584,687.6812040354517,619.1264991514238,969.1,642.9
21532,24585,687.6812040354517,619.1264991514238,969.1,642.9
21532,24586,687.6812040354517,619.1264991514238,969.1,642.9
21532,24587,687.6812040354517,619.1264991514238,969.1,642.9
21532,24588,687.6812040354517,619.1264991514238,969.1,642.9
21532,24589,687.6812040354517,619.1264991514238,969.1,642.9
21532,24590,687.6812040354517,619.1264991514238,969.1,642.9
21532,24591,687.6812040354517,619.1264991514238,969.1,642.9
21532,24592,687.6812040354517,619.1264991514238,969.1,642.9
21532,24593,687.6812040354517,619.1264991514238,969.1,642.9
21532,24594,687.6812040354517,619.1264991514238,969.1,642.9
21532,24595,687.6812040354517,619.1264991514238,969.1,642.9
21532,24596,687.6812040354517,619.1264991514238,969.1,642.9
21532,24597,687.6812040354517,619.1264991514238,969.1,642.9
21532,24598,687.6812040354517,619.1264991514238,969.1,642.9
21532,24599,687.6812040354517,619.1264991514238,969.1,642.9
21532,24600,687.6812040354517,619.1264991514238,969.1,642.9
21532,24601,687.6812040354517,619.1264991514238,969.1,642.9
21532,24602,687.6812040354517,619.1264991514238,969.1,642.9
21532,24603,687.6812040354517,619.1264991514238,969.1,642.9
21532,24604,687.6812040354517,619.1264991514238,969.1,642.9
21532,24605,687.6812040354517,619.1264991514238,969.1,642.9
21532,24606,687.6812040354517,619.1264991514238,969.1,642.9
21532,24607,687.6812040354517,619.1264991514238,969.1,642.9
21532,24608,687.6812040354517,619.1264991514238,969.1,642.9
21532,24609,687.6812040354517,619.1264991514238,969.1,642.9
21532,24610,687.6812040354517,619.1264991514238,969.1,642.9
21532,24611,687.6812040354517,619.1264991514238,969.1,642.9
21532,24612,687.6812040354517,619.1264991514238,969.1,642.9
21532,24613,687.6812040354517,619.1264991514238,969.1,642.9
21532,24614,687.6812040354517,619.1264991514238,969.1,642.9
21532,24615,687.6812040354517,619.1264991514238,969.1,642.9
21532,24616,687.6812040354517,619.1264991514238,969.1,642.9
21532,24617,687.6812040354517,619.1264991514238,969.1,642.9
21532,24618,687.6812040354517,619.1264991514238,969.1,642.9
21532,24619,687.6812040354517,619.1264991514238,969.1,642.9
21532,24620,687.6812040354517,619.1264991514238,969.1,642.9
21532,24621,687.6812040354517,619.1264991514238,969.1,642.9
21532,24622,687.6812040354517,619.1264991514238,969.1,642.9
21532,24623,687.6812040354517,619.1264991514238,969.1,642.9
21532,24624,687.6812040354517,619.1264991514238,969.1,642.9
21532,24625,687.6812040354517,619.1264991514238,969.1,642.9
21532,24626,687.6812040354517,619.1264991514238,969.1,642.9
21532,24627,687.6812040354517,619.1264991514238,969.1,642.9
21532,24628,687.6812040354517,619.1264991514238,969.1,642.9
21532,24629,687.6812040354517,619.1264991514238,969.1,642.9
21532,24630,687.6812040354517,619.1264991514238,969.1,642.9
21532,24631,687.6812040354517,619.1264991514238,969.1,642.9
21532,24632,687.6812040354517,619.1264991514238,969.1,642.9
21532,24633,687.6812040354517,619.1264991514238,969.1,642.9
21532,24634,687.6812040354517,619.1264991514238,969.1,642.9
21532,24635,687.6812040354517,619.1264991514238,969.1,642.9
21532,24636,687.6812040354517,619.1264991514238,969.1,642.9
21532,24637,687.6812040354517,619.1264991514238,969.1,642.9
21532,24638,687.6812040354517,619.1264991514238,969.1,642.9
21532,24639,687.6812040354517,619.1264991514238,969.1,642.9
21532,24640,687.6812040354517,619.1264991514238,969.1,642.9
21532,24641,687.6812040354517,619.1264991514238,969.1,642.9
21532,24642,687.6812040354517,619.1264991514238,969.1,642.9
21532,24643,687.6812040354517,619.1264991514238,969.1,642.9
21532,24644,687.6812040354517,619.1264991514238,969.1,642.9
21532,24645,687.6812040354517,619.1264991514238,969.1,642.9
21532,24646,687.6812040354517,619.1264991514238,969.1,642.9
21532,24647,687.6812040354517,619.1264991514238,969.1,642.9
21532,24648,687.6812040354517,619.1264991514238,969.1,642.9
21532,24649,687.6812040354517,619.1264991514238,969.1,642.9
21532,24650,687.6812040354517,619.1264991514238,969.1,642.9
21532,24651,687.6812040354517,619.1264991514238,969.1,642.9
21532,24652,687.6812040354517,619.1264991514238,969.1,642.9
21532,24653,687.6812040354517,619.1264991514238,969.1,642.9
21532,24654,687.6812040354517,619.1264991514238,969.1,642.9
21532,24655,687.6812040354517,619.1264991514238,969.1,642.9
21532,24656,687.6812040354517,619.1264991514238,969.1,642.9
21532,24657,687.6812040354517,619.1264991514238,969.1,642.9
21532,24658,687.6812040354517,619.1264991514238,969.1,642.9
21532,24659,687.6812040354517,619.1264991514238,969.1,642.9
21532,24660,687.6812040354517,619.1264991514238,969.1,642.9
21532,24661,687.6812040354517,619.1264991514238,969.1,642.9
21532,24662,687.6812040354517,619.1264991514238,969.1,642.9
21532,24663,687.6812040354517,619.1264991514238,969.1,642.9
21532,24664,687.6812040354517,619.1264991514238,969.1,642.9
21532,24665,687.6812040354517,619.1264991514238,969.1,642.9
21532,24666,687.6812040354517,619.1264991514238,969.1,642.9
21532,24667,687.6812040354517,619.1264991514238,969.1,642.9
21532,24668,687.6812040354517,619.1264991514238,969.1,642.9
21532,24669,687.6812040354517,619.1264991514238,969.1,642.9
21532,24670,687.6812040354517,619.1264991514238,969.1,642.9
21532,24671,687.6812040354517,619.1264991514238,969.1,642.9
21532,24672,687.6812040354517,619.1264991514238,969.1,642.9
21532,24673,687.6812040354517,619.1264991514238,969.1,642.9
21532,24674,687.6812040354517,619.1264991514238,969.1,642.9
21532,24675,687.6812040354517,619.1264991514238,969.1,642.9
21532,24676,687.6812040354517,619.1264991514238,969.1,642.9
21532,24677,687.6812040354517,619.1264991514238,969.1,642.9
21532,24678,687.6812040354517,619.1264991514238,969.1,642.9
21532,24679,687.6812040354517,619.1264991514238,969.1,642.9
21532,24680,687.6812040354517,619.1264991514238,969.1,642.9
21532,24681,687.6812040354517,619.1264991514238,969.1,642.9
21532,24682,687.6812040354517,619.1264991514238,969.1,642.9
21532,24683,687.6812040354517,619.1264991514238,969.1,642.9
21532,24684,687.6812040354517,619.1264991514238,969.1,642.9
21532,24685,687.6812040354517,619.1264991514238,969.1,642.9
21532,24686,687.6812040354517,619.1264991514238,969.1,642.9
21532,24687,687.6812040354517,619.1264991514238,969.1,642.9
21532,24688,687.6812040354517,619.1264991514238,969.1,642.9
21532,24689,687.6812040354517,619.1264991514238,969.1,642.9
21532,24690,687.6812040354517,619.1264991514238,969.1,642.9
21532,24691,687.6812040354517,619.1264991514238,969.1,642.9
21532,24692,687.6812040354517,619.1264991514238,969.1,642.9
21532,24693,687.6812040354517,619.1264991514238,969.1,642.9
21532,24694,687.6812040354517,619.1264991514238,969.1,642.9
21532,24695,687.6812040354517,619.1264991514238,969.1,642.9
21532,24696,687.6812040354517,619.1264991514238,969.1,642.9
21532,24697,687.6812040354517,619.1264991514238,969.1,642.9
21532,24698,687.6812040354517,619.1264991514238,969.1,642.9
21532,24699,687.6812040354517,619.1264991514238,969.1,642.9
21532,24700,687.6812040354517,619.1264991514238,969.1,642.9
21532,24701,687.6812040354517,619.1264991514238,969.1,642.9
21532,24702,687.6812040354517,619.1264991514238,969.1,642.9
21532,24703,687.6812040354517,619.1264991514238,969.1,642.9
21532,24704,687.6812040354517,619.1264991514238,969.1,642.9
21532,24705,687.6812040354517,619.1264991514238,969.1,642.9
21532,24706,687.6812040354517,619.1264991514238,969.1,642.9
21532,24707,687.6812040354517,619.1264991514238,969.1,642.9
21532,24708,687.6812040354517,619.1264991514238,969.1,642.9
21532,24709,687.6812040354517,619.1264991514238,969.1,642.9
21532,24710,687.6812040354517,619.1264991514238,969.1,642.9
21532,24711,687.6812040354517,619.1264991514238,969.1,642.9
21532,24712,687.6812040354517,619.1264991514238,969.1,642.9
21532,24713,687.6812040354517,619.1264991514238,969.1,642.9
21532,24714,687.6812040354517,619.1264991514238,969.1,642.9
21532,24715,687.6812040354517,619.1264991514238,969.1,642.9
21532,24716,687.6812040354517,619.1264991514238,969.1,642.9
21532,24717,687.6812040354517,619.1264991514238,969.1,642.9
21532,24718,687.6812040354517,619.1264991514238,969.1,642.9
21532,24719,687.6812040354517,619.1264991514238,969.1,642.9
21532,24720,687.6812040354517,619.1264991514238,969.1,642.9
21532,24721,687.6812040354517,619.1264991514238,969.1,642.9
21532,24722,687.6812040354517,619.1264991514238,969.1,642.9
21532,24723,687.6812040354517,619.1264991514238,969.1,642.9
21532,24724,687.6812040354517,619.1264991514238,969.1,642.9
21532,24725,687.6812040354517,619.1264991514238,969.1,642.9
21532,24726,687.6812040354517,619.1264991514238,969.1,642.9
21532,24727,687.6812040354517,619.1264991514238,969.1,642.9
21532,24728,687.6812040354517,619.1264991514238,969.1,642.9
21532,24729,687.6812040354517,619.1264991514238,969.1,642.9
21532,24730,687.6812040354517,619.1264991514238,969.1,642.9
21532,24731,687.6812040354517,619.1264991514238,969.1,642.9
21532,24732,687.6812040354517,619.1264991514238,969.1,642.9
21532,24733,687.6812040354517,619.1264991514238,969.1,642.9
21532,24734,687.6812040354517,619.1264991514238,969.1,642.9
21532,24735,687.6812040354517,619.1264991514238,969.1,642.9
21532,24736,687.6812040354517,619.1264991514238,969.1,642.9
21532,24737,687.6812040354517,619.1264991514238,969.1,642.9
21532,24738,687.6812040354517,619.1264991514238,969.1,642.9
21532,24739,687.6812040354517,619.1264991514238,969.1,642.9
21532,24740,687.6812040354517,619.1264991514238,969.1,642.9
21532,24741,687.6812040354517,619.1264991514238,969.1,642.9
21532,24742,687.6812040354517,619.1264991514238,969.1,642.9
21532,24743,687.6812040354517,619.1264991514238,969.1,642.9
21532,24744,687.6812040354517,619.1264991514238,969.1,642.9
21532,24745,687.6812040354517,619.1264991514238,969.1,642.9
21532,24746,687.6812040354517,619.1264991514238,969.1,642.9
21532,24747,687.6812040354517,619.1264991514238,969.1,642.9
21532,24748,687.6812040354517,619.1264991514238,969.1,642.9
21532,24749,687.6812040354517,619.1264991514238,969.1,642.9
21532,24750,687.6812040354517,619.1264991514238,969.1,642.9
21532,24751,687.6812040354517,619.1264991514238,969.1,642.9
21532,24752,687.6812040354517,619.1264991514238,969.1,642.9
21532,24753,687.6812040354517,619.1264991514238,969.1,642.9
21532,24754,687.6812040354517,619.1264991514238,969.1,642.9
21532,24755,687.6812040354517,619.1264991514238,969.1,642.9
21532,24756,687.6812040354517,619.1264991514238,969.1,642.9
21532,24757,687.6812040354517,619.1264991514238,969.1,642.9
21532,24758,687.6812040354517,619.1264991514238,969.1,642.9
21532,24759,687.6812040354517,619.1264991514238,969.1,642.9
21532,24760,687.6812040354517,619.1264991514238,969.1,642.9
21532,24761,687.6812040354517,619.1264991514238,969.1,642.9
21532,24762,687.6812040354517,619.1264991514238,969.1,642.9
21532,24763,687.6812040354517,619.1264991514238,969.1,642.9
21532,24764,687.6812040354517,619.1264991514238,969.1,642.9
21532,24765,687.6812040354517,619.1264991514238,969.1,642.9
21532,24766,687.6812040354517,619.1264991514238,969.1,642.9
21532,24767,687.6812040354517,619.1264991514238,969.1,642.9
21532,24768,687.6812040354517,619.1264991514238,969.1,642.9
21532,24769,687.6812040354517,619.1264991514238,969.1,642.9
21532,24770,687.6812040354517,619.1264991514238,969.1,642.9
21532,24771,687.6812040354517,619.1264991514238,969.1,642.9
21532,24772,687.6812040354517,619.1264991514238,969.1,642.9
21532,24773,687.6812040354517,619.1264991514238,969.1,642.9
21532,24774,687.6812040354517,619.1264991514238,969.1,642.9
21532,24775,687.6812040354517,619.1264991514238,969.1,642.9
21532,24776,687.6812040354517,619.1264991514238,969.1,642.9
21532,24777,687.6812040354517,619.1264991514238,969.1,642.9
21532,24778,687.6812040354517,619.1264991514238,969.1,642.9
21532,24779,687.6812040354517,619.1264991514238,969.1,642.9
21532,24780,687.6812040354517,619.1264991514238,969.1,642.9
21532,24781,687.6812040354517,619.1264991514238,969.1,642.9
21532,24782,687.6812040354517,619.1264991514238,969.1,642.9
21532,24783,687.6812040354517,619.1264991514238,969.1,642.9
21532,24784,687.6812040354517,619.1264991514238,969.1,642.9
21532,24785,687.6812040354517,619.1264991514238,969.1,642.9
21532,24786,687.6812040354517,619.1264991514238,969.1,642.9
21532,24787,687.6812040354517,619.1264991514238,969.1,642.9
21532,24788,687.6812040354517,619.1264991514238,969.1,642.9
21532,24789,687.6812040354517,619.1264991514238,969.1,642.9
21532,24790,687.6812040354517,619.1264991514238,969.1,642.9
21532,24791,687.6812040354517,619.1264991514238,969.1,642.9
21532,24792,687.6812040354517,619.1264991514238,969.1,642.9
21532,24793,687.6812040354517,619.1264991514238,969.1,642.9
21532,24794,687.6812040354517,619.1264991514238,969.1,642.9
21532,24795,687.6812040354517,619.1264991514238,969.1,642.9
21532,24796,687.6812040354517,619.1264991514238,969.1,642.9
21532,24797,687.6812040354517,619.1264991514238,969.1,642.9
21532,24798,687.6812040354517,619.1264991514238,969.1,642.9
21532,24799,687.6812040354517,619.1264991514238,969.1,642.9
21532,24800,687.6812040354517,619.1264991514238,969.1,642.9
21532,24801,687.6812040354517,619.1264991514238,969.1,642.9
21532,24802,687.6812040354517,619.1264991514238,969.1,642.9
21532,24803,687.6812040354517,619.1264991514238,969.1,642.9
21532,24804,687.6812040354517,619.1264991514238,969.1,642.9
21532,24805,687.6812040354517,619.1264991514238,969.1,642.9
21532,24806,687.6812040354517,619.1264991514238,969.1,642.9
21532,24807,687.6812040354517,619.1264991514238,969.1,642.9
21532,24808,687.6812040354517,619.1264991514238,969.1,642.9
21532,24809,687.6812040354517,619.1264991514238,969.1,642.9
21532,24810,687.6812040354517,619.1264991514238,969.1,642.9
21532,24811,687.6812040354517,619.1264991514238,969.1,642.9
21532,24812,687.6812040354517,619.1264991514238,969.1,642.9
21532,24813,687.6812040354517,619.1264991514238,969.1,642.9
21532,24814,687.6812040354517,619.1264991514238,969.1,642.9
21532,24815,687.6812040354517,619.1264991514238,969.1,642.9
21532,24816,687.6812040354517,619.1264991514238,969.1,642.9
21532,24817,687.6812040354517,619.1264991514238,969.1,642.9
21532,24818,687.6812040354517,619.1264991514238,969.1,642.9
21532,24819,687.6812040354517,619.1264991514238,969.1,642.9
21532,24820,687.6812040354517,619.1264991514238,969.1,642.9
21532,24821,687.6812040354517,619.1264991514238,969.1,642.9
21532,24822,687.6812040354517,619.1264991514238,969.1,642.9
21532,24823,687.6812040354517,619.1264991514238,969.1,642.9
21532,24824,687.6812040354517,619.1264991514238,969.1,642.9
21532,24825,687.6812040354517,619.1264991514238,969.1,642.9
21532,24826,687.6812040354517,619.1264991514238,969.1,642.9
21532,24827,687.6812040354517,619.1264991514238,969.1,642.9
21532,24828,687.6812040354517,619.1264991514238,969.1,642.9
21532,24829,687.6812040354517,619.1264991514238,969.1,642.9
21532,24830,687.6812040354517,619.1264991514238,969.1,642.9
21532,24831,687.6812040354517,619.1264991514238,969.1,642.9
21532,24832,687.6812040354517,619.1264991514238,969.1,642.9
21532,24833,687.6812040354517,619.1264991514238,969.1,642.9
21532,24834,687.6812040354517,619.1264991514238,969.1,642.9
21532,24835,687.6812040354517,619.1264991514238,969.1,642.9
21532,24836,687.6812040354517,619.1264991514238,969.1,642.9
21532,24837,687.6812040354517,619.1264991514238,969.1,642.9
21532,24838,687.6812040354517,619.1264991514238,969.1,642.9
21532,24839,687.6812040354517,619.1264991514238,969.1,642.9
21532,24840,687.6812040354517,619.1264991514238,969.1,642.9
21532,24841,687.6812040354517,619.1264991514238,969.1,642.9
21532,24842,687.6812040354517,619.1264991514238,969.1,642.9
21532,24843,687.6812040354517,619.1264991514238,969.1,642.9
21532,24844,687.6812040354517,619.1264991514238,969.1,642.9
21532,24845,687.6812040354517,619.1264991514238,969.1,642.9
21532,24846,687.6812040354517,619.1264991514238,969.1,642.9
21532,24847,687.6812040354517,619.1264991514238,969.1,642.9
21532,24848,687.6812040354517,619.1264991514238,969.1,642.9
21532,24849,687.6812040354517,619.1264991514238,969.1,642.9
21532,24850,687.6812040354517,619.1264991514238,969.1,642.9
21532,24851,687.6812040354517,619.1264991514238,969.1,642.9
21532,24852,687.6812040354517,619.1264991514238,969.1,642.9
21532,24853,687.6812040354517,619.1264991514238,969.1,642.9
21532,24854,687.6812040354517,619.1264991514238,969.1,642.9
21532,24855,687.6812040354517,619.1264991514238,969.1,642.9
21532,24856,687.6812040354517,619.1264991514238,969.1,642.9
21532,24857,687.6812040354517,619.1264991514238,969.1,642.9
21532,24858,687.6812040354517,619.1264991514238,969.1,642.9
21532,24859,687.6812040354517,619.1264991514238,969.1,642.9
21532,24860,687.6812040354517,619.1264991514238,969.1,642.9
21532,24861,687.6812040354517,619.1264991514238,969.1,642.9
21532,24862,687.6812040354517,619.1264991514238,969.1,642.9
21532,24863,687.6812040354517,619.1264991514238,969.1,642.9
21532,24864,687.6812040354517,619.1264991514238,969.1,642.9
21532,24865,687.6812040354517,619.1264991514238,969.1,642.9
21532,24866,687.6812040354517,619.1264991514238,969.1,642.9
21532,24867,687.6812040354517,619.1264991514238,969.1,642.9
21532,24868,687.6812040354517,619.1264991514238,969.1,642.9
21532,24869,687.6812040354517,619.1264991514238,969.1,642.9
21532,24870,687.6812040354517,619.1264991514238,969.1,642.9
21532,24871,687.6812040354517,619.1264991514238,969.1,642.9
21532,24872,687.6812040354517,619.1264991514238,969.1,642.9
21532,24873,687.6812040354517,619.1264991514238,969.1,642.9
21532,24874,687.6812040354517,619.1264991514238,969.1,642.9
21532,24875,687.6812040354517,619.1264991514238,969.1,642.9
21532,24876,687.6812040354517,619.1264991514238,969.1,642.9
21532,24877,687.6812040354517,619.1264991514238,969.1,642.9
21532,24878,687.6812040354517,619.1264991514238,969.1,642.9
21532,24879,687.6812040354517,619.1264991514238,969.1,642.9
21532,24880,687.6812040354517,619.1264991514238,969.1,642.9
21532,24881,687.6812040354517,619.1264991514238,969.1,642.9
21532,24882,687.6812040354517,619.1264991514238,969.1,642.9
21532,24883,687.6812040354517,619.1264991514238,969.1,642.9
21532,24884,687.6812040354517,619.1264991514238,969.1,642.9
21532,24885,687.6812040354517,619.1264991514238,969.1,642.9
21532,24886,687.6812040354517,619.1264991514238,969.1,642.9
21532,24887,687.6812040354517,619.1264991514238,969.1,642.9
21532,24888,687.6812040354517,619.1264991514238,969.1,642.9
21532,24889,687.6812040354517,619.1264991514238,969.1,642.9
21532,24890,687.6812040354517,619.1264991514238,969.1,642.9
21532,24891,687.6812040354517,619.1264991514238,969.1,642.9
21532,24892,687.6812040354517,619.1264991514238,969.1,642.9
21532,24893,687.6812040354517,619.1264991514238,969.1,642.9
21532,24894,687.6812040354517,619.1264991514238,969.1,642.9
21532,24895,687.6812040354517,619.1264991514238,969.1,642.9
21532,24896,687.6812040354517,619.1264991514238,969.1,642.9
21532,24897,687.6812040354517,619.1264991514238,969.1,642.9
21532,24898,687.6812040354517,619.1264991514238,969.1,642.9
21532,24899,687.6812040354517,619.1264991514238,969.1,642.9
21532,24900,687.6812040354517,619.1264991514238,969.1,642.9
21532,24901,687.6812040354517,619.1264991514238,969.1,642.9
21532,24902,687.6812040354517,619.1264991514238,969.1,642.9
21532,24903,687.6812040354517,619.1264991514238,969.1,642.9
21532,24904,687.6812040354517,619.1264991514238,969.1,642.9
21532,24905,687.6812040354517,619.1264991514238,969.1,642.9
21532,24906,687.6812040354517,619.1264991514238,969.1,642.9
21532,24907,687.6812040354517,619.1264991514238,969.1,642.9
21532,24908,687.6812040354517,619.1264991514238,969.1,642.9
21532,24909,687.6812040354517,619.1264991514238,969.1,642.9
21532,24910,687.6812040354517,619.1264991514238,969.1,642.9
21532,24911,687.6812040354517,619.1264991514238,969.1,642.9
21532,24912,687.6812040354517,619.1264991514238,969.1,642.9
21532,24913,687.6812040354517,619.1264991514238,969.1,642.9
21532,24914,687.6812040354517,619.1264991514238,969.1,642.9
21532,24915,687.6812040354517,619.1264991514238,969.1,642.9
21532,24916,687.6812040354517,619.1264991514238,969.1,642.9
21532,24917,687.6812040354517,619.1264991514238,969.1,642.9
21532,24918,687.6812040354517,619.1264991514238,969.1,642.9
21532,24919,687.6812040354517,619.1264991514238,969.1,642.9
21532,24920,687.6812040354517,619.1264991514238,969.1,642.9
21532,24921,687.6812040354517,619.1264991514238,969.1,642.9
21532,24922,687.6812040354517,619.1264991514238,969.1,642.9
21532,24923,687.6812040354517,619.1264991514238,969.1,642.9
21532,24924,687.6812040354517,619.1264991514238,969.1,642.9
21532,24925,687.6812040354517,619.1264991514238,969.1,642.9
21532,24926,687.6812040354517,619.1264991514238,969.1,642.9
21532,24927,687.6812040354517,619.1264991514238,969.1,642.9
21532,24928,687.6812040354517,619.1264991514238,969.1,642.9
21532,24929,687.6812040354517,619.1264991514238,969.1,642.9
21532,24930,687.6812040354517,619.1264991514238,969.1,642.9
21532,24931,687.6812040354517,619.1264991514238,969.1,642.9
21532,24932,687.6812040354517,619.1264991514238,969.1,642.9
21532,24933,687.6812040354517,619.1264991514238,969.1,642.9
21532,24934,687.6812040354517,619.1264991514238,969.1,642.9
21532,24935,687.6812040354517,619.1264991514238,969.1,642.9
21532,24936,687.6812040354517,619.1264991514238,969.1,642.9
21532,24937,687.6812040354517,619.1264991514238,969.1,642.9
21532,24938,687.6812040354517,619.1264991514238,969.1,642.9
21532,24939,687.6812040354517,619.1264991514238,969.1,642.9
21532,24940,687.6812040354517,619.1264991514238,969.1,642.9
21532,24941,687.6812040354517,619.1264991514238,969.1,642.9
21532,24942,687.6812040354517,619.1264991514238,969.1,642.9
21532,24943,687.6812040354517,619.1264991514238,969.1,642.9
21532,24944,687.6812040354517,619.1264991514238,969.1,642.9
21532,24945,687.6812040354517,619.1264991514238,969.1,642.9
21532,24946,687.6812040354517,619.1264991514238,969.1,642.9
21532,24947,687.6812040354517,619.1264991514238,969.1,642.9
21532,24948,687.6812040354517,619.1264991514238,969.1,642.9
21532,24949,687.6812040354517,619.1264991514238,969.1,642.9
21532,24950,687.6812040354517,619.1264991514238,969.1,642.9
21532,24951,687.6812040354517,619.1264991514238,969.1,642.9
21532,24952,687.6812040354517,619.1264991514238,969.1,642.9
21532,24953,687.6812040354517,619.1264991514238,969.1,642.9
21532,24954,687.6812040354517,619.1264991514238,969.1,642.9
21532,24955,687.6812040354517,619.1264991514238,969.1,642.9
21532,24956,687.6812040354517,619.1264991514238,969.1,642.9
21532,24957,687.6812040354517,619.1264991514238,969.1,642.9
21532,24958,687.6812040354517,619.1264991514238,969.1,642.9
21532,24959,687.6812040354517,619.1264991514238,969.1,642.9
21532,24960,687.6812040354517,619.1264991514238,969.1,642.9
21532,24961,687.6812040354517,619.1264991514238,969.1,642.9
21532,24962,687.6812040354517,619.1264991514238,969.1,642.9
21532,24963,687.6812040354517,619.1264991514238,969.1,642.9
21532,24964,687.6812040354517,619.1264991514238,969.1,642.9
21532,24965,687.6812040354517,619.1264991514238,969.1,642.9
21532,24966,687.6812040354517,619.1264991514238,969.1,642.9
21532,24967,687.6812040354517,619.1264991514238,969.1,642.9
21532,24968,687.6812040354517,619.1264991514238,969.1,642.9
21532,24969,687.6812040354517,619.1264991514238,969.1,642.9
21532,24970,687.6812040354517,619.1264991514238,969.1,642.9
21532,24971,687.6812040354517,619.1264991514238,969.1,642.9
21532,24972,687.6812040354517,619.1264991514238,969.1,642.9
21532,24973,687.6812040354517,619.1264991514238,969.1,642.9
21532,24974,687.6812040354517,619.1264991514238,969.1,642.9
21532,24975,687.6812040354517,619.1264991514238,969.1,642.9
21532,24976,687.6812040354517,619.1264991514238,969.1,642.9
21532,24977,687.6812040354517,619.1264991514238,969.1,642.9
21532,24978,687.6812040354517,619.1264991514238,969.1,642.9
21532,24979,687.6812040354517,619.1264991514238,969.1,642.9
21532,24980,687.6812040354517,619.1264991514238,969.1,642.9
21532,24981,687.6812040354517,619.1264991514238,969.1,642.9
21532,24982,687.6812040354517,619.1264991514238,969.1,642.9
21532,24983,687.6812040354517,619.1264991514238,969.1,642.9
21532,24984,687.6812040354517,619.1264991514238,969.1,642.9
21532,24985,687.6812040354517,619.1264991514238,969.1,642.9
21532,24986,687.6812040354517,619.1264991514238,969.1,642.9
21532,24987,687.6812040354517,619.1264991514238,969.1,642.9
21532,24988,687.6812040354517,619.1264991514238,969.1,642.9
21532,24989,687.6812040354517,619.1264991514238,969.1,642.9
21532,24990,687.6812040354517,619.1264991514238,969.1,642.9
21532,24991,687.6812040354517,619.1264991514238,969.1,642.9
21532,24992,687.6812040354517,619.1264991514238,969.1,642.9
21532,24993,687.6812040354517,619.1264991514238,969.1,642.9
21532,24994,687.6812040354517,619.1264991514238,969.1,642.9
21532,24995,687.6812040354517,619.1264991514238,969.1,642.9
21532,24996,687.6812040354517,619.1264991514238,969.1,642.9
21532,24997,687.6812040354517,619.1264991514238,969.1,642.9
21532,24998,687.6812040354517,619.1264991514238,969.1,642.9
21532,24999,687.6812040354517,619.1264991514238,969.1,642.9
21532,25000,687.6812040354517,619.1264991514238,969.1,642.9
21532,25001,687.6812040354517,619.1264991514238,969.1,642.9
21532,25002,687.6812040354517,619.1264991514238,969.1,642.9
21532,25003,687.6812040354517,619.1264991514238,969.1,642.9
21532,25004,687.6812040354517,619.1264991514238,969.1,642.9
21532,25005,687.6812040354517,619.1264991514238,969.1,642.9
21532,25006,687.6812040354517,619.1264991514238,969.1,642.9
21532,25007,687.6812040354517,619.1264991514238,969.1,642.9
21532,25008,687.6812040354517,619.1264991514238,969.1,642.9
21532,25009,687.6812040354517,619.1264991514238,969.1,642.9
21532,25010,687.6812040354517,619.1264991514238,969.1,642.9
21532,25011,687.6812040354517,619.1264991514238,969.1,642.9
21532,25012,687.6812040354517,619.1264991514238,969.1,642.9
21532,25013,687.6812040354517,619.1264991514238,969.1,642.9
21532,25014,687.6812040354517,619.1264991514238,969.1,642.9
21532,25015,687.6812040354517,619.1264991514238,969.1,642.9
21532,25016,687.6812040354517,619.1264991514238,969.1,642.9
21532,25017,687.6812040354517,619.1264991514238,969.1,642.9
21532,25018,687.6812040354517,619.1264991514238,969.1,642.9
21532,25019,687.6812040354517,619.1264991514238,969.1,642.9
21532,25020,687.6812040354517,619.1264991514238,969.1,642.9
21532,25021,687.6812040354517,619.1264991514238,969.1,642.9
21532,25022,687.6812040354517,619.1264991514238,969.1,642.9
21532,25023,687.6812040354517,619.1264991514238,969.1,642.9
21532,25024,687.6812040354517,619.1264991514238,969.1,642.9
21532,25025,687.6812040354517,619.1264991514238,969.1,642.9
21532,25026,687.6812040354517,619.1264991514238,969.1,642.9
21532,25027,687.6812040354517,619.1264991514238,969.1,642.9
21532,25028,687.6812040354517,619.1264991514238,969.1,642.9
21532,25029,687.6812040354517,619.1264991514238,969.1,642.9
21532,25030,687.6812040354517,619.1264991514238,969.1,642.9
21532,25031,687.6812040354517,619.1264991514238,969.1,642.9
21532,25032,687.6812040354517,619.1264991514238,969.1,642.9
21532,25033,687.6812040354517,619.1264991514238,969.1,642.9
21532,25034,687.6812040354517,619.1264991514238,969.1,642.9
21532,25035,687.6812040354517,619.1264991514238,969.1,642.9
21532,25036,687.6812040354517,619.1264991514238,969.1,642.9
21532,25037,687.6812040354517,619.1264991514238,969.1,642.9
21532,25038,687.6812040354517,619.1264991514238,969.1,642.9
21532,25039,687.6812040354517,619.1264991514238,969.1,642.9
21532,25040,687.6812040354517,619.1264991514238,969.1,642.9
21532,25041,687.6812040354517,619.1264991514238,969.1,642.9
21532,25042,687.6812040354517,619.1264991514238,969.1,642.9
21532,25043,687.6812040354517,619.1264991514238,969.1,642.9
21532,25044,687.6812040354517,619.1264991514238,969.1,642.9
21532,25045,687.6812040354517,619.1264991514238,969.1,642.9
21532,25046,687.6812040354517,619.1264991514238,969.1,642.9
21532,25047,687.6812040354517,619.1264991514238,969.1,642.9
21532,25048,687.6812040354517,619.1264991514238,969.1,642.9
21532,25049,687.6812040354517,619.1264991514238,969.1,642.9
21532,25050,687.6812040354517,619.1264991514238,969.1,642.9
21532,25051,687.6812040354517,619.1264991514238,969.1,642.9
21532,25052,687.6812040354517,619.1264991514238,969.1,642.9
21532,25053,687.6812040354517,619.1264991514238,969.1,642.9
21532,25054,687.6812040354517,619.1264991514238,969.1,642.9
21532,25055,687.6812040354517,619.1264991514238,969.1,642.9
21532,25056,687.6812040354517,619.1264991514238,969.1,642.9
21532,25057,687.6812040354517,619.1264991514238,969.1,642.9
21532,25058,687.6812040354517,619.1264991514238,969.1,642.9
21532,25059,687.6812040354517,619.1264991514238,969.1,642.9
21532,25060,687.6812040354517,619.1264991514238,969.1,642.9
21532,25061,687.6812040354517,619.1264991514238,969.1,642.9
21532,25062,687.6812040354517,619.1264991514238,969.1,642.9
21532,25063,687.6812040354517,619.1264991514238,969.1,642.9
21532,25064,687.6812040354517,619.1264991514238,969.1,642.9
21532,25065,687.6812040354517,619.1264991514238,969.1,642.9
21532,25066,687.6812040354517,619.1264991514238,969.1,642.9
21532,25067,687.6812040354517,619.1264991514238,969.1,642.9
21532,25068,687.6812040354517,619.1264991514238,969.1,642.9
21532,25069,687.6812040354517,619.1264991514238,969.1,642.9
21532,25070,687.6812040354517,619.1264991514238,969.1,642.9
21532,25071,687.6812040354517,619.1264991514238,969.1,642.9
21532,25072,687.6812040354517,619.1264991514238,969.1,642.9
21532,25073,687.6812040354517,619.1264991514238,969.1,642.9
21532,25074,687.6812040354517,619.1264991514238,969.1,642.9
21532,25075,687.6812040354517,619.1264991514238,969.1,642.9
21532,25076,687.6812040354517,619.1264991514238,969.1,642.9
21532,25077,687.6812040354517,619.1264991514238,969.1,642.9
21532,25078,687.6812040354517,619.1264991514238,969.1,642.9
21532,25079,687.6812040354517,619.1264991514238,969.1,642.9
21532,25080,687.6812040354517,619.1264991514238,969.1,642.9
21532,25081,687.6812040354517,619.1264991514238,969.1,642.9
21532,25082,687.6812040354517,619.1264991514238,969.1,642.9
21532,25083,687.6812040354517,619.1264991514238,969.1,642.9
21532,25084,687.6812040354517,619.1264991514238,969.1,642.9
21532,25085,687.6812040354517,619.1264991514238,969.1,642.9
21532,25086,687.6812040354517,619.1264991514238,969.1,642.9
21532,25087,687.6812040354517,619.1264991514238,969.1,642.9
21532,25088,687.6812040354517,619.1264991514238,969.1,642.9
21532,25089,687.6812040354517,619.1264991514238,969.1,642.9
21532,25090,687.6812040354517,619.1264991514238,969.1,642.9
21532,25091,687.6812040354517,619.1264991514238,969.1,642.9
21532,25092,687.6812040354517,619.1264991514238,969.1,642.9
21532,25093,687.6812040354517,619.1264991514238,969.1,642.9
21532,25094,687.6812040354517,619.1264991514238,969.1,642.9
21532,25095,687.6812040354517,619.1264991514238,969.1,642.9
21532,25096,687.6812040354517,619.1264991514238,969.1,642.9
21532,25097,687.6812040354517,619.1264991514238,969.1,642.9
21532,25098,687.6812040354517,619.1264991514238,969.1,642.9
21532,25099,687.6812040354517,619.1264991514238,969.1,642.9
21532,25100,687.6812040354517,619.1264991514238,969.1,642.9
21532,25101,687.6812040354517,619.1264991514238,969.1,642.9
21532,25102,687.6812040354517,619.1264991514238,969.1,642.9
21532,25103,687.6812040354517,619.1264991514238,969.1,642.9
21532,25104,687.6812040354517,619.1264991514238,969.1,642.9
21532,25105,687.6812040354517,619.1264991514238,969.1,642.9
21532,25106,687.6812040354517,619.1264991514238,969.1,642.9
21532,25107,687.6812040354517,619.1264991514238,969.1,642.9
21532,25108,687.6812040354517,619.1264991514238,969.1,642.9
21532,25109,687.6812040354517,619.1264991514238,969.1,642.9
21532,25110,687.6812040354517,619.1264991514238,969.1,642.9
21532,25111,687.6812040354517,619.1264991514238,969.1,642.9
21532,25112,687.6812040354517,619.1264991514238,969.1,642.9
21532,25113,687.6812040354517,619.1264991514238,969.1,642.9
21532,25114,687.6812040354517,619.1264991514238,969.1,642.9
21532,25115,687.6812040354517,619.1264991514238,969.1,642.9
21532,25116,687.6812040354517,619.1264991514238,969.1,642.9
21532,25117,687.6812040354517,619.1264991514238,969.1,642.9
21532,25118,687.6812040354517,619.1264991514238,969.1,642.9
21532,25119,687.6812040354517,619.1264991514238,969.1,642.9
21532,25120,687.6812040354517,619.1264991514238,969.1,642.9
21532,25121,687.6812040354517,619.1264991514238,969.1,642.9
21532,25122,687.6812040354517,619.1264991514238,969.1,642.9
21532,25123,687.6812040354517,619.1264991514238,969.1,642.9
21532,25124,687.6812040354517,619.1264991514238,969.1,642.9
21532,25125,687.6812040354517,619.1264991514238,969.1,642.9
21532,25126,687.6812040354517,619.1264991514238,969.1,642.9
21532,25127,687.6812040354517,619.1264991514238,969.1,642.9
21532,25128,687.6812040354517,619.1264991514238,969.1,642.9
21532,25129,687.6812040354517,619.1264991514238,969.1,642.9
21532,25130,687.6812040354517,619.1264991514238,969.1,642.9
21532,25131,687.6812040354517,619.1264991514238,969.1,642.9
21532,25132,687.6812040354517,619.1264991514238,969.1,642.9
21532,25133,687.6812040354517,619.1264991514238,969.1,642.9
21532,25134,687.6812040354517,619.1264991514238,969.1,642.9
21532,25135,687.6812040354517,619.1264991514238,969.1,642.9
21532,25136,687.6812040354517,619.1264991514238,969.1,642.9
21532,25137,687.6812040354517,619.1264991514238,969.1,642.9
21532,25138,687.6812040354517,619.1264991514238,969.1,642.9
21532,25139,687.6812040354517,619.1264991514238,969.1,642.9
21532,25140,687.6812040354517,619.1264991514238,969.1,642.9
21532,25141,687.6812040354517,619.1264991514238,969.1,642.9
21532,25142,687.6812040354517,619.1264991514238,969.1,642.9
21532,25143,687.6812040354517,619.1264991514238,969.1,642.9
21532,25144,687.6812040354517,619.1264991514238,969.1,642.9
21532,25145,687.6812040354517,619.1264991514238,969.1,642.9
21532,25146,687.6812040354517,619.1264991514238,969.1,642.9
21532,25147,687.6812040354517,619.1264991514238,969.1,642.9
21532,25148,687.6812040354517,619.1264991514238,969.1,642.9
21532,25149,687.6812040354517,619.1264991514238,969.1,642.9
21532,25150,687.6812040354517,619.1264991514238,969.1,642.9
21532,25151,687.6812040354517,619.1264991514238,969.1,642.9
21532,25152,687.6812040354517,619.1264991514238,969.1,642.9
21532,25153,687.6812040354517,619.1264991514238,969.1,642.9
21532,25154,687.6812040354517,619.1264991514238,969.1,642.9
21532,25155,687.6812040354517,619.1264991514238,969.1,642.9
21532,25156,687.6812040354517,619.1264991514238,969.1,642.9
21532,25157,687.6812040354517,619.1264991514238,969.1,642.9
21532,25158,687.6812040354517,619.1264991514238,969.1,642.9
21532,25159,687.6812040354517,619.1264991514238,969.1,642.9
21532,25160,687.6812040354517,619.1264991514238,969.1,642.9
21532,25161,687.6812040354517,619.1264991514238,969.1,642.9
21532,25162,687.6812040354517,619.1264991514238,969.1,642.9
21532,25163,687.6812040354517,619.1264991514238,969.1,642.9
21532,25164,687.6812040354517,619.1264991514238,969.1,642.9
21532,25165,687.6812040354517,619.1264991514238,969.1,642.9
21532,25166,687.6812040354517,619.1264991514238,969.1,642.9
21532,25167,687.6812040354517,619.1264991514238,969.1,642.9
21532,25168,687.6812040354517,619.1264991514238,969.1,642.9
21532,25169,687.6812040354517,619.1264991514238,969.1,642.9
21532,25170,687.6812040354517,619.1264991514238,969.1,642.9
21532,25171,687.6812040354517,619.1264991514238,969.1,642.9
21532,25172,687.6812040354517,619.1264991514238,969.1,642.9
21532,25173,687.6812040354517,619.1264991514238,969.1,642.9
21532,25174,687.6812040354517,619.1264991514238,969.1,642.9
21532,25175,687.6812040354517,619.1264991514238,969.1,642.9
21532,25176,687.6812040354517,619.1264991514238,969.1,642.9
21532,25177,687.6812040354517,619.1264991514238,969.1,642.9
21532,25178,687.6812040354517,619.1264991514238,969.1,642.9
21532,25179,687.6812040354517,619.1264991514238,969.1,642.9
21532,25180,687.6812040354517,619.1264991514238,969.1,642.9
21532,25181,687.6812040354517,619.1264991514238,969.1,642.9
21532,25182,687.6812040354517,619.1264991514238,969.1,642.9
21532,25183,687.6812040354517,619.1264991514238,969.1,642.9
21532,25184,687.6812040354517,619.1264991514238,969.1,642.9
21532,25185,687.6812040354517,619.1264991514238,969.1,642.9
21532,25186,687.6812040354517,619.1264991514238,969.1,642.9
21532,25187,687.6812040354517,619.1264991514238,969.1,642.9
21532,25188,687.6812040354517,619.1264991514238,969.1,642.9
21532,25189,687.6812040354517,619.1264991514238,969.1,642.9
21532,25190,687.6812040354517,619.1264991514238,969.1,642.9
21532,25191,687.6812040354517,619.1264991514238,969.1,642.9
21532,25192,687.6812040354517,619.1264991514238,969.1,642.9
21532,25193,687.6812040354517,619.1264991514238,969.1,642.9
21532,25194,687.6812040354517,619.1264991514238,969.1,642.9
21532,25195,687.6812040354517,619.1264991514238,969.1,642.9
21532,25196,687.6812040354517,619.1264991514238,969.1,642.9
21532,25197,687.6812040354517,619.1264991514238,969.1,642.9
21532,25198,687.6812040354517,619.1264991514238,969.1,642.9
21532,25199,687.6812040354517,619.1264991514238,969.1,642.9
21532,25200,687.6812040354517,619.1264991514238,969.1,642.9
21532,25201,687.6812040354517,619.1264991514238,969.1,642.9
21532,25202,687.6812040354517,619.1264991514238,969.1,642.9
21532,25203,687.6812040354517,619.1264991514238,969.1,642.9
21532,25204,687.6812040354517,619.1264991514238,969.1,642.9
21532,25205,687.6812040354517,619.1264991514238,969.1,642.9
21532,25206,687.6812040354517,619.1264991514238,969.1,642.9
21532,25207,687.6812040354517,619.1264991514238,969.1,642.9
21532,25208,687.6812040354517,619.1264991514238,969.1,642.9
21532,25209,687.6812040354517,619.1264991514238,969.1,642.9
21532,25210,687.6812040354517,619.1264991514238,969.1,642.9
21532,25211,687.6812040354517,619.1264991514238,969.1,642.9
21532,25212,687.6812040354517,619.1264991514238,969.1,642.9
21532,25213,687.6812040354517,619.1264991514238,969.1,642.9
21532,25214,687.6812040354517,619.1264991514238,969.1,642.9
21532,25215,687.6812040354517,619.1264991514238,969.1,642.9
21532,25216,687.6812040354517,619.1264991514238,969.1,642.9
21532,25217,687.6812040354517,619.1264991514238,969.1,642.9
21532,25218,687.6812040354517,619.1264991514238,969.1,642.9
21532,25219,687.6812040354517,619.1264991514238,969.1,642.9
21532,25220,687.6812040354517,619.1264991514238,969.1,642.9
21532,25221,687.6812040354517,619.1264991514238,969.1,642.9
21532,25222,687.6812040354517,619.1264991514238,969.1,642.9
21532,25223,687.6812040354517,619.1264991514238,969.1,642.9
21532,25224,687.6812040354517,619.1264991514238,969.1,642.9
21532,25225,687.6812040354517,619.1264991514238,969.1,642.9
21532,25226,687.6812040354517,619.1264991514238,969.1,642.9
21532,25227,687.6812040354517,619.1264991514238,969.1,642.9
21532,25228,687.6812040354517,619.1264991514238,969.1,642.9
21532,25229,687.6812040354517,619.1264991514238,969.1,642.9
21532,25230,687.6812040354517,619.1264991514238,969.1,642.9
21532,25231,687.6812040354517,619.1264991514238,969.1,642.9
21532,25232,687.6812040354517,619.1264991514238,969.1,642.9
21532,25233,687.6812040354517,619.1264991514238,969.1,642.9
21532,25234,687.6812040354517,619.1264991514238,969.1,642.9
21532,25235,687.6812040354517,619.1264991514238,969.1,642.9
21532,25236,687.6812040354517,619.1264991514238,969.1,642.9
21532,25237,687.6812040354517,619.1264991514238,969.1,642.9
21532,25238,687.6812040354517,619.1264991514238,969.1,642.9
21532,25239,687.6812040354517,619.1264991514238,969.1,642.9
21532,25240,687.6812040354517,619.1264991514238,969.1,642.9
21532,25241,687.6812040354517,619.1264991514238,969.1,642.9
21532,25242,687.6812040354517,619.1264991514238,969.1,642.9
21532,25243,687.6812040354517,619.1264991514238,969.1,642.9
21532,25244,687.6812040354517,619.1264991514238,969.1,642.9
21532,25245,687.6812040354517,619.1264991514238,969.1,642.9
21532,25246,687.6812040354517,619.1264991514238,969.1,642.9
21532,25247,687.6812040354517,619.1264991514238,969.1,642.9
21532,25248,687.6812040354517,619.1264991514238,969.1,642.9
21532,25249,687.6812040354517,619.1264991514238,969.1,642.9
21532,25250,687.6812040354517,619.1264991514238,969.1,642.9
21532,25251,687.6812040354517,619.1264991514238,969.1,642.9
21532,25252,687.6812040354517,619.1264991514238,969.1,642.9
21532,25253,687.6812040354517,619.1264991514238,969.1,642.9
21532,25254,687.6812040354517,619.1264991514238,969.1,642.9
21532,25255,687.6812040354517,619.1264991514238,969.1,642.9
21532,25256,687.6812040354517,619.1264991514238,969.1,642.9
21532,25257,687.6812040354517,619.1264991514238,969.1,642.9
21532,25258,687.6812040354517,619.1264991514238,969.1,642.9
21532,25259,687.6812040354517,619.1264991514238,969.1,642.9
21532,25260,687.6812040354517,619.1264991514238,969.1,642.9
21532,25261,687.6812040354517,619.1264991514238,969.1,642.9
21532,25262,687.6812040354517,619.1264991514238,969.1,642.9
21532,25263,687.6812040354517,619.1264991514238,969.1,642.9
21532,25264,687.6812040354517,619.1264991514238,969.1,642.9
21532,25265,687.6812040354517,619.1264991514238,969.1,642.9
21532,25266,687.6812040354517,619.1264991514238,969.1,642.9
21532,25267,687.6812040354517,619.1264991514238,969.1,642.9
21532,25268,687.6812040354517,619.1264991514238,969.1,642.9
21532,25269,687.6812040354517,619.1264991514238,969.1,642.9
21532,25270,687.6812040354517,619.1264991514238,969.1,642.9
21532,25271,687.6812040354517,619.1264991514238,969.1,642.9
21532,25272,687.6812040354517,619.1264991514238,969.1,642.9
21532,25273,687.6812040354517,619.1264991514238,969.1,642.9
21532,25274,687.6812040354517,619.1264991514238,969.1,642.9
21532,25275,687.6812040354517,619.1264991514238,969.1,642.9
21532,25276,687.6812040354517,619.1264991514238,969.1,642.9
21532,25277,687.6812040354517,619.1264991514238,969.1,642.9
21532,25278,687.6812040354517,619.1264991514238,969.1,642.9
21532,25279,687.6812040354517,619.1264991514238,969.1,642.9
21532,25280,687.6812040354517,619.1264991514238,969.1,642.9
21532,25281,687.6812040354517,619.1264991514238,969.1,642.9
21532,25282,687.6812040354517,619.1264991514238,969.1,642.9
21532,25283,687.6812040354517,619.1264991514238,969.1,642.9
21532,25284,687.6812040354517,619.1264991514238,969.1,642.9
21532,25285,687.6812040354517,619.1264991514238,969.1,642.9
21532,25286,687.6812040354517,619.1264991514238,969.1,642.9
21532,25287,687.6812040354517,619.1264991514238,969.1,642.9
21532,25288,687.6812040354517,619.1264991514238,969.1,642.9
21532,25289,687.6812040354517,619.1264991514238,969.1,642.9
21532,25290,687.6812040354517,619.1264991514238,969.1,642.9
21532,25291,687.6812040354517,619.1264991514238,969.1,642.9
21532,25292,687.6812040354517,619.1264991514238,969.1,642.9
21532,25293,687.6812040354517,619.1264991514238,969.1,642.9
21532,25294,687.6812040354517,619.1264991514238,969.1,642.9
21532,25295,687.6812040354517,619.1264991514238,969.1,642.9
21532,25296,687.6812040354517,619.1264991514238,969.1,642.9
21532,25297,687.6812040354517,619.1264991514238,969.1,642.9
21532,25298,687.6812040354517,619.1264991514238,969.1,642.9
21532,25299,687.6812040354517,619.1264991514238,969.1,642.9
21532,25300,687.6812040354517,619.1264991514238,969.1,642.9
21532,25301,687.6812040354517,619.1264991514238,969.1,642.9
21532,25302,687.6812040354517,619.1264991514238,969.1,642.9
21532,25303,687.6812040354517,619.1264991514238,969.1,642.9
21532,25304,687.6812040354517,619.1264991514238,969.1,642.9
21532,25305,687.6812040354517,619.1264991514238,969.1,642.9
21532,25306,687.6812040354517,619.1264991514238,969.1,642.9
21532,25307,687.6812040354517,619.1264991514238,969.1,642.9
21532,25308,687.6812040354517,619.1264991514238,969.1,642.9
21532,25309,687.6812040354517,619.1264991514238,969.1,642.9
21532,25310,687.6812040354517,619.1264991514238,969.1,642.9
21532,25311,687.6812040354517,619.1264991514238,969.1,642.9
21532,25312,687.6812040354517,619.1264991514238,969.1,642.9
21532,25313,687.6812040354517,619.1264991514238,969.1,642.9
21532,25314,687.6812040354517,619.1264991514238,969.1,642.9
21532,25315,687.6812040354517,619.1264991514238,969.1,642.9
21532,25316,687.6812040354517,619.1264991514238,969.1,642.9
21532,25317,687.6812040354517,619.1264991514238,969.1,642.9
21532,25318,687.6812040354517,619.1264991514238,969.1,642.9
21532,25319,687.6812040354517,619.1264991514238,969.1,642.9
21532,25320,687.6812040354517,619.1264991514238,969.1,642.9
21532,25321,687.6812040354517,619.1264991514238,969.1,642.9
21532,25322,687.6812040354517,619.1264991514238,969.1,642.9
21532,25323,687.6812040354517,619.1264991514238,969.1,642.9
21532,25324,687.6812040354517,619.1264991514238,969.1,642.9
21532,25325,687.6812040354517,619.1264991514238,969.1,642.9
21532,25326,687.6812040354517,619.1264991514238,969.1,642.9
21532,25327,687.6812040354517,619.1264991514238,969.1,642.9
21532,25328,687.6812040354517,619.1264991514238,969.1,642.9
21532,25329,687.6812040354517,619.1264991514238,969.1,642.9
21532,25330,687.6812040354517,619.1264991514238,969.1,642.9
21532,25331,687.6812040354517,619.1264991514238,969.1,642.9
21532,25332,687.6812040354517,619.1264991514238,969.1,642.9
21532,25333,687.6812040354517,619.1264991514238,969.1,642.9
21532,25334,687.6812040354517,619.1264991514238,969.1,642.9
21532,25335,687.6812040354517,619.1264991514238,969.1,642.9
21532,25336,687.6812040354517,619.1264991514238,969.1,642.9
21532,25337,687.6812040354517,619.1264991514238,969.1,642.9
21532,25338,687.6812040354517,619.1264991514238,969.1,642.9
21532,25339,687.6812040354517,619.1264991514238,969.1,642.9
21532,25340,687.6812040354517,619.1264991514238,969.1,642.9
21532,25341,687.6812040354517,619.1264991514238,969.1,642.9
21532,25342,687.6812040354517,619.1264991514238,969.1,642.9
21532,25343,687.6812040354517,619.1264991514238,969.1,642.9
21532,25344,687.6812040354517,619.1264991514238,969.1,642.9
21532,25345,687.6812040354517,619.1264991514238,969.1,642.9
21532,25346,687.6812040354517,619.1264991514238,969.1,642.9
21532,25347,687.6812040354517,619.1264991514238,969.1,642.9
21532,25348,687.6812040354517,619.1264991514238,969.1,642.9
21532,25349,687.6812040354517,619.1264991514238,969.1,642.9
21532,25350,687.6812040354517,619.1264991514238,969.1,642.9
21532,25351,687.6812040354517,619.1264991514238,969.1,642.9
21532,25352,687.6812040354517,619.1264991514238,969.1,642.9
21532,25353,687.6812040354517,619.1264991514238,969.1,642.9
21532,25354,687.6812040354517,619.1264991514238,969.1,642.9
21532,25355,687.6812040354517,619.1264991514238,969.1,642.9
21532,25356,687.6812040354517,619.1264991514238,969.1,642.9
21532,25357,687.6812040354517,619.1264991514238,969.1,642.9
21532,25358,687.6812040354517,619.1264991514238,969.1,642.9
21532,25359,687.6812040354517,619.1264991514238,969.1,642.9
21532,25360,687.6812040354517,619.1264991514238,969.1,642.9
21532,25361,687.6812040354517,619.1264991514238,969.1,642.9
21532,25362,687.6812040354517,619.1264991514238,969.1,642.9
21532,25363,687.6812040354517,619.1264991514238,969.1,642.9
21532,25364,687.6812040354517,619.1264991514238,969.1,642.9
21532,25365,687.6812040354517,619.1264991514238,969.1,642.9
21532,25366,687.6812040354517,619.1264991514238,969.1,642.9
21532,25367,687.6812040354517,619.1264991514238,969.1,642.9
21532,25368,687.6812040354517,619.1264991514238,969.1,642.9
21532,25369,687.6812040354517,619.1264991514238,969.1,642.9
21532,25370,687.6812040354517,619.1264991514238,969.1,642.9
21532,25371,687.6812040354517,619.1264991514238,969.1,642.9
21532,25372,687.6812040354517,619.1264991514238,969.1,642.9
21532,25373,687.6812040354517,619.1264991514238,969.1,642.9
21532,25374,687.6812040354517,619.1264991514238,969.1,642.9
21532,25375,687.6812040354517,619.1264991514238,969.1,642.9
21532,25376,687.6812040354517,619.1264991514238,969.1,642.9
21532,25377,687.6812040354517,619.1264991514238,969.1,642.9
21532,25378,687.6812040354517,619.1264991514238,969.1,642.9
21532,25379,687.6812040354517,619.1264991514238,969.1,642.9
21532,25380,687.6812040354517,619.1264991514238,969.1,642.9
21532,25381,687.6812040354517,619.1264991514238,969.1,642.9
21532,25382,687.6812040354517,619.1264991514238,969.1,642.9
21532,25383,687.6812040354517,619.1264991514238,969.1,642.9
21532,25384,687.6812040354517,619.1264991514238,969.1,642.9
21532,25385,687.6812040354517,619.1264991514238,969.1,642.9
21532,25386,687.6812040354517,619.1264991514238,969.1,642.9
21532,25387,687.6812040354517,619.1264991514238,969.1,642.9
21532,25388,687.6812040354517,619.1264991514238,969.1,642.9
21532,25389,687.6812040354517,619.1264991514238,969.1,642.9
21532,25390,687.6812040354517,619.1264991514238,969.1,642.9
21532,25391,687.6812040354517,619.1264991514238,969.1,642.9
21532,25392,687.6812040354517,619.1264991514238,969.1,642.9
21532,25393,687.6812040354517,619.1264991514238,969.1,642.9
21532,25394,687.6812040354517,619.1264991514238,969.1,642.9
21532,25395,687.6812040354517,619.1264991514238,969.1,642.9
21532,25396,687.6812040354517,619.1264991514238,969.1,642.9
21532,25397,687.6812040354517,619.1264991514238,969.1,642.9
21532,25398,687.6812040354517,619.1264991514238,969.1,642.9
21532,25399,687.6812040354517,619.1264991514238,969.1,642.9
21532,25400,687.6812040354517,619.1264991514238,969.1,642.9
21532,25401,687.6812040354517,619.1264991514238,969.1,642.9
21532,25402,687.6812040354517,619.1264991514238,969.1,642.9
21532,25403,687.6812040354517,619.1264991514238,969.1,642.9
21532,25404,687.6812040354517,619.1264991514238,969.1,642.9
21532,25405,687.6812040354517,619.1264991514238,969.1,642.9
21532,25406,687.6812040354517,619.1264991514238,969.1,642.9
21532,25407,687.6812040354517,619.1264991514238,969.1,642.9
21532,25408,687.6812040354517,619.1264991514238,969.1,642.9
21532,25409,687.6812040354517,619.1264991514238,969.1,642.9
21532,25410,687.6812040354517,619.1264991514238,969.1,642.9
21532,25411,687.6812040354517,619.1264991514238,969.1,642.9
21532,25412,687.6812040354517,619.1264991514238,969.1,642.9
21532,25413,687.6812040354517,619.1264991514238,969.1,642.9
21532,25414,687.6812040354517,619.1264991514238,969.1,642.9
21532,25415,687.6812040354517,619.1264991514238,969.1,642.9
21532,25416,687.6812040354517,619.1264991514238,969.1,642.9
21532,25417,687.6812040354517,619.1264991514238,969.1,642.9
21532,25418,687.6812040354517,619.1264991514238,969.1,642.9
21532,25419,687.6812040354517,619.1264991514238,969.1,642.9
21532,25420,687.6812040354517,619.1264991514238,969.1,642.9
21532,25421,687.6812040354517,619.1264991514238,969.1,642.9
21532,25422,687.6812040354517,619.1264991514238,969.1,642.9
21532,25423,687.6812040354517,619.1264991514238,969.1,642.9
21532,25424,687.6812040354517,619.1264991514238,969.1,642.9
21532,25425,687.6812040354517,619.1264991514238,969.1,642.9
21532,25426,687.6812040354517,619.1264991514238,969.1,642.9
21532,25427,687.6812040354517,619.1264991514238,969.1,642.9
21532,25428,687.6812040354517,619.1264991514238,969.1,642.9
21532,25429,687.6812040354517,619.1264991514238,969.1,642.9
21532,25430,687.6812040354517,619.1264991514238,969.1,642.9
21532,25431,687.6812040354517,619.1264991514238,969.1,642.9
21532,25432,687.6812040354517,619.1264991514238,969.1,642.9
21532,25433,687.6812040354517,619.1264991514238,969.1,642.9
21532,25434,687.6812040354517,619.1264991514238,969.1,642.9
21532,25435,687.6812040354517,619.1264991514238,969.1,642.9
21532,25436,687.6812040354517,619.1264991514238,969.1,642.9
21532,25437,687.6812040354517,619.1264991514238,969.1,642.9
21532,25438,687.6812040354517,619.1264991514238,969.1,642.9
21532,25439,687.6812040354517,619.1264991514238,969.1,642.9
21532,25440,687.6812040354517,619.1264991514238,969.1,642.9
21532,25441,687.6812040354517,619.1264991514238,969.1,642.9
21532,25442,687.6812040354517,619.1264991514238,969.1,642.9
21532,25443,687.6812040354517,619.1264991514238,969.1,642.9
21532,25444,687.6812040354517,619.1264991514238,969.1,642.9
21532,25445,687.6812040354517,619.1264991514238,969.1,642.9
21532,25446,687.6812040354517,619.1264991514238,969.1,642.9
21532,25447,687.6812040354517,619.1264991514238,969.1,642.9
21532,25448,687.6812040354517,619.1264991514238,969.1,642.9
21532,25449,687.6812040354517,619.1264991514238,969.1,642.9
21532,25450,687.6812040354517,619.1264991514238,969.1,642.9
21532,25451,687.6812040354517,619.1264991514238,969.1,642.9
21532,25452,687.6812040354517,619.1264991514238,969.1,642.9
21532,25453,687.6812040354517,619.1264991514238,969.1,642.9
21532,25454,687.6812040354517,619.1264991514238,969.1,642.9
21532,25455,687.6812040354517,619.1264991514238,969.1,642.9
21532,25456,687.6812040354517,619.1264991514238,969.1,642.9
21532,25457,687.6812040354517,619.1264991514238,969.1,642.9
21532,25458,687.6812040354517,619.1264991514238,969.1,642.9
21532,25459,687.6812040354517,619.1264991514238,969.1,642.9
21532,25460,687.6812040354517,619.1264991514238,969.1,642.9
21532,25461,687.6812040354517,619.1264991514238,969.1,642.9
21532,25462,687.6812040354517,619.1264991514238,969.1,642.9
21532,25463,687.6812040354517,619.1264991514238,969.1,642.9
21532,25464,687.6812040354517,619.1264991514238,969.1,642.9
21532,25465,687.6812040354517,619.1264991514238,969.1,642.9
21532,25466,687.6812040354517,619.1264991514238,969.1,642.9
21532,25467,687.6812040354517,619.1264991514238,969.1,642.9
21532,25468,687.6812040354517,619.1264991514238,969.1,642.9
21532,25469,687.6812040354517,619.1264991514238,969.1,642.9
21532,25470,687.6812040354517,619.1264991514238,969.1,642.9
21532,25471,687.6812040354517,619.1264991514238,969.1,642.9
21532,25472,687.6812040354517,619.1264991514238,969.1,642.9
21532,25473,687.6812040354517,619.1264991514238,969.1,642.9
21532,25474,687.6812040354517,619.1264991514238,969.1,642.9
21532,25475,687.6812040354517,619.1264991514238,969.1,642.9
21532,25476,687.6812040354517,619.1264991514238,969.1,642.9
21532,25477,687.6812040354517,619.1264991514238,969.1,642.9
21532,25478,687.6812040354517,619.1264991514238,969.1,642.9
21532,25479,687.6812040354517,619.1264991514238,969.1,642.9
21532,25480,687.6812040354517,619.1264991514238,969.1,642.9
21532,25481,687.6812040354517,619.1264991514238,969.1,642.9
21532,25482,687.6812040354517,619.1264991514238,969.1,642.9
21532,25483,687.6812040354517,619.1264991514238,969.1,642.9
21532,25484,687.6812040354517,619.1264991514238,969.1,642.9
21532,25485,687.6812040354517,619.1264991514238,969.1,642.9
21532,25486,687.6812040354517,619.1264991514238,969.1,642.9
21532,25487,687.6812040354517,619.1264991514238,969.1,642.9
21532,25488,687.6812040354517,619.1264991514238,969.1,642.9
21532,25489,687.6812040354517,619.1264991514238,969.1,642.9
21532,25490,687.6812040354517,619.1264991514238,969.1,642.9
21532,25491,687.6812040354517,619.1264991514238,969.1,642.9
21532,25492,687.6812040354517,619.1264991514238,969.1,642.9
21532,25493,687.6812040354517,619.1264991514238,969.1,642.9
21532,25494,687.6812040354517,619.1264991514238,969.1,642.9
21532,25495,687.6812040354517,619.1264991514238,969.1,642.9
21532,25496,687.6812040354517,619.1264991514238,969.1,642.9
21532,25497,687.6812040354517,619.1264991514238,969.1,642.9
21532,25498,687.6812040354517,619.1264991514238,969.1,642.9
21532,25499,687.6812040354517,619.1264991514238,969.1,642.9
21532,25500,687.6812040354517,619.1264991514238,969.1,642.9
21532,25501,687.6812040354517,619.1264991514238,969.1,642.9
21532,25502,687.6812040354517,619.1264991514238,969.1,642.9
21532,25503,687.6812040354517,619.1264991514238,969.1,642.9
21532,25504,687.6812040354517,619.1264991514238,969.1,642.9
21532,25505,687.6812040354517,619.1264991514238,969.1,642.9
21532,25506,687.6812040354517,619.1264991514238,969.1,642.9
21532,25507,687.6812040354517,619.1264991514238,969.1,642.9
21532,25508,687.6812040354517,619.1264991514238,969.1,642.9
21532,25509,687.6812040354517,619.1264991514238,969.1,642.9
21532,25510,687.6812040354517,619.1264991514238,969.1,642.9
21532,25511,687.6812040354517,619.1264991514238,969.1,642.9
21532,25512,687.6812040354517,619.1264991514238,969.1,642.9
21532,25513,687.6812040354517,619.1264991514238,969.1,642.9
21532,25514,687.6812040354517,619.1264991514238,969.1,642.9
21532,25515,687.6812040354517,619.1264991514238,969.1,642.9
21532,25516,687.6812040354517,619.1264991514238,969.1,642.9
21532,25517,687.6812040354517,619.1264991514238,969.1,642.9
21532,25518,687.6812040354517,619.1264991514238,969.1,642.9
21532,25519,687.6812040354517,619.1264991514238,969.1,642.9
21532,25520,687.6812040354517,619.1264991514238,969.1,642.9
21532,25521,687.6812040354517,619.1264991514238,969.1,642.9
21532,25522,687.6812040354517,619.1264991514238,969.1,642.9
21532,25523,687.6812040354517,619.1264991514238,969.1,642.9
21532,25524,687.6812040354517,619.1264991514238,969.1,642.9
21532,25525,687.6812040354517,619.1264991514238,969.1,642.9
21532,25526,687.6812040354517,619.1264991514238,969.1,642.9
21532,25527,687.6812040354517,619.1264991514238,969.1,642.9
21532,25528,687.6812040354517,619.1264991514238,969.1,642.9
21532,25529,687.6812040354517,619.1264991514238,969.1,642.9
21532,25530,687.6812040354517,619.1264991514238,969.1,642.9
21532,25531,687.6812040354517,619.1264991514238,969.1,642.9
21532,25532,687.6812040354517,619.1264991514238,969.1,642.9
21532,25533,687.6812040354517,619.1264991514238,969.1,642.9
21532,25534,687.6812040354517,619.1264991514238,969.1,642.9
21532,25535,687.6812040354517,619.1264991514238,969.1,642.9
21532,25536,687.6812040354517,619.1264991514238,969.1,642.9
21532,25537,687.6812040354517,619.1264991514238,969.1,642.9
21532,25538,687.6812040354517,619.1264991514238,969.1,642.9
21532,25539,687.6812040354517,619.1264991514238,969.1,642.9
21532,25540,687.6812040354517,619.1264991514238,969.1,642.9
21532,25541,687.6812040354517,619.1264991514238,969.1,642.9
21532,25542,687.6812040354517,619.1264991514238,969.1,642.9
21532,25543,687.6812040354517,619.1264991514238,969.1,642.9
21532,25544,687.6812040354517,619.1264991514238,969.1,642.9
21532,25545,687.6812040354517,619.1264991514238,969.1,642.9
21532,25546,687.6812040354517,619.1264991514238,969.1,642.9
21532,25547,687.6812040354517,619.1264991514238,969.1,642.9
21532,25548,687.6812040354517,619.1264991514238,969.1,642.9
21532,25549,687.6812040354517,619.1264991514238,969.1,642.9
21532,25550,687.6812040354517,619.1264991514238,969.1,642.9
21532,25551,687.6812040354517,619.1264991514238,969.1,642.9
21532,25552,687.6812040354517,619.1264991514238,969.1,642.9
21532,25553,687.6812040354517,619.1264991514238,969.1,642.9
21532,25554,687.6812040354517,619.1264991514238,969.1,642.9
21532,25555,687.6812040354517,619.1264991514238,969.1,642.9
21532,25556,687.6812040354517,619.1264991514238,969.1,642.9
21532,25557,687.6812040354517,619.1264991514238,969.1,642.9
21532,25558,687.6812040354517,619.1264991514238,969.1,642.9
21532,25559,687.6812040354517,619.1264991514238,969.1,642.9
21532,25560,687.6812040354517,619.1264991514238,969.1,642.9
21532,25561,687.6812040354517,619.1264991514238,969.1,642.9
21532,25562,687.6812040354517,619.1264991514238,969.1,642.9
21532,25563,687.6812040354517,619.1264991514238,969.1,642.9
21532,25564,687.6812040354517,619.1264991514238,969.1,642.9
21532,25565,687.6812040354517,619.1264991514238,969.1,642.9
21532,25566,687.6812040354517,619.1264991514238,969.1,642.9
21532,25567,687.6812040354517,619.1264991514238,969.1,642.9
21532,25568,687.6812040354517,619.1264991514238,969.1,642.9
21532,25569,687.6812040354517,619.1264991514238,969.1,642.9
21532,25570,687.6812040354517,619.1264991514238,969.1,642.9
21532,25571,687.6812040354517,619.1264991514238,969.1,642.9
21532,25572,687.6812040354517,619.1264991514238,969.1,642.9
21532,25573,687.6812040354517,619.1264991514238,969.1,642.9
21532,25574,687.6812040354517,619.1264991514238,969.1,642.9
21532,25575,687.6812040354517,619.1264991514238,969.1,642.9
21532,25576,687.6812040354517,619.1264991514238,969.1,642.9
21532,25577,687.6812040354517,619.1264991514238,969.1,642.9
21532,25578,687.6812040354517,619.1264991514238,969.1,642.9
21532,25579,687.6812040354517,619.1264991514238,969.1,642.9
21532,25580,687.6812040354517,619.1264991514238,969.1,642.9
21532,25581,687.6812040354517,619.1264991514238,969.1,642.9
21532,25582,687.6812040354517,619.1264991514238,969.1,642.9
21532,25583,687.6812040354517,619.1264991514238,969.1,642.9
21532,25584,687.6812040354517,619.1264991514238,969.1,642.9
21532,25585,687.6812040354517,619.1264991514238,969.1,642.9
21532,25586,687.6812040354517,619.1264991514238,969.1,642.9
21532,25587,687.6812040354517,619.1264991514238,969.1,642.9
21532,25588,687.6812040354517,619.1264991514238,969.1,642.9
21532,25589,687.6812040354517,619.1264991514238,969.1,642.9
21532,25590,687.6812040354517,619.1264991514238,969.1,642.9
21532,25591,687.6812040354517,619.1264991514238,969.1,642.9
21532,25592,687.6812040354517,619.1264991514238,969.1,642.9
21532,25593,687.6812040354517,619.1264991514238,969.1,642.9
21532,25594,687.6812040354517,619.1264991514238,969.1,642.9
21532,25595,687.6812040354517,619.1264991514238,969.1,642.9
21532,25596,687.6812040354517,619.1264991514238,969.1,642.9
21532,25597,687.6812040354517,619.1264991514238,969.1,642.9
21532,25598,687.6812040354517,619.1264991514238,969.1,642.9
21532,25599,687.6812040354517,619.1264991514238,969.1,642.9
21532,25600,687.6812040354517,619.1264991514238,969.1,642.9
21532,25601,687.6812040354517,619.1264991514238,969.1,642.9
21532,25602,687.6812040354517,619.1264991514238,969.1,642.9
21532,25603,687.6812040354517,619.1264991514238,969.1,642.9
21532,25604,687.6812040354517,619.1264991514238,969.1,642.9
21532,25605,687.6812040354517,619.1264991514238,969.1,642.9
21532,25606,687.6812040354517,619.1264991514238,969.1,642.9
21532,25607,687.6812040354517,619.1264991514238,969.1,642.9
21532,25608,687.6812040354517,619.1264991514238,969.1,642.9
21532,25609,687.6812040354517,619.1264991514238,969.1,642.9
21532,25610,687.6812040354517,619.1264991514238,969.1,642.9
21532,25611,687.6812040354517,619.1264991514238,969.1,642.9
21532,25612,687.6812040354517,619.1264991514238,969.1,642.9
21532,25613,687.6812040354517,619.1264991514238,969.1,642.9
21532,25614,687.6812040354517,619.1264991514238,969.1,642.9
21532,25615,687.6812040354517,619.1264991514238,969.1,642.9
21532,25616,687.6812040354517,619.1264991514238,969.1,642.9
21532,25617,687.6812040354517,619.1264991514238,969.1,642.9
21532,25618,687.6812040354517,619.1264991514238,969.1,642.9
21532,25619,687.6812040354517,619.1264991514238,969.1,642.9
21532,25620,687.6812040354517,619.1264991514238,969.1,642.9
21532,25621,687.6812040354517,619.1264991514238,969.1,642.9
21532,25622,687.6812040354517,619.1264991514238,969.1,642.9
21532,25623,687.6812040354517,619.1264991514238,969.1,642.9
21532,25624,687.6812040354517,619.1264991514238,969.1,642.9
21532,25625,687.6812040354517,619.1264991514238,969.1,642.9
21532,25626,687.6812040354517,619.1264991514238,969.1,642.9
21532,25627,687.6812040354517,619.1264991514238,969.1,642.9
21532,25628,687.6812040354517,619.1264991514238,969.1,642.9
21532,25629,687.6812040354517,619.1264991514238,969.1,642.9
21532,25630,687.6812040354517,619.1264991514238,969.1,642.9
21532,25631,687.6812040354517,619.1264991514238,969.1,642.9
21532,25632,687.6812040354517,619.1264991514238,969.1,642.9
21532,25633,687.6812040354517,619.1264991514238,969.1,642.9
21532,25634,687.6812040354517,619.1264991514238,969.1,642.9
21532,25635,687.6812040354517,619.1264991514238,969.1,642.9
21532,25636,687.6812040354517,619.1264991514238,969.1,642.9
21532,25637,687.6812040354517,619.1264991514238,969.1,642.9
21532,25638,687.6812040354517,619.1264991514238,969.1,642.9
21532,25639,687.6812040354517,619.1264991514238,969.1,642.9
21532,25640,687.6812040354517,619.1264991514238,969.1,642.9
21532,25641,687.6812040354517,619.1264991514238,969.1,642.9
21532,25642,687.6812040354517,619.1264991514238,969.1,642.9
21532,25643,687.6812040354517,619.1264991514238,969.1,642.9
21532,25644,687.6812040354517,619.1264991514238,969.1,642.9
21532,25645,687.6812040354517,619.1264991514238,969.1,642.9
21532,25646,687.6812040354517,619.1264991514238,969.1,642.9
21532,25647,687.6812040354517,619.1264991514238,969.1,642.9
21532,25648,687.6812040354517,619.1264991514238,969.1,642.9
21532,25649,687.6812040354517,619.1264991514238,969.1,642.9
21532,25650,687.6812040354517,619.1264991514238,969.1,642.9
21532,25651,687.6812040354517,619.1264991514238,969.1,642.9
21532,25652,687.6812040354517,619.1264991514238,969.1,642.9
21532,25653,687.6812040354517,619.1264991514238,969.1,642.9
21532,25654,687.6812040354517,619.1264991514238,969.1,642.9
21532,25655,687.6812040354517,619.1264991514238,969.1,642.9
21532,25656,687.6812040354517,619.1264991514238,969.1,642.9
21532,25657,687.6812040354517,619.1264991514238,969.1,642.9
21532,25658,687.6812040354517,619.1264991514238,969.1,642.9
21532,25659,687.6812040354517,619.1264991514238,969.1,642.9
21532,25660,687.6812040354517,619.1264991514238,969.1,642.9
21532,25661,687.6812040354517,619.1264991514238,969.1,642.9
21532,25662,687.6812040354517,619.1264991514238,969.1,642.9
21532,25663,687.6812040354517,619.1264991514238,969.1,642.9
21532,25664,687.6812040354517,619.1264991514238,969.1,642.9
21532,25665,687.6812040354517,619.1264991514238,969.1,642.9
21532,25666,687.6812040354517,619.1264991514238,969.1,642.9
21532,25667,687.6812040354517,619.1264991514238,969.1,642.9
21532,25668,687.6812040354517,619.1264991514238,969.1,642.9
21532,25669,687.6812040354517,619.1264991514238,969.1,642.9
21532,25670,687.6812040354517,619.1264991514238,969.1,642.9
21532,25671,687.6812040354517,619.1264991514238,969.1,642.9
21532,25672,687.6812040354517,619.1264991514238,969.1,642.9
21532,25673,687.6812040354517,619.1264991514238,969.1,642.9
21532,25674,687.6812040354517,619.1264991514238,969.1,642.9
21532,25675,687.6812040354517,619.1264991514238,969.1,642.9
21532,25676,687.6812040354517,619.1264991514238,969.1,642.9
21532,25677,687.6812040354517,619.1264991514238,969.1,642.9
21532,25678,687.6812040354517,619.1264991514238,969.1,642.9
21532,25679,687.6812040354517,619.1264991514238,969.1,642.9
21532,25680,687.6812040354517,619.1264991514238,969.1,642.9
21532,25681,687.6812040354517,619.1264991514238,969.1,642.9
21532,25682,687.6812040354517,619.1264991514238,969.1,642.9
21532,25683,687.6812040354517,619.1264991514238,969.1,642.9
21532,25684,687.6812040354517,619.1264991514238,969.1,642.9
21532,25685,687.6812040354517,619.1264991514238,969.1,642.9
21532,25686,687.6812040354517,619.1264991514238,969.1,642.9
21532,25687,687.6812040354517,619.1264991514238,969.1,642.9
21532,25688,687.6812040354517,619.1264991514238,969.1,642.9
21532,25689,687.6812040354517,619.1264991514238,969.1,642.9
21532,25690,687.6812040354517,619.1264991514238,969.1,642.9
21532,25691,687.6812040354517,619.1264991514238,969.1,642.9
21532,25692,687.6812040354517,619.1264991514238,969.1,642.9
21532,25693,687.6812040354517,619.1264991514238,969.1,642.9
21532,25694,687.6812040354517,619.1264991514238,969.1,642.9
21532,25695,687.6812040354517,619.1264991514238,969.1,642.9
21532,25696,687.6812040354517,619.1264991514238,969.1,642.9
21532,25697,687.6812040354517,619.1264991514238,969.1,642.9
21532,25698,687.6812040354517,619.1264991514238,969.1,642.9
21532,25699,687.6812040354517,619.1264991514238,969.1,642.9
21532,25700,687.6812040354517,619.1264991514238,969.1,642.9
21532,25701,687.6812040354517,619.1264991514238,969.1,642.9
21532,25702,687.6812040354517,619.1264991514238,969.1,642.9
21532,25703,687.6812040354517,619.1264991514238,969.1,642.9
21532,25704,687.6812040354517,619.1264991514238,969.1,642.9
21532,25705,687.6812040354517,619.1264991514238,969.1,642.9
21532,25706,687.6812040354517,619.1264991514238,969.1,642.9
21532,25707,687.6812040354517,619.1264991514238,969.1,642.9
21532,25708,687.6812040354517,619.1264991514238,969.1,642.9
21532,25709,687.6812040354517,619.1264991514238,969.1,642.9
21532,25710,687.6812040354517,619.1264991514238,969.1,642.9
21532,25711,687.6812040354517,619.1264991514238,969.1,642.9
21532,25712,687.6812040354517,619.1264991514238,969.1,642.9
21532,25713,687.6812040354517,619.1264991514238,969.1,642.9
21532,25714,687.6812040354517,619.1264991514238,969.1,642.9
21532,25715,687.6812040354517,619.1264991514238,969.1,642.9
21532,25716,687.6812040354517,619.1264991514238,969.1,642.9
21532,25717,687.6812040354517,619.1264991514238,969.1,642.9
21532,25718,687.6812040354517,619.1264991514238,969.1,642.9
21532,25719,687.6812040354517,619.1264991514238,969.1,642.9
21532,25720,687.6812040354517,619.1264991514238,969.1,642.9
21532,25721,687.6812040354517,619.1264991514238,969.1,642.9
21532,25722,687.6812040354517,619.1264991514238,969.1,642.9
21532,25723,687.6812040354517,619.1264991514238,969.1,642.9
21532,25724,687.6812040354517,619.1264991514238,969.1,642.9
21532,25725,687.6812040354517,619.1264991514238,969.1,642.9
21532,25726,687.6812040354517,619.1264991514238,969.1,642.9
21532,25727,687.6812040354517,619.1264991514238,969.1,642.9
21532,25728,687.6812040354517,619.1264991514238,969.1,642.9
21532,25729,687.6812040354517,619.1264991514238,969.1,642.9
21532,25730,687.6812040354517,619.1264991514238,969.1,642.9
21532,25731,687.6812040354517,619.1264991514238,969.1,642.9
21532,25732,687.6812040354517,619.1264991514238,969.1,642.9
21532,25733,687.6812040354517,619.1264991514238,969.1,642.9
21532,25734,687.6812040354517,619.1264991514238,969.1,642.9
21532,25735,687.6812040354517,619.1264991514238,969.1,642.9
21532,25736,687.6812040354517,619.1264991514238,969.1,642.9
21532,25737,687.6812040354517,619.1264991514238,969.1,642.9
21532,25738,687.6812040354517,619.1264991514238,969.1,642.9
21532,25739,687.6812040354517,619.1264991514238,969.1,642.9
21532,25740,687.6812040354517,619.1264991514238,969.1,642.9
21532,25741,687.6812040354517,619.1264991514238,969.1,642.9
21532,25742,687.6812040354517,619.1264991514238,969.1,642.9
21532,25743,687.6812040354517,619.1264991514238,969.1,642.9
21532,25744,687.6812040354517,619.1264991514238,969.1,642.9
21532,25745,687.6812040354517,619.1264991514238,969.1,642.9
21532,25746,687.6812040354517,619.1264991514238,969.1,642.9
21532,25747,687.6812040354517,619.1264991514238,969.1,642.9
21532,25748,687.6812040354517,619.1264991514238,969.1,642.9
21532,25749,687.6812040354517,619.1264991514238,969.1,642.9
21532,25750,687.6812040354517,619.1264991514238,969.1,642.9
21532,25751,687.6812040354517,619.1264991514238,969.1,642.9
21532,25752,687.6812040354517,619.1264991514238,969.1,642.9
21532,25753,687.6812040354517,619.1264991514238,969.1,642.9
21532,25754,687.6812040354517,619.1264991514238,969.1,642.9
21532,25755,687.6812040354517,619.1264991514238,969.1,642.9
21532,25756,687.6812040354517,619.1264991514238,969.1,642.9
21532,25757,687.6812040354517,619.1264991514238,969.1,642.9
21532,25758,687.6812040354517,619.1264991514238,969.1,642.9
21532,25759,687.6812040354517,619.1264991514238,969.1,642.9
21532,25760,687.6812040354517,619.1264991514238,969.1,642.9
21532,25761,687.6812040354517,619.1264991514238,969.1,642.9
21532,25762,687.6812040354517,619.1264991514238,969.1,642.9
21532,25763,687.6812040354517,619.1264991514238,969.1,642.9
21532,25764,687.6812040354517,619.1264991514238,969.1,642.9
21532,25765,687.6812040354517,619.1264991514238,969.1,642.9
21532,25766,687.6812040354517,619.1264991514238,969.1,642.9
21532,25767,687.6812040354517,619.1264991514238,969.1,642.9
21532,25768,687.6812040354517,619.1264991514238,969.1,642.9
21532,25769,687.6812040354517,619.1264991514238,969.1,642.9
21532,25770,687.6812040354517,619.1264991514238,969.1,642.9
21532,25771,687.6812040354517,619.1264991514238,969.1,642.9
21532,25772,687.6812040354517,619.1264991514238,969.1,642.9
21532,25773,687.6812040354517,619.1264991514238,969.1,642.9
21532,25774,687.6812040354517,619.1264991514238,969.1,642.9
21532,25775,687.6812040354517,619.1264991514238,969.1,642.9
21532,25776,687.6812040354517,619.1264991514238,969.1,642.9
21532,25777,687.6812040354517,619.1264991514238,969.1,642.9
21532,25778,687.6812040354517,619.1264991514238,969.1,642.9
21532,25779,687.6812040354517,619.1264991514238,969.1,642.9
21532,25780,687.6812040354517,619.1264991514238,969.1,642.9
21532,25781,687.6812040354517,619.1264991514238,969.1,642.9
21532,25782,687.6812040354517,619.1264991514238,969.1,642.9
21532,25783,687.6812040354517,619.1264991514238,969.1,642.9
21532,25784,687.6812040354517,619.1264991514238,969.1,642.9
21532,25785,687.6812040354517,619.1264991514238,969.1,642.9
21532,25786,687.6812040354517,619.1264991514238,969.1,642.9
21532,25787,687.6812040354517,619.1264991514238,969.1,642.9
21532,25788,687.6812040354517,619.1264991514238,969.1,642.9
21532,25789,687.6812040354517,619.1264991514238,969.1,642.9
21532,25790,687.6812040354517,619.1264991514238,969.1,642.9
21532,25791,687.6812040354517,619.1264991514238,969.1,642.9
21532,25792,687.6812040354517,619.1264991514238,969.1,642.9
21532,25793,687.6812040354517,619.1264991514238,969.1,642.9
21532,25794,687.6812040354517,619.1264991514238,969.1,642.9
21532,25795,687.6812040354517,619.1264991514238,969.1,642.9
21532,25796,687.6812040354517,619.1264991514238,969.1,642.9
21532,25797,687.6812040354517,619.1264991514238,969.1,642.9
21532,25798,687.6812040354517,619.1264991514238,969.1,642.9
21532,25799,687.6812040354517,619.1264991514238,969.1,642.9
21532,25800,687.6812040354517,619.1264991514238,969.1,642.9
21532,25801,687.6812040354517,619.1264991514238,969.1,642.9
21532,25802,687.6812040354517,619.1264991514238,969.1,642.9
21532,25803,687.6812040354517,619.1264991514238,969.1,642.9
21532,25804,687.6812040354517,619.1264991514238,969.1,642.9
21532,25805,687.6812040354517,619.1264991514238,969.1,642.9
21532,25806,687.6812040354517,619.1264991514238,969.1,642.9
21532,25807,687.6812040354517,619.1264991514238,969.1,642.9
21532,25808,687.6812040354517,619.1264991514238,969.1,642.9
21532,25809,687.6812040354517,619.1264991514238,969.1,642.9
21532,25810,687.6812040354517,619.1264991514238,969.1,642.9
21532,25811,687.6812040354517,619.1264991514238,969.1,642.9
21532,25812,687.6812040354517,619.1264991514238,969.1,642.9
21532,25813,687.6812040354517,619.1264991514238,969.1,642.9
21532,25814,687.6812040354517,619.1264991514238,969.1,642.9
21532,25815,687.6812040354517,619.1264991514238,969.1,642.9
21532,25816,687.6812040354517,619.1264991514238,969.1,642.9
21532,25817,687.6812040354517,619.1264991514238,969.1,642.9
21532,25818,687.6812040354517,619.1264991514238,969.1,642.9
21532,25819,687.6812040354517,619.1264991514238,969.1,642.9
21532,25820,687.6812040354517,619.1264991514238,969.1,642.9
21532,25821,687.6812040354517,619.1264991514238,969.1,642.9
21532,25822,687.6812040354517,619.1264991514238,969.1,642.9
21532,25823,687.6812040354517,619.1264991514238,969.1,642.9
21532,25824,687.6812040354517,619.1264991514238,969.1,642.9
21532,25825,687.6812040354517,619.1264991514238,969.1,642.9
21532,25826,687.6812040354517,619.1264991514238,969.1,642.9
21532,25827,687.6812040354517,619.1264991514238,969.1,642.9
21532,25828,687.6812040354517,619.1264991514238,969.1,642.9
21532,25829,687.6812040354517,619.1264991514238,969.1,642.9
21532,25830,687.6812040354517,619.1264991514238,969.1,642.9
21532,25831,687.6812040354517,619.1264991514238,969.1,642.9
21532,25832,687.6812040354517,619.1264991514238,969.1,642.9
21532,25833,687.6812040354517,619.1264991514238,969.1,642.9
21532,25834,687.6812040354517,619.1264991514238,969.1,642.9
21532,25835,687.6812040354517,619.1264991514238,969.1,642.9
21532,25836,687.6812040354517,619.1264991514238,969.1,642.9
21532,25837,687.6812040354517,619.1264991514238,969.1,642.9
21532,25838,687.6812040354517,619.1264991514238,969.1,642.9
21532,25839,687.6812040354517,619.1264991514238,969.1,642.9
21532,25840,687.6812040354517,619.1264991514238,969.1,642.9
21532,25841,687.6812040354517,619.1264991514238,969.1,642.9
21532,25842,687.6812040354517,619.1264991514238,969.1,642.9
21532,25843,687.6812040354517,619.1264991514238,969.1,642.9
21532,25844,687.6812040354517,619.1264991514238,969.1,642.9
21532,25845,687.6812040354517,619.1264991514238,969.1,642.9
21532,25846,687.6812040354517,619.1264991514238,969.1,642.9
21532,25847,687.6812040354517,619.1264991514238,969.1,642.9
21532,25848,687.6812040354517,619.1264991514238,969.1,642.9
21532,25849,687.6812040354517,619.1264991514238,969.1,642.9
21532,25850,687.6812040354517,619.1264991514238,969.1,642.9
21532,25851,687.6812040354517,619.1264991514238,969.1,642.9
21532,25852,687.6812040354517,619.1264991514238,969.1,642.9
21532,25853,687.6812040354517,619.1264991514238,969.1,642.9
21532,25854,687.6812040354517,619.1264991514238,969.1,642.9
21532,25855,687.6812040354517,619.1264991514238,969.1,642.9
21532,25856,687.6812040354517,619.1264991514238,969.1,642.9
21532,25857,687.6812040354517,619.1264991514238,969.1,642.9
21532,25858,687.6812040354517,619.1264991514238,969.1,642.9
21532,25859,687.6812040354517,619.1264991514238,969.1,642.9
21532,25860,687.6812040354517,619.1264991514238,969.1,642.9
21532,25861,687.6812040354517,619.1264991514238,969.1,642.9
21532,25862,687.6812040354517,619.1264991514238,969.1,642.9
21532,25863,687.6812040354517,619.1264991514238,969.1,642.9
21532,25864,687.6812040354517,619.1264991514238,969.1,642.9
21532,25865,687.6812040354517,619.1264991514238,969.1,642.9
21532,25866,687.6812040354517,619.1264991514238,969.1,642.9
21532,25867,687.6812040354517,619.1264991514238,969.1,642.9
21532,25868,687.6812040354517,619.1264991514238,969.1,642.9
21532,25869,687.6812040354517,619.1264991514238,969.1,642.9
21532,25870,687.6812040354517,619.1264991514238,969.1,642.9
21532,25871,687.6812040354517,619.1264991514238,969.1,642.9
21532,25872,687.6812040354517,619.1264991514238,969.1,642.9
21532,25873,687.6812040354517,619.1264991514238,969.1,642.9
21532,25874,687.6812040354517,619.1264991514238,969.1,642.9
21532,25875,687.6812040354517,619.1264991514238,969.1,642.9
21532,25876,687.6812040354517,619.1264991514238,969.1,642.9
21532,25877,687.6812040354517,619.1264991514238,969.1,642.9
21532,25878,687.6812040354517,619.1264991514238,969.1,642.9
21532,25879,687.6812040354517,619.1264991514238,969.1,642.9
21532,25880,687.6812040354517,619.1264991514238,969.1,642.9
21532,25881,687.6812040354517,619.1264991514238,969.1,642.9
21532,25882,687.6812040354517,619.1264991514238,969.1,642.9
21532,25883,687.6812040354517,619.1264991514238,969.1,642.9
21532,25884,687.6812040354517,619.1264991514238,969.1,642.9
21532,25885,687.6812040354517,619.1264991514238,969.1,642.9
21532,25886,687.6812040354517,619.1264991514238,969.1,642.9
21532,25887,687.6812040354517,619.1264991514238,969.1,642.9
21532,25888,687.6812040354517,619.1264991514238,969.1,642.9
21532,25889,687.6812040354517,619.1264991514238,969.1,642.9
21532,25890,687.6812040354517,619.1264991514238,969.1,642.9
21532,25891,687.6812040354517,619.1264991514238,969.1,642.9
21532,25892,687.6812040354517,619.1264991514238,969.1,642.9
21532,25893,687.6812040354517,619.1264991514238,969.1,642.9
21532,25894,687.6812040354517,619.1264991514238,969.1,642.9
21532,25895,687.6812040354517,619.1264991514238,969.1,642.9
21532,25896,687.6812040354517,619.1264991514238,969.1,642.9
21532,25897,687.6812040354517,619.1264991514238,969.1,642.9
21532,25898,687.6812040354517,619.1264991514238,969.1,642.9
21532,25899,687.6812040354517,619.1264991514238,969.1,642.9
21532,25900,687.6812040354517,619.1264991514238,969.1,642.9
21532,25901,687.6812040354517,619.1264991514238,969.1,642.9
21532,25902,687.6812040354517,619.1264991514238,969.1,642.9
21532,25903,687.6812040354517,619.1264991514238,969.1,642.9
21532,25904,687.6812040354517,619.1264991514238,969.1,642.9
21532,25905,687.6812040354517,619.1264991514238,969.1,642.9
21532,25906,687.6812040354517,619.1264991514238,969.1,642.9
21532,25907,687.6812040354517,619.1264991514238,969.1,642.9
21532,25908,687.6812040354517,619.1264991514238,969.1,642.9
21532,25909,687.6812040354517,619.1264991514238,969.1,642.9
21532,25910,687.6812040354517,619.1264991514238,969.1,642.9
21532,25911,687.6812040354517,619.1264991514238,969.1,642.9
21532,25912,687.6812040354517,619.1264991514238,969.1,642.9
21532,25913,687.6812040354517,619.1264991514238,969.1,642.9
21532,25914,687.6812040354517,619.1264991514238,969.1,642.9
21532,25915,687.6812040354517,619.1264991514238,969.1,642.9
21532,25916,687.6812040354517,619.1264991514238,969.1,642.9
21532,25917,687.6812040354517,619.1264991514238,969.1,642.9
21532,25918,687.6812040354517,619.1264991514238,969.1,642.9
21532,25919,687.6812040354517,619.1264991514238,969.1,642.9
21532,25920,687.6812040354517,619.1264991514238,969.1,642.9
21532,25921,687.6812040354517,619.1264991514238,969.1,642.9
21532,25922,687.6812040354517,619.1264991514238,969.1,642.9
21532,25923,687.6812040354517,619.1264991514238,969.1,642.9
21532,25924,687.6812040354517,619.1264991514238,969.1,642.9
21532,25925,687.6812040354517,619.1264991514238,969.1,642.9
21532,25926,687.6812040354517,619.1264991514238,969.1,642.9
21532,25927,687.6812040354517,619.1264991514238,969.1,642.9
21532,25928,687.6812040354517,619.1264991514238,969.1,642.9
21532,25929,687.6812040354517,619.1264991514238,969.1,642.9
21532,25930,687.6812040354517,619.1264991514238,969.1,642.9
21532,25931,687.6812040354517,619.1264991514238,969.1,642.9
21532,25932,687.6812040354517,619.1264991514238,969.1,642.9
21532,25933,687.6812040354517,619.1264991514238,969.1,642.9
21532,25934,687.6812040354517,619.1264991514238,969.1,642.9
21532,25935,687.6812040354517,619.1264991514238,969.1,642.9
21532,25936,687.6812040354517,619.1264991514238,969.1,642.9
21532,25937,687.6812040354517,619.1264991514238,969.1,642.9
21532,25938,687.6812040354517,619.1264991514238,969.1,642.9
21532,25939,687.6812040354517,619.1264991514238,969.1,642.9
21532,25940,687.6812040354517,619.1264991514238,969.1,642.9
21532,25941,687.6812040354517,619.1264991514238,969.1,642.9
21532,25942,687.6812040354517,619.1264991514238,969.1,642.9
21532,25943,687.6812040354517,619.1264991514238,969.1,642.9
21532,25944,687.6812040354517,619.1264991514238,969.1,642.9
21532,25945,687.6812040354517,619.1264991514238,969.1,642.9
21532,25946,687.6812040354517,619.1264991514238,969.1,642.9
21532,25947,687.6812040354517,619.1264991514238,969.1,642.9
21532,25948,687.6812040354517,619.1264991514238,969.1,642.9
21532,25949,687.6812040354517,619.1264991514238,969.1,642.9
21532,25950,687.6812040354517,619.1264991514238,969.1,642.9
21532,25951,687.6812040354517,619.1264991514238,969.1,642.9
21532,25952,687.6812040354517,619.1264991514238,969.1,642.9
21532,25953,687.6812040354517,619.1264991514238,969.1,642.9
21532,25954,687.6812040354517,619.1264991514238,969.1,642.9
21532,25955,687.6812040354517,619.1264991514238,969.1,642.9
21532,25956,687.6812040354517,619.1264991514238,969.1,642.9
21532,25957,687.6812040354517,619.1264991514238,969.1,642.9
21532,25958,687.6812040354517,619.1264991514238,969.1,642.9
21532,25959,687.6812040354517,619.1264991514238,969.1,642.9
21532,25960,687.6812040354517,619.1264991514238,969.1,642.9
21532,25961,687.6812040354517,619.1264991514238,969.1,642.9
21532,25962,687.6812040354517,619.1264991514238,969.1,642.9
21532,25963,687.6812040354517,619.1264991514238,969.1,642.9
21532,25964,687.6812040354517,619.1264991514238,969.1,642.9
21532,25965,687.6812040354517,619.1264991514238,969.1,642.9
21532,25966,687.6812040354517,619.1264991514238,969.1,642.9
21532,25967,687.6812040354517,619.1264991514238,969.1,642.9
21532,25968,687.6812040354517,619.1264991514238,969.1,642.9
21532,25969,687.6812040354517,619.1264991514238,969.1,642.9
21532,25970,687.6812040354517,619.1264991514238,969.1,642.9
21532,25971,687.6812040354517,619.1264991514238,969.1,642.9
21532,25972,687.6812040354517,619.1264991514238,969.1,642.9
21532,25973,687.6812040354517,619.1264991514238,969.1,642.9
21532,25974,687.6812040354517,619.1264991514238,969.1,642.9
21532,25975,687.6812040354517,619.1264991514238,969.1,642.9
21532,25976,687.6812040354517,619.1264991514238,969.1,642.9
21532,25977,687.6812040354517,619.1264991514238,969.1,642.9
21532,25978,687.6812040354517,619.1264991514238,969.1,642.9
21532,25979,687.6812040354517,619.1264991514238,969.1,642.9
21532,25980,687.6812040354517,619.1264991514238,969.1,642.9
21532,25981,687.6812040354517,619.1264991514238,969.1,642.9
21532,25982,687.6812040354517,619.1264991514238,969.1,642.9
21532,25983,687.6812040354517,619.1264991514238,969.1,642.9
21532,25984,687.6812040354517,619.1264991514238,969.1,642.9
21532,25985,687.6812040354517,619.1264991514238,969.1,642.9
21532,25986,687.6812040354517,619.1264991514238,969.1,642.9
21532,25987,687.6812040354517,619.1264991514238,969.1,642.9
21532,25988,687.6812040354517,619.1264991514238,969.1,642.9
21532,25989,687.6812040354517,619.1264991514238,969.1,642.9
21532,25990,687.6812040354517,619.1264991514238,969.1,642.9
21532,25991,687.6812040354517,619.1264991514238,969.1,642.9
21532,25992,687.6812040354517,619.1264991514238,969.1,642.9
21532,25993,687.6812040354517,619.1264991514238,969.1,642.9
21532,25994,687.6812040354517,619.1264991514238,969.1,642.9
21532,25995,687.6812040354517,619.1264991514238,969.1,642.9
21532,25996,687.6812040354517,619.1264991514238,969.1,642.9
21532,25997,687.6812040354517,619.1264991514238,969.1,642.9
21532,25998,687.6812040354517,619.1264991514238,969.1,642.9
21532,25999,687.6812040354517,619.1264991514238,969.1,642.9
21532,26000,687.6812040354517,619.1264991514238,969.1,642.9
21532,26001,687.6812040354517,619.1264991514238,969.1,642.9
21532,26002,687.6812040354517,619.1264991514238,969.1,642.9
21532,26003,687.6812040354517,619.1264991514238,969.1,642.9
21532,26004,687.6812040354517,619.1264991514238,969.1,642.9
21532,26005,687.6812040354517,619.1264991514238,969.1,642.9
21532,26006,687.6812040354517,619.1264991514238,969.1,642.9
21532,26007,687.6812040354517,619.1264991514238,969.1,642.9
21532,26008,687.6812040354517,619.1264991514238,969.1,642.9
21532,26009,687.6812040354517,619.1264991514238,969.1,642.9
21532,26010,687.6812040354517,619.1264991514238,969.1,642.9
21532,26011,687.6812040354517,619.1264991514238,969.1,642.9
21532,26012,687.6812040354517,619.1264991514238,969.1,642.9
21532,26013,687.6812040354517,619.1264991514238,969.1,642.9
21532,26014,687.6812040354517,619.1264991514238,969.1,642.9
21532,26015,687.6812040354517,619.1264991514238,969.1,642.9
21532,26016,687.6812040354517,619.1264991514238,969.1,642.9
21532,26017,687.6812040354517,619.1264991514238,969.1,642.9
21532,26018,687.6812040354517,619.1264991514238,969.1,642.9
21532,26019,687.6812040354517,619.1264991514238,969.1,642.9
21532,26020,687.6812040354517,619.1264991514238,969.1,642.9
21532,26021,687.6812040354517,619.1264991514238,969.1,642.9
21532,26022,687.6812040354517,619.1264991514238,969.1,642.9
21532,26023,687.6812040354517,619.1264991514238,969.1,642.9
21532,26024,687.6812040354517,619.1264991514238,969.1,642.9
21532,26025,687.6812040354517,619.1264991514238,969.1,642.9
21532,26026,687.6812040354517,619.1264991514238,969.1,642.9
21532,26027,687.6812040354517,619.1264991514238,969.1,642.9
21532,26028,687.6812040354517,619.1264991514238,969.1,642.9
21532,26029,687.6812040354517,619.1264991514238,969.1,642.9
21532,26030,687.6812040354517,619.1264991514238,969.1,642.9
21532,26031,687.6812040354517,619.1264991514238,969.1,642.9
21532,26032,687.6812040354517,619.1264991514238,969.1,642.9
21532,26033,687.6812040354517,619.1264991514238,969.1,642.9
21532,26034,687.6812040354517,619.1264991514238,969.1,642.9
21532,26035,687.6812040354517,619.1264991514238,969.1,642.9
21532,26036,687.6812040354517,619.1264991514238,969.1,642.9
21532,26037,687.6812040354517,619.1264991514238,969.1,642.9
21532,26038,687.6812040354517,619.1264991514238,969.1,642.9
21532,26039,687.6812040354517,619.1264991514238,969.1,642.9
21532,26040,687.6812040354517,619.1264991514238,969.1,642.9
21532,26041,687.6812040354517,619.1264991514238,969.1,642.9
21532,26042,687.6812040354517,619.1264991514238,969.1,642.9
21532,26043,687.6812040354517,619.1264991514238,969.1,642.9
21532,26044,687.6812040354517,619.1264991514238,969.1,642.9
21532,26045,687.6812040354517,619.1264991514238,969.1,642.9
21532,26046,687.6812040354517,619.1264991514238,969.1,642.9
21532,26047,687.6812040354517,619.1264991514238,969.1,642.9
21532,26048,687.6812040354517,619.1264991514238,969.1,642.9
21532,26049,687.6812040354517,619.1264991514238,969.1,642.9
21532,26050,687.6812040354517,619.1264991514238,969.1,642.9
21532,26051,687.6812040354517,619.1264991514238,969.1,642.9
21532,26052,687.6812040354517,619.1264991514238,969.1,642.9
21532,26053,687.6812040354517,619.1264991514238,969.1,642.9
21532,26054,687.6812040354517,619.1264991514238,969.1,642.9
21532,26055,687.6812040354517,619.1264991514238,969.1,642.9
21532,26056,687.6812040354517,619.1264991514238,969.1,642.9
21532,26057,687.6812040354517,619.1264991514238,969.1,642.9
21532,26058,687.6812040354517,619.1264991514238,969.1,642.9
21532,26059,687.6812040354517,619.1264991514238,969.1,642.9
21532,26060,687.6812040354517,619.1264991514238,969.1,642.9
21532,26061,687.6812040354517,619.1264991514238,969.1,642.9
21532,26062,687.6812040354517,619.1264991514238,969.1,642.9
21532,26063,687.6812040354517,619.1264991514238,969.1,642.9
21532,26064,687.6812040354517,619.1264991514238,969.1,642.9
21532,26065,687.6812040354517,619.1264991514238,969.1,642.9
21532,26066,687.6812040354517,619.1264991514238,969.1,642.9
21532,26067,687.6812040354517,619.1264991514238,969.1,642.9
21532,26068,687.6812040354517,619.1264991514238,969.1,642.9
21532,26069,687.6812040354517,619.1264991514238,969.1,642.9
21532,26070,687.6812040354517,619.1264991514238,969.1,642.9
21532,26071,687.6812040354517,619.1264991514238,969.1,642.9
21532,26072,687.6812040354517,619.1264991514238,969.1,642.9
21532,26073,687.6812040354517,619.1264991514238,969.1,642.9
21532,26074,687.6812040354517,619.1264991514238,969.1,642.9
21532,26075,687.6812040354517,619.1264991514238,969.1,642.9
21532,26076,687.6812040354517,619.1264991514238,969.1,642.9
21532,26077,687.6812040354517,619.1264991514238,969.1,642.9
21532,26078,687.6812040354517,619.1264991514238,969.1,642.9
21532,26079,687.6812040354517,619.1264991514238,969.1,642.9
21532,26080,687.6812040354517,619.1264991514238,969.1,642.9
21532,26081,687.6812040354517,619.1264991514238,969.1,642.9
21532,26082,687.6812040354517,619.1264991514238,969.1,642.9
21532,26083,687.6812040354517,619.1264991514238,969.1,642.9
21532,26084,687.6812040354517,619.1264991514238,969.1,642.9
21532,26085,687.6812040354517,619.1264991514238,969.1,642.9
21532,26086,687.6812040354517,619.1264991514238,969.1,642.9
21532,26087,687.6812040354517,619.1264991514238,969.1,642.9
21532,26088,687.6812040354517,619.1264991514238,969.1,642.9
21532,26089,687.6812040354517,619.1264991514238,969.1,642.9
21532,26090,687.6812040354517,619.1264991514238,969.1,642.9
21532,26091,687.6812040354517,619.1264991514238,969.1,642.9
21532,26092,687.6812040354517,619.1264991514238,969.1,642.9
21532,26093,687.6812040354517,619.1264991514238,969.1,642.9
21532,26094,687.6812040354517,619.1264991514238,969.1,642.9
21532,26095,687.6812040354517,619.1264991514238,969.1,642.9
21532,26096,687.6812040354517,619.1264991514238,969.1,642.9
21532,26097,687.6812040354517,619.1264991514238,969.1,642.9
21532,26098,687.6812040354517,619.1264991514238,969.1,642.9
21532,26099,687.6812040354517,619.1264991514238,969.1,642.9
21532,26100,687.6812040354517,619.1264991514238,969.1,642.9
21532,26101,687.6812040354517,619.1264991514238,969.1,642.9
21532,26102,687.6812040354517,619.1264991514238,969.1,642.9
21532,26103,687.6812040354517,619.1264991514238,969.1,642.9
21532,26104,687.6812040354517,619.1264991514238,969.1,642.9
21532,26105,687.6812040354517,619.1264991514238,969.1,642.9
21532,26106,687.6812040354517,619.1264991514238,969.1,642.9
21532,26107,687.6812040354517,619.1264991514238,969.1,642.9
21532,26108,687.6812040354517,619.1264991514238,969.1,642.9
21532,26109,687.6812040354517,619.1264991514238,969.1,642.9
21532,26110,687.6812040354517,619.1264991514238,969.1,642.9
21532,26111,687.6812040354517,619.1264991514238,969.1,642.9
21532,26112,687.6812040354517,619.1264991514238,969.1,642.9
21532,26113,687.6812040354517,619.1264991514238,969.1,642.9
21532,26114,687.6812040354517,619.1264991514238,969.1,642.9
21532,26115,687.6812040354517,619.1264991514238,969.1,642.9
21532,26116,687.6812040354517,619.1264991514238,969.1,642.9
21532,26117,687.6812040354517,619.1264991514238,969.1,642.9
21532,26118,687.6812040354517,619.1264991514238,969.1,642.9
21532,26119,687.6812040354517,619.1264991514238,969.1,642.9
21532,26120,687.6812040354517,619.1264991514238,969.1,642.9
21532,26121,687.6812040354517,619.1264991514238,969.1,642.9
21532,26122,687.6812040354517,619.1264991514238,969.1,642.9
21532,26123,687.6812040354517,619.1264991514238,969.1,642.9
21532,26124,687.6812040354517,619.1264991514238,969.1,642.9
21532,26125,687.6812040354517,619.1264991514238,969.1,642.9
21532,26126,687.6812040354517,619.1264991514238,969.1,642.9
21532,26127,687.6812040354517,619.1264991514238,969.1,642.9
21532,26128,687.6812040354517,619.1264991514238,969.1,642.9
21532,26129,687.6812040354517,619.1264991514238,969.1,642.9
21532,26130,687.6812040354517,619.1264991514238,969.1,642.9
21532,26131,687.6812040354517,619.1264991514238,969.1,642.9
21532,26132,687.6812040354517,619.1264991514238,969.1,642.9
21532,26133,687.6812040354517,619.1264991514238,969.1,642.9
21532,26134,687.6812040354517,619.1264991514238,969.1,642.9
21532,26135,687.6812040354517,619.1264991514238,969.1,642.9
21532,26136,687.6812040354517,619.1264991514238,969.1,642.9
21532,26137,687.6812040354517,619.1264991514238,969.1,642.9
21532,26138,687.6812040354517,619.1264991514238,969.1,642.9
21532,26139,687.6812040354517,619.1264991514238,969.1,642.9
21532,26140,687.6812040354517,619.1264991514238,969.1,642.9
21532,26141,687.6812040354517,619.1264991514238,969.1,642.9
21532,26142,687.6812040354517,619.1264991514238,969.1,642.9
21532,26143,687.6812040354517,619.1264991514238,969.1,642.9
21532,26144,687.6812040354517,619.1264991514238,969.1,642.9
21532,26145,687.6812040354517,619.1264991514238,969.1,642.9
21532,26146,687.6812040354517,619.1264991514238,969.1,642.9
21532,26147,687.6812040354517,619.1264991514238,969.1,642.9
21532,26148,687.6812040354517,619.1264991514238,969.1,642.9
21532,26149,687.6812040354517,619.1264991514238,969.1,642.9
21532,26150,687.6812040354517,619.1264991514238,969.1,642.9
21532,26151,687.6812040354517,619.1264991514238,969.1,642.9
21532,26152,687.6812040354517,619.1264991514238,969.1,642.9
21532,26153,687.6812040354517,619.1264991514238,969.1,642.9
21532,26154,687.6812040354517,619.1264991514238,969.1,642.9
21532,26155,687.6812040354517,619.1264991514238,969.1,642.9
21532,26156,687.6812040354517,619.1264991514238,969.1,642.9
21532,26157,687.6812040354517,619.1264991514238,969.1,642.9
21532,26158,687.6812040354517,619.1264991514238,969.1,642.9
21532,26159,687.6812040354517,619.1264991514238,969.1,642.9
21532,26160,687.6812040354517,619.1264991514238,969.1,642.9
21532,26161,687.6812040354517,619.1264991514238,969.1,642.9
21532,26162,687.6812040354517,619.1264991514238,969.1,642.9
21532,26163,687.6812040354517,619.1264991514238,969.1,642.9
21532,26164,687.6812040354517,619.1264991514238,969.1,642.9
21532,26165,687.6812040354517,619.1264991514238,969.1,642.9
21532,26166,687.6812040354517,619.1264991514238,969.1,642.9
21532,26167,687.6812040354517,619.1264991514238,969.1,642.9
21532,26168,687.6812040354517,619.1264991514238,969.1,642.9
21532,26169,687.6812040354517,619.1264991514238,969.1,642.9
21532,26170,687.6812040354517,619.1264991514238,969.1,642.9
21532,26171,687.6812040354517,619.1264991514238,969.1,642.9
21532,26172,687.6812040354517,619.1264991514238,969.1,642.9
21532,26173,687.6812040354517,619.1264991514238,969.1,642.9
21532,26174,687.6812040354517,619.1264991514238,969.1,642.9
21532,26175,687.6812040354517,619.1264991514238,969.1,642.9
21532,26176,687.6812040354517,619.1264991514238,969.1,642.9
21532,26177,687.6812040354517,619.1264991514238,969.1,642.9
21532,26178,687.6812040354517,619.1264991514238,969.1,642.9
21532,26179,687.6812040354517,619.1264991514238,969.1,642.9
21532,26180,687.6812040354517,619.1264991514238,969.1,642.9
21532,26181,687.6812040354517,619.1264991514238,969.1,642.9
21532,26182,687.6812040354517,619.1264991514238,969.1,642.9
21532,26183,687.6812040354517,619.1264991514238,969.1,642.9
21532,26184,687.6812040354517,619.1264991514238,969.1,642.9
21532,26185,687.6812040354517,619.1264991514238,969.1,642.9
21532,26186,687.6812040354517,619.1264991514238,969.1,642.9
21532,26187,687.6812040354517,619.1264991514238,969.1,642.9
21532,26188,687.6812040354517,619.1264991514238,969.1,642.9
21532,26189,687.6812040354517,619.1264991514238,969.1,642.9
21532,26190,687.6812040354517,619.1264991514238,969.1,642.9
21532,26191,687.6812040354517,619.1264991514238,969.1,642.9
21532,26192,687.6812040354517,619.1264991514238,969.1,642.9
21532,26193,687.6812040354517,619.1264991514238,969.1,642.9
21532,26194,687.6812040354517,619.1264991514238,969.1,642.9
21532,26195,687.6812040354517,619.1264991514238,969.1,642.9
21532,26196,687.6812040354517,619.1264991514238,969.1,642.9
21532,26197,687.6812040354517,619.1264991514238,969.1,642.9
21532,26198,687.6812040354517,619.1264991514238,969.1,642.9
21532,26199,687.6812040354517,619.1264991514238,969.1,642.9
21532,26200,687.6812040354517,619.1264991514238,969.1,642.9
21532,26201,687.6812040354517,619.1264991514238,969.1,642.9
21532,26202,687.6812040354517,619.1264991514238,969.1,642.9
21532,26203,687.6812040354517,619.1264991514238,969.1,642.9
21532,26204,687.6812040354517,619.1264991514238,969.1,642.9
21532,26205,687.6812040354517,619.1264991514238,969.1,642.9
21532,26206,687.6812040354517,619.1264991514238,969.1,642.9
21532,26207,687.6812040354517,619.1264991514238,969.1,642.9
21532,26208,687.6812040354517,619.1264991514238,969.1,642.9
21532,26209,687.6812040354517,619.1264991514238,969.1,642.9
21532,26210,687.6812040354517,619.1264991514238,969.1,642.9
21532,26211,687.6812040354517,619.1264991514238,969.1,642.9
21532,26212,687.6812040354517,619.1264991514238,969.1,642.9
21532,26213,687.6812040354517,619.1264991514238,969.1,642.9
21532,26214,687.6812040354517,619.1264991514238,969.1,642.9
21532,26215,687.6812040354517,619.1264991514238,969.1,642.9
21532,26216,687.6812040354517,619.1264991514238,969.1,642.9
21532,26217,687.6812040354517,619.1264991514238,969.1,642.9
21532,26218,687.6812040354517,619.1264991514238,969.1,642.9
21532,26219,687.6812040354517,619.1264991514238,969.1,642.9
21532,26220,687.6812040354517,619.1264991514238,969.1,642.9
21532,26221,687.6812040354517,619.1264991514238,969.1,642.9
21532,26222,687.6812040354517,619.1264991514238,969.1,642.9
21532,26223,687.6812040354517,619.1264991514238,969.1,642.9
21532,26224,687.6812040354517,619.1264991514238,969.1,642.9
21532,26225,687.6812040354517,619.1264991514238,969.1,642.9
21532,26226,687.6812040354517,619.1264991514238,969.1,642.9
21532,26227,687.6812040354517,619.1264991514238,969.1,642.9
21532,26228,687.6812040354517,619.1264991514238,969.1,642.9
21532,26229,687.6812040354517,619.1264991514238,969.1,642.9
21532,26230,687.6812040354517,619.1264991514238,969.1,642.9
21532,26231,687.6812040354517,619.1264991514238,969.1,642.9
21532,26232,687.6812040354517,619.1264991514238,969.1,642.9
21532,26233,687.6812040354517,619.1264991514238,969.1,642.9
21532,26234,687.6812040354517,619.1264991514238,969.1,642.9
21532,26235,687.6812040354517,619.1264991514238,969.1,642.9
21532,26236,687.6812040354517,619.1264991514238,969.1,642.9
21532,26237,687.6812040354517,619.1264991514238,969.1,642.9
21532,26238,687.6812040354517,619.1264991514238,969.1,642.9
21532,26239,687.6812040354517,619.1264991514238,969.1,642.9
21532,26240,687.6812040354517,619.1264991514238,969.1,642.9
21532,26241,687.6812040354517,619.1264991514238,969.1,642.9
21532,26242,687.6812040354517,619.1264991514238,969.1,642.9
21532,26243,687.6812040354517,619.1264991514238,969.1,642.9
21532,26244,687.6812040354517,619.1264991514238,969.1,642.9
21532,26245,687.6812040354517,619.1264991514238,969.1,642.9
21532,26246,687.6812040354517,619.1264991514238,969.1,642.9
21532,26247,687.6812040354517,619.1264991514238,969.1,642.9
21532,26248,687.6812040354517,619.1264991514238,969.1,642.9
21532,26249,687.6812040354517,619.1264991514238,969.1,642.9
21532,26250,687.6812040354517,619.1264991514238,969.1,642.9
21532,26251,687.6812040354517,619.1264991514238,969.1,642.9
21532,26252,687.6812040354517,619.1264991514238,969.1,642.9
21532,26253,687.6812040354517,619.1264991514238,969.1,642.9
21532,26254,687.6812040354517,619.1264991514238,969.1,642.9
21532,26255,687.6812040354517,619.1264991514238,969.1,642.9
21532,26256,687.6812040354517,619.1264991514238,969.1,642.9
21532,26257,687.6812040354517,619.1264991514238,969.1,642.9
21532,26258,687.6812040354517,619.1264991514238,969.1,642.9
21532,26259,687.6812040354517,619.1264991514238,969.1,642.9
21532,26260,687.6812040354517,619.1264991514238,969.1,642.9
21532,26261,687.6812040354517,619.1264991514238,969.1,642.9
21532,26262,687.6812040354517,619.1264991514238,969.1,642.9
21532,26263,687.6812040354517,619.1264991514238,969.1,642.9
21532,26264,687.6812040354517,619.1264991514238,969.1,642.9
21532,26265,687.6812040354517,619.1264991514238,969.1,642.9
21532,26266,687.6812040354517,619.1264991514238,969.1,642.9
21532,26267,687.6812040354517,619.1264991514238,969.1,642.9
21532,26268,687.6812040354517,619.1264991514238,969.1,642.9
21532,26269,687.6812040354517,619.1264991514238,969.1,642.9
21532,26270,687.6812040354517,619.1264991514238,969.1,642.9
21532,26271,687.6812040354517,619.1264991514238,969.1,642.9
21532,26272,687.6812040354517,619.1264991514238,969.1,642.9
21532,26273,687.6812040354517,619.1264991514238,969.1,642.9
21532,26274,687.6812040354517,619.1264991514238,969.1,642.9
21532,26275,687.6812040354517,619.1264991514238,969.1,642.9
21532,26276,687.6812040354517,619.1264991514238,969.1,642.9
21532,26277,687.6812040354517,619.1264991514238,969.1,642.9
21532,26278,687.6812040354517,619.1264991514238,969.1,642.9
21532,26279,687.6812040354517,619.1264991514238,969.1,642.9
21532,26280,687.6812040354517,619.1264991514238,969.1,642.9
21532,26281,687.6812040354517,619.1264991514238,969.1,642.9
21532,26282,687.6812040354517,619.1264991514238,969.1,642.9
21532,26283,687.6812040354517,619.1264991514238,969.1,642.9
21532,26284,687.6812040354517,619.1264991514238,969.1,642.9
21532,26285,687.6812040354517,619.1264991514238,969.1,642.9
21532,26286,687.6812040354517,619.1264991514238,969.1,642.9
21532,26287,687.6812040354517,619.1264991514238,969.1,642.9
21532,26288,687.6812040354517,619.1264991514238,969.1,642.9
21532,26289,687.6812040354517,619.1264991514238,969.1,642.9
21532,26290,687.6812040354517,619.1264991514238,969.1,642.9
21532,26291,687.6812040354517,619.1264991514238,969.1,642.9
21532,26292,687.6812040354517,619.1264991514238,969.1,642.9
21532,26293,687.6812040354517,619.1264991514238,969.1,642.9
21532,26294,687.6812040354517,619.1264991514238,969.1,642.9
21532,26295,687.6812040354517,619.1264991514238,969.1,642.9
21532,26296,687.6812040354517,619.1264991514238,969.1,642.9
21532,26297,687.6812040354517,619.1264991514238,969.1,642.9
21532,26298,687.6812040354517,619.1264991514238,969.1,642.9
21532,26299,687.6812040354517,619.1264991514238,969.1,642.9
21532,26300,687.6812040354517,619.1264991514238,969.1,642.9
21532,26301,687.6812040354517,619.1264991514238,969.1,642.9
21532,26302,687.6812040354517,619.1264991514238,969.1,642.9
21532,26303,687.6812040354517,619.1264991514238,969.1,642.9
21532,26304,687.6812040354517,619.1264991514238,969.1,642.9
21532,26305,687.6812040354517,619.1264991514238,969.1,642.9
21532,26306,687.6812040354517,619.1264991514238,969.1,642.9
21532,26307,687.6812040354517,619.1264991514238,969.1,642.9
21532,26308,687.6812040354517,619.1264991514238,969.1,642.9
21532,26309,687.6812040354517,619.1264991514238,969.1,642.9
21532,26310,687.6812040354517,619.1264991514238,969.1,642.9
21532,26311,687.6812040354517,619.1264991514238,969.1,642.9
21532,26312,687.6812040354517,619.1264991514238,969.1,642.9
21532,26313,687.6812040354517,619.1264991514238,969.1,642.9
21532,26314,687.6812040354517,619.1264991514238,969.1,642.9
21532,26315,687.6812040354517,619.1264991514238,969.1,642.9
21532,26316,687.6812040354517,619.1264991514238,969.1,642.9
21532,26317,687.6812040354517,619.1264991514238,969.1,642.9
21532,26318,687.6812040354517,619.1264991514238,969.1,642.9
21532,26319,687.6812040354517,619.1264991514238,969.1,642.9
21532,26320,687.6812040354517,619.1264991514238,969.1,642.9
21532,26321,687.6812040354517,619.1264991514238,969.1,642.9
21532,26322,687.6812040354517,619.1264991514238,969.1,642.9
21532,26323,687.6812040354517,619.1264991514238,969.1,642.9
21532,26324,687.6812040354517,619.1264991514238,969.1,642.9
21532,26325,687.6812040354517,619.1264991514238,969.1,642.9
21532,26326,687.6812040354517,619.1264991514238,969.1,642.9
21532,26327,687.6812040354517,619.1264991514238,969.1,642.9
21532,26328,687.6812040354517,619.1264991514238,969.1,642.9
21532,26329,687.6812040354517,619.1264991514238,969.1,642.9
21532,26330,687.6812040354517,619.1264991514238,969.1,642.9
21532,26331,687.6812040354517,619.1264991514238,969.1,642.9
21532,26332,687.6812040354517,619.1264991514238,969.1,642.9
21532,26333,687.6812040354517,619.1264991514238,969.1,642.9
21532,26334,687.6812040354517,619.1264991514238,969.1,642.9
21532,26335,687.6812040354517,619.1264991514238,969.1,642.9
21532,26336,687.6812040354517,619.1264991514238,969.1,642.9
21532,26337,687.6812040354517,619.1264991514238,969.1,642.9
21532,26338,687.6812040354517,619.1264991514238,969.1,642.9
21532,26339,687.6812040354517,619.1264991514238,969.1,642.9
21532,26340,687.6812040354517,619.1264991514238,969.1,642.9
21532,26341,687.6812040354517,619.1264991514238,969.1,642.9
21532,26342,687.6812040354517,619.1264991514238,969.1,642.9
21532,26343,687.6812040354517,619.1264991514238,969.1,642.9
21532,26344,687.6812040354517,619.1264991514238,969.1,642.9
21532,26345,687.6812040354517,619.1264991514238,969.1,642.9
21532,26346,687.6812040354517,619.1264991514238,969.1,642.9
21532,26347,687.6812040354517,619.1264991514238,969.1,642.9
21532,26348,687.6812040354517,619.1264991514238,969.1,642.9
21532,26349,687.6812040354517,619.1264991514238,969.1,642.9
21532,26350,687.6812040354517,619.1264991514238,969.1,642.9
21532,26351,687.6812040354517,619.1264991514238,969.1,642.9
21532,26352,687.6812040354517,619.1264991514238,969.1,642.9
21532,26353,687.6812040354517,619.1264991514238,969.1,642.9
21532,26354,687.6812040354517,619.1264991514238,969.1,642.9
21532,26355,687.6812040354517,619.1264991514238,969.1,642.9
21532,26356,687.6812040354517,619.1264991514238,969.1,642.9
21532,26357,687.6812040354517,619.1264991514238,969.1,642.9
21532,26358,687.6812040354517,619.1264991514238,969.1,642.9
21532,26359,687.6812040354517,619.1264991514238,969.1,642.9
21532,26360,687.6812040354517,619.1264991514238,969.1,642.9
21532,26361,687.6812040354517,619.1264991514238,969.1,642.9
21532,26362,687.6812040354517,619.1264991514238,969.1,642.9
21532,26363,687.6812040354517,619.1264991514238,969.1,642.9
21532,26364,687.6812040354517,619.1264991514238,969.1,642.9
21532,26365,687.6812040354517,619.1264991514238,969.1,642.9
21532,26366,687.6812040354517,619.1264991514238,969.1,642.9
21532,26367,687.6812040354517,619.1264991514238,969.1,642.9
21532,26368,687.6812040354517,619.1264991514238,969.1,642.9
21532,26369,687.6812040354517,619.1264991514238,969.1,642.9
21532,26370,687.6812040354517,619.1264991514238,969.1,642.9
21532,26371,687.6812040354517,619.1264991514238,969.1,642.9
21532,26372,687.6812040354517,619.1264991514238,969.1,642.9
21532,26373,687.6812040354517,619.1264991514238,969.1,642.9
21532,26374,687.6812040354517,619.1264991514238,969.1,642.9
21532,26375,687.6812040354517,619.1264991514238,969.1,642.9
21532,26376,687.6812040354517,619.1264991514238,969.1,642.9
21532,26377,687.6812040354517,619.1264991514238,969.1,642.9
21532,26378,687.6812040354517,619.1264991514238,969.1,642.9
21532,26379,687.6812040354517,619.1264991514238,969.1,642.9
21532,26380,687.6812040354517,619.1264991514238,969.1,642.9
21532,26381,687.6812040354517,619.1264991514238,969.1,642.9
21532,26382,687.6812040354517,619.1264991514238,969.1,642.9
21533,26383,687.6812040354517,619.1264991514238,969.1,642.9
21534,26384,687.6812040354517,619.1264991514238,969.1,642.9
21535,26385,687.6812040354517,619.1264991514238,969.1,642.9
21536,26386,687.6812040354517,619.1264991514238,969.1,642.9
21537,26387,687.6812040354517,619.1264991514238,969.1,642.9
21538,26388,687.6812040354517,619.1264991514238,969.1,642.9
21539,26389,687.6812040354517,619.1264991514238,969.1,642.9
21540,26389,687.6812040354517,619.1264991514238,969.1,642.9
21541,26389,687.6812040354517,619.1264991514238,969.1,642.9
21542,26389,687.6812040354517,619.1264991514238,969.1,642.9
21543,26389,687.6812040354517,619.1264991514238,969.1,642.9
21544,26389,687.6812040354517,619.1264991514238,969.1,642.9
21545,26389,687.6812040354517,619.1264991514238,969.1,642.9
21546,26389,687.6812040354517,619.1264991514238,969.1,642.9
21547,26389,687.6812040354517,619.1264991514238,969.1,642.9
21548,26389,687.6812040354517,619.1264991514238,969.1,642.9
21549,26389,687.6812040354517,619.1264991514238,969.1,642.9
21550,26389,687.6812040354517,619.1264991514238,969.1,642.9
21551,26389,687.6812040354517,619.1264991514238,969.1,642.9
21552,26389,687.6812040354517,619.1264991514238,969.1,642.9
21553,26389,687.6812040354517,619.1264991514238,969.1,642.9
21554,26389,687.6812040354517,619.1264991514238,969.1,642.9
21555,26389,687.6812040354517,619.1264991514238,969.1,642.9
21556,26389,687.6812040354517,619.1264991514238,969.1,642.9
21557,26389,687.6812040354517,619.1264991514238,969.1,642.9
21558,26389,687.6812040354517,619.1264991514238,969.1,642.9
21559,26389,687.6812040354517,619.1264991514238,969.1,642.9
21560,26389,687.6812040354517,619.1264991514238,969.1,642.9
21561,26389,687.6812040354517,619.1264991514238,969.1,642.9
21562,26389,687.6812040354517,619.1264991514238,969.1,642.9
21563,26389,687.6812040354517,619.1264991514238,969.1,642.9
21564,26389,687.6812040354517,619.1264991514238,969.1,642.9
21565,26389,687.6812040354517,619.1264991514238,969.1,642.9
21566,26389,687.6812040354517,619.1264991514238,969.1,642.9
21567,26389,687.6812040354517,619.1264991514238,969.1,642.9
21568,26389,687.6812040354517,619.1264991514238,969.1,642.9
21569,26389,687.6812040354517,619.1264991514238,969.1,642.9
21570,26389,687.6812040354517,619.1264991514238,969.1,642.9
21571,26389,687.6812040354517,619.1264991514238,969.1,642.9
21572,26389,687.6812040354517,619.1264991514238,969.1,642.9
21573,26389,687.6812040354517,619.1264991514238,969.1,642.9
21574,26389,687.6812040354517,619.1264991514238,969.1,642.9
21575,26389,687.6812040354517,619.1264991514238,969.1,642.9
21576,26389,687.6812040354517,619.1264991514238,969.1,642.9
21577,26389,687.6812040354517,619.1264991514238,969.1,642.9
21578,26389,687.6812040354517,619.1264991514238,969.1,642.9
21579,26389,687.6812040354517,619.1264991514238,969.1,642.9
21580,26389,687.6812040354517,619.1264991514238,969.1,642.9
21581,26389,687.6812040354517,619.1264991514238,969.1,642.9
21582,26389,687.6812040354517,619.1264991514238,969.1,642.9
21583,26389,687.6812040354517,619.1264991514238,969.1,642.9
21584,26389,687.6812040354517,619.1264991514238,969.1,642.9
21585,26389,687.6812040354517,619.1264991514238,969.1,642.9
21586,26389,687.6812040354517,619.1264991514238,969.1,642.9
21587,26389,687.6812040354517,619.1264991514238,969.1,642.9
21588,26389,687.6812040354517,619.1264991514238,969.1,642.9
21589,26389,687.6812040354517,619.1264991514238,969.1,642.9
21590,26389,687.6812040354517,619.1264991514238,969.1,642.9
21591,26389,687.6812040354517,619.1264991514238,969.1,642.9
21592,26389,687.6812040354517,619.1264991514238,969.1,642.9
21593,26389,687.6812040354517,619.1264991514238,969.1,642.9
21594,26389,687.6812040354517,619.1264991514238,969.1,642.9
21595,26389,687.6812040354517,619.1264991514238,969.1,642.9
21596,26389,687.6812040354517,619.1264991514238,969.1,642.9
21597,26389,687.6812040354517,619.1264991514238,969.1,642.9
21598,26389,687.6812040354517,619.1264991514238,969.1,642.9
21599,26389,687.6812040354517,619.1264991514238,969.1,642.9
21600,26389,687.6812040354517,619.1264991514238,969.1,642.9
21601,26389,687.6812040354517,619.1264991514238,969.1,642.9
21602,26389,687.6812040354517,619.1264991514238,969.1,642.9
21603,26389,687.6812040354517,619.1264991514238,969.1,642.9
21604,26389,687.6812040354517,619.1264991514238,969.1,642.9
21605,26389,687.6812040354517,619.1264991514238,969.1,642.9
21606,26389,687.6812040354517,619.1264991514238,969.1,642.9
21607,26389,687.6812040354517,619.1264991514238,969.1,642.9
21608,26389,687.6812040354517,619.1264991514238,969.1,642.9
21609,26389,687.6812040354517,619.1264991514238,969.1,642.9
21610,26389,687.6812040354517,619.1264991514238,969.1,642.9
21611,26389,687.6812040354517,619.1264991514238,969.1,642.9
21612,26389,687.6812040354517,619.1264991514238,969.1,642.9
21613,26389,687.6812040354517,619.1264991514238,969.1,642.9
21614,26389,687.6812040354517,619.1264991514238,969.1,642.9
21615,26389,687.6812040354517,619.1264991514238,969.1,642.9
21616,26389,687.6812040354517,619.1264991514238,969.1,642.9
21617,26389,687.6812040354517,619.1264991514238,969.1,642.9
21618,26389,687.6812040354517,619.1264991514238,969.1,642.9
21619,26389,687.6812040354517,619.1264991514238,969.1,642.9
21620,26389,687.6812040354517,619.1264991514238,969.1,642.9
21621,26389,687.6812040354517,619.1264991514238,969.1,642.9
21622,26389,687.6812040354517,619.1264991514238,969.1,642.9
21623,26389,687.6812040354517,619.1264991514238,969.1,642.9
21624,26389,687.6812040354517,619.1264991514238,969.1,642.9
21625,26389,687.6812040354517,619.1264991514238,969.1,642.9
21626,26389,687.6812040354517,619.1264991514238,969.1,642.9
21627,26389,687.6812040354517,619.1264991514238,969.1,642.9
21628,26389,687.6812040354517,619.1264991514238,969.1,642.9
21629,26389,687.6812040354517,619.1264991514238,969.1,642.9
21630,26389,687.6812040354517,619.1264991514238,969.1,642.9
21631,26389,687.6812040354517,619.1264991514238,969.1,642.9
21632,26389,687.6812040354517,619.1264991514238,969.1,642.9
21633,26389,687.6812040354517,619.1264991514238,969.1,642.9
21634,26389,687.6812040354517,619.1264991514238,969.1,642.9
21635,26389,687.6812040354517,619.1264991514238,969.1,642.9
21636,26389,687.6812040354517,619.1264991514238,969.1,642.9
21637,26389,687.6812040354517,619.1264991514238,969.1,642.9
21638,26389,687.6812040354517,619.1264991514238,969.1,642.9
21639,26389,687.6812040354517,619.1264991514238,969.1,642.9
21640,26389,687.6812040354517,619.1264991514238,969.1,642.9
21641,26389,687.6812040354517,619.1264991514238,969.1,642.9
21642,26389,687.6812040354517,619.1264991514238,969.1,642.9
21643,26389,687.6812040354517,619.1264991514238,969.1,642.9
21644,26389,687.6812040354517,619.1264991514238,969.1,642.9
21645,26389,687.6812040354517,619.1264991514238,969.1,642.9
21646,26389,687.6812040354517,619.1264991514238,969.1,642.9
21647,26389,687.6812040354517,619.1264991514238,969.1,642.9
21648,26389,687.6812040354517,619.1264991514238,969.1,642.9
21649,26389,687.6812040354517,619.1264991514238,969.1,642.9
21650,26389,687.6812040354517,619.1264991514238,969.1,642.9
21651,26389,687.6812040354517,619.1264991514238,969.1,642.9
21652,26389,687.6812040354517,619.1264991514238,969.1,642.9
21653,26389,687.6812040354517,619.1264991514238,969.1,642.9
21654,26389,687.6812040354517,619.1264991514238,969.1,642.9
21655,26389,687.6812040354517,619.1264991514238,969.1,642.9
21656,26389,687.6812040354517,619.1264991514238,969.1,642.9
21657,26389,687.6812040354517,619.1264991514238,969.1,642.9
21658,26389,687.6812040354517,619.1264991514238,969.1,642.9
21659,26389,687.6812040354517,619.1264991514238,969.1,642.9
21660,26389,687.6812040354517,619.1264991514238,969.1,642.9
21661,26389,687.6812040354517,619.1264991514238,969.1,642.9
21662,26389,687.6812040354517,619.1264991514238,969.1,642.9
21663,26389,687.6812040354517,619.1264991514238,969.1,642.9
21664,26389,687.6812040354517,619.1264991514238,969.1,642.9
21665,26389,687.6812040354517,619.1264991514238,969.1,642.9
21666,26389,687.6812040354517,619.1264991514238,969.1,642.9
21667,26389,687.6812040354517,619.1264991514238,969.1,642.9
21668,26389,687.6812040354517,619.1264991514238,969.1,642.9
21669,26389,687.6812040354517,619.1264991514238,969.1,642.9
21670,26389,687.6812040354517,619.1264991514238,969.1,642.9
21671,26389,687.6812040354517,619.1264991514238,969.1,642.9
21672,26389,687.6812040354517,619.1264991514238,969.1,642.9
21673,26389,687.6812040354517,619.1264991514238,969.1,642.9
21674,26389,687.6812040354517,619.1264991514238,969.1,642.9
21675,26389,687.6812040354517,619.1264991514238,969.1,642.9
21676,26389,687.6812040354517,619.1264991514238,969.1,642.9
21677,26389,687.6812040354517,619.1264991514238,969.1,642.9
21678,26389,687.6812040354517,619.1264991514238,969.1,642.9
21679,26389,687.6812040354517,619.1264991514238,969.1,642.9
21680,26389,687.6812040354517,619.1264991514238,969.1,642.9
21681,26389,687.6812040354517,619.1264991514238,969.1,642.9
21682,26390,687.6812040354517,619.1264991514238,969.1,642.9
21683,26391,687.6812040354517,619.1264991514238,969.1,642.9
21684,26392,687.6812040354517,619.1264991514238,969.1,642.9
21685,26393,687.6812040354517,619.1264991514238,969.1,642.9
21686,26394,687.6812040354517,619.1264991514238,969.1,642.9
21687,26395,687.6812040354517,619.1264991514238,969.1,642.9
21688,26396,687.6812040354517,619.1264991514238,969.1,642.9
21689,26397,687.6812040354517,619.1264991514238,969.1,642.9
21690,26398,687.6812040354517,619.1264991514238,969.1,642.9
21691,26399,687.6812040354517,619.1264991514238,969.1,642.9
21692,26400,687.6812040354517,619.1264991514238,969.1,642.9
21693,26401,687.6812040354517,619.1264991514238,969.1,642.9
21694,26402,687.6812040354517,619.1264991514238,969.1,642.9
21695,26403,687.6812040354517,619.1264991514238,969.1,642.9
21696,26404,687.6812040354517,619.1264991514238,969.1,642.9
21697,26405,687.6812040354517,619.1264991514238,969.1,642.9
21698,26406,687.6812040354517,619.1264991514238,969.1,642.9
21699,26407,687.6812040354517,619.1264991514238,969.1,642.9
21700,26408,687.6812040354517,619.1264991514238,969.1,642.9
21701,26409,687.6812040354517,619.1264991514238,969.1,642.9
21702,26410,687.6812040354517,619.1264991514238,969.1,642.9
21703,26411,687.6812040354517,619.1264991514238,969.1,642.9
21704,26412,687.6812040354517,619.1264991514238,969.1,642.9
21705,26413,687.6812040354517,619.1264991514238,969.1,642.9
21706,26414,687.6812040354517,619.1264991514238,969.1,642.9
21707,26415,687.6812040354517,619.1264991514238,969.1,642.9
21708,26416,687.6812040354517,619.1264991514238,969.1,642.9
21709,26417,687.6812040354517,619.1264991514238,969.1,642.9
21710,26418,687.6812040354517,619.1264991514238,969.1,642.9
21711,26419,687.6812040354517,619.1264991514238,969.1,642.9
21712,26420,687.6812040354517,619.1264991514238,969.1,642.9
21713,26421,687.6812040354517,619.1264991514238,969.1,642.9
21714,26422,687.6812040354517,619.1264991514238,969.1,642.9
21715,26423,687.6812040354517,619.1264991514238,969.1,642.9
21716,26424,687.6812040354517,619.1264991514238,969.1,642.9
21717,26425,687.6812040354517,619.1264991514238,969.1,642.9
21718,26426,687.6812040354517,619.1264991514238,969.1,642.9
21719,26427,687.6812040354517,619.1264991514238,969.1,642.9
21720,26428,687.6812040354517,619.1264991514238,969.1,642.9
21721,26429,687.6812040354517,619.1264991514238,969.1,642.9
21722,26430,687.6812040354517,619.1264991514238,969.1,642.9
21723,26431,687.6812040354517,619.1264991514238,969.1,642.9
21724,26432,687.6812040354517,619.1264991514238,969.1,642.9
21725,26433,687.6812040354517,619.1264991514238,969.1,642.9
21726,26434,687.6812040354517,619.1264991514238,969.1,642.9
21727,26435,687.6812040354517,619.1264991514238,969.1,642.9
21728,26436,687.6812040354517,619.1264991514238,969.1,642.9
21729,26437,687.6812040354517,619.1264991514238,969.1,642.9
21730,26438,687.6812040354517,619.1264991514238,969.1,642.9
21731,26439,687.6812040354517,619.1264991514238,969.1,642.9
21732,26440,687.6812040354517,619.1264991514238,969.1,642.9
21733,26441,687.6812040354517,619.1264991514238,969.1,642.9
21734,26442,687.6812040354517,619.1264991514238,969.1,642.9
21735,26443,687.6812040354517,619.1264991514238,969.1,642.9
21736,26444,687.6812040354517,619.1264991514238,969.1,642.9
21737,26445,687.6812040354517,619.1264991514238,969.1,642.9
21738,26446,687.6812040354517,619.1264991514238,969.1,642.9
21739,26447,687.6812040354517,619.1264991514238,969.1,642.9
21740,26448,687.6812040354517,619.1264991514238,969.1,642.9
21741,26449,687.6812040354517,619.1264991514238,969.1,642.9
21742,26450,687.6812040354517,619.1264991514238,969.1,642.9
21743,26451,687.6812040354517,619.1264991514238,969.1,642.9
21744,26452,687.6812040354517,619.1264991514238,969.1,642.9
21745,26453,687.6812040354517,619.1264991514238,969.1,642.9
21746,26454,687.6812040354517,619.1264991514238,969.1,642.9
21747,26455,687.6812040354517,619.1264991514238,969.1,642.9
21748,26456,687.6812040354517,619.1264991514238,969.1,642.9
21749,26457,687.6812040354517,619.1264991514238,969.1,642.9
21750,26458,687.6812040354517,619.1264991514238,969.1,642.9
21751,26459,687.6812040354517,619.1264991514238,969.1,642.9
21752,26460,687.6812040354517,619.1264991514238,969.1,642.9
21753,26461,687.6812040354517,619.1264991514238,969.1,642.9
21754,26462,687.6812040354517,619.1264991514238,969.1,642.9
21755,26463,687.6812040354517,619.1264991514238,969.1,642.9
21756,26464,687.6812040354517,619.1264991514238,969.1,642.9
21757,26465,687.6812040354517,619.1264991514238,969.1,642.9
21758,26466,687.6812040354517,619.1264991514238,969.1,642.9
21759,26467,687.6812040354517,619.1264991514238,969.1,642.9
21760,26468,687.6812040354517,619.1264991514238,969.1,642.9
21761,26469,687.6812040354517,619.1264991514238,969.1,642.9
21762,26470,687.6812040354517,619.1264991514238,969.1,642.9
21763,26471,687.6812040354517,619.1264991514238,969.1,642.9
21764,26472,687.6812040354517,619.1264991514238,969.1,642.9
21765,26473,687.6812040354517,619.1264991514238,969.1,642.9
21766,26474,687.6812040354517,619.1264991514238,969.1,642.9
21767,26475,687.6812040354517,619.1264991514238,969.1,642.9
21768,26476,687.6812040354517,619.1264991514238,969.1,642.9
21769,26477,687.6812040354517,619.1264991514238,969.1,642.9
21770,26478,687.6812040354517,619.1264991514238,969.1,642.9
21771,26479,687.6812040354517,619.1264991514238,969.1,642.9
21772,26480,687.6812040354517,619.1264991514238,969.1,642.9
21773,26481,687.6812040354517,619.1264991514238,969.1,642.9
21774,26482,687.6812040354517,619.1264991514238,969.1,642.9
21775,26483,687.6812040354517,619.1264991514238,969.1,642.9
21776,26484,687.6812040354517,619.1264991514238,969.1,642.9
21777,26485,687.6812040354517,619.1264991514238,969.1,642.9
21778,26486,687.6812040354517,619.1264991514238,969.1,642.9
21779,26487,687.6812040354517,619.1264991514238,969.1,642.9
21780,26488,687.6812040354517,619.1264991514238,969.1,642.9
21781,26489,687.6812040354517,619.1264991514238,969.1,642.9
21782,26490,687.6812040354517,619.1264991514238,969.1,642.9
21783,26491,687.6812040354517,619.1264991514238,969.1,642.9
21784,26492,687.6812040354517,619.1264991514238,969.1,642.9
21785,26493,687.6812040354517,619.1264991514238,969.1,642.9
21786,26494,687.6812040354517,619.1264991514238,969.1,642.9
21787,26495,687.6812040354517,619.1264991514238,969.1,642.9
21788,26496,687.6812040354517,619.1264991514238,969.1,642.9
21789,26497,687.6812040354517,619.1264991514238,969.1,642.9
21790,26498,687.6812040354517,619.1264991514238,969.1,642.9
21791,26499,687.6812040354517,619.1264991514238,969.1,642.9
21792,26500,687.6812040354517,619.1264991514238,969.1,642.9
21793,26501,687.6812040354517,619.1264991514238,969.1,642.9
21794,26502,687.6812040354517,619.1264991514238,969.1,642.9
21795,26503,687.6812040354517,619.1264991514238,969.1,642.9
21796,26504,687.6812040354517,619.1264991514238,969.1,642.9
21797,26505,687.6812040354517,619.1264991514238,969.1,642.9
21798,26506,687.6812040354517,619.1264991514238,969.1,642.9
21799,26507,687.6812040354517,619.1264991514238,969.1,642.9
21800,26508,687.6812040354517,619.1264991514238,969.1,642.9
21801,26509,687.6812040354517,619.1264991514238,969.1,642.9
21802,26510,687.6812040354517,619.1264991514238,969.1,642.9
21803,26511,687.6812040354517,619.1264991514238,969.1,642.9
21804,26512,687.6812040354517,619.1264991514238,969.1,642.9
21805,26513,687.6812040354517,619.1264991514238,969.1,642.9
21806,26514,687.6812040354517,619.1264991514238,969.1,642.9
21807,26515,687.6812040354517,619.1264991514238,969.1,642.9
21808,26516,687.6812040354517,619.1264991514238,969.1,642.9
21809,26517,687.6812040354517,619.1264991514238,969.1,642.9
21810,26518,687.6812040354517,619.1264991514238,969.1,642.9
21811,26519,687.6812040354517,619.1264991514238,969.1,642.9
21812,26520,687.6812040354517,619.1264991514238,969.1,642.9
21813,26521,687.6812040354517,619.1264991514238,969.1,642.9
21814,26522,687.6812040354517,619.1264991514238,969.1,642.9
21815,26523,687.6812040354517,619.1264991514238,969.1,642.9
21816,26524,687.6812040354517,619.1264991514238,969.1,642.9
21817,26525,687.6812040354517,619.1264991514238,969.1,642.9
21818,26526,687.6812040354517,619.1264991514238,969.1,642.9
21819,26527,687.6812040354517,619.1264991514238,969.1,642.9
21820,26528,687.6812040354517,619.1264991514238,969.1,642.9
21821,26529,687.6812040354517,619.1264991514238,969.1,642.9
21822,26530,687.6812040354517,619.1264991514238,969.1,642.9
21823,26531,687.6812040354517,619.1264991514238,969.1,642.9
21824,26532,687.6812040354517,619.1264991514238,969.1,642.9
21825,26533,687.6812040354517,619.1264991514238,969.1,642.9
21826,26534,687.6812040354517,619.1264991514238,969.1,642.9
21827,26535,687.6812040354517,619.1264991514238,969.1,642.9
21828,26536,687.6812040354517,619.1264991514238,969.1,642.9
21829,26537,687.6812040354517,619.1264991514238,969.1,642.9
21830,26538,687.6812040354517,619.1264991514238,969.1,642.9
21831,26539,687.6812040354517,619.1264991514238,969.1,642.9
21832,26540,687.6812040354517,619.1264991514238,969.1,642.9
21833,26541,687.6812040354517,619.1264991514238,969.1,642.9
21834,26542,687.6812040354517,619.1264991514238,969.1,642.9
21835,26543,687.6812040354517,619.1264991514238,969.1,642.9
21836,26544,687.6812040354517,619.1264991514238,969.1,642.9
21837,26545,687.6812040354517,619.1264991514238,969.1,642.9
21838,26546,687.6812040354517,619.1264991514238,969.1,642.9
21839,26547,687.6812040354517,619.1264991514238,969.1,642.9
21840,26548,687.6812040354517,619.1264991514238,969.1,642.9
21841,26549,687.6812040354517,619.1264991514238,969.1,642.9
21842,26550,687.6812040354517,619.1264991514238,969.1,642.9
21843,26551,687.6812040354517,619.1264991514238,969.1,642.9
21844,26552,687.6812040354517,619.1264991514238,969.1,642.9
21845,26553,687.6812040354517,619.1264991514238,969.1,642.9
21846,26554,687.6812040354517,619.1264991514238,969.1,642.9
21847,26555,687.6812040354517,619.1264991514238,969.1,642.9
21848,26556,687.6812040354517,619.1264991514238,969.1,642.9
21849,26557,687.6812040354517,619.1264991514238,969.1,642.9
21850,26558,687.6812040354517,619.1264991514238,969.1,642.9
21851,26559,687.6812040354517,619.1264991514238,969.1,642.9
21852,26560,687.6812040354517,619.1264991514238,969.1,642.9
21853,26561,687.6812040354517,619.1264991514238,969.1,642.9
21854,26562,687.6812040354517,619.1264991514238,969.1,642.9
21855,26563,687.6812040354517,619.1264991514238,969.1,642.9
21856,26564,687.6812040354517,619.1264991514238,969.1,642.9
21857,26565,687.6812040354517,619.1264991514238,969.1,642.9
21858,26566,687.6812040354517,619.1264991514238,969.1,642.9
21859,26567,687.6812040354517,619.1264991514238,969.1,642.9
21860,26568,687.6812040354517,619.1264991514238,969.1,642.9
21861,26569,687.6812040354517,619.1264991514238,969.1,642.9
21862,26570,687.6812040354517,619.1264991514238,969.1,642.9
21863,26571,687.6812040354517,619.1264991514238,969.1,642.9
21864,26572,687.6812040354517,619.1264991514238,969.1,642.9
21865,26573,687.6812040354517,619.1264991514238,969.1,642.9
21866,26574,687.6812040354517,619.1264991514238,969.1,642.9
21867,26575,687.6812040354517,619.1264991514238,969.1,642.9
21868,26576,687.6812040354517,619.1264991514238,969.1,642.9
21869,26577,687.6812040354517,619.1264991514238,969.1,642.9
21870,26578,687.6812040354517,619.1264991514238,969.1,642.9
21871,26579,687.6812040354517,619.1264991514238,969.1,642.9
21872,26580,687.6812040354517,619.1264991514238,969.1,642.9
21873,26581,687.6812040354517,619.1264991514238,969.1,642.9
21874,26582,687.6812040354517,619.1264991514238,969.1,642.9
21875,26583,687.6812040354517,619.1264991514238,969.1,642.9
21876,26584,687.6812040354517,619.1264991514238,969.1,642.9
21877,26585,687.6812040354517,619.1264991514238,969.1,642.9
21878,26586,687.6812040354517,619.1264991514238,969.1,642.9
21879,26587,687.6812040354517,619.1264991514238,969.1,642.9
21880,26588,687.6812040354517,619.1264991514238,969.1,642.9
21881,26589,687.6812040354517,619.1264991514238,969.1,642.9
21882,26590,687.6812040354517,619.1264991514238,969.1,642.9
21883,26591,687.6812040354517,619.1264991514238,969.1,642.9
21884,26592,687.6812040354517,619.1264991514238,969.1,642.9
21885,26593,687.6812040354517,619.1264991514238,969.1,642.9
21886,26594,687.6812040354517,619.1264991514238,969.1,642.9
21887,26595,687.6812040354517,619.1264991514238,969.1,642.9
21888,26596,687.6812040354517,619.1264991514238,969.1,642.9
21889,26597,687.6812040354517,619.1264991514238,969.1,642.9
21890,26598,687.6812040354517,619.1264991514238,969.1,642.9
21891,26599,687.6812040354517,619.1264991514238,969.1,642.9
21892,26600,687.6812040354517,619.1264991514238,969.1,642.9
21893,26601,687.6812040354517,619.1264991514238,969.1,642.9
21894,26602,687.6812040354517,619.1264991514238,969.1,642.9
21895,26603,687.6812040354517,619.1264991514238,969.1,642.9
21896,26604,687.6812040354517,619.1264991514238,969.1,642.9
21897,26605,687.6812040354517,619.1264991514238,969.1,642.9
21898,26606,687.6812040354517,619.1264991514238,969.1,642.9
21899,26607,687.6812040354517,619.1264991514238,969.1,642.9
21900,26608,687.6812040354517,619.1264991514238,969.1,642.9
21901,26609,687.6812040354517,619.1264991514238,969.1,642.9
21902,26610,687.6812040354517,619.1264991514238,969.1,642.9
21903,26611,687.6812040354517,619.1264991514238,969.1,642.9
21904,26612,687.6812040354517,619.1264991514238,969.1,642.9
21905,26613,687.6812040354517,619.1264991514238,969.1,642.9
21906,26614,687.6812040354517,619.1264991514238,969.1,642.9
21907,26615,687.6812040354517,619.1264991514238,969.1,642.9
21908,26616,687.6812040354517,619.1264991514238,969.1,642.9
21909,26617,687.6812040354517,619.1264991514238,969.1,642.9
21910,26618,687.6812040354517,619.1264991514238,969.1,642.9
21911,26619,687.6812040354517,619.1264991514238,969.1,642.9
21912,26620,687.6812040354517,619.1264991514238,969.1,642.9
21913,26621,687.6812040354517,619.1264991514238,969.1,642.9
21914,26622,687.6812040354517,619.1264991514238,969.1,642.9
21915,26623,687.6812040354517,619.1264991514238,969.1,642.9
21916,26624,687.6812040354517,619.1264991514238,969.1,642.9
21917,26625,687.6812040354517,619.1264991514238,969.1,642.9
21918,26626,687.6812040354517,619.1264991514238,969.1,642.9
21919,26627,687.6812040354517,619.1264991514238,969.1,642.9
21920,26628,687.6812040354517,619.1264991514238,969.1,642.9
21921,26629,687.6812040354517,619.1264991514238,969.1,642.9
21922,26630,687.6812040354517,619.1264991514238,969.1,642.9
21923,26631,687.6812040354517,619.1264991514238,969.1,642.9
21924,26632,687.6812040354517,619.1264991514238,969.1,642.9
21925,26633,687.6812040354517,619.1264991514238,969.1,642.9
21926,26634,687.6812040354517,619.1264991514238,969.1,642.9
21927,26635,687.6812040354517,619.1264991514238,969.1,642.9
21928,26636,687.6812040354517,619.1264991514238,969.1,642.9
21929,26637,687.6812040354517,619.1264991514238,969.1,642.9
21930,26638,687.6812040354517,619.1264991514238,969.1,642.9
21931,26639,687.6812040354517,619.1264991514238,969.1,642.9
21932,26640,687.6812040354517,619.1264991514238,969.1,642.9
21933,26641,687.6812040354517,619.1264991514238,969.1,642.9
21934,26642,687.6812040354517,619.1264991514238,969.1,642.9
21935,26643,687.6812040354517,619.1264991514238,969.1,642.9
21936,26644,687.6812040354517,619.1264991514238,969.1,642.9
21937,26645,687.6812040354517,619.1264991514238,969.1,642.9
21938,26646,687.6812040354517,619.1264991514238,969.1,642.9
21939,26647,687.6812040354517,619.1264991514238,969.1,642.9
21940,26648,687.6812040354517,619.1264991514238,969.1,642.9
21941,26649,687.6812040354517,619.1264991514238,969.1,642.9
21942,26650,687.6812040354517,619.1264991514238,969.1,642.9
21943,26651,687.6812040354517,619.1264991514238,969.1,642.9
21944,26652,687.6812040354517,619.1264991514238,969.1,642.9
21945,26653,687.6812040354517,619.1264991514238,969.1,642.9
21946,26654,687.6812040354517,619.1264991514238,969.1,642.9
21947,26655,687.6812040354517,619.1264991514238,969.1,642.9
21948,26656,687.6812040354517,619.1264991514238,969.1,642.9
21949,26657,687.6812040354517,619.1264991514238,969.1,642.9
21950,26658,687.6812040354517,619.1264991514238,969.1,642.9
21951,26659,687.6812040354517,619.1264991514238,969.1,642.9
21952,26660,687.6812040354517,619.1264991514238,969.1,642.9
21953,26661,687.6812040354517,619.1264991514238,969.1,642.9
21954,26662,687.6812040354517,619.1264991514238,969.1,642.9
21955,26663,687.6812040354517,619.1264991514238,969.1,642.9
21956,26664,687.6812040354517,619.1264991514238,969.1,642.9
21957,26665,687.6812040354517,619.1264991514238,969.1,642.9
21958,26666,687.6812040354517,619.1264991514238,969.1,642.9
21959,26667,687.6812040354517,619.1264991514238,969.1,642.9
21960,26668,687.6812040354517,619.1264991514238,969.1,642.9
21961,26669,687.6812040354517,619.1264991514238,969.1,642.9
21962,26670,687.6812040354517,619.1264991514238,969.1,642.9
21963,26671,687.6812040354517,619.1264991514238,969.1,642.9
21964,26672,687.6812040354517,619.1264991514238,969.1,642.9
21965,26673,687.6812040354517,619.1264991514238,969.1,642.9
21966,26674,687.6812040354517,619.1264991514238,969.1,642.9
21967,26675,687.6812040354517,619.1264991514238,969.1,642.9
21968,26676,687.6812040354517,619.1264991514238,969.1,642.9
21969,26677,687.6812040354517,619.1264991514238,969.1,642.9
21970,26678,687.6812040354517,619.1264991514238,969.1,642.9
21971,26679,687.6812040354517,619.1264991514238,969.1,642.9
21972,26680,687.6812040354517,619.1264991514238,969.1,642.9
21973,26681,687.6812040354517,619.1264991514238,969.1,642.9
21974,26682,687.6812040354517,619.1264991514238,969.1,642.9
21975,26683,687.6812040354517,619.1264991514238,969.1,642.9
21976,26684,687.6812040354517,619.1264991514238,969.1,642.9
21977,26685,687.6812040354517,619.1264991514238,969.1,642.9
21978,26686,687.6812040354517,619.1264991514238,969.1,642.9
21979,26687,687.6812040354517,619.1264991514238,969.1,642.9
21980,26688,687.6812040354517,619.1264991514238,969.1,642.9
21981,26689,687.6812040354517,619.1264991514238,969.1,642.9
21982,26690,687.6812040354517,619.1264991514238,969.1,642.9
21983,26691,687.6812040354517,619.1264991514238,969.1,642.9
21984,26692,687.6812040354517,619.1264991514238,969.1,642.9
21985,26693,687.6812040354517,619.1264991514238,969.1,642.9
21986,26694,687.6812040354517,619.1264991514238,969.1,642.9
21987,26695,687.6812040354517,619.1264991514238,969.1,642.9
21988,26696,687.6812040354517,619.1264991514238,969.1,642.9
21989,26697,687.6812040354517,619.1264991514238,969.1,642.9
21990,26698,687.6812040354517,619.1264991514238,969.1,642.9
21991,26699,687.6812040354517,619.1264991514238,969.1,642.9
21992,26700,687.6812040354517,619.1264991514238,969.1,642.9
21993,26701,687.6812040354517,619.1264991514238,969.1,642.9
21994,26702,687.6812040354517,619.1264991514238,969.1,642.9
21995,26703,687.6812040354517,619.1264991514238,969.1,642.9
21996,26704,687.6812040354517,619.1264991514238,969.1,642.9
21997,26705,687.6812040354517,619.1264991514238,969.1,642.9
21998,26706,687.6812040354517,619.1264991514238,969.1,642.9
21999,26707,687.6812040354517,619.1264991514238,969.1,642.9
22000,26708,687.6812040354517,619.1264991514238,969.1,642.9
22001,26709,687.6812040354517,619.1264991514238,969.1,642.9
22002,26710,687.6812040354517,619.1264991514238,969.1,642.9
22003,26711,687.6812040354517,619.1264991514238,969.1,642.9
22004,26712,687.6812040354517,619.1264991514238,969.1,642.9
22005,26713,687.6812040354517,619.1264991514238,969.1,642.9
22006,26714,687.6812040354517,619.1264991514238,969.1,642.9
22007,26715,687.6812040354517,619.1264991514238,969.1,642.9
22008,26716,687.6812040354517,619.1264991514238,969.1,642.9
22009,26717,687.6812040354517,619.1264991514238,969.1,642.9
22010,26718,687.6812040354517,619.1264991514238,969.1,642.9
22011,26719,687.6812040354517,619.1264991514238,969.1,642.9
22012,26720,687.6812040354517,619.1264991514238,969.1,642.9
22013,26721,687.6812040354517,619.1264991514238,969.1,642.9
22014,26722,687.6812040354517,619.1264991514238,969.1,642.9
22015,26723,687.6812040354517,619.1264991514238,969.1,642.9
22016,26724,687.6812040354517,619.1264991514238,969.1,642.9
22017,26725,687.6812040354517,619.1264991514238,969.1,642.9
22018,26726,687.6812040354517,619.1264991514238,969.1,642.9
22019,26727,687.6812040354517,619.1264991514238,969.1,642.9
22020,26728,687.6812040354517,619.1264991514238,969.1,642.9
22021,26729,687.6812040354517,619.1264991514238,969.1,642.9
22022,26730,687.6812040354517,619.1264991514238,969.1,642.9
22023,26731,687.6812040354517,619.1264991514238,969.1,642.9
22024,26732,687.6812040354517,619.1264991514238,969.1,642.9
22025,26733,687.6812040354517,619.1264991514238,969.1,642.9
22026,26734,687.6812040354517,619.1264991514238,969.1,642.9
22027,26735,687.6812040354517,619.1264991514238,969.1,642.9
22028,26736,687.6812040354517,619.1264991514238,969.1,642.9
22029,26737,687.6812040354517,619.1264991514238,969.1,642.9
22030,26738,687.6812040354517,619.1264991514238,969.1,642.9
22031,26739,687.6812040354517,619.1264991514238,969.1,642.9
22032,26740,687.6812040354517,619.1264991514238,969.1,642.9
22033,26741,687.6812040354517,619.1264991514238,969.1,642.9
22034,26742,687.6812040354517,619.1264991514238,969.1,642.9
22035,26743,687.6812040354517,619.1264991514238,969.1,642.9
22036,26744,687.6812040354517,619.1264991514238,969.1,642.9
22037,26745,687.6812040354517,619.1264991514238,969.1,642.9
22038,26746,687.6812040354517,619.1264991514238,969.1,642.9
22039,26747,687.6812040354517,619.1264991514238,969.1,642.9
22040,26748,687.6812040354517,619.1264991514238,969.1,642.9
22041,26749,687.6812040354517,619.1264991514238,969.1,642.9
22042,26750,687.6812040354517,619.1264991514238,969.1,642.9
22043,26751,687.6812040354517,619.1264991514238,969.1,642.9
22044,26752,687.6812040354517,619.1264991514238,969.1,642.9
22045,26753,687.6812040354517,619.1264991514238,969.1,642.9
22046,26754,687.6812040354517,619.1264991514238,969.1,642.9
22047,26755,687.6812040354517,619.1264991514238,969.1,642.9
22048,26756,687.6812040354517,619.1264991514238,969.1,642.9
22049,26757,687.6812040354517,619.1264991514238,969.1,642.9
22050,26758,687.6812040354517,619.1264991514238,969.1,642.9
22051,26759,687.6812040354517,619.1264991514238,969.1,642.9
22052,26760,687.6812040354517,619.1264991514238,969.1,642.9
22053,26760,687.6812040354517,619.1264991514238,969.1,642.9
22054,26760,687.6812040354517,619.1264991514238,969.1,642.9
22055,26760,687.6812040354517,619.1264991514238,969.1,642.9
22056,26760,687.6812040354517,619.1264991514238,969.1,642.9
22057,26760,687.6812040354517,619.1264991514238,969.1,642.9
22058,26760,687.6812040354517,619.1264991514238,969.1,642.9
22059,26760,687.6812040354517,619.1264991514238,969.1,642.9
22060,26760,687.6812040354517,619.1264991514238,969.1,642.9
22061,26760,687.6812040354517,619.1264991514238,969.1,642.9
22062,26760,687.6812040354517,619.1264991514238,969.1,642.9
22063,26760,687.6812040354517,619.1264991514238,969.1,642.9
22064,26760,687.6812040354517,619.1264991514238,969.1,642.9
22065,26760,687.6812040354517,619.1264991514238,969.1,642.9
22066,26760,687.6812040354517,619.1264991514238,969.1,642.9
22067,26760,687.6812040354517,619.1264991514238,969.1,642.9
22068,26760,687.6812040354517,619.1264991514238,969.1,642.9
22069,26760,687.6812040354517,619.1264991514238,969.1,642.9
22070,26760,687.6812040354517,619.1264991514238,969.1,642.9
22071,26760,687.6812040354517,619.1264991514238,969.1,642.9
22072,26760,687.6812040354517,619.1264991514238,969.1,642.9
22073,26760,687.6812040354517,619.1264991514238,969.1,642.9
22074,26760,687.6812040354517,619.1264991514238,969.1,642.9
22075,26760,687.6812040354517,619.1264991514238,969.1,642.9
22076,26760,687.6812040354517,619.1264991514238,969.1,642.9
22077,26760,687.6812040354517,619.1264991514238,969.1,642.9
22078,26760,687.6812040354517,619.1264991514238,969.1,642.9
22079,26760,687.6812040354517,619.1264991514238,969.1,642.9
22080,26760,687.6812040354517,619.1264991514238,969.1,642.9
22081,26760,687.6812040354517,619.1264991514238,969.1,642.9
22082,26760,687.6812040354517,619.1264991514238,969.1,642.9
22083,26760,687.6812040354517,619.1264991514238,969.1,642.9
22084,26760,687.6812040354517,619.1264991514238,969.1,642.9
22085,26760,687.6812040354517,619.1264991514238,969.1,642.9
22086,26760,687.6812040354517,619.1264991514238,969.1,642.9
22087,26760,687.6812040354517,619.1264991514238,969.1,642.9
22088,26760,687.6812040354517,619.1264991514238,969.1,642.9
22089,26760,687.6812040354517,619.1264991514238,969.1,642.9
22090,26760,687.6812040354517,619.1264991514238,969.1,642.9
22091,26760,687.6812040354517,619.1264991514238,969.1,642.9
22092,26760,687.6812040354517,619.1264991514238,969.1,642.9
22093,26760,687.6812040354517,619.1264991514238,969.1,642.9
22094,26760,687.6812040354517,619.1264991514238,969.1,642.9
22095,26760,687.6812040354517,619.1264991514238,969.1,642.9
22096,26760,687.6812040354517,619.1264991514238,969.1,642.9
22097,26760,687.6812040354517,619.1264991514238,969.1,642.9
22098,26760,687.6812040354517,619.1264991514238,969.1,642.9
22099,26760,687.6812040354517,619.1264991514238,969.1,642.9
22100,26760,687.6812040354517,619.1264991514238,969.1,642.9
22101,26760,687.6812040354517,619.1264991514238,969.1,642.9
22102,26760,687.6812040354517,619.1264991514238,969.1,642.9
22103,26760,687.6812040354517,619.1264991514238,969.1,642.9
22104,26760,687.6812040354517,619.1264991514238,969.1,642.9
22105,26760,687.6812040354517,619.1264991514238,969.1,642.9
22106,26760,687.6812040354517,619.1264991514238,969.1,642.9
22107,26760,687.6812040354517,619.1264991514238,969.1,642.9
22108,26760,687.6812040354517,619.1264991514238,969.1,642.9
22109,26760,687.6812040354517,619.1264991514238,969.1,642.9
22110,26760,687.6812040354517,619.1264991514238,969.1,642.9
22111,26760,687.6812040354517,619.1264991514238,969.1,642.9
22112,26760,687.6812040354517,619.1264991514238,969.1,642.9
22113,26760,687.6812040354517,619.1264991514238,969.1,642.9
22114,26760,687.6812040354517,619.1264991514238,969.1,642.9
22115,26760,687.6812040354517,619.1264991514238,969.1,642.9
22116,26760,687.6812040354517,619.1264991514238,969.1,642.9
22117,26760,687.6812040354517,619.1264991514238,969.1,642.9
22118,26760,687.6812040354517,619.1264991514238,969.1,642.9
22119,26760,687.6812040354517,619.1264991514238,969.1,642.9
22120,26760,687.6812040354517,619.1264991514238,969.1,642.9
22121,26760,687.6812040354517,619.1264991514238,969.1,642.9
22122,26760,687.6812040354517,619.1264991514238,969.1,642.9
22123,26760,687.6812040354517,619.1264991514238,969.1,642.9
22124,26760,687.6812040354517,619.1264991514238,969.1,642.9
22125,26760,687.6812040354517,619.1264991514238,969.1,642.9
22126,26760,687.6812040354517,619.1264991514238,969.1,642.9
22127,26760,687.6812040354517,619.1264991514238,969.1,642.9
22128,26760,687.6812040354517,619.1264991514238,969.1,642.9
22129,26760,687.6812040354517,619.1264991514238,969.1,642.9
22130,26760,687.6812040354517,619.1264991514238,969.1,642.9
22131,26760,687.6812040354517,619.1264991514238,969.1,642.9
22132,26760,687.6812040354517,619.1264991514238,969.1,642.9
22133,26760,687.6812040354517,619.1264991514238,969.1,642.9
22134,26760,687.6812040354517,619.1264991514238,969.1,642.9
22135,26760,687.6812040354517,619.1264991514238,969.1,642.9
22136,26760,687.6812040354517,619.1264991514238,969.1,642.9
22137,26760,687.6812040354517,619.1264991514238,969.1,642.9
22138,26760,687.6812040354517,619.1264991514238,969.1,642.9
22139,26760,687.6812040354517,619.1264991514238,969.1,642.9
22140,26760,687.6812040354517,619.1264991514238,969.1,642.9
22141,26760,687.6812040354517,619.1264991514238,969.1,642.9
22142,26760,687.6812040354517,619.1264991514238,969.1,642.9
22143,26760,687.6812040354517,619.1264991514238,969.1,642.9
22144,26760,687.6812040354517,619.1264991514238,969.1,642.9
22145,26760,687.6812040354517,619.1264991514238,969.1,642.9
22146,26760,687.6812040354517,619.1264991514238,969.1,642.9
22147,26760,687.6812040354517,619.1264991514238,969.1,642.9
22148,26760,687.6812040354517,619.1264991514238,969.1,642.9
22149,26760,687.6812040354517,619.1264991514238,969.1,642.9
22150,26760,687.6812040354517,619.1264991514238,969.1,642.9
22151,26760,687.6812040354517,619.1264991514238,969.1,642.9
22152,26760,687.6812040354517,619.1264991514238,969.1,642.9
22153,26760,687.6812040354517,619.1264991514238,969.1,642.9
22154,26760,687.6812040354517,619.1264991514238,969.1,642.9
22155,26760,687.6812040354517,619.1264991514238,969.1,642.9
22156,26760,687.6812040354517,619.1264991514238,969.1,642.9
22157,26760,687.6812040354517,619.1264991514238,969.1,642.9
22158,26760,687.6812040354517,619.1264991514238,969.1,642.9
22159,26760,687.6812040354517,619.1264991514238,969.1,642.9
22160,26760,687.6812040354517,619.1264991514238,969.1,642.9
22161,26760,687.6812040354517,619.1264991514238,969.1,642.9
22162,26760,687.6812040354517,619.1264991514238,969.1,642.9
22163,26760,687.6812040354517,619.1264991514238,969.1,642.9
22164,26760,687.6812040354517,619.1264991514238,969.1,642.9
22165,26760,687.6812040354517,619.1264991514238,969.1,642.9
22166,26760,687.6812040354517,619.1264991514238,969.1,642.9
22167,26760,687.6812040354517,619.1264991514238,969.1,642.9
22168,26760,687.6812040354517,619.1264991514238,969.1,642.9
22169,26760,687.6812040354517,619.1264991514238,969.1,642.9
22170,26760,687.6812040354517,619.1264991514238,969.1,642.9
22171,26760,687.6812040354517,619.1264991514238,969.1,642.9
22172,26760,687.6812040354517,619.1264991514238,969.1,642.9
22173,26760,687.6812040354517,619.1264991514238,969.1,642.9
22174,26760,687.6812040354517,619.1264991514238,969.1,642.9
22175,26760,687.6812040354517,619.1264991514238,969.1,642.9
22176,26760,687.6812040354517,619.1264991514238,969.1,642.9
22177,26760,687.6812040354517,619.1264991514238,969.1,642.9
22178,26760,687.6812040354517,619.1264991514238,969.1,642.9
22179,26760,687.6812040354517,619.1264991514238,969.1,642.9
22180,26760,687.6812040354517,619.1264991514238,969.1,642.9
22181,26760,687.6812040354517,619.1264991514238,969.1,642.9
22182,26760,687.6812040354517,619.1264991514238,969.1,642.9
22183,26760,687.6812040354517,619.1264991514238,969.1,642.9
22184,26760,687.6812040354517,619.1264991514238,969.1,642.9
22185,26760,687.6812040354517,619.1264991514238,969.1,642.9
22186,26760,687.6812040354517,619.1264991514238,969.1,642.9
22187,26760,687.6812040354517,619.1264991514238,969.1,642.9
22188,26760,687.6812040354517,619.1264991514238,969.1,642.9
22189,26760,687.6812040354517,619.1264991514238,969.1,642.9
22190,26760,687.6812040354517,619.1264991514238,969.1,642.9
22191,26760,687.6812040354517,619.1264991514238,969.1,642.9
22192,26760,687.6812040354517,619.1264991514238,969.1,642.9
22193,26760,687.6812040354517,619.1264991514238,969.1,642.9
22194,26760,687.6812040354517,619.1264991514238,969.1,642.9
22195,26760,687.6812040354517,619.1264991514238,969.1,642.9
22196,26760,687.6812040354517,619.1264991514238,969.1,642.9
22197,26760,687.6812040354517,619.1264991514238,969.1,642.9
22198,26760,687.6812040354517,619.1264991514238,969.1,642.9
22199,26760,687.6812040354517,619.1264991514238,969.1,642.9
22200,26760,687.6812040354517,619.1264991514238,969.1,642.9
22201,26760,687.6812040354517,619.1264991514238,969.1,642.9
22202,26760,687.6812040354517,619.1264991514238,969.1,642.9
22203,26760,687.6812040354517,619.1264991514238,969.1,642.9
22204,26760,687.6812040354517,619.1264991514238,969.1,642.9
22205,26760,687.6812040354517,619.1264991514238,969.1,642.9
22206,26760,687.6812040354517,619.1264991514238,969.1,642.9
22207,26760,687.6812040354517,619.1264991514238,969.1,642.9
22208,26760,687.6812040354517,619.1264991514238,969.1,642.9
22209,26760,687.6812040354517,619.1264991514238,969.1,642.9
22210,26760,687.6812040354517,619.1264991514238,969.1,642.9
22211,26760,687.6812040354517,619.1264991514238,969.1,642.9
22212,26760,687.6812040354517,619.1264991514238,969.1,642.9
22213,26760,687.6812040354517,619.1264991514238,969.1,642.9
22214,26760,687.6812040354517,619.1264991514238,969.1,642.9
22215,26760,687.6812040354517,619.1264991514238,969.1,642.9
22216,26760,687.6812040354517,619.1264991514238,969.1,642.9
22217,26760,687.6812040354517,619.1264991514238,969.1,642.9
22218,26760,687.6812040354517,619.1264991514238,969.1,642.9
22219,26760,687.6812040354517,619.1264991514238,969.1,642.9
22220,26760,687.6812040354517,619.1264991514238,969.1,642.9
22221,26760,687.6812040354517,619.1264991514238,969.1,642.9
22222,26760,687.6812040354517,619.1264991514238,969.1,642.9
22223,26760,687.6812040354517,619.1264991514238,969.1,642.9
22224,26760,687.6812040354517,619.1264991514238,969.1,642.9
22225,26760,687.6812040354517,619.1264991514238,969.1,642.9
22226,26760,687.6812040354517,619.1264991514238,969.1,642.9
22227,26760,687.6812040354517,619.1264991514238,969.1,642.9
22228,26760,687.6812040354517,619.1264991514238,969.1,642.9
22229,26760,687.6812040354517,619.1264991514238,969.1,642.9
22230,26760,687.6812040354517,619.1264991514238,969.1,642.9
22231,26760,687.6812040354517,619.1264991514238,969.1,642.9
22232,26760,687.6812040354517,619.1264991514238,969.1,642.9
22233,26760,687.6812040354517,619.1264991514238,969.1,642.9
22234,26760,687.6812040354517,619.1264991514238,969.1,642.9
22235,26760,687.6812040354517,619.1264991514238,969.1,642.9
22236,26760,687.6812040354517,619.1264991514238,969.1,642.9
22237,26760,687.6812040354517,619.1264991514238,969.1,642.9
22238,26760,687.6812040354517,619.1264991514238,969.1,642.9
22239,26760,687.6812040354517,619.1264991514238,969.1,642.9
22240,26760,687.6812040354517,619.1264991514238,969.1,642.9
22241,26760,687.6812040354517,619.1264991514238,969.1,642.9
22242,26760,687.6812040354517,619.1264991514238,969.1,642.9
22243,26760,687.6812040354517,619.1264991514238,969.1,642.9
22244,26760,687.6812040354517,619.1264991514238,969.1,642.9
22245,26760,687.6812040354517,619.1264991514238,969.1,642.9
22246,26760,687.6812040354517,619.1264991514238,969.1,642.9
22247,26760,687.6812040354517,619.1264991514238,969.1,642.9
22248,26760,687.6812040354517,619.1264991514238,969.1,642.9
22249,26760,687.6812040354517,619.1264991514238,969.1,642.9
22250,26760,687.6812040354517,619.1264991514238,969.1,642.9
22251,26760,687.6812040354517,619.1264991514238,969.1,642.9
22252,26760,687.6812040354517,619.1264991514238,969.1,642.9
22253,26760,687.6812040354517,619.1264991514238,969.1,642.9
22254,26760,687.6812040354517,619.1264991514238,969.1,642.9
22255,26760,687.6812040354517,619.1264991514238,969.1,642.9
22256,26760,687.6812040354517,619.1264991514238,969.1,642.9
22257,26760,687.6812040354517,619.1264991514238,969.1,642.9
22258,26760,687.6812040354517,619.1264991514238,969.1,642.9
22259,26760,687.6812040354517,619.1264991514238,969.1,642.9
22260,26760,687.6812040354517,619.1264991514238,969.1,642.9
22261,26760,687.6812040354517,619.1264991514238,969.1,642.9
22262,26760,687.6812040354517,619.1264991514238,969.1,642.9
22263,26760,687.6812040354517,619.1264991514238,969.1,642.9
22264,26760,687.6812040354517,619.1264991514238,969.1,642.9
22265,26760,687.6812040354517,619.1264991514238,969.1,642.9
22266,26760,687.6812040354517,619.1264991514238,969.1,642.9
22267,26760,687.6812040354517,619.1264991514238,969.1,642.9
22268,26760,687.6812040354517,619.1264991514238,969.1,642.9
22269,26760,687.6812040354517,619.1264991514238,969.1,642.9
22270,26760,687.6812040354517,619.1264991514238,969.1,642.9
22271,26760,687.6812040354517,619.1264991514238,969.1,642.9
22272,26760,687.6812040354517,619.1264991514238,969.1,642.9
22273,26760,687.6812040354517,619.1264991514238,969.1,642.9
22274,26760,687.6812040354517,619.1264991514238,969.1,642.9
22275,26760,687.6812040354517,619.1264991514238,969.1,642.9
22276,26760,687.6812040354517,619.1264991514238,969.1,642.9
22277,26760,687.6812040354517,619.1264991514238,969.1,642.9
22278,26760,687.6812040354517,619.1264991514238,969.1,642.9
22279,26760,687.6812040354517,619.1264991514238,969.1,642.9
22280,26760,687.6812040354517,619.1264991514238,969.1,642.9
22281,26760,687.6812040354517,619.1264991514238,969.1,642.9
22282,26760,687.6812040354517,619.1264991514238,969.1,642.9
22283,26760,687.6812040354517,619.1264991514238,969.1,642.9
22284,26760,687.6812040354517,619.1264991514238,969.1,642.9
22285,26760,687.6812040354517,619.1264991514238,969.1,642.9
22286,26760,687.6812040354517,619.1264991514238,969.1,642.9
22287,26760,687.6812040354517,619.1264991514238,969.1,642.9
22288,26760,687.6812040354517,619.1264991514238,969.1,642.9
22289,26760,687.6812040354517,619.1264991514238,969.1,642.9
22290,26760,687.6812040354517,619.1264991514238,969.1,642.9
22291,26760,687.6812040354517,619.1264991514238,969.1,642.9
22292,26760,687.6812040354517,619.1264991514238,969.1,642.9
22293,26760,687.6812040354517,619.1264991514238,969.1,642.9
22294,26760,687.6812040354517,619.1264991514238,969.1,642.9
22295,26760,687.6812040354517,619.1264991514238,969.1,642.9
22296,26760,687.6812040354517,619.1264991514238,969.1,642.9
22297,26760,687.6812040354517,619.1264991514238,969.1,642.9
22298,26760,687.6812040354517,619.1264991514238,969.1,642.9
22299,26760,687.6812040354517,619.1264991514238,969.1,642.9
22300,26760,687.6812040354517,619.1264991514238,969.1,642.9
22301,26760,687.6812040354517,619.1264991514238,969.1,642.9
22302,26760,687.6812040354517,619.1264991514238,969.1,642.9
22303,26760,687.6812040354517,619.1264991514238,969.1,642.9
22304,26760,687.6812040354517,619.1264991514238,969.1,642.9
22305,26760,687.6812040354517,619.1264991514238,969.1,642.9
22306,26760,687.6812040354517,619.1264991514238,969.1,642.9
22307,26760,687.6812040354517,619.1264991514238,969.1,642.9
22308,26760,687.6812040354517,619.1264991514238,969.1,642.9
22309,26760,687.6812040354517,619.1264991514238,969.1,642.9
22310,26760,687.6812040354517,619.1264991514238,969.1,642.9
22311,26760,687.6812040354517,619.1264991514238,969.1,642.9
22312,26760,687.6812040354517,619.1264991514238,969.1,642.9
22313,26760,687.6812040354517,619.1264991514238,969.1,642.9
22314,26760,687.6812040354517,619.1264991514238,969.1,642.9
22315,26760,687.6812040354517,619.1264991514238,969.1,642.9
22316,26760,687.6812040354517,619.1264991514238,969.1,642.9
22317,26760,687.6812040354517,619.1264991514238,969.1,642.9
22318,26760,687.6812040354517,619.1264991514238,969.1,642.9
22319,26760,687.6812040354517,619.1264991514238,969.1,642.9
22320,26760,687.6812040354517,619.1264991514238,969.1,642.9
22321,26760,687.6812040354517,619.1264991514238,969.1,642.9
22322,26760,687.6812040354517,619.1264991514238,969.1,642.9
22323,26760,687.6812040354517,619.1264991514238,969.1,642.9
22324,26760,687.6812040354517,619.1264991514238,969.1,642.9
22325,26760,687.6812040354517,619.1264991514238,969.1,642.9
22326,26760,687.6812040354517,619.1264991514238,969.1,642.9
22327,26760,687.6812040354517,619.1264991514238,969.1,642.9
22328,26760,687.6812040354517,619.1264991514238,969.1,642.9
22329,26760,687.6812040354517,619.1264991514238,969.1,642.9
22330,26760,687.6812040354517,619.1264991514238,969.1,642.9
22331,26760,687.6812040354517,619.1264991514238,969.1,642.9
22332,26760,687.6812040354517,619.1264991514238,969.1,642.9
22333,26760,687.6812040354517,619.1264991514238,969.1,642.9
22334,26760,687.6812040354517,619.1264991514238,969.1,642.9
22335,26760,687.6812040354517,619.1264991514238,969.1,642.9
22336,26760,687.6812040354517,619.1264991514238,969.1,642.9
22337,26760,687.6812040354517,619.1264991514238,969.1,642.9
22338,26760,687.6812040354517,619.1264991514238,969.1,642.9
22339,26760,687.6812040354517,619.1264991514238,969.1,642.9
22340,26760,687.6812040354517,619.1264991514238,969.1,642.9
22341,26760,687.6812040354517,619.1264991514238,969.1,642.9
22342,26760,687.6812040354517,619.1264991514238,969.1,642.9
22343,26760,687.6812040354517,619.1264991514238,969.1,642.9
22344,26760,687.6812040354517,619.1264991514238,969.1,642.9
22345,26760,687.6812040354517,619.1264991514238,969.1,642.9
22346,26760,687.6812040354517,619.1264991514238,969.1,642.9
22347,26760,687.6812040354517,619.1264991514238,969.1,642.9
22348,26760,687.6812040354517,619.1264991514238,969.1,642.9
22349,26760,687.6812040354517,619.1264991514238,969.1,642.9
22350,26760,687.6812040354517,619.1264991514238,969.1,642.9
22351,26760,687.6812040354517,619.1264991514238,969.1,642.9
22352,26760,687.6812040354517,619.1264991514238,969.1,642.9
22353,26760,687.6812040354517,619.1264991514238,969.1,642.9
22354,26760,687.6812040354517,619.1264991514238,969.1,642.9
22355,26760,687.6812040354517,619.1264991514238,969.1,642.9
22356,26760,687.6812040354517,619.1264991514238,969.1,642.9
22357,26760,687.6812040354517,619.1264991514238,969.1,642.9
22358,26760,687.6812040354517,619.1264991514238,969.1,642.9
22359,26760,687.6812040354517,619.1264991514238,969.1,642.9
22360,26760,687.6812040354517,619.1264991514238,969.1,642.9
22361,26760,687.6812040354517,619.1264991514238,969.1,642.9
22362,26760,687.6812040354517,619.1264991514238,969.1,642.9
22363,26760,687.6812040354517,619.1264991514238,969.1,642.9
22364,26760,687.6812040354517,619.1264991514238,969.1,642.9
22365,26760,687.6812040354517,619.1264991514238,969.1,642.9
22366,26760,687.6812040354517,619.1264991514238,969.1,642.9
22367,26760,687.6812040354517,619.1264991514238,969.1,642.9
22368,26760,687.6812040354517,619.1264991514238,969.1,642.9
22369,26760,687.6812040354517,619.1264991514238,969.1,642.9
22370,26760,687.6812040354517,619.1264991514238,969.1,642.9
22371,26760,687.6812040354517,619.1264991514238,969.1,642.9
22372,26760,687.6812040354517,619.1264991514238,969.1,642.9
22373,26760,687.6812040354517,619.1264991514238,969.1,642.9
22374,26760,687.6812040354517,619.1264991514238,969.1,642.9
22375,26760,687.6812040354517,619.1264991514238,969.1,642.9
22376,26760,687.6812040354517,619.1264991514238,969.1,642.9
22377,26760,687.6812040354517,619.1264991514238,969.1,642.9
22378,26760,687.6812040354517,619.1264991514238,969.1,642.9
22379,26760,687.6812040354517,619.1264991514238,969.1,642.9
22380,26760,687.6812040354517,619.1264991514238,969.1,642.9
22381,26760,687.6812040354517,619.1264991514238,969.1,642.9
22382,26760,687.6812040354517,619.1264991514238,969.1,642.9
22383,26760,687.6812040354517,619.1264991514238,969.1,642.9
22384,26760,687.6812040354517,619.1264991514238,969.1,642.9
22385,26760,687.6812040354517,619.1264991514238,969.1,642.9
22386,26760,687.6812040354517,619.1264991514238,969.1,642.9
22387,26760,687.6812040354517,619.1264991514238,969.1,642.9
22388,26760,687.6812040354517,619.1264991514238,969.1,642.9
22389,26760,687.6812040354517,619.1264991514238,969.1,642.9
22390,26760,687.6812040354517,619.1264991514238,969.1,642.9
22391,26760,687.6812040354517,619.1264991514238,969.1,642.9
22392,26760,687.6812040354517,619.1264991514238,969.1,642.9
22393,26760,687.6812040354517,619.1264991514238,969.1,642.9
22394,26760,687.6812040354517,619.1264991514238,969.1,642.9
22395,26760,687.6812040354517,619.1264991514238,969.1,642.9
22396,26760,687.6812040354517,619.1264991514238,969.1,642.9
22397,26760,687.6812040354517,619.1264991514238,969.1,642.9
22398,26760,687.6812040354517,619.1264991514238,969.1,642.9
22399,26760,687.6812040354517,619.1264991514238,969.1,642.9
22400,26760,687.6812040354517,619.1264991514238,969.1,642.9
22401,26760,687.6812040354517,619.1264991514238,969.1,642.9
22402,26760,687.6812040354517,619.1264991514238,969.1,642.9
22403,26760,687.6812040354517,619.1264991514238,969.1,642.9
22404,26760,687.6812040354517,619.1264991514238,969.1,642.9
22405,26760,687.6812040354517,619.1264991514238,969.1,642.9
22406,26760,687.6812040354517,619.1264991514238,969.1,642.9
22407,26760,687.6812040354517,619.1264991514238,969.1,642.9
22408,26760,687.6812040354517,619.1264991514238,969.1,642.9
22409,26760,687.6812040354517,619.1264991514238,969.1,642.9
22410,26760,687.6812040354517,619.1264991514238,969.1,642.9
22411,26760,687.6812040354517,619.1264991514238,969.1,642.9
22412,26760,687.6812040354517,619.1264991514238,969.1,642.9
22413,26760,687.6812040354517,619.1264991514238,969.1,642.9
22414,26760,687.6812040354517,619.1264991514238,969.1,642.9
22415,26760,687.6812040354517,619.1264991514238,969.1,642.9
22416,26760,687.6812040354517,619.1264991514238,969.1,642.9
22417,26760,687.6812040354517,619.1264991514238,969.1,642.9
22418,26760,687.6812040354517,619.1264991514238,969.1,642.9
22419,26760,687.6812040354517,619.1264991514238,969.1,642.9
22420,26760,687.6812040354517,619.1264991514238,969.1,642.9
22421,26760,687.6812040354517,619.1264991514238,969.1,642.9
22422,26760,687.6812040354517,619.1264991514238,969.1,642.9
22423,26760,687.6812040354517,619.1264991514238,969.1,642.9
22424,26760,687.6812040354517,619.1264991514238,969.1,642.9
22425,26760,687.6812040354517,619.1264991514238,969.1,642.9
22426,26760,687.6812040354517,619.1264991514238,969.1,642.9
22427,26760,687.6812040354517,619.1264991514238,969.1,642.9
22428,26760,687.6812040354517,619.1264991514238,969.1,642.9
22429,26760,687.6812040354517,619.1264991514238,969.1,642.9
22430,26760,687.6812040354517,619.1264991514238,969.1,642.9
22431,26760,687.6812040354517,619.1264991514238,969.1,642.9
22432,26760,687.6812040354517,619.1264991514238,969.1,642.9
22433,26760,687.6812040354517,619.1264991514238,969.1,642.9
22434,26760,687.6812040354517,619.1264991514238,969.1,642.9
22435,26760,687.6812040354517,619.1264991514238,969.1,642.9
22436,26760,687.6812040354517,619.1264991514238,969.1,642.9
22437,26760,687.6812040354517,619.1264991514238,969.1,642.9
22438,26760,687.6812040354517,619.1264991514238,969.1,642.9
22439,26760,687.6812040354517,619.1264991514238,969.1,642.9
22440,26760,687.6812040354517,619.1264991514238,969.1,642.9
22441,26760,687.6812040354517,619.1264991514238,969.1,642.9
22442,26760,687.6812040354517,619.1264991514238,969.1,642.9
22443,26760,687.6812040354517,619.1264991514238,969.1,642.9
22444,26760,687.6812040354517,619.1264991514238,969.1,642.9
22445,26760,687.6812040354517,619.1264991514238,969.1,642.9
22446,26760,687.6812040354517,619.1264991514238,969.1,642.9
22447,26760,687.6812040354517,619.1264991514238,969.1,642.9
22448,26760,687.6812040354517,619.1264991514238,969.1,642.9
22449,26760,687.6812040354517,619.1264991514238,969.1,642.9
22450,26760,687.6812040354517,619.1264991514238,969.1,642.9
22451,26760,687.6812040354517,619.1264991514238,969.1,642.9
22452,26760,687.6812040354517,619.1264991514238,969.1,642.9
22453,26760,687.6812040354517,619.1264991514238,969.1,642.9
22454,26760,687.6812040354517,619.1264991514238,969.1,642.9
22455,26760,687.6812040354517,619.1264991514238,969.1,642.9
22456,26760,687.6812040354517,619.1264991514238,969.1,642.9
22457,26760,687.6812040354517,619.1264991514238,969.1,642.9
22458,26760,687.6812040354517,619.1264991514238,969.1,642.9
22459,26760,687.6812040354517,619.1264991514238,969.1,642.9
22460,26760,687.6812040354517,619.1264991514238,969.1,642.9
22461,26760,687.6812040354517,619.1264991514238,969.1,642.9
22462,26760,687.6812040354517,619.1264991514238,969.1,642.9
22463,26760,687.6812040354517,619.1264991514238,969.1,642.9
22464,26760,687.6812040354517,619.1264991514238,969.1,642.9
22465,26760,687.6812040354517,619.1264991514238,969.1,642.9
22466,26760,687.6812040354517,619.1264991514238,969.1,642.9
22467,26760,687.6812040354517,619.1264991514238,969.1,642.9
22468,26760,687.6812040354517,619.1264991514238,969.1,642.9
22469,26760,687.6812040354517,619.1264991514238,969.1,642.9
22470,26760,687.6812040354517,619.1264991514238,969.1,642.9
22471,26760,687.6812040354517,619.1264991514238,969.1,642.9
22472,26760,687.6812040354517,619.1264991514238,969.1,642.9
22473,26760,687.6812040354517,619.1264991514238,969.1,642.9
22474,26760,687.6812040354517,619.1264991514238,969.1,642.9
22475,26760,687.6812040354517,619.1264991514238,969.1,642.9
22476,26760,687.6812040354517,619.1264991514238,969.1,642.9
22477,26760,687.6812040354517,619.1264991514238,969.1,642.9
22478,26760,687.6812040354517,619.1264991514238,969.1,642.9
22479,26760,687.6812040354517,619.1264991514238,969.1,642.9
22480,26760,687.6812040354517,619.1264991514238,969.1,642.9
22481,26760,687.6812040354517,619.1264991514238,969.1,642.9
22482,26760,687.6812040354517,619.1264991514238,969.1,642.9
22483,26760,687.6812040354517,619.1264991514238,969.1,642.9
22484,26760,687.6812040354517,619.1264991514238,969.1,642.9
22485,26760,687.6812040354517,619.1264991514238,969.1,642.9
22486,26760,687.6812040354517,619.1264991514238,969.1,642.9
22487,26760,687.6812040354517,619.1264991514238,969.1,642.9
22488,26760,687.6812040354517,619.1264991514238,969.1,642.9
22489,26760,687.6812040354517,619.1264991514238,969.1,642.9
22490,26760,687.6812040354517,619.1264991514238,969.1,642.9
22491,26760,687.6812040354517,619.1264991514238,969.1,642.9
22492,26760,687.6812040354517,619.1264991514238,969.1,642.9
22493,26760,687.6812040354517,619.1264991514238,969.1,642.9
22494,26760,687.6812040354517,619.1264991514238,969.1,642.9
22495,26760,687.6812040354517,619.1264991514238,969.1,642.9
22496,26760,687.6812040354517,619.1264991514238,969.1,642.9
22497,26760,687.6812040354517,619.1264991514238,969.1,642.9
22498,26760,687.6812040354517,619.1264991514238,969.1,642.9
22499,26760,687.6812040354517,619.1264991514238,969.1,642.9
22500,26760,687.6812040354517,619.1264991514238,969.1,642.9
22501,26760,687.6812040354517,619.1264991514238,969.1,642.9
22502,26760,687.6812040354517,619.1264991514238,969.1,642.9
22503,26760,687.6812040354517,619.1264991514238,969.1,642.9
22504,26760,687.6812040354517,619.1264991514238,969.1,642.9
22505,26760,687.6812040354517,619.1264991514238,969.1,642.9
22506,26760,687.6812040354517,619.1264991514238,969.1,642.9
22507,26760,687.6812040354517,619.1264991514238,969.1,642.9
22508,26760,687.6812040354517,619.1264991514238,969.1,642.9
22509,26760,687.6812040354517,619.1264991514238,969.1,642.9
22510,26760,687.6812040354517,619.1264991514238,969.1,642.9
22511,26760,687.6812040354517,619.1264991514238,969.1,642.9
22512,26760,687.6812040354517,619.1264991514238,969.1,642.9
22513,26760,687.6812040354517,619.1264991514238,969.1,642.9
22514,26760,687.6812040354517,619.1264991514238,969.1,642.9
22515,26760,687.6812040354517,619.1264991514238,969.1,642.9
22516,26760,687.6812040354517,619.1264991514238,969.1,642.9
22517,26760,687.6812040354517,619.1264991514238,969.1,642.9
22518,26760,687.6812040354517,619.1264991514238,969.1,642.9
22519,26760,687.6812040354517,619.1264991514238,969.1,642.9
22520,26760,687.6812040354517,619.1264991514238,969.1,642.9
22521,26760,687.6812040354517,619.1264991514238,969.1,642.9
22522,26760,687.6812040354517,619.1264991514238,969.1,642.9
22523,26760,687.6812040354517,619.1264991514238,969.1,642.9
22524,26760,687.6812040354517,619.1264991514238,969.1,642.9
22525,26760,687.6812040354517,619.1264991514238,969.1,642.9
22526,26760,687.6812040354517,619.1264991514238,969.1,642.9
22527,26760,687.6812040354517,619.1264991514238,969.1,642.9
22528,26760,687.6812040354517,619.1264991514238,969.1,642.9
22529,26760,687.6812040354517,619.1264991514238,969.1,642.9
22530,26760,687.6812040354517,619.1264991514238,969.1,642.9
22531,26760,687.6812040354517,619.1264991514238,969.1,642.9
22532,26760,687.6812040354517,619.1264991514238,969.1,642.9
22533,26760,687.6812040354517,619.1264991514238,969.1,642.9
22534,26760,687.6812040354517,619.1264991514238,969.1,642.9
22535,26760,687.6812040354517,619.1264991514238,969.1,642.9
22536,26760,687.6812040354517,619.1264991514238,969.1,642.9
22537,26760,687.6812040354517,619.1264991514238,969.1,642.9
22538,26760,687.6812040354517,619.1264991514238,969.1,642.9
22539,26760,687.6812040354517,619.1264991514238,969.1,642.9
22540,26760,687.6812040354517,619.1264991514238,969.1,642.9
22541,26760,687.6812040354517,619.1264991514238,969.1,642.9
22542,26760,687.6812040354517,619.1264991514238,969.1,642.9
22543,26760,687.6812040354517,619.1264991514238,969.1,642.9
22544,26760,687.6812040354517,619.1264991514238,969.1,642.9
22545,26760,687.6812040354517,619.1264991514238,969.1,642.9
22546,26760,687.6812040354517,619.1264991514238,969.1,642.9
22547,26760,687.6812040354517,619.1264991514238,969.1,642.9
22548,26760,687.6812040354517,619.1264991514238,969.1,642.9
22549,26760,687.6812040354517,619.1264991514238,969.1,642.9
22550,26760,687.6812040354517,619.1264991514238,969.1,642.9
22551,26760,687.6812040354517,619.1264991514238,969.1,642.9
22552,26760,687.6812040354517,619.1264991514238,969.1,642.9
22553,26760,687.6812040354517,619.1264991514238,969.1,642.9
22554,26760,687.6812040354517,619.1264991514238,969.1,642.9
22555,26760,687.6812040354517,619.1264991514238,969.1,642.9
22556,26760,687.6812040354517,619.1264991514238,969.1,642.9
22557,26760,687.6812040354517,619.1264991514238,969.1,642.9
22558,26760,687.6812040354517,619.1264991514238,969.1,642.9
22559,26760,687.6812040354517,619.1264991514238,969.1,642.9
22560,26760,687.6812040354517,619.1264991514238,969.1,642.9
22561,26760,687.6812040354517,619.1264991514238,969.1,642.9
22562,26760,687.6812040354517,619.1264991514238,969.1,642.9
22563,26760,687.6812040354517,619.1264991514238,969.1,642.9
22564,26760,687.6812040354517,619.1264991514238,969.1,642.9
22565,26760,687.6812040354517,619.1264991514238,969.1,642.9
22566,26760,687.6812040354517,619.1264991514238,969.1,642.9
22567,26760,687.6812040354517,619.1264991514238,969.1,642.9
22568,26760,687.6812040354517,619.1264991514238,969.1,642.9
22569,26761,687.6812040354517,619.1264991514238,969.1,642.9
22570,26762,687.6812040354517,619.1264991514238,969.1,642.9
22571,26763,687.6812040354517,619.1264991514238,969.1,642.9
22572,26764,687.6812040354517,619.1264991514238,969.1,642.9
22573,26765,687.6812040354517,619.1264991514238,969.1,642.9
22574,26766,687.6812040354517,619.1264991514238,969.1,642.9
22575,26767,687.6812040354517,619.1264991514238,969.1,642.9
22576,26768,687.6812040354517,619.1264991514238,969.1,642.9
22577,26769,687.6812040354517,619.1264991514238,969.1,642.9
22578,26770,687.6812040354517,619.1264991514238,969.1,642.9
22579,26771,687.6812040354517,619.1264991514238,969.1,642.9
22580,26772,687.6812040354517,619.1264991514238,969.1,642.9
22581,26773,687.6812040354517,619.1264991514238,969.1,642.9
22582,26774,687.6812040354517,619.1264991514238,969.1,642.9
22583,26775,687.6812040354517,619.1264991514238,969.1,642.9
22584,26776,687.6812040354517,619.1264991514238,969.1,642.9
22585,26777,687.6812040354517,619.1264991514238,969.1,642.9
22586,26778,687.6812040354517,619.1264991514238,969.1,642.9
22587,26779,687.6812040354517,619.1264991514238,969.1,642.9
22588,26780,687.6812040354517,619.1264991514238,969.1,642.9
22589,26781,687.6812040354517,619.1264991514238,969.1,642.9
22590,26782,687.6812040354517,619.1264991514238,969.1,642.9
22591,26783,687.6812040354517,619.1264991514238,969.1,642.9
22592,26784,687.6812040354517,619.1264991514238,969.1,642.9
22593,26785,687.6812040354517,619.1264991514238,969.1,642.9
22594,26786,687.6812040354517,619.1264991514238,969.1,642.9
22595,26787,687.6812040354517,619.1264991514238,969.1,642.9
22596,26788,687.6812040354517,619.1264991514238,969.1,642.9
22597,26789,687.6812040354517,619.1264991514238,969.1,642.9
22598,26790,687.6812040354517,619.1264991514238,969.1,642.9
22599,26791,687.6812040354517,619.1264991514238,969.1,642.9
22600,26792,687.6812040354517,619.1264991514238,969.1,642.9
22601,26793,687.6812040354517,619.1264991514238,969.1,642.9
22602,26794,687.6812040354517,619.1264991514238,969.1,642.9
22603,26795,687.6812040354517,619.1264991514238,969.1,642.9
22604,26796,687.6812040354517,619.1264991514238,969.1,642.9
22605,26797,687.6812040354517,619.1264991514238,969.1,642.9
22606,26798,687.6812040354517,619.1264991514238,969.1,642.9
22607,26799,687.6812040354517,619.1264991514238,969.1,642.9
22608,26800,687.6812040354517,619.1264991514238,969.1,642.9
22609,26801,687.6812040354517,619.1264991514238,969.1,642.9
22610,26802,687.6812040354517,619.1264991514238,969.1,642.9
22611,26803,687.6812040354517,619.1264991514238,969.1,642.9
22612,26804,687.6812040354517,619.1264991514238,969.1,642.9
22613,26805,687.6812040354517,619.1264991514238,969.1,642.9
22614,26806,687.6812040354517,619.1264991514238,969.1,642.9
22615,26807,687.6812040354517,619.1264991514238,969.1,642.9
22616,26808,687.6812040354517,619.1264991514238,969.1,642.9
22617,26809,687.6812040354517,619.1264991514238,969.1,642.9
22618,26810,687.6812040354517,619.1264991514238,969.1,642.9
22619,26811,687.6812040354517,619.1264991514238,969.1,642.9
22620,26812,687.6812040354517,619.1264991514238,969.1,642.9
22621,26813,687.6812040354517,619.1264991514238,969.1,642.9
22622,26814,687.6812040354517,619.1264991514238,969.1,642.9
22623,26815,687.6812040354517,619.1264991514238,969.1,642.9
22624,26816,687.6812040354517,619.1264991514238,969.1,642.9
22625,26817,687.6812040354517,619.1264991514238,969.1,642.9
22626,26818,687.6812040354517,619.1264991514238,969.1,642.9
22627,26819,687.6812040354517,619.1264991514238,969.1,642.9
22628,26820,687.6812040354517,619.1264991514238,969.1,642.9
22629,26821,687.6812040354517,619.1264991514238,969.1,642.9
22630,26822,687.6812040354517,619.1264991514238,969.1,642.9
22631,26823,687.6812040354517,619.1264991514238,969.1,642.9
22632,26824,687.6812040354517,619.1264991514238,969.1,642.9
22633,26825,687.6812040354517,619.1264991514238,969.1,642.9
22634,26826,687.6812040354517,619.1264991514238,969.1,642.9
22635,26827,687.6812040354517,619.1264991514238,969.1,642.9
22636,26828,687.6812040354517,619.1264991514238,969.1,642.9
22637,26829,687.6812040354517,619.1264991514238,969.1,642.9
22638,26830,687.6812040354517,619.1264991514238,969.1,642.9
22639,26831,687.6812040354517,619.1264991514238,969.1,642.9
22640,26832,687.6812040354517,619.1264991514238,969.1,642.9
22641,26833,687.6812040354517,619.1264991514238,969.1,642.9
22642,26834,687.6812040354517,619.1264991514238,969.1,642.9
22643,26835,687.6812040354517,619.1264991514238,969.1,642.9
22644,26836,687.6812040354517,619.1264991514238,969.1,642.9
22645,26837,687.6812040354517,619.1264991514238,969.1,642.9
22646,26838,687.6812040354517,619.1264991514238,969.1,642.9
22647,26839,687.6812040354517,619.1264991514238,969.1,642.9
22648,26840,687.6812040354517,619.1264991514238,969.1,642.9
22649,26841,687.6812040354517,619.1264991514238,969.1,642.9
22650,26842,687.6812040354517,619.1264991514238,969.1,642.9
22651,26843,687.6812040354517,619.1264991514238,969.1,642.9
22652,26844,687.6812040354517,619.1264991514238,969.1,642.9
22653,26845,687.6812040354517,619.1264991514238,969.1,642.9
22654,26846,687.6812040354517,619.1264991514238,969.1,642.9
22655,26847,687.6812040354517,619.1264991514238,969.1,642.9
22656,26848,687.6812040354517,619.1264991514238,969.1,642.9
22657,26849,687.6812040354517,619.1264991514238,969.1,642.9
22658,26850,687.6812040354517,619.1264991514238,969.1,642.9
22659,26851,687.6812040354517,619.1264991514238,969.1,642.9
22660,26852,687.6812040354517,619.1264991514238,969.1,642.9
22661,26853,687.6812040354517,619.1264991514238,969.1,642.9
22662,26854,687.6812040354517,619.1264991514238,969.1,642.9
22663,26855,687.6812040354517,619.1264991514238,969.1,642.9
22664,26856,687.6812040354517,619.1264991514238,969.1,642.9
22665,26857,687.6812040354517,619.1264991514238,969.1,642.9
22666,26858,687.6812040354517,619.1264991514238,969.1,642.9
22667,26859,687.6812040354517,619.1264991514238,969.1,642.9
22668,26860,687.6812040354517,619.1264991514238,969.1,642.9
22669,26861,687.6812040354517,619.1264991514238,969.1,642.9
22670,26862,687.6812040354517,619.1264991514238,969.1,642.9
22671,26863,687.6812040354517,619.1264991514238,969.1,642.9
22672,26864,687.6812040354517,619.1264991514238,969.1,642.9
22673,26865,687.6812040354517,619.1264991514238,969.1,642.9
22674,26866,687.6812040354517,619.1264991514238,969.1,642.9
22675,26867,687.6812040354517,619.1264991514238,969.1,642.9
22676,26868,687.6812040354517,619.1264991514238,969.1,642.9
22677,26869,687.6812040354517,619.1264991514238,969.1,642.9
22678,26870,687.6812040354517,619.1264991514238,969.1,642.9
22679,26871,687.6812040354517,619.1264991514238,969.1,642.9
22680,26872,687.6812040354517,619.1264991514238,969.1,642.9
22681,26873,687.6812040354517,619.1264991514238,969.1,642.9
22682,26874,687.6812040354517,619.1264991514238,969.1,642.9
22683,26875,687.6812040354517,619.1264991514238,969.1,642.9
22684,26876,687.6812040354517,619.1264991514238,969.1,642.9
22685,26877,687.6812040354517,619.1264991514238,969.1,642.9
22686,26878,687.6812040354517,619.1264991514238,969.1,642.9
22687,26879,687.6812040354517,619.1264991514238,969.1,642.9
22688,26880,687.6812040354517,619.1264991514238,969.1,642.9
22689,26881,687.6812040354517,619.1264991514238,969.1,642.9
22690,26882,687.6812040354517,619.1264991514238,969.1,642.9
22691,26883,687.6812040354517,619.1264991514238,969.1,642.9
22692,26884,687.6812040354517,619.1264991514238,969.1,642.9
22693,26885,687.6812040354517,619.1264991514238,969.1,642.9
22694,26886,687.6812040354517,619.1264991514238,969.1,642.9
22695,26887,687.6812040354517,619.1264991514238,969.1,642.9
22696,26888,687.6812040354517,619.1264991514238,969.1,642.9
22697,26889,687.6812040354517,619.1264991514238,969.1,642.9
22698,26890,687.6812040354517,619.1264991514238,969.1,642.9
22699,26891,687.6812040354517,619.1264991514238,969.1,642.9
22700,26892,687.6812040354517,619.1264991514238,969.1,642.9
22701,26893,687.6812040354517,619.1264991514238,969.1,642.9
22702,26894,687.6812040354517,619.1264991514238,969.1,642.9
22703,26895,687.6812040354517,619.1264991514238,969.1,642.9
22704,26896,687.6812040354517,619.1264991514238,969.1,642.9
22705,26897,687.6812040354517,619.1264991514238,969.1,642.9
22706,26898,687.6812040354517,619.1264991514238,969.1,642.9
22707,26899,687.6812040354517,619.1264991514238,969.1,642.9
22708,26900,687.6812040354517,619.1264991514238,969.1,642.9
22709,26901,687.6812040354517,619.1264991514238,969.1,642.9
22710,26902,687.6812040354517,619.1264991514238,969.1,642.9
22711,26903,687.6812040354517,619.1264991514238,969.1,642.9
22712,26904,687.6812040354517,619.1264991514238,969.1,642.9
22713,26905,687.6812040354517,619.1264991514238,969.1,642.9
22714,26906,687.6812040354517,619.1264991514238,969.1,642.9
22715,26907,687.6812040354517,619.1264991514238,969.1,642.9
22716,26908,687.6812040354517,619.1264991514238,969.1,642.9
22717,26909,687.6812040354517,619.1264991514238,969.1,642.9
22718,26910,687.6812040354517,619.1264991514238,969.1,642.9
22719,26911,687.6812040354517,619.1264991514238,969.1,642.9
22720,26912,687.6812040354517,619.1264991514238,969.1,642.9
22721,26913,687.6812040354517,619.1264991514238,969.1,642.9
22722,26914,687.6812040354517,619.1264991514238,969.1,642.9
22723,26915,687.6812040354517,619.1264991514238,969.1,642.9
22724,26916,687.6812040354517,619.1264991514238,969.1,642.9
22725,26917,687.6812040354517,619.1264991514238,969.1,642.9
22726,26918,687.6812040354517,619.1264991514238,969.1,642.9
22727,26919,687.6812040354517,619.1264991514238,969.1,642.9
22728,26920,687.6812040354517,619.1264991514238,969.1,642.9
22729,26921,687.6812040354517,619.1264991514238,969.1,642.9
22730,26922,687.6812040354517,619.1264991514238,969.1,642.9
22731,26923,687.6812040354517,619.1264991514238,969.1,642.9
22732,26924,687.6812040354517,619.1264991514238,969.1,642.9
22733,26925,687.6812040354517,619.1264991514238,969.1,642.9
22734,26926,687.6812040354517,619.1264991514238,969.1,642.9
22735,26927,687.6812040354517,619.1264991514238,969.1,642.9
22736,26928,687.6812040354517,619.1264991514238,969.1,642.9
22737,26929,687.6812040354517,619.1264991514238,969.1,642.9
22738,26930,687.6812040354517,619.1264991514238,969.1,642.9
22739,26931,687.6812040354517,619.1264991514238,969.1,642.9
22740,26932,687.6812040354517,619.1264991514238,969.1,642.9
22741,26933,687.6812040354517,619.1264991514238,969.1,642.9
22742,26934,687.6812040354517,619.1264991514238,969.1,642.9
22743,26935,687.6812040354517,619.1264991514238,969.1,642.9
22744,26936,687.6812040354517,619.1264991514238,969.1,642.9
22745,26937,687.6812040354517,619.1264991514238,969.1,642.9
22746,26938,687.6812040354517,619.1264991514238,969.1,642.9
22747,26939,687.6812040354517,619.1264991514238,969.1,642.9
22748,26940,687.6812040354517,619.1264991514238,969.1,642.9
22749,26941,687.6812040354517,619.1264991514238,969.1,642.9
22750,26942,687.6812040354517,619.1264991514238,969.1,642.9
22751,26943,687.6812040354517,619.1264991514238,969.1,642.9
22752,26944,687.6812040354517,619.1264991514238,969.1,642.9
22753,26945,687.6812040354517,619.1264991514238,969.1,642.9
22754,26946,687.6812040354517,619.1264991514238,969.1,642.9
22755,26947,687.6812040354517,619.1264991514238,969.1,642.9
22756,26948,687.6812040354517,619.1264991514238,969.1,642.9
22757,26949,687.6812040354517,619.1264991514238,969.1,642.9
22758,26950,687.6812040354517,619.1264991514238,969.1,642.9
22759,26951,687.6812040354517,619.1264991514238,969.1,642.9
22760,26952,687.6812040354517,619.1264991514238,969.1,642.9
22761,26953,687.6812040354517,619.1264991514238,969.1,642.9
22762,26954,687.6812040354517,619.1264991514238,969.1,642.9
22763,26955,687.6812040354517,619.1264991514238,969.1,642.9
22764,26956,687.6812040354517,619.1264991514238,969.1,642.9
22765,26957,687.6812040354517,619.1264991514238,969.1,642.9
22766,26958,687.6812040354517,619.1264991514238,969.1,642.9
22767,26959,687.6812040354517,619.1264991514238,969.1,642.9
22768,26960,687.6812040354517,619.1264991514238,969.1,642.9
22769,26961,687.6812040354517,619.1264991514238,969.1,642.9
22770,26962,687.6812040354517,619.1264991514238,969.1,642.9
22771,26963,687.6812040354517,619.1264991514238,969.1,642.9
22772,26964,687.6812040354517,619.1264991514238,969.1,642.9
22773,26965,687.6812040354517,619.1264991514238,969.1,642.9
22774,26966,687.6812040354517,619.1264991514238,969.1,642.9
22775,26967,687.6812040354517,619.1264991514238,969.1,642.9
22776,26968,687.6812040354517,619.1264991514238,969.1,642.9
22777,26969,687.6812040354517,619.1264991514238,969.1,642.9
22778,26970,687.6812040354517,619.1264991514238,969.1,642.9
22779,26971,687.6812040354517,619.1264991514238,969.1,642.9
22780,26972,687.6812040354517,619.1264991514238,969.1,642.9
22781,26973,687.6812040354517,619.1264991514238,969.1,642.9
22782,26974,687.6812040354517,619.1264991514238,969.1,642.9
22783,26975,687.6812040354517,619.1264991514238,969.1,642.9
22784,26976,687.6812040354517,619.1264991514238,969.1,642.9
22785,26977,687.6812040354517,619.1264991514238,969.1,642.9
22786,26978,687.6812040354517,619.1264991514238,969.1,642.9
22787,26979,687.6812040354517,619.1264991514238,969.1,642.9
22788,26980,687.6812040354517,619.1264991514238,969.1,642.9
22789,26981,687.6812040354517,619.1264991514238,969.1,642.9
22790,26982,687.6812040354517,619.1264991514238,969.1,642.9
22791,26983,687.6812040354517,619.1264991514238,969.1,642.9
22792,26984,687.6812040354517,619.1264991514238,969.1,642.9
22793,26985,687.6812040354517,619.1264991514238,969.1,642.9
22794,26986,687.6812040354517,619.1264991514238,969.1,642.9
22795,26987,687.6812040354517,619.1264991514238,969.1,642.9
22796,26988,687.6812040354517,619.1264991514238,969.1,642.9
22797,26989,687.6812040354517,619.1264991514238,969.1,642.9
22798,26990,687.6812040354517,619.1264991514238,969.1,642.9
22799,26991,687.6812040354517,619.1264991514238,969.1,642.9
22800,26992,687.6812040354517,619.1264991514238,969.1,642.9
22801,26993,687.6812040354517,619.1264991514238,969.1,642.9
22802,26994,687.6812040354517,619.1264991514238,969.1,642.9
22803,26995,687.6812040354517,619.1264991514238,969.1,642.9
22804,26996,687.6812040354517,619.1264991514238,969.1,642.9
22805,26997,687.6812040354517,619.1264991514238,969.1,642.9
22806,26998,687.6812040354517,619.1264991514238,969.1,642.9
22807,26999,687.6812040354517,619.1264991514238,969.1,642.9
22808,27000,687.6812040354517,619.1264991514238,969.1,642.9
22809,27001,687.6812040354517,619.1264991514238,969.1,642.9
22810,27002,687.6812040354517,619.1264991514238,969.1,642.9
22811,27003,687.6812040354517,619.1264991514238,969.1,642.9
22812,27004,687.6812040354517,619.1264991514238,969.1,642.9
22813,27005,687.6812040354517,619.1264991514238,969.1,642.9
22814,27006,687.6812040354517,619.1264991514238,969.1,642.9
22815,27007,687.6812040354517,619.1264991514238,969.1,642.9
22816,27008,687.6812040354517,619.1264991514238,969.1,642.9
22817,27009,687.6812040354517,619.1264991514238,969.1,642.9
22818,27010,687.6812040354517,619.1264991514238,969.1,642.9
22819,27011,687.6812040354517,619.1264991514238,969.1,642.9
22820,27012,687.6812040354517,619.1264991514238,969.1,642.9
22821,27013,687.6812040354517,619.1264991514238,969.1,642.9
22822,27014,687.6812040354517,619.1264991514238,969.1,642.9
22823,27015,687.6812040354517,619.1264991514238,969.1,642.9
22824,27016,687.6812040354517,619.1264991514238,969.1,642.9
22825,27017,687.6812040354517,619.1264991514238,969.1,642.9
22826,27018,687.6812040354517,619.1264991514238,969.1,642.9
22827,27019,687.6812040354517,619.1264991514238,969.1,642.9
22828,27020,687.6812040354517,619.1264991514238,969.1,642.9
22829,27021,687.6812040354517,619.1264991514238,969.1,642.9
22830,27022,687.6812040354517,619.1264991514238,969.1,642.9
22831,27023,687.6812040354517,619.1264991514238,969.1,642.9
22832,27024,687.6812040354517,619.1264991514238,969.1,642.9
22833,27025,687.6812040354517,619.1264991514238,969.1,642.9
22834,27026,687.6812040354517,619.1264991514238,969.1,642.9
22835,27027,687.6812040354517,619.1264991514238,969.1,642.9
22836,27028,687.6812040354517,619.1264991514238,969.1,642.9
22837,27029,687.6812040354517,619.1264991514238,969.1,642.9
22838,27030,687.6812040354517,619.1264991514238,969.1,642.9
22839,27031,687.6812040354517,619.1264991514238,969.1,642.9
22840,27032,687.6812040354517,619.1264991514238,969.1,642.9
22841,27033,687.6812040354517,619.1264991514238,969.1,642.9
22842,27034,687.6812040354517,619.1264991514238,969.1,642.9
22843,27035,687.6812040354517,619.1264991514238,969.1,642.9
22844,27036,687.6812040354517,619.1264991514238,969.1,642.9
22845,27037,687.6812040354517,619.1264991514238,969.1,642.9
22846,27038,687.6812040354517,619.1264991514238,969.1,642.9
22847,27039,687.6812040354517,619.1264991514238,969.1,642.9
22848,27040,687.6812040354517,619.1264991514238,969.1,642.9
22849,27041,687.6812040354517,619.1264991514238,969.1,642.9
22850,27042,687.6812040354517,619.1264991514238,969.1,642.9
22851,27043,687.6812040354517,619.1264991514238,969.1,642.9
22852,27044,687.6812040354517,619.1264991514238,969.1,642.9
22853,27045,687.6812040354517,619.1264991514238,969.1,642.9
22854,27046,687.6812040354517,619.1264991514238,969.1,642.9
22855,27047,687.6812040354517,619.1264991514238,969.1,642.9
22856,27048,687.6812040354517,619.1264991514238,969.1,642.9
22857,27049,687.6812040354517,619.1264991514238,969.1,642.9
22858,27050,687.6812040354517,619.1264991514238,969.1,642.9
22859,27051,687.6812040354517,619.1264991514238,969.1,642.9
22860,27052,687.6812040354517,619.1264991514238,969.1,642.9
22861,27053,687.6812040354517,619.1264991514238,969.1,642.9
22862,27054,687.6812040354517,619.1264991514238,969.1,642.9
22863,27055,687.6812040354517,619.1264991514238,969.1,642.9
22864,27056,687.6812040354517,619.1264991514238,969.1,642.9
22865,27057,687.6812040354517,619.1264991514238,969.1,642.9
22866,27058,687.6812040354517,619.1264991514238,969.1,642.9
22867,27059,687.6812040354517,619.1264991514238,969.1,642.9
22868,27060,687.6812040354517,619.1264991514238,969.1,642.9
22869,27061,687.6812040354517,619.1264991514238,969.1,642.9
22870,27062,687.6812040354517,619.1264991514238,969.1,642.9
22871,27063,687.6812040354517,619.1264991514238,969.1,642.9
22872,27064,687.6812040354517,619.1264991514238,969.1,642.9
22873,27065,687.6812040354517,619.1264991514238,969.1,642.9
22874,27066,687.6812040354517,619.1264991514238,969.1,642.9
22875,27067,687.6812040354517,619.1264991514238,969.1,642.9
22876,27068,687.6812040354517,619.1264991514238,969.1,642.9
22877,27069,687.6812040354517,619.1264991514238,969.1,642.9
22878,27070,687.6812040354517,619.1264991514238,969.1,642.9
22879,27071,687.6812040354517,619.1264991514238,969.1,642.9
22880,27072,687.6812040354517,619.1264991514238,969.1,642.9
22881,27073,687.6812040354517,619.1264991514238,969.1,642.9
22882,27074,687.6812040354517,619.1264991514238,969.1,642.9
22883,27075,687.6812040354517,619.1264991514238,969.1,642.9
22884,27076,687.6812040354517,619.1264991514238,969.1,642.9
22885,27077,687.6812040354517,619.1264991514238,969.1,642.9
22886,27078,687.6812040354517,619.1264991514238,969.1,642.9
22887,27079,687.6812040354517,619.1264991514238,969.1,642.9
22888,27080,687.6812040354517,619.1264991514238,969.1,642.9
22889,27081,687.6812040354517,619.1264991514238,969.1,642.9
22890,27082,687.6812040354517,619.1264991514238,969.1,642.9
22891,27083,687.6812040354517,619.1264991514238,969.1,642.9
22892,27084,687.6812040354517,619.1264991514238,969.1,642.9
22893,27085,687.6812040354517,619.1264991514238,969.1,642.9
22894,27086,687.6812040354517,619.1264991514238,969.1,642.9
22895,27087,687.6812040354517,619.1264991514238,969.1,642.9
22896,27088,687.6812040354517,619.1264991514238,969.1,642.9
22897,27089,687.6812040354517,619.1264991514238,969.1,642.9
22898,27090,687.6812040354517,619.1264991514238,969.1,642.9
22899,27091,687.6812040354517,619.1264991514238,969.1,642.9
22900,27092,687.6812040354517,619.1264991514238,969.1,642.9
22901,27093,687.6812040354517,619.1264991514238,969.1,642.9
22902,27094,687.6812040354517,619.1264991514238,969.1,642.9
22903,27095,687.6812040354517,619.1264991514238,969.1,642.9
22904,27096,687.6812040354517,619.1264991514238,969.1,642.9
22905,27097,687.6812040354517,619.1264991514238,969.1,642.9
22906,27098,687.6812040354517,619.1264991514238,969.1,642.9
22907,27099,687.6812040354517,619.1264991514238,969.1,642.9
22908,27100,687.6812040354517,619.1264991514238,969.1,642.9
22909,27101,687.6812040354517,619.1264991514238,969.1,642.9
22910,27102,687.6812040354517,619.1264991514238,969.1,642.9
22911,27103,687.6812040354517,619.1264991514238,969.1,642.9
22912,27104,687.6812040354517,619.1264991514238,969.1,642.9
22913,27105,687.6812040354517,619.1264991514238,969.1,642.9
22914,27106,687.6812040354517,619.1264991514238,969.1,642.9
22915,27107,687.6812040354517,619.1264991514238,969.1,642.9
22916,27108,687.6812040354517,619.1264991514238,969.1,642.9
22917,27109,687.6812040354517,619.1264991514238,969.1,642.9
22918,27110,687.6812040354517,619.1264991514238,969.1,642.9
22919,27111,687.6812040354517,619.1264991514238,969.1,642.9
22920,27112,687.6812040354517,619.1264991514238,969.1,642.9
22921,27113,687.6812040354517,619.1264991514238,969.1,642.9
22922,27114,687.6812040354517,619.1264991514238,969.1,642.9
22923,27115,687.6812040354517,619.1264991514238,969.1,642.9
22924,27116,687.6812040354517,619.1264991514238,969.1,642.9
22925,27117,687.6812040354517,619.1264991514238,969.1,642.9
22926,27118,687.6812040354517,619.1264991514238,969.1,642.9
22927,27119,687.6812040354517,619.1264991514238,969.1,642.9
22928,27120,687.6812040354517,619.1264991514238,969.1,642.9
22929,27121,687.6812040354517,619.1264991514238,969.1,642.9
22930,27122,687.6812040354517,619.1264991514238,969.1,642.9
22931,27123,687.6812040354517,619.1264991514238,969.1,642.9
22932,27124,687.6812040354517,619.1264991514238,969.1,642.9
22933,27125,687.6812040354517,619.1264991514238,969.1,642.9
22934,27126,687.6812040354517,619.1264991514238,969.1,642.9
22935,27127,687.6812040354517,619.1264991514238,969.1,642.9
22936,27128,687.6812040354517,619.1264991514238,969.1,642.9
22937,27129,687.6812040354517,619.1264991514238,969.1,642.9
22938,27130,687.6812040354517,619.1264991514238,969.1,642.9
22939,27131,687.6812040354517,619.1264991514238,969.1,642.9
22940,27132,687.6812040354517,619.1264991514238,969.1,642.9
22941,27133,687.6812040354517,619.1264991514238,969.1,642.9
22942,27134,687.6812040354517,619.1264991514238,969.1,642.9
22943,27135,687.6812040354517,619.1264991514238,969.1,642.9
22944,27136,687.6812040354517,619.1264991514238,969.1,642.9
22945,27137,687.6812040354517,619.1264991514238,969.1,642.9
22946,27138,687.6812040354517,619.1264991514238,969.1,642.9
22947,27139,687.6812040354517,619.1264991514238,969.1,642.9
22948,27140,687.6812040354517,619.1264991514238,969.1,642.9
22949,27141,687.6812040354517,619.1264991514238,969.1,642.9
22950,27142,687.6812040354517,619.1264991514238,969.1,642.9
22951,27143,687.6812040354517,619.1264991514238,969.1,642.9
22952,27144,687.6812040354517,619.1264991514238,969.1,642.9
22953,27145,687.6812040354517,619.1264991514238,969.1,642.9
22954,27146,687.6812040354517,619.1264991514238,969.1,642.9
22955,27147,687.6812040354517,619.1264991514238,969.1,642.9
22956,27148,687.6812040354517,619.1264991514238,969.1,642.9
22957,27149,687.6812040354517,619.1264991514238,969.1,642.9
22958,27150,687.6812040354517,619.1264991514238,969.1,642.9
22959,27151,687.6812040354517,619.1264991514238,969.1,642.9
22960,27152,687.6812040354517,619.1264991514238,969.1,642.9
22961,27153,687.6812040354517,619.1264991514238,969.1,642.9
22962,27154,687.6812040354517,619.1264991514238,969.1,642.9
22963,27155,687.6812040354517,619.1264991514238,969.1,642.9
22964,27156,687.6812040354517,619.1264991514238,969.1,642.9
22965,27157,687.6812040354517,619.1264991514238,969.1,642.9
22966,27158,687.6812040354517,619.1264991514238,969.1,642.9
22967,27159,687.6812040354517,619.1264991514238,969.1,642.9
22968,27160,687.6812040354517,619.1264991514238,969.1,642.9
22969,27161,687.6812040354517,619.1264991514238,969.1,642.9
22970,27162,687.6812040354517,619.1264991514238,969.1,642.9
22971,27163,687.6812040354517,619.1264991514238,969.1,642.9
22972,27164,687.6812040354517,619.1264991514238,969.1,642.9
22973,27165,687.6812040354517,619.1264991514238,969.1,642.9
22974,27166,687.6812040354517,619.1264991514238,969.1,642.9
22975,27167,687.6812040354517,619.1264991514238,969.1,642.9
22976,27168,687.6812040354517,619.1264991514238,969.1,642.9
22977,27169,687.6812040354517,619.1264991514238,969.1,642.9
22978,27170,687.6812040354517,619.1264991514238,969.1,642.9
22979,27171,687.6812040354517,619.1264991514238,969.1,642.9
22980,27172,687.6812040354517,619.1264991514238,969.1,642.9
22981,27173,687.6812040354517,619.1264991514238,969.1,642.9
22982,27174,687.6812040354517,619.1264991514238,969.1,642.9
22983,27175,687.6812040354517,619.1264991514238,969.1,642.9
22984,27176,687.6812040354517,619.1264991514238,969.1,642.9
22985,27177,687.6812040354517,619.1264991514238,969.1,642.9
22986,27178,687.6812040354517,619.1264991514238,969.1,642.9
22987,27179,687.6812040354517,619.1264991514238,969.1,642.9
22988,27180,687.6812040354517,619.1264991514238,969.1,642.9
22989,27181,687.6812040354517,619.1264991514238,969.1,642.9
22990,27182,687.6812040354517,619.1264991514238,969.1,642.9
22991,27183,687.6812040354517,619.1264991514238,969.1,642.9
22992,27184,687.6812040354517,619.1264991514238,969.1,642.9
22993,27185,687.6812040354517,619.1264991514238,969.1,642.9
22994,27186,687.6812040354517,619.1264991514238,969.1,642.9
22995,27187,687.6812040354517,619.1264991514238,969.1,642.9
22996,27188,687.6812040354517,619.1264991514238,969.1,642.9
22997,27189,687.6812040354517,619.1264991514238,969.1,642.9
22998,27190,687.6812040354517,619.1264991514238,969.1,642.9
22999,27191,687.6812040354517,619.1264991514238,969.1,642.9
23000,27192,687.6812040354517,619.1264991514238,969.1,642.9
23001,27193,687.6812040354517,619.1264991514238,969.1,642.9
23002,27194,687.6812040354517,619.1264991514238,969.1,642.9
23003,27195,687.6812040354517,619.1264991514238,969.1,642.9
23004,27196,687.6812040354517,619.1264991514238,969.1,642.9
23005,27197,687.6812040354517,619.1264991514238,969.1,642.9
23006,27198,687.6812040354517,619.1264991514238,969.1,642.9
23007,27199,687.6812040354517,619.1264991514238,969.1,642.9
23008,27200,687.6812040354517,619.1264991514238,969.1,642.9
23009,27201,687.6812040354517,619.1264991514238,969.1,642.9
23010,27202,687.6812040354517,619.1264991514238,969.1,642.9
23011,27203,687.6812040354517,619.1264991514238,969.1,642.9
23012,27204,687.6812040354517,619.1264991514238,969.1,642.9
23013,27205,687.6812040354517,619.1264991514238,969.1,642.9
23014,27206,687.6812040354517,619.1264991514238,969.1,642.9
23015,27207,687.6812040354517,619.1264991514238,969.1,642.9
23016,27208,687.6812040354517,619.1264991514238,969.1,642.9
23017,27209,687.6812040354517,619.1264991514238,969.1,642.9
23018,27210,687.6812040354517,619.1264991514238,969.1,642.9
23019,27211,687.6812040354517,619.1264991514238,969.1,642.9
23020,27212,687.6812040354517,619.1264991514238,969.1,642.9
23021,27213,687.6812040354517,619.1264991514238,969.1,642.9
23022,27214,687.6812040354517,619.1264991514238,969.1,642.9
23023,27215,687.6812040354517,619.1264991514238,969.1,642.9
23024,27216,687.6812040354517,619.1264991514238,969.1,642.9
23025,27217,687.6812040354517,619.1264991514238,969.1,642.9
23026,27218,687.6812040354517,619.1264991514238,969.1,642.9
23027,27219,687.6812040354517,619.1264991514238,969.1,642.9
23028,27220,687.6812040354517,619.1264991514238,969.1,642.9
23029,27221,687.6812040354517,619.1264991514238,969.1,642.9
23030,27222,687.6812040354517,619.1264991514238,969.1,642.9
23031,27223,687.6812040354517,619.1264991514238,969.1,642.9
23032,27224,687.6812040354517,619.1264991514238,969.1,642.9
23033,27225,687.6812040354517,619.1264991514238,969.1,642.9
23034,27226,687.6812040354517,619.1264991514238,969.1,642.9
23035,27227,687.6812040354517,619.1264991514238,969.1,642.9
23036,27228,687.6812040354517,619.1264991514238,969.1,642.9
23037,27229,687.6812040354517,619.1264991514238,969.1,642.9
23038,27230,687.6812040354517,619.1264991514238,969.1,642.9
23039,27231,687.6812040354517,619.1264991514238,969.1,642.9
23040,27232,687.6812040354517,619.1264991514238,969.1,642.9
23041,27233,687.6812040354517,619.1264991514238,969.1,642.9
23042,27234,687.6812040354517,619.1264991514238,969.1,642.9
23043,27235,687.6812040354517,619.1264991514238,969.1,642.9
23044,27236,687.6812040354517,619.1264991514238,969.1,642.9
23045,27237,687.6812040354517,619.1264991514238,969.1,642.9
23046,27238,687.6812040354517,619.1264991514238,969.1,642.9
23047,27239,687.6812040354517,619.1264991514238,969.1,642.9
23048,27240,687.6812040354517,619.1264991514238,969.1,642.9
23049,27241,687.6812040354517,619.1264991514238,969.1,642.9
23050,27242,687.6812040354517,619.1264991514238,969.1,642.9
23051,27243,687.6812040354517,619.1264991514238,969.1,642.9
23052,27244,687.6812040354517,619.1264991514238,969.1,642.9
23053,27245,687.6812040354517,619.1264991514238,969.1,642.9
23054,27246,687.6812040354517,619.1264991514238,969.1,642.9
23055,27247,687.6812040354517,619.1264991514238,969.1,642.9
23056,27248,687.6812040354517,619.1264991514238,969.1,642.9
23057,27249,687.6812040354517,619.1264991514238,969.1,642.9
23058,27250,687.6812040354517,619.1264991514238,969.1,642.9
23059,27251,687.6812040354517,619.1264991514238,969.1,642.9
23060,27252,687.6812040354517,619.1264991514238,969.1,642.9
23061,27253,687.6812040354517,619.1264991514238,969.1,642.9
23062,27254,687.6812040354517,619.1264991514238,969.1,642.9
23063,27255,687.6812040354517,619.1264991514238,969.1,642.9
23064,27256,687.6812040354517,619.1264991514238,969.1,642.9
23065,27257,687.6812040354517,619.1264991514238,969.1,642.9
23066,27258,687.6812040354517,619.1264991514238,969.1,642.9
23067,27259,687.6812040354517,619.1264991514238,969.1,642.9
23068,27260,687.6812040354517,619.1264991514238,969.1,642.9
23069,27261,687.6812040354517,619.1264991514238,969.1,642.9
23070,27262,687.6812040354517,619.1264991514238,969.1,642.9
23071,27263,687.6812040354517,619.1264991514238,969.1,642.9
23072,27264,687.6812040354517,619.1264991514238,969.1,642.9
23073,27265,687.6812040354517,619.1264991514238,969.1,642.9
23074,27266,687.6812040354517,619.1264991514238,969.1,642.9
23075,27267,687.6812040354517,619.1264991514238,969.1,642.9
23076,27268,687.6812040354517,619.1264991514238,969.1,642.9
23077,27269,687.6812040354517,619.1264991514238,969.1,642.9
23078,27270,687.6812040354517,619.1264991514238,969.1,642.9
23079,27271,687.6812040354517,619.1264991514238,969.1,642.9
23080,27272,687.6812040354517,619.1264991514238,969.1,642.9
23081,27273,687.6812040354517,619.1264991514238,969.1,642.9
23082,27274,687.6812040354517,619.1264991514238,969.1,642.9
23083,27275,687.6812040354517,619.1264991514238,969.1,642.9
23084,27276,687.6812040354517,619.1264991514238,969.1,642.9
23085,27277,687.6812040354517,619.1264991514238,969.1,642.9
23086,27278,687.6812040354517,619.1264991514238,969.1,642.9
23087,27279,687.6812040354517,619.1264991514238,969.1,642.9
23088,27280,687.6812040354517,619.1264991514238,969.1,642.9
23089,27281,687.6812040354517,619.1264991514238,969.1,642.9
23090,27282,687.6812040354517,619.1264991514238,969.1,642.9
23091,27283,687.6812040354517,619.1264991514238,969.1,642.9
23092,27284,687.6812040354517,619.1264991514238,969.1,642.9
23093,27285,687.6812040354517,619.1264991514238,969.1,642.9
23094,27286,687.6812040354517,619.1264991514238,969.1,642.9
23095,27287,687.6812040354517,619.1264991514238,969.1,642.9
23096,27288,687.6812040354517,619.1264991514238,969.1,642.9
23097,27289,687.6812040354517,619.1264991514238,969.1,642.9
23098,27290,687.6812040354517,619.1264991514238,969.1,642.9
23099,27291,687.6812040354517,619.1264991514238,969.1,642.9
23100,27292,687.6812040354517,619.1264991514238,969.1,642.9
23101,27293,687.6812040354517,619.1264991514238,969.1,642.9
23102,27294,687.6812040354517,619.1264991514238,969.1,642.9
23103,27295,687.6812040354517,619.1264991514238,969.1,642.9
23104,27296,687.6812040354517,619.1264991514238,969.1,642.9
23105,27297,687.6812040354517,619.1264991514238,969.1,642.9
23106,27298,687.6812040354517,619.1264991514238,969.1,642.9
23107,27299,687.6812040354517,619.1264991514238,969.1,642.9
23108,27300,687.6812040354517,619.1264991514238,969.1,642.9
23109,27301,687.6812040354517,619.1264991514238,969.1,642.9
23110,27302,687.6812040354517,619.1264991514238,969.1,642.9
23111,27303,687.6812040354517,619.1264991514238,969.1,642.9
23112,27304,687.6812040354517,619.1264991514238,969.1,642.9
23113,27305,687.6812040354517,619.1264991514238,969.1,642.9
23114,27306,687.6812040354517,619.1264991514238,969.1,642.9
23115,27307,687.6812040354517,619.1264991514238,969.1,642.9
23116,27308,687.6812040354517,619.1264991514238,969.1,642.9
23117,27309,687.6812040354517,619.1264991514238,969.1,642.9
23118,27310,687.6812040354517,619.1264991514238,969.1,642.9
23119,27311,687.6812040354517,619.1264991514238,969.1,642.9
23120,27312,687.6812040354517,619.1264991514238,969.1,642.9
23121,27313,687.6812040354517,619.1264991514238,969.1,642.9
23122,27314,687.6812040354517,619.1264991514238,969.1,642.9
23123,27315,687.6812040354517,619.1264991514238,969.1,642.9
23124,27316,687.6812040354517,619.1264991514238,969.1,642.9
23125,27317,687.6812040354517,619.1264991514238,969.1,642.9
23126,27318,687.6812040354517,619.1264991514238,969.1,642.9
23127,27319,687.6812040354517,619.1264991514238,969.1,642.9
23128,27320,687.6812040354517,619.1264991514238,969.1,642.9
23129,27321,687.6812040354517,619.1264991514238,969.1,642.9
23130,27322,687.6812040354517,619.1264991514238,969.1,642.9
23131,27323,687.6812040354517,619.1264991514238,969.1,642.9
23132,27324,687.6812040354517,619.1264991514238,969.1,642.9
23133,27325,687.6812040354517,619.1264991514238,969.1,642.9
23134,27326,687.6812040354517,619.1264991514238,969.1,642.9
23135,27327,687.6812040354517,619.1264991514238,969.1,642.9
23136,27328,687.6812040354517,619.1264991514238,969.1,642.9
23137,27329,687.6812040354517,619.1264991514238,969.1,642.9
23138,27330,687.6812040354517,619.1264991514238,969.1,642.9
23139,27331,687.6812040354517,619.1264991514238,969.1,642.9
23140,27332,687.6812040354517,619.1264991514238,969.1,642.9
23141,27333,687.6812040354517,619.1264991514238,969.1,642.9
23142,27334,687.6812040354517,619.1264991514238,969.1,642.9
23143,27335,687.6812040354517,619.1264991514238,969.1,642.9
23144,27336,687.6812040354517,619.1264991514238,969.1,642.9
23145,27337,687.6812040354517,619.1264991514238,969.1,642.9
23146,27338,687.6812040354517,619.1264991514238,969.1,642.9
23147,27339,687.6812040354517,619.1264991514238,969.1,642.9
23148,27340,687.6812040354517,619.1264991514238,969.1,642.9
23149,27341,687.6812040354517,619.1264991514238,969.1,642.9
23150,27342,687.6812040354517,619.1264991514238,969.1,642.9
23151,27343,687.6812040354517,619.1264991514238,969.1,642.9
23152,27344,687.6812040354517,619.1264991514238,969.1,642.9
23153,27345,687.6812040354517,619.1264991514238,969.1,642.9
23154,27346,687.6812040354517,619.1264991514238,969.1,642.9
23155,27347,687.6812040354517,619.1264991514238,969.1,642.9
23156,27348,687.6812040354517,619.1264991514238,986.3941176470588,642.2941176470588
23157,27349,687.6812040354517,619.1264991514238,1003.6882352941177,641.6882352941176
23158,27350,687.6812040354517,619.1264991514238,1020.9823529411765,641.0823529411765
23159,27351,687.6812040354517,619.1264991514238,1038.2764705882353,640.4764705882353
23160,27352,687.6812040354517,619.1264991514238,1055.570588235294,639.8705882352941
23161,27353,687.6812040354517,619.1264991514238,1072.8647058823528,639.2647058823529
23162,27354,687.6812040354517,619.1264991514238,1090.1588235294116,638.6588235294117
23163,27355,687.6812040354517,619.1264991514238,1107.4529411764706,638.0529411764705
23164,27356,687.6812040354517,619.1264991514238,1124.7470588235294,637.4470588235295
23165,27357,687.6812040354517,619.1264991514238,1142.0411764705882,636.8411764705883
23166,27358,687.6812040354517,619.1264991514238,1159.335294117647,636.2352941176471
23167,27359,687.6812040354517,619.1264991514238,1176.6294117647058,635.6294117647059
23168,27360,687.6812040354517,619.1264991514238,1193.9235294117645,635.0235294117647
23169,27361,687.6812040354517,619.1264991514238,1211.2176470588233,634.4176470588235
23170,27362,687.6812040354517,619.1264991514238,1228.5117647058823,633.8117647058824
23171,27363,687.6812040354517,619.1264991514238,1245.8058823529411,633.2058823529412
23172,27364,687.6812040354517,619.1264991514238,1263.1,632.6
23173,27365,687.6812040354517,619.1264991514238,1263.1,632.6
23174,27366,687.6812040354517,619.1264991514238,1263.1,632.6
23175,27367,687.6812040354517,619.1264991514238,1263.1,632.6
23176,27368,687.6812040354517,619.1264991514238,1263.1,632.6
23177,27369,687.6812040354517,619.1264991514238,1263.1,632.6
23178,27370,687.6812040354517,619.1264991514238,1263.1,632.6
23179,27371,687.6812040354517,619.1264991514238,1263.1,632.6
23180,27372,687.6812040354517,619.1264991514238,1263.1,632.6
23181,27373,687.6812040354517,619.1264991514238,1263.1,632.6
23182,27374,687.6812040354517,619.1264991514238,1263.1,632.6
23183,27375,687.6812040354517,619.1264991514238,1263.1,632.6
23184,27376,687.6812040354517,619.1264991514238,1263.1,632.6
23185,27377,687.6812040354517,619.1264991514238,1263.1,632.6
23186,27378,687.6812040354517,619.1264991514238,1263.1,632.6
23187,27379,687.6812040354517,619.1264991514238,1263.1,632.6
23188,27380,687.6812040354517,619.1264991514238,1263.1,632.6
23189,27381,687.6812040354517,619.1264991514238,1263.1,632.6
23190,27382,687.6812040354517,619.1264991514238,1263.1,632.6
23191,27383,687.6812040354517,619.1264991514238,1263.1,632.6
23192,27384,687.6812040354517,619.1264991514238,1263.1,632.6
23193,27385,687.6812040354517,619.1264991514238,1263.1,632.6
23194,27386,687.6812040354517,619.1264991514238,1263.1,632.6
23195,27387,687.6812040354517,619.1264991514238,1263.1,632.6
23196,27388,687.6812040354517,619.1264991514238,1263.1,632.6
23197,27389,687.6812040354517,619.1264991514238,1263.1,632.6
23198,27390,687.6812040354517,619.1264991514238,1263.1,632.6
23199,27391,687.6812040354517,619.1264991514238,1263.1,632.6
23200,27392,687.6812040354517,619.1264991514238,1263.1,632.6
23201,27393,687.6812040354517,619.1264991514238,1263.1,632.6
23202,27394,687.6812040354517,619.1264991514238,1263.1,632.6
23203,27395,687.6812040354517,619.1264991514238,1263.1,632.6
23204,27396,687.6812040354517,619.1264991514238,1263.1,632.6
23205,27397,687.6812040354517,619.1264991514238,1263.1,632.6
23206,27398,687.6812040354517,619.1264991514238,1263.1,632.6
23207,27399,687.6812040354517,619.1264991514238,1263.1,632.6
23208,27400,687.6812040354517,619.1264991514238,1263.1,632.6
23209,27401,687.6812040354517,619.1264991514238,1263.1,632.6
23210,27402,687.6812040354517,619.1264991514238,1263.1,632.6
23211,27403,687.6812040354517,619.1264991514238,1263.1,632.6
23212,27404,687.6812040354517,619.1264991514238,1263.1,632.6
23213,27405,687.6812040354517,619.1264991514238,1263.1,632.6
23214,27406,687.6812040354517,619.1264991514238,1263.1,632.6
23215,27407,687.6812040354517,619.1264991514238,1263.1,632.6
23216,27408,687.6812040354517,619.1264991514238,1263.1,632.6
23217,27409,687.6812040354517,619.1264991514238,1263.1,632.6
23218,27410,687.6812040354517,619.1264991514238,1263.1,632.6
23219,27411,687.6812040354517,619.1264991514238,1263.1,632.6
23220,27412,687.6812040354517,619.1264991514238,1263.1,632.6
23221,27413,687.6812040354517,619.1264991514238,1263.1,632.6
23222,27414,687.6812040354517,619.1264991514238,1263.1,632.6
23223,27415,687.6812040354517,619.1264991514238,1263.1,632.6
23224,27416,687.6812040354517,619.1264991514238,1263.1,632.6
23225,27417,687.6812040354517,619.1264991514238,1263.1,632.6
23226,27418,687.6812040354517,619.1264991514238,1263.1,632.6
23227,27419,687.6812040354517,619.1264991514238,1263.1,632.6
23228,27420,687.6812040354517,619.1264991514238,1263.1,632.6
23229,27421,687.6812040354517,619.1264991514238,1263.1,632.6
23230,27422,687.6812040354517,619.1264991514238,1263.1,632.6
23231,27423,687.6812040354517,619.1264991514238,1263.1,632.6
23232,27424,687.6812040354517,619.1264991514238,1263.1,632.6
23233,27425,687.6812040354517,619.1264991514238,1263.1,632.6
23234,27426,687.6812040354517,619.1264991514238,1263.1,632.6
23235,27427,687.6812040354517,619.1264991514238,1263.1,632.6
23236,27428,687.6812040354517,619.1264991514238,1263.1,632.6
23237,27428,687.6812040354517,619.1264991514238,1263.1,632.6
23238,27428,687.6812040354517,619.1264991514238,1263.1,632.6
23239,27428,687.6812040354517,619.1264991514238,1263.1,632.6
23240,27428,687.6812040354517,619.1264991514238,1263.1,632.6
23241,27428,687.6812040354517,619.1264991514238,1263.1,632.6
23242,27428,687.6812040354517,619.1264991514238,1263.1,632.6
23243,27428,687.6812040354517,619.1264991514238,1263.1,632.6
23244,27428,687.6812040354517,619.1264991514238,1263.1,632.6
23245,27428,687.6812040354517,619.1264991514238,1263.1,632.6
23246,27428,687.6812040354517,619.1264991514238,1263.1,632.6
23247,27428,687.6812040354517,619.1264991514238,1263.1,632.6
23248,27428,687.6812040354517,619.1264991514238,1263.1,632.6
23249,27428,687.6812040354517,619.1264991514238,1263.1,632.6
23250,27428,687.6812040354517,619.1264991514238,1263.1,632.6
23251,27428,687.6812040354517,619.1264991514238,1263.1,632.6
23252,27428,687.6812040354517,619.1264991514238,1263.1,632.6
23253,27428,687.6812040354517,619.1264991514238,1263.1,632.6
23254,27428,687.6812040354517,619.1264991514238,1263.1,632.6
23255,27428,687.6812040354517,619.1264991514238,1263.1,632.6
23256,27428,687.6812040354517,619.1264991514238,1263.1,632.6
23257,27428,687.6812040354517,619.1264991514238,1263.1,632.6
23258,27428,687.6812040354517,619.1264991514238,1263.1,632.6
23259,27428,687.6812040354517,619.1264991514238,1263.1,632.6
23260,27428,687.6812040354517,619.1264991514238,1263.1,632.6
23261,27428,687.6812040354517,619.1264991514238,1263.1,632.6
23262,27428,687.6812040354517,619.1264991514238,1263.1,632.6
23263,27428,687.6812040354517,619.1264991514238,1263.1,632.6
23264,27428,687.6812040354517,619.1264991514238,1263.1,632.6
23265,27428,687.6812040354517,619.1264991514238,1263.1,632.6
23266,27428,687.6812040354517,619.1264991514238,1263.1,632.6
23267,27428,687.6812040354517,619.1264991514238,1263.1,632.6
23268,27428,687.6812040354517,619.1264991514238,1263.1,632.6
23269,27428,687.6812040354517,619.1264991514238,1263.1,632.6
23270,27428,687.6812040354517,619.1264991514238,1263.1,632.6
23271,27428,687.6812040354517,619.1264991514238,1263.1,632.6
23272,27428,687.6812040354517,619.1264991514238,1263.1,632.6
23273,27428,687.6812040354517,619.1264991514238,1263.1,632.6
23274,27428,687.6812040354517,619.1264991514238,1263.1,632.6
23275,27428,687.6812040354517,619.1264991514238,1263.1,632.6
23276,27428,687.6812040354517,619.1264991514238,1263.1,632.6
23277,27428,687.6812040354517,619.1264991514238,1263.1,632.6
23278,27428,687.6812040354517,619.1264991514238,1263.1,632.6
23279,27428,687.6812040354517,619.1264991514238,1263.1,632.6
23280,27428,687.6812040354517,619.1264991514238,1263.1,632.6
23281,27428,687.6812040354517,619.1264991514238,1263.1,632.6
23282,27428,687.6812040354517,619.1264991514238,1263.1,632.6
23283,27428,687.6812040354517,619.1264991514238,1263.1,632.6
23284,27428,687.6812040354517,619.1264991514238,1263.1,632.6
23285,27428,687.6812040354517,619.1264991514238,1263.1,632.6
23286,27428,687.6812040354517,619.1264991514238,1263.1,632.6
23287,27428,687.6812040354517,619.1264991514238,1263.1,632.6
23288,27428,687.6812040354517,619.1264991514238,1263.1,632.6
23289,27428,687.6812040354517,619.1264991514238,1263.1,632.6
23290,27428,687.6812040354517,619.1264991514238,1263.1,632.6
23291,27428,687.6812040354517,619.1264991514238,1263.1,632.6
23292,27428,687.6812040354517,619.1264991514238,1263.1,632.6
23293,27428,687.6812040354517,619.1264991514238,1263.1,632.6
23294,27428,687.6812040354517,619.1264991514238,1263.1,632.6
23295,27428,687.6812040354517,619.1264991514238,1263.1,632.6
23296,27428,687.6812040354517,619.1264991514238,1263.1,632.6
23297,27428,687.6812040354517,619.1264991514238,1263.1,632.6
23298,27428,687.6812040354517,619.1264991514238,1263.1,632.6
23299,27428,687.6812040354517,619.1264991514238,1263.1,632.6
23300,27428,687.6812040354517,619.1264991514238,1263.1,632.6
23301,27428,687.6812040354517,619.1264991514238,1263.1,632.6
23302,27428,687.6812040354517,619.1264991514238,1263.1,632.6
23303,27428,687.6812040354517,619.1264991514238,1263.1,632.6
23304,27428,687.6812040354517,619.1264991514238,1263.1,632.6
23305,27428,687.6812040354517,619.1264991514238,1263.1,632.6
23306,27428,687.6812040354517,619.1264991514238,1263.1,632.6
23307,27428,687.6812040354517,619.1264991514238,1263.1,632.6
23308,27428,687.6812040354517,619.1264991514238,1263.1,632.6
23309,27428,687.6812040354517,619.1264991514238,1263.1,632.6
23310,27428,687.6812040354517,619.1264991514238,1263.1,632.6
23311,27428,687.6812040354517,619.1264991514238,1263.1,632.6
23312,27428,687.6812040354517,619.1264991514238,1263.1,632.6
23313,27428,687.6812040354517,619.1264991514238,1263.1,632.6
23314,27428,687.6812040354517,619.1264991514238,1263.1,632.6
23315,27429,687.6812040354517,619.1264991514238,1263.1,632.6
23316,27430,687.6812040354517,619.1264991514238,1263.1,632.6
23317,27431,687.6812040354517,619.1264991514238,1263.1,632.6
23318,27432,687.6812040354517,619.1264991514238,1263.1,632.6
23319,27433,687.6812040354517,619.1264991514238,1263.1,632.6
23320,27434,687.6812040354517,619.1264991514238,1263.1,632.6
23321,27435,687.6812040354517,619.1264991514238,1263.1,632.6
23322,27436,687.6812040354517,619.1264991514238,1263.1,632.6
23323,27437,687.6812040354517,619.1264991514238,1263.1,632.6
23324,27438,687.6812040354517,619.1264991514238,1263.1,632.6
23325,27439,687.6812040354517,619.1264991514238,1263.1,632.6
23326,27440,687.6812040354517,619.1264991514238,1263.1,632.6
23327,27441,687.6812040354517,619.1264991514238,1241.205882352941,631.9352941176471
23328,27442,687.6812040354517,619.1264991514238,1219.3117647058823,631.2705882352941
23329,27443,687.6812040354517,619.1264991514238,1197.4176470588234,630.6058823529412
23330,27444,687.6812040354517,619.1264991514238,1175.5235294117647,629.9411764705883
23331,27445,687.6812040354517,619.1264991514238,1153.6294117647058,629.2764705882353
23332,27446,687.6812040354517,619.1264991514238,1131.735294117647,628.6117647058824
23333,27447,687.6812040354517,619.1264991514238,1109.8411764705882,627.9470588235295
23334,27448,687.6812040354517,619.1264991514238,1087.9470588235295,627.2823529411764
23335,27449,687.6812040354517,619.1264991514238,1066.0529411764705,626.6176470588235
23336,27450,687.6812040354517,619.1264991514238,1044.1588235294116,625.9529411764705
23337,27451,687.6812040354517,619.1264991514238,1022.2647058823529,625.2882352941176
23338,27452,687.6812040354517,619.1264991514238,1000.370588235294,624.6235294117647
23339,27453,687.6812040354517,619.1264991514238,978.4764705882353,623.9588235294117
23340,27454,687.6812040354517,619.1264991514238,956.5823529411764,623.2941176470588
23341,27455,687.6812040354517,619.1264991514238,934.6882352941176,622.6294117647059
23342,27456,687.6812040354517,619.1264991514238,912.7941176470588,621.9647058823529
23343,27457,687.6812040354517,619.1264991514238,890.9,621.3
23344,27458,687.6812040354517,619.1264991514238,890.9,621.3
23345,27459,687.6812040354517,619.1264991514238,890.9,621.3
23346,27460,687.6812040354517,619.1264991514238,890.9,621.3
23347,27461,687.6812040354517,619.1264991514238,890.9,621.3
23348,27462,687.6812040354517,619.1264991514238,890.9,621.3
23349,27463,687.6812040354517,619.1264991514238,890.9,621.3
23350,27464,687.6812040354517,619.1264991514238,890.9,621.3
23351,27465,687.6812040354517,619.1264991514238,890.9,621.3
23352,27466,687.6812040354517,619.1264991514238,890.9,621.3
23353,27467,687.6812040354517,619.1264991514238,890.9,621.3
23354,27468,687.6812040354517,619.1264991514238,890.9,621.3
23355,27469,687.6812040354517,619.1264991514238,890.9,621.3
23356,27470,687.6812040354517,619.1264991514238,890.9,621.3
23357,27471,687.6812040354517,619.1264991514238,890.9,621.3
23358,27472,687.6812040354517,619.1264991514238,890.9,621.3
23359,27473,687.6812040354517,619.1264991514238,890.9,621.3
23360,27474,687.6812040354517,619.1264991514238,890.9,621.3
23361,27475,687.6812040354517,619.1264991514238,890.9,621.3
23362,27476,687.6812040354517,619.1264991514238,890.9,621.3
23363,27477,687.6812040354517,619.1264991514238,890.9,621.3
23364,27478,687.6812040354517,619.1264991514238,890.9,621.3
23365,27479,687.6812040354517,619.1264991514238,890.9,621.3
23366,27480,687.6812040354517,619.1264991514238,890.9,621.3
23367,27481,687.6812040354517,619.1264991514238,890.9,621.3
23368,27482,687.6812040354517,619.1264991514238,890.9,621.3
23369,27483,687.6812040354517,619.1264991514238,890.9,621.3
23370,27484,687.6812040354517,619.1264991514238,890.9,621.3
23371,27485,687.6812040354517,619.1264991514238,890.9,621.3
23372,27486,687.6812040354517,619.1264991514238,890.9,621.3
23373,27487,687.6812040354517,619.1264991514238,890.9,621.3
23374,27488,687.6812040354517,619.1264991514238,890.9,621.3
23375,27489,687.6812040354517,619.1264991514238,885.3777777777777,620.9777777777778
23376,27490,687.6812040354517,619.1264991514238,879.8555555555555,620.6555555555556
23377,27491,687.6812040354517,619.1264991514238,874.3333333333334,620.3333333333333
23378,27492,687.6812040354517,619.1264991514238,868.8111111111111,620.0111111111111
23379,27493,687.6812040354517,619.1264991514238,863.2888888888889,619.6888888888889
23380,27494,687.6812040354517,619.1264991514238,857.7666666666667,619.3666666666667
23381,27495,687.6812040354517,619.1264991514238,852.2444444444445,619.0444444444444
23382,27496,687.6812040354517,619.1264991514238,846.7222222222223,618.7222222222222
23383,27497,687.6812040354517,619.1264991514238,841.2,618.4
23384,27498,687.6812040354517,619.1264991514238,841.2,618.4
23385,27499,687.6812040354517,619.1264991514238,841.2,618.4
23386,27500,687.6812040354517,619.1264991514238,841.2,618.4
23387,27501,687.6812040354517,619.1264991514238,841.2,618.4
23388,27502,687.6812040354517,619.1264991514238,841.2,618.4
23389,27503,687.6812040354517,619.1264991514238,841.2,618.4
23390,27504,687.6812040354517,619.1264991514238,841.2,618.4
23391,27505,687.6812040354517,619.1264991514238,841.2,618.4
23392,27506,687.6812040354517,619.1264991514238,841.2,618.4
23393,27507,687.6812040354517,619.1264991514238,841.2,618.4
23394,27508,687.6812040354517,619.1264991514238,841.2,618.4
23395,27509,687.6812040354517,619.1264991514238,841.2,618.4
23396,27510,687.6812040354517,619.1264991514238,841.2,618.4
23397,27511,687.6812040354517,619.1264991514238,841.2,618.4
23398,27512,687.6812040354517,619.1264991514238,841.2,618.4
23399,27513,687.6812040354517,619.1264991514238,841.2,618.4
23400,27514,687.6812040354517,619.1264991514238,841.2,618.4
23401,27515,687.6812040354517,619.1264991514238,841.2,618.4
23402,27516,687.6812040354517,619.1264991514238,841.2,618.4
23403,27517,687.6812040354517,619.1264991514238,841.2,618.4
23404,27518,687.6812040354517,619.1264991514238,841.2,618.4
23405,27519,687.6812040354517,619.1264991514238,841.2,618.4
23406,27520,687.6812040354517,619.1264991514238,841.2,618.4
23407,27521,687.6812040354517,619.1264991514238,841.2,618.4
23408,27522,687.6812040354517,619.1264991514238,841.2,618.4
23409,27523,687.6812040354517,619.1264991514238,841.2,618.4
23410,27524,687.6812040354517,619.1264991514238,841.2,618.4
23411,27525,687.6812040354517,619.1264991514238,841.2,618.4
23412,27526,687.6812040354517,619.1264991514238,841.2,618.4
23413,27527,687.6812040354517,619.1264991514238,841.2,618.4
23414,27528,687.6812040354517,619.1264991514238,841.2,618.4
23415,27529,687.6812040354517,619.1264991514238,841.2,618.4
23416,27530,687.6812040354517,619.1264991514238,841.2,618.4
23417,27531,687.6812040354517,619.1264991514238,841.2,618.4
23418,27532,687.6812040354517,619.1264991514238,841.2,618.4
23419,27533,687.6812040354517,619.1264991514238,841.2,618.4
23420,27534,687.6812040354517,619.1264991514238,841.2,618.4
23421,27535,687.6812040354517,619.1264991514238,841.2,618.4
23422,27536,687.6812040354517,619.1264991514238,841.2,618.4
23423,27537,687.6812040354517,619.1264991514238,841.2,618.4
23424,27538,687.6812040354517,619.1264991514238,841.2,618.4
23425,27539,687.6812040354517,619.1264991514238,841.2,618.4
23426,27540,687.6812040354517,619.1264991514238,841.2,618.4
23427,27541,687.6812040354517,619.1264991514238,841.2,618.4
23428,27542,687.6812040354517,619.1264991514238,841.2,618.4
23429,27543,687.6812040354517,619.1264991514238,841.2,618.4
23430,27544,687.6812040354517,619.1264991514238,841.2,618.4
23431,27545,687.6812040354517,619.1264991514238,841.2,618.4
23432,27546,687.6812040354517,619.1264991514238,841.2,618.4
23432,27547,687.6812040354517,619.1264991514238,841.2,618.4
23432,27548,687.6812040354517,619.1264991514238,841.2,618.4
23432,27549,687.6812040354517,619.1264991514238,841.2,618.4
23432,27550,687.6812040354517,619.1264991514238,841.2,618.4
23432,27551,687.6812040354517,619.1264991514238,841.2,618.4
23432,27552,687.6812040354517,619.1264991514238,841.2,618.4
23432,27553,687.6812040354517,619.1264991514238,841.2,618.4
23432,27554,687.6812040354517,619.1264991514238,841.2,618.4
23432,27555,687.6812040354517,619.1264991514238,841.2,618.4
23432,27556,687.6812040354517,619.1264991514238,841.2,618.4
23432,27557,687.6812040354517,619.1264991514238,841.2,618.4
23432,27558,687.6812040354517,619.1264991514238,841.2,618.4
23432,27559,687.6812040354517,619.1264991514238,841.2,618.4
23432,27560,687.6812040354517,619.1264991514238,841.2,618.4
23432,27561,687.6812040354517,619.1264991514238,841.2,618.4
23432,27562,687.6812040354517,619.1264991514238,841.2,618.4
23432,27563,687.6812040354517,619.1264991514238,841.2,618.4
23432,27564,687.6812040354517,619.1264991514238,841.2,618.4
23432,27565,687.6812040354517,619.1264991514238,841.2,618.4
23432,27566,687.6812040354517,619.1264991514238,841.2,618.4
23432,27567,687.6812040354517,619.1264991514238,841.2,618.4
23432,27568,687.6812040354517,619.1264991514238,841.2,618.4
23432,27569,687.6812040354517,619.1264991514238,841.2,618.4
23432,27570,687.6812040354517,619.1264991514238,837.4944444444445,616.6999999999999
23432,27571,687.6812040354517,619.1264991514238,833.7888888888889,615.0
23432,27572,687.6812040354517,619.1264991514238,830.0833333333334,613.3
23432,27573,687.6812040354517,619.1264991514238,826.3777777777779,611.6
23432,27574,687.6812040354517,619.1264991514238,822.6722222222222,609.9
23432,27575,687.6812040354517,619.1264991514238,818.9666666666667,608.1999999999999
23432,27576,687.6812040354517,619.1264991514238,815.2611111111112,606.5
23432,27577,687.6812040354517,619.1264991514238,811.5555555555555,604.8
23432,27578,687.6812040354517,619.1264991514238,807.85,603.0999999999999
23432,27579,687.6812040354517,619.1264991514238,804.1444444444445,601.4
23432,27580,687.6812040354517,619.1264991514238,800.4388888888889,599.6999999999999
23432,27581,687.6812040354517,619.1264991514238,796.7333333333333,598.0
23432,27582,687.6812040354517,619.1264991514238,793.0277777777778,596.3
23432,27583,687.6812040354517,619.1264991514238,789.3222222222222,594.5999999999999
23432,27584,687.6812040354517,619.1264991514238,785.6166666666667,592.9
23432,27585,687.6812040354517,619.1264991514238,781.9111111111112,591.1999999999999
23432,27586,687.6812040354517,619.1264991514238,778.2055555555555,589.5
23432,27587,687.6812040354517,619.1264991514238,774.5,587.8
23432,27588,687.6812040354517,619.1264991514238,774.5,587.8
23432,27589,687.6812040354517,619.1264991514238,774.5,587.8
23432,27590,687.6812040354517,619.1264991514238,774.5,587.8
23432,27591,687.6812040354517,619.1264991514238,774.5,587.8
23432,27592,687.6812040354517,619.1264991514238,774.5,587.8
23432,27593,687.6812040354517,619.1264991514238,774.5,587.8
23432,27594,687.6812040354517,619.1264991514238,774.5,587.8
23432,27595,687.6812040354517,619.1264991514238,774.5,587.8
23432,27596,687.6812040354517,619.1264991514238,774.5,587.8
23432,27597,687.6812040354517,619.1264991514238,774.5,587.8
23432,27598,687.6812040354517,619.1264991514238,774.5,587.8
23432,27599,687.6812040354517,619.1264991514238,774.5,587.8
23432,27600,687.6812040354517,619.1264991514238,774.5,587.8
23432,27601,687.6812040354517,619.1264991514238,774.5,587.8
23432,27602,687.6812040354517,619.1264991514238,774.5,587.8
23432,27603,687.6812040354517,619.1264991514238,774.5,587.8
23432,27604,687.6812040354517,619.1264991514238,774.5,587.8
23433,27605,687.6812040354517,619.1264991514238,774.5,587.8
23434,27606,687.6812040354517,619.1264991514238,774.5,587.8
23435,27607,687.6812040354517,619.1264991514238,774.5,587.8
23436,27608,687.6812040354517,619.1264991514238,774.5,587.8
23437,27609,687.6812040354517,619.1264991514238,774.5,587.8
23438,27610,687.6812040354517,619.1264991514238,774.5,587.8
23439,27611,687.6812040354517,619.1264991514238,774.5,587.8
23440,27612,687.6812040354517,619.1264991514238,774.5,587.8
23441,27613,687.6812040354517,619.1264991514238,774.5,587.8
23442,27614,687.6812040354517,619.1264991514238,774.5,587.8
23443,27615,687.6812040354517,619.1264991514238,774.5,587.8
23444,27616,687.6812040354517,619.1264991514238,774.5,587.8
23445,27617,687.6812040354517,619.1264991514238,774.5,587.8
23446,27618,687.6812040354517,619.1264991514238,774.5,587.8
23447,27619,687.6812040354517,619.1264991514238,774.5,587.8
23448,27620,687.6812040354517,619.1264991514238,774.5,587.8
23449,27621,687.6812040354517,619.1264991514238,774.5,587.8
23450,27622,687.6812040354517,619.1264991514238,774.5,587.8
23451,27623,687.6812040354517,619.1264991514238,774.5,587.8
23452,27624,687.6812040354517,619.1264991514238,774.5,587.8
23453,27625,687.6812040354517,619.1264991514238,774.5,587.8
23454,27626,687.6812040354517,619.1264991514238,774.5,587.8
23455,27627,687.6812040354517,619.1264991514238,774.5,587.8
23456,27628,687.6812040354517,619.1264991514238,774.5,587.8
23457,27629,687.6812040354517,619.1264991514238,774.5,587.8
23458,27630,687.6812040354517,619.1264991514238,774.5,587.8
23459,27631,687.6812040354517,619.1264991514238,774.5,587.8
23460,27632,687.6812040354517,619.1264991514238,774.5,587.8
23461,27633,687.6812040354517,619.1264991514238,774.5,587.8
23462,27634,687.6812040354517,619.1264991514238,774.5,587.8
23463,27635,687.6812040354517,619.1264991514238,774.5,587.8
23464,27636,687.6812040354517,619.1264991514238,774.5,587.8
23465,27637,687.6812040354517,619.1264991514238,774.5,587.8
23466,27638,687.6812040354517,619.1264991514238,774.5,587.8
23467,27639,687.6812040354517,619.1264991514238,774.5,587.8
23468,27640,687.6812040354517,619.1264991514238,774.5,587.8
23469,27641,687.6812040354517,619.1264991514238,774.5,587.8
23470,27642,687.6812040354517,619.1264991514238,774.5,587.8
23471,27643,687.6812040354517,619.1264991514238,774.5,587.8
23472,27644,687.6812040354517,619.1264991514238,774.5,587.8
23473,27645,687.6812040354517,619.1264991514238,774.5,587.8
23474,27646,687.6812040354517,619.1264991514238,774.5,587.8
23475,27647,687.6812040354517,619.1264991514238,774.5,587.8
23476,27648,687.6812040354517,619.1264991514238,774.5,587.8
23477,27649,687.6812040354517,619.1264991514238,774.5,587.8
23478,27650,687.6812040354517,619.1264991514238,774.5,587.8
23479,27651,687.6812040354517,619.1264991514238,774.5,587.8
23480,27652,687.6812040354517,619.1264991514238,774.5,587.8
23481,27653,687.6812040354517,619.1264991514238,774.5,587.8
23482,27654,687.6812040354517,619.1264991514238,774.5,587.8
23483,27655,687.6812040354517,619.1264991514238,774.5,587.8
23484,27656,687.6812040354517,619.1264991514238,774.5,587.8
23485,27657,687.6812040354517,619.1264991514238,774.5,587.8
23486,27658,687.6812040354517,619.1264991514238,774.5,587.8
23487,27659,687.6812040354517,619.1264991514238,774.5,587.8
23488,27660,687.6812040354517,619.1264991514238,774.5,587.8
23489,27661,687.6812040354517,619.1264991514238,774.5,587.8
23490,27662,687.6812040354517,619.1264991514238,774.5,587.8
23491,27663,687.6812040354517,619.1264991514238,774.5,587.8
23492,27664,687.6812040354517,619.1264991514238,774.5,587.8
23493,27665,687.6812040354517,619.1264991514238,774.5,587.8
23494,27666,687.6812040354517,619.1264991514238,774.5,587.8
23495,27667,687.6812040354517,619.1264991514238,774.5,587.8
23496,27668,687.6812040354517,619.1264991514238,774.5,587.8
23497,27669,687.6812040354517,619.1264991514238,774.5,587.8
23498,27670,687.6812040354517,619.1264991514238,774.5,587.8
23499,27671,687.6812040354517,619.1264991514238,774.5,587.8
23500,27672,687.6812040354517,619.1264991514238,774.5,587.8
23501,27673,687.6812040354517,619.1264991514238,774.5,587.8
23502,27674,687.6812040354517,619.1264991514238,774.5,587.8
23503,27675,687.6812040354517,619.1264991514238,774.5,587.8
23504,27676,687.6812040354517,619.1264991514238,774.5,587.8
23505,27677,687.6812040354517,619.1264991514238,774.5,587.8
23506,27678,-,-,-,-
23507,27679,-,-,-,-
23508,27680,-,-,-,-
23509,27681,-,-,-,-
23510,27682,-,-,-,-
23511,27683,-,-,-,-
23512,27684,-,-,-,-
23513,27685,-,-,-,-
23514,27686,-,-,-,-
23515,27687,-,-,-,-
23516,27688,-,-,-,-
23517,27689,-,-,-,-
23518,27690,-,-,-,-
23519,27691,-,-,-,-
23520,27692,-,-,-,-
23521,27693,-,-,-,-
23522,27694,-,-,-,-
23523,27695,-,-,-,-
23524,27696,-,-,-,-
23525,27697,-,-,-,-
23526,27698,-,-,-,-
23527,27699,-,-,-,-
23528,27700,-,-,-,-
23529,27701,-,-,-,-
23530,27702,-,-,-,-
23531,27703,-,-,-,-
23532,27704,-,-,-,-
23533,27705,-,-,-,-
23534,27706,-,-,-,-
23535,27707,-,-,-,-
23536,27708,-,-,-,-
23537,27709,-,-,-,-
23538,27710,-,-,-,-
23539,27711,-,-,-,-
23540,27712,-,-,-,-
23541,27713,-,-,-,-
23542,27714,-,-,-,-
23543,27715,-,-,-,-
23544,27716,-,-,-,-
23545,27717,-,-,-,-
23546,27718,-,-,-,-
23547,27719,-,-,-,-
23548,27720,-,-,-,-
23549,27721,-,-,-,-
23550,27722,-,-,-,-
23551,27723,-,-,-,-
23552,27724,-,-,-,-
23553,27725,-,-,-,-
23554,27726,-,-,-,-
23555,27727,-,-,-,-
23556,27728,-,-,-,-
23557,27729,-,-,-,-
23558,27730,-,-,-,-
23559,27731,-,-,-,-
23560,27732,-,-,-,-
23561,27733,-,-,-,-
23562,27734,-,-,-,-
23563,27735,-,-,-,-
23564,27736,-,-,-,-
23565,27737,-,-,-,-
23566,27738,-,-,-,-
23567,27739,-,-,-,-
23568,27740,-,-,-,-
23569,27741,-,-,-,-
23570,27741,-,-,-,-
23571,27741,-,-,-,-
23572,27741,-,-,-,-
23573,27741,-,-,-,-
23574,27741,-,-,-,-
23575,27741,-,-,-,-
23576,27741,-,-,-,-
23577,27741,-,-,-,-
23578,27741,-,-,-,-
23579,27741,-,-,-,-
23580,27741,-,-,-,-
23581,27741,-,-,-,-
23582,27741,-,-,-,-
23583,27741,-,-,-,-
23584,27741,-,-,-,-
23585,27741,-,-,-,-
23586,27741,-,-,-,-
23587,27741,-,-,-,-
23588,27741,-,-,-,-
23589,27741,-,-,-,-
23590,27741,-,-,-,-
23591,27741,-,-,-,-
23592,27741,-,-,-,-
23593,27741,-,-,-,-
23594,27741,-,-,-,-
23595,27741,-,-,-,-
23596,27741,-,-,-,-
23597,27741,-,-,-,-
23598,27741,-,-,-,-
23599,27741,-,-,-,-
23600,27741,-,-,-,-
23601,27741,-,-,-,-
23602,27741,-,-,-,-
23603,27741,-,-,-,-
23604,27741,-,-,-,-
23605,27741,-,-,-,-
23606,27741,-,-,-,-
23607,27741,-,-,-,-
23608,27741,-,-,-,-
23609,27741,-,-,-,-
23610,27741,-,-,-,-
23611,27741,-,-,-,-
23612,27741,-,-,-,-
23613,27741,-,-,-,-
23614,27741,-,-,-,-
23615,27741,-,-,-,-
23616,27741,-,-,-,-
23617,27741,-,-,-,-
23618,27741,-,-,-,-
23619,27741,-,-,-,-
23620,27741,-,-,-,-
23621,27741,-,-,-,-
23622,27741,-,-,-,-
23623,27741,-,-,-,-
23624,27741,-,-,-,-
23625,27741,-,-,-,-
23626,27741,-,-,-,-
23627,27741,-,-,-,-
23628,27741,-,-,-,-
23629,27741,-,-,-,-
23630,27741,-,-,-,-
23631,27741,-,-,-,-
23632,27741,-,-,-,-
23633,27741,-,-,-,-
23634,27741,-,-,-,-
23635,27741,-,-,-,-
23636,27741,-,-,-,-
23637,27741,-,-,-,-
23638,27741,-,-,-,-
23639,27741,-,-,-,-
23640,27741,-,-,-,-
23641,27741,-,-,-,-
23642,27741,-,-,-,-
23643,27741,-,-,-,-
23644,27741,-,-,-,-
23645,27741,-,-,-,-
23646,27741,-,-,-,-
23647,27741,-,-,-,-
23648,27741,-,-,-,-
23649,27741,-,-,-,-
23650,27741,-,-,-,-
23651,27741,-,-,-,-
23652,27741,-,-,-,-
23653,27741,-,-,-,-
23654,27741,-,-,-,-
23655,27741,-,-,-,-
23656,27741,-,-,-,-
23657,27741,-,-,-,-
23658,27741,-,-,-,-
23659,27741,-,-,-,-
23660,27741,-,-,-,-
23661,27741,-,-,-,-
23662,27741,-,-,-,-
23663,27741,-,-,-,-
23664,27741,-,-,-,-
23665,27741,-,-,-,-
23666,27741,-,-,-,-
23667,27741,-,-,-,-
23668,27741,-,-,-,-
23669,27741,-,-,-,-
23670,27741,-,-,-,-
23671,27741,-,-,-,-
23672,27741,-,-,-,-
23673,27741,-,-,-,-
23674,27741,-,-,-,-
23675,27741,-,-,-,-
23676,27741,-,-,-,-
23677,27741,-,-,-,-
23678,27741,-,-,-,-
23679,27741,-,-,-,-
23680,27741,-,-,-,-
23681,27741,-,-,-,-
23682,27741,-,-,-,-
23683,27741,-,-,-,-
23684,27741,-,-,-,-
23685,27741,-,-,-,-
23686,27741,-,-,-,-
23687,27741,-,-,-,-
23688,27741,-,-,-,-
23689,27741,-,-,-,-
23690,27741,-,-,-,-
23691,27741,-,-,-,-
23692,27741,-,-,-,-
23693,27741,-,-,-,-
23694,27741,-,-,-,-
23695,27741,-,-,-,-
23696,27741,-,-,-,-
23697,27741,-,-,-,-
23698,27741,-,-,-,-
23699,27741,-,-,-,-
23700,27741,-,-,-,-
23701,27741,-,-,-,-
23702,27741,-,-,-,-
23703,27741,-,-,-,-
23704,27741,-,-,-,-
23705,27741,-,-,-,-
23706,27741,-,-,-,-
23707,27741,-,-,-,-
23708,27741,-,-,-,-
23709,27741,-,-,-,-
23710,27741,-,-,-,-
23711,27741,-,-,-,-
23712,27741,-,-,-,-
23713,27741,-,-,-,-
23714,27741,-,-,-,-
23715,27741,-,-,-,-
23716,27741,-,-,-,-
23717,27741,-,-,-,-
23718,27741,-,-,-,-
23719,27741,-,-,-,-
23720,27741,-,-,-,-
23721,27741,-,-,-,-
23722,27741,-,-,-,-
23723,27741,-,-,-,-
23724,27741,-,-,-,-
23725,27741,-,-,-,-
23726,27741,-,-,-,-
23727,27741,-,-,-,-
23728,27741,-,-,-,-
23729,27741,-,-,-,-
23730,27741,-,-,-,-
23731,27741,-,-,-,-
23732,27741,-,-,-,-
23733,27741,-,-,-,-
23734,27741,-,-,-,-
23735,27741,-,-,-,-
23736,27741,-,-,-,-
23737,27741,-,-,-,-
23738,27741,-,-,-,-
23739,27741,-,-,-,-
23740,27741,-,-,-,-
23741,27741,-,-,-,-
23742,27741,-,-,-,-
23743,27741,-,-,-,-
23744,27741,-,-,-,-
23745,27741,-,-,-,-
23746,27741,-,-,-,-
23747,27741,-,-,-,-
23748,27741,-,-,-,-
23749,27741,-,-,-,-
23750,27741,-,-,-,-
23751,27741,-,-,-,-
23752,27741,-,-,-,-
23753,27741,-,-,-,-
23754,27741,-,-,-,-
23755,27741,-,-,-,-
23756,27741,-,-,-,-
23757,27741,-,-,-,-
23758,27741,-,-,-,-
23759,27741,-,-,-,-
23760,27741,-,-,-,-
23761,27741,-,-,-,-
23762,27741,-,-,-,-
23763,27741,-,-,-,-
23764,27741,-,-,-,-
23765,27741,-,-,-,-
23766,27741,-,-,-,-
23767,27741,-,-,-,-
23768,27741,-,-,-,-
23769,27741,-,-,-,-
23770,27741,-,-,-,-
23771,27741,-,-,-,-
23772,27741,-,-,-,-
23773,27741,-,-,-,-
23774,27741,-,-,-,-
23775,27741,-,-,-,-
23776,27741,-,-,-,-
23777,27741,-,-,-,-
23778,27741,-,-,-,-
23779,27741,-,-,-,-
23780,27741,-,-,-,-
23781,27741,-,-,-,-
23782,27741,-,-,-,-
23783,27741,-,-,-,-
23784,27741,-,-,-,-
23785,27741,-,-,-,-
23786,27741,-,-,-,-
23787,27741,-,-,-,-
23788,27741,-,-,-,-
23789,27741,-,-,-,-
23790,27741,-,-,-,-
23791,27741,-,-,-,-
23792,27741,-,-,-,-
23793,27741,-,-,-,-
23794,27741,-,-,-,-
23795,27741,-,-,-,-
23796,27741,-,-,-,-
23797,27741,-,-,-,-
23798,27741,-,-,-,-
23799,27741,-,-,-,-
23800,27741,-,-,-,-
23801,27741,-,-,-,-
23802,27741,-,-,-,-
23803,27741,-,-,-,-
23804,27741,-,-,-,-
23805,27741,-,-,-,-
23806,27741,-,-,-,-
23807,27741,-,-,-,-
23808,27741,-,-,-,-
23809,27741,-,-,-,-
23810,27741,-,-,-,-
23811,27741,-,-,-,-
23812,27741,-,-,-,-
23813,27741,-,-,-,-
23814,27741,-,-,-,-
23815,27741,-,-,-,-
23816,27741,-,-,-,-
23817,27741,-,-,-,-
23818,27741,-,-,-,-
23819,27741,-,-,-,-
23820,27741,-,-,-,-
23821,27741,-,-,-,-
23822,27741,-,-,-,-
23823,27741,-,-,-,-
23824,27741,-,-,-,-
23825,27741,-,-,-,-
23826,27741,-,-,-,-
23827,27741,-,-,-,-
23828,27741,-,-,-,-
23829,27741,-,-,-,-
23830,27741,-,-,-,-
23831,27741,-,-,-,-
23832,27741,-,-,-,-
23833,27741,-,-,-,-
23834,27741,-,-,-,-
23835,27741,-,-,-,-
23836,27741,-,-,-,-
23837,27741,-,-,-,-
23838,27741,-,-,-,-
23839,27741,-,-,-,-
23840,27741,-,-,-,-
23841,27741,-,-,-,-
23842,27741,-,-,-,-
23843,27741,-,-,-,-
23844,27741,-,-,-,-
23845,27741,-,-,-,-
23846,27741,-,-,-,-
23847,27741,-,-,-,-
23848,27741,-,-,-,-
23849,27741,-,-,-,-
23850,27741,-,-,-,-
23851,27741,-,-,-,-
23852,27741,-,-,-,-
23853,27741,-,-,-,-
23854,27741,-,-,-,-
23855,27741,-,-,-,-
23856,27741,-,-,-,-
23857,27741,-,-,-,-
23858,27741,-,-,-,-
23859,27741,-,-,-,-
23860,27741,-,-,-,-
23861,27741,-,-,-,-
23862,27741,-,-,-,-
23863,27741,-,-,-,-
23864,27742,-,-,-,-
23865,27743,-,-,-,-
23866,27744,-,-,-,-
23867,27745,-,-,-,-
23868,27746,-,-,-,-
23869,27746,-,-,-,-
23870,27746,-,-,-,-
23871,27746,-,-,-,-
23872,27746,-,-,-,-
23873,27746,-,-,-,-
23874,27746,-,-,-,-
23875,27746,-,-,-,-
23876,27746,-,-,-,-
23877,27746,-,-,-,-
23878,27746,-,-,-,-
23879,27746,-,-,-,-
23880,27746,-,-,-,-
23881,27746,-,-,-,-
23882,27746,-,-,-,-
23883,27746,-,-,-,-
23884,27746,-,-,-,-
23885,27746,-,-,-,-
23886,27746,-,-,-,-
23887,27746,-,-,-,-
23888,27746,-,-,-,-
23889,27746,-,-,-,-
23890,27746,-,-,-,-
23891,27746,-,-,-,-
23892,27746,-,-,-,-
23893,27746,-,-,-,-
23894,27746,-,-,-,-
23895,27746,-,-,-,-
23896,27746,-,-,-,-
23897,27746,-,-,-,-
23898,27746,-,-,-,-
23899,27746,-,-,-,-
23900,27746,-,-,-,-
23901,27746,-,-,-,-
23902,27746,-,-,-,-
23903,27746,-,-,-,-
23904,27746,-,-,-,-
23905,27746,-,-,-,-
23906,27746,-,-,-,-
23907,27746,-,-,-,-
23908,27746,-,-,-,-
23909,27746,-,-,-,-
23910,27746,-,-,-,-
23911,27746,-,-,-,-
23912,27746,-,-,-,-
23913,27746,-,-,-,-
23914,27746,-,-,-,-
23915,27746,-,-,-,-
23916,27746,-,-,-,-
23917,27746,-,-,-,-
23918,27746,-,-,-,-
23919,27746,-,-,-,-
23920,27746,-,-,-,-
23921,27746,-,-,-,-
23922,27746,-,-,-,-
23923,27746,-,-,-,-
23924,27746,-,-,-,-
23925,27746,-,-,-,-
23926,27746,-,-,-,-
23927,27746,-,-,-,-
23928,27746,-,-,-,-
23929,27746,-,-,-,-
23930,27746,-,-,-,-
23931,27746,-,-,-,-
23932,27746,-,-,-,-
23933,27746,-,-,-,-
23934,27746,-,-,-,-
23935,27746,-,-,-,-
23936,27746,-,-,-,-
23937,27746,-,-,-,-
23938,27746,-,-,-,-
23939,27746,-,-,-,-
23940,27746,-,-,-,-
23941,27746,-,-,-,-
23942,27746,-,-,-,-
23943,27746,-,-,-,-
23944,27746,-,-,-,-
23945,27746,-,-,-,-
23946,27746,-,-,-,-
23947,27746,-,-,-,-
23948,27746,-,-,-,-
23949,27746,-,-,-,-
23950,27746,-,-,-,-
23951,27746,-,-,-,-
23952,27746,-,-,-,-
23953,27746,-,-,-,-
23954,27746,-,-,-,-
23955,27746,-,-,-,-
23956,27746,-,-,-,-
23957,27746,-,-,-,-
23958,27746,-,-,-,-
23959,27746,-,-,-,-
23960,27746,-,-,-,-
23961,27746,-,-,-,-
23962,27746,-,-,-,-
23963,27746,-,-,-,-
23964,27746,-,-,-,-
23965,27746,-,-,-,-
23966,27746,-,-,-,-
23967,27746,-,-,-,-
23968,27746,-,-,-,-
23969,27746,-,-,-,-
23970,27746,-,-,-,-
23971,27746,-,-,-,-
23972,27746,-,-,-,-
23973,27746,-,-,-,-
23974,27746,-,-,-,-
23975,27746,-,-,-,-
23976,27746,-,-,-,-
23977,27746,-,-,-,-
23978,27746,-,-,-,-
23979,27746,-,-,-,-
23980,27746,-,-,-,-
23981,27746,-,-,-,-
23982,27746,-,-,-,-
23983,27746,-,-,-,-
23984,27746,-,-,-,-
23985,27746,-,-,-,-
23986,27746,-,-,-,-
23987,27746,-,-,-,-
23988,27746,-,-,-,-
23989,27746,-,-,-,-
23990,27746,-,-,-,-
23991,27746,-,-,-,-
23992,27746,-,-,-,-
23993,27746,-,-,-,-
23994,27746,-,-,-,-
23995,27746,-,-,-,-
23996,27746,-,-,-,-
23997,27746,-,-,-,-
23998,27746,-,-,-,-
23999,27746,-,-,-,-
24000,27746,-,-,-,-
24001,27746,-,-,-,-
24002,27746,-,-,-,-
24003,27746,-,-,-,-
24004,27746,-,-,-,-
24005,27746,-,-,-,-
24006,27746,-,-,-,-
24007,27746,-,-,-,-
24008,27746,-,-,-,-
24009,27746,-,-,-,-
24010,27746,-,-,-,-
24011,27746,-,-,-,-
24012,27746,-,-,-,-
24013,27746,-,-,-,-
24014,27746,-,-,-,-
24015,27746,-,-,-,-
24016,27746,-,-,-,-
24017,27746,-,-,-,-
24018,27746,-,-,-,-
24019,27746,-,-,-,-
24020,27746,-,-,-,-
24021,27746,-,-,-,-
24022,27746,-,-,-,-
24023,27746,-,-,-,-
24024,27746,-,-,-,-
24025,27746,-,-,-,-
24026,27746,-,-,-,-
24027,27746,-,-,-,-
24028,27746,-,-,-,-
24029,27746,-,-,-,-
24030,27746,-,-,-,-
24031,27746,-,-,-,-
24032,27746,-,-,-,-
24033,27746,-,-,-,-
24034,27746,-,-,-,-
24035,27746,-,-,-,-
24036,27746,-,-,-,-
24037,27746,-,-,-,-
24038,27746,-,-,-,-
24039,27746,-,-,-,-
24040,27746,-,-,-,-
24041,27746,-,-,-,-
24042,27746,-,-,-,-
24043,27746,-,-,-,-
24044,27746,-,-,-,-
24045,27746,-,-,-,-
24046,27746,-,-,-,-
24047,27746,-,-,-,-
24048,27746,-,-,-,-
24049,27746,-,-,-,-
24050,27746,-,-,-,-
24051,27746,-,-,-,-
24052,27746,-,-,-,-
24053,27746,-,-,-,-
24054,27746,-,-,-,-
24055,27746,-,-,-,-
24056,27746,-,-,-,-
24057,27746,-,-,-,-
24058,27746,-,-,-,-
24059,27746,-,-,-,-
24060,27746,-,-,-,-
24061,27746,-,-,-,-
24062,27746,-,-,-,-
24063,27746,-,-,-,-
24064,27746,-,-,-,-
24065,27746,-,-,-,-
24066,27746,-,-,-,-
24067,27746,-,-,-,-
24068,27746,-,-,-,-
24069,27746,-,-,-,-
24070,27746,-,-,-,-
24071,27746,-,-,-,-
24072,27746,-,-,-,-
24073,27746,-,-,-,-
24074,27746,-,-,-,-
24075,27746,-,-,-,-
24076,27746,-,-,-,-
24077,27746,-,-,-,-
24078,27746,-,-,-,-
24079,27746,-,-,-,-
24080,27746,-,-,-,-
24081,27746,-,-,-,-
24082,27746,-,-,-,-
24083,27746,-,-,-,-
24084,27746,-,-,-,-
24085,27746,-,-,-,-
24086,27746,-,-,-,-
24087,27746,-,-,-,-
24088,27746,-,-,-,-
24089,27746,-,-,-,-
24090,27746,-,-,-,-
24091,27746,-,-,-,-
24092,27746,-,-,-,-
24093,27746,-,-,-,-
24094,27746,-,-,-,-
24095,27746,-,-,-,-
24096,27746,-,-,-,-
24097,27746,-,-,-,-
24098,27746,-,-,-,-
24099,27746,-,-,-,-
24100,27746,-,-,-,-
24101,27746,-,-,-,-
24102,27746,-,-,-,-
24103,27746,-,-,-,-
24104,27746,-,-,-,-
24105,27746,-,-,-,-
24106,27746,-,-,-,-
24107,27746,-,-,-,-
24108,27746,-,-,-,-
24109,27746,-,-,-,-
24110,27746,-,-,-,-
24111,27746,-,-,-,-
24112,27746,-,-,-,-
24113,27746,-,-,-,-
24114,27746,-,-,-,-
24115,27746,-,-,-,-
24116,27746,-,-,-,-
24117,27746,-,-,-,-
24118,27746,-,-,-,-
24119,27746,-,-,-,-
24120,27746,-,-,-,-
24121,27746,-,-,-,-
24122,27746,-,-,-,-
24123,27746,-,-,-,-
24124,27746,-,-,-,-
24125,27746,-,-,-,-
24126,27746,-,-,-,-
24127,27746,-,-,-,-
24128,27746,-,-,-,-
24129,27746,-,-,-,-
24130,27746,-,-,-,-
24131,27746,-,-,-,-
24132,27746,-,-,-,-
24133,27746,-,-,-,-
24134,27746,-,-,-,-
24135,27746,-,-,-,-
24136,27746,-,-,-,-
24137,27746,-,-,-,-
24138,27746,-,-,-,-
24139,27746,-,-,-,-
24140,27746,-,-,-,-
24141,27746,-,-,-,-
24142,27746,-,-,-,-
24143,27746,-,-,-,-
24144,27746,-,-,-,-
24145,27746,-,-,-,-
24146,27746,-,-,-,-
24147,27746,-,-,-,-
24148,27746,-,-,-,-
24149,27746,-,-,-,-
24150,27746,-,-,-,-
24151,27746,-,-,-,-
24152,27746,-,-,-,-
24153,27746,-,-,-,-
24154,27746,-,-,-,-
24155,27746,-,-,-,-
24156,27746,-,-,-,-
24157,27746,-,-,-,-
24158,27746,-,-,-,-
24159,27746,-,-,-,-
24160,27746,-,-,-,-
24161,27746,-,-,-,-
24162,27746,-,-,-,-
24163,27746,-,-,-,-
24164,27746,-,-,-,-
24165,27746,-,-,-,-
24166,27746,-,-,-,-
24167,27746,-,-,-,-
24168,27746,-,-,-,-
24169,27746,-,-,-,-
24170,27746,-,-,-,-
24171,27746,-,-,-,-
24172,27746,-,-,-,-
24173,27746,-,-,-,-
24174,27746,-,-,-,-
24175,27746,-,-,-,-
24176,27746,-,-,-,-
24177,27746,-,-,-,-
24178,27746,-,-,-,-
24179,27746,-,-,-,-
24180,27746,-,-,-,-
24181,27746,-,-,-,-
24182,27746,-,-,-,-
24183,27746,-,-,-,-
24184,27746,-,-,-,-
24185,27746,-,-,-,-
24186,27746,-,-,-,-
24187,27746,-,-,-,-
24188,27746,-,-,-,-
24189,27746,-,-,-,-
24190,27746,-,-,-,-
24191,27746,-,-,-,-
24192,27746,-,-,-,-
24193,27746,-,-,-,-
24194,27746,-,-,-,-
24195,27746,-,-,-,-
24196,27746,-,-,-,-
24197,27746,-,-,-,-
24198,27746,-,-,-,-
24199,27746,-,-,-,-
24200,27746,-,-,-,-
24201,27746,-,-,-,-
24202,27746,-,-,-,-
24203,27746,-,-,-,-
24204,27746,-,-,-,-
24205,27746,-,-,-,-
24206,27746,-,-,-,-
24207,27746,-,-,-,-
24208,27746,-,-,-,-
24209,27746,-,-,-,-
24210,27746,-,-,-,-
24211,27746,-,-,-,-
24212,27746,-,-,-,-
24213,27746,-,-,-,-
24214,27746,-,-,-,-
24215,27746,-,-,-,-
24216,27746,-,-,-,-
24217,27746,-,-,-,-
24218,27746,-,-,-,-
24219,27746,-,-,-,-
24220,27746,-,-,-,-
24221,27746,-,-,-,-
24222,27746,-,-,-,-
24223,27746,-,-,-,-
24224,27746,-,-,-,-
24225,27746,-,-,-,-
24226,27746,-,-,-,-
24227,27746,-,-,-,-
24228,27746,-,-,-,-
24229,27746,-,-,-,-
24230,27746,-,-,-,-
24231,27746,-,-,-,-
24232,27746,-,-,-,-
24233,27746,-,-,-,-
24234,27746,-,-,-,-
24235,27746,-,-,-,-
24236,27746,-,-,-,-
24237,27746,-,-,-,-
24238,27746,-,-,-,-
24239,27746,-,-,-,-
24240,27746,-,-,-,-
24241,27746,-,-,-,-
24242,27746,-,-,-,-
24243,27746,-,-,-,-
24244,27746,-,-,-,-
24245,27746,-,-,-,-
24246,27746,-,-,-,-
24247,27746,-,-,-,-
24248,27746,-,-,-,-
24249,27746,-,-,-,-
24250,27746,-,-,-,-
24251,27746,-,-,-,-
24252,27746,-,-,-,-
24253,27746,-,-,-,-
24254,27746,-,-,-,-
24255,27746,-,-,-,-
24256,27746,-,-,-,-
24257,27746,-,-,-,-
24258,27746,-,-,-,-
24259,27746,-,-,-,-
24260,27746,-,-,-,-
24261,27746,-,-,-,-
24262,27746,-,-,-,-
24263,27746,-,-,-,-
24264,27746,-,-,-,-
24265,27746,-,-,-,-
24266,27746,-,-,-,-
24267,27746,-,-,-,-
24268,27746,-,-,-,-
24269,27746,-,-,-,-
24270,27746,-,-,-,-
24271,27746,-,-,-,-
24272,27746,-,-,-,-
24273,27746,-,-,-,-
24274,27746,-,-,-,-
24275,27746,-,-,-,-
24276,27746,-,-,-,-
24277,27746,-,-,-,-
24278,27746,-,-,-,-
24279,27746,-,-,-,-
24280,27746,-,-,-,-
24281,27746,-,-,-,-
24282,27746,-,-,-,-
24283,27746,-,-,-,-
24284,27746,-,-,-,-
24285,27746,-,-,-,-
24286,27746,-,-,-,-
24287,27746,-,-,-,-
24288,27746,-,-,-,-
24289,27746,-,-,-,-
24290,27746,-,-,-,-
24291,27746,-,-,-,-
24292,27746,-,-,-,-
24293,27746,-,-,-,-
24294,27746,-,-,-,-
24295,27746,-,-,-,-
24296,27746,-,-,-,-
24297,27746,-,-,-,-
24298,27746,-,-,-,-
24299,27746,-,-,-,-
24300,27746,-,-,-,-
24301,27746,-,-,-,-
24302,27746,-,-,-,-
24303,27746,-,-,-,-
24304,27746,-,-,-,-
24305,27746,-,-,-,-
24306,27746,-,-,-,-
24307,27746,-,-,-,-
24308,27746,-,-,-,-
24309,27746,-,-,-,-
24310,27746,-,-,-,-
24311,27746,-,-,-,-
24312,27746,-,-,-,-
24313,27746,-,-,-,-
24314,27746,-,-,-,-
24315,27746,-,-,-,-
24316,27746,-,-,-,-
24317,27746,-,-,-,-
24318,27746,-,-,-,-
24319,27746,-,-,-,-
24320,27746,-,-,-,-
24321,27746,-,-,-,-
24322,27746,-,-,-,-
24323,27746,-,-,-,-
24324,27746,-,-,-,-
24325,27746,-,-,-,-
24326,27746,-,-,-,-
24327,27746,-,-,-,-
24328,27746,-,-,-,-
24329,27746,-,-,-,-
24330,27747,-,-,-,-
24331,27748,-,-,-,-
24332,27749,-,-,-,-
24333,27750,-,-,-,-
24334,27751,-,-,-,-
24335,27752,-,-,-,-
24336,27753,-,-,-,-
24337,27754,-,-,-,-
24338,27755,-,-,-,-
24339,27756,-,-,-,-
24340,27757,-,-,-,-
24341,27758,-,-,-,-
24342,27759,-,-,-,-
24343,27760,-,-,-,-
24344,27761,-,-,-,-
24345,27762,-,-,-,-
24346,27763,-,-,-,-
24347,27764,-,-,-,-
24348,27765,-,-,-,-
24349,27766,-,-,-,-
24350,27767,-,-,-,-
24351,27768,-,-,-,-
24352,27769,-,-,-,-
24353,27770,-,-,-,-
24354,27771,-,-,-,-
24355,27772,-,-,-,-
24356,27773,-,-,-,-
24357,27774,-,-,-,-
24358,27775,-,-,-,-
24359,27776,-,-,-,-
24360,27777,-,-,-,-
24361,27778,-,-,-,-
24362,27779,-,-,-,-
24363,27780,-,-,-,-
24364,27781,-,-,-,-
24365,27782,-,-,-,-
24365,27783,-,-,-,-
24365,27784,-,-,-,-
24365,27785,-,-,-,-
24365,27786,-,-,-,-
24365,27787,-,-,-,-
24365,27788,-,-,-,-
24365,27789,-,-,-,-
24365,27790,-,-,-,-
24365,27791,-,-,-,-
24365,27792,-,-,-,-
24365,27793,-,-,-,-
24365,27794,-,-,-,-
24365,27795,-,-,-,-
24365,27796,-,-,-,-
24365,27797,-,-,-,-
24365,27798,-,-,-,-
24365,27799,-,-,-,-
24365,27800,-,-,-,-
24365,27801,-,-,-,-
24365,27802,-,-,-,-
24365,27803,-,-,-,-
24365,27804,-,-,-,-
24365,27805,-,-,-,-
24365,27806,-,-,-,-
24365,27807,-,-,-,-
24365,27808,-,-,-,-
24365,27809,-,-,-,-
24365,27810,-,-,-,-
24365,27811,-,-,-,-
24365,27812,-,-,-,-
24365,27813,-,-,-,-
24365,27814,-,-,-,-
24365,27815,-,-,-,-
24365,27816,-,-,-,-
24365,27817,-,-,-,-
24365,27818,-,-,-,-
24365,27819,-,-,-,-
24365,27820,-,-,-,-
24365,27821,-,-,-,-
24365,27822,-,-,-,-
24365,27823,-,-,-,-
24365,27824,-,-,-,-
24365,27825,-,-,-,-
24365,27826,-,-,-,-
24365,27827,-,-,-,-
24365,27828,-,-,-,-
24365,27829,-,-,-,-
24365,27830,-,-,-,-
24365,27831,-,-,-,-
24365,27832,-,-,-,-
24365,27833,-,-,-,-
24365,27834,-,-,-,-
24365,27835,-,-,-,-
24365,27836,-,-,-,-
24365,27837,-,-,-,-
24365,27838,-,-,-,-
24365,27839,-,-,-,-
24365,27840,-,-,-,-
24365,27841,-,-,-,-
24365,27842,-,-,-,-
24365,27843,-,-,-,-
24365,27844,-,-,-,-
24365,27845,-,-,-,-
24365,27846,-,-,-,-
24365,27847,-,-,-,-
24365,27848,-,-,-,-
24365,27849,-,-,-,-
24365,27850,-,-,-,-
24365,27851,-,-,-,-
24365,27852,-,-,-,-
24365,27853,-,-,-,-
24366,27854,-,-,-,-
24367,27855,-,-,-,-
24368,27856,-,-,-,-
24369,27857,-,-,-,-
24370,27858,-,-,-,-
24371,27859,-,-,-,-
24372,27860,-,-,-,-
24373,27861,-,-,-,-
24374,27862,-,-,-,-
24375,27863,-,-,-,-
24376,27864,-,-,-,-
24377,27865,-,-,-,-
24378,27866,-,-,-,-
24379,27867,-,-,-,-
24380,27868,-,-,-,-
24381,27869,-,-,-,-
24382,27870,-,-,-,-
24383,27871,-,-,-,-
24384,27872,-,-,-,-
24385,27873,-,-,-,-
24386,27874,-,-,-,-
24387,27875,-,-,-,-
24388,27876,-,-,-,-
24389,27877,-,-,-,-
24390,27878,-,-,-,-
24391,27879,-,-,-,-
24392,27880,-,-,-,-
24393,27881,-,-,-,-
24394,27882,-,-,-,-
24395,27883,-,-,-,-
24396,27884,-,-,-,-
24397,27885,-,-,-,-
24398,27886,-,-,-,-
24399,27887,-,-,-,-
24400,27888,-,-,-,-
24401,27889,-,-,-,-
24402,27890,-,-,-,-
24403,27891,-,-,-,-
24404,27892,-,-,-,-
24405,27893,-,-,-,-
24406,27894,-,-,-,-
24407,27895,-,-,-,-
24408,27896,-,-,-,-
24409,27897,-,-,-,-
24410,27898,-,-,-,-
24411,27899,-,-,-,-
24412,27900,-,-,-,-
24413,27901,-,-,-,-
24414,27902,-,-,-,-
24415,27903,-,-,-,-
24416,27904,-,-,-,-
24417,27905,-,-,-,-
24418,27906,-,-,-,-
24419,27907,-,-,-,-
24420,27908,-,-,-,-
24421,27909,-,-,-,-
24422,27910,-,-,-,-
24423,27911,-,-,-,-
24424,27912,-,-,-,-
24425,27913,-,-,-,-
24426,27914,-,-,-,-
24427,27915,-,-,-,-
24428,27916,-,-,-,-
24429,27917,-,-,-,-
24430,27918,-,-,-,-
24431,27919,-,-,-,-
24432,27920,-,-,-,-
24433,27921,-,-,-,-
24434,27922,-,-,-,-
24435,27923,-,-,-,-
24436,27924,-,-,-,-
24437,27925,-,-,-,-
24438,27926,-,-,-,-
24439,27927,-,-,-,-
24440,27928,-,-,-,-
24441,27929,-,-,-,-
24442,27930,-,-,-,-
24443,27931,-,-,-,-
24444,27932,-,-,-,-
24445,27933,-,-,-,-
24446,27934,-,-,-,-
24447,27935,-,-,-,-
24448,27936,-,-,-,-
24449,27937,-,-,-,-
24450,27938,-,-,-,-
24451,27939,-,-,-,-
24452,27940,-,-,-,-
24453,27941,-,-,-,-
24454,27942,-,-,-,-
24455,27943,-,-,-,-
24456,27944,-,-,-,-
24457,27945,-,-,-,-
24458,27946,-,-,-,-
24459,27947,-,-,-,-
24460,27948,-,-,-,-
24461,27949,-,-,-,-
24462,27950,-,-,-,-
24463,27951,-,-,-,-
24464,27952,-,-,-,-
24465,27953,-,-,-,-
24466,27954,-,-,-,-
24467,27955,-,-,-,-
24468,27956,-,-,-,-
24469,27957,-,-,-,-
24470,27958,-,-,-,-
24471,27959,-,-,-,-
24472,27960,-,-,-,-
24473,27961,-,-,-,-
24474,27962,-,-,-,-
24475,27963,-,-,-,-
24476,27964,-,-,-,-
24477,27965,-,-,-,-
24478,27966,-,-,-,-
24479,27967,-,-,-,-
24480,27968,-,-,-,-
24481,27969,-,-,-,-
24482,27970,-,-,-,-
24483,27971,-,-,-,-
24484,27972,-,-,-,-
24485,27973,-,-,-,-
24486,27974,-,-,-,-
24487,27975,-,-,-,-
24488,27976,-,-,-,-
24489,27977,-,-,-,-
24490,27978,-,-,-,-
24491,27979,-,-,-,-
24492,27980,-,-,-,-
24493,27981,-,-,-,-
24494,27982,-,-,-,-
24495,27983,-,-,-,-
24496,27984,-,-,-,-
24497,27985,-,-,-,-
24498,27986,-,-,-,-
24499,27987,-,-,-,-
24500,27988,-,-,-,-
24501,27989,-,-,-,-
24502,27990,-,-,-,-
24503,27991,-,-,-,-
24504,27992,-,-,-,-
24505,27993,-,-,-,-
24506,27994,-,-,-,-
24507,27995,-,-,-,-
24508,27996,-,-,-,-
24509,27997,-,-,-,-
24510,27998,-,-,-,-
24511,27999,-,-,-,-
24512,28000,-,-,-,-
24513,28001,-,-,-,-
24514,28002,-,-,-,-
24515,28003,-,-,-,-
24516,28004,-,-,-,-
24517,28005,-,-,-,-
24518,28006,-,-,-,-
24519,28007,-,-,-,-
24520,28008,-,-,-,-
24521,28009,-,-,-,-
24522,28010,-,-,-,-
24523,28011,-,-,-,-
24524,28012,-,-,-,-
24525,28013,-,-,-,-
24526,28014,-,-,-,-
24527,28015,-,-,-,-
24528,28016,-,-,-,-
24529,28017,-,-,-,-
24530,28018,-,-,-,-
24531,28019,-,-,-,-
24532,28020,-,-,-,-
24533,28021,-,-,-,-
24534,28022,-,-,-,-
24535,28023,-,-,-,-
24536,28024,-,-,-,-
24537,28025,-,-,-,-
24538,28026,-,-,-,-
24539,28027,-,-,-,-
24540,28028,-,-,-,-
24541,28029,-,-,-,-
24542,28030,-,-,-,-
24543,28031,-,-,-,-
24544,28032,-,-,-,-
24545,28033,-,-,-,-
24546,28034,-,-,-,-
24547,28035,-,-,-,-
24548,28036,-,-,-,-
24549,28037,-,-,-,-
24550,28038,-,-,-,-
24551,28039,-,-,-,-
24552,28040,-,-,-,-
24553,28041,-,-,-,-
24554,28042,-,-,-,-
24555,28043,-,-,-,-
24556,28044,-,-,-,-
24557,28045,-,-,-,-
24558,28046,-,-,-,-
24559,28047,-,-,-,-
24560,28048,-,-,-,-
24561,28049,-,-,-,-
24562,28050,-,-,-,-
24563,28051,-,-,-,-
24564,28052,-,-,-,-
24565,28053,-,-,-,-
24565,28054,-,-,-,-
24565,28055,-,-,-,-
24565,28056,-,-,-,-
24565,28057,-,-,-,-
24565,28058,-,-,-,-
24565,28059,-,-,-,-
24565,28060,-,-,-,-
24565,28061,-,-,-,-
24565,28062,-,-,-,-
24565,28063,-,-,-,-
24565,28064,-,-,-,-
24565,28065,-,-,-,-
24565,28066,-,-,-,-
24565,28067,-,-,-,-
24565,28068,-,-,-,-
24565,28069,-,-,-,-
24565,28070,-,-,-,-
24565,28071,-,-,-,-
24565,28072,-,-,-,-
24565,28073,-,-,-,-
24565,28074,-,-,-,-
24565,28075,-,-,-,-
24565,28076,-,-,-,-
24565,28077,-,-,-,-
24565,28078,-,-,-,-
24565,28079,-,-,-,-
24565,28080,-,-,-,-
24565,28081,-,-,-,-
24565,28082,-,-,-,-
24565,28083,-,-,-,-
24565,28084,-,-,-,-
24565,28085,-,-,-,-
24565,28086,-,-,-,-
24565,28087,-,-,-,-
24565,28088,-,-,-,-
24565,28089,-,-,-,-
24565,28090,-,-,-,-
24565,28091,-,-,-,-
24565,28092,-,-,-,-
24565,28093,-,-,-,-
24565,28094,-,-,-,-
24565,28095,-,-,-,-
24565,28096,-,-,-,-
24565,28097,-,-,-,-
24565,28098,-,-,-,-
24565,28099,-,-,-,-
24565,28100,-,-,-,-
24565,28101,-,-,-,-
24565,28102,-,-,-,-
24565,28103,-,-,-,-
24565,28104,-,-,-,-
24565,28105,-,-,-,-
24565,28106,-,-,-,-
24565,28107,-,-,-,-
24565,28108,-,-,-,-
24565,28109,-,-,-,-
24565,28110,-,-,-,-
24565,28111,-,-,-,-
24565,28112,-,-,-,-
24565,28113,-,-,-,-
24565,28114,-,-,-,-
24565,28115,-,-,-,-
24565,28116,-,-,-,-
24565,28117,-,-,-,-
24565,28118,-,-,-,-
24565,28119,-,-,-,-
24565,28120,-,-,-,-
24565,28121,-,-,-,-
24565,28122,-,-,-,-
24565,28123,-,-,-,-
24565,28124,-,-,-,-
24565,28125,-,-,-,-
24565,28126,-,-,-,-
24565,28127,-,-,-,-
24565,28128,-,-,-,-
24565,28129,-,-,-,-
24565,28130,-,-,-,-
24565,28131,-,-,-,-
24565,28132,-,-,-,-
24565,28133,-,-,-,-
24565,28134,-,-,-,-
24565,28135,-,-,-,-
24565,28136,-,-,-,-
24565,28137,-,-,-,-
24565,28138,-,-,-,-
24565,28139,-,-,-,-
24565,28140,-,-,-,-
24565,28141,-,-,-,-
24565,28142,-,-,-,-
24565,28143,-,-,-,-
24565,28144,-,-,-,-
24565,28145,-,-,-,-
24565,28146,-,-,-,-
24565,28147,-,-,-,-
24565,28148,-,-,-,-
24565,28149,-,-,-,-
24565,28150,-,-,-,-
24565,28151,-,-,-,-
24565,28152,-,-,-,-
24565,28153,-,-,-,-
24565,28154,-,-,-,-
24565,28155,-,-,-,-
24565,28156,-,-,-,-
24565,28157,-,-,-,-
24565,28158,-,-,-,-
24565,28159,-,-,-,-
24565,28160,-,-,-,-
24565,28161,-,-,-,-
24565,28162,-,-,-,-
24565,28163,-,-,-,-
24565,28164,-,-,-,-
24565,28165,-,-,-,-
24565,28166,-,-,-,-
24565,28167,-,-,-,-
24565,28168,-,-,-,-
24565,28169,-,-,-,-
24565,28170,-,-,-,-
24565,28171,-,-,-,-
24565,28172,-,-,-,-
24565,28173,-,-,-,-
24565,28174,-,-,-,-
24565,28175,-,-,-,-
24565,28176,-,-,-,-
24565,28177,-,-,-,-
24565,28178,-,-,-,-
24565,28179,-,-,-,-
24565,28180,-,-,-,-
24565,28181,-,-,-,-
24565,28182,-,-,-,-
24565,28183,-,-,-,-
24565,28184,-,-,-,-
24565,28185,-,-,-,-
24565,28186,-,-,-,-
24565,28187,-,-,-,-
24565,28188,-,-,-,-
24565,28189,-,-,-,-
24565,28190,-,-,-,-
24565,28191,-,-,-,-
24565,28192,-,-,-,-
24565,28193,-,-,-,-
24565,28194,-,-,-,-
24565,28195,-,-,-,-
24565,28196,-,-,-,-
24565,28197,-,-,-,-
24565,28198,-,-,-,-
24565,28199,-,-,-,-
24565,28200,-,-,-,-
24565,28201,-,-,-,-
24565,28202,-,-,-,-
24565,28203,-,-,-,-
24565,28204,-,-,-,-
24565,28205,-,-,-,-
24565,28206,-,-,-,-
24565,28207,-,-,-,-
24565,28208,-,-,-,-
24565,28209,-,-,-,-
24565,28210,-,-,-,-
24565,28211,-,-,-,-
24565,28212,-,-,-,-
24565,28213,-,-,-,-
24565,28214,-,-,-,-
24565,28215,-,-,-,-
24565,28216,-,-,-,-
24565,28217,-,-,-,-
24565,28218,-,-,-,-
24565,28219,-,-,-,-
24565,28220,-,-,-,-
24565,28221,-,-,-,-
24565,28222,-,-,-,-
24565,28223,-,-,-,-
24565,28224,-,-,-,-
24565,28225,-,-,-,-
24565,28226,-,-,-,-
24565,28227,-,-,-,-
24565,28228,-,-,-,-
24565,28229,-,-,-,-
24565,28230,-,-,-,-
24565,28231,-,-,-,-
24565,28232,-,-,-,-
24565,28233,-,-,-,-
24565,28234,-,-,-,-
24565,28235,-,-,-,-
24565,28236,-,-,-,-
24565,28237,-,-,-,-
24565,28238,-,-,-,-
24565,28239,-,-,-,-
24565,28240,-,-,-,-
24565,28241,-,-,-,-
24565,28242,-,-,-,-
24565,28243,-,-,-,-
24565,28244,-,-,-,-
24565,28245,-,-,-,-
24565,28246,-,-,-,-
24565,28247,-,-,-,-
24565,28248,-,-,-,-
24565,28249,-,-,-,-
24565,28250,-,-,-,-
24565,28251,-,-,-,-
24565,28252,-,-,-,-
24565,28253,-,-,-,-
24565,28254,-,-,-,-
24565,28255,-,-,-,-
24565,28256,-,-,-,-
24565,28257,-,-,-,-
24565,28258,-,-,-,-
24565,28259,-,-,-,-
24565,28260,-,-,-,-
24565,28261,-,-,-,-
24565,28262,-,-,-,-
24565,28263,-,-,-,-
24565,28264,-,-,-,-
24565,28265,-,-,-,-
24565,28266,-,-,-,-
24565,28267,-,-,-,-
24565,28268,-,-,-,-
24565,28269,-,-,-,-
24565,28270,-,-,-,-
24565,28271,-,-,-,-
24565,28272,-,-,-,-
24565,28273,-,-,-,-
24565,28274,-,-,-,-
24565,28275,-,-,-,-
24565,28276,-,-,-,-
24565,28277,-,-,-,-
24565,28278,-,-,-,-
24565,28279,-,-,-,-
24565,28280,-,-,-,-
24565,28281,-,-,-,-
24565,28282,-,-,-,-
24565,28283,-,-,-,-
24565,28284,-,-,-,-
24565,28285,-,-,-,-
24565,28286,-,-,-,-
24565,28287,-,-,-,-
24565,28288,-,-,-,-
24565,28289,-,-,-,-
24565,28290,-,-,-,-
24565,28291,-,-,-,-
24565,28292,-,-,-,-
24565,28293,-,-,-,-
24565,28294,-,-,-,-
24565,28295,-,-,-,-
24565,28296,-,-,-,-
24565,28297,-,-,-,-
24565,28298,-,-,-,-
24565,28299,-,-,-,-
24565,28300,-,-,-,-
24565,28301,-,-,-,-
24565,28302,-,-,-,-
24565,28303,-,-,-,-
24565,28304,-,-,-,-
24565,28305,-,-,-,-
24565,28306,-,-,-,-
24565,28307,-,-,-,-
24565,28308,-,-,-,-
24565,28309,-,-,-,-
24565,28310,-,-,-,-
24565,28311,-,-,-,-
24565,28312,-,-,-,-
24565,28313,-,-,-,-
24565,28314,-,-,-,-
24565,28315,-,-,-,-
24565,28316,-,-,-,-
24565,28317,-,-,-,-
24565,28318,-,-,-,-
24565,28319,-,-,-,-
24565,28320,-,-,-,-
24565,28321,-,-,-,-
24565,28322,-,-,-,-
24565,28323,-,-,-,-
24565,28324,-,-,-,-
24565,28325,-,-,-,-
24565,28326,-,-,-,-
24565,28327,-,-,-,-
24565,28328,-,-,-,-
24565,28329,-,-,-,-
24565,28330,-,-,-,-
24565,28331,-,-,-,-
24565,28332,-,-,-,-
24565,28333,-,-,-,-
24565,28334,-,-,-,-
24565,28335,-,-,-,-
24565,28336,-,-,-,-
24565,28337,-,-,-,-
24565,28338,-,-,-,-
24565,28339,-,-,-,-
24565,28340,-,-,-,-
24565,28341,-,-,-,-
24565,28342,-,-,-,-
24565,28343,-,-,-,-
24565,28344,-,-,-,-
24565,28345,-,-,-,-
24565,28346,-,-,-,-
24565,28347,-,-,-,-
24565,28348,-,-,-,-
24565,28349,-,-,-,-
24565,28350,-,-,-,-
24565,28351,-,-,-,-
24565,28352,-,-,-,-
24565,28353,-,-,-,-
24565,28354,-,-,-,-
24565,28355,-,-,-,-
24565,28356,-,-,-,-
24565,28357,-,-,-,-
24565,28358,-,-,-,-
24565,28359,-,-,-,-
24565,28360,-,-,-,-
24565,28361,-,-,-,-
24565,28362,-,-,-,-
24565,28363,-,-,-,-
24565,28364,-,-,-,-
24565,28365,-,-,-,-
24565,28366,-,-,-,-
24565,28367,-,-,-,-
24565,28368,-,-,-,-
24565,28369,-,-,-,-
24565,28370,-,-,-,-
24565,28371,-,-,-,-
24565,28372,-,-,-,-
24565,28373,-,-,-,-
24565,28374,-,-,-,-
24565,28375,-,-,-,-
24565,28376,-,-,-,-
24565,28377,-,-,-,-
24565,28378,-,-,-,-
24565,28379,-,-,-,-
24565,28380,-,-,-,-
24565,28381,-,-,-,-
24565,28382,-,-,-,-
24565,28383,-,-,-,-
24565,28384,-,-,-,-
24565,28385,-,-,-,-
24565,28386,-,-,-,-
24565,28387,-,-,-,-
24565,28388,-,-,-,-
24565,28389,-,-,-,-
24565,28390,-,-,-,-
24565,28391,-,-,-,-
24565,28392,-,-,-,-
24565,28393,-,-,-,-
24565,28394,-,-,-,-
24565,28395,-,-,-,-
24565,28396,-,-,-,-
24565,28397,-,-,-,-
24565,28398,-,-,-,-
24565,28399,-,-,-,-
24565,28400,-,-,-,-
24565,28401,-,-,-,-
24565,28402,-,-,-,-
24565,28403,-,-,-,-
24565,28404,-,-,-,-
24565,28405,-,-,-,-
24565,28406,-,-,-,-
24565,28407,-,-,-,-
24565,28408,-,-,-,-
24565,28409,-,-,-,-
24565,28410,-,-,-,-
24565,28411,-,-,-,-
24565,28412,-,-,-,-
24565,28413,-,-,-,-
24565,28414,-,-,-,-
24565,28415,-,-,-,-
24565,28416,-,-,-,-
24565,28417,-,-,-,-
24565,28418,-,-,-,-
24565,28419,-,-,-,-
24565,28420,-,-,-,-
24565,28421,-,-,-,-
24565,28422,-,-,-,-
24565,28423,-,-,-,-
24565,28424,-,-,-,-
24565,28425,-,-,-,-
24565,28426,-,-,-,-
24565,28427,-,-,-,-
24565,28428,-,-,-,-
24565,28429,-,-,-,-
24565,28430,-,-,-,-
24565,28431,-,-,-,-
24565,28432,-,-,-,-
24565,28433,-,-,-,-
24565,28434,-,-,-,-
24565,28435,-,-,-,-
24565,28436,-,-,-,-
24565,28437,-,-,-,-
24565,28438,-,-,-,-
24565,28439,-,-,-,-
24565,28440,-,-,-,-
24565,28441,-,-,-,-
24565,28442,-,-,-,-
24565,28443,-,-,-,-
24565,28444,-,-,-,-
24565,28445,-,-,-,-
24565,28446,-,-,-,-
24565,28447,-,-,-,-
24565,28448,-,-,-,-
24565,28449,-,-,-,-
24565,28450,-,-,-,-
24565,28451,-,-,-,-
24565,28452,-,-,-,-
24565,28453,-,-,-,-
24565,28454,-,-,-,-
24565,28455,-,-,-,-
24565,28456,-,-,-,-
24565,28457,-,-,-,-
24565,28458,-,-,-,-
24565,28459,-,-,-,-
24565,28460,-,-,-,-
24565,28461,-,-,-,-
24565,28462,-,-,-,-
24565,28463,-,-,-,-
24565,28464,-,-,-,-
24565,28465,-,-,-,-
24565,28466,-,-,-,-
24565,28467,-,-,-,-
24565,28468,-,-,-,-
24565,28469,-,-,-,-
24565,28470,-,-,-,-
24565,28471,-,-,-,-
24565,28472,-,-,-,-
24565,28473,-,-,-,-
24565,28474,-,-,-,-
24565,28475,-,-,-,-
24565,28476,-,-,-,-
24565,28477,-,-,-,-
24565,28478,-,-,-,-
24565,28479,-,-,-,-
24565,28480,-,-,-,-
24565,28481,-,-,-,-
24565,28482,-,-,-,-
24565,28483,-,-,-,-
24565,28484,-,-,-,-
24565,28485,-,-,-,-
24565,28486,-,-,-,-
24565,28487,-,-,-,-
24565,28488,-,-,-,-
24565,28489,-,-,-,-
24565,28490,-,-,-,-
24565,28491,-,-,-,-
24565,28492,-,-,-,-
24565,28493,-,-,-,-
24565,28494,-,-,-,-
24565,28495,-,-,-,-
24565,28496,-,-,-,-
24565,28497,-,-,-,-
24565,28498,-,-,-,-
24565,28499,-,-,-,-
24565,28500,-,-,-,-
24565,28501,-,-,-,-
24565,28502,-,-,-,-
24565,28503,-,-,-,-
24565,28504,-,-,-,-
24565,28505,-,-,-,-
24565,28506,-,-,-,-
24565,28507,-,-,-,-
24565,28508,-,-,-,-
24565,28509,-,-,-,-
24565,28510,-,-,-,-
24565,28511,-,-,-,-
24565,28512,-,-,-,-
24565,28513,-,-,-,-
24565,28514,-,-,-,-
24565,28515,-,-,-,-
24565,28516,-,-,-,-
24565,28517,-,-,-,-
24565,28518,-,-,-,-
24565,28519,-,-,-,-
24565,28520,-,-,-,-
24565,28521,-,-,-,-
24565,28522,-,-,-,-
24565,28523,-,-,-,-
24565,28524,-,-,-,-
24565,28525,-,-,-,-
24565,28526,-,-,-,-
24565,28527,-,-,-,-
24565,28528,-,-,-,-
24565,28529,-,-,-,-
24565,28530,-,-,-,-
24565,28531,-,-,-,-
24565,28532,-,-,-,-
24565,28533,-,-,-,-
24565,28534,-,-,-,-
24565,28535,-,-,-,-
24565,28536,-,-,-,-
24565,28537,-,-,-,-
24565,28538,-,-,-,-
24565,28539,-,-,-,-
24565,28540,-,-,-,-
24565,28541,-,-,-,-
24565,28542,-,-,-,-
24565,28543,-,-,-,-
24565,28544,-,-,-,-
24565,28545,-,-,-,-
24565,28546,-,-,-,-
24565,28547,-,-,-,-
24565,28548,-,-,-,-
24565,28549,-,-,-,-
24565,28550,-,-,-,-
24565,28551,-,-,-,-
24565,28552,-,-,-,-
24565,28553,-,-,-,-
24565,28554,-,-,-,-
24565,28555,-,-,-,-
24565,28556,-,-,-,-
24565,28557,-,-,-,-
24565,28558,-,-,-,-
24565,28559,-,-,-,-
24565,28560,-,-,-,-
24565,28561,-,-,-,-
24565,28562,-,-,-,-
24565,28563,-,-,-,-
24565,28564,-,-,-,-
24565,28565,-,-,-,-
24565,28566,-,-,-,-
24565,28567,-,-,-,-
24565,28568,-,-,-,-
24565,28569,-,-,-,-
24565,28570,-,-,-,-
24565,28571,-,-,-,-
24565,28572,-,-,-,-
24565,28573,-,-,-,-
24565,28574,-,-,-,-
24565,28575,-,-,-,-
24565,28576,-,-,-,-
24565,28577,-,-,-,-
24565,28578,-,-,-,-
24565,28579,-,-,-,-
24565,28580,-,-,-,-
24565,28581,-,-,-,-
24565,28582,-,-,-,-
24565,28583,-,-,-,-
24565,28584,-,-,-,-
24565,28585,-,-,-,-
24565,28586,-,-,-,-
24565,28587,-,-,-,-
24565,28588,-,-,-,-
24565,28589,-,-,-,-
24565,28590,-,-,-,-
24565,28591,-,-,-,-
24565,28592,-,-,-,-
24565,28593,-,-,-,-
24565,28594,-,-,-,-
24565,28595,-,-,-,-
24565,28596,-,-,-,-
24565,28597,-,-,-,-
24565,28598,-,-,-,-
24565,28599,-,-,-,-
24565,28600,-,-,-,-
24565,28601,-,-,-,-
24565,28602,-,-,-,-
24565,28603,-,-,-,-
24565,28604,-,-,-,-
24565,28605,-,-,-,-
24565,28606,-,-,-,-
24565,28607,-,-,-,-
24565,28608,-,-,-,-
24565,28609,-,-,-,-
24565,28610,-,-,-,-
24565,28611,-,-,-,-
24565,28612,-,-,-,-
24565,28613,-,-,-,-
24565,28614,-,-,-,-
24565,28615,-,-,-,-
24565,28616,-,-,-,-
24565,28617,-,-,-,-
24565,28618,-,-,-,-
24565,28619,-,-,-,-
24565,28620,-,-,-,-
24565,28621,-,-,-,-
24565,28622,-,-,-,-
24565,28623,-,-,-,-
24565,28624,-,-,-,-
24565,28625,-,-,-,-
24565,28626,-,-,-,-
24565,28627,-,-,-,-
24565,28628,-,-,-,-
24565,28629,-,-,-,-
24565,28630,-,-,-,-
24565,28631,-,-,-,-
24565,28632,-,-,-,-
24565,28633,-,-,-,-
24565,28634,-,-,-,-
24565,28635,-,-,-,-
24565,28636,-,-,-,-
24565,28637,-,-,-,-
24565,28638,-,-,-,-
24565,28639,-,-,-,-
24565,28640,-,-,-,-
24565,28641,-,-,-,-
24565,28642,-,-,-,-
24565,28643,-,-,-,-
24565,28644,-,-,-,-
24565,28645,-,-,-,-
24565,28646,-,-,-,-
24565,28647,-,-,-,-
24565,28648,-,-,-,-
24565,28649,-,-,-,-
24565,28650,-,-,-,-
24565,28651,-,-,-,-
24565,28652,-,-,-,-
24565,28653,-,-,-,-
24565,28654,-,-,-,-
24565,28655,-,-,-,-
24565,28656,-,-,-,-
24565,28657,-,-,-,-
24565,28658,-,-,-,-
24565,28659,-,-,-,-
24565,28660,-,-,-,-
24566,28661,-,-,-,-
24567,28662,-,-,-,-
24568,28663,-,-,-,-
24569,28664,-,-,-,-
24570,28665,-,-,-,-
24571,28666,-,-,-,-
24572,28667,-,-,-,-
24573,28668,-,-,-,-
24574,28668,-,-,-,-
24575,28668,-,-,-,-
24576,28668,-,-,-,-
24577,28668,-,-,-,-
24578,28668,-,-,-,-
24579,28668,-,-,-,-
24580,28668,-,-,-,-
24581,28668,-,-,-,-
24582,28668,-,-,-,-
24583,28668,-,-,-,-
24584,28668,-,-,-,-
24585,28668,-,-,-,-
24586,28668,-,-,-,-
24587,28668,-,-,-,-
24588,28668,-,-,-,-
24589,28668,-,-,-,-
24590,28668,-,-,-,-
24591,28668,-,-,-,-
24592,28668,-,-,-,-
24593,28668,-,-,-,-
24594,28668,-,-,-,-
24595,28668,-,-,-,-
24596,28668,-,-,-,-
24597,28669,-,-,-,-
24598,28670,-,-,-,-
24599,28671,-,-,-,-
24600,28672,-,-,-,-
24601,28673,-,-,-,-
24602,28674,-,-,-,-
24603,28675,-,-,-,-
24604,28676,-,-,-,-
24605,28677,-,-,-,-
24606,28678,-,-,-,-
24607,28679,-,-,-,-
24608,28680,-,-,-,-
24609,28681,-,-,-,-
24610,28682,-,-,-,-
24611,28683,-,-,-,-
24612,28684,-,-,-,-
24613,28685,-,-,-,-
24614,28686,-,-,-,-
24615,28687,-,-,-,-
24616,28688,-,-,-,-
24617,28689,-,-,-,-
24618,28690,-,-,-,-
24619,28691,-,-,-,-
24620,28692,-,-,-,-
24621,28693,-,-,-,-
24622,28694,-,-,-,-
24623,28695,-,-,-,-
24624,28696,-,-,-,-
24625,28697,-,-,-,-
24626,28698,-,-,-,-
24627,28699,-,-,-,-
24628,28700,-,-,-,-
24629,28701,-,-,-,-
24630,28702,-,-,-,-
24631,28703,-,-,-,-
24632,28704,-,-,-,-
24633,28705,-,-,-,-
24634,28706,-,-,-,-
24635,28707,-,-,-,-
24636,28708,-,-,-,-
24637,28709,-,-,-,-
24638,28710,-,-,-,-
24639,28711,-,-,-,-
24640,28712,-,-,-,-
24641,28713,-,-,-,-
24642,28714,-,-,-,-
24643,28715,-,-,-,-
24644,28716,-,-,-,-
24645,28717,-,-,-,-
24646,28718,-,-,-,-
24647,28719,-,-,-,-
24648,28720,-,-,-,-
24649,28721,-,-,-,-
24650,28722,-,-,-,-
24651,28723,-,-,-,-
24652,28724,-,-,-,-
24653,28725,-,-,-,-
24654,28726,-,-,-,-
24655,28727,-,-,-,-
24656,28728,-,-,-,-
24657,28729,-,-,-,-
24658,28730,-,-,-,-
24659,28731,-,-,-,-
24660,28732,-,-,-,-
24661,28733,-,-,-,-
24662,28734,-,-,-,-
24663,28735,-,-,-,-
24664,28736,-,-,-,-
24665,28737,-,-,-,-
24666,28738,-,-,-,-
24667,28739,-,-,-,-
24668,28740,-,-,-,-
24669,28741,-,-,-,-
24670,28742,-,-,-,-
24671,28743,-,-,-,-
24672,28744,-,-,-,-
24673,28745,-,-,-,-
24674,28746,-,-,-,-
24675,28747,-,-,-,-
24676,28748,-,-,-,-
24677,28749,-,-,-,-
24678,28750,-,-,-,-
24679,28751,-,-,-,-
24680,28752,-,-,-,-
24681,28753,-,-,-,-
24682,28754,-,-,-,-
24683,28755,-,-,-,-
24684,28756,-,-,-,-
24685,28757,-,-,-,-
24686,28758,-,-,-,-
24687,28759,-,-,-,-
24688,28760,-,-,-,-
24689,28761,-,-,-,-
24690,28762,-,-,-,-
24691,28763,-,-,-,-
24692,28764,-,-,-,-
24693,28765,-,-,-,-
24694,28766,-,-,-,-
24695,28767,-,-,-,-
24696,28768,-,-,-,-
24697,28769,-,-,-,-
24698,28770,-,-,-,-
24699,28771,-,-,-,-
24700,28772,-,-,-,-
24701,28773,-,-,-,-
24702,28774,-,-,-,-
24703,28775,-,-,-,-
24704,28776,-,-,-,-
24705,28777,-,-,-,-
24706,28778,-,-,-,-
24707,28779,-,-,-,-
24708,28780,-,-,-,-
24709,28781,-,-,-,-
24710,28782,-,-,-,-
24711,28783,-,-,-,-
24712,28784,-,-,-,-
24713,28785,-,-,-,-
24714,28786,-,-,-,-
24715,28787,-,-,-,-
24716,28788,-,-,-,-
24717,28789,-,-,-,-
24718,28790,-,-,-,-
24719,28791,-,-,-,-
24720,28792,-,-,-,-
24721,28793,-,-,-,-
24722,28794,-,-,-,-
24723,28795,-,-,-,-
24724,28796,-,-,-,-
24725,28797,-,-,-,-
24726,28798,-,-,-,-
24727,28799,-,-,-,-
24728,28800,-,-,-,-
24729,28801,-,-,-,-
24730,28802,-,-,-,-
24731,28803,-,-,-,-
24732,28804,-,-,-,-
24733,28805,-,-,-,-
24734,28806,-,-,-,-
24735,28807,-,-,-,-
24736,28808,-,-,-,-
24737,28809,-,-,-,-
24738,28810,-,-,-,-
24739,28811,-,-,-,-
24740,28812,-,-,-,-
24741,28813,-,-,-,-
24742,28814,-,-,-,-
24743,28815,-,-,-,-
24744,28816,-,-,-,-
24745,28817,-,-,-,-
24746,28818,-,-,-,-
24747,28819,-,-,-,-
24748,28820,-,-,-,-
24749,28821,-,-,-,-
24750,28822,-,-,-,-
24751,28823,-,-,-,-
24752,28824,-,-,-,-
24753,28825,-,-,-,-
24754,28826,-,-,-,-
24755,28827,-,-,-,-
24756,28828,-,-,-,-
24757,28829,-,-,-,-
24758,28830,-,-,-,-
24759,28831,-,-,-,-
24760,28832,-,-,-,-
24761,28833,-,-,-,-
24762,28834,-,-,-,-
24763,28835,-,-,-,-
24764,28836,-,-,-,-
24765,28837,-,-,-,-
24766,28838,-,-,-,-
24767,28839,-,-,-,-
24768,28840,-,-,-,-
24769,28841,-,-,-,-
24770,28842,-,-,-,-
24771,28843,-,-,-,-
24772,28844,-,-,-,-
24773,28845,-,-,-,-
24774,28846,-,-,-,-
24775,28847,-,-,-,-
24776,28848,-,-,-,-
24777,28849,-,-,-,-
24778,28850,-,-,-,-
24779,28851,-,-,-,-
24780,28852,-,-,-,-
24781,28853,-,-,-,-
24782,28854,-,-,-,-
24783,28855,-,-,-,-
24784,28856,-,-,-,-
24785,28857,-,-,-,-
24786,28858,-,-,-,-
24787,28859,-,-,-,-
24788,28860,-,-,-,-
24789,28861,-,-,-,-
24790,28862,-,-,-,-
24791,28863,-,-,-,-
24792,28864,-,-,-,-
24793,28865,-,-,-,-
24794,28866,-,-,-,-
24795,28867,-,-,-,-
24796,28868,-,-,-,-
24797,28868,-,-,-,-
24798,28868,-,-,-,-
24799,28868,-,-,-,-
24800,28868,-,-,-,-
24801,28868,-,-,-,-
24802,28868,-,-,-,-
24803,28868,-,-,-,-
24804,28868,-,-,-,-
24805,28868,-,-,-,-
24806,28868,-,-,-,-
24807,28868,-,-,-,-
24808,28868,-,-,-,-
24809,28868,-,-,-,-
24810,28868,-,-,-,-
24811,28868,-,-,-,-
24812,28868,-,-,-,-
24813,28868,-,-,-,-
24814,28868,-,-,-,-
24815,28868,-,-,-,-
24816,28868,-,-,-,-
24817,28868,-,-,-,-
24818,28868,-,-,-,-
24819,28868,-,-,-,-
24820,28868,-,-,-,-
24821,28868,-,-,-,-
24822,28868,-,-,-,-
24823,28868,-,-,-,-
24824,28868,-,-,-,-
24825,28868,-,-,-,-
24826,28868,-,-,-,-
24827,28868,-,-,-,-
24828,28868,-,-,-,-
24829,28868,-,-,-,-
24830,28868,-,-,-,-
24831,28868,-,-,-,-
24832,28868,-,-,-,-
24833,28868,-,-,-,-
24834,28868,-,-,-,-
24835,28868,-,-,-,-
24836,28868,-,-,-,-
24837,28868,-,-,-,-
24838,28868,-,-,-,-
24839,28868,-,-,-,-
24840,28868,-,-,-,-
24841,28868,-,-,-,-
24842,28868,-,-,-,-
24843,28868,-,-,-,-
24844,28868,-,-,-,-
24845,28868,-,-,-,-
24846,28868,-,-,-,-
24847,28868,-,-,-,-
24848,28868,-,-,-,-
24849,28868,-,-,-,-
24850,28868,-,-,-,-
24851,28868,-,-,-,-
24852,28868,-,-,-,-
24853,28868,-,-,-,-
24854,28868,-,-,-,-
24855,28868,-,-,-,-
24856,28868,-,-,-,-
24857,28868,-,-,-,-
24858,28868,-,-,-,-
24859,28868,-,-,-,-
24860,28868,-,-,-,-
24861,28868,-,-,-,-
24862,28868,-,-,-,-
24863,28868,-,-,-,-
24864,28868,-,-,-,-
24865,28868,-,-,-,-
24866,28868,-,-,-,-
24867,28868,-,-,-,-
24868,28868,-,-,-,-
24869,28868,-,-,-,-
24870,28868,-,-,-,-
24871,28868,-,-,-,-
24872,28868,-,-,-,-
24873,28868,-,-,-,-
24874,28868,-,-,-,-
24875,28868,-,-,-,-
24876,28868,-,-,-,-
24877,28868,-,-,-,-
24878,28868,-,-,-,-
24879,28868,-,-,-,-
24880,28868,-,-,-,-
24881,28868,-,-,-,-
24882,28868,-,-,-,-
24883,28868,-,-,-,-
24884,28868,-,-,-,-
24885,28868,-,-,-,-
24886,28868,-,-,-,-
24887,28868,-,-,-,-
24888,28868,-,-,-,-
24889,28868,-,-,-,-
24890,28868,-,-,-,-
24891,28868,-,-,-,-
24892,28868,-,-,-,-
24893,28868,-,-,-,-
24894,28868,-,-,-,-
24895,28868,-,-,-,-
24896,28868,-,-,-,-
24897,28868,-,-,-,-
24898,28868,-,-,-,-
24899,28868,-,-,-,-
24900,28868,-,-,-,-
24901,28868,-,-,-,-
24902,28868,-,-,-,-
24903,28868,-,-,-,-
24904,28868,-,-,-,-
24905,28868,-,-,-,-
24906,28868,-,-,-,-
24907,28868,-,-,-,-
24908,28868,-,-,-,-
24909,28868,-,-,-,-
24910,28868,-,-,-,-
24911,28868,-,-,-,-
24912,28868,-,-,-,-
24913,28868,-,-,-,-
24914,28868,-,-,-,-
24915,28868,-,-,-,-
24916,28868,-,-,-,-
24917,28868,-,-,-,-
24918,28868,-,-,-,-
24919,28868,-,-,-,-
24920,28868,-,-,-,-
24921,28868,-,-,-,-
24922,28868,-,-,-,-
24923,28868,-,-,-,-
24924,28868,-,-,-,-
24925,28868,-,-,-,-
24926,28868,-,-,-,-
24927,28868,-,-,-,-
24928,28868,-,-,-,-
24929,28868,-,-,-,-
24930,28868,-,-,-,-
24931,28868,-,-,-,-
24932,28868,-,-,-,-
24933,28868,-,-,-,-
24934,28868,-,-,-,-
24935,28868,-,-,-,-
24936,28868,-,-,-,-
24937,28868,-,-,-,-
24938,28868,-,-,-,-
24939,28868,-,-,-,-
24940,28868,-,-,-,-
24941,28868,-,-,-,-
24942,28868,-,-,-,-
24943,28868,-,-,-,-
24944,28868,-,-,-,-
24945,28868,-,-,-,-
24946,28868,-,-,-,-
24947,28868,-,-,-,-
24948,28868,-,-,-,-
24949,28868,-,-,-,-
24950,28868,-,-,-,-
24951,28868,-,-,-,-
24952,28868,-,-,-,-
24953,28868,-,-,-,-
24954,28868,-,-,-,-
24955,28868,-,-,-,-
24956,28868,-,-,-,-
24957,28868,-,-,-,-
24958,28868,-,-,-,-
24959,28868,-,-,-,-
24960,28868,-,-,-,-
24961,28868,-,-,-,-
24962,28868,-,-,-,-
24963,28868,-,-,-,-
24964,28868,-,-,-,-
24965,28868,-,-,-,-
24966,28868,-,-,-,-
24967,28868,-,-,-,-
24968,28868,-,-,-,-
24969,28868,-,-,-,-
24970,28868,-,-,-,-
24971,28868,-,-,-,-
24972,28868,-,-,-,-
24973,28868,-,-,-,-
24974,28868,-,-,-,-
24975,28868,-,-,-,-
24976,28868,-,-,-,-
24977,28868,-,-,-,-
24978,28868,-,-,-,-
24979,28868,-,-,-,-
24980,28868,-,-,-,-
24981,28868,-,-,-,-
24982,28868,-,-,-,-
24983,28868,-,-,-,-
24984,28868,-,-,-,-
24985,28868,-,-,-,-
24986,28868,-,-,-,-
24987,28868,-,-,-,-
24988,28868,-,-,-,-
24989,28868,-,-,-,-
24990,28868,-,-,-,-
24991,28868,-,-,-,-
24992,28868,-,-,-,-
24993,28868,-,-,-,-
24994,28868,-,-,-,-
24995,28868,-,-,-,-
24996,28868,-,-,-,-
24997,28868,-,-,-,-
24998,28868,-,-,-,-
24999,28868,-,-,-,-
25000,28868,-,-,-,-
25001,28868,-,-,-,-
25002,28868,-,-,-,-
25003,28868,-,-,-,-
25004,28868,-,-,-,-
25005,28868,-,-,-,-
25006,28868,-,-,-,-
25007,28868,-,-,-,-
25008,28868,-,-,-,-
25009,28868,-,-,-,-
25010,28868,-,-,-,-
25011,28868,-,-,-,-
25012,28868,-,-,-,-
25013,28868,-,-,-,-
25014,28868,-,-,-,-
25015,28868,-,-,-,-
25016,28868,-,-,-,-
25017,28868,-,-,-,-
25018,28868,-,-,-,-
25019,28868,-,-,-,-
25020,28868,-,-,-,-
25021,28868,-,-,-,-
25022,28868,-,-,-,-
25023,28868,-,-,-,-
25024,28868,-,-,-,-
25025,28868,-,-,-,-
25026,28868,-,-,-,-
25027,28868,-,-,-,-
25028,28868,-,-,-,-
25029,28868,-,-,-,-
25030,28868,-,-,-,-
25031,28868,-,-,-,-
25032,28868,-,-,-,-
25033,28868,-,-,-,-
25034,28868,-,-,-,-
25035,28868,-,-,-,-
25036,28868,-,-,-,-
25037,28868,-,-,-,-
25038,28868,-,-,-,-
25039,28868,-,-,-,-
25040,28868,-,-,-,-
25041,28868,-,-,-,-
25042,28868,-,-,-,-
25043,28868,-,-,-,-
25044,28868,-,-,-,-
25045,28868,-,-,-,-
25046,28868,-,-,-,-
25047,28868,-,-,-,-
25048,28868,-,-,-,-
25049,28868,-,-,-,-
25050,28868,-,-,-,-
25051,28868,-,-,-,-
25052,28868,-,-,-,-
25053,28868,-,-,-,-
25054,28868,-,-,-,-
25055,28868,-,-,-,-
25056,28868,-,-,-,-
25057,28868,-,-,-,-
25058,28868,-,-,-,-
25059,28868,-,-,-,-
25060,28868,-,-,-,-
25061,28868,-,-,-,-
25062,28868,-,-,-,-
25063,28868,-,-,-,-
25064,28868,-,-,-,-
25065,28868,-,-,-,-
25066,28868,-,-,-,-
25067,28868,-,-,-,-
25068,28868,-,-,-,-
25069,28868,-,-,-,-
25070,28868,-,-,-,-
25071,28868,-,-,-,-
25072,28868,-,-,-,-
25073,28868,-,-,-,-
25074,28868,-,-,-,-
25075,28868,-,-,-,-
25076,28868,-,-,-,-
25077,28868,-,-,-,-
25078,28868,-,-,-,-
25079,28868,-,-,-,-
25080,28868,-,-,-,-
25081,28868,-,-,-,-
25082,28868,-,-,-,-
25083,28868,-,-,-,-
25084,28868,-,-,-,-
25085,28868,-,-,-,-
25086,28868,-,-,-,-
25087,28868,-,-,-,-
25088,28868,-,-,-,-
25089,28868,-,-,-,-
25090,28868,-,-,-,-
25091,28868,-,-,-,-
25092,28868,-,-,-,-
25093,28868,-,-,-,-
25094,28868,-,-,-,-
25095,28868,-,-,-,-
25096,28868,-,-,-,-
25097,28868,-,-,-,-
25098,28868,-,-,-,-
25099,28868,-,-,-,-
25100,28868,-,-,-,-
25101,28868,-,-,-,-
25102,28868,-,-,-,-
25103,28868,-,-,-,-
25104,28868,-,-,-,-
25105,28868,-,-,-,-
25106,28868,-,-,-,-
25107,28868,-,-,-,-
25108,28868,-,-,-,-
25109,28868,-,-,-,-
25110,28868,-,-,-,-
25111,28868,-,-,-,-
25112,28868,-,-,-,-
25113,28868,-,-,-,-
25114,28868,-,-,-,-
25115,28868,-,-,-,-
25116,28868,-,-,-,-
25117,28868,-,-,-,-
25118,28868,-,-,-,-
25119,28868,-,-,-,-
25120,28868,-,-,-,-
25121,28868,-,-,-,-
25122,28868,-,-,-,-
25123,28868,-,-,-,-
25124,28868,-,-,-,-
25125,28868,-,-,-,-
25126,28868,-,-,-,-
25127,28868,-,-,-,-
25128,28868,-,-,-,-
25129,28868,-,-,-,-
25130,28868,-,-,-,-
25131,28868,-,-,-,-
25132,28868,-,-,-,-
25133,28868,-,-,-,-
25134,28868,-,-,-,-
25135,28868,-,-,-,-
25136,28868,-,-,-,-
25137,28868,-,-,-,-
25138,28868,-,-,-,-
25139,28868,-,-,-,-
25140,28868,-,-,-,-
25141,28868,-,-,-,-
25142,28868,-,-,-,-
25143,28868,-,-,-,-
25144,28868,-,-,-,-
25145,28868,-,-,-,-
25146,28868,-,-,-,-
25147,28868,-,-,-,-
25148,28868,-,-,-,-
25149,28868,-,-,-,-
25150,28868,-,-,-,-
25151,28868,-,-,-,-
25152,28868,-,-,-,-
25153,28868,-,-,-,-
25154,28868,-,-,-,-
25155,28868,-,-,-,-
25156,28868,-,-,-,-
25157,28868,-,-,-,-
25158,28868,-,-,-,-
25159,28868,-,-,-,-
25160,28868,-,-,-,-
25161,28868,-,-,-,-
25162,28868,-,-,-,-
25163,28868,-,-,-,-
25164,28868,-,-,-,-
25165,28868,-,-,-,-
25166,28868,-,-,-,-
25167,28868,-,-,-,-
25168,28868,-,-,-,-
25169,28868,-,-,-,-
25170,28868,-,-,-,-
25171,28868,-,-,-,-
25172,28868,-,-,-,-
25173,28868,-,-,-,-
25174,28868,-,-,-,-
25175,28868,-,-,-,-
25176,28868,-,-,-,-
25177,28868,-,-,-,-
25178,28868,-,-,-,-
25179,28868,-,-,-,-
25180,28868,-,-,-,-
25181,28868,-,-,-,-
25182,28868,-,-,-,-
25183,28868,-,-,-,-
25184,28868,-,-,-,-
25185,28868,-,-,-,-
25186,28868,-,-,-,-
25187,28868,-,-,-,-
25188,28868,-,-,-,-
25189,28868,-,-,-,-
25190,28868,-,-,-,-
25191,28868,-,-,-,-
25192,28868,-,-,-,-
25193,28868,-,-,-,-
25194,28868,-,-,-,-
25195,28868,-,-,-,-
25196,28868,-,-,-,-
25197,28868,-,-,-,-
25198,28868,-,-,-,-
25199,28868,-,-,-,-
25200,28868,-,-,-,-
25201,28868,-,-,-,-
25202,28868,-,-,-,-
25203,28868,-,-,-,-
25204,28868,-,-,-,-
25205,28868,-,-,-,-
25206,28868,-,-,-,-
25207,28868,-,-,-,-
25208,28868,-,-,-,-
25209,28868,-,-,-,-
25210,28868,-,-,-,-
25211,28868,-,-,-,-
25212,28868,-,-,-,-
25213,28868,-,-,-,-
25214,28868,-,-,-,-
25215,28868,-,-,-,-
25216,28868,-,-,-,-
25217,28868,-,-,-,-
25218,28868,-,-,-,-
25219,28868,-,-,-,-
25220,28868,-,-,-,-
25221,28868,-,-,-,-
25222,28868,-,-,-,-
25223,28868,-,-,-,-
25224,28868,-,-,-,-
25225,28868,-,-,-,-
25226,28868,-,-,-,-
25227,28868,-,-,-,-
25228,28868,-,-,-,-
25229,28868,-,-,-,-
25230,28868,-,-,-,-
25231,28868,-,-,-,-
25232,28868,-,-,-,-
25233,28868,-,-,-,-
25234,28868,-,-,-,-
25235,28868,-,-,-,-
25236,28868,-,-,-,-
25237,28868,-,-,-,-
25238,28868,-,-,-,-
25239,28868,-,-,-,-
25240,28868,-,-,-,-
25241,28868,-,-,-,-
25242,28868,-,-,-,-
25243,28868,-,-,-,-
25244,28868,-,-,-,-
25245,28868,-,-,-,-
25246,28868,-,-,-,-
25247,28868,-,-,-,-
25248,28868,-,-,-,-
25249,28868,-,-,-,-
25250,28868,-,-,-,-
25251,28868,-,-,-,-
25252,28868,-,-,-,-
25253,28868,-,-,-,-
25254,28868,-,-,-,-
25255,28868,-,-,-,-
25256,28868,-,-,-,-
25257,28868,-,-,-,-
25258,28868,-,-,-,-
25259,28868,-,-,-,-
25260,28868,-,-,-,-
25261,28868,-,-,-,-
25262,28868,-,-,-,-
25263,28868,-,-,-,-
25264,28868,-,-,-,-
25265,28868,-,-,-,-
25266,28868,-,-,-,-
25267,28868,-,-,-,-
25268,28868,-,-,-,-
25269,28868,-,-,-,-
25270,28868,-,-,-,-
25271,28868,-,-,-,-
25272,28868,-,-,-,-
25273,28868,-,-,-,-
25274,28868,-,-,-,-
25275,28868,-,-,-,-
25276,28868,-,-,-,-
25277,28868,-,-,-,-
25278,28868,-,-,-,-
25279,28868,-,-,-,-
25280,28868,-,-,-,-
25281,28868,-,-,-,-
25282,28868,-,-,-,-
25283,28868,-,-,-,-
25284,28868,-,-,-,-
25285,28868,-,-,-,-
25286,28868,-,-,-,-
25287,28868,-,-,-,-
25288,28868,-,-,-,-
25289,28868,-,-,-,-
25290,28868,-,-,-,-
25291,28868,-,-,-,-
25292,28868,-,-,-,-
25293,28868,-,-,-,-
25294,28868,-,-,-,-
25295,28868,-,-,-,-
25296,28868,-,-,-,-
25297,28868,-,-,-,-
25298,28868,-,-,-,-
25299,28868,-,-,-,-
25300,28868,-,-,-,-
25301,28868,-,-,-,-
25302,28868,-,-,-,-
25303,28868,-,-,-,-
25304,28868,-,-,-,-
25305,28868,-,-,-,-
25306,28868,-,-,-,-
25307,28868,-,-,-,-
25308,28868,-,-,-,-
25309,28868,-,-,-,-
25310,28868,-,-,-,-
25311,28868,-,-,-,-
25312,28868,-,-,-,-
25313,28868,-,-,-,-
25314,28868,-,-,-,-
25315,28868,-,-,-,-
25316,28868,-,-,-,-
25317,28868,-,-,-,-
25318,28868,-,-,-,-
25319,28868,-,-,-,-
25320,28868,-,-,-,-
25321,28868,-,-,-,-
25322,28868,-,-,-,-
25323,28868,-,-,-,-
25324,28868,-,-,-,-
25325,28868,-,-,-,-
25326,28868,-,-,-,-
25327,28868,-,-,-,-
25328,28868,-,-,-,-
25329,28868,-,-,-,-
25330,28868,-,-,-,-
25331,28868,-,-,-,-
25332,28868,-,-,-,-
25333,28868,-,-,-,-
25334,28868,-,-,-,-
25335,28868,-,-,-,-
25336,28868,-,-,-,-
25337,28868,-,-,-,-
25338,28868,-,-,-,-
25339,28868,-,-,-,-
25340,28868,-,-,-,-
25341,28868,-,-,-,-
25342,28868,-,-,-,-
25343,28868,-,-,-,-
25344,28868,-,-,-,-
25345,28868,-,-,-,-
25346,28868,-,-,-,-
25347,28868,-,-,-,-
25348,28868,-,-,-,-
25349,28868,-,-,-,-
25350,28868,-,-,-,-
25351,28868,-,-,-,-
25352,28868,-,-,-,-
25353,28868,-,-,-,-
25354,28868,-,-,-,-
25355,28868,-,-,-,-
25356,28868,-,-,-,-
25357,28868,-,-,-,-
25358,28868,-,-,-,-
25359,28868,-,-,-,-
25360,28868,-,-,-,-
25361,28868,-,-,-,-
25362,28868,-,-,-,-
25363,28868,-,-,-,-
25364,28868,-,-,-,-
25365,28868,-,-,-,-
25366,28868,-,-,-,-
25367,28868,-,-,-,-
25368,28868,-,-,-,-
25369,28868,-,-,-,-
25370,28868,-,-,-,-
25371,28868,-,-,-,-
25372,28868,-,-,-,-
25373,28868,-,-,-,-
25374,28868,-,-,-,-
25375,28868,-,-,-,-
25376,28868,-,-,-,-
25377,28868,-,-,-,-
25378,28868,-,-,-,-
25379,28868,-,-,-,-
25380,28868,-,-,-,-
25381,28868,-,-,-,-
25382,28868,-,-,-,-
25383,28868,-,-,-,-
25384,28868,-,-,-,-
25385,28868,-,-,-,-
25386,28868,-,-,-,-
25387,28868,-,-,-,-
25388,28868,-,-,-,-
25389,28868,-,-,-,-
25390,28868,-,-,-,-
25391,28868,-,-,-,-
25392,28868,-,-,-,-
25393,28868,-,-,-,-
25394,28868,-,-,-,-
25395,28868,-,-,-,-
25396,28868,-,-,-,-
25397,28868,-,-,-,-
25398,28868,-,-,-,-
25399,28868,-,-,-,-
25400,28868,-,-,-,-
25401,28868,-,-,-,-
25402,28868,-,-,-,-
25403,28868,-,-,-,-
25404,28868,-,-,-,-
25405,28868,-,-,-,-
25406,28868,-,-,-,-
25407,28868,-,-,-,-
25408,28868,-,-,-,-
25409,28868,-,-,-,-
25410,28868,-,-,-,-
25411,28868,-,-,-,-
25412,28868,-,-,-,-
25413,28868,-,-,-,-
25414,28868,-,-,-,-
25415,28868,-,-,-,-
25416,28868,-,-,-,-
25417,28868,-,-,-,-
25418,28868,-,-,-,-
25419,28868,-,-,-,-
25420,28868,-,-,-,-
25421,28868,-,-,-,-
25422,28868,-,-,-,-
25423,28868,-,-,-,-
25424,28868,-,-,-,-
25425,28868,-,-,-,-
25426,28868,-,-,-,-
25427,28868,-,-,-,-
25428,28868,-,-,-,-
25429,28868,-,-,-,-
25430,28868,-,-,-,-
25431,28868,-,-,-,-
25432,28868,-,-,-,-
25433,28868,-,-,-,-
25434,28868,-,-,-,-
25435,28868,-,-,-,-
25436,28868,-,-,-,-
25437,28868,-,-,-,-
25438,28868,-,-,-,-
25439,28868,-,-,-,-
25440,28868,-,-,-,-
25441,28868,-,-,-,-
25442,28868,-,-,-,-
25443,28868,-,-,-,-
25444,28868,-,-,-,-
25445,28868,-,-,-,-
25446,28868,-,-,-,-
25447,28868,-,-,-,-
25448,28868,-,-,-,-
25449,28868,-,-,-,-
25450,28868,-,-,-,-
25451,28868,-,-,-,-
25452,28868,-,-,-,-
25453,28868,-,-,-,-
25454,28868,-,-,-,-
25455,28868,-,-,-,-
25456,28868,-,-,-,-
25457,28868,-,-,-,-
25458,28868,-,-,-,-
25459,28868,-,-,-,-
25460,28868,-,-,-,-
25461,28868,-,-,-,-
25462,28868,-,-,-,-
25463,28868,-,-,-,-
25464,28868,-,-,-,-
25465,28868,-,-,-,-
25466,28868,-,-,-,-
25467,28868,-,-,-,-
25468,28868,-,-,-,-
25469,28868,-,-,-,-
25470,28868,-,-,-,-
25471,28868,-,-,-,-
25472,28868,-,-,-,-
25473,28868,-,-,-,-
25474,28868,-,-,-,-
25475,28868,-,-,-,-
25476,28868,-,-,-,-
25477,28868,-,-,-,-
25478,28868,-,-,-,-
25479,28868,-,-,-,-
25480,28868,-,-,-,-
25481,28868,-,-,-,-
25482,28868,-,-,-,-
25483,28868,-,-,-,-
25484,28868,-,-,-,-
25485,28868,-,-,-,-
25486,28868,-,-,-,-
25487,28868,-,-,-,-
25488,28868,-,-,-,-
25489,28868,-,-,-,-
25490,28868,-,-,-,-
25491,28868,-,-,-,-
25492,28868,-,-,-,-
25493,28868,-,-,-,-
25494,28868,-,-,-,-
25495,28868,-,-,-,-
25496,28868,-,-,-,-
25497,28868,-,-,-,-
25498,28868,-,-,-,-
25499,28868,-,-,-,-
25500,28868,-,-,-,-
25501,28868,-,-,-,-
25502,28868,-,-,-,-
25503,28868,-,-,-,-
25504,28868,-,-,-,-
25505,28868,-,-,-,-
25506,28868,-,-,-,-
25507,28868,-,-,-,-
25508,28868,-,-,-,-
25509,28868,-,-,-,-
25510,28868,-,-,-,-
25511,28868,-,-,-,-
25512,28868,-,-,-,-
25513,28868,-,-,-,-
25514,28868,-,-,-,-
25515,28868,-,-,-,-
25516,28868,-,-,-,-
25517,28868,-,-,-,-
25518,28868,-,-,-,-
25519,28868,-,-,-,-
25520,28868,-,-,-,-
25521,28868,-,-,-,-
25522,28868,-,-,-,-
25523,28868,-,-,-,-
25524,28868,-,-,-,-
25525,28868,-,-,-,-
25526,28868,-,-,-,-
25527,28868,-,-,-,-
25528,28868,-,-,-,-
25529,28868,-,-,-,-
25530,28868,-,-,-,-
25531,28868,-,-,-,-
25532,28868,-,-,-,-
25533,28868,-,-,-,-
25534,28868,-,-,-,-
25535,28868,-,-,-,-
25536,28868,-,-,-,-
25537,28868,-,-,-,-
25538,28868,-,-,-,-
25539,28868,-,-,-,-
25540,28868,-,-,-,-
25541,28868,-,-,-,-
25542,28868,-,-,-,-
25543,28868,-,-,-,-
25544,28868,-,-,-,-
25545,28868,-,-,-,-
25546,28868,-,-,-,-
25547,28868,-,-,-,-
25548,28868,-,-,-,-
25549,28868,-,-,-,-
25550,28868,-,-,-,-
25551,28868,-,-,-,-
25552,28868,-,-,-,-
25553,28868,-,-,-,-
25554,28868,-,-,-,-
25555,28868,-,-,-,-
25556,28868,-,-,-,-
25557,28868,-,-,-,-
25558,28868,-,-,-,-
25559,28868,-,-,-,-
25560,28868,-,-,-,-
25561,28868,-,-,-,-
25562,28868,-,-,-,-
25563,28868,-,-,-,-
25564,28868,-,-,-,-
25565,28868,-,-,-,-
25566,28868,-,-,-,-
25567,28868,-,-,-,-
25568,28868,-,-,-,-
25569,28868,-,-,-,-
25570,28868,-,-,-,-
25571,28868,-,-,-,-
25572,28868,-,-,-,-
25573,28868,-,-,-,-
25574,28868,-,-,-,-
25575,28868,-,-,-,-
25576,28868,-,-,-,-
25577,28868,-,-,-,-
25578,28868,-,-,-,-
25579,28868,-,-,-,-
25580,28868,-,-,-,-
25581,28868,-,-,-,-
25582,28868,-,-,-,-
25583,28868,-,-,-,-
25584,28868,-,-,-,-
25585,28868,-,-,-,-
25586,28868,-,-,-,-
25587,28868,-,-,-,-
25588,28868,-,-,-,-
25589,28868,-,-,-,-
25590,28868,-,-,-,-
25591,28868,-,-,-,-
25592,28868,-,-,-,-
25593,28868,-,-,-,-
25594,28868,-,-,-,-
25595,28868,-,-,-,-
25596,28868,-,-,-,-
25597,28868,-,-,-,-
25598,28868,-,-,-,-
25599,28868,-,-,-,-
25600,28868,-,-,-,-
25601,28868,-,-,-,-
25602,28868,-,-,-,-
25603,28868,-,-,-,-
25604,28868,-,-,-,-
25605,28868,-,-,-,-
25606,28868,-,-,-,-
25607,28868,-,-,-,-
25608,28868,-,-,-,-
25609,28868,-,-,-,-
25610,28868,-,-,-,-
25611,28868,-,-,-,-
25612,28868,-,-,-,-
25613,28868,-,-,-,-
25614,28868,-,-,-,-
25615,28868,-,-,-,-
25616,28868,-,-,-,-
25617,28868,-,-,-,-
25618,28868,-,-,-,-
25619,28868,-,-,-,-
25620,28868,-,-,-,-
25621,28868,-,-,-,-
25622,28868,-,-,-,-
25623,28868,-,-,-,-
25624,28868,-,-,-,-
25625,28868,-,-,-,-
25626,28868,-,-,-,-
25627,28868,-,-,-,-
25628,28868,-,-,-,-
25629,28868,-,-,-,-
25630,28868,-,-,-,-
25631,28868,-,-,-,-
25632,28868,-,-,-,-
25633,28868,-,-,-,-
25634,28868,-,-,-,-
25635,28868,-,-,-,-
25636,28868,-,-,-,-
25637,28868,-,-,-,-
25638,28868,-,-,-,-
25639,28868,-,-,-,-
25640,28868,-,-,-,-
25641,28868,-,-,-,-
25642,28868,-,-,-,-
25643,28868,-,-,-,-
25644,28868,-,-,-,-
25645,28868,-,-,-,-
25646,28868,-,-,-,-
25647,28868,-,-,-,-
25648,28868,-,-,-,-
25649,28868,-,-,-,-
25650,28868,-,-,-,-
25651,28868,-,-,-,-
25652,28868,-,-,-,-
25653,28868,-,-,-,-
25654,28868,-,-,-,-
25655,28868,-,-,-,-
25656,28868,-,-,-,-
25657,28868,-,-,-,-
25658,28868,-,-,-,-
25659,28868,-,-,-,-
25660,28868,-,-,-,-
25661,28868,-,-,-,-
25662,28868,-,-,-,-
25663,28868,-,-,-,-
25664,28868,-,-,-,-
25665,28868,-,-,-,-
25666,28868,-,-,-,-
25667,28868,-,-,-,-
25668,28868,-,-,-,-
25669,28868,-,-,-,-
25670,28868,-,-,-,-
25671,28868,-,-,-,-
25672,28868,-,-,-,-
25673,28868,-,-,-,-
25674,28868,-,-,-,-
25675,28868,-,-,-,-
25676,28868,-,-,-,-
25677,28868,-,-,-,-
25678,28868,-,-,-,-
25679,28868,-,-,-,-
25680,28868,-,-,-,-
25681,28868,-,-,-,-
25682,28868,-,-,-,-
25683,28868,-,-,-,-
25684,28868,-,-,-,-
25685,28868,-,-,-,-
25686,28868,-,-,-,-
25687,28868,-,-,-,-
25688,28868,-,-,-,-
25689,28868,-,-,-,-
25690,28868,-,-,-,-
25691,28868,-,-,-,-
25692,28868,-,-,-,-
25693,28868,-,-,-,-
25694,28868,-,-,-,-
25695,28868,-,-,-,-
25696,28868,-,-,-,-
25697,28868,-,-,-,-
25698,28868,-,-,-,-
25699,28868,-,-,-,-
25700,28868,-,-,-,-
25701,28868,-,-,-,-
25702,28868,-,-,-,-
25703,28868,-,-,-,-
25704,28868,-,-,-,-
25705,28868,-,-,-,-
25706,28868,-,-,-,-
25707,28868,-,-,-,-
25708,28868,-,-,-,-
25709,28868,-,-,-,-
25710,28868,-,-,-,-
25711,28868,-,-,-,-
25712,28868,-,-,-,-
25713,28868,-,-,-,-
25714,28868,-,-,-,-
25715,28868,-,-,-,-
25716,28868,-,-,-,-
25717,28868,-,-,-,-
25718,28868,-,-,-,-
25719,28868,-,-,-,-
25720,28868,-,-,-,-
25721,28868,-,-,-,-
25722,28868,-,-,-,-
25723,28868,-,-,-,-
25724,28868,-,-,-,-
25725,28868,-,-,-,-
25726,28868,-,-,-,-
25727,28868,-,-,-,-
25728,28868,-,-,-,-
25729,28868,-,-,-,-
25730,28868,-,-,-,-
25731,28868,-,-,-,-
25732,28868,-,-,-,-
25733,28868,-,-,-,-
25734,28868,-,-,-,-
25735,28868,-,-,-,-
25736,28868,-,-,-,-
25737,28868,-,-,-,-
25738,28868,-,-,-,-
25739,28868,-,-,-,-
25740,28868,-,-,-,-
25741,28868,-,-,-,-
25742,28868,-,-,-,-
25743,28868,-,-,-,-
25744,28868,-,-,-,-
25745,28868,-,-,-,-
25746,28868,-,-,-,-
25747,28868,-,-,-,-
25748,28868,-,-,-,-
25749,28868,-,-,-,-
25750,28868,-,-,-,-
25751,28868,-,-,-,-
25752,28868,-,-,-,-
25753,28868,-,-,-,-
25754,28868,-,-,-,-
25755,28868,-,-,-,-
25756,28868,-,-,-,-
25757,28868,-,-,-,-
25758,28868,-,-,-,-
25759,28868,-,-,-,-
25760,28868,-,-,-,-
25761,28868,-,-,-,-
25762,28868,-,-,-,-
25763,28868,-,-,-,-
25764,28868,-,-,-,-
25765,28868,-,-,-,-
25766,28868,-,-,-,-
25767,28868,-,-,-,-
25768,28868,-,-,-,-
25769,28868,-,-,-,-
25770,28868,-,-,-,-
25771,28868,-,-,-,-
25772,28868,-,-,-,-
25773,28868,-,-,-,-
25774,28868,-,-,-,-
25775,28868,-,-,-,-
25776,28868,-,-,-,-
25777,28868,-,-,-,-
25778,28868,-,-,-,-
25779,28868,-,-,-,-
25780,28868,-,-,-,-
25781,28868,-,-,-,-
25782,28868,-,-,-,-
25783,28868,-,-,-,-
25784,28868,-,-,-,-
25785,28868,-,-,-,-
25786,28868,-,-,-,-
25787,28868,-,-,-,-
25788,28868,-,-,-,-
25789,28868,-,-,-,-
25790,28868,-,-,-,-
25791,28868,-,-,-,-
25792,28868,-,-,-,-
25793,28868,-,-,-,-
25794,28868,-,-,-,-
25795,28868,-,-,-,-
25796,28868,-,-,-,-
25797,28868,-,-,-,-
25798,28868,-,-,-,-
25799,28868,-,-,-,-
25800,28868,-,-,-,-
25801,28868,-,-,-,-
25802,28868,-,-,-,-
25803,28868,-,-,-,-
25804,28868,-,-,-,-
25805,28868,-,-,-,-
25806,28868,-,-,-,-
25807,28868,-,-,-,-
25808,28868,-,-,-,-
25809,28868,-,-,-,-
25810,28868,-,-,-,-
25811,28868,-,-,-,-
25812,28868,-,-,-,-
25813,28868,-,-,-,-
25814,28868,-,-,-,-
25815,28868,-,-,-,-
25816,28868,-,-,-,-
25817,28868,-,-,-,-
25818,28868,-,-,-,-
25819,28868,-,-,-,-
25820,28868,-,-,-,-
25821,28868,-,-,-,-
25822,28868,-,-,-,-
25823,28868,-,-,-,-
25824,28868,-,-,-,-
25825,28868,-,-,-,-
25826,28868,-,-,-,-
25827,28868,-,-,-,-
25828,28868,-,-,-,-
25829,28868,-,-,-,-
25830,28868,-,-,-,-
25831,28868,-,-,-,-
25832,28868,-,-,-,-
25833,28868,-,-,-,-
25834,28868,-,-,-,-
25835,28868,-,-,-,-
25836,28868,-,-,-,-
25837,28868,-,-,-,-
25838,28868,-,-,-,-
25839,28868,-,-,-,-
25840,28868,-,-,-,-
25841,28868,-,-,-,-
25842,28868,-,-,-,-
25843,28868,-,-,-,-
25844,28868,-,-,-,-
25845,28868,-,-,-,-
25846,28868,-,-,-,-
25847,28868,-,-,-,-
25848,28868,-,-,-,-
25849,28868,-,-,-,-
25850,28868,-,-,-,-
25851,28868,-,-,-,-
25852,28868,-,-,-,-
25853,28868,-,-,-,-
25854,28868,-,-,-,-
25855,28868,-,-,-,-
25856,28868,-,-,-,-
25857,28868,-,-,-,-
25858,28868,-,-,-,-
25859,28868,-,-,-,-
25860,28868,-,-,-,-
25861,28868,-,-,-,-
25862,28868,-,-,-,-
25863,28868,-,-,-,-
25864,28868,-,-,-,-
25865,28868,-,-,-,-
25866,28868,-,-,-,-
25867,28868,-,-,-,-
25868,28868,-,-,-,-
25869,28868,-,-,-,-
25870,28868,-,-,-,-
25871,28868,-,-,-,-
25872,28868,-,-,-,-
25873,28868,-,-,-,-
25874,28868,-,-,-,-
25875,28868,-,-,-,-
25876,28868,-,-,-,-
25877,28868,-,-,-,-
25878,28868,-,-,-,-
25879,28868,-,-,-,-
25880,28868,-,-,-,-
25881,28868,-,-,-,-
25882,28868,-,-,-,-
25883,28868,-,-,-,-
25884,28868,-,-,-,-
25885,28868,-,-,-,-
25886,28868,-,-,-,-
25887,28868,-,-,-,-
25888,28868,-,-,-,-
25889,28868,-,-,-,-
25890,28868,-,-,-,-
25891,28868,-,-,-,-
25892,28868,-,-,-,-
25893,28868,-,-,-,-
25894,28868,-,-,-,-
25895,28868,-,-,-,-
25896,28868,-,-,-,-
25897,28868,-,-,-,-
25898,28868,-,-,-,-
25899,28868,-,-,-,-
25900,28868,-,-,-,-
25901,28868,-,-,-,-
25902,28868,-,-,-,-
25903,28868,-,-,-,-
25904,28868,-,-,-,-
25905,28868,-,-,-,-
25906,28868,-,-,-,-
25907,28868,-,-,-,-
25908,28868,-,-,-,-
25909,28868,-,-,-,-
25910,28868,-,-,-,-
25911,28868,-,-,-,-
25912,28868,-,-,-,-
25913,28868,-,-,-,-
25914,28868,-,-,-,-
25915,28868,-,-,-,-
25916,28868,-,-,-,-
25917,28868,-,-,-,-
25918,28868,-,-,-,-
25919,28868,-,-,-,-
25920,28868,-,-,-,-
25921,28868,-,-,-,-
25922,28868,-,-,-,-
25923,28868,-,-,-,-
25924,28868,-,-,-,-
25925,28868,-,-,-,-
25926,28868,-,-,-,-
25927,28868,-,-,-,-
25928,28868,-,-,-,-
25929,28868,-,-,-,-
25930,28868,-,-,-,-
25931,28868,-,-,-,-
25932,28868,-,-,-,-
25933,28868,-,-,-,-
25934,28868,-,-,-,-
25935,28868,-,-,-,-
25936,28868,-,-,-,-
25937,28868,-,-,-,-
25938,28868,-,-,-,-
25939,28868,-,-,-,-
25940,28868,-,-,-,-
25941,28868,-,-,-,-
25942,28868,-,-,-,-
25943,28868,-,-,-,-
25944,28868,-,-,-,-
25945,28868,-,-,-,-
25946,28868,-,-,-,-
25947,28868,-,-,-,-
25948,28868,-,-,-,-
25949,28868,-,-,-,-
25950,28868,-,-,-,-
25951,28868,-,-,-,-
25952,28868,-,-,-,-
25953,28868,-,-,-,-
25954,28868,-,-,-,-
25955,28868,-,-,-,-
25956,28868,-,-,-,-
25957,28868,-,-,-,-
25958,28868,-,-,-,-
25959,28868,-,-,-,-
25960,28868,-,-,-,-
25961,28868,-,-,-,-
25962,28868,-,-,-,-
25963,28868,-,-,-,-
25964,28868,-,-,-,-
25965,28868,-,-,-,-
25966,28868,-,-,-,-
25967,28868,-,-,-,-
25968,28868,-,-,-,-
25969,28868,-,-,-,-
25970,28868,-,-,-,-
25971,28868,-,-,-,-
25972,28868,-,-,-,-
25973,28868,-,-,-,-
25974,28868,-,-,-,-
25975,28868,-,-,-,-
25976,28868,-,-,-,-
25977,28868,-,-,-,-
25978,28868,-,-,-,-
25979,28868,-,-,-,-
25980,28868,-,-,-,-
25981,28868,-,-,-,-
25982,28868,-,-,-,-
25983,28868,-,-,-,-
25984,28868,-,-,-,-
25985,28868,-,-,-,-
25986,28868,-,-,-,-
25987,28868,-,-,-,-
25988,28868,-,-,-,-
25989,28868,-,-,-,-
25990,28868,-,-,-,-
25991,28868,-,-,-,-
25992,28868,-,-,-,-
25993,28868,-,-,-,-
25994,28868,-,-,-,-
25995,28868,-,-,-,-
25996,28868,-,-,-,-
25997,28868,-,-,-,-
25998,28868,-,-,-,-
25999,28868,-,-,-,-
26000,28868,-,-,-,-
26001,28868,-,-,-,-
26002,28868,-,-,-,-
26003,28868,-,-,-,-
26004,28868,-,-,-,-
26005,28868,-,-,-,-
26006,28868,-,-,-,-
26007,28868,-,-,-,-
26008,28868,-,-,-,-
26009,28868,-,-,-,-
26010,28868,-,-,-,-
26011,28868,-,-,-,-
26012,28868,-,-,-,-
26013,28868,-,-,-,-
26014,28868,-,-,-,-
26015,28868,-,-,-,-
26016,28868,-,-,-,-
26017,28868,-,-,-,-
26018,28868,-,-,-,-
26019,28868,-,-,-,-
26020,28868,-,-,-,-
26021,28868,-,-,-,-
26022,28868,-,-,-,-
26023,28868,-,-,-,-
26024,28868,-,-,-,-
26025,28868,-,-,-,-
26026,28868,-,-,-,-
26027,28868,-,-,-,-
26028,28868,-,-,-,-
26029,28868,-,-,-,-
26030,28868,-,-,-,-
26031,28868,-,-,-,-
26032,28868,-,-,-,-
26033,28868,-,-,-,-
26034,28868,-,-,-,-
26035,28868,-,-,-,-
26036,28868,-,-,-,-
26037,28868,-,-,-,-
26038,28868,-,-,-,-
26039,28868,-,-,-,-
26040,28868,-,-,-,-
26041,28868,-,-,-,-
26042,28868,-,-,-,-
26043,28868,-,-,-,-
26044,28868,-,-,-,-
26045,28868,-,-,-,-
26046,28868,-,-,-,-
26047,28868,-,-,-,-
26048,28868,-,-,-,-
26049,28868,-,-,-,-
26050,28868,-,-,-,-
26051,28868,-,-,-,-
26052,28868,-,-,-,-
26053,28868,-,-,-,-
26054,28868,-,-,-,-
26055,28868,-,-,-,-
26056,28868,-,-,-,-
26057,28868,-,-,-,-
26058,28868,-,-,-,-
26059,28868,-,-,-,-
26060,28868,-,-,-,-
26061,28868,-,-,-,-
26062,28868,-,-,-,-
26063,28868,-,-,-,-
26064,28868,-,-,-,-
26065,28868,-,-,-,-
26066,28868,-,-,-,-
26067,28868,-,-,-,-
26068,28868,-,-,-,-
26069,28868,-,-,-,-
26070,28868,-,-,-,-
26071,28868,-,-,-,-
26072,28868,-,-,-,-
26073,28868,-,-,-,-
26074,28868,-,-,-,-
26075,28868,-,-,-,-
26076,28868,-,-,-,-
26077,28868,-,-,-,-
26078,28868,-,-,-,-
26079,28868,-,-,-,-
26080,28868,-,-,-,-
26081,28868,-,-,-,-
26082,28868,-,-,-,-
26083,28868,-,-,-,-
26084,28868,-,-,-,-
26085,28868,-,-,-,-
26086,28868,-,-,-,-
26087,28868,-,-,-,-
26088,28868,-,-,-,-
26089,28868,-,-,-,-
26090,28868,-,-,-,-
26091,28868,-,-,-,-
26092,28868,-,-,-,-
26093,28868,-,-,-,-
26094,28868,-,-,-,-
26095,28868,-,-,-,-
26096,28868,-,-,-,-
26097,28868,-,-,-,-
26098,28868,-,-,-,-
26099,28868,-,-,-,-
26100,28868,-,-,-,-
26101,28868,-,-,-,-
26102,28868,-,-,-,-
26103,28868,-,-,-,-
26104,28868,-,-,-,-
26105,28868,-,-,-,-
26106,28868,-,-,-,-
26107,28868,-,-,-,-
26108,28868,-,-,-,-
26109,28868,-,-,-,-
26110,28868,-,-,-,-
26111,28868,-,-,-,-
26112,28868,-,-,-,-
26113,28868,-,-,-,-
26114,28868,-,-,-,-
26115,28868,-,-,-,-
26116,28868,-,-,-,-
26117,28868,-,-,-,-
26118,28868,-,-,-,-
26119,28868,-,-,-,-
26120,28868,-,-,-,-
26121,28868,-,-,-,-
26122,28868,-,-,-,-
26123,28868,-,-,-,-
26124,28868,-,-,-,-
26125,28868,-,-,-,-
26126,28868,-,-,-,-
26127,28868,-,-,-,-
26128,28868,-,-,-,-
26129,28868,-,-,-,-
26130,28868,-,-,-,-
26131,28868,-,-,-,-
26132,28868,-,-,-,-
26133,28868,-,-,-,-
26134,28868,-,-,-,-
26135,28868,-,-,-,-
26136,28868,-,-,-,-
26137,28868,-,-,-,-
26138,28868,-,-,-,-
26139,28868,-,-,-,-
26140,28868,-,-,-,-
26141,28868,-,-,-,-
26142,28868,-,-,-,-
26143,28868,-,-,-,-
26144,28868,-,-,-,-
26145,28868,-,-,-,-
26146,28868,-,-,-,-
26147,28868,-,-,-,-
26148,28868,-,-,-,-
26149,28868,-,-,-,-
26150,28868,-,-,-,-
26151,28868,-,-,-,-
26152,28868,-,-,-,-
26153,28868,-,-,-,-
26154,28868,-,-,-,-
26155,28868,-,-,-,-
26156,28868,-,-,-,-
26157,28868,-,-,-,-
26158,28868,-,-,-,-
26159,28868,-,-,-,-
26160,28868,-,-,-,-
26161,28868,-,-,-,-
26162,28868,-,-,-,-
26163,28868,-,-,-,-
26164,28868,-,-,-,-
26165,28868,-,-,-,-
26166,28868,-,-,-,-
26167,28868,-,-,-,-
26168,28868,-,-,-,-
26169,28868,-,-,-,-
26170,28868,-,-,-,-
26171,28868,-,-,-,-
26172,28868,-,-,-,-
26173,28868,-,-,-,-
26174,28868,-,-,-,-
26175,28868,-,-,-,-
26176,28868,-,-,-,-
26177,28868,-,-,-,-
26178,28868,-,-,-,-
26179,28868,-,-,-,-
26180,28868,-,-,-,-
26181,28868,-,-,-,-
26182,28868,-,-,-,-
26183,28868,-,-,-,-
26184,28868,-,-,-,-
26185,28868,-,-,-,-
26186,28868,-,-,-,-
26187,28868,-,-,-,-
26188,28868,-,-,-,-
26189,28868,-,-,-,-
26190,28868,-,-,-,-
26191,28868,-,-,-,-
26192,28868,-,-,-,-
26193,28868,-,-,-,-
26194,28868,-,-,-,-
26195,28868,-,-,-,-
26196,28868,-,-,-,-
26197,28868,-,-,-,-
26198,28868,-,-,-,-
26199,28868,-,-,-,-
26200,28868,-,-,-,-
26201,28868,-,-,-,-
26202,28868,-,-,-,-
26203,28868,-,-,-,-
26204,28868,-,-,-,-
26205,28868,-,-,-,-
26206,28868,-,-,-,-
26207,28868,-,-,-,-
26208,28868,-,-,-,-
26209,28868,-,-,-,-
26210,28868,-,-,-,-
26211,28868,-,-,-,-
26212,28868,-,-,-,-
26213,28868,-,-,-,-
26214,28868,-,-,-,-
26215,28868,-,-,-,-
26216,28868,-,-,-,-
26217,28868,-,-,-,-
26218,28868,-,-,-,-
26219,28868,-,-,-,-
26220,28868,-,-,-,-
26221,28868,-,-,-,-
26222,28868,-,-,-,-
26223,28868,-,-,-,-
26224,28868,-,-,-,-
26225,28868,-,-,-,-
26226,28868,-,-,-,-
26227,28868,-,-,-,-
26228,28868,-,-,-,-
26229,28868,-,-,-,-
26230,28868,-,-,-,-
26231,28868,-,-,-,-
26232,28868,-,-,-,-
26233,28868,-,-,-,-
26234,28868,-,-,-,-
26235,28868,-,-,-,-
26236,28868,-,-,-,-
26237,28868,-,-,-,-
26238,28868,-,-,-,-
26239,28868,-,-,-,-
26240,28868,-,-,-,-
26241,28868,-,-,-,-
26242,28868,-,-,-,-
26243,28868,-,-,-,-
26244,28868,-,-,-,-
26245,28868,-,-,-,-
26246,28868,-,-,-,-
26247,28868,-,-,-,-
26248,28868,-,-,-,-
26249,28868,-,-,-,-
26250,28868,-,-,-,-
26251,28868,-,-,-,-
26252,28868,-,-,-,-
26253,28868,-,-,-,-
26254,28868,-,-,-,-
26255,28868,-,-,-,-
26256,28868,-,-,-,-
26257,28868,-,-,-,-
26258,28868,-,-,-,-
26259,28868,-,-,-,-
26260,28868,-,-,-,-
26261,28868,-,-,-,-
26262,28868,-,-,-,-
26263,28868,-,-,-,-
26264,28868,-,-,-,-
26265,28868,-,-,-,-
26266,28868,-,-,-,-
26267,28868,-,-,-,-
26268,28868,-,-,-,-
26269,28868,-,-,-,-
26270,28868,-,-,-,-
26271,28868,-,-,-,-
26272,28868,-,-,-,-
26273,28868,-,-,-,-
26274,28868,-,-,-,-
26275,28868,-,-,-,-
26276,28868,-,-,-,-
26277,28868,-,-,-,-
26278,28868,-,-,-,-
26279,28868,-,-,-,-
26280,28868,-,-,-,-
26281,28868,-,-,-,-
26282,28868,-,-,-,-
26283,28868,-,-,-,-
26284,28868,-,-,-,-
26285,28868,-,-,-,-
26286,28868,-,-,-,-
26287,28868,-,-,-,-
26288,28868,-,-,-,-
26289,28868,-,-,-,-
26290,28868,-,-,-,-
26291,28868,-,-,-,-
26292,28868,-,-,-,-
26293,28868,-,-,-,-
26294,28868,-,-,-,-
26295,28868,-,-,-,-
26296,28868,-,-,-,-
26297,28868,-,-,-,-
26298,28868,-,-,-,-
26299,28868,-,-,-,-
26300,28868,-,-,-,-
26301,28868,-,-,-,-
26302,28868,-,-,-,-
26303,28868,-,-,-,-
26304,28868,-,-,-,-
26305,28868,-,-,-,-
26306,28868,-,-,-,-
26307,28868,-,-,-,-
26308,28868,-,-,-,-
26309,28868,-,-,-,-
26310,28868,-,-,-,-
26311,28868,-,-,-,-
26312,28868,-,-,-,-
26313,28868,-,-,-,-
26314,28868,-,-,-,-
26315,28868,-,-,-,-
26316,28868,-,-,-,-
26317,28868,-,-,-,-
26318,28868,-,-,-,-
26319,28868,-,-,-,-
26320,28868,-,-,-,-
26321,28868,-,-,-,-
26322,28868,-,-,-,-
26323,28868,-,-,-,-
26324,28868,-,-,-,-
26325,28868,-,-,-,-
26326,28868,-,-,-,-
26327,28868,-,-,-,-
26328,28868,-,-,-,-
26329,28868,-,-,-,-
26330,28868,-,-,-,-
26331,28868,-,-,-,-
26332,28868,-,-,-,-
26333,28868,-,-,-,-
26334,28868,-,-,-,-
26335,28868,-,-,-,-
26336,28868,-,-,-,-
26337,28868,-,-,-,-
26338,28868,-,-,-,-
26339,28868,-,-,-,-
26340,28868,-,-,-,-
26341,28868,-,-,-,-
26342,28868,-,-,-,-
26343,28868,-,-,-,-
26344,28868,-,-,-,-
26345,28868,-,-,-,-
26346,28868,-,-,-,-
26347,28868,-,-,-,-
26348,28868,-,-,-,-
26349,28868,-,-,-,-
26350,28868,-,-,-,-
26351,28868,-,-,-,-
26352,28868,-,-,-,-
26353,28868,-,-,-,-
26354,28868,-,-,-,-
26355,28868,-,-,-,-
26356,28868,-,-,-,-
26357,28868,-,-,-,-
26358,28868,-,-,-,-
26359,28868,-,-,-,-
26360,28868,-,-,-,-
26361,28868,-,-,-,-
26362,28868,-,-,-,-
26363,28868,-,-,-,-
26364,28868,-,-,-,-
26365,28868,-,-,-,-
26366,28868,-,-,-,-
26367,28868,-,-,-,-
26368,28868,-,-,-,-
26369,28868,-,-,-,-
26370,28868,-,-,-,-
26371,28868,-,-,-,-
26372,28868,-,-,-,-
26373,28868,-,-,-,-
26374,28868,-,-,-,-
26375,28868,-,-,-,-
26376,28868,-,-,-,-
26377,28868,-,-,-,-
26378,28868,-,-,-,-
26379,28868,-,-,-,-
26380,28868,-,-,-,-
26381,28868,-,-,-,-
26382,28868,-,-,-,-
26383,28868,-,-,-,-
26384,28868,-,-,-,-
26385,28868,-,-,-,-
26386,28868,-,-,-,-
26387,28868,-,-,-,-
26388,28868,-,-,-,-
26389,28868,-,-,-,-
26390,28868,-,-,-,-
26391,28868,-,-,-,-
26392,28868,-,-,-,-
26393,28868,-,-,-,-
26394,28868,-,-,-,-
26395,28868,-,-,-,-
26396,28868,-,-,-,-
26397,28868,-,-,-,-
26398,28868,-,-,-,-
26399,28868,-,-,-,-
26400,28868,-,-,-,-
26401,28868,-,-,-,-
26402,28868,-,-,-,-
26403,28868,-,-,-,-
26404,28868,-,-,-,-
26405,28868,-,-,-,-
26406,28868,-,-,-,-
26407,28868,-,-,-,-
26408,28868,-,-,-,-
26409,28868,-,-,-,-
26410,28868,-,-,-,-
26411,28868,-,-,-,-
26412,28868,-,-,-,-
26413,28868,-,-,-,-
26414,28868,-,-,-,-
26415,28868,-,-,-,-
26416,28868,-,-,-,-
26417,28868,-,-,-,-
26418,28868,-,-,-,-
26419,28868,-,-,-,-
26420,28868,-,-,-,-
26421,28868,-,-,-,-
26422,28868,-,-,-,-
26423,28868,-,-,-,-
26424,28868,-,-,-,-
26425,28868,-,-,-,-
26426,28868,-,-,-,-
26427,28868,-,-,-,-
26428,28868,-,-,-,-
26429,28868,-,-,-,-
26430,28868,-,-,-,-
26431,28868,-,-,-,-
26432,28868,-,-,-,-
26433,28868,-,-,-,-
26434,28868,-,-,-,-
26435,28868,-,-,-,-
26436,28868,-,-,-,-
26437,28868,-,-,-,-
26438,28868,-,-,-,-
26439,28868,-,-,-,-
26440,28868,-,-,-,-
26441,28868,-,-,-,-
26442,28868,-,-,-,-
26443,28868,-,-,-,-
26444,28868,-,-,-,-
26445,28868,-,-,-,-
26446,28868,-,-,-,-
26447,28868,-,-,-,-
26448,28868,-,-,-,-
26449,28868,-,-,-,-
26450,28868,-,-,-,-
26451,28868,-,-,-,-
26452,28868,-,-,-,-
26453,28868,-,-,-,-
26454,28868,-,-,-,-
26455,28868,-,-,-,-
26456,28868,-,-,-,-
26457,28868,-,-,-,-
26458,28868,-,-,-,-
26459,28868,-,-,-,-
26460,28868,-,-,-,-
26461,28868,-,-,-,-
26462,28868,-,-,-,-
26463,28868,-,-,-,-
26464,28868,-,-,-,-
26465,28868,-,-,-,-
26466,28868,-,-,-,-
26467,28868,-,-,-,-
26468,28868,-,-,-,-
26469,28868,-,-,-,-
26470,28868,-,-,-,-
26471,28868,-,-,-,-
26472,28868,-,-,-,-
26473,28868,-,-,-,-
26474,28868,-,-,-,-
26475,28868,-,-,-,-
26476,28868,-,-,-,-
26477,28868,-,-,-,-
26478,28868,-,-,-,-
26479,28868,-,-,-,-
26480,28868,-,-,-,-
26481,28868,-,-,-,-
26482,28868,-,-,-,-
26483,28868,-,-,-,-
26484,28868,-,-,-,-
26485,28868,-,-,-,-
26486,28868,-,-,-,-
26487,28868,-,-,-,-
26488,28868,-,-,-,-
26489,28868,-,-,-,-
26490,28868,-,-,-,-
26491,28868,-,-,-,-
26492,28868,-,-,-,-
26493,28868,-,-,-,-
26494,28868,-,-,-,-
26495,28868,-,-,-,-
26496,28868,-,-,-,-
26497,28868,-,-,-,-
26498,28868,-,-,-,-
26499,28868,-,-,-,-
26500,28868,-,-,-,-
26501,28868,-,-,-,-
26502,28868,-,-,-,-
26503,28868,-,-,-,-
26504,28868,-,-,-,-
26505,28868,-,-,-,-
26506,28868,-,-,-,-
26507,28868,-,-,-,-
26508,28868,-,-,-,-
26509,28868,-,-,-,-
26510,28868,-,-,-,-
26511,28868,-,-,-,-
26512,28868,-,-,-,-
26513,28868,-,-,-,-
26514,28868,-,-,-,-
26515,28868,-,-,-,-
26516,28868,-,-,-,-
26517,28868,-,-,-,-
26518,28868,-,-,-,-
26519,28868,-,-,-,-
26520,28868,-,-,-,-
26521,28868,-,-,-,-
26522,28868,-,-,-,-
26523,28868,-,-,-,-
26524,28868,-,-,-,-
26525,28868,-,-,-,-
26526,28868,-,-,-,-
26527,28868,-,-,-,-
26528,28868,-,-,-,-
26529,28868,-,-,-,-
26530,28868,-,-,-,-
26531,28868,-,-,-,-
26532,28868,-,-,-,-
26533,28868,-,-,-,-
26534,28868,-,-,-,-
26535,28868,-,-,-,-
26536,28868,-,-,-,-
26537,28868,-,-,-,-
26538,28868,-,-,-,-
26539,28868,-,-,-,-
26540,28868,-,-,-,-
26541,28868,-,-,-,-
26542,28868,-,-,-,-
26543,28868,-,-,-,-
26544,28868,-,-,-,-
26545,28868,-,-,-,-
26546,28868,-,-,-,-
26547,28868,-,-,-,-
26548,28868,-,-,-,-
26549,28868,-,-,-,-
26550,28868,-,-,-,-
26551,28868,-,-,-,-
26552,28868,-,-,-,-
26553,28868,-,-,-,-
26554,28868,-,-,-,-
26555,28868,-,-,-,-
26556,28868,-,-,-,-
26557,28868,-,-,-,-
26558,28868,-,-,-,-
26559,28868,-,-,-,-
26560,28868,-,-,-,-
26561,28868,-,-,-,-
26562,28868,-,-,-,-
26563,28868,-,-,-,-
26564,28868,-,-,-,-
26565,28868,-,-,-,-
26566,28868,-,-,-,-
26567,28868,-,-,-,-
26568,28868,-,-,-,-
26569,28868,-,-,-,-
26570,28868,-,-,-,-
26571,28868,-,-,-,-
26572,28868,-,-,-,-
26573,28868,-,-,-,-
26574,28868,-,-,-,-
26575,28868,-,-,-,-
26576,28868,-,-,-,-
26577,28868,-,-,-,-
26578,28868,-,-,-,-
26579,28868,-,-,-,-
26580,28868,-,-,-,-
26581,28868,-,-,-,-
26582,28868,-,-,-,-
26583,28868,-,-,-,-
26584,28868,-,-,-,-
26585,28868,-,-,-,-
26586,28868,-,-,-,-
26587,28868,-,-,-,-
26588,28868,-,-,-,-
26589,28868,-,-,-,-
26590,28868,-,-,-,-
26591,28868,-,-,-,-
26592,28868,-,-,-,-
26593,28868,-,-,-,-
26594,28868,-,-,-,-
26595,28868,-,-,-,-
26596,28868,-,-,-,-
26597,28868,-,-,-,-
26598,28868,-,-,-,-
26599,28868,-,-,-,-
26600,28868,-,-,-,-
26601,28868,-,-,-,-
26602,28868,-,-,-,-
26603,28868,-,-,-,-
26604,28868,-,-,-,-
26605,28868,-,-,-,-
26606,28868,-,-,-,-
26607,28868,-,-,-,-
26608,28868,-,-,-,-
26609,28868,-,-,-,-
26610,28868,-,-,-,-
26611,28868,-,-,-,-
26612,28868,-,-,-,-
26613,28868,-,-,-,-
26614,28868,-,-,-,-
26615,28868,-,-,-,-
26616,28868,-,-,-,-
26617,28868,-,-,-,-
26618,28868,-,-,-,-
26619,28868,-,-,-,-
26620,28868,-,-,-,-
26621,28868,-,-,-,-
26622,28868,-,-,-,-
26623,28868,-,-,-,-
26624,28868,-,-,-,-
26625,28868,-,-,-,-
26626,28868,-,-,-,-
26627,28868,-,-,-,-
26628,28868,-,-,-,-
26629,28868,-,-,-,-
26630,28868,-,-,-,-
26631,28868,-,-,-,-
26632,28868,-,-,-,-
26633,28868,-,-,-,-
26634,28868,-,-,-,-
26635,28868,-,-,-,-
26636,28868,-,-,-,-
26637,28868,-,-,-,-
26638,28868,-,-,-,-
26639,28868,-,-,-,-
26640,28868,-,-,-,-
26641,28868,-,-,-,-
26642,28868,-,-,-,-
26643,28868,-,-,-,-
26644,28868,-,-,-,-
26645,28868,-,-,-,-
26646,28868,-,-,-,-
26647,28868,-,-,-,-
26648,28868,-,-,-,-
26649,28868,-,-,-,-
26650,28868,-,-,-,-
26651,28868,-,-,-,-
26652,28868,-,-,-,-
26653,28868,-,-,-,-
26654,28868,-,-,-,-
26655,28868,-,-,-,-
26656,28868,-,-,-,-
26657,28868,-,-,-,-
26658,28868,-,-,-,-
26659,28868,-,-,-,-
26660,28868,-,-,-,-
26661,28868,-,-,-,-
26662,28868,-,-,-,-
26663,28868,-,-,-,-
26664,28868,-,-,-,-
26665,28868,-,-,-,-
26666,28868,-,-,-,-
26667,28868,-,-,-,-
26668,28868,-,-,-,-
26669,28868,-,-,-,-
26670,28868,-,-,-,-
26671,28868,-,-,-,-
26672,28868,-,-,-,-
26673,28868,-,-,-,-
26674,28868,-,-,-,-
26675,28868,-,-,-,-
26676,28868,-,-,-,-
26677,28868,-,-,-,-
26678,28868,-,-,-,-
26679,28868,-,-,-,-
26680,28868,-,-,-,-
26681,28868,-,-,-,-
26682,28868,-,-,-,-
26683,28868,-,-,-,-
26684,28868,-,-,-,-
26685,28868,-,-,-,-
26686,28868,-,-,-,-
26687,28868,-,-,-,-
26688,28868,-,-,-,-
26689,28868,-,-,-,-
26690,28868,-,-,-,-
26691,28868,-,-,-,-
26692,28868,-,-,-,-
26693,28868,-,-,-,-
26694,28868,-,-,-,-
26695,28868,-,-,-,-
26696,28868,-,-,-,-
26697,28868,-,-,-,-
26698,28868,-,-,-,-
26699,28868,-,-,-,-
26700,28868,-,-,-,-
26701,28868,-,-,-,-
26702,28868,-,-,-,-
26703,28868,-,-,-,-
26704,28868,-,-,-,-
26705,28868,-,-,-,-
26706,28868,-,-,-,-
26707,28868,-,-,-,-
26708,28868,-,-,-,-
26709,28868,-,-,-,-
26710,28868,-,-,-,-
26711,28868,-,-,-,-
26712,28868,-,-,-,-
26713,28868,-,-,-,-
26714,28868,-,-,-,-
26715,28868,-,-,-,-
26716,28868,-,-,-,-
26717,28868,-,-,-,-
26718,28868,-,-,-,-
26719,28868,-,-,-,-
26720,28868,-,-,-,-
26721,28868,-,-,-,-
26722,28868,-,-,-,-
26723,28868,-,-,-,-
26724,28868,-,-,-,-
26725,28868,-,-,-,-
26726,28868,-,-,-,-
26727,28868,-,-,-,-
26728,28868,-,-,-,-
26729,28868,-,-,-,-
26730,28868,-,-,-,-
26731,28868,-,-,-,-
26732,28868,-,-,-,-
26733,28868,-,-,-,-
26734,28868,-,-,-,-
26735,28868,-,-,-,-
26736,28868,-,-,-,-
26737,28868,-,-,-,-
26738,28868,-,-,-,-
26739,28868,-,-,-,-
26740,28868,-,-,-,-
26741,28868,-,-,-,-
26742,28868,-,-,-,-
26743,28868,-,-,-,-
26744,28868,-,-,-,-
26745,28868,-,-,-,-
26746,28868,-,-,-,-
26747,28868,-,-,-,-
26748,28868,-,-,-,-
26749,28868,-,-,-,-
26750,28868,-,-,-,-
26751,28868,-,-,-,-
26752,28868,-,-,-,-
26753,28868,-,-,-,-
26754,28868,-,-,-,-
26755,28868,-,-,-,-
26756,28868,-,-,-,-
26757,28868,-,-,-,-
26758,28868,-,-,-,-
26759,28868,-,-,-,-
26760,28868,-,-,-,-
26761,28868,-,-,-,-
26762,28868,-,-,-,-
26763,28868,-,-,-,-
26764,28868,-,-,-,-
26765,28868,-,-,-,-
26766,28868,-,-,-,-
26767,28868,-,-,-,-
26768,28868,-,-,-,-
26769,28868,-,-,-,-
26770,28868,-,-,-,-
26771,28868,-,-,-,-
26772,28868,-,-,-,-
26773,28868,-,-,-,-
26774,28868,-,-,-,-
26775,28868,-,-,-,-
26776,28868,-,-,-,-
26777,28868,-,-,-,-
26778,28868,-,-,-,-
26779,28868,-,-,-,-
26780,28868,-,-,-,-
26781,28868,-,-,-,-
26782,28868,-,-,-,-
26783,28868,-,-,-,-
26784,28868,-,-,-,-
26785,28868,-,-,-,-
26786,28868,-,-,-,-
26787,28868,-,-,-,-
26788,28868,-,-,-,-
26789,28868,-,-,-,-
26790,28868,-,-,-,-
26791,28868,-,-,-,-
26792,28868,-,-,-,-
26793,28868,-,-,-,-
26794,28868,-,-,-,-
26795,28868,-,-,-,-
26796,28868,-,-,-,-
26797,28868,-,-,-,-
26798,28868,-,-,-,-
26799,28868,-,-,-,-
26800,28868,-,-,-,-
26801,28868,-,-,-,-
26802,28868,-,-,-,-
26803,28868,-,-,-,-
26804,28868,-,-,-,-
26805,28868,-,-,-,-
26806,28868,-,-,-,-
26807,28868,-,-,-,-
26808,28868,-,-,-,-
26809,28868,-,-,-,-
26810,28868,-,-,-,-
26811,28868,-,-,-,-
26812,28868,-,-,-,-
26813,28868,-,-,-,-
26814,28868,-,-,-,-
26815,28868,-,-,-,-
26816,28868,-,-,-,-
26817,28868,-,-,-,-
26818,28868,-,-,-,-
26819,28868,-,-,-,-
26820,28868,-,-,-,-
26821,28868,-,-,-,-
26822,28868,-,-,-,-
26823,28868,-,-,-,-
26824,28868,-,-,-,-
26825,28868,-,-,-,-
26826,28868,-,-,-,-
26827,28868,-,-,-,-
26828,28868,-,-,-,-
26829,28868,-,-,-,-
26830,28868,-,-,-,-
26831,28868,-,-,-,-
26832,28868,-,-,-,-
26833,28868,-,-,-,-
26834,28868,-,-,-,-
26835,28868,-,-,-,-
26836,28868,-,-,-,-
26837,28868,-,-,-,-
26838,28868,-,-,-,-
26839,28868,-,-,-,-
26840,28868,-,-,-,-
26841,28868,-,-,-,-
26842,28868,-,-,-,-
26843,28868,-,-,-,-
26844,28868,-,-,-,-
26845,28868,-,-,-,-
26846,28868,-,-,-,-
26847,28868,-,-,-,-
26848,28868,-,-,-,-
26849,28868,-,-,-,-
26850,28868,-,-,-,-
26851,28868,-,-,-,-
26852,28868,-,-,-,-
26853,28868,-,-,-,-
26854,28868,-,-,-,-
26855,28868,-,-,-,-
26856,28868,-,-,-,-
26857,28868,-,-,-,-
26858,28868,-,-,-,-
26859,28868,-,-,-,-
26860,28868,-,-,-,-
26861,28868,-,-,-,-
26862,28868,-,-,-,-
26863,28868,-,-,-,-
26864,28868,-,-,-,-
26865,28868,-,-,-,-
26866,28868,-,-,-,-
26867,28868,-,-,-,-
26868,28868,-,-,-,-
26869,28868,-,-,-,-
26870,28868,-,-,-,-
26871,28868,-,-,-,-
26872,28868,-,-,-,-
26873,28868,-,-,-,-
26874,28868,-,-,-,-
26875,28868,-,-,-,-
26876,28868,-,-,-,-
26877,28868,-,-,-,-
26878,28868,-,-,-,-
26879,28868,-,-,-,-
26880,28868,-,-,-,-
26881,28868,-,-,-,-
26882,28868,-,-,-,-
26883,28868,-,-,-,-
26884,28868,-,-,-,-
26885,28868,-,-,-,-
26886,28868,-,-,-,-
26887,28868,-,-,-,-
26888,28868,-,-,-,-
26889,28868,-,-,-,-
26890,28868,-,-,-,-
26891,28868,-,-,-,-
26892,28868,-,-,-,-
26893,28868,-,-,-,-
26894,28868,-,-,-,-
26895,28868,-,-,-,-
26896,28868,-,-,-,-
26897,28868,-,-,-,-
26898,28868,-,-,-,-
26899,28868,-,-,-,-
26900,28868,-,-,-,-
26901,28868,-,-,-,-
26902,28868,-,-,-,-
26903,28868,-,-,-,-
26904,28868,-,-,-,-
26905,28868,-,-,-,-
26906,28868,-,-,-,-
26907,28868,-,-,-,-
26908,28868,-,-,-,-
26909,28868,-,-,-,-
26910,28868,-,-,-,-
26911,28868,-,-,-,-
26912,28868,-,-,-,-
26913,28868,-,-,-,-
26914,28868,-,-,-,-
26915,28868,-,-,-,-
26916,28868,-,-,-,-
26917,28868,-,-,-,-
26918,28868,-,-,-,-
26919,28868,-,-,-,-
26920,28868,-,-,-,-
26921,28868,-,-,-,-
26922,28868,-,-,-,-
26923,28868,-,-,-,-
26924,28868,-,-,-,-
26925,28868,-,-,-,-
26926,28868,-,-,-,-
26927,28868,-,-,-,-
26928,28868,-,-,-,-
26929,28868,-,-,-,-
26930,28868,-,-,-,-
26931,28868,-,-,-,-
26932,28868,-,-,-,-
26933,28868,-,-,-,-
26934,28868,-,-,-,-
26935,28868,-,-,-,-
26936,28868,-,-,-,-
26937,28868,-,-,-,-
26938,28868,-,-,-,-
26939,28868,-,-,-,-
26940,28868,-,-,-,-
26941,28868,-,-,-,-
26942,28868,-,-,-,-
26943,28868,-,-,-,-
26944,28868,-,-,-,-
26945,28868,-,-,-,-
26946,28868,-,-,-,-
26947,28868,-,-,-,-
26948,28868,-,-,-,-
26949,28868,-,-,-,-
26950,28868,-,-,-,-
26951,28868,-,-,-,-
26952,28868,-,-,-,-
26953,28868,-,-,-,-
26954,28868,-,-,-,-
26955,28868,-,-,-,-
26956,28868,-,-,-,-
26957,28868,-,-,-,-
26958,28868,-,-,-,-
26959,28868,-,-,-,-
26960,28868,-,-,-,-
26961,28868,-,-,-,-
26962,28868,-,-,-,-
26963,28868,-,-,-,-
26964,28868,-,-,-,-
26965,28868,-,-,-,-
26966,28868,-,-,-,-
26967,28868,-,-,-,-
26968,28868,-,-,-,-
26969,28868,-,-,-,-
26970,28868,-,-,-,-
26971,28868,-,-,-,-
26972,28868,-,-,-,-
26973,28868,-,-,-,-
26974,28868,-,-,-,-
26975,28868,-,-,-,-
26976,28868,-,-,-,-
26977,28868,-,-,-,-
26978,28868,-,-,-,-
26979,28868,-,-,-,-
26980,28868,-,-,-,-
26981,28868,-,-,-,-
26982,28868,-,-,-,-
26983,28868,-,-,-,-
26984,28868,-,-,-,-
26985,28868,-,-,-,-
26986,28868,-,-,-,-
26987,28868,-,-,-,-
26988,28868,-,-,-,-
26989,28868,-,-,-,-
26990,28868,-,-,-,-
26991,28868,-,-,-,-
26992,28868,-,-,-,-
26993,28868,-,-,-,-
26994,28868,-,-,-,-
26995,28868,-,-,-,-
26996,28868,-,-,-,-
26997,28868,-,-,-,-
26998,28868,-,-,-,-
26999,28868,-,-,-,-
27000,28868,-,-,-,-
27001,28868,-,-,-,-
27002,28868,-,-,-,-
27003,28868,-,-,-,-
27004,28868,-,-,-,-
27005,28868,-,-,-,-
27006,28868,-,-,-,-
27007,28868,-,-,-,-
27008,28868,-,-,-,-
27009,28868,-,-,-,-
27010,28868,-,-,-,-
27011,28868,-,-,-,-
27012,28868,-,-,-,-
27013,28868,-,-,-,-
27014,28868,-,-,-,-
27015,28868,-,-,-,-
27016,28868,-,-,-,-
27017,28868,-,-,-,-
27018,28868,-,-,-,-
27019,28868,-,-,-,-
27020,28868,-,-,-,-
27021,28868,-,-,-,-
27022,28868,-,-,-,-
27023,28868,-,-,-,-
27024,28868,-,-,-,-
27025,28868,-,-,-,-
27026,28868,-,-,-,-
27027,28868,-,-,-,-
27028,28868,-,-,-,-
27029,28868,-,-,-,-
27030,28868,-,-,-,-
27031,28868,-,-,-,-
27032,28868,-,-,-,-
27033,28868,-,-,-,-
27034,28868,-,-,-,-
27035,28868,-,-,-,-
27036,28868,-,-,-,-
27037,28868,-,-,-,-
27038,28868,-,-,-,-
27039,28868,-,-,-,-
27040,28868,-,-,-,-
27041,28868,-,-,-,-
27042,28868,-,-,-,-
27043,28868,-,-,-,-
27044,28868,-,-,-,-
27045,28868,-,-,-,-
27046,28868,-,-,-,-
27047,28868,-,-,-,-
27048,28868,-,-,-,-
27049,28868,-,-,-,-
27050,28868,-,-,-,-
27051,28868,-,-,-,-
27052,28868,-,-,-,-
27053,28868,-,-,-,-
27054,28868,-,-,-,-
27055,28868,-,-,-,-
27056,28868,-,-,-,-
27057,28868,-,-,-,-
27058,28868,-,-,-,-
27059,28868,-,-,-,-
27060,28868,-,-,-,-
27061,28868,-,-,-,-
27062,28868,-,-,-,-
27063,28868,-,-,-,-
27064,28868,-,-,-,-
27065,28868,-,-,-,-
27066,28868,-,-,-,-
27067,28868,-,-,-,-
27068,28868,-,-,-,-
27069,28868,-,-,-,-
27070,28868,-,-,-,-
27071,28868,-,-,-,-
27072,28868,-,-,-,-
27073,28868,-,-,-,-
27074,28868,-,-,-,-
27075,28868,-,-,-,-
27076,28868,-,-,-,-
27077,28868,-,-,-,-
27078,28868,-,-,-,-
27079,28868,-,-,-,-
27080,28868,-,-,-,-
27081,28868,-,-,-,-
27082,28868,-,-,-,-
27083,28868,-,-,-,-
27084,28868,-,-,-,-
27085,28868,-,-,-,-
27086,28868,-,-,-,-
27087,28868,-,-,-,-
27088,28868,-,-,-,-
27089,28868,-,-,-,-
27090,28868,-,-,-,-
27091,28868,-,-,-,-
27092,28868,-,-,-,-
27093,28868,-,-,-,-
27094,28868,-,-,-,-
27095,28868,-,-,-,-
27096,28868,-,-,-,-
27097,28868,-,-,-,-
27098,28868,-,-,-,-
27099,28868,-,-,-,-
27100,28868,-,-,-,-
27101,28868,-,-,-,-
27102,28868,-,-,-,-
27103,28868,-,-,-,-
27104,28868,-,-,-,-
27105,28868,-,-,-,-
27106,28868,-,-,-,-
27107,28868,-,-,-,-
27108,28868,-,-,-,-
27109,28868,-,-,-,-
27110,28868,-,-,-,-
27111,28868,-,-,-,-
27112,28868,-,-,-,-
27113,28868,-,-,-,-
27114,28868,-,-,-,-
27115,28868,-,-,-,-
27116,28868,-,-,-,-
27117,28868,-,-,-,-
27118,28868,-,-,-,-
27119,28868,-,-,-,-
27120,28868,-,-,-,-
27121,28868,-,-,-,-
27122,28868,-,-,-,-
27123,28868,-,-,-,-
27124,28868,-,-,-,-
27125,28868,-,-,-,-
27126,28868,-,-,-,-
27127,28868,-,-,-,-
27128,28868,-,-,-,-
27129,28868,-,-,-,-
27130,28868,-,-,-,-
27131,28868,-,-,-,-
27132,28868,-,-,-,-
27133,28868,-,-,-,-
27134,28868,-,-,-,-
27135,28868,-,-,-,-
27136,28868,-,-,-,-
27137,28868,-,-,-,-
27138,28868,-,-,-,-
27139,28868,-,-,-,-
27140,28868,-,-,-,-
27141,28868,-,-,-,-
27142,28868,-,-,-,-
27143,28868,-,-,-,-
27144,28868,-,-,-,-
27145,28868,-,-,-,-
27146,28868,-,-,-,-
27147,28868,-,-,-,-
27148,28868,-,-,-,-
27149,28868,-,-,-,-
27150,28868,-,-,-,-
27151,28868,-,-,-,-
27152,28868,-,-,-,-
27153,28868,-,-,-,-
27154,28868,-,-,-,-
27155,28868,-,-,-,-
27156,28868,-,-,-,-
27157,28868,-,-,-,-
27158,28868,-,-,-,-
27159,28868,-,-,-,-
27160,28868,-,-,-,-
27161,28868,-,-,-,-
27162,28868,-,-,-,-
27163,28868,-,-,-,-
27164,28868,-,-,-,-
27165,28868,-,-,-,-
27166,28868,-,-,-,-
27167,28868,-,-,-,-
27168,28868,-,-,-,-
27169,28868,-,-,-,-
27170,28868,-,-,-,-
27171,28868,-,-,-,-
27172,28868,-,-,-,-
27173,28868,-,-,-,-
27174,28868,-,-,-,-
27175,28868,-,-,-,-
27176,28868,-,-,-,-
27177,28868,-,-,-,-
27178,28868,-,-,-,-
27179,28868,-,-,-,-
27180,28868,-,-,-,-
27181,28868,-,-,-,-
27182,28868,-,-,-,-
27183,28868,-,-,-,-
27184,28868,-,-,-,-
27185,28868,-,-,-,-
27186,28868,-,-,-,-
27187,28868,-,-,-,-
27188,28868,-,-,-,-
27189,28868,-,-,-,-
27190,28868,-,-,-,-
27191,28868,-,-,-,-
27192,28868,-,-,-,-
27193,28868,-,-,-,-
27194,28868,-,-,-,-
27195,28868,-,-,-,-
27196,28868,-,-,-,-
27197,28868,-,-,-,-
27198,28868,-,-,-,-
27199,28868,-,-,-,-
27200,28868,-,-,-,-
27201,28868,-,-,-,-
27202,28868,-,-,-,-
27203,28868,-,-,-,-
27204,28868,-,-,-,-
27205,28868,-,-,-,-
27206,28868,-,-,-,-
27207,28868,-,-,-,-
27208,28868,-,-,-,-
27209,28868,-,-,-,-
27210,28868,-,-,-,-
27211,28868,-,-,-,-
27212,28868,-,-,-,-
27213,28868,-,-,-,-
27214,28868,-,-,-,-
27215,28868,-,-,-,-
27216,28868,-,-,-,-
27217,28868,-,-,-,-
27218,28868,-,-,-,-
27219,28868,-,-,-,-
27220,28868,-,-,-,-
27221,28868,-,-,-,-
27222,28868,-,-,-,-
27223,28868,-,-,-,-
27224,28868,-,-,-,-
27225,28868,-,-,-,-
27226,28868,-,-,-,-
27227,28868,-,-,-,-
27228,28868,-,-,-,-
27229,28868,-,-,-,-
27230,28868,-,-,-,-
27231,28868,-,-,-,-
27232,28868,-,-,-,-
27233,28868,-,-,-,-
27234,28868,-,-,-,-
27235,28868,-,-,-,-
27236,28868,-,-,-,-
27237,28868,-,-,-,-
27238,28868,-,-,-,-
27239,28868,-,-,-,-
27240,28868,-,-,-,-
27241,28868,-,-,-,-
27242,28868,-,-,-,-
27243,28868,-,-,-,-
27244,28868,-,-,-,-
27245,28868,-,-,-,-
27246,28868,-,-,-,-
27247,28868,-,-,-,-
27248,28868,-,-,-,-
27249,28868,-,-,-,-
27250,28868,-,-,-,-
27251,28868,-,-,-,-
27252,28868,-,-,-,-
27253,28868,-,-,-,-
27254,28868,-,-,-,-
27255,28868,-,-,-,-
27256,28868,-,-,-,-
27257,28868,-,-,-,-
27258,28868,-,-,-,-
27259,28868,-,-,-,-
27260,28868,-,-,-,-
27261,28868,-,-,-,-
27262,28868,-,-,-,-
27263,28868,-,-,-,-
27264,28868,-,-,-,-
27265,28868,-,-,-,-
27266,28868,-,-,-,-
27267,28868,-,-,-,-
27268,28868,-,-,-,-
27269,28868,-,-,-,-
27270,28868,-,-,-,-
27271,28868,-,-,-,-
27272,28868,-,-,-,-
27273,28868,-,-,-,-
27274,28868,-,-,-,-
27275,28868,-,-,-,-
27276,28868,-,-,-,-
27277,28868,-,-,-,-
27278,28868,-,-,-,-
27279,28868,-,-,-,-
27280,28868,-,-,-,-
27281,28868,-,-,-,-
27282,28868,-,-,-,-
27283,28868,-,-,-,-
27284,28868,-,-,-,-
27285,28868,-,-,-,-
27286,28868,-,-,-,-
27287,28868,-,-,-,-
27288,28868,-,-,-,-
27289,28868,-,-,-,-
27290,28868,-,-,-,-
27291,28868,-,-,-,-
27292,28868,-,-,-,-
27293,28868,-,-,-,-
27294,28868,-,-,-,-
27295,28868,-,-,-,-
27296,28868,-,-,-,-
27297,28868,-,-,-,-
27298,28868,-,-,-,-
27299,28868,-,-,-,-
27300,28868,-,-,-,-
27301,28868,-,-,-,-
27302,28868,-,-,-,-
27303,28868,-,-,-,-
27304,28868,-,-,-,-
27305,28868,-,-,-,-
27306,28868,-,-,-,-
27307,28868,-,-,-,-
27308,28868,-,-,-,-
27309,28868,-,-,-,-
27310,28868,-,-,-,-
27311,28868,-,-,-,-
27312,28868,-,-,-,-
27313,28868,-,-,-,-
27314,28868,-,-,-,-
27315,28868,-,-,-,-
27316,28868,-,-,-,-
27317,28868,-,-,-,-
27318,28868,-,-,-,-
27319,28868,-,-,-,-
27320,28868,-,-,-,-
27321,28868,-,-,-,-
27322,28868,-,-,-,-
27323,28868,-,-,-,-
27324,28868,-,-,-,-
27325,28868,-,-,-,-
27326,28868,-,-,-,-
27327,28868,-,-,-,-
27328,28868,-,-,-,-
27329,28868,-,-,-,-
27330,28868,-,-,-,-
27331,28868,-,-,-,-
27332,28868,-,-,-,-
27333,28868,-,-,-,-
27334,28868,-,-,-,-
27335,28868,-,-,-,-
27336,28868,-,-,-,-
27337,28868,-,-,-,-
27338,28868,-,-,-,-
27339,28868,-,-,-,-
27340,28868,-,-,-,-
27341,28868,-,-,-,-
27342,28868,-,-,-,-
27343,28868,-,-,-,-
27344,28868,-,-,-,-
27345,28868,-,-,-,-
27346,28868,-,-,-,-
27347,28868,-,-,-,-
27348,28868,-,-,-,-
27349,28868,-,-,-,-
27350,28868,-,-,-,-
27351,28868,-,-,-,-
27352,28868,-,-,-,-
27353,28868,-,-,-,-
27354,28868,-,-,-,-
27355,28868,-,-,-,-
27356,28868,-,-,-,-
27357,28868,-,-,-,-
27358,28868,-,-,-,-
27359,28868,-,-,-,-
27360,28868,-,-,-,-
27361,28868,-,-,-,-
27362,28868,-,-,-,-
27363,28868,-,-,-,-
27364,28868,-,-,-,-
27365,28868,-,-,-,-
27366,28868,-,-,-,-
27367,28868,-,-,-,-
27368,28868,-,-,-,-
27369,28868,-,-,-,-
27370,28868,-,-,-,-
27371,28868,-,-,-,-
27372,28868,-,-,-,-
27373,28868,-,-,-,-
27374,28868,-,-,-,-
27375,28868,-,-,-,-
27376,28868,-,-,-,-
27377,28868,-,-,-,-
27378,28868,-,-,-,-
27379,28868,-,-,-,-
27380,28868,-,-,-,-
27381,28868,-,-,-,-
27382,28868,-,-,-,-
27383,28868,-,-,-,-
27384,28868,-,-,-,-
27385,28868,-,-,-,-
27386,28868,-,-,-,-
27387,28868,-,-,-,-
27388,28868,-,-,-,-
27389,28868,-,-,-,-
27390,28868,-,-,-,-
27391,28868,-,-,-,-
27392,28868,-,-,-,-
27393,28868,-,-,-,-
27394,28868,-,-,-,-
27395,28868,-,-,-,-
27396,28868,-,-,-,-
27397,28868,-,-,-,-
27398,28868,-,-,-,-
27399,28868,-,-,-,-
27400,28868,-,-,-,-
27401,28868,-,-,-,-
27402,28868,-,-,-,-
27403,28868,-,-,-,-
27404,28868,-,-,-,-
27405,28868,-,-,-,-
27406,28868,-,-,-,-
27407,28868,-,-,-,-
27408,28868,-,-,-,-
27409,28868,-,-,-,-
27410,28868,-,-,-,-
27411,28868,-,-,-,-
27412,28868,-,-,-,-
27413,28868,-,-,-,-
27414,28868,-,-,-,-
27415,28868,-,-,-,-
27416,28868,-,-,-,-
27417,28868,-,-,-,-
27418,28868,-,-,-,-
27419,28868,-,-,-,-
27420,28868,-,-,-,-
27421,28868,-,-,-,-
27422,28868,-,-,-,-
27423,28868,-,-,-,-
27424,28868,-,-,-,-
27425,28868,-,-,-,-
27426,28868,-,-,-,-
27427,28868,-,-,-,-
27428,28868,-,-,-,-
27429,28868,-,-,-,-
27430,28868,-,-,-,-
27431,28868,-,-,-,-
27432,28868,-,-,-,-
27433,28868,-,-,-,-
27434,28868,-,-,-,-
27435,28868,-,-,-,-
27436,28868,-,-,-,-
27437,28868,-,-,-,-
27438,28868,-,-,-,-
27439,28868,-,-,-,-
27440,28868,-,-,-,-
27441,28868,-,-,-,-
27442,28868,-,-,-,-
27443,28868,-,-,-,-
27444,28868,-,-,-,-
27445,28868,-,-,-,-
27446,28868,-,-,-,-
27447,28868,-,-,-,-
27448,28868,-,-,-,-
27449,28868,-,-,-,-
27450,28868,-,-,-,-
27451,28868,-,-,-,-
27452,28868,-,-,-,-
27453,28868,-,-,-,-
27454,28868,-,-,-,-
27455,28868,-,-,-,-
27456,28868,-,-,-,-
27457,28868,-,-,-,-
27458,28868,-,-,-,-
27459,28868,-,-,-,-
27460,28868,-,-,-,-
27461,28868,-,-,-,-
27462,28868,-,-,-,-
27463,28868,-,-,-,-
27464,28868,-,-,-,-
27465,28868,-,-,-,-
27466,28868,-,-,-,-
27467,28868,-,-,-,-
27468,28868,-,-,-,-
27469,28868,-,-,-,-
27470,28868,-,-,-,-
27471,28868,-,-,-,-
27472,28868,-,-,-,-
27473,28868,-,-,-,-
27474,28868,-,-,-,-
27475,28868,-,-,-,-
27476,28868,-,-,-,-
27477,28868,-,-,-,-
27478,28868,-,-,-,-
27479,28868,-,-,-,-
27480,28868,-,-,-,-
27481,28868,-,-,-,-
27482,28868,-,-,-,-
27483,28868,-,-,-,-
27484,28868,-,-,-,-
27485,28868,-,-,-,-
27486,28868,-,-,-,-
27487,28868,-,-,-,-
27488,28868,-,-,-,-
27489,28868,-,-,-,-
27490,28868,-,-,-,-
27491,28868,-,-,-,-
27492,28868,-,-,-,-
27493,28868,-,-,-,-
27494,28868,-,-,-,-
27495,28868,-,-,-,-
27496,28868,-,-,-,-
27497,28868,-,-,-,-
27498,28868,-,-,-,-
27499,28868,-,-,-,-
27500,28868,-,-,-,-
27501,28868,-,-,-,-
27502,28868,-,-,-,-
27503,28868,-,-,-,-
27504,28868,-,-,-,-
27505,28868,-,-,-,-
27506,28868,-,-,-,-
27507,28868,-,-,-,-
27508,28868,-,-,-,-
27509,28868,-,-,-,-
27510,28868,-,-,-,-
27511,28868,-,-,-,-
27512,28868,-,-,-,-
27513,28868,-,-,-,-
27514,28868,-,-,-,-
27515,28868,-,-,-,-
27516,28868,-,-,-,-
27517,28868,-,-,-,-
27518,28868,-,-,-,-
27519,28868,-,-,-,-
27520,28868,-,-,-,-
27521,28868,-,-,-,-
27522,28868,-,-,-,-
27523,28868,-,-,-,-
27524,28868,-,-,-,-
27525,28868,-,-,-,-
27526,28868,-,-,-,-
27527,28868,-,-,-,-
27528,28868,-,-,-,-
27529,28868,-,-,-,-
27530,28868,-,-,-,-
27531,28868,-,-,-,-
27532,28868,-,-,-,-
27533,28868,-,-,-,-
27534,28868,-,-,-,-
27535,28868,-,-,-,-
27536,28868,-,-,-,-
27537,28868,-,-,-,-
27538,28868,-,-,-,-
27539,28868,-,-,-,-
27540,28868,-,-,-,-
27541,28868,-,-,-,-
27542,28868,-,-,-,-
27543,28868,-,-,-,-
27544,28868,-,-,-,-
27545,28868,-,-,-,-
27546,28868,-,-,-,-
27547,28868,-,-,-,-
27548,28868,-,-,-,-
27549,28868,-,-,-,-
27550,28868,-,-,-,-
27551,28868,-,-,-,-
27552,28868,-,-,-,-
27553,28868,-,-,-,-
27554,28868,-,-,-,-
27555,28868,-,-,-,-
27556,28868,-,-,-,-
27557,28868,-,-,-,-
27558,28868,-,-,-,-
27559,28868,-,-,-,-
27560,28868,-,-,-,-
27561,28868,-,-,-,-
27562,28868,-,-,-,-
27563,28868,-,-,-,-
27564,28868,-,-,-,-
27565,28868,-,-,-,-
27566,28868,-,-,-,-
27567,28868,-,-,-,-
27568,28868,-,-,-,-
27569,28868,-,-,-,-
27570,28868,-,-,-,-
27571,28868,-,-,-,-
27572,28868,-,-,-,-
27573,28868,-,-,-,-
27574,28868,-,-,-,-
27575,28868,-,-,-,-
27576,28868,-,-,-,-
27577,28868,-,-,-,-
27578,28868,-,-,-,-
27579,28868,-,-,-,-
27580,28868,-,-,-,-
27581,28868,-,-,-,-
27582,28868,-,-,-,-
27583,28868,-,-,-,-
27584,28868,-,-,-,-
27585,28868,-,-,-,-
27586,28868,-,-,-,-
27587,28868,-,-,-,-
27588,28868,-,-,-,-
27589,28868,-,-,-,-
27590,28868,-,-,-,-
27591,28868,-,-,-,-
27592,28868,-,-,-,-
27593,28868,-,-,-,-
27594,28868,-,-,-,-
27595,28868,-,-,-,-
27596,28868,-,-,-,-
27597,28868,-,-,-,-
27598,28868,-,-,-,-
27599,28868,-,-,-,-
27600,28868,-,-,-,-
27601,28868,-,-,-,-
27602,28868,-,-,-,-
27603,28868,-,-,-,-
27604,28868,-,-,-,-
27605,28868,-,-,-,-
27606,28868,-,-,-,-
27607,28868,-,-,-,-
27608,28868,-,-,-,-
27609,28868,-,-,-,-
27610,28868,-,-,-,-
27611,28868,-,-,-,-
27612,28868,-,-,-,-
27613,28868,-,-,-,-
27614,28868,-,-,-,-
27615,28868,-,-,-,-
27616,28868,-,-,-,-
27617,28868,-,-,-,-
27618,28868,-,-,-,-
27619,28868,-,-,-,-
27620,28868,-,-,-,-
27621,28868,-,-,-,-
27622,28868,-,-,-,-
27623,28868,-,-,-,-
27624,28868,-,-,-,-
27625,28868,-,-,-,-
27626,28868,-,-,-,-
27627,28868,-,-,-,-
27628,28868,-,-,-,-
27629,28868,-,-,-,-
27630,28868,-,-,-,-
27631,28868,-,-,-,-
27632,28868,-,-,-,-
27633,28868,-,-,-,-
27634,28868,-,-,-,-
27635,28868,-,-,-,-
27636,28868,-,-,-,-
27637,28868,-,-,-,-
27638,28868,-,-,-,-
27639,28868,-,-,-,-
27640,28868,-,-,-,-
27641,28868,-,-,-,-
27642,28868,-,-,-,-
27643,28868,-,-,-,-
27644,28868,-,-,-,-
27645,28868,-,-,-,-
27646,28868,-,-,-,-
27647,28868,-,-,-,-
27648,28868,-,-,-,-
27649,28868,-,-,-,-
27650,28868,-,-,-,-
27651,28868,-,-,-,-
27652,28868,-,-,-,-
27653,28868,-,-,-,-
27654,28868,-,-,-,-
27655,28868,-,-,-,-
27656,28868,-,-,-,-
27657,28868,-,-,-,-
27658,28868,-,-,-,-
27659,28868,-,-,-,-
27660,28868,-,-,-,-
27661,28868,-,-,-,-
27662,28868,-,-,-,-
27663,28868,-,-,-,-
27664,28868,-,-,-,-
27665,28868,-,-,-,-
27666,28868,-,-,-,-
27667,28868,-,-,-,-
27668,28868,-,-,-,-
27669,28868,-,-,-,-
27670,28868,-,-,-,-
27671,28868,-,-,-,-
27672,28868,-,-,-,-
27673,28868,-,-,-,-
27674,28868,-,-,-,-
27675,28868,-,-,-,-
27676,28868,-,-,-,-
27677,28868,-,-,-,-
27678,28868,-,-,-,-
27679,28868,-,-,-,-
27680,28868,-,-,-,-
27681,28868,-,-,-,-
27682,28868,-,-,-,-
27683,28868,-,-,-,-
27684,28868,-,-,-,-
27685,28868,-,-,-,-
27686,28868,-,-,-,-
27687,28868,-,-,-,-
27688,28868,-,-,-,-
27689,28868,-,-,-,-
27690,28868,-,-,-,-
27691,28868,-,-,-,-
27692,28868,-,-,-,-
27693,28868,-,-,-,-
27694,28868,-,-,-,-
27695,28868,-,-,-,-
27696,28868,-,-,-,-
27697,28868,-,-,-,-
27698,28868,-,-,-,-
27699,28868,-,-,-,-
27700,28868,-,-,-,-
27701,28868,-,-,-,-
27702,28868,-,-,-,-
27703,28868,-,-,-,-
27704,28868,-,-,-,-
27705,28868,-,-,-,-
27706,28868,-,-,-,-
27707,28868,-,-,-,-
27708,28868,-,-,-,-
27709,28868,-,-,-,-
27710,28868,-,-,-,-
27711,28868,-,-,-,-
27712,28868,-,-,-,-
27713,28868,-,-,-,-
27714,28868,-,-,-,-
27715,28868,-,-,-,-
27716,28868,-,-,-,-
27717,28868,-,-,-,-
27718,28868,-,-,-,-
27719,28868,-,-,-,-
27720,28868,-,-,-,-
27721,28868,-,-,-,-
27722,28868,-,-,-,-
27723,28868,-,-,-,-
27724,28868,-,-,-,-
27725,28868,-,-,-,-
27726,28868,-,-,-,-
27727,28868,-,-,-,-
27728,28868,-,-,-,-
27729,28868,-,-,-,-
27730,28868,-,-,-,-
27731,28868,-,-,-,-
27732,28868,-,-,-,-
27733,28868,-,-,-,-
27734,28868,-,-,-,-
27735,28868,-,-,-,-
27736,28868,-,-,-,-
27737,28868,-,-,-,-
27738,28868,-,-,-,-
27739,28868,-,-,-,-
27740,28868,-,-,-,-
27741,28868,-,-,-,-
27742,28868,-,-,-,-
27743,28868,-,-,-,-
27744,28868,-,-,-,-
27745,28868,-,-,-,-
27746,28868,-,-,-,-
27747,28868,-,-,-,-
27748,28868,-,-,-,-
27749,28868,-,-,-,-
27750,28868,-,-,-,-
27751,28868,-,-,-,-
27752,28868,-,-,-,-
27753,28868,-,-,-,-
27754,28868,-,-,-,-
27755,28868,-,-,-,-
27756,28868,-,-,-,-
27757,28868,-,-,-,-
27758,28868,-,-,-,-
27759,28868,-,-,-,-
27760,28868,-,-,-,-
27761,28868,-,-,-,-
27762,28868,-,-,-,-
27763,28868,-,-,-,-
27764,28868,-,-,-,-
27765,28868,-,-,-,-
27766,28868,-,-,-,-
27767,28868,-,-,-,-
27768,28868,-,-,-,-
27769,28868,-,-,-,-
27770,28868,-,-,-,-
27771,28868,-,-,-,-
27772,28868,-,-,-,-
27773,28868,-,-,-,-
27774,28868,-,-,-,-
27775,28868,-,-,-,-
27776,28868,-,-,-,-
27777,28868,-,-,-,-
27778,28868,-,-,-,-
27779,28868,-,-,-,-
27780,28868,-,-,-,-
27781,28868,-,-,-,-
27782,28868,-,-,-,-
27783,28868,-,-,-,-
27784,28868,-,-,-,-
27785,28868,-,-,-,-
27786,28868,-,-,-,-
27787,28868,-,-,-,-
27788,28868,-,-,-,-
27789,28868,-,-,-,-
27790,28868,-,-,-,-
27791,28868,-,-,-,-
27792,28868,-,-,-,-
27793,28868,-,-,-,-
27794,28868,-,-,-,-
27795,28868,-,-,-,-
27796,28868,-,-,-,-
27797,28868,-,-,-,-
27798,28868,-,-,-,-
27799,28868,-,-,-,-
27800,28868,-,-,-,-
27801,28868,-,-,-,-
27802,28868,-,-,-,-
27803,28868,-,-,-,-
27804,28868,-,-,-,-
27805,28868,-,-,-,-
27806,28868,-,-,-,-
27807,28868,-,-,-,-
27808,28868,-,-,-,-
27809,28868,-,-,-,-
27810,28868,-,-,-,-
27811,28868,-,-,-,-
27812,28868,-,-,-,-
27813,28868,-,-,-,-
27814,28868,-,-,-,-
27815,28868,-,-,-,-
27816,28868,-,-,-,-
27817,28869,-,-,-,-
27818,28870,-,-,-,-
27819,28871,-,-,-,-
27820,28872,-,-,-,-
27821,28873,-,-,-,-
27822,28874,-,-,-,-
27823,28875,-,-,-,-
27824,28876,-,-,-,-
27825,28877,-,-,-,-
27826,28878,-,-,-,-
27827,28879,-,-,-,-
27828,28880,-,-,-,-
27829,28881,-,-,-,-
27830,28882,-,-,-,-
27831,28883,-,-,-,-
27832,28884,-,-,-,-
27833,28885,-,-,-,-
27834,28886,-,-,-,-
27835,28887,-,-,-,-
27836,28888,-,-,-,-
27837,28889,-,-,-,-
27838,28890,-,-,-,-
27839,28891,-,-,-,-
27840,28892,-,-,-,-
27841,28893,-,-,-,-
27842,28894,-,-,-,-
27843,28895,-,-,-,-
27844,28896,-,-,-,-
27845,28897,-,-,-,-
27846,28898,-,-,-,-
27847,28899,-,-,-,-
27848,28900,-,-,-,-
27848,28901,-,-,-,-
27848,28902,-,-,-,-
27848,28903,-,-,-,-
27848,28904,-,-,-,-
27848,28905,-,-,-,-
27848,28906,-,-,-,-
27848,28907,-,-,-,-
27848,28908,-,-,-,-
27848,28909,-,-,-,-
27848,28910,-,-,-,-
27848,28911,-,-,-,-
27848,28912,-,-,-,-
27848,28913,-,-,-,-
27848,28914,-,-,-,-
27848,28915,-,-,-,-
27848,28916,-,-,-,-
27848,28917,-,-,-,-
27848,28918,-,-,-,-
27848,28919,-,-,-,-
27848,28920,-,-,-,-
27848,28921,-,-,-,-
27848,28922,-,-,-,-
27848,28923,-,-,-,-
27848,28924,-,-,-,-
27848,28925,-,-,-,-
27848,28926,-,-,-,-
27848,28927,-,-,-,-
27848,28928,-,-,-,-
27848,28929,-,-,-,-
27848,28930,-,-,-,-
27848,28931,-,-,-,-
27848,28932,-,-,-,-
27848,28933,-,-,-,-
27848,28934,-,-,-,-
27848,28935,-,-,-,-
27848,28936,-,-,-,-
27848,28937,-,-,-,-
27848,28938,-,-,-,-
27848,28939,-,-,-,-
27848,28940,-,-,-,-
27848,28941,-,-,-,-
27848,28942,-,-,-,-
27848,28943,-,-,-,-
27848,28944,-,-,-,-
27848,28945,-,-,-,-
27848,28946,-,-,-,-
27848,28947,-,-,-,-
27848,28948,-,-,-,-
27848,28949,-,-,-,-
27848,28950,-,-,-,-
27848,28951,-,-,-,-
27848,28952,-,-,-,-
27848,28953,-,-,-,-
27848,28954,-,-,-,-
27848,28955,-,-,-,-
27848,28956,-,-,-,-
27848,28957,-,-,-,-
27848,28958,-,-,-,-
27848,28959,-,-,-,-
27848,28960,-,-,-,-
27848,28961,-,-,-,-
27848,28962,-,-,-,-
27848,28963,-,-,-,-
27848,28964,-,-,-,-
27848,28965,-,-,-,-
27848,28966,-,-,-,-
27848,28967,-,-,-,-
27848,28968,-,-,-,-
27848,28969,-,-,-,-
27848,28970,-,-,-,-
27848,28971,-,-,-,-
27848,28972,-,-,-,-
27848,28973,-,-,-,-
27848,28974,-,-,-,-
27848,28975,-,-,-,-
27848,28976,-,-,-,-
27848,28977,-,-,-,-
27848,28978,-,-,-,-
27848,28979,-,-,-,-
27848,28980,-,-,-,-
27848,28981,-,-,-,-
27848,28982,-,-,-,-
27848,28983,-,-,-,-
27848,28984,-,-,-,-
27848,28985,-,-,-,-
27848,28986,-,-,-,-
27848,28987,-,-,-,-
27848,28988,-,-,-,-
27848,28989,-,-,-,-
27848,28990,-,-,-,-
27848,28991,-,-,-,-
27848,28992,-,-,-,-
27848,28993,-,-,-,-
27848,28994,-,-,-,-
27848,28995,-,-,-,-
27848,28996,-,-,-,-
27848,28997,-,-,-,-
27848,28998,-,-,-,-
27848,28999,-,-,-,-
27848,29000,-,-,-,-
27848,29001,-,-,-,-
27848,29002,-,-,-,-
27848,29003,-,-,-,-
27848,29004,-,-,-,-
27848,29005,-,-,-,-
27848,29006,-,-,-,-
27848,29007,-,-,-,-
27848,29008,-,-,-,-
27848,29009,-,-,-,-
27848,29010,-,-,-,-
27848,29011,-,-,-,-
27848,29012,-,-,-,-
27848,29013,-,-,-,-
27848,29014,-,-,-,-
27848,29015,-,-,-,-
27848,29016,-,-,-,-
27848,29017,-,-,-,-
27848,29018,-,-,-,-
27848,29019,-,-,-,-
27848,29020,-,-,-,-
27848,29021,-,-,-,-
27848,29022,-,-,-,-
27848,29023,-,-,-,-
27848,29024,-,-,-,-
27848,29025,-,-,-,-
27848,29026,-,-,-,-
27848,29027,-,-,-,-
27848,29028,-,-,-,-
27849,29029,-,-,-,-
27850,29030,-,-,-,-
27851,29031,-,-,-,-
27852,29032,-,-,-,-
27853,29033,-,-,-,-
27854,29034,-,-,-,-
27855,29035,-,-,-,-
27856,29036,-,-,-,-
27857,29037,-,-,-,-
27858,29038,-,-,-,-
27859,29039,-,-,-,-
27860,29040,-,-,-,-
27861,29041,-,-,-,-
27862,29042,-,-,-,-
27863,29043,-,-,-,-
27864,29044,-,-,-,-
27865,29045,-,-,-,-
27866,29046,-,-,-,-
27867,29047,-,-,-,-
27868,29048,-,-,-,-
27869,29049,-,-,-,-
27870,29050,-,-,-,-
27871,29051,-,-,-,-
27872,29052,-,-,-,-
27873,29053,-,-,-,-
27874,29054,-,-,-,-
27875,29055,-,-,-,-
27876,29056,-,-,-,-
27877,29057,-,-,-,-
27878,29058,-,-,-,-
27879,29059,-,-,-,-
27880,29060,-,-,-,-
27881,29061,-,-,-,-
27882,29062,-,-,-,-
27883,29063,-,-,-,-
27884,29064,-,-,-,-
27885,29065,-,-,-,-
27886,29066,-,-,-,-
27887,29067,-,-,-,-
27888,29068,-,-,-,-
27889,29069,-,-,-,-
27890,29070,-,-,-,-
27891,29071,-,-,-,-
27892,29072,-,-,-,-
27893,29073,-,-,-,-
27894,29074,-,-,-,-
27895,29075,-,-,-,-
27896,29076,-,-,-,-
27897,29077,-,-,-,-
27898,29078,-,-,-,-
27899,29079,-,-,-,-
27900,29080,-,-,-,-
27901,29081,-,-,-,-
27902,29082,-,-,-,-
27903,29083,-,-,-,-
27904,29084,-,-,-,-
27905,29085,-,-,-,-
27906,29086,-,-,-,-
27907,29087,-,-,-,-
27908,29088,-,-,-,-
27909,29089,-,-,-,-
27910,29090,-,-,-,-
27911,29091,-,-,-,-
27912,29092,-,-,-,-
27913,29093,-,-,-,-
27914,29094,-,-,-,-
27915,29095,-,-,-,-
27916,29096,-,-,-,-
27917,29097,-,-,-,-
27918,29098,-,-,-,-
27919,29099,-,-,-,-
27920,29100,-,-,-,-
27921,29101,-,-,-,-
27922,29102,-,-,-,-
27923,29103,-,-,-,-
27924,29104,-,-,-,-
27925,29105,-,-,-,-
27926,29106,-,-,-,-
27927,29107,-,-,-,-
27928,29108,-,-,-,-
27929,29109,-,-,-,-
27930,29110,-,-,-,-
27931,29111,-,-,-,-
27932,29112,-,-,-,-
27933,29113,-,-,-,-
27934,29114,-,-,-,-
27935,29115,-,-,-,-
27936,29116,-,-,-,-
27937,29117,-,-,-,-
27938,29118,-,-,-,-
27939,29119,-,-,-,-
27940,29120,-,-,-,-
27941,29121,-,-,-,-
27942,29122,-,-,-,-
27943,29123,-,-,-,-
27944,29124,-,-,-,-
27945,29125,-,-,-,-
27946,29126,-,-,-,-
27947,29127,-,-,-,-
27948,29128,-,-,-,-
27949,29129,-,-,-,-
27950,29130,-,-,-,-
27951,29131,-,-,-,-
27952,29132,-,-,-,-
27953,29133,-,-,-,-
27954,29134,-,-,-,-
27955,29135,-,-,-,-
27956,29136,-,-,-,-
27957,29137,-,-,-,-
27958,29138,-,-,-,-
27959,29139,-,-,-,-
27960,29140,-,-,-,-
27961,29141,-,-,-,-
27962,29142,-,-,-,-
27963,29143,-,-,-,-
27964,29144,-,-,-,-
27965,29145,-,-,-,-
27966,29146,-,-,-,-
27967,29147,-,-,-,-
27968,29148,-,-,-,-
27969,29149,-,-,-,-
27970,29150,-,-,-,-
27971,29151,-,-,-,-
27972,29152,-,-,-,-
27973,29153,-,-,-,-
27974,29154,-,-,-,-
27975,29155,-,-,-,-
27976,29156,-,-,-,-
27977,29157,-,-,-,-
27978,29158,-,-,-,-
27979,29159,-,-,-,-
27980,29160,-,-,-,-
27981,29161,-,-,-,-
27982,29162,-,-,-,-
27983,29163,-,-,-,-
27984,29164,-,-,-,-
27985,29165,-,-,-,-
27986,29166,-,-,-,-
27987,29167,-,-,-,-
27988,29168,-,-,-,-
27989,29169,-,-,-,-
27990,29170,-,-,-,-
27991,29171,-,-,-,-
27992,29172,-,-,-,-
27993,29173,-,-,-,-
27994,29174,-,-,-,-
27995,29175,-,-,-,-
27996,29176,-,-,-,-
27997,29177,-,-,-,-
27998,29178,-,-,-,-
27999,29179,-,-,-,-
28000,29180,-,-,-,-
28001,29181,-,-,-,-
28002,29182,-,-,-,-
28003,29183,-,-,-,-
28004,29184,-,-,-,-
28005,29185,-,-,-,-
28006,29186,-,-,-,-
28007,29187,-,-,-,-
28008,29188,-,-,-,-
28009,29189,-,-,-,-
28010,29190,-,-,-,-
28011,29191,-,-,-,-
28012,29192,-,-,-,-
28013,29193,-,-,-,-
28014,29194,-,-,-,-
28015,29195,-,-,-,-
28016,29196,-,-,-,-
28017,29197,-,-,-,-
28018,29198,-,-,-,-
28019,29199,-,-,-,-
28020,29200,-,-,-,-
28021,29201,-,-,-,-
28022,29202,-,-,-,-
28023,29203,-,-,-,-
28024,29204,-,-,-,-
28025,29205,-,-,-,-
28026,29206,-,-,-,-
28027,29207,-,-,-,-
28028,29208,-,-,-,-
28029,29209,-,-,-,-
28030,29210,-,-,-,-
28031,29211,-,-,-,-
28032,29212,-,-,-,-
28033,29213,-,-,-,-
28034,29214,-,-,-,-
28035,29215,-,-,-,-
28036,29216,-,-,-,-
28037,29217,-,-,-,-
28038,29218,-,-,-,-
28039,29219,-,-,-,-
28040,29220,-,-,-,-
28041,29221,-,-,-,-
28042,29222,-,-,-,-
28043,29223,-,-,-,-
28044,29224,-,-,-,-
28045,29225,-,-,-,-
28046,29226,-,-,-,-
28047,29227,-,-,-,-
28048,29228,-,-,-,-
28049,29229,-,-,-,-
28050,29230,-,-,-,-
28051,29231,-,-,-,-
28052,29232,-,-,-,-
28053,29233,-,-,-,-
28054,29234,-,-,-,-
28055,29235,-,-,-,-
28056,29236,-,-,-,-
28057,29237,-,-,-,-
28058,29238,-,-,-,-
28059,29239,-,-,-,-
28060,29240,-,-,-,-
28061,29241,-,-,-,-
28062,29242,-,-,-,-
28063,29243,-,-,-,-
28064,29244,-,-,-,-
28065,29245,-,-,-,-
28066,29246,-,-,-,-
28067,29247,-,-,-,-
28068,29248,-,-,-,-
28069,29249,-,-,-,-
28070,29250,-,-,-,-
28071,29251,-,-,-,-
28072,29252,-,-,-,-
28073,29253,-,-,-,-
28074,29254,-,-,-,-
28075,29255,-,-,-,-
28076,29256,-,-,-,-
28077,29257,-,-,-,-
28078,29258,-,-,-,-
28079,29259,-,-,-,-
28080,29260,-,-,-,-
28081,29261,-,-,-,-
28082,29262,-,-,-,-
28083,29263,-,-,-,-
28084,29264,-,-,-,-
28085,29265,-,-,-,-
28086,29266,-,-,-,-
28087,29267,-,-,-,-
28088,29268,-,-,-,-
28089,29269,-,-,-,-
28090,29270,-,-,-,-
28091,29271,-,-,-,-
28092,29272,-,-,-,-
28093,29273,-,-,-,-
28094,29274,-,-,-,-
28095,29275,-,-,-,-
28096,29276,-,-,-,-
28097,29277,-,-,-,-
28098,29278,-,-,-,-
28099,29279,-,-,-,-
28100,29280,-,-,-,-
28101,29281,-,-,-,-
28102,29282,-,-,-,-
28103,29283,-,-,-,-
28104,29284,-,-,-,-
28105,29285,-,-,-,-
28106,29286,-,-,-,-
28107,29287,-,-,-,-
28108,29288,-,-,-,-
28109,29289,-,-,-,-
28110,29290,-,-,-,-
28111,29291,-,-,-,-
28112,29292,-,-,-,-
28113,29293,-,-,-,-
28114,29294,-,-,-,-
28115,29295,-,-,-,-
28116,29296,-,-,-,-
28117,29297,-,-,-,-
28118,29298,-,-,-,-
28119,29299,-,-,-,-
28120,29300,-,-,-,-
28121,29301,-,-,-,-
28122,29302,-,-,-,-
28123,29303,-,-,-,-
28124,29304,-,-,-,-
28125,29305,-,-,-,-
28126,29306,-,-,-,-
28127,29307,-,-,-,-
28128,29308,-,-,-,-
28129,29309,-,-,-,-
28130,29310,-,-,-,-
28131,29311,-,-,-,-
28132,29312,-,-,-,-
28133,29313,-,-,-,-
28134,29314,-,-,-,-
28135,29315,-,-,-,-
28136,29316,-,-,-,-
28137,29317,-,-,-,-
28138,29318,-,-,-,-
28139,29319,-,-,-,-
28140,29320,-,-,-,-
28141,29321,-,-,-,-
28142,29322,-,-,-,-
28143,29323,-,-,-,-
28144,29324,-,-,-,-
28145,29325,-,-,-,-
28146,29326,-,-,-,-
28147,29327,-,-,-,-
28148,29328,-,-,-,-
28149,29329,-,-,-,-
28150,29330,-,-,-,-
28151,29331,-,-,-,-
28152,29332,-,-,-,-
28153,29333,-,-,-,-
28154,29334,-,-,-,-
28155,29335,-,-,-,-
28156,29336,-,-,-,-
28157,29337,-,-,-,-
28158,29338,-,-,-,-
28159,29339,-,-,-,-
28160,29340,-,-,-,-
28161,29341,-,-,-,-
28162,29342,-,-,-,-
28163,29343,-,-,-,-
28164,29344,-,-,-,-
28165,29345,-,-,-,-
28166,29346,-,-,-,-
28167,29347,-,-,-,-
28168,29348,-,-,-,-
28169,29349,-,-,-,-
28170,29350,-,-,-,-
28171,29351,-,-,-,-
28172,29352,-,-,-,-
28173,29353,-,-,-,-
28174,29354,-,-,-,-
28175,29355,-,-,-,-
28176,29356,-,-,-,-
28177,29357,-,-,-,-
28178,29358,-,-,-,-
28179,29359,-,-,-,-
28180,29360,-,-,-,-
28181,29361,-,-,-,-
28182,29362,-,-,-,-
28183,29363,-,-,-,-
28184,29364,-,-,-,-
28185,29365,-,-,-,-
28186,29366,-,-,-,-
28187,29367,-,-,-,-
28188,29368,-,-,-,-
28189,29369,-,-,-,-
28190,29370,-,-,-,-
28191,29371,-,-,-,-
28192,29372,-,-,-,-
28193,29373,-,-,-,-
28194,29374,-,-,-,-
28195,29375,-,-,-,-
28196,29376,-,-,-,-
28197,29377,-,-,-,-
28198,29378,-,-,-,-
28199,29379,-,-,-,-
28200,29380,-,-,-,-
28201,29381,-,-,-,-
28202,29382,-,-,-,-
28203,29383,-,-,-,-
28204,29384,-,-,-,-
28205,29385,-,-,-,-
28206,29386,-,-,-,-
28207,29387,-,-,-,-
28208,29388,-,-,-,-
28209,29389,-,-,-,-
28210,29390,-,-,-,-
28211,29391,-,-,-,-
28212,29392,-,-,-,-
28213,29393,-,-,-,-
28214,29394,-,-,-,-
28215,29395,-,-,-,-
28216,29396,-,-,-,-
28217,29397,-,-,-,-
28218,29398,-,-,-,-
28219,29399,-,-,-,-
28220,29400,-,-,-,-
28221,29401,-,-,-,-
28222,29402,-,-,-,-
28223,29403,-,-,-,-
28224,29404,-,-,-,-
28225,29405,-,-,-,-
28226,29406,-,-,-,-
28227,29407,-,-,-,-
28228,29408,-,-,-,-
28229,29409,-,-,-,-
28230,29410,-,-,-,-
28231,29411,-,-,-,-
28232,29412,-,-,-,-
28233,29413,-,-,-,-
28234,29414,-,-,-,-
28235,29415,-,-,-,-
28236,29416,-,-,-,-
28237,29417,-,-,-,-
28238,29418,-,-,-,-
28239,29419,-,-,-,-
28240,29420,-,-,-,-
28241,29421,-,-,-,-
28242,29422,-,-,-,-
28243,29423,-,-,-,-
28244,29424,-,-,-,-
28245,29425,-,-,-,-
28246,29426,-,-,-,-
28247,29427,-,-,-,-
28248,29428,-,-,-,-
28249,29429,-,-,-,-
28250,29430,-,-,-,-
28251,29431,-,-,-,-
28252,29432,-,-,-,-
28253,29433,-,-,-,-
28254,29434,-,-,-,-
28255,29435,-,-,-,-
28256,29436,-,-,-,-
28257,29437,-,-,-,-
28258,29438,-,-,-,-
28259,29439,-,-,-,-
28260,29440,-,-,-,-
28261,29441,-,-,-,-
28262,29442,-,-,-,-
28263,29443,-,-,-,-
28264,29444,-,-,-,-
28265,29445,-,-,-,-
28266,29446,-,-,-,-
28267,29447,-,-,-,-
28268,29448,-,-,-,-
28269,29449,-,-,-,-
28270,29450,-,-,-,-
28271,29451,-,-,-,-
28272,29452,-,-,-,-
28273,29453,-,-,-,-
28274,29454,-,-,-,-
28275,29455,-,-,-,-
28276,29456,-,-,-,-
28277,29457,-,-,-,-
28278,29458,-,-,-,-
28279,29459,-,-,-,-
28280,29460,-,-,-,-
28281,29461,-,-,-,-
28282,29462,-,-,-,-
28283,29463,-,-,-,-
28284,29464,-,-,-,-
28285,29465,-,-,-,-
28286,29466,-,-,-,-
28287,29467,-,-,-,-
28288,29468,-,-,-,-
28289,29469,-,-,-,-
28290,29470,-,-,-,-
28291,29471,-,-,-,-
28292,29472,-,-,-,-
28293,29473,-,-,-,-
28294,29474,-,-,-,-
28295,29475,-,-,-,-
28296,29476,-,-,-,-
28297,29477,-,-,-,-
28298,29478,-,-,-,-
28299,29479,-,-,-,-
28300,29480,-,-,-,-
28301,29481,-,-,-,-
28302,29482,-,-,-,-
28303,29483,-,-,-,-
28304,29484,-,-,-,-
28305,29485,-,-,-,-
28306,29486,-,-,-,-
28307,29487,-,-,-,-
28308,29488,-,-,-,-
28309,29489,-,-,-,-
28310,29490,-,-,-,-
28311,29491,-,-,-,-
28312,29492,-,-,-,-
28313,29493,-,-,-,-
28314,29494,-,-,-,-
28315,29495,-,-,-,-
28316,29496,-,-,-,-
28317,29497,-,-,-,-
28318,29498,-,-,-,-
28319,29499,-,-,-,-
28320,29500,-,-,-,-
28321,29501,-,-,-,-
28322,29502,-,-,-,-
28323,29503,-,-,-,-
28324,29504,-,-,-,-
28325,29505,-,-,-,-
28326,29506,-,-,-,-
28327,29507,-,-,-,-
28328,29508,-,-,-,-
28329,29509,-,-,-,-
28330,29510,-,-,-,-
28331,29511,-,-,-,-
28332,29512,-,-,-,-
28333,29513,-,-,-,-
28334,29514,-,-,-,-
28335,29515,-,-,-,-
28336,29516,-,-,-,-
28337,29517,-,-,-,-
28338,29518,-,-,-,-
28339,29519,-,-,-,-
28340,29520,-,-,-,-
28341,29521,-,-,-,-
28342,29522,-,-,-,-
28343,29523,-,-,-,-
28344,29524,-,-,-,-
28345,29525,-,-,-,-
28346,29526,-,-,-,-
28347,29527,-,-,-,-
28348,29528,-,-,-,-
28349,29529,-,-,-,-
28350,29530,-,-,-,-
28351,29531,-,-,-,-
28352,29532,-,-,-,-
28353,29533,-,-,-,-
28354,29534,-,-,-,-
28355,29535,-,-,-,-
28356,29536,-,-,-,-
28357,29537,-,-,-,-
28358,29538,-,-,-,-
28359,29539,-,-,-,-
28360,29540,-,-,-,-
28361,29541,-,-,-,-
28362,29542,-,-,-,-
28363,29543,-,-,-,-
28364,29544,-,-,-,-
28365,29545,-,-,-,-
28366,29546,-,-,-,-
28367,29547,-,-,-,-
28368,29548,-,-,-,-
28369,29549,-,-,-,-
28370,29550,-,-,-,-
28371,29551,-,-,-,-
28372,29552,-,-,-,-
28373,29553,-,-,-,-
28374,29554,-,-,-,-
28375,29555,-,-,-,-
28376,29556,-,-,-,-
28377,29557,-,-,-,-
28378,29558,-,-,-,-
28379,29559,-,-,-,-
28380,29560,-,-,-,-
28381,29561,-,-,-,-
28381,29562,-,-,-,-
28381,29563,-,-,-,-
28381,29564,-,-,-,-
28381,29565,-,-,-,-
28381,29566,-,-,-,-
28381,29567,-,-,-,-
28381,29568,-,-,-,-
28381,29569,-,-,-,-
28381,29570,-,-,-,-
28381,29571,-,-,-,-
28381,29572,-,-,-,-
28381,29573,-,-,-,-
28381,29574,-,-,-,-
28381,29575,-,-,-,-
28381,29576,-,-,-,-
28381,29577,-,-,-,-
28381,29578,-,-,-,-
28381,29579,-,-,-,-
28381,29580,-,-,-,-
28381,29581,-,-,-,-
28381,29582,-,-,-,-
28381,29583,-,-,-,-
28381,29584,-,-,-,-
28381,29585,-,-,-,-
28381,29586,-,-,-,-
28381,29587,-,-,-,-
28381,29588,-,-,-,-
28381,29589,-,-,-,-
28381,29590,-,-,-,-
28381,29591,-,-,-,-
28381,29592,-,-,-,-
28381,29593,-,-,-,-
28381,29594,-,-,-,-
28381,29595,-,-,-,-
28381,29596,-,-,-,-
28381,29597,-,-,-,-
28381,29598,-,-,-,-
28381,29599,-,-,-,-
28381,29600,-,-,-,-
28381,29601,-,-,-,-
28381,29602,-,-,-,-
28381,29603,-,-,-,-
28381,29604,-,-,-,-
28381,29605,-,-,-,-
28381,29606,-,-,-,-
28381,29607,-,-,-,-
28381,29608,-,-,-,-
28381,29609,-,-,-,-
28381,29610,-,-,-,-
28381,29611,-,-,-,-
28381,29612,-,-,-,-
28381,29613,-,-,-,-
28381,29614,-,-,-,-
28381,29615,-,-,-,-
28381,29616,-,-,-,-
28381,29617,-,-,-,-
28381,29618,-,-,-,-
28381,29619,-,-,-,-
28381,29620,-,-,-,-
28381,29621,-,-,-,-
28381,29622,-,-,-,-
28381,29623,-,-,-,-
28381,29624,-,-,-,-
28381,29625,-,-,-,-
28381,29626,-,-,-,-
28381,29627,-,-,-,-
28381,29628,-,-,-,-
28381,29629,-,-,-,-
28381,29630,-,-,-,-
28381,29631,-,-,-,-
28381,29632,-,-,-,-
28381,29633,-,-,-,-
28381,29634,-,-,-,-
28381,29635,-,-,-,-
28381,29636,-,-,-,-
28381,29637,-,-,-,-
28381,29638,-,-,-,-
28381,29639,-,-,-,-
28381,29640,-,-,-,-
28381,29641,-,-,-,-
28381,29642,-,-,-,-
28381,29643,-,-,-,-
28381,29644,-,-,-,-
28381,29645,-,-,-,-
28381,29646,-,-,-,-
28381,29647,-,-,-,-
28381,29648,-,-,-,-
28381,29649,-,-,-,-
28381,29650,-,-,-,-
28381,29651,-,-,-,-
28381,29652,-,-,-,-
28381,29653,-,-,-,-
28381,29654,-,-,-,-
28381,29655,-,-,-,-
28381,29656,-,-,-,-
28381,29657,-,-,-,-
28381,29658,-,-,-,-
28381,29659,-,-,-,-
28381,29660,-,-,-,-
28381,29661,-,-,-,-
28381,29662,-,-,-,-
28381,29663,-,-,-,-
28381,29664,-,-,-,-
28381,29665,-,-,-,-
28381,29666,-,-,-,-
28381,29667,-,-,-,-
28381,29668,-,-,-,-
28381,29669,-,-,-,-
28381,29670,-,-,-,-
28381,29671,-,-,-,-
28381,29672,-,-,-,-
28381,29673,-,-,-,-
28381,29674,-,-,-,-
28381,29675,-,-,-,-
28381,29676,-,-,-,-
28381,29677,-,-,-,-
28381,29678,-,-,-,-
28381,29679,-,-,-,-
28381,29680,-,-,-,-
28381,29681,-,-,-,-
28381,29682,-,-,-,-
28381,29683,-,-,-,-
28381,29684,-,-,-,-
28381,29685,-,-,-,-
28381,29686,-,-,-,-
28381,29687,-,-,-,-
28381,29688,-,-,-,-
28381,29689,-,-,-,-
28381,29690,-,-,-,-
28381,29691,-,-,-,-
28381,29692,-,-,-,-
28381,29693,-,-,-,-
28381,29694,-,-,-,-
28381,29695,-,-,-,-
28381,29696,-,-,-,-
28381,29697,-,-,-,-
28381,29698,-,-,-,-
28381,29699,-,-,-,-
28381,29700,-,-,-,-
28381,29701,-,-,-,-
28381,29702,-,-,-,-
28381,29703,-,-,-,-
28381,29704,-,-,-,-
28381,29705,-,-,-,-
28381,29706,-,-,-,-
28381,29707,-,-,-,-
28381,29708,-,-,-,-
28381,29709,-,-,-,-
28381,29710,-,-,-,-
28381,29711,-,-,-,-
28381,29712,-,-,-,-
28381,29713,-,-,-,-
28381,29714,-,-,-,-
28381,29715,-,-,-,-
28381,29716,-,-,-,-
28381,29717,-,-,-,-
28381,29718,-,-,-,-
28381,29719,-,-,-,-
28381,29720,-,-,-,-
28381,29721,-,-,-,-
28381,29722,-,-,-,-
28381,29723,-,-,-,-
28381,29724,-,-,-,-
28381,29725,-,-,-,-
28381,29726,-,-,-,-
28381,29727,-,-,-,-
28381,29728,-,-,-,-
28381,29729,-,-,-,-
28381,29730,-,-,-,-
28381,29731,-,-,-,-
28381,29732,-,-,-,-
28381,29733,-,-,-,-
28381,29734,-,-,-,-
28381,29735,-,-,-,-
28381,29736,-,-,-,-
28381,29737,-,-,-,-
28381,29738,-,-,-,-
28381,29739,-,-,-,-
28381,29740,-,-,-,-
28381,29741,-,-,-,-
28381,29742,-,-,-,-
28381,29743,-,-,-,-
28381,29744,-,-,-,-
28381,29745,-,-,-,-
28381,29746,-,-,-,-
28381,29747,-,-,-,-
28381,29748,-,-,-,-
28381,29749,-,-,-,-
28381,29750,-,-,-,-
28381,29751,-,-,-,-
28381,29752,-,-,-,-
28381,29753,-,-,-,-
28381,29754,-,-,-,-
28381,29755,-,-,-,-
28381,29756,-,-,-,-
28381,29757,-,-,-,-
28381,29758,-,-,-,-
28381,29759,-,-,-,-
28381,29760,-,-,-,-
28381,29761,-,-,-,-
28381,29762,-,-,-,-
28381,29763,-,-,-,-
28381,29764,-,-,-,-
28381,29765,-,-,-,-
28381,29766,-,-,-,-
28381,29767,-,-,-,-
28381,29768,-,-,-,-
28381,29769,-,-,-,-
28381,29770,-,-,-,-
28381,29771,-,-,-,-
28381,29772,-,-,-,-
28381,29773,-,-,-,-
28381,29774,-,-,-,-
28381,29775,-,-,-,-
28381,29776,-,-,-,-
28381,29777,-,-,-,-
28381,29778,-,-,-,-
28381,29779,-,-,-,-
28381,29780,-,-,-,-
28381,29781,-,-,-,-
28381,29782,-,-,-,-
28381,29783,-,-,-,-
28381,29784,-,-,-,-
28381,29785,-,-,-,-
28381,29786,-,-,-,-
28381,29787,-,-,-,-
28381,29788,-,-,-,-
28381,29789,-,-,-,-
28381,29790,-,-,-,-
28381,29791,-,-,-,-
28381,29792,-,-,-,-
28381,29793,-,-,-,-
28381,29794,-,-,-,-
28381,29795,-,-,-,-
28381,29796,-,-,-,-
28381,29797,-,-,-,-
28381,29798,-,-,-,-
28381,29799,-,-,-,-
28381,29800,-,-,-,-
28381,29801,-,-,-,-
28381,29802,-,-,-,-
28381,29803,-,-,-,-
28381,29804,-,-,-,-
28381,29805,-,-,-,-
28381,29806,-,-,-,-
28381,29807,-,-,-,-
28381,29808,-,-,-,-
28381,29809,-,-,-,-
28381,29810,-,-,-,-
28381,29811,-,-,-,-
28381,29812,-,-,-,-
28381,29813,-,-,-,-
28381,29814,-,-,-,-
28381,29815,-,-,-,-
28381,29816,-,-,-,-
28381,29817,-,-,-,-
28381,29818,-,-,-,-
28381,29819,-,-,-,-
28381,29820,-,-,-,-
28381,29821,-,-,-,-
28381,29822,-,-,-,-
28381,29823,-,-,-,-
28381,29824,-,-,-,-
28381,29825,-,-,-,-
28381,29826,-,-,-,-
28381,29827,-,-,-,-
28381,29828,-,-,-,-
28381,29829,-,-,-,-
28381,29830,-,-,-,-
28381,29831,-,-,-,-
28381,29832,-,-,-,-
28381,29833,-,-,-,-
28381,29834,-,-,-,-
28381,29835,-,-,-,-
28381,29836,-,-,-,-
28381,29837,-,-,-,-
28381,29838,-,-,-,-
28381,29839,-,-,-,-
28381,29840,-,-,-,-
28381,29841,-,-,-,-
28381,29842,-,-,-,-
28381,29843,-,-,-,-
28381,29844,-,-,-,-
28381,29845,-,-,-,-
28381,29846,-,-,-,-
28381,29847,-,-,-,-
28381,29848,-,-,-,-
28381,29849,-,-,-,-
28381,29850,-,-,-,-
28381,29851,-,-,-,-
28381,29852,-,-,-,-
28381,29853,-,-,-,-
28381,29854,-,-,-,-
28381,29855,-,-,-,-
28381,29856,-,-,-,-
28381,29857,-,-,-,-
28381,29858,-,-,-,-
28381,29859,-,-,-,-
28381,29860,-,-,-,-
28381,29861,-,-,-,-
28381,29862,-,-,-,-
28381,29863,-,-,-,-
28381,29864,-,-,-,-
28381,29865,-,-,-,-
28381,29866,-,-,-,-
28381,29867,-,-,-,-
28381,29868,-,-,-,-
28381,29869,-,-,-,-
28381,29870,-,-,-,-
28381,29871,-,-,-,-
28381,29872,-,-,-,-
28381,29873,-,-,-,-
28381,29874,-,-,-,-
28381,29875,-,-,-,-
28381,29876,-,-,-,-
28381,29877,-,-,-,-
28381,29878,-,-,-,-
28381,29879,-,-,-,-
28381,29880,-,-,-,-
28381,29881,-,-,-,-
28381,29882,-,-,-,-
28381,29883,-,-,-,-
28381,29884,-,-,-,-
28381,29885,-,-,-,-
28381,29886,-,-,-,-
28381,29887,-,-,-,-
28381,29888,-,-,-,-
28381,29889,-,-,-,-
28381,29890,-,-,-,-
28381,29891,-,-,-,-
28381,29892,-,-,-,-
28381,29893,-,-,-,-
28381,29894,-,-,-,-
28381,29895,-,-,-,-
28381,29896,-,-,-,-
28381,29897,-,-,-,-
28381,29898,-,-,-,-
28381,29899,-,-,-,-
28381,29900,-,-,-,-
28381,29901,-,-,-,-
28381,29902,-,-,-,-
28381,29903,-,-,-,-
28381,29904,-,-,-,-
28381,29905,-,-,-,-
28381,29906,-,-,-,-
28381,29907,-,-,-,-
28381,29908,-,-,-,-
28381,29909,-,-,-,-
28381,29910,-,-,-,-
28381,29911,-,-,-,-
28381,29912,-,-,-,-
28381,29913,-,-,-,-
28382,29914,-,-,-,-
28383,29915,-,-,-,-
28384,29916,-,-,-,-
28385,29917,-,-,-,-
28386,29918,-,-,-,-
28387,29919,-,-,-,-
28388,29920,-,-,-,-
28389,29921,-,-,-,-
28390,29922,-,-,-,-
28391,29923,-,-,-,-
28392,29924,-,-,-,-
28393,29925,-,-,-,-
28394,29926,-,-,-,-
28395,29927,-,-,-,-
28396,29928,-,-,-,-
28397,29929,-,-,-,-
28398,29930,-,-,-,-
28399,29931,-,-,-,-
28400,29932,-,-,-,-
28401,29933,-,-,-,-
28402,29934,-,-,-,-
28403,29935,-,-,-,-
28404,29936,-,-,-,-
28405,29937,-,-,-,-
28406,29938,-,-,-,-
28407,29939,-,-,-,-
28408,29940,-,-,-,-
28409,29941,-,-,-,-
28410,29942,-,-,-,-
28411,29943,-,-,-,-
28412,29944,-,-,-,-
28413,29945,-,-,-,-
28414,29946,-,-,-,-
28415,29947,-,-,-,-
28416,29948,-,-,-,-
28417,29949,-,-,-,-
28418,29950,-,-,-,-
28419,29951,-,-,-,-
28420,29952,-,-,-,-
28421,29953,-,-,-,-
28422,29954,-,-,-,-
28423,29955,-,-,-,-
28424,29956,-,-,-,-
28425,29957,-,-,-,-
28426,29958,-,-,-,-
28427,29959,-,-,-,-
28428,29960,-,-,-,-
28429,29961,-,-,-,-
28430,29962,-,-,-,-
28431,29963,-,-,-,-
28432,29964,-,-,-,-
28433,29965,-,-,-,-
28434,29966,-,-,-,-
28435,29967,-,-,-,-
28436,29968,-,-,-,-
28437,29969,-,-,-,-
28438,29970,-,-,-,-
28439,29971,-,-,-,-
28440,29972,-,-,-,-
28441,29973,-,-,-,-
28442,29974,-,-,-,-
28443,29975,-,-,-,-
28444,29976,-,-,-,-
28445,29977,-,-,-,-
28446,29978,-,-,-,-
28447,29979,-,-,-,-
28448,29980,-,-,-,-
28449,29981,-,-,-,-
28450,29982,-,-,-,-
28451,29983,-,-,-,-
28452,29984,-,-,-,-
28453,29985,-,-,-,-
28454,29986,-,-,-,-
28455,29987,-,-,-,-
28456,29988,-,-,-,-
28457,29989,-,-,-,-
28458,29990,-,-,-,-
28459,29991,-,-,-,-
28460,29992,-,-,-,-
28461,29993,-,-,-,-
28462,29994,-,-,-,-
28463,29995,-,-,-,-
28464,29996,-,-,-,-
28465,29997,-,-,-,-
28466,29998,-,-,-,-
28467,29999,-,-,-,-
28468,30000,-,-,-,-
28469,30001,-,-,-,-
28470,30002,-,-,-,-
28471,30003,-,-,-,-
28472,30004,-,-,-,-
28473,30005,-,-,-,-
28474,30006,-,-,-,-
28475,30007,-,-,-,-
28476,30008,-,-,-,-
28477,30009,-,-,-,-
28478,30010,-,-,-,-
28479,30011,-,-,-,-
28480,30012,-,-,-,-
28481,30013,-,-,-,-
28482,30014,-,-,-,-
28483,30015,-,-,-,-
28484,30016,-,-,-,-
28485,30017,-,-,-,-
28486,30018,-,-,-,-
28487,30019,-,-,-,-
28488,30020,-,-,-,-
28489,30021,-,-,-,-
28490,30022,-,-,-,-
28491,30023,-,-,-,-
28492,30024,-,-,-,-
28493,30025,-,-,-,-
28494,30026,-,-,-,-
28495,30027,-,-,-,-
28496,30028,-,-,-,-
28497,30029,-,-,-,-
28498,30030,-,-,-,-
28499,30031,-,-,-,-
28500,30032,-,-,-,-
28501,30033,-,-,-,-
28502,30034,-,-,-,-
28503,30035,-,-,-,-
28504,30036,-,-,-,-
28505,30037,-,-,-,-
28506,30038,-,-,-,-
28507,30039,-,-,-,-
28508,30040,-,-,-,-
28509,30041,-,-,-,-
28510,30042,-,-,-,-
28511,30043,-,-,-,-
28512,30044,-,-,-,-
28513,30045,-,-,-,-
28514,30046,-,-,-,-
28515,30047,-,-,-,-
28516,30048,-,-,-,-
28517,30049,-,-,-,-
28518,30050,-,-,-,-
28519,30051,-,-,-,-
28520,30052,-,-,-,-
28521,30053,-,-,-,-
28522,30054,-,-,-,-
28523,30055,-,-,-,-
28524,30056,-,-,-,-
28525,30057,-,-,-,-
28526,30058,-,-,-,-
28527,30059,-,-,-,-
28528,30060,-,-,-,-
28529,30061,-,-,-,-
28530,30062,-,-,-,-
28531,30063,-,-,-,-
28532,30064,-,-,-,-
28533,30065,-,-,-,-
28534,30066,-,-,-,-
28535,30067,-,-,-,-
28536,30068,-,-,-,-
28537,30069,-,-,-,-
28538,30070,-,-,-,-
28539,30071,-,-,-,-
28540,30072,-,-,-,-
28541,30073,-,-,-,-
28542,30074,-,-,-,-
28543,30075,-,-,-,-
28544,30076,-,-,-,-
28545,30077,-,-,-,-
28546,30078,-,-,-,-
28547,30079,-,-,-,-
28548,30080,-,-,-,-
28549,30081,-,-,-,-
28550,30082,-,-,-,-
28551,30083,-,-,-,-
28552,30084,-,-,-,-
28553,30085,-,-,-,-
28554,30086,-,-,-,-
28555,30087,-,-,-,-
28556,30088,-,-,-,-
28557,30089,-,-,-,-
28558,30090,-,-,-,-
28559,30091,-,-,-,-
28560,30092,-,-,-,-
28561,30093,-,-,-,-
28562,30094,-,-,-,-
28563,30095,-,-,-,-
28564,30096,-,-,-,-
28565,30097,-,-,-,-
28566,30098,-,-,-,-
28567,30099,-,-,-,-
28568,30100,-,-,-,-
28569,30101,-,-,-,-
28570,30102,-,-,-,-
28571,30103,-,-,-,-
28572,30104,-,-,-,-
28573,30105,-,-,-,-
28574,30106,-,-,-,-
28575,30107,-,-,-,-
28576,30108,-,-,-,-
28577,30109,-,-,-,-
28578,30110,-,-,-,-
28579,30111,-,-,-,-
28580,30112,-,-,-,-
28581,30113,-,-,-,-
28582,30114,-,-,-,-
28583,30115,-,-,-,-
28584,30116,-,-,-,-
28585,30117,-,-,-,-
28586,30118,-,-,-,-
28587,30119,-,-,-,-
28588,30120,-,-,-,-
28589,30121,-,-,-,-
28590,30122,-,-,-,-
28591,30123,-,-,-,-
28592,30124,-,-,-,-
28593,30125,-,-,-,-
28594,30126,-,-,-,-
28595,30127,-,-,-,-
28596,30128,-,-,-,-
28597,30129,-,-,-,-
28598,30130,-,-,-,-
28599,30131,-,-,-,-
28600,30132,-,-,-,-
28601,30133,-,-,-,-
28602,30134,-,-,-,-
28603,30135,-,-,-,-
28604,30136,-,-,-,-
28605,30137,-,-,-,-
28606,30138,-,-,-,-
28607,30139,-,-,-,-
28608,30140,-,-,-,-
28609,30141,-,-,-,-
28610,30142,-,-,-,-
28611,30143,-,-,-,-
28612,30144,-,-,-,-
28613,30145,-,-,-,-
28614,30146,-,-,-,-
28615,30147,-,-,-,-
28616,30148,-,-,-,-
28617,30149,-,-,-,-
28618,30150,-,-,-,-
28619,30151,-,-,-,-
28620,30152,-,-,-,-
28621,30153,-,-,-,-
28622,30154,-,-,-,-
28623,30155,-,-,-,-
28624,30156,-,-,-,-
28625,30157,-,-,-,-
28626,30158,-,-,-,-
28627,30159,-,-,-,-
28628,30160,-,-,-,-
28629,30161,-,-,-,-
28630,30162,-,-,-,-
28631,30163,-,-,-,-
28632,30164,-,-,-,-
28633,30165,-,-,-,-
28634,30166,-,-,-,-
28635,30167,-,-,-,-
28636,30168,-,-,-,-
28637,30169,-,-,-,-
28638,30170,-,-,-,-
28639,30171,-,-,-,-
28640,30172,-,-,-,-
28641,30173,-,-,-,-
28642,30174,-,-,-,-
28643,30175,-,-,-,-
28644,30176,-,-,-,-
28645,30177,-,-,-,-
28646,30178,-,-,-,-
28647,30179,-,-,-,-
28648,30180,-,-,-,-
28649,30181,-,-,-,-
28650,30182,-,-,-,-
28651,30183,-,-,-,-
28652,30184,-,-,-,-
28653,30185,-,-,-,-
28654,30186,-,-,-,-
28655,30187,-,-,-,-
28656,30188,-,-,-,-
28657,30189,-,-,-,-
28658,30190,-,-,-,-
28659,30191,-,-,-,-
28660,30192,-,-,-,-
28661,30193,-,-,-,-
28662,30194,-,-,-,-
28663,30195,-,-,-,-
28664,30196,-,-,-,-
28665,30197,-,-,-,-
28666,30198,-,-,-,-
28667,30199,-,-,-,-
28668,30200,-,-,-,-
28669,30201,-,-,-,-
28670,30202,-,-,-,-
28671,30203,-,-,-,-
28672,30204,-,-,-,-
28673,30205,-,-,-,-
28674,30206,-,-,-,-
28675,30207,-,-,-,-
28676,30208,-,-,-,-
28677,30209,-,-,-,-
28678,30210,-,-,-,-
28679,30211,-,-,-,-
28680,30212,-,-,-,-
28681,30213,-,-,-,-
28682,30214,-,-,-,-
28683,30215,-,-,-,-
28684,30216,-,-,-,-
28685,30217,-,-,-,-
28686,30218,-,-,-,-
28687,30219,-,-,-,-
28688,30220,-,-,-,-
28689,30221,-,-,-,-
28690,30222,-,-,-,-
28691,30223,-,-,-,-
28692,30224,-,-,-,-
28693,30225,-,-,-,-
28694,30226,-,-,-,-
28695,30227,-,-,-,-
28696,30228,-,-,-,-
28697,30229,-,-,-,-
28698,30230,-,-,-,-
28699,30231,-,-,-,-
28700,30232,-,-,-,-
28701,30233,-,-,-,-
28702,30234,-,-,-,-
28703,30235,-,-,-,-
28704,30236,-,-,-,-
28705,30237,-,-,-,-
28706,30238,-,-,-,-
28707,30239,-,-,-,-
28708,30240,-,-,-,-
28709,30241,-,-,-,-
28710,30242,-,-,-,-
28711,30243,-,-,-,-
28712,30244,-,-,-,-
28713,30245,-,-,-,-
28714,30246,-,-,-,-
28715,30247,-,-,-,-
28716,30248,-,-,-,-
28717,30249,-,-,-,-
28718,30250,-,-,-,-
28719,30251,-,-,-,-
28720,30252,-,-,-,-
28721,30253,-,-,-,-
28722,30254,-,-,-,-
28723,30255,-,-,-,-
28724,30256,-,-,-,-
28725,30257,-,-,-,-
28726,30258,-,-,-,-
28727,30259,-,-,-,-
28728,30260,-,-,-,-
28729,30261,-,-,-,-
28730,30262,-,-,-,-
28731,30263,-,-,-,-
28732,30264,-,-,-,-
28733,30265,-,-,-,-
28734,30266,-,-,-,-
28735,30267,-,-,-,-
28736,30268,-,-,-,-
28737,30269,-,-,-,-
28738,30270,-,-,-,-
28739,30271,-,-,-,-
28740,30272,-,-,-,-
28741,30273,-,-,-,-
28742,30274,-,-,-,-
28743,30275,-,-,-,-
28744,30276,-,-,-,-
28745,30277,-,-,-,-
28746,30278,-,-,-,-
28747,30279,-,-,-,-
28748,30280,-,-,-,-
28749,30281,-,-,-,-
28750,30282,-,-,-,-
28751,30283,-,-,-,-
28752,30284,-,-,-,-
28753,30285,-,-,-,-
28754,30286,-,-,-,-
28755,30287,-,-,-,-
28756,30288,-,-,-,-
28757,30289,-,-,-,-
28758,30290,-,-,-,-
28759,30291,-,-,-,-
28760,30292,-,-,-,-
28761,30293,-,-,-,-
28762,30294,-,-,-,-
28763,30295,-,-,-,-
28764,30296,-,-,-,-
28765,30297,-,-,-,-
28766,30298,-,-,-,-
28767,30299,-,-,-,-
28768,30300,-,-,-,-
28769,30301,-,-,-,-
28770,30302,-,-,-,-
28771,30303,-,-,-,-
28772,30304,-,-,-,-
28773,30305,-,-,-,-
28774,30306,-,-,-,-
28775,30307,-,-,-,-
28776,30308,-,-,-,-
28777,30309,-,-,-,-
28778,30310,-,-,-,-
28779,30311,-,-,-,-
28780,30312,-,-,-,-
28781,30313,-,-,-,-
28782,30314,-,-,-,-
28783,30315,-,-,-,-
28784,30316,-,-,-,-
28785,30317,-,-,-,-
28786,30318,-,-,-,-
28787,30319,-,-,-,-
28788,30320,-,-,-,-
28789,30321,-,-,-,-
28790,30322,-,-,-,-
28791,30323,-,-,-,-
28792,30324,-,-,-,-
28793,30325,-,-,-,-
28794,30326,-,-,-,-
28795,30327,-,-,-,-
28796,30328,-,-,-,-
28797,30329,-,-,-,-
28798,30330,-,-,-,-
28799,30331,-,-,-,-
28800,30332,-,-,-,-
28801,30333,-,-,-,-
28802,30334,-,-,-,-
28803,30335,-,-,-,-
28804,30336,-,-,-,-
28805,30337,-,-,-,-
28806,30338,-,-,-,-
28807,30339,-,-,-,-
28808,30340,-,-,-,-
28809,30341,-,-,-,-
28810,30342,-,-,-,-
28811,30343,-,-,-,-
28812,30344,-,-,-,-
28813,30345,-,-,-,-
28814,30346,-,-,-,-
28815,30347,-,-,-,-
28816,30348,-,-,-,-
28817,30349,-,-,-,-
28818,30350,-,-,-,-
28819,30351,-,-,-,-
28820,30352,-,-,-,-
28821,30353,-,-,-,-
28822,30354,-,-,-,-
28823,30355,-,-,-,-
28824,30356,-,-,-,-
28825,30357,-,-,-,-
28826,30358,-,-,-,-
28827,30359,-,-,-,-
28828,30360,-,-,-,-
28829,30361,-,-,-,-
28830,30362,-,-,-,-
28831,30363,-,-,-,-
28832,30364,-,-,-,-
28833,30365,-,-,-,-
28834,30366,-,-,-,-
28835,30367,-,-,-,-
28836,30368,-,-,-,-
28837,30369,-,-,-,-
28838,30370,-,-,-,-
28839,30371,-,-,-,-
28840,30372,-,-,-,-
28841,30373,-,-,-,-
28842,30374,-,-,-,-
28843,30375,-,-,-,-
28844,30376,-,-,-,-
28845,30377,-,-,-,-
28846,30378,-,-,-,-
28847,30379,-,-,-,-
28848,30380,-,-,-,-
28849,30381,-,-,-,-
28850,30382,-,-,-,-
28851,30383,-,-,-,-
28852,30384,-,-,-,-
28853,30385,-,-,-,-
28854,30386,-,-,-,-
28855,30387,-,-,-,-
28856,30388,-,-,-,-
28856,30389,-,-,-,-
28856,30390,-,-,-,-
28856,30391,-,-,-,-
28856,30392,-,-,-,-
28856,30393,-,-,-,-
28856,30394,-,-,-,-
28856,30395,-,-,-,-
28856,30396,-,-,-,-
28857,30397,-,-,-,-
28858,30398,-,-,-,-
28859,30399,-,-,-,-
28860,30400,-,-,-,-
28861,30401,-,-,-,-
28862,30402,-,-,-,-
28863,30403,-,-,-,-
28864,30404,-,-,-,-
28865,30405,-,-,-,-
28866,30406,-,-,-,-
28867,30407,-,-,-,-
28868,30408,-,-,-,-
28869,30409,-,-,-,-
28870,30410,-,-,-,-
28871,30411,-,-,-,-
28872,30412,-,-,-,-
28873,30413,-,-,-,-
28874,30414,-,-,-,-
28875,30415,-,-,-,-
28876,30416,-,-,-,-
28877,30417,-,-,-,-
28878,30418,-,-,-,-
28879,30419,-,-,-,-
28880,30420,-,-,-,-
28881,30421,-,-,-,-
28882,30422,-,-,-,-
28883,30423,-,-,-,-
28884,30424,-,-,-,-
28885,30425,-,-,-,-
28886,30426,-,-,-,-
28887,30427,-,-,-,-
28888,30428,-,-,-,-
28889,30429,-,-,-,-
28890,30430,-,-,-,-
28891,30431,-,-,-,-
28892,30432,-,-,-,-
28893,30433,-,-,-,-
28894,30434,-,-,-,-
28895,30435,-,-,-,-
28896,30436,-,-,-,-
28897,30437,-,-,-,-
28898,30438,-,-,-,-
28899,30439,-,-,-,-
28900,30440,-,-,-,-
28901,30441,-,-,-,-
28902,30442,-,-,-,-
28903,30443,-,-,-,-
28904,30444,-,-,-,-
28905,30445,-,-,-,-
28906,30446,-,-,-,-
28907,30447,-,-,-,-
28908,30448,-,-,-,-
28909,30449,-,-,-,-
28910,30450,-,-,-,-
28911,30451,-,-,-,-
28912,30452,-,-,-,-
28913,30453,-,-,-,-
28914,30454,-,-,-,-
28915,30455,-,-,-,-
28916,30456,-,-,-,-
28917,30457,-,-,-,-
28918,30458,-,-,-,-
28919,30459,-,-,-,-
28920,30460,-,-,-,-
28921,30461,-,-,-,-
28922,30462,-,-,-,-
28923,30463,-,-,-,-
28924,30464,-,-,-,-
28925,30465,-,-,-,-
28926,30466,-,-,-,-
28927,30467,-,-,-,-
28928,30468,-,-,-,-
28929,30469,-,-,-,-
28930,30470,-,-,-,-
28931,30471,-,-,-,-
28932,30472,-,-,-,-
28933,30473,-,-,-,-
28934,30474,-,-,-,-
28935,30475,-,-,-,-
28936,30476,-,-,-,-
28937,30477,-,-,-,-
28938,30478,-,-,-,-
28939,30479,-,-,-,-
28940,30480,-,-,-,-
28941,30481,-,-,-,-
28942,30482,-,-,-,-
28943,30483,-,-,-,-
28944,30484,-,-,-,-
28945,30485,-,-,-,-
28946,30486,-,-,-,-
28947,30487,-,-,-,-
28948,30488,-,-,-,-
28949,30489,-,-,-,-
28950,30490,-,-,-,-
28951,30491,-,-,-,-
28952,30492,-,-,-,-
28953,30493,-,-,-,-
28954,30494,-,-,-,-
28955,30495,-,-,-,-
28956,30496,-,-,-,-
28957,30497,-,-,-,-
28958,30498,-,-,-,-
28959,30499,-,-,-,-
28960,30500,-,-,-,-
28961,30501,-,-,-,-
28962,30502,-,-,-,-
28963,30503,-,-,-,-
28964,30504,-,-,-,-
28965,30505,-,-,-,-
28966,30506,-,-,-,-
28967,30507,-,-,-,-
28968,30508,-,-,-,-
28969,30509,-,-,-,-
28970,30510,-,-,-,-
28971,30511,-,-,-,-
28972,30512,-,-,-,-
28973,30513,-,-,-,-
28974,30514,-,-,-,-
28975,30515,-,-,-,-
28976,30516,-,-,-,-
28977,30517,-,-,-,-
28978,30518,-,-,-,-
28979,30519,-,-,-,-
28980,30520,-,-,-,-
28981,30521,-,-,-,-
28982,30522,-,-,-,-
28983,30523,-,-,-,-
28984,30524,-,-,-,-
28985,30525,-,-,-,-
28986,30526,-,-,-,-
28987,30527,-,-,-,-
28988,30528,-,-,-,-
28989,30529,-,-,-,-
28990,30530,-,-,-,-
28991,30531,-,-,-,-
28992,30532,-,-,-,-
28993,30533,-,-,-,-
28994,30534,-,-,-,-
28995,30535,-,-,-,-
28996,30536,-,-,-,-
28997,30537,-,-,-,-
28998,30538,-,-,-,-
28999,30539,-,-,-,-
29000,30540,-,-,-,-
29001,30541,-,-,-,-
29002,30542,-,-,-,-
29003,30543,-,-,-,-
29004,30544,-,-,-,-
29005,30545,-,-,-,-
29006,30546,-,-,-,-
29007,30547,-,-,-,-
29008,30548,-,-,-,-
29009,30549,-,-,-,-
29010,30550,-,-,-,-
29011,30551,-,-,-,-
29012,30552,-,-,-,-
29013,30553,-,-,-,-
29014,30554,-,-,-,-
29015,30555,-,-,-,-
29016,30556,-,-,-,-
29017,30557,-,-,-,-
29018,30558,-,-,-,-
29019,30559,-,-,-,-
29020,30560,-,-,-,-
29021,30561,-,-,-,-
29022,30562,-,-,-,-
29023,30563,-,-,-,-
29024,30564,-,-,-,-
29025,30565,-,-,-,-
29026,30566,-,-,-,-
29027,30567,-,-,-,-
29028,30568,-,-,-,-
29029,30569,-,-,-,-
29030,30570,-,-,-,-
29031,30571,-,-,-,-
29032,30572,-,-,-,-
29033,30573,-,-,-,-
29034,30574,-,-,-,-
29035,30575,-,-,-,-
29036,30576,-,-,-,-
29037,30577,-,-,-,-
29038,30578,-,-,-,-
29039,30579,-,-,-,-
29040,30580,-,-,-,-
29041,30581,-,-,-,-
29042,30582,-,-,-,-
29043,30583,-,-,-,-
29044,30584,-,-,-,-
29045,30585,-,-,-,-
29046,30586,-,-,-,-
29047,30587,-,-,-,-
29048,30588,-,-,-,-
29049,30589,-,-,-,-
29050,30590,-,-,-,-
29051,30591,-,-,-,-
29052,30592,-,-,-,-
29053,30593,-,-,-,-
29054,30594,-,-,-,-
29055,30595,-,-,-,-
29056,30596,-,-,-,-
29057,30597,-,-,-,-
29058,30598,-,-,-,-
29059,30599,-,-,-,-
29060,30600,-,-,-,-
29061,30601,-,-,-,-
29062,30602,-,-,-,-
29063,30603,-,-,-,-
29064,30604,-,-,-,-
29065,30605,-,-,-,-
29066,30606,-,-,-,-
29067,30607,-,-,-,-
29068,30608,-,-,-,-
29069,30609,-,-,-,-
29070,30610,-,-,-,-
29071,30611,-,-,-,-
29072,30612,-,-,-,-
29073,30613,-,-,-,-
29074,30614,-,-,-,-
29075,30615,-,-,-,-
29076,30616,-,-,-,-
29077,30617,-,-,-,-
29078,30618,-,-,-,-
29079,30619,-,-,-,-
29080,30620,-,-,-,-
29081,30621,-,-,-,-
29082,30622,-,-,-,-
29083,30623,-,-,-,-
29084,30624,-,-,-,-
29085,30625,-,-,-,-
29086,30626,-,-,-,-
29087,30627,-,-,-,-
29088,30628,-,-,-,-
29089,30629,-,-,-,-
29090,30630,-,-,-,-
29091,30631,-,-,-,-
29092,30632,-,-,-,-
29093,30633,-,-,-,-
29094,30634,-,-,-,-
29095,30635,-,-,-,-
29096,30636,-,-,-,-
29097,30637,-,-,-,-
29098,30638,-,-,-,-
29099,30639,-,-,-,-
29100,30640,-,-,-,-
29101,30641,-,-,-,-
29102,30642,-,-,-,-
29103,30643,-,-,-,-
29104,30644,-,-,-,-
29105,30645,-,-,-,-
29106,30646,-,-,-,-
29107,30647,-,-,-,-
29108,30648,-,-,-,-
29109,30649,-,-,-,-
29110,30650,-,-,-,-
29111,30651,-,-,-,-
29112,30652,-,-,-,-
29113,30653,-,-,-,-
29114,30654,-,-,-,-
29115,30655,-,-,-,-
29116,30656,-,-,-,-
29117,30657,-,-,-,-
29118,30658,-,-,-,-
29119,30659,-,-,-,-
29120,30660,-,-,-,-
29121,30661,-,-,-,-
29122,30662,-,-,-,-
29123,30663,-,-,-,-
29124,30664,-,-,-,-
29125,30665,-,-,-,-
29126,30666,-,-,-,-
29127,30667,-,-,-,-
29128,30668,-,-,-,-
29129,30669,-,-,-,-
29130,30670,-,-,-,-
29131,30671,-,-,-,-
29132,30672,-,-,-,-
29133,30673,-,-,-,-
29134,30674,-,-,-,-
29135,30675,-,-,-,-
29136,30676,-,-,-,-
29137,30677,-,-,-,-
29138,30678,-,-,-,-
29139,30679,-,-,-,-
29140,30680,-,-,-,-
29141,30681,-,-,-,-
29142,30682,-,-,-,-
29143,30683,-,-,-,-
29144,30684,-,-,-,-
29145,30685,-,-,-,-
29146,30686,-,-,-,-
29147,30687,-,-,-,-
29148,30688,-,-,-,-
29149,30689,-,-,-,-
29150,30690,-,-,-,-
29151,30691,-,-,-,-
29152,30692,-,-,-,-
29153,30693,-,-,-,-
29154,30694,-,-,-,-
29155,30695,-,-,-,-
29156,30696,-,-,-,-
29157,30697,-,-,-,-
29158,30698,-,-,-,-
29159,30699,-,-,-,-
29160,30700,-,-,-,-
29161,30701,-,-,-,-
29162,30702,-,-,-,-
29163,30703,-,-,-,-
29164,30704,-,-,-,-
29165,30705,-,-,-,-
29166,30706,-,-,-,-
29167,30707,-,-,-,-
29168,30708,-,-,-,-
29169,30709,-,-,-,-
29170,30710,-,-,-,-
29171,30711,-,-,-,-
29172,30712,-,-,-,-
29173,30713,-,-,-,-
29174,30714,-,-,-,-
29175,30715,-,-,-,-
29176,30716,-,-,-,-
29177,30717,-,-,-,-
29178,30718,-,-,-,-
29179,30719,-,-,-,-
29180,30720,-,-,-,-
29181,30721,-,-,-,-
29182,30722,-,-,-,-
29183,30723,-,-,-,-
29184,30724,-,-,-,-
29185,30725,-,-,-,-
29186,30726,-,-,-,-
29187,30727,-,-,-,-
29188,30728,-,-,-,-
29189,30729,-,-,-,-
29190,30730,-,-,-,-
29191,30731,-,-,-,-
29192,30732,-,-,-,-
29193,30733,-,-,-,-
29194,30734,-,-,-,-
29195,30735,-,-,-,-
29196,30736,-,-,-,-
29197,30737,-,-,-,-
29198,30738,-,-,-,-
29199,30739,-,-,-,-
29200,30740,-,-,-,-
29201,30741,-,-,-,-
29202,30742,-,-,-,-
29203,30743,-,-,-,-
29204,30744,-,-,-,-
29205,30745,-,-,-,-
29206,30746,-,-,-,-
29207,30747,-,-,-,-
29208,30748,-,-,-,-
29209,30749,-,-,-,-
29210,30750,-,-,-,-
29211,30751,-,-,-,-
29212,30752,-,-,-,-
29213,30753,-,-,-,-
29214,30754,-,-,-,-
29215,30755,-,-,-,-
29216,30756,-,-,-,-
29217,30757,-,-,-,-
29218,30758,-,-,-,-
29219,30759,-,-,-,-
29220,30760,-,-,-,-
29221,30761,-,-,-,-
29222,30762,-,-,-,-
29223,30763,-,-,-,-
29224,30764,-,-,-,-
29225,30765,-,-,-,-
29226,30766,-,-,-,-
29227,30767,-,-,-,-
29228,30768,-,-,-,-
29229,30769,-,-,-,-
29230,30770,-,-,-,-
29231,30771,-,-,-,-
29232,30772,-,-,-,-
29233,30773,-,-,-,-
29234,30774,-,-,-,-
29235,30775,-,-,-,-
29236,30776,-,-,-,-
29237,30777,-,-,-,-
29238,30778,-,-,-,-
29239,30779,-,-,-,-
29240,30780,-,-,-,-
29241,30781,-,-,-,-
29242,30782,-,-,-,-
29243,30783,-,-,-,-
29244,30784,-,-,-,-
29245,30785,-,-,-,-
29246,30786,-,-,-,-
29247,30787,-,-,-,-
29248,30788,-,-,-,-
29249,30789,-,-,-,-
29250,30790,-,-,-,-
29251,30791,-,-,-,-
29252,30792,-,-,-,-
29253,30793,-,-,-,-
29254,30794,-,-,-,-
29255,30795,-,-,-,-
29256,30796,-,-,-,-
29257,30797,-,-,-,-
29258,30798,-,-,-,-
29259,30799,-,-,-,-
29260,30800,-,-,-,-
29261,30801,-,-,-,-
29262,30802,-,-,-,-
29263,30803,-,-,-,-
29264,30804,-,-,-,-
29265,30805,-,-,-,-
29266,30806,-,-,-,-
29267,30807,-,-,-,-
29268,30808,-,-,-,-
29269,30809,-,-,-,-
29270,30810,-,-,-,-
29271,30811,-,-,-,-
29272,30812,-,-,-,-
29273,30813,-,-,-,-
29274,30814,-,-,-,-
29275,30815,-,-,-,-
29276,30816,-,-,-,-
29277,30817,-,-,-,-
29278,30818,-,-,-,-
29279,30819,-,-,-,-
29280,30820,-,-,-,-
29281,30821,-,-,-,-
29282,30822,-,-,-,-
29283,30823,-,-,-,-
29284,30824,-,-,-,-
29285,30825,-,-,-,-
29286,30826,-,-,-,-
29287,30827,-,-,-,-
29288,30828,-,-,-,-
29289,30829,-,-,-,-
29290,30830,-,-,-,-
29291,30831,-,-,-,-
29292,30832,-,-,-,-
29293,30833,-,-,-,-
29294,30834,-,-,-,-
29295,30835,-,-,-,-
29296,30836,-,-,-,-
29297,30837,-,-,-,-
29298,30838,-,-,-,-
29299,30839,-,-,-,-
29300,30840,-,-,-,-
29301,30841,-,-,-,-
29302,30842,-,-,-,-
29303,30843,-,-,-,-
29304,30844,-,-,-,-
29305,30845,-,-,-,-
29306,30846,-,-,-,-
29307,30847,-,-,-,-
29308,30848,-,-,-,-
29309,30849,-,-,-,-
29310,30850,-,-,-,-
29311,30851,-,-,-,-
29312,30852,-,-,-,-
29313,30853,-,-,-,-
29314,30854,-,-,-,-
29315,30855,-,-,-,-
29316,30856,-,-,-,-
29317,30857,-,-,-,-
29318,30858,-,-,-,-
29319,30859,-,-,-,-
29320,30860,-,-,-,-
29321,30861,-,-,-,-
29322,30862,-,-,-,-
29323,30863,-,-,-,-
29324,30864,-,-,-,-
29325,30865,-,-,-,-
29326,30866,-,-,-,-
29327,30867,-,-,-,-
29328,30868,-,-,-,-
29329,30869,-,-,-,-
29330,30870,-,-,-,-
29331,30871,-,-,-,-
29332,30872,-,-,-,-
29333,30873,-,-,-,-
29334,30874,-,-,-,-
29335,30875,-,-,-,-
29336,30876,-,-,-,-
29337,30877,-,-,-,-
29338,30878,-,-,-,-
29339,30879,-,-,-,-
29340,30880,-,-,-,-
29341,30881,-,-,-,-
29342,30882,-,-,-,-
29343,30883,-,-,-,-
29344,30884,-,-,-,-
29345,30885,-,-,-,-
29346,30886,-,-,-,-
29347,30887,-,-,-,-
29348,30888,-,-,-,-
29349,30889,-,-,-,-
29350,30890,-,-,-,-
29351,30891,-,-,-,-
29352,30892,-,-,-,-
29353,30893,-,-,-,-
29354,30894,-,-,-,-
29355,30895,-,-,-,-
29356,30896,-,-,-,-
29357,30897,-,-,-,-
29358,30898,-,-,-,-
29359,30899,-,-,-,-
29360,30900,-,-,-,-
29361,30901,-,-,-,-
29362,30902,-,-,-,-
29363,30903,-,-,-,-
29364,30904,-,-,-,-
29365,30905,-,-,-,-
29366,30906,-,-,-,-
29367,30907,-,-,-,-
29368,30908,-,-,-,-
29369,30909,-,-,-,-
29370,30910,-,-,-,-
29371,30911,-,-,-,-
29372,30912,-,-,-,-
29373,30913,-,-,-,-
29374,30914,-,-,-,-
29375,30915,-,-,-,-
29376,30916,-,-,-,-
29377,30917,-,-,-,-
29378,30918,-,-,-,-
29379,30919,-,-,-,-
29380,30920,-,-,-,-
29381,30921,-,-,-,-
29382,30922,-,-,-,-
29383,30923,-,-,-,-
29384,30924,-,-,-,-
29385,30925,-,-,-,-
29386,30926,-,-,-,-
29387,30927,-,-,-,-
29388,30928,-,-,-,-
29389,30929,-,-,-,-
29390,30930,-,-,-,-
29391,30931,-,-,-,-
29392,30932,-,-,-,-
29393,30933,-,-,-,-
29394,30934,-,-,-,-
29395,30935,-,-,-,-
29396,30936,-,-,-,-
29397,30937,-,-,-,-
29398,30938,-,-,-,-
29399,30939,-,-,-,-
29400,30940,-,-,-,-
29401,30941,-,-,-,-
29402,30942,-,-,-,-
29403,30943,-,-,-,-
29404,30944,-,-,-,-
29405,30945,-,-,-,-
29406,30946,-,-,-,-
29407,30947,-,-,-,-
29408,30948,-,-,-,-
29409,30949,-,-,-,-
29410,30950,-,-,-,-
29411,30951,-,-,-,-
29412,30952,-,-,-,-
29413,30953,-,-,-,-
29414,30954,-,-,-,-
29415,30955,-,-,-,-
29416,30956,-,-,-,-
29417,30957,-,-,-,-
29418,30958,-,-,-,-
29419,30959,-,-,-,-
29420,30960,-,-,-,-
29421,30961,-,-,-,-
29422,30962,-,-,-,-
29423,30963,-,-,-,-
29424,30964,-,-,-,-
29425,30965,-,-,-,-
29426,30966,-,-,-,-
29427,30967,-,-,-,-
29428,30968,-,-,-,-
29429,30969,-,-,-,-
29430,30970,-,-,-,-
29431,30971,-,-,-,-
29432,30972,-,-,-,-
29433,30973,-,-,-,-
29434,30974,-,-,-,-
29435,30975,-,-,-,-
29436,30976,-,-,-,-
29437,30977,-,-,-,-
29438,30978,-,-,-,-
29439,30979,-,-,-,-
29440,30980,-,-,-,-
29441,30981,-,-,-,-
29442,30982,-,-,-,-
29443,30983,-,-,-,-
29444,30984,-,-,-,-
29445,30985,-,-,-,-
29446,30986,-,-,-,-
29447,30987,-,-,-,-
29448,30988,-,-,-,-
29449,30989,-,-,-,-
29450,30990,-,-,-,-
29451,30991,-,-,-,-
29452,30992,-,-,-,-
29453,30993,-,-,-,-
29454,30994,-,-,-,-
29455,30995,-,-,-,-
29456,30996,-,-,-,-
29457,30997,-,-,-,-
29458,30998,-,-,-,-
29459,30999,-,-,-,-
29460,31000,-,-,-,-
29461,31001,-,-,-,-
29462,31002,-,-,-,-
29463,31003,-,-,-,-
29464,31004,-,-,-,-
29465,31005,-,-,-,-
29466,31006,-,-,-,-
29467,31007,-,-,-,-
29468,31008,-,-,-,-
29469,31009,-,-,-,-
29470,31010,-,-,-,-
29471,31011,-,-,-,-
29472,31012,-,-,-,-
29473,31013,-,-,-,-
29474,31014,-,-,-,-
29475,31015,-,-,-,-
29476,31016,-,-,-,-
29477,31017,-,-,-,-
29478,31018,-,-,-,-
29479,31019,-,-,-,-
29480,31020,-,-,-,-
29481,31021,-,-,-,-
29482,31022,-,-,-,-
29483,31023,-,-,-,-
29484,31024,-,-,-,-
29485,31025,-,-,-,-
29486,31026,-,-,-,-
29487,31027,-,-,-,-
29488,31028,-,-,-,-
29489,31029,-,-,-,-
29490,31030,-,-,-,-
29491,31031,-,-,-,-
29492,31032,-,-,-,-
29493,31033,-,-,-,-
29494,31034,-,-,-,-
29495,31035,-,-,-,-
29496,31036,-,-,-,-
29497,31037,-,-,-,-
29498,31038,-,-,-,-
29499,31039,-,-,-,-
29500,31040,-,-,-,-
29501,31041,-,-,-,-
29502,31042,-,-,-,-
29503,31043,-,-,-,-
29504,31044,-,-,-,-
29505,31045,-,-,-,-
29506,31046,-,-,-,-
29507,31047,-,-,-,-
29508,31048,-,-,-,-
29509,31049,-,-,-,-
29510,31050,-,-,-,-
29511,31051,-,-,-,-
29512,31052,-,-,-,-
29513,31053,-,-,-,-
29514,31054,-,-,-,-
29515,31055,-,-,-,-
29516,31056,-,-,-,-
29517,31057,-,-,-,-
29518,31058,-,-,-,-
29519,31059,-,-,-,-
29520,31060,-,-,-,-
29521,31061,-,-,-,-
29522,31062,-,-,-,-
29523,31063,-,-,-,-
29524,31064,-,-,-,-
29525,31065,-,-,-,-
29526,31066,-,-,-,-
29527,31067,-,-,-,-
29528,31068,-,-,-,-
29529,31069,-,-,-,-
29530,31070,-,-,-,-
29531,31071,-,-,-,-
29532,31072,-,-,-,-
29533,31073,-,-,-,-
29534,31074,-,-,-,-
29535,31075,-,-,-,-
29536,31076,-,-,-,-
29537,31077,-,-,-,-
29538,31078,-,-,-,-
29539,31079,-,-,-,-
29540,31080,-,-,-,-
29541,31081,-,-,-,-
29542,31082,-,-,-,-
29543,31083,-,-,-,-
29544,31084,-,-,-,-
29545,31085,-,-,-,-
29546,31086,-,-,-,-
29547,31087,-,-,-,-
29548,31088,-,-,-,-
29549,31089,-,-,-,-
29550,31090,-,-,-,-
29551,31091,-,-,-,-
29552,31092,-,-,-,-
29553,31093,-,-,-,-
29554,31094,-,-,-,-
29555,31095,-,-,-,-
29556,31096,-,-,-,-
29557,31097,-,-,-,-
29558,31098,-,-,-,-
29559,31099,-,-,-,-
29560,31100,-,-,-,-
29561,31101,-,-,-,-
29562,31102,-,-,-,-
29563,31103,-,-,-,-
29564,31104,-,-,-,-
29565,31105,-,-,-,-
29566,31106,-,-,-,-
29567,31107,-,-,-,-
29568,31108,-,-,-,-
29569,31109,-,-,-,-
29570,31110,-,-,-,-
29571,31111,-,-,-,-
29572,31112,-,-,-,-
29573,31113,-,-,-,-
29574,31114,-,-,-,-
29575,31115,-,-,-,-
29576,31116,-,-,-,-
29577,31117,-,-,-,-
29578,31118,-,-,-,-
29579,31119,-,-,-,-
29580,31120,-,-,-,-
29581,31121,-,-,-,-
29582,31122,-,-,-,-
29583,31123,-,-,-,-
29584,31124,-,-,-,-
29585,31125,-,-,-,-
29586,31126,-,-,-,-
29587,31127,-,-,-,-
29588,31128,-,-,-,-
29589,31129,-,-,-,-
29590,31130,-,-,-,-
29591,31131,-,-,-,-
29592,31132,-,-,-,-
29593,31133,-,-,-,-
29594,31134,-,-,-,-
29595,31135,-,-,-,-
29596,31136,-,-,-,-
29597,31137,-,-,-,-
29598,31138,-,-,-,-
29599,31139,-,-,-,-
29600,31140,-,-,-,-
29601,31141,-,-,-,-
29602,31142,-,-,-,-
29603,31143,-,-,-,-
29604,31144,-,-,-,-
29605,31145,-,-,-,-
29606,31146,-,-,-,-
29607,31147,-,-,-,-
29608,31148,-,-,-,-
29609,31149,-,-,-,-
29610,31150,-,-,-,-
29611,31151,-,-,-,-
29612,31152,-,-,-,-
29613,31153,-,-,-,-
29614,31154,-,-,-,-
29615,31155,-,-,-,-
29616,31156,-,-,-,-
29617,31157,-,-,-,-
29618,31158,-,-,-,-
29619,31159,-,-,-,-
29620,31160,-,-,-,-
29621,31161,-,-,-,-
29622,31162,-,-,-,-
29623,31163,-,-,-,-
29624,31164,-,-,-,-
29625,31165,-,-,-,-
29626,31166,-,-,-,-
29627,31167,-,-,-,-
29628,31168,-,-,-,-
29629,31169,-,-,-,-
29630,31170,-,-,-,-
29631,31171,-,-,-,-
29632,31172,-,-,-,-
29633,31173,-,-,-,-
29634,31174,-,-,-,-
29635,31175,-,-,-,-
29636,31176,-,-,-,-
29637,31177,-,-,-,-
29638,31178,-,-,-,-
29639,31179,-,-,-,-
29640,31180,-,-,-,-
29641,31181,-,-,-,-
29642,31182,-,-,-,-
29643,31183,-,-,-,-
29644,31184,-,-,-,-
29645,31185,-,-,-,-
29646,31186,-,-,-,-
29647,31187,-,-,-,-
29648,31188,-,-,-,-
29649,31189,-,-,-,-
29650,31190,-,-,-,-
29651,31191,-,-,-,-
29652,31192,-,-,-,-
29653,31193,-,-,-,-
29654,31194,-,-,-,-
29655,31195,-,-,-,-
29656,31196,-,-,-,-
29657,31197,-,-,-,-
29658,31198,-,-,-,-
29659,31199,-,-,-,-
29660,31200,-,-,-,-
29661,31201,-,-,-,-
29662,31202,-,-,-,-
29663,31203,-,-,-,-
29664,31204,-,-,-,-
29665,31205,-,-,-,-
29666,31206,-,-,-,-
29667,31207,-,-,-,-
29668,31208,-,-,-,-
29669,31209,-,-,-,-
29670,31210,-,-,-,-
29671,31211,-,-,-,-
29672,31212,-,-,-,-
29673,31213,-,-,-,-
29674,31214,-,-,-,-
29675,31215,-,-,-,-
29676,31216,-,-,-,-
29677,31217,-,-,-,-
29678,31218,-,-,-,-
29679,31219,-,-,-,-
29680,31220,-,-,-,-
29681,31221,-,-,-,-
29682,31222,-,-,-,-
29683,31223,-,-,-,-
29684,31224,-,-,-,-
29685,31225,-,-,-,-
29686,31226,-,-,-,-
29687,31227,-,-,-,-
29688,31228,-,-,-,-
29689,31229,-,-,-,-
29690,31230,-,-,-,-
29691,31231,-,-,-,-
29692,31232,-,-,-,-
29693,31233,-,-,-,-
29694,31234,-,-,-,-
29695,31235,-,-,-,-
29696,31236,-,-,-,-
29697,31237,-,-,-,-
29698,31238,-,-,-,-
29699,31239,-,-,-,-
29700,31240,-,-,-,-
29701,31241,-,-,-,-
29702,31242,-,-,-,-
29703,31243,-,-,-,-
29704,31244,-,-,-,-
29705,31245,-,-,-,-
29706,31246,-,-,-,-
29707,31247,-,-,-,-
29708,31248,-,-,-,-
29709,31249,-,-,-,-
29710,31250,-,-,-,-
29711,31251,-,-,-,-
29712,31252,-,-,-,-
29713,31253,-,-,-,-
29714,31254,-,-,-,-
29715,31255,-,-,-,-
29716,31256,-,-,-,-
29717,31257,-,-,-,-
29718,31258,-,-,-,-
29719,31259,-,-,-,-
29720,31260,-,-,-,-
29721,31261,-,-,-,-
29722,31262,-,-,-,-
29723,31263,-,-,-,-
29724,31264,-,-,-,-
29725,31265,-,-,-,-
29726,31266,-,-,-,-
29727,31267,-,-,-,-
29728,31268,-,-,-,-
29729,31269,-,-,-,-
29730,31270,-,-,-,-
29731,31271,-,-,-,-
29732,31272,-,-,-,-
29733,31273,-,-,-,-
29734,31274,-,-,-,-
29735,31275,-,-,-,-
29736,31276,-,-,-,-
29737,31277,-,-,-,-
29738,31278,-,-,-,-
29739,31279,-,-,-,-
29740,31280,-,-,-,-
29741,31281,-,-,-,-
29742,31282,-,-,-,-
29743,31283,-,-,-,-
29744,31284,-,-,-,-
29745,31285,-,-,-,-
29746,31286,-,-,-,-
29747,31287,-,-,-,-
29748,31288,-,-,-,-
29749,31289,-,-,-,-
29750,31290,-,-,-,-
29751,31291,-,-,-,-
29752,31292,-,-,-,-
29753,31293,-,-,-,-
29754,31294,-,-,-,-
29755,31295,-,-,-,-
29756,31296,-,-,-,-
29757,31297,-,-,-,-
29758,31298,-,-,-,-
29759,31299,-,-,-,-
29760,31300,-,-,-,-
29761,31301,-,-,-,-
29762,31302,-,-,-,-
29763,31303,-,-,-,-
29764,31304,-,-,-,-
29765,31305,-,-,-,-
29766,31306,-,-,-,-
29767,31307,-,-,-,-
29768,31308,-,-,-,-
29769,31309,-,-,-,-
29770,31310,-,-,-,-
29771,31311,-,-,-,-
29772,31312,-,-,-,-
29773,31313,-,-,-,-
29774,31314,-,-,-,-
29775,31315,-,-,-,-
29776,31316,-,-,-,-
29777,31317,-,-,-,-
29778,31318,-,-,-,-
29779,31319,-,-,-,-
29780,31320,-,-,-,-
29781,31321,-,-,-,-
29782,31322,-,-,-,-
29783,31323,-,-,-,-
29784,31324,-,-,-,-
29785,31325,-,-,-,-
29786,31326,-,-,-,-
29787,31327,-,-,-,-
29788,31328,-,-,-,-
29789,31329,-,-,-,-
29790,31330,-,-,-,-
29791,31331,-,-,-,-
29792,31332,-,-,-,-
29793,31333,-,-,-,-
29794,31334,-,-,-,-
29795,31335,-,-,-,-
29796,31336,-,-,-,-
29797,31337,-,-,-,-
29798,31338,-,-,-,-
29799,31339,-,-,-,-
29800,31340,-,-,-,-
29801,31341,-,-,-,-
29802,31342,-,-,-,-
29803,31343,-,-,-,-
29804,31344,-,-,-,-
29805,31345,-,-,-,-
29806,31346,-,-,-,-
29807,31347,-,-,-,-
29808,31348,-,-,-,-
29809,31349,-,-,-,-
29810,31350,-,-,-,-
29811,31351,-,-,-,-
29812,31352,-,-,-,-
29813,31353,-,-,-,-
29814,31354,-,-,-,-
29815,31355,-,-,-,-
29816,31356,-,-,-,-
29817,31357,-,-,-,-
29818,31358,-,-,-,-
29819,31359,-,-,-,-
29820,31360,-,-,-,-
29821,31361,-,-,-,-
29822,31362,-,-,-,-
29823,31363,-,-,-,-
29824,31364,-,-,-,-
29825,31365,-,-,-,-
29826,31366,-,-,-,-
29827,31367,-,-,-,-
29828,31368,-,-,-,-
29829,31369,-,-,-,-
29830,31370,-,-,-,-
29831,31371,-,-,-,-
29832,31372,-,-,-,-
29833,31373,-,-,-,-
29834,31374,-,-,-,-
29835,31375,-,-,-,-
29836,31376,-,-,-,-
29837,31377,-,-,-,-
29838,31378,-,-,-,-
29839,31379,-,-,-,-
29840,31380,-,-,-,-
29841,31381,-,-,-,-
29842,31382,-,-,-,-
29843,31383,-,-,-,-
29844,31384,-,-,-,-
29845,31385,-,-,-,-
29846,31386,-,-,-,-
29847,31387,-,-,-,-
29848,31388,-,-,-,-
29849,31389,-,-,-,-
29850,31390,-,-,-,-
29851,31391,-,-,-,-
29852,31392,-,-,-,-
29853,31393,-,-,-,-
29854,31394,-,-,-,-
29855,31395,-,-,-,-
29856,31396,-,-,-,-
29857,31397,-,-,-,-
29858,31398,-,-,-,-
29859,31399,-,-,-,-
29860,31400,-,-,-,-
29861,31401,-,-,-,-
29862,31402,-,-,-,-
29863,31403,-,-,-,-
29864,31404,-,-,-,-
29865,31405,-,-,-,-
29866,31406,-,-,-,-
29867,31407,-,-,-,-
29868,31408,-,-,-,-
29869,31409,-,-,-,-
29870,31410,-,-,-,-
29871,31411,-,-,-,-
29872,31412,-,-,-,-
29873,31413,-,-,-,-
29874,31414,-,-,-,-
29875,31415,-,-,-,-
29876,31416,-,-,-,-
29877,31417,-,-,-,-
29878,31418,-,-,-,-
29879,31419,-,-,-,-
29880,31420,-,-,-,-
29881,31421,-,-,-,-
29882,31422,-,-,-,-
29883,31423,-,-,-,-
29884,31424,-,-,-,-
29885,31425,-,-,-,-
29886,31426,-,-,-,-
29887,31427,-,-,-,-
29888,31428,-,-,-,-
29889,31429,-,-,-,-
29890,31430,-,-,-,-
29891,31431,-,-,-,-
29892,31432,-,-,-,-
29893,31433,-,-,-,-
29894,31434,-,-,-,-
29895,31435,-,-,-,-
29896,31436,-,-,-,-
29897,31437,-,-,-,-
29898,31438,-,-,-,-
29899,31439,-,-,-,-
29900,31440,-,-,-,-
29901,31441,-,-,-,-
29902,31442,-,-,-,-
29903,31443,-,-,-,-
29904,31444,-,-,-,-
29905,31445,-,-,-,-
29906,31446,-,-,-,-
29907,31447,-,-,-,-
29908,31448,-,-,-,-
29909,31449,-,-,-,-
29910,31450,-,-,-,-
29911,31451,-,-,-,-
29912,31452,-,-,-,-
29913,31453,-,-,-,-
29914,31454,-,-,-,-
29915,31455,-,-,-,-
29916,31456,-,-,-,-
29917,31457,-,-,-,-
29918,31458,-,-,-,-
29919,31459,-,-,-,-
29920,31460,-,-,-,-
29921,31461,-,-,-,-
29922,31462,-,-,-,-
29923,31463,-,-,-,-
29924,31464,-,-,-,-
29925,31465,-,-,-,-
29926,31466,-,-,-,-
29927,31467,-,-,-,-
29928,31468,-,-,-,-
29929,31469,-,-,-,-
29930,31470,-,-,-,-
29931,31471,-,-,-,-
29932,31472,-,-,-,-
29933,31473,-,-,-,-
29934,31474,-,-,-,-
29935,31475,-,-,-,-
29936,31476,-,-,-,-
29937,31477,-,-,-,-
29938,31478,-,-,-,-
29939,31479,-,-,-,-
29940,31480,-,-,-,-
29941,31481,-,-,-,-
29942,31482,-,-,-,-
29943,31483,-,-,-,-
29944,31484,-,-,-,-
29945,31485,-,-,-,-
29946,31486,-,-,-,-
29947,31487,-,-,-,-
29948,31488,-,-,-,-
29949,31489,-,-,-,-
29950,31490,-,-,-,-
29951,31491,-,-,-,-
29952,31492,-,-,-,-
29953,31493,-,-,-,-
29954,31494,-,-,-,-
29955,31495,-,-,-,-
29956,31496,-,-,-,-
29957,31497,-,-,-,-
29958,31498,-,-,-,-
29959,31499,-,-,-,-
29960,31500,-,-,-,-
29961,31501,-,-,-,-
29962,31502,-,-,-,-
29963,31503,-,-,-,-
29964,31504,-,-,-,-
29965,31505,-,-,-,-
29966,31506,-,-,-,-
29967,31507,-,-,-,-
29968,31508,-,-,-,-
29969,31509,-,-,-,-
29970,31510,-,-,-,-
29971,31511,-,-,-,-
29972,31512,-,-,-,-
29973,31513,-,-,-,-
29974,31514,-,-,-,-
29975,31515,-,-,-,-
29976,31516,-,-,-,-
29977,31517,-,-,-,-
29978,31518,-,-,-,-
29979,31519,-,-,-,-
29980,31520,-,-,-,-
29981,31521,-,-,-,-
29982,31522,-,-,-,-
29983,31523,-,-,-,-
29984,31524,-,-,-,-
29985,31525,-,-,-,-
29986,31526,-,-,-,-
29987,31527,-,-,-,-
29988,31528,-,-,-,-
29989,31529,-,-,-,-
29990,31530,-,-,-,-
29991,31531,-,-,-,-
29992,31532,-,-,-,-
29993,31533,-,-,-,-
29994,31534,-,-,-,-
29995,31535,-,-,-,-
29996,31536,-,-,-,-
29997,31537,-,-,-,-
29998,31538,-,-,-,-
29999,31539,-,-,-,-
30000,31540,-,-,-,-
30001,31541,-,-,-,-
30002,31542,-,-,-,-
30003,31543,-,-,-,-
30004,31544,-,-,-,-
30005,31545,-,-,-,-
30006,31546,-,-,-,-
30007,31547,-,-,-,-
30008,31548,-,-,-,-
30009,31549,-,-,-,-
30010,31550,-,-,-,-
30011,31551,-,-,-,-
30012,31552,-,-,-,-
30013,31553,-,-,-,-
30014,31554,-,-,-,-
30015,31555,-,-,-,-
30016,31556,-,-,-,-
30017,31557,-,-,-,-
30018,31558,-,-,-,-
30019,31559,-,-,-,-
30020,31560,-,-,-,-
30021,31561,-,-,-,-
30022,31562,-,-,-,-
30023,31563,-,-,-,-
30024,31564,-,-,-,-
30025,31565,-,-,-,-
30026,31566,-,-,-,-
30027,31567,-,-,-,-
30028,31568,-,-,-,-
30029,31569,-,-,-,-
30030,31570,-,-,-,-
30031,31571,-,-,-,-
30032,31572,-,-,-,-
30033,31573,-,-,-,-
30034,31574,-,-,-,-
30035,31575,-,-,-,-
30036,31576,-,-,-,-
30037,31577,-,-,-,-
30038,31578,-,-,-,-
30039,31579,-,-,-,-
30040,31580,-,-,-,-
30041,31581,-,-,-,-
30042,31582,-,-,-,-
30043,31583,-,-,-,-
30044,31584,-,-,-,-
30045,31585,-,-,-,-
30046,31586,-,-,-,-
30047,31587,-,-,-,-
30048,31588,-,-,-,-
30049,31589,-,-,-,-
30050,31590,-,-,-,-
30051,31591,-,-,-,-
30052,31592,-,-,-,-
30053,31593,-,-,-,-
30054,31594,-,-,-,-
30055,31595,-,-,-,-
30056,31596,-,-,-,-
30057,31597,-,-,-,-
30058,31598,-,-,-,-
30059,31599,-,-,-,-
30060,31600,-,-,-,-
30061,31601,-,-,-,-
30062,31602,-,-,-,-
30063,31603,-,-,-,-
30064,31604,-,-,-,-
30065,31605,-,-,-,-
30066,31606,-,-,-,-
30067,31607,-,-,-,-
30068,31608,-,-,-,-
30069,31609,-,-,-,-
30070,31610,-,-,-,-
30071,31611,-,-,-,-
30072,31612,-,-,-,-
30073,31613,-,-,-,-
30074,31614,-,-,-,-
30075,31615,-,-,-,-
30076,31616,-,-,-,-
30077,31617,-,-,-,-
30078,31618,-,-,-,-
30079,31619,-,-,-,-
30080,31620,-,-,-,-
30081,31621,-,-,-,-
30081,31622,-,-,-,-
30081,31623,-,-,-,-
30081,31624,-,-,-,-
30081,31625,-,-,-,-
30081,31626,-,-,-,-
30081,31627,-,-,-,-
30081,31628,-,-,-,-
30081,31629,-,-,-,-
30081,31630,-,-,-,-
30081,31631,-,-,-,-
30081,31632,-,-,-,-
30081,31633,-,-,-,-
30081,31634,-,-,-,-
30081,31635,-,-,-,-
30081,31636,-,-,-,-
30081,31637,-,-,-,-
30081,31638,-,-,-,-
30081,31639,-,-,-,-
30081,31640,-,-,-,-
30081,31641,-,-,-,-
30081,31642,-,-,-,-
30081,31643,-,-,-,-
30081,31644,-,-,-,-
30081,31645,-,-,-,-
30081,31646,-,-,-,-
30081,31647,-,-,-,-
30081,31648,-,-,-,-
30081,31649,-,-,-,-
30081,31650,-,-,-,-
30081,31651,-,-,-,-
30081,31652,-,-,-,-
30081,31653,-,-,-,-
30081,31654,-,-,-,-
30081,31655,-,-,-,-
30081,31656,-,-,-,-
30081,31657,-,-,-,-
30081,31658,-,-,-,-
30081,31659,-,-,-,-
30081,31660,-,-,-,-
30081,31661,-,-,-,-
30081,31662,-,-,-,-
30081,31663,-,-,-,-
30081,31664,-,-,-,-
30081,31665,-,-,-,-
30081,31666,-,-,-,-
30081,31667,-,-,-,-
30081,31668,-,-,-,-
30081,31669,-,-,-,-
30081,31670,-,-,-,-
30081,31671,-,-,-,-
30081,31672,-,-,-,-
30081,31673,-,-,-,-
30081,31674,-,-,-,-
30081,31675,-,-,-,-
30081,31676,-,-,-,-
30081,31677,-,-,-,-
30081,31678,-,-,-,-
30081,31679,-,-,-,-
30081,31680,-,-,-,-
30081,31681,-,-,-,-
30081,31682,-,-,-,-
30081,31683,-,-,-,-
30081,31684,-,-,-,-
30081,31685,-,-,-,-
30081,31686,-,-,-,-
30081,31687,-,-,-,-
30081,31688,-,-,-,-
30081,31689,-,-,-,-
30081,31690,-,-,-,-
30081,31691,-,-,-,-
30081,31692,-,-,-,-
30081,31693,-,-,-,-
30081,31694,-,-,-,-
30081,31695,-,-,-,-
30081,31696,-,-,-,-
30081,31697,-,-,-,-
30081,31698,-,-,-,-
30081,31699,-,-,-,-
30081,31700,-,-,-,-
30081,31701,-,-,-,-
30081,31702,-,-,-,-
30081,31703,-,-,-,-
30081,31704,-,-,-,-
30081,31705,-,-,-,-
30081,31706,-,-,-,-
30081,31707,-,-,-,-
30081,31708,-,-,-,-
30081,31709,-,-,-,-
30081,31710,-,-,-,-
30081,31711,-,-,-,-
30081,31712,-,-,-,-
30081,31713,-,-,-,-
30081,31714,-,-,-,-
30081,31715,-,-,-,-
30081,31716,-,-,-,-
30081,31717,-,-,-,-
30081,31718,-,-,-,-
30081,31719,-,-,-,-
30081,31720,-,-,-,-
30081,31721,-,-,-,-
30081,31722,-,-,-,-
30081,31723,-,-,-,-
30081,31724,-,-,-,-
30081,31725,-,-,-,-
30081,31726,-,-,-,-
30081,31727,-,-,-,-
30081,31728,-,-,-,-
30081,31729,-,-,-,-
30081,31730,-,-,-,-
30081,31731,-,-,-,-
30081,31732,-,-,-,-
30081,31733,-,-,-,-
30081,31734,-,-,-,-
30081,31735,-,-,-,-
30081,31736,-,-,-,-
30081,31737,-,-,-,-
30081,31738,-,-,-,-
30081,31739,-,-,-,-
30081,31740,-,-,-,-
30081,31741,-,-,-,-
30081,31742,-,-,-,-
30081,31743,-,-,-,-
30081,31744,-,-,-,-
30081,31745,-,-,-,-
30081,31746,-,-,-,-
30081,31747,-,-,-,-
30081,31748,-,-,-,-
30081,31749,-,-,-,-
30081,31750,-,-,-,-
30081,31751,-,-,-,-
30081,31752,-,-,-,-
30081,31753,-,-,-,-
30081,31754,-,-,-,-
30081,31755,-,-,-,-
30081,31756,-,-,-,-
30081,31757,-,-,-,-
30081,31758,-,-,-,-
30081,31759,-,-,-,-
30081,31760,-,-,-,-
30081,31761,-,-,-,-
30081,31762,-,-,-,-
30081,31763,-,-,-,-
30081,31764,-,-,-,-
30081,31765,-,-,-,-
30081,31766,-,-,-,-
30081,31767,-,-,-,-
30081,31768,-,-,-,-
30081,31769,-,-,-,-
30081,31770,-,-,-,-
30081,31771,-,-,-,-
30081,31772,-,-,-,-
30081,31773,-,-,-,-
30081,31774,-,-,-,-
30081,31775,-,-,-,-
30081,31776,-,-,-,-
30081,31777,-,-,-,-
30081,31778,-,-,-,-
30081,31779,-,-,-,-
30081,31780,-,-,-,-
30081,31781,-,-,-,-
30081,31782,-,-,-,-
30081,31783,-,-,-,-
30081,31784,-,-,-,-
30081,31785,-,-,-,-
30081,31786,-,-,-,-
30081,31787,-,-,-,-
30081,31788,-,-,-,-
30081,31789,-,-,-,-
30081,31790,-,-,-,-
30081,31791,-,-,-,-
30081,31792,-,-,-,-
30081,31793,-,-,-,-
30081,31794,-,-,-,-
30081,31795,-,-,-,-
30081,31796,-,-,-,-
30081,31797,-,-,-,-
30081,31798,-,-,-,-
30081,31799,-,-,-,-
30081,31800,-,-,-,-
30081,31801,-,-,-,-
30081,31802,-,-,-,-
30081,31803,-,-,-,-
30081,31804,-,-,-,-
30081,31805,-,-,-,-
30081,31806,-,-,-,-
30081,31807,-,-,-,-
30081,31808,-,-,-,-
30081,31809,-,-,-,-
30081,31810,-,-,-,-
30081,31811,-,-,-,-
30081,31812,-,-,-,-
30081,31813,-,-,-,-
30081,31814,-,-,-,-
30081,31815,-,-,-,-
30081,31816,-,-,-,-
30081,31817,-,-,-,-
30081,31818,-,-,-,-
30081,31819,-,-,-,-
30081,31820,-,-,-,-
30081,31821,-,-,-,-
30081,31822,-,-,-,-
30081,31823,-,-,-,-
30081,31824,-,-,-,-
30081,31825,-,-,-,-
30081,31826,-,-,-,-
30081,31827,-,-,-,-
30081,31828,-,-,-,-
30081,31829,-,-,-,-
30081,31830,-,-,-,-
30081,31831,-,-,-,-
30081,31832,-,-,-,-
30081,31833,-,-,-,-
30081,31834,-,-,-,-
30081,31835,-,-,-,-
30081,31836,-,-,-,-
30081,31837,-,-,-,-
30081,31838,-,-,-,-
30081,31839,-,-,-,-
30081,31840,-,-,-,-
30081,31841,-,-,-,-
30081,31842,-,-,-,-
30081,31843,-,-,-,-
30081,31844,-,-,-,-
30081,31845,-,-,-,-
30081,31846,-,-,-,-
30081,31847,-,-,-,-
30081,31848,-,-,-,-
30081,31849,-,-,-,-
30081,31850,-,-,-,-
30081,31851,-,-,-,-
30081,31852,-,-,-,-
30081,31853,-,-,-,-
30081,31854,-,-,-,-
30081,31855,-,-,-,-
30081,31856,-,-,-,-
30081,31857,-,-,-,-
30081,31858,-,-,-,-
30081,31859,-,-,-,-
30081,31860,-,-,-,-
30081,31861,-,-,-,-
30081,31862,-,-,-,-
30081,31863,-,-,-,-
30081,31864,-,-,-,-
30081,31865,-,-,-,-
30081,31866,-,-,-,-
30081,31867,-,-,-,-
30081,31868,-,-,-,-
30081,31869,-,-,-,-
30081,31870,-,-,-,-
30081,31871,-,-,-,-
30081,31872,-,-,-,-
30081,31873,-,-,-,-
30081,31874,-,-,-,-
30081,31875,-,-,-,-
30081,31876,-,-,-,-
30081,31877,-,-,-,-
30081,31878,-,-,-,-
30081,31879,-,-,-,-
30081,31880,-,-,-,-
30081,31881,-,-,-,-
30081,31882,-,-,-,-
30081,31883,-,-,-,-
30081,31884,-,-,-,-
30081,31885,-,-,-,-
30081,31886,-,-,-,-
30081,31887,-,-,-,-
30081,31888,-,-,-,-
30081,31889,-,-,-,-
30081,31890,-,-,-,-
30081,31891,-,-,-,-
30081,31892,-,-,-,-
30081,31893,-,-,-,-
30081,31894,-,-,-,-
30081,31895,-,-,-,-
30081,31896,-,-,-,-
30081,31897,-,-,-,-
30081,31898,-,-,-,-
30081,31899,-,-,-,-
30081,31900,-,-,-,-
30081,31901,-,-,-,-
30081,31902,-,-,-,-
30081,31903,-,-,-,-
30081,31904,-,-,-,-
30081,31905,-,-,-,-
30081,31906,-,-,-,-
30081,31907,-,-,-,-
30081,31908,-,-,-,-
30081,31909,-,-,-,-
30081,31910,-,-,-,-
30081,31911,-,-,-,-
30081,31912,-,-,-,-
30081,31913,-,-,-,-
30081,31914,-,-,-,-
30081,31915,-,-,-,-
30081,31916,-,-,-,-
30081,31917,-,-,-,-
30081,31918,-,-,-,-
30081,31919,-,-,-,-
30081,31920,-,-,-,-
30081,31921,-,-,-,-
30081,31922,-,-,-,-
30081,31923,-,-,-,-
30081,31924,-,-,-,-
30081,31925,-,-,-,-
30081,31926,-,-,-,-
30081,31927,-,-,-,-
30081,31928,-,-,-,-
30081,31929,-,-,-,-
30081,31930,-,-,-,-
30081,31931,-,-,-,-
30081,31932,-,-,-,-
30081,31933,-,-,-,-
30081,31934,-,-,-,-
30081,31935,-,-,-,-
30081,31936,-,-,-,-
30081,31937,-,-,-,-
30081,31938,-,-,-,-
30081,31939,-,-,-,-
30081,31940,-,-,-,-
30081,31941,-,-,-,-
30081,31942,-,-,-,-
30081,31943,-,-,-,-
30081,31944,-,-,-,-
30081,31945,-,-,-,-
30081,31946,-,-,-,-
30081,31947,-,-,-,-
30081,31948,-,-,-,-
30081,31949,-,-,-,-
30081,31950,-,-,-,-
30081,31951,-,-,-,-
30081,31952,-,-,-,-
30081,31953,-,-,-,-
30081,31954,-,-,-,-
30081,31955,-,-,-,-
30081,31956,-,-,-,-
30081,31957,-,-,-,-
30081,31958,-,-,-,-
30081,31959,-,-,-,-
30081,31960,-,-,-,-
30081,31961,-,-,-,-
30081,31962,-,-,-,-
30081,31963,-,-,-,-
30081,31964,-,-,-,-
30081,31965,-,-,-,-
30081,31966,-,-,-,-
30081,31967,-,-,-,-
30081,31968,-,-,-,-
30081,31969,-,-,-,-
30081,31970,-,-,-,-
30081,31971,-,-,-,-
30081,31972,-,-,-,-
30081,31973,-,-,-,-
30081,31974,-,-,-,-
30081,31975,-,-,-,-
30081,31976,-,-,-,-
30081,31977,-,-,-,-
30081,31978,-,-,-,-
30081,31979,-,-,-,-
30081,31980,-,-,-,-
30081,31981,-,-,-,-
30081,31982,-,-,-,-
30081,31983,-,-,-,-
30081,31984,-,-,-,-
30081,31985,-,-,-,-
30081,31986,-,-,-,-
30081,31987,-,-,-,-
30081,31988,-,-,-,-
30081,31989,-,-,-,-
30081,31990,-,-,-,-
30081,31991,-,-,-,-
30081,31992,-,-,-,-
30081,31993,-,-,-,-
30081,31994,-,-,-,-
30081,31995,-,-,-,-
30081,31996,-,-,-,-
30081,31997,-,-,-,-
30081,31998,-,-,-,-
30081,31999,-,-,-,-
30081,32000,-,-,-,-
30081,32001,-,-,-,-
30081,32002,-,-,-,-
30081,32003,-,-,-,-
30081,32004,-,-,-,-
30081,32005,-,-,-,-
30081,32006,-,-,-,-
30081,32007,-,-,-,-
30081,32008,-,-,-,-
30081,32009,-,-,-,-
30081,32010,-,-,-,-
30081,32011,-,-,-,-
30081,32012,-,-,-,-
30081,32013,-,-,-,-
30081,32014,-,-,-,-
30081,32015,-,-,-,-
30081,32016,-,-,-,-
30081,32017,-,-,-,-
30081,32018,-,-,-,-
30081,32019,-,-,-,-
30081,32020,-,-,-,-
30081,32021,-,-,-,-
30081,32022,-,-,-,-
30081,32023,-,-,-,-
30081,32024,-,-,-,-
30081,32025,-,-,-,-
30081,32026,-,-,-,-
30081,32027,-,-,-,-
30081,32028,-,-,-,-
30081,32029,-,-,-,-
30081,32030,-,-,-,-
30081,32031,-,-,-,-
30081,32032,-,-,-,-
30081,32033,-,-,-,-
30081,32034,-,-,-,-
30081,32035,-,-,-,-
30081,32036,-,-,-,-
30081,32037,-,-,-,-
30081,32038,-,-,-,-
30081,32039,-,-,-,-
30081,32040,-,-,-,-
30081,32041,-,-,-,-
30081,32042,-,-,-,-
30081,32043,-,-,-,-
30081,32044,-,-,-,-
30081,32045,-,-,-,-
30081,32046,-,-,-,-
30081,32047,-,-,-,-
30081,32048,-,-,-,-
30081,32049,-,-,-,-
30081,32050,-,-,-,-
30081,32051,-,-,-,-
30081,32052,-,-,-,-
30081,32053,-,-,-,-
30081,32054,-,-,-,-
30081,32055,-,-,-,-
30081,32056,-,-,-,-
30081,32057,-,-,-,-
30081,32058,-,-,-,-
30081,32059,-,-,-,-
30081,32060,-,-,-,-
30081,32061,-,-,-,-
30081,32062,-,-,-,-
30081,32063,-,-,-,-
30081,32064,-,-,-,-
30081,32065,-,-,-,-
30081,32066,-,-,-,-
30081,32067,-,-,-,-
30081,32068,-,-,-,-
30081,32069,-,-,-,-
30081,32070,-,-,-,-
30081,32071,-,-,-,-
30081,32072,-,-,-,-
30081,32073,-,-,-,-
30081,32074,-,-,-,-
30081,32075,-,-,-,-
30081,32076,-,-,-,-
30081,32077,-,-,-,-
30081,32078,-,-,-,-
30081,32079,-,-,-,-
30081,32080,-,-,-,-
30081,32081,-,-,-,-
30081,32082,-,-,-,-
30081,32083,-,-,-,-
30081,32084,-,-,-,-
30081,32085,-,-,-,-
30081,32086,-,-,-,-
30081,32087,-,-,-,-
30081,32088,-,-,-,-
30081,32089,-,-,-,-
30081,32090,-,-,-,-
30081,32091,-,-,-,-
30081,32092,-,-,-,-
30081,32093,-,-,-,-
30081,32094,-,-,-,-
30081,32095,-,-,-,-
30081,32096,-,-,-,-
30081,32097,-,-,-,-
30081,32098,-,-,-,-
30081,32099,-,-,-,-
30081,32100,-,-,-,-
30081,32101,-,-,-,-
30081,32102,-,-,-,-
30081,32103,-,-,-,-
30081,32104,-,-,-,-
30081,32105,-,-,-,-
30081,32106,-,-,-,-
30081,32107,-,-,-,-
30081,32108,-,-,-,-
30081,32109,-,-,-,-
30081,32110,-,-,-,-
30081,32111,-,-,-,-
30081,32112,-,-,-,-
30081,32113,-,-,-,-
30081,32114,-,-,-,-
30081,32115,-,-,-,-
30081,32116,-,-,-,-
30081,32117,-,-,-,-
30081,32118,-,-,-,-
30081,32119,-,-,-,-
30081,32120,-,-,-,-
30081,32121,-,-,-,-
30081,32122,-,-,-,-
30081,32123,-,-,-,-
30081,32124,-,-,-,-
30081,32125,-,-,-,-
30081,32126,-,-,-,-
30081,32127,-,-,-,-
30081,32128,-,-,-,-
30081,32129,-,-,-,-
30081,32130,-,-,-,-
30081,32131,-,-,-,-
30081,32132,-,-,-,-
30081,32133,-,-,-,-
30081,32134,-,-,-,-
30081,32135,-,-,-,-
30081,32136,-,-,-,-
30081,32137,-,-,-,-
30081,32138,-,-,-,-
30081,32139,-,-,-,-
30081,32140,-,-,-,-
30081,32141,-,-,-,-
30081,32142,-,-,-,-
30081,32143,-,-,-,-
30081,32144,-,-,-,-
30081,32145,-,-,-,-
30081,32146,-,-,-,-
30081,32147,-,-,-,-
30081,32148,-,-,-,-
30081,32149,-,-,-,-
30081,32150,-,-,-,-
30081,32151,-,-,-,-
30081,32152,-,-,-,-
30081,32153,-,-,-,-
30081,32154,-,-,-,-
30081,32155,-,-,-,-
30081,32156,-,-,-,-
30081,32157,-,-,-,-
30081,32158,-,-,-,-
30081,32159,-,-,-,-
30081,32160,-,-,-,-
30081,32161,-,-,-,-
30081,32162,-,-,-,-
30081,32163,-,-,-,-
30081,32164,-,-,-,-
30081,32165,-,-,-,-
30081,32166,-,-,-,-
30081,32167,-,-,-,-
30081,32168,-,-,-,-
30081,32169,-,-,-,-
30081,32170,-,-,-,-
30081,32171,-,-,-,-
30081,32172,-,-,-,-
30081,32173,-,-,-,-
30081,32174,-,-,-,-
30081,32175,-,-,-,-
30081,32176,-,-,-,-
30081,32177,-,-,-,-
30081,32178,-,-,-,-
30081,32179,-,-,-,-
30081,32180,-,-,-,-
30081,32181,-,-,-,-
30081,32182,-,-,-,-
30081,32183,-,-,-,-
30081,32184,-,-,-,-
30081,32185,-,-,-,-
30081,32186,-,-,-,-
30081,32187,-,-,-,-
30081,32188,-,-,-,-
30081,32189,-,-,-,-
30081,32190,-,-,-,-
30081,32191,-,-,-,-
30081,32192,-,-,-,-
30081,32193,-,-,-,-
30081,32194,-,-,-,-
30081,32195,-,-,-,-
30081,32196,-,-,-,-
30081,32197,-,-,-,-
30081,32198,-,-,-,-
30081,32199,-,-,-,-
30081,32200,-,-,-,-
30081,32201,-,-,-,-
30081,32202,-,-,-,-
30081,32203,-,-,-,-
30081,32204,-,-,-,-
30081,32205,-,-,-,-
30081,32206,-,-,-,-
30081,32207,-,-,-,-
30081,32208,-,-,-,-
30081,32209,-,-,-,-
30081,32210,-,-,-,-
30081,32211,-,-,-,-
30081,32212,-,-,-,-
30081,32213,-,-,-,-
30081,32214,-,-,-,-
30081,32215,-,-,-,-
30081,32216,-,-,-,-
30081,32217,-,-,-,-
30081,32218,-,-,-,-
30081,32219,-,-,-,-
30081,32220,-,-,-,-
30081,32221,-,-,-,-
30081,32222,-,-,-,-
30081,32223,-,-,-,-
30081,32224,-,-,-,-
30081,32225,-,-,-,-
30081,32226,-,-,-,-
30081,32227,-,-,-,-
30081,32228,-,-,-,-
30081,32229,-,-,-,-
30081,32230,-,-,-,-
30081,32231,-,-,-,-
30081,32232,-,-,-,-
30081,32233,-,-,-,-
30081,32234,-,-,-,-
30081,32235,-,-,-,-
30081,32236,-,-,-,-
30081,32237,-,-,-,-
30081,32238,-,-,-,-
30081,32239,-,-,-,-
30081,32240,-,-,-,-
30081,32241,-,-,-,-
30081,32242,-,-,-,-
30081,32243,-,-,-,-
30081,32244,-,-,-,-
30081,32245,-,-,-,-
30081,32246,-,-,-,-
30081,32247,-,-,-,-
30081,32248,-,-,-,-
30081,32249,-,-,-,-
30081,32250,-,-,-,-
30081,32251,-,-,-,-
30081,32252,-,-,-,-
30081,32253,-,-,-,-
30081,32254,-,-,-,-
30081,32255,-,-,-,-
30081,32256,-,-,-,-
30081,32257,-,-,-,-
30081,32258,-,-,-,-
30081,32259,-,-,-,-
30081,32260,-,-,-,-
30081,32261,-,-,-,-
30081,32262,-,-,-,-
30081,32263,-,-,-,-
30081,32264,-,-,-,-
30081,32265,-,-,-,-
30081,32266,-,-,-,-
30081,32267,-,-,-,-
30081,32268,-,-,-,-
30081,32269,-,-,-,-
30081,32270,-,-,-,-
30081,32271,-,-,-,-
30081,32272,-,-,-,-
30081,32273,-,-,-,-
30081,32274,-,-,-,-
30081,32275,-,-,-,-
30081,32276,-,-,-,-
30081,32277,-,-,-,-
30081,32278,-,-,-,-
30081,32279,-,-,-,-
30081,32280,-,-,-,-
30081,32281,-,-,-,-
30081,32282,-,-,-,-
30081,32283,-,-,-,-
30081,32284,-,-,-,-
30081,32285,-,-,-,-
30081,32286,-,-,-,-
30081,32287,-,-,-,-
30081,32288,-,-,-,-
30081,32289,-,-,-,-
30081,32290,-,-,-,-
30081,32291,-,-,-,-
30081,32292,-,-,-,-
30081,32293,-,-,-,-
30081,32294,-,-,-,-
30081,32295,-,-,-,-
30081,32296,-,-,-,-
30081,32297,-,-,-,-
30081,32298,-,-,-,-
30081,32299,-,-,-,-
30081,32300,-,-,-,-
30081,32301,-,-,-,-
30081,32302,-,-,-,-
30081,32303,-,-,-,-
30081,32304,-,-,-,-
30081,32305,-,-,-,-
30081,32306,-,-,-,-
30081,32307,-,-,-,-
30081,32308,-,-,-,-
30081,32309,-,-,-,-
30081,32310,-,-,-,-
30081,32311,-,-,-,-
30081,32312,-,-,-,-
30081,32313,-,-,-,-
30081,32314,-,-,-,-
30081,32315,-,-,-,-
30081,32316,-,-,-,-
30081,32317,-,-,-,-
30081,32318,-,-,-,-
30081,32319,-,-,-,-
30081,32320,-,-,-,-
30081,32321,-,-,-,-
30081,32322,-,-,-,-
30081,32323,-,-,-,-
30081,32324,-,-,-,-
30081,32325,-,-,-,-
30081,32326,-,-,-,-
30081,32327,-,-,-,-
30081,32328,-,-,-,-
30081,32329,-,-,-,-
30081,32330,-,-,-,-
30081,32331,-,-,-,-
30081,32332,-,-,-,-
30081,32333,-,-,-,-
30081,32334,-,-,-,-
30081,32335,-,-,-,-
30081,32336,-,-,-,-
30081,32337,-,-,-,-
30081,32338,-,-,-,-
30081,32339,-,-,-,-
30081,32340,-,-,-,-
30081,32341,-,-,-,-
30081,32342,-,-,-,-
30081,32343,-,-,-,-
30081,32344,-,-,-,-
30081,32345,-,-,-,-
30081,32346,-,-,-,-
30081,32347,-,-,-,-
30081,32348,-,-,-,-
30081,32349,-,-,-,-
30081,32350,-,-,-,-
30081,32351,-,-,-,-
30081,32352,-,-,-,-
30081,32353,-,-,-,-
30081,32354,-,-,-,-
30081,32355,-,-,-,-
30081,32356,-,-,-,-
30081,32357,-,-,-,-
30081,32358,-,-,-,-
30081,32359,-,-,-,-
30081,32360,-,-,-,-
30081,32361,-,-,-,-
30081,32362,-,-,-,-
30081,32363,-,-,-,-
30081,32364,-,-,-,-
30081,32365,-,-,-,-
30081,32366,-,-,-,-
30081,32367,-,-,-,-
30081,32368,-,-,-,-
30081,32369,-,-,-,-
30081,32370,-,-,-,-
30081,32371,-,-,-,-
30081,32372,-,-,-,-
30081,32373,-,-,-,-
30081,32374,-,-,-,-
30081,32375,-,-,-,-
30081,32376,-,-,-,-
30081,32377,-,-,-,-
30081,32378,-,-,-,-
30081,32379,-,-,-,-
30081,32380,-,-,-,-
30081,32381,-,-,-,-
30081,32382,-,-,-,-
30081,32383,-,-,-,-
30081,32384,-,-,-,-
30081,32385,-,-,-,-
30081,32386,-,-,-,-
30081,32387,-,-,-,-
30081,32388,-,-,-,-
30081,32389,-,-,-,-
30081,32390,-,-,-,-
30081,32391,-,-,-,-
30081,32392,-,-,-,-
30081,32393,-,-,-,-
30081,32394,-,-,-,-
30081,32395,-,-,-,-
30081,32396,-,-,-,-
30081,32397,-,-,-,-
30081,32398,-,-,-,-
30081,32399,-,-,-,-
30081,32400,-,-,-,-
30081,32401,-,-,-,-
30081,32402,-,-,-,-
30081,32403,-,-,-,-
30081,32404,-,-,-,-
30081,32405,-,-,-,-
30081,32406,-,-,-,-
30081,32407,-,-,-,-
30081,32408,-,-,-,-
30081,32409,-,-,-,-
30082,32410,-,-,-,-
30083,32411,-,-,-,-
30084,32412,-,-,-,-
30085,32413,-,-,-,-
30086,32414,-,-,-,-
30087,32415,-,-,-,-
30088,32416,-,-,-,-
30089,32417,-,-,-,-
30090,32418,-,-,-,-
30091,32419,-,-,-,-
30092,32420,-,-,-,-
30093,32421,-,-,-,-
30094,32422,-,-,-,-
30095,32423,-,-,-,-
30096,32424,-,-,-,-
30097,32425,-,-,-,-
30098,32426,-,-,-,-
30099,32427,-,-,-,-
30100,32428,-,-,-,-
30101,32429,-,-,-,-
30102,32430,-,-,-,-
30103,32431,-,-,-,-
30104,32432,-,-,-,-
30105,32433,-,-,-,-
30106,32434,-,-,-,-
30107,32435,-,-,-,-
30108,32436,-,-,-,-
30109,32437,-,-,-,-
30110,32438,-,-,-,-
30111,32439,-,-,-,-
30112,32440,-,-,-,-
30113,32441,-,-,-,-
30114,32442,-,-,-,-
30115,32443,-,-,-,-
30116,32444,-,-,-,-
30117,32445,-,-,-,-
30118,32446,-,-,-,-
30119,32447,-,-,-,-
30120,32448,-,-,-,-
30121,32449,-,-,-,-
30122,32450,-,-,-,-
30123,32451,-,-,-,-
30124,32452,-,-,-,-
30125,32453,-,-,-,-
30126,32454,-,-,-,-
30127,32455,-,-,-,-
30128,32456,-,-,-,-
30129,32457,-,-,-,-
30130,32458,-,-,-,-
30131,32459,-,-,-,-
30132,32460,-,-,-,-
30133,32461,-,-,-,-
30134,32462,-,-,-,-
30135,32463,-,-,-,-
30136,32464,-,-,-,-
30137,32465,-,-,-,-
30138,32466,-,-,-,-
30139,32467,-,-,-,-
30140,32468,-,-,-,-
30141,32469,-,-,-,-
30142,32470,-,-,-,-
30143,32471,-,-,-,-
30144,32472,-,-,-,-
30145,32473,-,-,-,-
30146,32474,-,-,-,-
30147,32475,-,-,-,-
30148,32476,-,-,-,-
30149,32477,-,-,-,-
30150,32478,-,-,-,-
30151,32479,-,-,-,-
30152,32480,-,-,-,-
30153,32481,-,-,-,-
30154,32482,-,-,-,-
30155,32483,-,-,-,-
30156,32484,-,-,-,-
30157,32485,-,-,-,-
30158,32486,-,-,-,-
30159,32487,-,-,-,-
30160,32488,-,-,-,-
30161,32489,-,-,-,-
30162,32490,-,-,-,-
30163,32491,-,-,-,-
30164,32492,-,-,-,-
30165,32493,-,-,-,-
30166,32494,-,-,-,-
30167,32495,-,-,-,-
30168,32496,-,-,-,-
30169,32497,-,-,-,-
30170,32498,-,-,-,-
30171,32499,-,-,-,-
30172,32500,-,-,-,-
30173,32501,-,-,-,-
30174,32502,-,-,-,-
30175,32503,-,-,-,-
30176,32504,-,-,-,-
30177,32505,-,-,-,-
30178,32506,-,-,-,-
30179,32507,-,-,-,-
30180,32508,-,-,-,-
30181,32509,-,-,-,-
30182,32510,-,-,-,-
30183,32511,-,-,-,-
30184,32512,-,-,-,-
30185,32513,-,-,-,-
30186,32514,-,-,-,-
30187,32515,-,-,-,-
30188,32516,-,-,-,-
30189,32517,-,-,-,-
30190,32518,-,-,-,-
30191,32519,-,-,-,-
30192,32520,-,-,-,-
30193,32521,-,-,-,-
30194,32522,-,-,-,-
30195,32523,-,-,-,-
30196,32524,-,-,-,-
30197,32525,-,-,-,-
30198,32526,-,-,-,-
30199,32527,-,-,-,-
30200,32528,-,-,-,-
30201,32529,-,-,-,-
30202,32530,-,-,-,-
30203,32531,-,-,-,-
30204,32532,-,-,-,-
30205,32533,-,-,-,-
30206,32534,-,-,-,-
30207,32535,-,-,-,-
30208,32536,-,-,-,-
30209,32537,-,-,-,-
30210,32538,-,-,-,-
30211,32539,-,-,-,-
30212,32540,-,-,-,-
30213,32541,-,-,-,-
30214,32542,-,-,-,-
30215,32543,-,-,-,-
30216,32544,-,-,-,-
30217,32545,-,-,-,-
30218,32546,-,-,-,-
30219,32547,-,-,-,-
30220,32548,-,-,-,-
30221,32549,-,-,-,-
30222,32550,-,-,-,-
30223,32551,-,-,-,-
30224,32552,-,-,-,-
30225,32553,-,-,-,-
30226,32554,-,-,-,-
30227,32555,-,-,-,-
30228,32556,-,-,-,-
30229,32557,-,-,-,-
30230,32558,-,-,-,-
30231,32559,-,-,-,-
30232,32560,-,-,-,-
30233,32561,-,-,-,-
30234,32562,-,-,-,-
30235,32563,-,-,-,-
30236,32564,-,-,-,-
30237,32565,-,-,-,-
30238,32566,-,-,-,-
30239,32567,-,-,-,-
30240,32568,-,-,-,-
30241,32569,-,-,-,-
30242,32570,-,-,-,-
30243,32571,-,-,-,-
30244,32572,-,-,-,-
30245,32573,-,-,-,-
30246,32574,-,-,-,-
30247,32575,-,-,-,-
30248,32576,-,-,-,-
30249,32577,-,-,-,-
30250,32578,-,-,-,-
30251,32579,-,-,-,-
30252,32580,-,-,-,-
30253,32581,-,-,-,-
30254,32582,-,-,-,-
30255,32583,-,-,-,-
30256,32584,-,-,-,-
30257,32585,-,-,-,-
30258,32586,-,-,-,-
30259,32587,-,-,-,-
30260,32588,-,-,-,-
30261,32589,-,-,-,-
30262,32590,-,-,-,-
30263,32591,-,-,-,-
30264,32592,-,-,-,-
30265,32593,-,-,-,-
30266,32594,-,-,-,-
30267,32595,-,-,-,-
30268,32596,-,-,-,-
30269,32597,-,-,-,-
30270,32598,-,-,-,-
30271,32599,-,-,-,-
30272,32600,-,-,-,-
30273,32601,-,-,-,-
30274,32602,-,-,-,-
30275,32603,-,-,-,-
30276,32604,-,-,-,-
30277,32605,-,-,-,-
30278,32606,-,-,-,-
30279,32607,-,-,-,-
30280,32608,-,-,-,-
30281,32609,-,-,-,-
30282,32610,-,-,-,-
30283,32611,-,-,-,-
30284,32612,-,-,-,-
30285,32613,-,-,-,-
30286,32614,-,-,-,-
30287,32615,-,-,-,-
30288,32616,-,-,-,-
30289,32617,-,-,-,-
30290,32618,-,-,-,-
30291,32619,-,-,-,-
30292,32620,-,-,-,-
30293,32621,-,-,-,-
30294,32622,-,-,-,-
30295,32623,-,-,-,-
30296,32624,-,-,-,-
30297,32625,-,-,-,-
30298,32626,-,-,-,-
30299,32627,-,-,-,-
30300,32628,-,-,-,-
30301,32629,-,-,-,-
30302,32630,-,-,-,-
30303,32631,-,-,-,-
30304,32632,-,-,-,-
30305,32633,-,-,-,-
30306,32634,-,-,-,-
30307,32635,-,-,-,-
30308,32636,-,-,-,-
30309,32637,-,-,-,-
30310,32638,-,-,-,-
30311,32639,-,-,-,-
30312,32640,-,-,-,-
30313,32641,-,-,-,-
30314,32642,-,-,-,-
30315,32643,-,-,-,-
30316,32644,-,-,-,-
30317,32645,-,-,-,-
30318,32646,-,-,-,-
30319,32647,-,-,-,-
30320,32648,-,-,-,-
30321,32649,-,-,-,-
30322,32650,-,-,-,-
30323,32651,-,-,-,-
30324,32652,-,-,-,-
30325,32653,-,-,-,-
30326,32654,-,-,-,-
30327,32655,-,-,-,-
30328,32656,-,-,-,-
30329,32657,-,-,-,-
30330,32658,-,-,-,-
30331,32659,-,-,-,-
30332,32660,-,-,-,-
30333,32661,-,-,-,-
30334,32662,-,-,-,-
30335,32663,-,-,-,-
30336,32664,-,-,-,-
30337,32665,-,-,-,-
30338,32666,-,-,-,-
30339,32667,-,-,-,-
30340,32668,-,-,-,-
30341,32669,-,-,-,-
30342,32670,-,-,-,-
30343,32671,-,-,-,-
30344,32672,-,-,-,-
30345,32673,-,-,-,-
30346,32674,-,-,-,-
30347,32675,-,-,-,-
30348,32676,-,-,-,-
30349,32677,-,-,-,-
30350,32678,-,-,-,-
30351,32679,-,-,-,-
30352,32680,-,-,-,-
30353,32681,-,-,-,-
30354,32682,-,-,-,-
30355,32683,-,-,-,-
30356,32684,-,-,-,-
30357,32685,-,-,-,-
30358,32686,-,-,-,-
30359,32687,-,-,-,-
30360,32688,-,-,-,-
30361,32689,-,-,-,-
30362,32690,-,-,-,-
30363,32691,-,-,-,-
30364,32692,-,-,-,-
30365,32693,-,-,-,-
30366,32694,-,-,-,-
30367,32695,-,-,-,-
30368,32696,-,-,-,-
30369,32697,-,-,-,-
30370,32698,-,-,-,-
30371,32699,-,-,-,-
30372,32700,-,-,-,-
30373,32701,-,-,-,-
30374,32702,-,-,-,-
30375,32703,-,-,-,-
30376,32704,-,-,-,-
30377,32705,-,-,-,-
30378,32706,-,-,-,-
30379,32707,-,-,-,-
30380,32708,-,-,-,-
30381,32709,-,-,-,-
30382,32710,-,-,-,-
30383,32711,-,-,-,-
30384,32712,-,-,-,-
30385,32713,-,-,-,-
30386,32714,-,-,-,-
30387,32715,-,-,-,-
30388,32716,-,-,-,-
30389,32717,-,-,-,-
30390,32718,-,-,-,-
30391,32719,-,-,-,-
30392,32720,-,-,-,-
30393,32721,-,-,-,-
30394,32722,-,-,-,-
30395,32723,-,-,-,-
30396,32724,-,-,-,-
30397,32725,-,-,-,-
30398,32726,-,-,-,-
30399,32727,-,-,-,-
30400,32728,-,-,-,-
30401,32729,-,-,-,-
30402,32730,-,-,-,-
30403,32731,-,-,-,-
30404,32732,-,-,-,-
30405,32733,-,-,-,-
30406,32734,-,-,-,-
30407,32735,-,-,-,-
30408,32736,-,-,-,-
30409,32737,-,-,-,-
30410,32738,-,-,-,-
30411,32739,-,-,-,-
30412,32740,-,-,-,-
30413,32741,-,-,-,-
30414,32742,-,-,-,-
30415,32743,-,-,-,-
30416,32744,-,-,-,-
30417,32745,-,-,-,-
30418,32746,-,-,-,-
30419,32747,-,-,-,-
30420,32748,-,-,-,-
30421,32749,-,-,-,-
30422,32750,-,-,-,-
30423,32751,-,-,-,-
30424,32752,-,-,-,-
30425,32753,-,-,-,-
30426,32754,-,-,-,-
30427,32755,-,-,-,-
30428,32756,-,-,-,-
30429,32757,-,-,-,-
30430,32758,-,-,-,-
30431,32759,-,-,-,-
30432,32760,-,-,-,-
30433,32761,-,-,-,-
30434,32762,-,-,-,-
30435,32763,-,-,-,-
30436,32764,-,-,-,-
30437,32765,-,-,-,-
30438,32766,-,-,-,-
30439,32767,-,-,-,-
30440,32768,-,-,-,-
30441,32769,-,-,-,-
30442,32770,-,-,-,-
30443,32771,-,-,-,-
30444,32772,-,-,-,-
30445,32773,-,-,-,-
30446,32774,-,-,-,-
30447,32775,-,-,-,-
30448,32776,-,-,-,-
30449,32777,-,-,-,-
30450,32778,-,-,-,-
30451,32779,-,-,-,-
30452,32780,-,-,-,-
30453,32781,-,-,-,-
30454,32782,-,-,-,-
30455,32783,-,-,-,-
30456,32784,-,-,-,-
30457,32785,-,-,-,-
30458,32786,-,-,-,-
30459,32787,-,-,-,-
30460,32788,-,-,-,-
30461,32789,-,-,-,-
30462,32790,-,-,-,-
30463,32791,-,-,-,-
30464,32792,-,-,-,-
30465,32793,-,-,-,-
30466,32794,-,-,-,-
30467,32795,-,-,-,-
30468,32796,-,-,-,-
30469,32797,-,-,-,-
30470,32798,-,-,-,-
30471,32799,-,-,-,-
30472,32800,-,-,-,-
30473,32801,-,-,-,-
30474,32802,-,-,-,-
30475,32803,-,-,-,-
30476,32804,-,-,-,-
30477,32805,-,-,-,-
30478,32806,-,-,-,-
30479,32807,-,-,-,-
30480,32808,-,-,-,-
30481,32809,-,-,-,-
30482,32810,-,-,-,-
30483,32811,-,-,-,-
30484,32812,-,-,-,-
30485,32813,-,-,-,-
30486,32814,-,-,-,-
30487,32815,-,-,-,-
30488,32816,-,-,-,-
30489,32817,-,-,-,-
30490,32818,-,-,-,-
30491,32819,-,-,-,-
30492,32820,-,-,-,-
30493,32821,-,-,-,-
30494,32822,-,-,-,-
30495,32823,-,-,-,-
30496,32824,-,-,-,-
30497,32825,-,-,-,-
30498,32826,-,-,-,-
30499,32827,-,-,-,-
30500,32828,-,-,-,-
30501,32829,-,-,-,-
30502,32830,-,-,-,-
30503,32831,-,-,-,-
30504,32832,-,-,-,-
30505,32833,-,-,-,-
30506,32834,-,-,-,-
30507,32835,-,-,-,-
30508,32836,-,-,-,-
30509,32837,-,-,-,-
30510,32838,-,-,-,-
30511,32839,-,-,-,-
30512,32840,-,-,-,-
30513,32841,-,-,-,-
30514,32842,-,-,-,-
30515,32843,-,-,-,-
30516,32844,-,-,-,-
30517,32845,-,-,-,-
30518,32846,-,-,-,-
30519,32847,-,-,-,-
30520,32848,-,-,-,-
30521,32849,-,-,-,-
30522,32850,-,-,-,-
30523,32851,-,-,-,-
30524,32852,-,-,-,-
30525,32853,-,-,-,-
30526,32854,-,-,-,-
30527,32855,-,-,-,-
30528,32856,-,-,-,-
30529,32857,-,-,-,-
30530,32858,-,-,-,-
30531,32859,-,-,-,-
30532,32860,-,-,-,-
30533,32861,-,-,-,-
30534,32862,-,-,-,-
30535,32863,-,-,-,-
30536,32864,-,-,-,-
30537,32865,-,-,-,-
30538,32866,-,-,-,-
30539,32867,-,-,-,-
30540,32868,-,-,-,-
30541,32869,-,-,-,-
30542,32870,-,-,-,-
30543,32871,-,-,-,-
30544,32872,-,-,-,-
30545,32873,-,-,-,-
30546,32874,-,-,-,-
30547,32875,-,-,-,-
30548,32876,-,-,-,-
30549,32877,-,-,-,-
30550,32878,-,-,-,-
30551,32879,-,-,-,-
30552,32880,-,-,-,-
30553,32881,-,-,-,-
30554,32882,-,-,-,-
30555,32883,-,-,-,-
30556,32884,-,-,-,-
30557,32885,-,-,-,-
30558,32886,-,-,-,-
30559,32887,-,-,-,-
30560,32888,-,-,-,-
30561,32889,-,-,-,-
30562,32890,-,-,-,-
30563,32891,-,-,-,-
30564,32892,-,-,-,-
30565,32893,-,-,-,-
30566,32894,-,-,-,-
30567,32895,-,-,-,-
30568,32896,-,-,-,-
30569,32897,-,-,-,-
30570,32898,-,-,-,-
30571,32899,-,-,-,-
30572,32900,-,-,-,-
30573,32901,-,-,-,-
30574,32902,-,-,-,-
30575,32903,-,-,-,-
30576,32904,-,-,-,-
30577,32905,-,-,-,-
30578,32906,-,-,-,-
30579,32907,-,-,-,-
30580,32908,-,-,-,-
30581,32909,-,-,-,-
30582,32910,-,-,-,-
30583,32911,-,-,-,-
30584,32912,-,-,-,-
30585,32913,-,-,-,-
30586,32914,-,-,-,-
30587,32915,-,-,-,-
30588,32916,-,-,-,-
30589,32917,-,-,-,-
30590,32918,-,-,-,-
30591,32919,-,-,-,-
30592,32920,-,-,-,-
30593,32921,-,-,-,-
30594,32922,-,-,-,-
30595,32923,-,-,-,-
30596,32924,-,-,-,-
30597,32925,-,-,-,-
30598,32926,-,-,-,-
30599,32927,-,-,-,-
30600,32928,-,-,-,-
30601,32929,-,-,-,-
30602,32930,-,-,-,-
30603,32931,-,-,-,-
30604,32932,-,-,-,-
30605,32933,-,-,-,-
30606,32934,-,-,-,-
30607,32935,-,-,-,-
30608,32936,-,-,-,-
30609,32937,-,-,-,-
30610,32938,-,-,-,-
30611,32939,-,-,-,-
30612,32940,-,-,-,-
30613,32941,-,-,-,-
30614,32942,-,-,-,-
30615,32943,-,-,-,-
30616,32944,-,-,-,-
30617,32945,-,-,-,-
30618,32946,-,-,-,-
30619,32947,-,-,-,-
30620,32948,-,-,-,-
30621,32949,-,-,-,-
30622,32950,-,-,-,-
30623,32951,-,-,-,-
30624,32952,-,-,-,-
30625,32953,-,-,-,-
30626,32954,-,-,-,-
30627,32955,-,-,-,-
30628,32956,-,-,-,-
30629,32957,-,-,-,-
30630,32958,-,-,-,-
30631,32959,-,-,-,-
30632,32960,-,-,-,-
30633,32961,-,-,-,-
30634,32962,-,-,-,-
30635,32963,-,-,-,-
30636,32964,-,-,-,-
30637,32965,-,-,-,-
30638,32966,-,-,-,-
30639,32967,-,-,-,-
30640,32968,-,-,-,-
30641,32969,-,-,-,-
30642,32970,-,-,-,-
30643,32971,-,-,-,-
30644,32972,-,-,-,-
30645,32973,-,-,-,-
30646,32974,-,-,-,-
30647,32975,-,-,-,-
30648,32976,-,-,-,-
30649,32977,-,-,-,-
30650,32978,-,-,-,-
30651,32979,-,-,-,-
30652,32980,-,-,-,-
30653,32981,-,-,-,-
30654,32982,-,-,-,-
30655,32983,-,-,-,-
30656,32984,-,-,-,-
30657,32985,-,-,-,-
30658,32986,-,-,-,-
30659,32987,-,-,-,-
30660,32988,-,-,-,-
30661,32989,-,-,-,-
30662,32990,-,-,-,-
30663,32991,-,-,-,-
30664,32992,-,-,-,-
30665,32993,-,-,-,-
30666,32994,-,-,-,-
30667,32995,-,-,-,-
30668,32996,-,-,-,-
30669,32997,-,-,-,-
30670,32998,-,-,-,-
30671,32999,-,-,-,-
30672,33000,-,-,-,-
30673,33001,-,-,-,-
30674,33002,-,-,-,-
30675,33003,-,-,-,-
30676,33004,-,-,-,-
30677,33005,-,-,-,-
30678,33006,-,-,-,-
30679,33007,-,-,-,-
30680,33008,-,-,-,-
30681,33009,-,-,-,-
30682,33010,-,-,-,-
30683,33011,-,-,-,-
30684,33012,-,-,-,-
30685,33013,-,-,-,-
30686,33014,-,-,-,-
30687,33015,-,-,-,-
30688,33016,-,-,-,-
30689,33017,-,-,-,-
30690,33018,-,-,-,-
30691,33019,-,-,-,-
30692,33020,-,-,-,-
30693,33021,-,-,-,-
30694,33022,-,-,-,-
30695,33023,-,-,-,-
30696,33024,-,-,-,-
30697,33025,-,-,-,-
30698,33026,-,-,-,-
30699,33027,-,-,-,-
30700,33028,-,-,-,-
30701,33029,-,-,-,-
30702,33030,-,-,-,-
30703,33031,-,-,-,-
30704,33032,-,-,-,-
30705,33033,-,-,-,-
30706,33034,-,-,-,-
30707,33035,-,-,-,-
30708,33036,-,-,-,-
30709,33037,-,-,-,-
30710,33038,-,-,-,-
30711,33039,-,-,-,-
30712,33040,-,-,-,-
30713,33041,-,-,-,-
30714,33042,-,-,-,-
30715,33043,-,-,-,-
30716,33044,-,-,-,-
30717,33045,-,-,-,-
30718,33046,-,-,-,-
30719,33047,-,-,-,-
30720,33048,-,-,-,-
30721,33049,-,-,-,-
30722,33050,-,-,-,-
30723,33051,-,-,-,-
30724,33052,-,-,-,-
30725,33053,-,-,-,-
30726,33054,-,-,-,-
30727,33055,-,-,-,-
30728,33056,-,-,-,-
30729,33057,-,-,-,-
30730,33058,-,-,-,-
30731,33059,-,-,-,-
30732,33060,-,-,-,-
30733,33061,-,-,-,-
30734,33062,-,-,-,-
30735,33063,-,-,-,-
30736,33064,-,-,-,-
30737,33065,-,-,-,-
30738,33066,-,-,-,-
30739,33067,-,-,-,-
30740,33068,-,-,-,-
30741,33069,-,-,-,-
30742,33070,-,-,-,-
30743,33071,-,-,-,-
30744,33072,-,-,-,-
30745,33073,-,-,-,-
30746,33074,-,-,-,-
30747,33075,-,-,-,-
30748,33076,-,-,-,-
30749,33077,-,-,-,-
30750,33078,-,-,-,-
30751,33079,-,-,-,-
30752,33080,-,-,-,-
30753,33081,-,-,-,-
30754,33082,-,-,-,-
30755,33083,-,-,-,-
30756,33084,-,-,-,-
30757,33085,-,-,-,-
30758,33086,-,-,-,-
30759,33087,-,-,-,-
30760,33088,-,-,-,-
30761,33089,-,-,-,-
30762,33090,-,-,-,-
30763,33091,-,-,-,-
30764,33092,-,-,-,-
30765,33093,-,-,-,-
30766,33094,-,-,-,-
30767,33095,-,-,-,-
30768,33096,-,-,-,-
30769,33097,-,-,-,-
30770,33098,-,-,-,-
30771,33099,-,-,-,-
30772,33100,-,-,-,-
30773,33101,-,-,-,-
30774,33102,-,-,-,-
30775,33103,-,-,-,-
30776,33104,-,-,-,-
30777,33105,-,-,-,-
30778,33106,-,-,-,-
30779,33107,-,-,-,-
30780,33108,-,-,-,-
30781,33109,-,-,-,-
30782,33110,-,-,-,-
30783,33111,-,-,-,-
30784,33112,-,-,-,-
30785,33113,-,-,-,-
30786,33114,-,-,-,-
30787,33115,-,-,-,-
30788,33116,-,-,-,-
30789,33117,-,-,-,-
30790,33118,-,-,-,-
30791,33119,-,-,-,-
30792,33120,-,-,-,-
30793,33121,-,-,-,-
30794,33122,-,-,-,-
30795,33123,-,-,-,-
30796,33124,-,-,-,-
30797,33125,-,-,-,-
30798,33126,-,-,-,-
30799,33127,-,-,-,-
30800,33128,-,-,-,-
30801,33129,-,-,-,-
30802,33130,-,-,-,-
30803,33131,-,-,-,-
30804,33132,-,-,-,-
30805,33133,-,-,-,-
30806,33134,-,-,-,-
30807,33135,-,-,-,-
30808,33136,-,-,-,-
30809,33137,-,-,-,-
30810,33138,-,-,-,-
30811,33139,-,-,-,-
30812,33140,-,-,-,-
30813,33141,-,-,-,-
30814,33142,-,-,-,-
30815,33143,-,-,-,-
30816,33144,-,-,-,-
30817,33145,-,-,-,-
30818,33146,-,-,-,-
30819,33147,-,-,-,-
30820,33148,-,-,-,-
30821,33149,-,-,-,-
30822,33150,-,-,-,-
30823,33151,-,-,-,-
30824,33152,-,-,-,-
30825,33153,-,-,-,-
30826,33154,-,-,-,-
30827,33155,-,-,-,-
30828,33156,-,-,-,-
30829,33157,-,-,-,-
30830,33158,-,-,-,-
30831,33159,-,-,-,-
30832,33160,-,-,-,-
30833,33161,-,-,-,-
30834,33162,-,-,-,-
30835,33163,-,-,-,-
30836,33164,-,-,-,-
30837,33165,-,-,-,-
30838,33166,-,-,-,-
30839,33167,-,-,-,-
30840,33168,-,-,-,-
30841,33169,-,-,-,-
30842,33170,-,-,-,-
30843,33171,-,-,-,-
30844,33172,-,-,-,-
30845,33173,-,-,-,-
30846,33174,-,-,-,-
30847,33175,-,-,-,-
30848,33176,-,-,-,-
30849,33177,-,-,-,-
30850,33178,-,-,-,-
30851,33179,-,-,-,-
30852,33180,-,-,-,-
30853,33181,-,-,-,-
30854,33182,-,-,-,-
30855,33183,-,-,-,-
30856,33184,-,-,-,-
30857,33185,-,-,-,-
30858,33186,-,-,-,-
30859,33187,-,-,-,-
30860,33188,-,-,-,-
30861,33189,-,-,-,-
30862,33190,-,-,-,-
30863,33191,-,-,-,-
30864,33192,-,-,-,-
30865,33193,-,-,-,-
30866,33194,-,-,-,-
30867,33195,-,-,-,-
30868,33196,-,-,-,-
30869,33197,-,-,-,-
30870,33198,-,-,-,-
30871,33199,-,-,-,-
30872,33200,-,-,-,-
30873,33201,-,-,-,-
30874,33202,-,-,-,-
30875,33203,-,-,-,-
30876,33204,-,-,-,-
30877,33205,-,-,-,-
30878,33206,-,-,-,-
30879,33207,-,-,-,-
30880,33208,-,-,-,-
30881,33209,-,-,-,-
30882,33210,-,-,-,-
30883,33211,-,-,-,-
30884,33212,-,-,-,-
30885,33213,-,-,-,-
30886,33214,-,-,-,-
30887,33215,-,-,-,-
30888,33216,-,-,-,-
30889,33217,-,-,-,-
30890,33218,-,-,-,-
30891,33219,-,-,-,-
30892,33220,-,-,-,-
30893,33221,-,-,-,-
30894,33222,-,-,-,-
30895,33223,-,-,-,-
30896,33224,-,-,-,-
30897,33225,-,-,-,-
30898,33226,-,-,-,-
30899,33227,-,-,-,-
30900,33228,-,-,-,-
30901,33229,-,-,-,-
30902,33230,-,-,-,-
30903,33231,-,-,-,-
30904,33232,-,-,-,-
30905,33233,-,-,-,-
30906,33234,-,-,-,-
30907,33235,-,-,-,-
30908,33236,-,-,-,-
30909,33237,-,-,-,-
30910,33238,-,-,-,-
30911,33239,-,-,-,-
30912,33240,-,-,-,-
30913,33241,-,-,-,-
30914,33242,-,-,-,-
30915,33243,-,-,-,-
30916,33244,-,-,-,-
30917,33245,-,-,-,-
30918,33246,-,-,-,-
30919,33247,-,-,-,-
30920,33248,-,-,-,-
30921,33249,-,-,-,-
30922,33250,-,-,-,-
30923,33251,-,-,-,-
30924,33252,-,-,-,-
30925,33253,-,-,-,-
30926,33254,-,-,-,-
30927,33255,-,-,-,-
30928,33256,-,-,-,-
30929,33257,-,-,-,-
30930,33258,-,-,-,-
30931,33259,-,-,-,-
30932,33260,-,-,-,-
30933,33261,-,-,-,-
30934,33262,-,-,-,-
30935,33263,-,-,-,-
30936,33264,-,-,-,-
30937,33265,-,-,-,-
30938,33266,-,-,-,-
30939,33267,-,-,-,-
30940,33268,-,-,-,-
30941,33269,-,-,-,-
30942,33270,-,-,-,-
30943,33271,-,-,-,-
30944,33272,-,-,-,-
30945,33273,-,-,-,-
30946,33274,-,-,-,-
30947,33275,-,-,-,-
30948,33276,-,-,-,-
30949,33277,-,-,-,-
30950,33278,-,-,-,-
30951,33279,-,-,-,-
30952,33280,-,-,-,-
30953,33281,-,-,-,-
30954,33282,-,-,-,-
30955,33283,-,-,-,-
30956,33284,-,-,-,-
30957,33285,-,-,-,-
30958,33286,-,-,-,-
30959,33287,-,-,-,-
30960,33288,-,-,-,-
30961,33289,-,-,-,-
30962,33290,-,-,-,-
30963,33291,-,-,-,-
30964,33292,-,-,-,-
30965,33293,-,-,-,-
30966,33294,-,-,-,-
30967,33295,-,-,-,-
30968,33296,-,-,-,-
30969,33297,-,-,-,-
30970,33298,-,-,-,-
30971,33299,-,-,-,-
30972,33300,-,-,-,-
30973,33301,-,-,-,-
30974,33302,-,-,-,-
30975,33303,-,-,-,-
30976,33304,-,-,-,-
30977,33305,-,-,-,-
30978,33306,-,-,-,-
30979,33307,-,-,-,-
30980,33308,-,-,-,-
30981,33309,-,-,-,-
30982,33310,-,-,-,-
30983,33311,-,-,-,-
30984,33312,-,-,-,-
30985,33313,-,-,-,-
30986,33314,-,-,-,-
30987,33315,-,-,-,-
30988,33316,-,-,-,-
30989,33317,-,-,-,-
30990,33318,-,-,-,-
30991,33319,-,-,-,-
30992,33320,-,-,-,-
30993,33321,-,-,-,-
30994,33322,-,-,-,-
30995,33323,-,-,-,-
30996,33324,-,-,-,-
30997,33325,-,-,-,-
30998,33326,-,-,-,-
30999,33327,-,-,-,-
31000,33328,-,-,-,-
31001,33329,-,-,-,-
31002,33330,-,-,-,-
31003,33331,-,-,-,-
31004,33332,-,-,-,-
31005,33333,-,-,-,-
31006,33334,-,-,-,-
31007,33335,-,-,-,-
31008,33336,-,-,-,-
31009,33337,-,-,-,-
31010,33338,-,-,-,-
31011,33339,-,-,-,-
31012,33340,-,-,-,-
31013,33341,-,-,-,-
31014,33342,-,-,-,-
31015,33343,-,-,-,-
31016,33344,-,-,-,-
31017,33345,-,-,-,-
31018,33346,-,-,-,-
31019,33347,-,-,-,-
31020,33348,-,-,-,-
31021,33349,-,-,-,-
31022,33350,-,-,-,-
31023,33351,-,-,-,-
31024,33352,-,-,-,-
31025,33353,-,-,-,-
31026,33354,-,-,-,-
31027,33355,-,-,-,-
31028,33356,-,-,-,-
31029,33357,-,-,-,-
31030,33358,-,-,-,-
31031,33359,-,-,-,-
31032,33360,-,-,-,-
31033,33361,-,-,-,-
31034,33362,-,-,-,-
31035,33363,-,-,-,-
31036,33364,-,-,-,-
31037,33365,-,-,-,-
31038,33366,-,-,-,-
31039,33367,-,-,-,-
31040,33368,-,-,-,-
31041,33369,-,-,-,-
31042,33370,-,-,-,-
31043,33371,-,-,-,-
31044,33372,-,-,-,-
31045,33373,-,-,-,-
31046,33374,-,-,-,-
31047,33375,-,-,-,-
31048,33376,-,-,-,-
31049,33377,-,-,-,-
31050,33378,-,-,-,-
31051,33379,-,-,-,-
31052,33380,-,-,-,-
31053,33381,-,-,-,-
31054,33382,-,-,-,-
31055,33383,-,-,-,-
31056,33384,-,-,-,-
31057,33385,-,-,-,-
31058,33386,-,-,-,-
31059,33387,-,-,-,-
31060,33388,-,-,-,-
31061,33389,-,-,-,-
31062,33390,-,-,-,-
31063,33391,-,-,-,-
31064,33392,-,-,-,-
31065,33393,-,-,-,-
31066,33394,-,-,-,-
31067,33395,-,-,-,-
31068,33396,-,-,-,-
31069,33397,-,-,-,-
31070,33398,-,-,-,-
31071,33399,-,-,-,-
31072,33400,-,-,-,-
31073,33401,-,-,-,-
31074,33402,-,-,-,-
31075,33403,-,-,-,-
31076,33404,-,-,-,-
31077,33405,-,-,-,-
31078,33406,-,-,-,-
31079,33407,-,-,-,-
31080,33408,-,-,-,-
31081,33409,-,-,-,-
31082,33410,-,-,-,-
31083,33411,-,-,-,-
31084,33412,-,-,-,-
31085,33413,-,-,-,-
31086,33414,-,-,-,-
31087,33415,-,-,-,-
31088,33416,-,-,-,-
31089,33417,-,-,-,-
31090,33418,-,-,-,-
31091,33419,-,-,-,-
31092,33420,-,-,-,-
31093,33421,-,-,-,-
31094,33422,-,-,-,-
31095,33423,-,-,-,-
31096,33424,-,-,-,-
31097,33425,-,-,-,-
31098,33426,-,-,-,-
31099,33427,-,-,-,-
31100,33428,-,-,-,-
31101,33429,-,-,-,-
31102,33430,-,-,-,-
31103,33431,-,-,-,-
31104,33432,-,-,-,-
31105,33433,-,-,-,-
31106,33434,-,-,-,-
31107,33435,-,-,-,-
31108,33436,-,-,-,-
31109,33437,-,-,-,-
31110,33438,-,-,-,-
31111,33439,-,-,-,-
31112,33440,-,-,-,-
31113,33441,-,-,-,-
31114,33442,-,-,-,-
31115,33443,-,-,-,-
31116,33444,-,-,-,-
31117,33445,-,-,-,-
31118,33446,-,-,-,-
31119,33447,-,-,-,-
31120,33448,-,-,-,-
31121,33449,-,-,-,-
31122,33450,-,-,-,-
31123,33451,-,-,-,-
31124,33452,-,-,-,-
31125,33453,-,-,-,-
31126,33454,-,-,-,-
31127,33455,-,-,-,-
31128,33456,-,-,-,-
31129,33457,-,-,-,-
31130,33458,-,-,-,-
31131,33459,-,-,-,-
31132,33460,-,-,-,-
31133,33461,-,-,-,-
31134,33462,-,-,-,-
31135,33463,-,-,-,-
31136,33464,-,-,-,-
31137,33465,-,-,-,-
31138,33466,-,-,-,-
31139,33467,-,-,-,-
31140,33468,-,-,-,-
31141,33469,-,-,-,-
31142,33470,-,-,-,-
31143,33471,-,-,-,-
31144,33472,-,-,-,-
31145,33473,-,-,-,-
31146,33474,-,-,-,-
31147,33475,-,-,-,-
31148,33476,-,-,-,-
31149,33477,-,-,-,-
31150,33478,-,-,-,-
31151,33479,-,-,-,-
31152,33480,-,-,-,-
31153,33481,-,-,-,-
31154,33482,-,-,-,-
31155,33483,-,-,-,-
31156,33484,-,-,-,-
31157,33485,-,-,-,-
31158,33486,-,-,-,-
31159,33487,-,-,-,-
31160,33488,-,-,-,-
31161,33489,-,-,-,-
31162,33490,-,-,-,-
31163,33491,-,-,-,-
31164,33492,-,-,-,-
31165,33493,-,-,-,-
31166,33494,-,-,-,-
31167,33495,-,-,-,-
31168,33496,-,-,-,-
31169,33497,-,-,-,-
31170,33498,-,-,-,-
31171,33499,-,-,-,-
31172,33500,-,-,-,-
31173,33501,-,-,-,-
31174,33502,-,-,-,-
31175,33503,-,-,-,-
31176,33504,-,-,-,-
31177,33505,-,-,-,-
31178,33506,-,-,-,-
31179,33507,-,-,-,-
31180,33508,-,-,-,-
31181,33509,-,-,-,-
31182,33510,-,-,-,-
31183,33511,-,-,-,-
31184,33512,-,-,-,-
31185,33513,-,-,-,-
31186,33514,-,-,-,-
31187,33515,-,-,-,-
31188,33516,-,-,-,-
31189,33517,-,-,-,-
31190,33518,-,-,-,-
31191,33519,-,-,-,-
31192,33520,-,-,-,-
31193,33521,-,-,-,-
31194,33522,-,-,-,-
31195,33523,-,-,-,-
31196,33524,-,-,-,-
31197,33525,-,-,-,-
31198,33526,-,-,-,-
31199,33527,-,-,-,-
31200,33528,-,-,-,-
31201,33529,-,-,-,-
31202,33530,-,-,-,-
31203,33531,-,-,-,-
31204,33532,-,-,-,-
31205,33533,-,-,-,-
31206,33534,-,-,-,-
31207,33535,-,-,-,-
31208,33536,-,-,-,-
31209,33537,-,-,-,-
31210,33538,-,-,-,-
31211,33539,-,-,-,-
31212,33540,-,-,-,-
31213,33541,-,-,-,-
31214,33542,-,-,-,-
31215,33543,-,-,-,-
31216,33544,-,-,-,-
31217,33545,-,-,-,-
31218,33546,-,-,-,-
31219,33547,-,-,-,-
31220,33548,-,-,-,-
31221,33549,-,-,-,-
31222,33550,-,-,-,-
31223,33551,-,-,-,-
31224,33552,-,-,-,-
31225,33553,-,-,-,-
31226,33554,-,-,-,-
31227,33555,-,-,-,-
31228,33556,-,-,-,-
31229,33557,-,-,-,-
31230,33558,-,-,-,-
31231,33559,-,-,-,-
31232,33560,-,-,-,-
31233,33561,-,-,-,-
31234,33562,-,-,-,-
31235,33563,-,-,-,-
31236,33564,-,-,-,-
31237,33565,-,-,-,-
31238,33566,-,-,-,-
31239,33567,-,-,-,-
31240,33568,-,-,-,-
31241,33569,-,-,-,-
31242,33570,-,-,-,-
31243,33571,-,-,-,-
31244,33572,-,-,-,-
31245,33573,-,-,-,-
31246,33574,-,-,-,-
31247,33575,-,-,-,-
31248,33576,-,-,-,-
31249,33577,-,-,-,-
31250,33578,-,-,-,-
31251,33579,-,-,-,-
31252,33580,-,-,-,-
31253,33581,-,-,-,-
31254,33582,-,-,-,-
31255,33583,-,-,-,-
31256,33584,-,-,-,-
31257,33585,-,-,-,-
31258,33586,-,-,-,-
31259,33587,-,-,-,-
31260,33588,-,-,-,-
31261,33589,-,-,-,-
31262,33590,-,-,-,-
31263,33591,-,-,-,-
31264,33592,-,-,-,-
31265,33593,-,-,-,-
31266,33594,-,-,-,-
31267,33595,-,-,-,-
31268,33596,-,-,-,-
31269,33597,-,-,-,-
31270,33598,-,-,-,-
31271,33599,-,-,-,-
31272,33600,-,-,-,-
31273,33601,-,-,-,-
31274,33602,-,-,-,-
31275,33603,-,-,-,-
31276,33604,-,-,-,-
31277,33605,-,-,-,-
31278,33606,-,-,-,-
31279,33607,-,-,-,-
31280,33608,-,-,-,-
31281,33609,-,-,-,-
31282,33610,-,-,-,-
31283,33611,-,-,-,-
31284,33612,-,-,-,-
31285,33613,-,-,-,-
31286,33614,-,-,-,-
31287,33615,-,-,-,-
31288,33616,-,-,-,-
31289,33617,-,-,-,-
31290,33618,-,-,-,-
31291,33619,-,-,-,-
31292,33620,-,-,-,-
31293,33621,-,-,-,-
31294,33622,-,-,-,-
31295,33623,-,-,-,-
31296,33624,-,-,-,-
31297,33625,-,-,-,-
31298,33626,-,-,-,-
31299,33627,-,-,-,-
31300,33628,-,-,-,-
31301,33629,-,-,-,-
31302,33630,-,-,-,-
31303,33631,-,-,-,-
31304,33632,-,-,-,-
31305,33633,-,-,-,-
31306,33634,-,-,-,-
31307,33635,-,-,-,-
31308,33636,-,-,-,-
31309,33637,-,-,-,-
31310,33638,-,-,-,-
31311,33639,-,-,-,-
31312,33640,-,-,-,-
31313,33641,-,-,-,-
31314,33642,-,-,-,-
31315,33643,-,-,-,-
31316,33644,-,-,-,-
31317,33645,-,-,-,-
31318,33646,-,-,-,-
31319,33647,-,-,-,-
31320,33648,-,-,-,-
31321,33649,-,-,-,-
31322,33650,-,-,-,-
31323,33651,-,-,-,-
31324,33652,-,-,-,-
31325,33653,-,-,-,-
31326,33654,-,-,-,-
31327,33655,-,-,-,-
31328,33656,-,-,-,-
31329,33657,-,-,-,-
31330,33658,-,-,-,-
31331,33659,-,-,-,-
31332,33660,-,-,-,-
31333,33661,-,-,-,-
31334,33662,-,-,-,-
31335,33663,-,-,-,-
31336,33664,-,-,-,-
31337,33665,-,-,-,-
31338,33666,-,-,-,-
31339,33667,-,-,-,-
31340,33668,-,-,-,-
31341,33669,-,-,-,-
31342,33670,-,-,-,-
31343,33671,-,-,-,-
31344,33672,-,-,-,-
31345,33673,-,-,-,-
31346,33674,-,-,-,-
31347,33675,-,-,-,-
31348,33676,-,-,-,-
31349,33677,-,-,-,-
31350,33678,-,-,-,-
31351,33679,-,-,-,-
31352,33680,-,-,-,-
31353,33681,-,-,-,-
31354,33682,-,-,-,-
31355,33683,-,-,-,-
31356,33684,-,-,-,-
31357,33685,-,-,-,-
31358,33686,-,-,-,-
31359,33687,-,-,-,-
31360,33688,-,-,-,-
31361,33689,-,-,-,-
31362,33690,-,-,-,-
31363,33691,-,-,-,-
31364,33692,-,-,-,-
31365,33693,-,-,-,-
31366,33694,-,-,-,-
31367,33695,-,-,-,-
31368,33696,-,-,-,-
31369,33697,-,-,-,-
31370,33698,-,-,-,-
31371,33699,-,-,-,-
31372,33700,-,-,-,-
31373,33701,-,-,-,-
31374,33702,-,-,-,-
31375,33703,-,-,-,-
31376,33704,-,-,-,-
31377,33705,-,-,-,-
31378,33706,-,-,-,-
31379,33707,-,-,-,-
31380,33708,-,-,-,-
31381,33709,-,-,-,-
31382,33710,-,-,-,-
31383,33711,-,-,-,-
31384,33712,-,-,-,-
31385,33713,-,-,-,-
31386,33714,-,-,-,-
31387,33715,-,-,-,-
31388,33716,-,-,-,-
31389,33717,-,-,-,-
31390,33718,-,-,-,-
31391,33719,-,-,-,-
31392,33720,-,-,-,-
31393,33721,-,-,-,-
31394,33722,-,-,-,-
31395,33723,-,-,-,-
31396,33724,-,-,-,-
31397,33725,-,-,-,-
31398,33726,-,-,-,-
31399,33727,-,-,-,-
31400,33728,-,-,-,-
31401,33729,-,-,-,-
31402,33730,-,-,-,-
31403,33731,-,-,-,-
31404,33732,-,-,-,-
31405,33733,-,-,-,-
31406,33734,-,-,-,-
31407,33735,-,-,-,-
31408,33736,-,-,-,-
31409,33737,-,-,-,-
31410,33738,-,-,-,-
31411,33739,-,-,-,-
31412,33740,-,-,-,-
31413,33741,-,-,-,-
31414,33742,-,-,-,-
31415,33743,-,-,-,-
31416,33744,-,-,-,-
31417,33745,-,-,-,-
31418,33746,-,-,-,-
31419,33747,-,-,-,-
31420,33748,-,-,-,-
31421,33749,-,-,-,-
31422,33750,-,-,-,-
31423,33751,-,-,-,-
31424,33752,-,-,-,-
31425,33753,-,-,-,-
31426,33754,-,-,-,-
31427,33755,-,-,-,-
31428,33756,-,-,-,-
31429,33757,-,-,-,-
31430,33758,-,-,-,-
31431,33759,-,-,-,-
31432,33760,-,-,-,-
31433,33761,-,-,-,-
31434,33762,-,-,-,-
31435,33763,-,-,-,-
31436,33764,-,-,-,-
31437,33765,-,-,-,-
31438,33766,-,-,-,-
31439,33767,-,-,-,-
31440,33768,-,-,-,-
31441,33769,-,-,-,-
31442,33770,-,-,-,-
31443,33771,-,-,-,-
31444,33772,-,-,-,-
31445,33773,-,-,-,-
31446,33774,-,-,-,-
31447,33775,-,-,-,-
31448,33776,-,-,-,-
31449,33777,-,-,-,-
31450,33778,-,-,-,-
31451,33779,-,-,-,-
31452,33780,-,-,-,-
31453,33781,-,-,-,-
31454,33782,-,-,-,-
31455,33783,-,-,-,-
31456,33784,-,-,-,-
31457,33785,-,-,-,-
31458,33786,-,-,-,-
31459,33787,-,-,-,-
31460,33788,-,-,-,-
31461,33789,-,-,-,-
31462,33790,-,-,-,-
31463,33791,-,-,-,-
31464,33792,-,-,-,-
31465,33793,-,-,-,-
31466,33794,-,-,-,-
31467,33795,-,-,-,-
31468,33796,-,-,-,-
31469,33797,-,-,-,-
31470,33798,-,-,-,-
31471,33799,-,-,-,-
31472,33800,-,-,-,-
31473,33801,-,-,-,-
31474,33802,-,-,-,-
31475,33803,-,-,-,-
31476,33804,-,-,-,-
31477,33805,-,-,-,-
31478,33806,-,-,-,-
31479,33807,-,-,-,-
31480,33808,-,-,-,-
31481,33809,-,-,-,-
31482,33810,-,-,-,-
31483,33811,-,-,-,-
31484,33812,-,-,-,-
31485,33813,-,-,-,-
31486,33814,-,-,-,-
31487,33815,-,-,-,-
31488,33816,-,-,-,-
31489,33817,-,-,-,-
31490,33818,-,-,-,-
31491,33819,-,-,-,-
31492,33820,-,-,-,-
31493,33821,-,-,-,-
31494,33822,-,-,-,-
31495,33823,-,-,-,-
31496,33824,-,-,-,-
31497,33825,-,-,-,-
31498,33826,-,-,-,-
31499,33827,-,-,-,-
31500,33828,-,-,-,-
31501,33829,-,-,-,-
31502,33830,-,-,-,-
31503,33831,-,-,-,-
31504,33832,-,-,-,-
31505,33833,-,-,-,-
31506,33834,-,-,-,-
31507,33835,-,-,-,-
31508,33836,-,-,-,-
31509,33837,-,-,-,-
31510,33838,-,-,-,-
31511,33839,-,-,-,-
31512,33840,-,-,-,-
31513,33841,-,-,-,-
31514,33842,-,-,-,-
31514,33843,-,-,-,-
31514,33844,-,-,-,-
31514,33845,-,-,-,-
31514,33846,-,-,-,-
31514,33847,-,-,-,-
31515,33848,-,-,-,-
31516,33849,-,-,-,-
31517,33850,-,-,-,-
31518,33851,-,-,-,-
31519,33852,-,-,-,-
31520,33853,-,-,-,-
31521,33854,-,-,-,-
31522,33855,-,-,-,-
31523,33855,-,-,-,-
31524,33855,-,-,-,-
31525,33855,-,-,-,-
31526,33855,-,-,-,-
31527,33855,-,-,-,-
31528,33855,-,-,-,-
31529,33855,-,-,-,-
31530,33855,-,-,-,-
31531,33855,-,-,-,-
31532,33855,-,-,-,-
31533,33855,-,-,-,-
31534,33855,-,-,-,-
31535,33855,-,-,-,-
31536,33855,-,-,-,-
31537,33855,-,-,-,-
31538,33855,-,-,-,-
31539,33855,-,-,-,-
31540,33855,-,-,-,-
31541,33855,-,-,-,-
31542,33855,-,-,-,-
31543,33855,-,-,-,-
31544,33855,-,-,-,-
31545,33855,-,-,-,-
31546,33855,-,-,-,-
31547,33856,-,-,-,-
31548,33857,-,-,-,-
31549,33858,-,-,-,-
31550,33859,-,-,-,-
31551,33860,-,-,-,-
31552,33861,-,-,-,-
31553,33862,-,-,-,-
31554,33863,-,-,-,-
31555,33864,-,-,-,-
31556,33865,-,-,-,-
31557,33866,-,-,-,-
31558,33867,-,-,-,-
31559,33868,-,-,-,-
31560,33869,-,-,-,-
31561,33870,-,-,-,-
31562,33871,-,-,-,-
31563,33872,-,-,-,-
31564,33873,-,-,-,-
31565,33874,-,-,-,-
31566,33875,-,-,-,-
31567,33876,-,-,-,-
31568,33877,-,-,-,-
31569,33878,-,-,-,-
31570,33879,-,-,-,-
31571,33880,-,-,-,-
31572,33881,-,-,-,-
31573,33882,-,-,-,-
31574,33883,-,-,-,-
31575,33884,-,-,-,-
31576,33885,-,-,-,-
31577,33886,-,-,-,-
31578,33887,-,-,-,-
31579,33888,-,-,-,-
31580,33889,-,-,-,-
31581,33890,-,-,-,-
31582,33891,-,-,-,-
31583,33892,-,-,-,-
31584,33893,-,-,-,-
31585,33894,-,-,-,-
31586,33895,-,-,-,-
31587,33896,-,-,-,-
31588,33897,-,-,-,-
31589,33898,-,-,-,-
31590,33899,-,-,-,-
31591,33900,-,-,-,-
31592,33901,-,-,-,-
31593,33902,-,-,-,-
31594,33903,-,-,-,-
31595,33904,-,-,-,-
31596,33905,-,-,-,-
31597,33906,-,-,-,-
31598,33907,-,-,-,-
31599,33908,-,-,-,-
31600,33909,-,-,-,-
31601,33910,-,-,-,-
31602,33911,-,-,-,-
31603,33912,-,-,-,-
31604,33913,-,-,-,-
31605,33914,-,-,-,-
31606,33915,-,-,-,-
31607,33916,-,-,-,-
31608,33917,-,-,-,-
31609,33918,-,-,-,-
31610,33919,-,-,-,-
31611,33920,-,-,-,-
31612,33921,-,-,-,-
31613,33922,-,-,-,-
31614,33923,-,-,-,-
31615,33924,-,-,-,-
31616,33925,-,-,-,-
31617,33926,-,-,-,-
31618,33927,-,-,-,-
31619,33928,-,-,-,-
31620,33929,-,-,-,-
31621,33930,-,-,-,-
31622,33931,-,-,-,-
31623,33932,-,-,-,-
31624,33933,-,-,-,-
31625,33934,-,-,-,-
31626,33935,-,-,-,-
31627,33936,-,-,-,-
31628,33937,-,-,-,-
31629,33938,-,-,-,-
31630,33939,-,-,-,-
31631,33940,-,-,-,-
31632,33941,-,-,-,-
31633,33942,-,-,-,-
31634,33943,-,-,-,-
31635,33944,-,-,-,-
31636,33945,-,-,-,-
31637,33946,-,-,-,-
31638,33947,-,-,-,-
31639,33948,-,-,-,-
31640,33949,-,-,-,-
31641,33950,-,-,-,-
31642,33951,-,-,-,-
31643,33952,-,-,-,-
31644,33953,-,-,-,-
31645,33954,-,-,-,-
31646,33955,-,-,-,-
31647,33956,-,-,-,-
31648,33957,-,-,-,-
31649,33958,-,-,-,-
31650,33959,-,-,-,-
31651,33960,-,-,-,-
31652,33961,-,-,-,-
31653,33962,-,-,-,-
31654,33963,-,-,-,-
31655,33964,-,-,-,-
31656,33965,-,-,-,-
31657,33966,-,-,-,-
31658,33967,-,-,-,-
31659,33968,-,-,-,-
31660,33969,-,-,-,-
31661,33970,-,-,-,-
31662,33971,-,-,-,-
31663,33972,-,-,-,-
31664,33973,-,-,-,-
31665,33974,-,-,-,-
31666,33975,-,-,-,-
31667,33976,-,-,-,-
31668,33977,-,-,-,-
31669,33978,-,-,-,-
31670,33979,-,-,-,-
31671,33980,-,-,-,-
31672,33981,-,-,-,-
31673,33982,-,-,-,-
31674,33983,-,-,-,-
31675,33984,-,-,-,-
31676,33985,-,-,-,-
31677,33986,-,-,-,-
31678,33987,-,-,-,-
31679,33988,-,-,-,-
31680,33989,-,-,-,-
31681,33990,-,-,-,-
31682,33991,-,-,-,-
31683,33992,-,-,-,-
31684,33993,-,-,-,-
31685,33994,-,-,-,-
31686,33995,-,-,-,-
31687,33996,-,-,-,-
31688,33997,-,-,-,-
31689,33998,-,-,-,-
31690,33999,-,-,-,-
31691,34000,-,-,-,-
31692,34001,-,-,-,-
31693,34002,-,-,-,-
31694,34003,-,-,-,-
31695,34004,-,-,-,-
31696,34005,-,-,-,-
31697,34006,-,-,-,-
31698,34007,-,-,-,-
31699,34008,-,-,-,-
31700,34009,-,-,-,-
31701,34010,-,-,-,-
31702,34011,-,-,-,-
31703,34012,-,-,-,-
31704,34013,-,-,-,-
31705,34014,-,-,-,-
31706,34015,-,-,-,-
31707,34016,-,-,-,-
31708,34017,-,-,-,-
31709,34018,-,-,-,-
31710,34019,-,-,-,-
31711,34020,-,-,-,-
31712,34021,-,-,-,-
31713,34022,-,-,-,-
31714,34023,-,-,-,-
31715,34024,-,-,-,-
31716,34025,-,-,-,-
31717,34026,-,-,-,-
31718,34027,-,-,-,-
31719,34028,-,-,-,-
31720,34029,-,-,-,-
31721,34030,-,-,-,-
31722,34031,-,-,-,-
31723,34032,-,-,-,-
31724,34033,-,-,-,-
31725,34034,-,-,-,-
31726,34035,-,-,-,-
31727,34036,-,-,-,-
31728,34037,-,-,-,-
31729,34038,-,-,-,-
31730,34039,-,-,-,-
31731,34040,-,-,-,-
31732,34041,-,-,-,-
31733,34042,-,-,-,-
31734,34043,-,-,-,-
31735,34044,-,-,-,-
31736,34045,-,-,-,-
31737,34046,-,-,-,-
31738,34047,-,-,-,-
31739,34048,-,-,-,-
31740,34049,-,-,-,-
31741,34050,-,-,-,-
31742,34051,-,-,-,-
31743,34052,-,-,-,-
31744,34053,-,-,-,-
31745,34054,-,-,-,-
31746,34055,-,-,-,-
31747,34056,-,-,-,-
31748,34057,-,-,-,-
31749,34058,-,-,-,-
31750,34059,-,-,-,-
31751,34060,-,-,-,-
31752,34061,-,-,-,-
31753,34062,-,-,-,-
31754,34063,-,-,-,-
31755,34064,-,-,-,-
31756,34065,-,-,-,-
31757,34066,-,-,-,-
31758,34067,-,-,-,-
31759,34068,-,-,-,-
31760,34069,-,-,-,-
31761,34070,-,-,-,-
31762,34071,-,-,-,-
31763,34072,-,-,-,-
31764,34073,-,-,-,-
31765,34074,-,-,-,-
31766,34075,-,-,-,-
31767,34076,-,-,-,-
31768,34077,-,-,-,-
31769,34078,-,-,-,-
31770,34079,-,-,-,-
31771,34080,-,-,-,-
31772,34081,-,-,-,-
31773,34082,-,-,-,-
31774,34083,-,-,-,-
31775,34084,-,-,-,-
31776,34085,-,-,-,-
31777,34086,-,-,-,-
31778,34087,-,-,-,-
31779,34088,-,-,-,-
31780,34089,-,-,-,-
31781,34090,-,-,-,-
31782,34091,-,-,-,-
31783,34092,-,-,-,-
31784,34093,-,-,-,-
31785,34094,-,-,-,-
31786,34095,-,-,-,-
31787,34096,-,-,-,-
31788,34097,-,-,-,-
31789,34098,-,-,-,-
31790,34099,-,-,-,-
31791,34100,-,-,-,-
31792,34101,-,-,-,-
31793,34102,-,-,-,-
31794,34103,-,-,-,-
31795,34104,-,-,-,-
31796,34105,-,-,-,-
31797,34106,-,-,-,-
31798,34107,-,-,-,-
31799,34108,-,-,-,-
31800,34109,-,-,-,-
31801,34110,-,-,-,-
31802,34111,-,-,-,-
31803,34112,-,-,-,-
31804,34113,-,-,-,-
31805,34114,-,-,-,-
31806,34115,-,-,-,-
31807,34116,-,-,-,-
31808,34117,-,-,-,-
31809,34118,-,-,-,-
31810,34119,-,-,-,-
31811,34120,-,-,-,-
31812,34121,-,-,-,-
31813,34122,-,-,-,-
31814,34123,-,-,-,-
31815,34124,-,-,-,-
31816,34125,-,-,-,-
31817,34126,-,-,-,-
31818,34127,-,-,-,-
31819,34128,-,-,-,-
31820,34129,-,-,-,-
31821,34130,-,-,-,-
31822,34131,-,-,-,-
31823,34132,-,-,-,-
31824,34133,-,-,-,-
31825,34134,-,-,-,-
31826,34135,-,-,-,-
31827,34136,-,-,-,-
31828,34137,-,-,-,-
31829,34138,-,-,-,-
31830,34139,-,-,-,-
31831,34140,-,-,-,-
31832,34141,-,-,-,-
31833,34142,-,-,-,-
31834,34143,-,-,-,-
31835,34144,-,-,-,-
31836,34145,-,-,-,-
31837,34146,-,-,-,-
31838,34147,-,-,-,-
31839,34148,-,-,-,-
31840,34149,-,-,-,-
31841,34150,-,-,-,-
31842,34151,-,-,-,-
31843,34152,-,-,-,-
31844,34153,-,-,-,-
31845,34154,-,-,-,-
31846,34155,-,-,-,-
31847,34156,-,-,-,-
31848,34157,-,-,-,-
31849,34158,-,-,-,-
31850,34159,-,-,-,-
31851,34160,-,-,-,-
31852,34161,-,-,-,-
31853,34162,-,-,-,-
31854,34163,-,-,-,-
31855,34164,-,-,-,-
31856,34165,-,-,-,-
31857,34166,-,-,-,-
31858,34167,-,-,-,-
31859,34168,-,-,-,-
31860,34169,-,-,-,-
31861,34170,-,-,-,-
31862,34171,-,-,-,-
31863,34172,-,-,-,-
31864,34173,-,-,-,-
31865,34174,-,-,-,-
31866,34175,-,-,-,-
31867,34176,-,-,-,-
31868,34177,-,-,-,-
31869,34178,-,-,-,-
31870,34179,-,-,-,-
31871,34180,-,-,-,-
31872,34181,-,-,-,-
31873,34182,-,-,-,-
31874,34183,-,-,-,-
31875,34184,-,-,-,-
31876,34185,-,-,-,-
31877,34186,-,-,-,-
31878,34187,-,-,-,-
31879,34188,-,-,-,-
31880,34189,-,-,-,-
31881,34190,-,-,-,-
31882,34191,-,-,-,-
31883,34192,-,-,-,-
31884,34193,-,-,-,-
31885,34194,-,-,-,-
31886,34195,-,-,-,-
31887,34196,-,-,-,-
31888,34197,-,-,-,-
31889,34198,-,-,-,-
31890,34199,-,-,-,-
31891,34200,-,-,-,-
31892,34201,-,-,-,-
31893,34202,-,-,-,-
31894,34203,-,-,-,-
31895,34204,-,-,-,-
31896,34205,-,-,-,-
31897,34206,-,-,-,-
31898,34207,-,-,-,-
31899,34208,-,-,-,-
31900,34209,-,-,-,-
31901,34210,-,-,-,-
31902,34211,-,-,-,-
31903,34212,-,-,-,-
31904,34213,-,-,-,-
31905,34214,-,-,-,-
31906,34215,-,-,-,-
31907,34216,-,-,-,-
31908,34217,-,-,-,-
31909,34218,-,-,-,-
31910,34219,-,-,-,-
31911,34220,-,-,-,-
31912,34221,-,-,-,-
31913,34222,-,-,-,-
31914,34223,-,-,-,-
31915,34224,-,-,-,-
31916,34225,-,-,-,-
31917,34226,-,-,-,-
31918,34227,-,-,-,-
31919,34228,-,-,-,-
31920,34229,-,-,-,-
31921,34230,-,-,-,-
31922,34231,-,-,-,-
31923,34232,-,-,-,-
31924,34233,-,-,-,-
31925,34234,-,-,-,-
31926,34235,-,-,-,-
31927,34236,-,-,-,-
31928,34237,-,-,-,-
31929,34238,-,-,-,-
31930,34239,-,-,-,-
31931,34240,-,-,-,-
31932,34241,-,-,-,-
31933,34242,-,-,-,-
31934,34243,-,-,-,-
31935,34244,-,-,-,-
31936,34245,-,-,-,-
31937,34246,-,-,-,-
31938,34247,-,-,-,-
31939,34248,-,-,-,-
31940,34249,-,-,-,-
31941,34250,-,-,-,-
31942,34251,-,-,-,-
31943,34252,-,-,-,-
31944,34253,-,-,-,-
31945,34254,-,-,-,-
31946,34255,-,-,-,-
31947,34256,-,-,-,-
31948,34257,-,-,-,-
31949,34258,-,-,-,-
31950,34259,-,-,-,-
31951,34260,-,-,-,-
31952,34261,-,-,-,-
31953,34262,-,-,-,-
31954,34263,-,-,-,-
31955,34264,-,-,-,-
31956,34265,-,-,-,-
31957,34266,-,-,-,-
31958,34267,-,-,-,-
31959,34268,-,-,-,-
31960,34269,-,-,-,-
31961,34270,-,-,-,-
31962,34271,-,-,-,-
31963,34272,-,-,-,-
31964,34273,-,-,-,-
31965,34274,-,-,-,-
31966,34275,-,-,-,-
31967,34276,-,-,-,-
31968,34277,-,-,-,-
31969,34278,-,-,-,-
31970,34279,-,-,-,-
31971,34280,-,-,-,-
31972,34281,-,-,-,-
31973,34282,-,-,-,-
31974,34283,-,-,-,-
31975,34284,-,-,-,-
31976,34285,-,-,-,-
31977,34286,-,-,-,-
31978,34287,-,-,-,-
31979,34288,-,-,-,-
31980,34289,-,-,-,-
31981,34290,-,-,-,-
31982,34291,-,-,-,-
31983,34292,-,-,-,-
31984,34293,-,-,-,-
31985,34294,-,-,-,-
31986,34295,-,-,-,-
31987,34296,-,-,-,-
31988,34297,-,-,-,-
31989,34298,-,-,-,-
31990,34299,-,-,-,-
31991,34300,-,-,-,-
31992,34301,-,-,-,-
31993,34302,-,-,-,-
31994,34303,-,-,-,-
31995,34304,-,-,-,-
31996,34305,-,-,-,-
31997,34306,-,-,-,-
31998,34307,-,-,-,-
31999,34308,-,-,-,-
32000,34309,-,-,-,-
32001,34310,-,-,-,-
32002,34311,-,-,-,-
32003,34312,-,-,-,-
32004,34313,-,-,-,-
32005,34314,-,-,-,-
32006,34315,-,-,-,-
32007,34316,-,-,-,-
32008,34317,-,-,-,-
32009,34318,-,-,-,-
32010,34319,-,-,-,-
32011,34320,-,-,-,-
32012,34321,-,-,-,-
32013,34322,-,-,-,-
32014,34323,-,-,-,-
32015,34324,-,-,-,-
32016,34325,-,-,-,-
32017,34326,-,-,-,-
32018,34327,-,-,-,-
32019,34328,-,-,-,-
32020,34329,-,-,-,-
32021,34330,-,-,-,-
32022,34331,-,-,-,-
32023,34332,-,-,-,-
32024,34333,-,-,-,-
32025,34334,-,-,-,-
32026,34335,-,-,-,-
32027,34336,-,-,-,-
32028,34337,-,-,-,-
32029,34338,-,-,-,-
32030,34339,-,-,-,-
32031,34340,-,-,-,-
32032,34341,-,-,-,-
32033,34342,-,-,-,-
32034,34343,-,-,-,-
32035,34344,-,-,-,-
32036,34345,-,-,-,-
32037,34346,-,-,-,-
32038,34347,-,-,-,-
32039,34348,-,-,-,-
32040,34349,-,-,-,-
32041,34350,-,-,-,-
32042,34351,-,-,-,-
32043,34352,-,-,-,-
32044,34353,-,-,-,-
32045,34354,-,-,-,-
32046,34355,-,-,-,-
32047,34356,-,-,-,-
32048,34357,-,-,-,-
32049,34358,-,-,-,-
32050,34359,-,-,-,-
32051,34360,-,-,-,-
32052,34361,-,-,-,-
32053,34362,-,-,-,-
32054,34363,-,-,-,-
32055,34364,-,-,-,-
32056,34365,-,-,-,-
32057,34366,-,-,-,-
32058,34367,-,-,-,-
32059,34368,-,-,-,-
32060,34369,-,-,-,-
32061,34370,-,-,-,-
32062,34371,-,-,-,-
32063,34372,-,-,-,-
32064,34373,-,-,-,-
32065,34374,-,-,-,-
32066,34375,-,-,-,-
32067,34376,-,-,-,-
32068,34377,-,-,-,-
32069,34378,-,-,-,-
32070,34379,-,-,-,-
32071,34380,-,-,-,-
32072,34381,-,-,-,-
32073,34382,-,-,-,-
32074,34383,-,-,-,-
32075,34384,-,-,-,-
32076,34385,-,-,-,-
32077,34386,-,-,-,-
32078,34387,-,-,-,-
32079,34388,-,-,-,-
32080,34389,-,-,-,-
32081,34390,-,-,-,-
32082,34391,-,-,-,-
32083,34392,-,-,-,-
32084,34393,-,-,-,-
32085,34394,-,-,-,-
32086,34395,-,-,-,-
32087,34396,-,-,-,-
32088,34397,-,-,-,-
32089,34398,-,-,-,-
32090,34399,-,-,-,-
32091,34400,-,-,-,-
32092,34401,-,-,-,-
32093,34402,-,-,-,-
32094,34403,-,-,-,-
32095,34404,-,-,-,-
32096,34405,-,-,-,-
32097,34406,-,-,-,-
32098,34407,-,-,-,-
32099,34408,-,-,-,-
32100,34409,-,-,-,-
32101,34410,-,-,-,-
32102,34411,-,-,-,-
32103,34412,-,-,-,-
32104,34413,-,-,-,-
32105,34414,-,-,-,-
32106,34415,-,-,-,-
32107,34416,-,-,-,-
32108,34417,-,-,-,-
32109,34418,-,-,-,-
32110,34419,-,-,-,-
32111,34420,-,-,-,-
32112,34421,-,-,-,-
32113,34422,-,-,-,-
32114,34423,-,-,-,-
32115,34424,-,-,-,-
32116,34425,-,-,-,-
32117,34426,-,-,-,-
32118,34427,-,-,-,-
32119,34428,-,-,-,-
32120,34429,-,-,-,-
32121,34430,-,-,-,-
32122,34431,-,-,-,-
32123,34432,-,-,-,-
32124,34433,-,-,-,-
32125,34434,-,-,-,-
32126,34435,-,-,-,-
32127,34436,-,-,-,-
32128,34437,-,-,-,-
32129,34438,-,-,-,-
32130,34439,-,-,-,-
32131,34440,-,-,-,-
32132,34441,-,-,-,-
32133,34442,-,-,-,-
32134,34443,-,-,-,-
32135,34444,-,-,-,-
32136,34445,-,-,-,-
32137,34446,-,-,-,-
32138,34447,-,-,-,-
32139,34448,-,-,-,-
32140,34449,-,-,-,-
32141,34450,-,-,-,-
32142,34451,-,-,-,-
32143,34452,-,-,-,-
32144,34453,-,-,-,-
32145,34454,-,-,-,-
32146,34455,-,-,-,-
32147,34456,-,-,-,-
32148,34457,-,-,-,-
32149,34458,-,-,-,-
32150,34459,-,-,-,-
32151,34460,-,-,-,-
32152,34461,-,-,-,-
32153,34462,-,-,-,-
32154,34463,-,-,-,-
32155,34464,-,-,-,-
32156,34465,-,-,-,-
32157,34466,-,-,-,-
32158,34467,-,-,-,-
32159,34468,-,-,-,-
32160,34469,-,-,-,-
32161,34470,-,-,-,-
32162,34471,-,-,-,-
32163,34472,-,-,-,-
32164,34473,-,-,-,-
32165,34474,-,-,-,-
32166,34475,-,-,-,-
32167,34476,-,-,-,-
32168,34477,-,-,-,-
32169,34478,-,-,-,-
32170,34479,-,-,-,-
32171,34480,-,-,-,-
32172,34481,-,-,-,-
32173,34482,-,-,-,-
32174,34483,-,-,-,-
32175,34484,-,-,-,-
32176,34485,-,-,-,-
32177,34486,-,-,-,-
32178,34487,-,-,-,-
32179,34488,-,-,-,-
32180,34489,-,-,-,-
32181,34490,-,-,-,-
32182,34491,-,-,-,-
32183,34492,-,-,-,-
32184,34493,-,-,-,-
32185,34494,-,-,-,-
32186,34495,-,-,-,-
32187,34496,-,-,-,-
32188,34497,-,-,-,-
32189,34498,-,-,-,-
32190,34499,-,-,-,-
32191,34500,-,-,-,-
32192,34501,-,-,-,-
32193,34502,-,-,-,-
32194,34503,-,-,-,-
32195,34504,-,-,-,-
32196,34505,-,-,-,-
32197,34506,-,-,-,-
32198,34507,-,-,-,-
32199,34508,-,-,-,-
32200,34509,-,-,-,-
32201,34510,-,-,-,-
32202,34511,-,-,-,-
32203,34512,-,-,-,-
32204,34513,-,-,-,-
32205,34514,-,-,-,-
32206,34515,-,-,-,-
32207,34516,-,-,-,-
32208,34517,-,-,-,-
32209,34518,-,-,-,-
32210,34519,-,-,-,-
32211,34520,-,-,-,-
32212,34521,-,-,-,-
32213,34522,-,-,-,-
32214,34523,-,-,-,-
32215,34524,-,-,-,-
32216,34525,-,-,-,-
32217,34526,-,-,-,-
32218,34527,-,-,-,-
32219,34528,-,-,-,-
32220,34529,-,-,-,-
32221,34530,-,-,-,-
32222,34531,-,-,-,-
32223,34532,-,-,-,-
32224,34533,-,-,-,-
32225,34534,-,-,-,-
32226,34535,-,-,-,-
32227,34536,-,-,-,-
32228,34537,-,-,-,-
32229,34538,-,-,-,-
32230,34539,-,-,-,-
32231,34540,-,-,-,-
32232,34541,-,-,-,-
32233,34542,-,-,-,-
32234,34543,-,-,-,-
32235,34544,-,-,-,-
32236,34545,-,-,-,-
32237,34546,-,-,-,-
32238,34547,-,-,-,-
32239,34548,-,-,-,-
32240,34549,-,-,-,-
32241,34550,-,-,-,-
32242,34551,-,-,-,-
32243,34552,-,-,-,-
32244,34553,-,-,-,-
32245,34554,-,-,-,-
32246,34555,-,-,-,-
32247,34556,-,-,-,-
32248,34557,-,-,-,-
32249,34558,-,-,-,-
32250,34559,-,-,-,-
32251,34560,-,-,-,-
32252,34561,-,-,-,-
32253,34562,-,-,-,-
32254,34563,-,-,-,-
32255,34564,-,-,-,-
32256,34565,-,-,-,-
32257,34566,-,-,-,-
32258,34567,-,-,-,-
32259,34568,-,-,-,-
32260,34569,-,-,-,-
32261,34570,-,-,-,-
32262,34571,-,-,-,-
32263,34572,-,-,-,-
32264,34573,-,-,-,-
32265,34574,-,-,-,-
32266,34575,-,-,-,-
32267,34576,-,-,-,-
32268,34577,-,-,-,-
32269,34578,-,-,-,-
32270,34579,-,-,-,-
32271,34580,-,-,-,-
32272,34581,-,-,-,-
32273,34582,-,-,-,-
32274,34583,-,-,-,-
32275,34584,-,-,-,-
32276,34585,-,-,-,-
32277,34586,-,-,-,-
32278,34587,-,-,-,-
32279,34588,-,-,-,-
32280,34589,-,-,-,-
32281,34590,-,-,-,-
32282,34591,-,-,-,-
32283,34592,-,-,-,-
32284,34593,-,-,-,-
32285,34594,-,-,-,-
32286,34595,-,-,-,-
32287,34596,-,-,-,-
32288,34597,-,-,-,-
32289,34598,-,-,-,-
32290,34599,-,-,-,-
32291,34600,-,-,-,-
32292,34601,-,-,-,-
32293,34602,-,-,-,-
32294,34603,-,-,-,-
32295,34604,-,-,-,-
32296,34605,-,-,-,-
32297,34606,-,-,-,-
32298,34607,-,-,-,-
32299,34608,-,-,-,-
32300,34609,-,-,-,-
32301,34610,-,-,-,-
32302,34611,-,-,-,-
32303,34612,-,-,-,-
32304,34613,-,-,-,-
32305,34614,-,-,-,-
32306,34615,-,-,-,-
32307,34616,-,-,-,-
32308,34617,-,-,-,-
32309,34618,-,-,-,-
32310,34619,-,-,-,-
32311,34620,-,-,-,-
32312,34621,-,-,-,-
32313,34622,-,-,-,-
32314,34623,-,-,-,-
32315,34624,-,-,-,-
32316,34625,-,-,-,-
32317,34626,-,-,-,-
32318,34627,-,-,-,-
32319,34628,-,-,-,-
32320,34629,-,-,-,-
32321,34630,-,-,-,-
32322,34631,-,-,-,-
32323,34632,-,-,-,-
32324,34633,-,-,-,-
32325,34634,-,-,-,-
32326,34635,-,-,-,-
32327,34636,-,-,-,-
32328,34637,-,-,-,-
32329,34638,-,-,-,-
32330,34639,-,-,-,-
32331,34640,-,-,-,-
32332,34641,-,-,-,-
32333,34642,-,-,-,-
32334,34643,-,-,-,-
32335,34644,-,-,-,-
32336,34645,-,-,-,-
32337,34646,-,-,-,-
32338,34647,-,-,-,-
32339,34648,-,-,-,-
32340,34649,-,-,-,-
32341,34650,-,-,-,-
32342,34651,-,-,-,-
32343,34652,-,-,-,-
32344,34653,-,-,-,-
32345,34654,-,-,-,-
32346,34655,-,-,-,-
32347,34656,-,-,-,-
32348,34657,-,-,-,-
32349,34658,-,-,-,-
32350,34659,-,-,-,-
32351,34660,-,-,-,-
32352,34661,-,-,-,-
32353,34662,-,-,-,-
32354,34663,-,-,-,-
32355,34664,-,-,-,-
32356,34665,-,-,-,-
32357,34666,-,-,-,-
32358,34667,-,-,-,-
32359,34668,-,-,-,-
32360,34669,-,-,-,-
32361,34670,-,-,-,-
32362,34671,-,-,-,-
32363,34672,-,-,-,-
32364,34673,-,-,-,-
32365,34674,-,-,-,-
32366,34675,-,-,-,-
32367,34676,-,-,-,-
32368,34677,-,-,-,-
32369,34678,-,-,-,-
32370,34679,-,-,-,-
32371,34680,-,-,-,-
32372,34681,-,-,-,-
32373,34682,-,-,-,-
32374,34683,-,-,-,-
32375,34684,-,-,-,-
32376,34685,-,-,-,-
32377,34686,-,-,-,-
32378,34687,-,-,-,-
32379,34688,-,-,-,-
32380,34689,-,-,-,-
32381,34690,-,-,-,-
32382,34691,-,-,-,-
32383,34692,-,-,-,-
32384,34693,-,-,-,-
32385,34694,-,-,-,-
32386,34695,-,-,-,-
32387,34696,-,-,-,-
32388,34697,-,-,-,-
32389,34698,-,-,-,-
32390,34699,-,-,-,-
32391,34700,-,-,-,-
32392,34701,-,-,-,-
32393,34702,-,-,-,-
32394,34703,-,-,-,-
32395,34704,-,-,-,-
32396,34705,-,-,-,-
32397,34706,-,-,-,-
32398,34707,-,-,-,-
32399,34708,-,-,-,-
32400,34709,-,-,-,-
32401,34710,-,-,-,-
32402,34711,-,-,-,-
32403,34712,-,-,-,-
32404,34713,-,-,-,-
32405,34714,-,-,-,-
32406,34715,-,-,-,-
32407,34716,-,-,-,-
32408,34717,-,-,-,-
32409,34718,-,-,-,-
32410,34719,-,-,-,-
32411,34720,-,-,-,-
32412,34721,-,-,-,-
32413,34722,-,-,-,-
32414,34723,-,-,-,-
32415,34724,-,-,-,-
32416,34725,-,-,-,-
32417,34726,-,-,-,-
32418,34727,-,-,-,-
32419,34728,-,-,-,-
32420,34729,-,-,-,-
32421,34730,-,-,-,-
32422,34731,-,-,-,-
32423,34732,-,-,-,-
32424,34733,-,-,-,-
32425,34734,-,-,-,-
32426,34735,-,-,-,-
32427,34736,-,-,-,-
32428,34737,-,-,-,-
32429,34738,-,-,-,-
32430,34739,-,-,-,-
32431,34740,-,-,-,-
32432,34741,-,-,-,-
32433,34742,-,-,-,-
32434,34743,-,-,-,-
32435,34744,-,-,-,-
32436,34745,-,-,-,-
32437,34746,-,-,-,-
32438,34747,-,-,-,-
32439,34748,-,-,-,-
32440,34749,-,-,-,-
32441,34750,-,-,-,-
32442,34751,-,-,-,-
32443,34752,-,-,-,-
32444,34753,-,-,-,-
32445,34754,-,-,-,-
32446,34755,-,-,-,-
32447,34756,-,-,-,-
32448,34757,-,-,-,-
32449,34758,-,-,-,-
32450,34759,-,-,-,-
32451,34760,-,-,-,-
32452,34761,-,-,-,-
32453,34762,-,-,-,-
32454,34763,-,-,-,-
32455,34764,-,-,-,-
32456,34765,-,-,-,-
32457,34766,-,-,-,-
32458,34767,-,-,-,-
32459,34768,-,-,-,-
32460,34769,-,-,-,-
32461,34770,-,-,-,-
32462,34771,-,-,-,-
32463,34772,-,-,-,-
32464,34773,-,-,-,-
32465,34774,-,-,-,-
32466,34775,-,-,-,-
32467,34776,-,-,-,-
32468,34777,-,-,-,-
32469,34778,-,-,-,-
32470,34779,-,-,-,-
32471,34780,-,-,-,-
32472,34781,-,-,-,-
32473,34782,-,-,-,-
32474,34783,-,-,-,-
32475,34784,-,-,-,-
32476,34785,-,-,-,-
32477,34786,-,-,-,-
32478,34787,-,-,-,-
32479,34788,-,-,-,-
32480,34789,-,-,-,-
32481,34790,-,-,-,-
32482,34791,-,-,-,-
32483,34792,-,-,-,-
32484,34793,-,-,-,-
32485,34794,-,-,-,-
32486,34795,-,-,-,-
32487,34796,-,-,-,-
32488,34797,-,-,-,-
32489,34798,-,-,-,-
32490,34799,-,-,-,-
32491,34800,-,-,-,-
32492,34801,-,-,-,-
32493,34802,-,-,-,-
32494,34803,-,-,-,-
32495,34804,-,-,-,-
32496,34805,-,-,-,-
32497,34806,-,-,-,-
32498,34807,-,-,-,-
32499,34808,-,-,-,-
32500,34809,-,-,-,-
32501,34810,-,-,-,-
32502,34811,-,-,-,-
32503,34812,-,-,-,-
32504,34813,-,-,-,-
32505,34814,-,-,-,-
32506,34815,-,-,-,-
32507,34816,-,-,-,-
32508,34817,-,-,-,-
32509,34818,-,-,-,-
32510,34819,-,-,-,-
32511,34820,-,-,-,-
32512,34821,-,-,-,-
32513,34822,-,-,-,-
32514,34823,-,-,-,-
32515,34824,-,-,-,-
32516,34825,-,-,-,-
32517,34826,-,-,-,-
32518,34827,-,-,-,-
32519,34828,-,-,-,-
32520,34829,-,-,-,-
32521,34830,-,-,-,-
32522,34831,-,-,-,-
32523,34832,-,-,-,-
32524,34833,-,-,-,-
32525,34834,-,-,-,-
32526,34835,-,-,-,-
32527,34836,-,-,-,-
32528,34837,-,-,-,-
32529,34838,-,-,-,-
32530,34839,-,-,-,-
32531,34840,-,-,-,-
32532,34841,-,-,-,-
32533,34842,-,-,-,-
32534,34843,-,-,-,-
32535,34844,-,-,-,-
32536,34845,-,-,-,-
32537,34846,-,-,-,-
32538,34847,-,-,-,-
32539,34848,-,-,-,-
32540,34849,-,-,-,-
32541,34850,-,-,-,-
32542,34851,-,-,-,-
32543,34852,-,-,-,-
32544,34853,-,-,-,-
32545,34854,-,-,-,-
32546,34855,-,-,-,-
32547,34856,-,-,-,-
32548,34857,-,-,-,-
32549,34858,-,-,-,-
32550,34859,-,-,-,-
32551,34860,-,-,-,-
32552,34861,-,-,-,-
32553,34862,-,-,-,-
32554,34863,-,-,-,-
32555,34864,-,-,-,-
32556,34865,-,-,-,-
32557,34866,-,-,-,-
32558,34867,-,-,-,-
32559,34868,-,-,-,-
32560,34869,-,-,-,-
32561,34870,-,-,-,-
32562,34871,-,-,-,-
32563,34872,-,-,-,-
32564,34873,-,-,-,-
32565,34874,-,-,-,-
32566,34875,-,-,-,-
32567,34876,-,-,-,-
32568,34877,-,-,-,-
32569,34878,-,-,-,-
32570,34879,-,-,-,-
32571,34880,-,-,-,-
32572,34881,-,-,-,-
32573,34882,-,-,-,-
32574,34883,-,-,-,-
32575,34884,-,-,-,-
32576,34885,-,-,-,-
32577,34886,-,-,-,-
32578,34887,-,-,-,-
32579,34888,-,-,-,-
32580,34889,-,-,-,-
32581,34890,-,-,-,-
32582,34891,-,-,-,-
32583,34892,-,-,-,-
32584,34893,-,-,-,-
32585,34894,-,-,-,-
32586,34895,-,-,-,-
32587,34896,-,-,-,-
32588,34897,-,-,-,-
32589,34898,-,-,-,-
32590,34899,-,-,-,-
32591,34900,-,-,-,-
32592,34901,-,-,-,-
32593,34902,-,-,-,-
32594,34903,-,-,-,-
32595,34904,-,-,-,-
32596,34905,-,-,-,-
32597,34906,-,-,-,-
32598,34907,-,-,-,-
32599,34908,-,-,-,-
32600,34909,-,-,-,-
32601,34910,-,-,-,-
32602,34911,-,-,-,-
32603,34912,-,-,-,-
32604,34913,-,-,-,-
32605,34914,-,-,-,-
32606,34915,-,-,-,-
32607,34916,-,-,-,-
32608,34917,-,-,-,-
32609,34918,-,-,-,-
32610,34919,-,-,-,-
32611,34920,-,-,-,-
32612,34921,-,-,-,-
32613,34922,-,-,-,-
32614,34923,-,-,-,-
32615,34924,-,-,-,-
32616,34925,-,-,-,-
32617,34926,-,-,-,-
32618,34927,-,-,-,-
32619,34928,-,-,-,-
32620,34929,-,-,-,-
32621,34930,-,-,-,-
32622,34931,-,-,-,-
32623,34932,-,-,-,-
32624,34933,-,-,-,-
32625,34934,-,-,-,-
32626,34935,-,-,-,-
32627,34936,-,-,-,-
32628,34937,-,-,-,-
32629,34938,-,-,-,-
32630,34939,-,-,-,-
32631,34940,-,-,-,-
32632,34941,-,-,-,-
32633,34942,-,-,-,-
32634,34943,-,-,-,-
32635,34944,-,-,-,-
32636,34945,-,-,-,-
32637,34946,-,-,-,-
32638,34947,-,-,-,-
32639,34948,-,-,-,-
32640,34949,-,-,-,-
32641,34950,-,-,-,-
32642,34951,-,-,-,-
32643,34952,-,-,-,-
32644,34953,-,-,-,-
32645,34954,-,-,-,-
32646,34955,-,-,-,-
32647,34956,-,-,-,-
32648,34957,-,-,-,-
32649,34958,-,-,-,-
32650,34959,-,-,-,-
32651,34960,-,-,-,-
32652,34961,-,-,-,-
32653,34962,-,-,-,-
32654,34963,-,-,-,-
32655,34964,-,-,-,-
32656,34965,-,-,-,-
32657,34966,-,-,-,-
32658,34967,-,-,-,-
32659,34968,-,-,-,-
32660,34969,-,-,-,-
32661,34970,-,-,-,-
32662,34971,-,-,-,-
32663,34972,-,-,-,-
32664,34973,-,-,-,-
32665,34974,-,-,-,-
32666,34975,-,-,-,-
32667,34976,-,-,-,-
32668,34977,-,-,-,-
32669,34978,-,-,-,-
32670,34979,-,-,-,-
32671,34980,-,-,-,-
32672,34981,-,-,-,-
32673,34982,-,-,-,-
32674,34983,-,-,-,-
32675,34984,-,-,-,-
32676,34985,-,-,-,-
32677,34986,-,-,-,-
32678,34987,-,-,-,-
32679,34988,-,-,-,-
32680,34989,-,-,-,-
32681,34990,-,-,-,-
32682,34991,-,-,-,-
32683,34992,-,-,-,-
32684,34993,-,-,-,-
32685,34994,-,-,-,-
32686,34995,-,-,-,-
32687,34996,-,-,-,-
32688,34997,-,-,-,-
32689,34998,-,-,-,-
32690,34999,-,-,-,-
32691,35000,-,-,-,-
32692,35001,-,-,-,-
32693,35002,-,-,-,-
32694,35003,-,-,-,-
32695,35004,-,-,-,-
32696,35005,-,-,-,-
32697,35006,-,-,-,-
32698,35007,-,-,-,-
32699,35008,-,-,-,-
32700,35009,-,-,-,-
32701,35010,-,-,-,-
32702,35011,-,-,-,-
32703,35012,-,-,-,-
32704,35013,-,-,-,-
32705,35014,-,-,-,-
32706,35015,-,-,-,-
32707,35016,-,-,-,-
32708,35017,-,-,-,-
32709,35018,-,-,-,-
32710,35019,-,-,-,-
32711,35020,-,-,-,-
32712,35021,-,-,-,-
32713,35022,-,-,-,-
32714,35023,-,-,-,-
32715,35024,-,-,-,-
32716,35025,-,-,-,-
32717,35026,-,-,-,-
32718,35027,-,-,-,-
32719,35028,-,-,-,-
32720,35029,-,-,-,-
32721,35030,-,-,-,-
32722,35031,-,-,-,-
32723,35032,-,-,-,-
32724,35033,-,-,-,-
32725,35034,-,-,-,-
32726,35035,-,-,-,-
32727,35036,-,-,-,-
32728,35037,-,-,-,-
32729,35038,-,-,-,-
32730,35039,-,-,-,-
32731,35040,-,-,-,-
32732,35041,-,-,-,-
32733,35042,-,-,-,-
32734,35043,-,-,-,-
32735,35044,-,-,-,-
32736,35045,-,-,-,-
32737,35046,-,-,-,-
32738,35047,-,-,-,-
32739,35048,-,-,-,-
32740,35049,-,-,-,-
32741,35050,-,-,-,-
32742,35051,-,-,-,-
32743,35052,-,-,-,-
32744,35053,-,-,-,-
32745,35054,-,-,-,-
32746,35055,-,-,-,-
32747,35056,-,-,-,-
32748,35057,-,-,-,-
32749,35058,-,-,-,-
32750,35059,-,-,-,-
32751,35060,-,-,-,-
32752,35061,-,-,-,-
32753,35062,-,-,-,-
32754,35063,-,-,-,-
32755,35064,-,-,-,-
32756,35065,-,-,-,-
32757,35066,-,-,-,-
32758,35067,-,-,-,-
32759,35068,-,-,-,-
32760,35069,-,-,-,-
32761,35070,-,-,-,-
32762,35071,-,-,-,-
32763,35072,-,-,-,-
32764,35073,-,-,-,-
32765,35074,-,-,-,-
32766,35075,-,-,-,-
32767,35076,-,-,-,-
32768,35077,-,-,-,-
32769,35078,-,-,-,-
32770,35079,-,-,-,-
32771,35080,-,-,-,-
32772,35081,-,-,-,-
32773,35082,-,-,-,-
32774,35083,-,-,-,-
32775,35084,-,-,-,-
32776,35085,-,-,-,-
32777,35086,-,-,-,-
32778,35087,-,-,-,-
32779,35088,-,-,-,-
32780,35089,-,-,-,-
32781,35090,-,-,-,-
32782,35091,-,-,-,-
32783,35092,-,-,-,-
32784,35093,-,-,-,-
32785,35094,-,-,-,-
32786,35095,-,-,-,-
32787,35096,-,-,-,-
32788,35097,-,-,-,-
32789,35098,-,-,-,-
32790,35099,-,-,-,-
32791,35100,-,-,-,-
32792,35101,-,-,-,-
32793,35102,-,-,-,-
32794,35103,-,-,-,-
32795,35104,-,-,-,-
32796,35105,-,-,-,-
32797,35106,-,-,-,-
32798,35107,-,-,-,-
32799,35108,-,-,-,-
32800,35109,-,-,-,-
32801,35110,-,-,-,-
32802,35111,-,-,-,-
32803,35112,-,-,-,-
32804,35113,-,-,-,-
32805,35114,-,-,-,-
32806,35115,-,-,-,-
32807,35116,-,-,-,-
32808,35117,-,-,-,-
32809,35118,-,-,-,-
32810,35119,-,-,-,-
32811,35120,-,-,-,-
32812,35121,-,-,-,-
32813,35122,-,-,-,-
32814,35123,-,-,-,-
32815,35124,-,-,-,-
32816,35125,-,-,-,-
32817,35126,-,-,-,-
32818,35127,-,-,-,-
32819,35128,-,-,-,-
32820,35129,-,-,-,-
32821,35130,-,-,-,-
32822,35131,-,-,-,-
32823,35132,-,-,-,-
32824,35133,-,-,-,-
32825,35134,-,-,-,-
32826,35135,-,-,-,-
32827,35136,-,-,-,-
32828,35137,-,-,-,-
32829,35138,-,-,-,-
32830,35139,-,-,-,-
32831,35140,-,-,-,-
32832,35141,-,-,-,-
32833,35142,-,-,-,-
32834,35143,-,-,-,-
32835,35144,-,-,-,-
32836,35145,-,-,-,-
32837,35146,-,-,-,-
32838,35147,-,-,-,-
32839,35148,-,-,-,-
32840,35149,-,-,-,-
32841,35150,-,-,-,-
32842,35151,-,-,-,-
32843,35152,-,-,-,-
32844,35153,-,-,-,-
32845,35154,-,-,-,-
32846,35155,-,-,-,-
32847,35156,-,-,-,-
32848,35157,-,-,-,-
32849,35158,-,-,-,-
32850,35159,-,-,-,-
32851,35160,-,-,-,-
32852,35161,-,-,-,-
32853,35162,-,-,-,-
32854,35163,-,-,-,-
32855,35164,-,-,-,-
32856,35165,-,-,-,-
32857,35166,-,-,-,-
32858,35167,-,-,-,-
32859,35168,-,-,-,-
32860,35169,-,-,-,-
32861,35170,-,-,-,-
32862,35171,-,-,-,-
32863,35172,-,-,-,-
32864,35173,-,-,-,-
32865,35174,-,-,-,-
32866,35175,-,-,-,-
32867,35176,-,-,-,-
32868,35177,-,-,-,-
32869,35178,-,-,-,-
32870,35179,-,-,-,-
32871,35180,-,-,-,-
32872,35181,-,-,-,-
32873,35182,-,-,-,-
32874,35183,-,-,-,-
32875,35184,-,-,-,-
32876,35185,-,-,-,-
32877,35186,-,-,-,-
32878,35187,-,-,-,-
32879,35188,-,-,-,-
32880,35189,-,-,-,-
32881,35190,-,-,-,-
32882,35191,-,-,-,-
32883,35192,-,-,-,-
32884,35193,-,-,-,-
32885,35194,-,-,-,-
32886,35195,-,-,-,-
32887,35196,-,-,-,-
32888,35197,-,-,-,-
32889,35198,-,-,-,-
32890,35199,-,-,-,-
32891,35200,-,-,-,-
32892,35201,-,-,-,-
32893,35202,-,-,-,-
32894,35203,-,-,-,-
32895,35204,-,-,-,-
32896,35205,-,-,-,-
32897,35206,-,-,-,-
32898,35207,-,-,-,-
32899,35208,-,-,-,-
32900,35209,-,-,-,-
32901,35210,-,-,-,-
32902,35211,-,-,-,-
32903,35212,-,-,-,-
32904,35213,-,-,-,-
32905,35214,-,-,-,-
32906,35215,-,-,-,-
32907,35216,-,-,-,-
32908,35217,-,-,-,-
32909,35218,-,-,-,-
32910,35219,-,-,-,-
32911,35220,-,-,-,-
32912,35221,-,-,-,-
32913,35222,-,-,-,-
32914,35223,-,-,-,-
32915,35224,-,-,-,-
32916,35225,-,-,-,-
32917,35226,-,-,-,-
32918,35227,-,-,-,-
32919,35228,-,-,-,-
32920,35229,-,-,-,-
32921,35230,-,-,-,-
32922,35231,-,-,-,-
32923,35232,-,-,-,-
32924,35233,-,-,-,-
32925,35234,-,-,-,-
32926,35235,-,-,-,-
32927,35236,-,-,-,-
32928,35237,-,-,-,-
32929,35238,-,-,-,-
32930,35239,-,-,-,-
32931,35240,-,-,-,-
32932,35241,-,-,-,-
32933,35242,-,-,-,-
32934,35243,-,-,-,-
32935,35244,-,-,-,-
32936,35245,-,-,-,-
32937,35246,-,-,-,-
32938,35247,-,-,-,-
32939,35248,-,-,-,-
32940,35249,-,-,-,-
32941,35250,-,-,-,-
32942,35251,-,-,-,-
32943,35252,-,-,-,-
32944,35253,-,-,-,-
32945,35254,-,-,-,-
32946,35255,-,-,-,-
32947,35256,-,-,-,-
32948,35257,-,-,-,-
32949,35258,-,-,-,-
32950,35259,-,-,-,-
32951,35260,-,-,-,-
32952,35261,-,-,-,-
32953,35262,-,-,-,-
32954,35263,-,-,-,-
32955,35264,-,-,-,-
32956,35265,-,-,-,-
32957,35266,-,-,-,-
32958,35267,-,-,-,-
32959,35268,-,-,-,-
32960,35269,-,-,-,-
32961,35270,-,-,-,-
32962,35271,-,-,-,-
32963,35272,-,-,-,-
32964,35273,-,-,-,-
32965,35274,-,-,-,-
32966,35275,-,-,-,-
32967,35276,-,-,-,-
32968,35277,-,-,-,-
32969,35278,-,-,-,-
32970,35279,-,-,-,-
32971,35280,-,-,-,-
32972,35281,-,-,-,-
32973,35282,-,-,-,-
32974,35283,-,-,-,-
32975,35283,-,-,-,-
32976,35283,-,-,-,-
32977,35283,-,-,-,-
32978,35283,-,-,-,-
32979,35283,-,-,-,-
32980,35283,-,-,-,-
32981,35283,-,-,-,-
32982,35283,-,-,-,-
32983,35283,-,-,-,-
32984,35283,-,-,-,-
32985,35283,-,-,-,-
32986,35283,-,-,-,-
32987,35283,-,-,-,-
32988,35283,-,-,-,-
32989,35283,-,-,-,-
32990,35283,-,-,-,-
32991,35283,-,-,-,-
32992,35283,-,-,-,-
32993,35283,-,-,-,-
32994,35283,-,-,-,-
32995,35283,-,-,-,-
32996,35283,-,-,-,-
32997,35283,-,-,-,-
32998,35283,-,-,-,-
32999,35283,-,-,-,-
33000,35283,-,-,-,-
33001,35283,-,-,-,-
33002,35283,-,-,-,-
33003,35283,-,-,-,-
33004,35283,-,-,-,-
33005,35283,-,-,-,-
33006,35283,-,-,-,-
33007,35283,-,-,-,-
33008,35283,-,-,-,-
33009,35283,-,-,-,-
33010,35283,-,-,-,-
33011,35283,-,-,-,-
33012,35283,-,-,-,-
33013,35283,-,-,-,-
33014,35283,-,-,-,-
33015,35283,-,-,-,-
33016,35283,-,-,-,-
33017,35283,-,-,-,-
33018,35283,-,-,-,-
33019,35283,-,-,-,-
33020,35283,-,-,-,-
33021,35283,-,-,-,-
33022,35283,-,-,-,-
33023,35283,-,-,-,-
33024,35283,-,-,-,-
33025,35283,-,-,-,-
33026,35283,-,-,-,-
33027,35283,-,-,-,-
33028,35283,-,-,-,-
33029,35283,-,-,-,-
33030,35283,-,-,-,-
33031,35283,-,-,-,-
33032,35283,-,-,-,-
33033,35283,-,-,-,-
33034,35283,-,-,-,-
33035,35283,-,-,-,-
33036,35283,-,-,-,-
33037,35283,-,-,-,-
33038,35283,-,-,-,-
33039,35283,-,-,-,-
33040,35283,-,-,-,-
33041,35283,-,-,-,-
33042,35283,-,-,-,-
33043,35283,-,-,-,-
33044,35283,-,-,-,-
33045,35283,-,-,-,-
33046,35283,-,-,-,-
33047,35283,-,-,-,-
33048,35283,-,-,-,-
33049,35283,-,-,-,-
33050,35283,-,-,-,-
33051,35283,-,-,-,-
33052,35283,-,-,-,-
33053,35283,-,-,-,-
33054,35283,-,-,-,-
33055,35283,-,-,-,-
33056,35283,-,-,-,-
33057,35283,-,-,-,-
33058,35283,-,-,-,-
33059,35283,-,-,-,-
33060,35283,-,-,-,-
33061,35283,-,-,-,-
33062,35283,-,-,-,-
33063,35283,-,-,-,-
33064,35283,-,-,-,-
33065,35283,-,-,-,-
33066,35283,-,-,-,-
33067,35283,-,-,-,-
33068,35283,-,-,-,-
33069,35283,-,-,-,-
33070,35283,-,-,-,-
33071,35283,-,-,-,-
33072,35283,-,-,-,-
33073,35283,-,-,-,-
33074,35283,-,-,-,-
33075,35283,-,-,-,-
33076,35283,-,-,-,-
33077,35283,-,-,-,-
33078,35283,-,-,-,-
33079,35283,-,-,-,-
33080,35283,-,-,-,-
33081,35283,-,-,-,-
33082,35283,-,-,-,-
33083,35283,-,-,-,-
33084,35283,-,-,-,-
33085,35283,-,-,-,-
33086,35283,-,-,-,-
33087,35283,-,-,-,-
33088,35283,-,-,-,-
33089,35283,-,-,-,-
33090,35283,-,-,-,-
33091,35283,-,-,-,-
33092,35283,-,-,-,-
33093,35283,-,-,-,-
33094,35283,-,-,-,-
33095,35283,-,-,-,-
33096,35283,-,-,-,-
33097,35283,-,-,-,-
33098,35283,-,-,-,-
33099,35283,-,-,-,-
33100,35283,-,-,-,-
33101,35283,-,-,-,-
33102,35283,-,-,-,-
33103,35283,-,-,-,-
33104,35283,-,-,-,-
33105,35283,-,-,-,-
33106,35283,-,-,-,-
33107,35283,-,-,-,-
33108,35283,-,-,-,-
33109,35283,-,-,-,-
33110,35283,-,-,-,-
33111,35283,-,-,-,-
33112,35283,-,-,-,-
33113,35283,-,-,-,-
33114,35283,-,-,-,-
33115,35283,-,-,-,-
33116,35283,-,-,-,-
33117,35283,-,-,-,-
33118,35283,-,-,-,-
33119,35283,-,-,-,-
33120,35283,-,-,-,-
33121,35283,-,-,-,-
33122,35283,-,-,-,-
33123,35283,-,-,-,-
33124,35283,-,-,-,-
33125,35283,-,-,-,-
33126,35283,-,-,-,-
33127,35283,-,-,-,-
33128,35283,-,-,-,-
33129,35283,-,-,-,-
33130,35283,-,-,-,-
33131,35283,-,-,-,-
33132,35283,-,-,-,-
33133,35283,-,-,-,-
33134,35283,-,-,-,-
33135,35283,-,-,-,-
33136,35283,-,-,-,-
33137,35283,-,-,-,-
33138,35283,-,-,-,-
33139,35283,-,-,-,-
33140,35283,-,-,-,-
33141,35283,-,-,-,-
33142,35283,-,-,-,-
33143,35283,-,-,-,-
33144,35283,-,-,-,-
33145,35283,-,-,-,-
33146,35283,-,-,-,-
33147,35283,-,-,-,-
33148,35283,-,-,-,-
33149,35283,-,-,-,-
33150,35283,-,-,-,-
33151,35283,-,-,-,-
33152,35283,-,-,-,-
33153,35283,-,-,-,-
33154,35283,-,-,-,-
33155,35283,-,-,-,-
33156,35283,-,-,-,-
33157,35283,-,-,-,-
33158,35283,-,-,-,-
33159,35283,-,-,-,-
33160,35283,-,-,-,-
33161,35283,-,-,-,-
33162,35283,-,-,-,-
33163,35283,-,-,-,-
33164,35283,-,-,-,-
33165,35283,-,-,-,-
33166,35283,-,-,-,-
33167,35283,-,-,-,-
33168,35283,-,-,-,-
33169,35283,-,-,-,-
33170,35283,-,-,-,-
33171,35283,-,-,-,-
33172,35283,-,-,-,-
33173,35283,-,-,-,-
33174,35283,-,-,-,-
33175,35283,-,-,-,-
33176,35283,-,-,-,-
33177,35283,-,-,-,-
33178,35283,-,-,-,-
33179,35283,-,-,-,-
33180,35283,-,-,-,-
33181,35283,-,-,-,-
33182,35283,-,-,-,-
33183,35283,-,-,-,-
33184,35283,-,-,-,-
33185,35283,-,-,-,-
33186,35283,-,-,-,-
33187,35283,-,-,-,-
33188,35283,-,-,-,-
33189,35283,-,-,-,-
33190,35283,-,-,-,-
33191,35283,-,-,-,-
33192,35283,-,-,-,-
33193,35283,-,-,-,-
33194,35283,-,-,-,-
33195,35283,-,-,-,-
33196,35283,-,-,-,-
33197,35283,-,-,-,-
33198,35283,-,-,-,-
33199,35283,-,-,-,-
33200,35283,-,-,-,-
33201,35283,-,-,-,-
33202,35283,-,-,-,-
33203,35283,-,-,-,-
33204,35283,-,-,-,-
33205,35283,-,-,-,-
33206,35283,-,-,-,-
33207,35283,-,-,-,-
33208,35283,-,-,-,-
33209,35283,-,-,-,-
33210,35283,-,-,-,-
33211,35283,-,-,-,-
33212,35283,-,-,-,-
33213,35283,-,-,-,-
33214,35283,-,-,-,-
33215,35283,-,-,-,-
33216,35283,-,-,-,-
33217,35283,-,-,-,-
33218,35283,-,-,-,-
33219,35283,-,-,-,-
33220,35283,-,-,-,-
33221,35283,-,-,-,-
33222,35283,-,-,-,-
33223,35283,-,-,-,-
33224,35283,-,-,-,-
33225,35283,-,-,-,-
33226,35283,-,-,-,-
33227,35283,-,-,-,-
33228,35283,-,-,-,-
33229,35283,-,-,-,-
33230,35283,-,-,-,-
33231,35283,-,-,-,-
33232,35283,-,-,-,-
33233,35283,-,-,-,-
33234,35283,-,-,-,-
33235,35283,-,-,-,-
33236,35283,-,-,-,-
33237,35283,-,-,-,-
33238,35283,-,-,-,-
33239,35283,-,-,-,-
33240,35283,-,-,-,-
33241,35283,-,-,-,-
33242,35283,-,-,-,-
33243,35283,-,-,-,-
33244,35283,-,-,-,-
33245,35283,-,-,-,-
33246,35283,-,-,-,-
33247,35283,-,-,-,-
33248,35283,-,-,-,-
33249,35283,-,-,-,-
33250,35283,-,-,-,-
33251,35283,-,-,-,-
33252,35283,-,-,-,-
33253,35283,-,-,-,-
33254,35283,-,-,-,-
33255,35283,-,-,-,-
33256,35283,-,-,-,-
33257,35283,-,-,-,-
33258,35283,-,-,-,-
33259,35283,-,-,-,-
33260,35283,-,-,-,-
33261,35283,-,-,-,-
33262,35283,-,-,-,-
33263,35283,-,-,-,-
33264,35283,-,-,-,-
33265,35283,-,-,-,-
33266,35283,-,-,-,-
33267,35283,-,-,-,-
33268,35283,-,-,-,-
33269,35283,-,-,-,-
33270,35283,-,-,-,-
33271,35283,-,-,-,-
33272,35283,-,-,-,-
33273,35283,-,-,-,-
33274,35283,-,-,-,-
33275,35283,-,-,-,-
33276,35283,-,-,-,-
33277,35283,-,-,-,-
33278,35283,-,-,-,-
33279,35283,-,-,-,-
33280,35283,-,-,-,-
33281,35283,-,-,-,-
33282,35283,-,-,-,-
33283,35283,-,-,-,-
33284,35283,-,-,-,-
33285,35283,-,-,-,-
33286,35283,-,-,-,-
33287,35283,-,-,-,-
33288,35283,-,-,-,-
33289,35283,-,-,-,-
33290,35283,-,-,-,-
33291,35283,-,-,-,-
33292,35283,-,-,-,-
33293,35283,-,-,-,-
33294,35283,-,-,-,-
33295,35283,-,-,-,-
33296,35283,-,-,-,-
33297,35283,-,-,-,-
33298,35283,-,-,-,-
33299,35283,-,-,-,-
33300,35283,-,-,-,-
33301,35283,-,-,-,-
33302,35283,-,-,-,-
33303,35283,-,-,-,-
33304,35283,-,-,-,-
33305,35283,-,-,-,-
33306,35283,-,-,-,-
33307,35283,-,-,-,-
33308,35283,-,-,-,-
33309,35283,-,-,-,-
33310,35283,-,-,-,-
33311,35283,-,-,-,-
33312,35283,-,-,-,-
33313,35283,-,-,-,-
33314,35283,-,-,-,-
33315,35283,-,-,-,-
33316,35283,-,-,-,-
33317,35283,-,-,-,-
33318,35283,-,-,-,-
33319,35283,-,-,-,-
33320,35283,-,-,-,-
33321,35283,-,-,-,-
33322,35283,-,-,-,-
33323,35283,-,-,-,-
33324,35283,-,-,-,-
33325,35283,-,-,-,-
33326,35283,-,-,-,-
33327,35283,-,-,-,-
33328,35283,-,-,-,-
33329,35283,-,-,-,-
33330,35283,-,-,-,-
33331,35283,-,-,-,-
33332,35283,-,-,-,-
33333,35283,-,-,-,-
33334,35283,-,-,-,-
33335,35283,-,-,-,-
33336,35283,-,-,-,-
33337,35283,-,-,-,-
33338,35283,-,-,-,-
33339,35283,-,-,-,-
33340,35283,-,-,-,-
33341,35283,-,-,-,-
33342,35283,-,-,-,-
33343,35283,-,-,-,-
33344,35283,-,-,-,-
33345,35283,-,-,-,-
33346,35283,-,-,-,-
33347,35283,-,-,-,-
33348,35283,-,-,-,-
33349,35283,-,-,-,-
33350,35283,-,-,-,-
33351,35283,-,-,-,-
33352,35283,-,-,-,-
33353,35283,-,-,-,-
33354,35283,-,-,-,-
33355,35283,-,-,-,-
33356,35283,-,-,-,-
33357,35283,-,-,-,-
33358,35283,-,-,-,-
33359,35283,-,-,-,-
33360,35283,-,-,-,-
33361,35283,-,-,-,-
33362,35283,-,-,-,-
33363,35283,-,-,-,-
33364,35283,-,-,-,-
33365,35283,-,-,-,-
33366,35283,-,-,-,-
33367,35283,-,-,-,-
33368,35283,-,-,-,-
33369,35283,-,-,-,-
33370,35283,-,-,-,-
33371,35284,-,-,-,-
33372,35285,-,-,-,-
33373,35286,-,-,-,-
33374,35287,-,-,-,-
33375,35288,-,-,-,-
33376,35289,-,-,-,-
33377,35290,-,-,-,-
33378,35291,-,-,-,-
33379,35292,-,-,-,-
33380,35293,-,-,-,-
33381,35294,-,-,-,-
33382,35295,-,-,-,-
33383,35296,-,-,-,-
33384,35297,-,-,-,-
33385,35298,-,-,-,-
33386,35299,-,-,-,-
33387,35300,-,-,-,-
33388,35301,-,-,-,-
33389,35302,-,-,-,-
33390,35303,-,-,-,-
33391,35304,-,-,-,-
33392,35305,-,-,-,-
33393,35306,-,-,-,-
33394,35307,-,-,-,-
33395,35308,-,-,-,-
33396,35309,-,-,-,-
33397,35310,-,-,-,-
33398,35311,-,-,-,-
33399,35312,-,-,-,-
33400,35313,-,-,-,-
33401,35314,-,-,-,-
33402,35315,-,-,-,-
33403,35316,-,-,-,-
33404,35317,-,-,-,-
33405,35318,-,-,-,-
33406,35319,-,-,-,-
33407,35320,-,-,-,-
33408,35321,-,-,-,-
33409,35322,-,-,-,-
33410,35323,-,-,-,-
33411,35324,-,-,-,-
33412,35325,-,-,-,-
33413,35326,-,-,-,-
33414,35327,-,-,-,-
33415,35328,-,-,-,-
33416,35329,-,-,-,-
33417,35330,-,-,-,-
33418,35331,-,-,-,-
33419,35332,-,-,-,-
33420,35333,-,-,-,-
33421,35334,-,-,-,-
33422,35335,-,-,-,-
33423,35336,-,-,-,-
33424,35337,-,-,-,-
33425,35338,-,-,-,-
33426,35339,-,-,-,-
33427,35340,-,-,-,-
33428,35341,-,-,-,-
33429,35342,-,-,-,-
33430,35343,-,-,-,-
33431,35344,-,-,-,-
33432,35345,-,-,-,-
33433,35346,-,-,-,-
33434,35347,-,-,-,-
33435,35348,-,-,-,-
33436,35349,-,-,-,-
33437,35350,-,-,-,-
33438,35351,-,-,-,-
33439,35352,-,-,-,-
33440,35353,-,-,-,-
33441,35354,-,-,-,-
33442,35355,-,-,-,-
33443,35356,-,-,-,-
33444,35357,-,-,-,-
33445,35358,-,-,-,-
33446,35359,-,-,-,-
33447,35360,-,-,-,-
33448,35361,-,-,-,-
33449,35362,-,-,-,-
33450,35363,-,-,-,-
33451,35364,-,-,-,-
33452,35365,-,-,-,-
33453,35366,-,-,-,-
33454,35367,-,-,-,-
33455,35368,-,-,-,-
33456,35369,-,-,-,-
33457,35370,-,-,-,-
33458,35371,-,-,-,-
33459,35372,-,-,-,-
33460,35373,-,-,-,-
33461,35374,-,-,-,-
33462,35375,-,-,-,-
33463,35376,-,-,-,-
33464,35377,-,-,-,-
33465,35378,-,-,-,-
33466,35379,-,-,-,-
33467,35380,-,-,-,-
33468,35381,-,-,-,-
33469,35382,-,-,-,-
33470,35383,-,-,-,-
33471,35384,-,-,-,-
33472,35385,-,-,-,-
33473,35386,-,-,-,-
33474,35387,-,-,-,-
33475,35388,-,-,-,-
33476,35389,-,-,-,-
33477,35390,-,-,-,-
33478,35391,-,-,-,-
33479,35392,-,-,-,-
33480,35393,-,-,-,-
33481,35394,-,-,-,-
33482,35395,-,-,-,-
33483,35396,-,-,-,-
33484,35397,-,-,-,-
33485,35398,-,-,-,-
33486,35399,-,-,-,-
33487,35400,-,-,-,-
33488,35401,-,-,-,-
33489,35402,-,-,-,-
33490,35403,-,-,-,-
33491,35404,-,-,-,-
33492,35405,-,-,-,-
33493,35406,-,-,-,-
33494,35407,-,-,-,-
33495,35408,-,-,-,-
33496,35409,-,-,-,-
33497,35410,-,-,-,-
33498,35411,-,-,-,-
33499,35412,-,-,-,-
33500,35413,-,-,-,-
33501,35414,-,-,-,-
33502,35415,-,-,-,-
33503,35416,-,-,-,-
33504,35417,-,-,-,-
33505,35418,-,-,-,-
33506,35419,-,-,-,-
33507,35420,-,-,-,-
33508,35421,-,-,-,-
33509,35422,-,-,-,-
33510,35423,-,-,-,-
33511,35424,-,-,-,-
33512,35425,-,-,-,-
33513,35426,-,-,-,-
33514,35427,-,-,-,-
33515,35428,-,-,-,-
33516,35429,-,-,-,-
33517,35430,-,-,-,-
33518,35431,-,-,-,-
33519,35432,-,-,-,-
33520,35433,-,-,-,-
33521,35434,-,-,-,-
33522,35435,-,-,-,-
33523,35436,-,-,-,-
33524,35437,-,-,-,-
33525,35438,-,-,-,-
33526,35439,-,-,-,-
33527,35440,-,-,-,-
33528,35441,-,-,-,-
33529,35442,-,-,-,-
33530,35443,-,-,-,-
33531,35444,-,-,-,-
33532,35445,-,-,-,-
33533,35446,-,-,-,-
33534,35447,-,-,-,-
33535,35448,-,-,-,-
33536,35449,-,-,-,-
33537,35450,-,-,-,-
33538,35451,-,-,-,-
33539,35452,-,-,-,-
33540,35453,-,-,-,-
33541,35454,-,-,-,-
33542,35455,-,-,-,-
33543,35456,-,-,-,-
33544,35457,-,-,-,-
33545,35458,-,-,-,-
33546,35459,-,-,-,-
33547,35460,-,-,-,-
33548,35461,-,-,-,-
33549,35462,-,-,-,-
33550,35463,-,-,-,-
33551,35464,-,-,-,-
33552,35465,-,-,-,-
33553,35466,-,-,-,-
33554,35467,-,-,-,-
33555,35468,-,-,-,-
33556,35469,-,-,-,-
33557,35470,-,-,-,-
33558,35471,-,-,-,-
33559,35472,-,-,-,-
33560,35473,-,-,-,-
33561,35474,-,-,-,-
33562,35475,-,-,-,-
33563,35476,-,-,-,-
33564,35477,-,-,-,-
33565,35478,-,-,-,-
33566,35479,-,-,-,-
33567,35480,-,-,-,-
33568,35481,-,-,-,-
33569,35482,-,-,-,-
33570,35483,-,-,-,-
33571,35484,-,-,-,-
33572,35485,-,-,-,-
33573,35486,-,-,-,-
33574,35487,-,-,-,-
33575,35488,-,-,-,-
33576,35489,-,-,-,-
33577,35490,-,-,-,-
33578,35491,-,-,-,-
33579,35492,-,-,-,-
33580,35493,-,-,-,-
33581,35494,-,-,-,-
33582,35495,-,-,-,-
33583,35496,-,-,-,-
33584,35497,-,-,-,-
33585,35498,-,-,-,-
33586,35499,-,-,-,-
33587,35500,-,-,-,-
33588,35501,-,-,-,-
33589,35502,-,-,-,-
33590,35503,-,-,-,-
33591,35504,-,-,-,-
33592,35505,-,-,-,-
33593,35506,-,-,-,-
33594,35507,-,-,-,-
33595,35508,-,-,-,-
33596,35509,-,-,-,-
33597,35510,-,-,-,-
33598,35511,-,-,-,-
33599,35512,-,-,-,-
33600,35513,-,-,-,-
33601,35514,-,-,-,-
33602,35515,-,-,-,-
33603,35516,-,-,-,-
33604,35517,-,-,-,-
33605,35518,-,-,-,-
33606,35519,-,-,-,-
33607,35520,-,-,-,-
33608,35521,-,-,-,-
33609,35522,-,-,-,-
33610,35523,-,-,-,-
33611,35524,-,-,-,-
33612,35525,-,-,-,-
33613,35526,-,-,-,-
33614,35527,-,-,-,-
33615,35528,-,-,-,-
33616,35529,-,-,-,-
33617,35530,-,-,-,-
33618,35531,-,-,-,-
33619,35532,-,-,-,-
33620,35533,-,-,-,-
33621,35534,-,-,-,-
33622,35535,-,-,-,-
33623,35536,-,-,-,-
33624,35537,-,-,-,-
33625,35538,-,-,-,-
33626,35539,-,-,-,-
33627,35540,-,-,-,-
33628,35541,-,-,-,-
33629,35542,-,-,-,-
33630,35543,-,-,-,-
33631,35544,-,-,-,-
33632,35545,-,-,-,-
33633,35546,-,-,-,-
33634,35547,-,-,-,-
33635,35548,-,-,-,-
33636,35549,-,-,-,-
33637,35550,-,-,-,-
33638,35551,-,-,-,-
33639,35552,-,-,-,-
33640,35553,-,-,-,-
33641,35554,-,-,-,-
33642,35555,-,-,-,-
33643,35556,-,-,-,-
33644,35557,-,-,-,-
33645,35558,-,-,-,-
33646,35559,-,-,-,-
33647,35560,-,-,-,-
33648,35561,-,-,-,-
33649,35562,-,-,-,-
33650,35563,-,-,-,-
33651,35564,-,-,-,-
33652,35565,-,-,-,-
33653,35566,-,-,-,-
33654,35567,-,-,-,-
33655,35568,-,-,-,-
33656,35569,-,-,-,-
33657,35570,-,-,-,-
33658,35571,-,-,-,-
33659,35572,-,-,-,-
33660,35573,-,-,-,-
33661,35574,-,-,-,-
33662,35575,-,-,-,-
33663,35576,-,-,-,-
33664,35577,-,-,-,-
33665,35578,-,-,-,-
33666,35579,-,-,-,-
33667,35580,-,-,-,-
33668,35581,-,-,-,-
33669,35582,-,-,-,-
33670,35583,-,-,-,-
33671,35584,-,-,-,-
33672,35585,-,-,-,-
33673,35586,-,-,-,-
33674,35587,-,-,-,-
33675,35588,-,-,-,-
33676,35589,-,-,-,-
33677,35590,-,-,-,-
33678,35591,-,-,-,-
33679,35592,-,-,-,-
33680,35593,-,-,-,-
33681,35594,-,-,-,-
33682,35595,-,-,-,-
33683,35596,-,-,-,-
33684,35597,-,-,-,-
33685,35598,-,-,-,-
33686,35599,-,-,-,-
33687,35600,-,-,-,-
33688,35601,-,-,-,-
33689,35602,-,-,-,-
33690,35603,-,-,-,-
33691,35604,-,-,-,-
33692,35605,-,-,-,-
33693,35606,-,-,-,-
33694,35607,-,-,-,-
33695,35608,-,-,-,-
33696,35609,-,-,-,-
33697,35610,-,-,-,-
33698,35611,-,-,-,-
33699,35612,-,-,-,-
33700,35613,-,-,-,-
33701,35614,-,-,-,-
33702,35615,-,-,-,-
33703,35616,-,-,-,-
33704,35617,-,-,-,-
33705,35618,-,-,-,-
33706,35619,-,-,-,-
33707,35620,-,-,-,-
33708,35621,-,-,-,-
33709,35622,-,-,-,-
33710,35623,-,-,-,-
33711,35624,-,-,-,-
33712,35625,-,-,-,-
33713,35626,-,-,-,-
33714,35627,-,-,-,-
33715,35628,-,-,-,-
33716,35629,-,-,-,-
33717,35630,-,-,-,-
33718,35631,-,-,-,-
33719,35632,-,-,-,-
33720,35633,-,-,-,-
33721,35634,-,-,-,-
33722,35635,-,-,-,-
33723,35636,-,-,-,-
33724,35637,-,-,-,-
33725,35638,-,-,-,-
33726,35639,-,-,-,-
33727,35640,-,-,-,-
33728,35641,-,-,-,-
33729,35642,-,-,-,-
33730,35643,-,-,-,-
33731,35644,-,-,-,-
33732,35645,-,-,-,-
33733,35646,-,-,-,-
33734,35647,-,-,-,-
33735,35648,-,-,-,-
33736,35649,-,-,-,-
33737,35650,-,-,-,-
33738,35651,-,-,-,-
33739,35652,-,-,-,-
33740,35653,-,-,-,-
33741,35654,-,-,-,-
33742,35655,-,-,-,-
33743,35656,-,-,-,-
33744,35657,-,-,-,-
33745,35658,-,-,-,-
33746,35659,-,-,-,-
33747,35660,-,-,-,-
33748,35661,-,-,-,-
33749,35662,-,-,-,-
33750,35663,-,-,-,-
33751,35664,-,-,-,-
33752,35665,-,-,-,-
33753,35666,-,-,-,-
33754,35667,-,-,-,-
33755,35668,-,-,-,-
33756,35669,-,-,-,-
33757,35670,-,-,-,-
33758,35671,-,-,-,-
33759,35672,-,-,-,-
33760,35673,-,-,-,-
33761,35674,-,-,-,-
33762,35675,-,-,-,-
33763,35676,-,-,-,-
33764,35677,-,-,-,-
33765,35678,-,-,-,-
33766,35679,-,-,-,-
33767,35680,-,-,-,-
33768,35681,-,-,-,-
33769,35682,-,-,-,-
33770,35683,-,-,-,-
33771,35684,-,-,-,-
33772,35685,-,-,-,-
33773,35686,-,-,-,-
33774,35687,-,-,-,-
33775,35688,-,-,-,-
33776,35689,-,-,-,-
33777,35690,-,-,-,-
33778,35691,-,-,-,-
33779,35692,-,-,-,-
33780,35693,-,-,-,-
33781,35694,-,-,-,-
33782,35695,-,-,-,-
33783,35696,-,-,-,-
33784,35697,-,-,-,-
33785,35698,-,-,-,-
33786,35699,-,-,-,-
33787,35700,-,-,-,-
33788,35701,-,-,-,-
33789,35702,-,-,-,-
33790,35703,-,-,-,-
33791,35704,-,-,-,-
33792,35705,-,-,-,-
33793,35706,-,-,-,-
33794,35707,-,-,-,-
33795,35708,-,-,-,-
33796,35709,-,-,-,-
33797,35710,-,-,-,-
33798,35711,-,-,-,-
33799,35712,-,-,-,-
33800,35713,-,-,-,-
33801,35714,-,-,-,-
33802,35715,-,-,-,-
33803,35716,-,-,-,-
33804,35717,-,-,-,-
33805,35718,-,-,-,-
33806,35719,-,-,-,-
33807,35720,-,-,-,-
33808,35721,-,-,-,-
33809,35722,-,-,-,-
33810,35723,-,-,-,-
33811,35724,-,-,-,-
33812,35725,-,-,-,-
33813,35726,-,-,-,-
33814,35727,-,-,-,-
33815,35728,-,-,-,-
33816,35729,-,-,-,-
33817,35730,-,-,-,-
33818,35731,-,-,-,-
33819,35732,-,-,-,-
33820,35733,-,-,-,-
33821,35734,-,-,-,-
33822,35735,-,-,-,-
33823,35736,-,-,-,-
33824,35737,-,-,-,-
33825,35738,-,-,-,-
33826,35739,-,-,-,-
33827,35740,-,-,-,-
33828,35741,-,-,-,-
33829,35742,-,-,-,-
33830,35743,-,-,-,-
33831,35744,-,-,-,-
33832,35745,-,-,-,-
33833,35746,-,-,-,-
33834,35747,-,-,-,-
33835,35748,-,-,-,-
33836,35749,-,-,-,-
33837,35750,-,-,-,-
33838,35751,-,-,-,-
33839,35752,-,-,-,-
33840,35753,-,-,-,-
33841,35754,-,-,-,-
33842,35755,-,-,-,-
33843,35756,-,-,-,-
33844,35757,-,-,-,-
33845,35758,-,-,-,-
33846,35759,-,-,-,-
33847,35760,-,-,-,-
33848,35761,-,-,-,-
33849,35762,-,-,-,-
33850,35763,-,-,-,-
33851,35764,-,-,-,-
33852,35765,-,-,-,-
33853,35766,-,-,-,-
33854,35767,-,-,-,-
33855,35768,-,-,-,-
33856,35769,-,-,-,-
33857,35770,-,-,-,-
33858,35771,-,-,-,-
33859,35772,-,-,-,-
33860,35773,-,-,-,-
33861,35774,-,-,-,-
33862,35775,-,-,-,-
33863,35776,-,-,-,-
33864,35777,-,-,-,-
33865,35778,-,-,-,-
33866,35779,-,-,-,-
33867,35780,-,-,-,-
33868,35781,-,-,-,-
33869,35782,-,-,-,-
33870,35783,-,-,-,-
33871,35784,-,-,-,-
33872,35785,-,-,-,-
33873,35786,-,-,-,-
33874,35787,-,-,-,-
33875,35788,-,-,-,-
33876,35789,-,-,-,-
33877,35790,-,-,-,-
33878,35791,-,-,-,-
33879,35792,-,-,-,-
33880,35793,-,-,-,-
33881,35794,-,-,-,-
33882,35795,-,-,-,-
33883,35796,-,-,-,-
33884,35797,-,-,-,-
33885,35798,-,-,-,-
33886,35799,-,-,-,-
33887,35800,-,-,-,-
33888,35801,-,-,-,-
33889,35802,-,-,-,-
33890,35803,-,-,-,-
33891,35804,-,-,-,-
33892,35805,-,-,-,-
33893,35806,-,-,-,-
33894,35807,-,-,-,-
33895,35808,-,-,-,-
33896,35809,-,-,-,-
33897,35810,-,-,-,-
33898,35811,-,-,-,-
33899,35812,-,-,-,-
33900,35813,-,-,-,-
33901,35814,-,-,-,-
33902,35815,-,-,-,-
33903,35816,-,-,-,-
33904,35817,-,-,-,-
33905,35818,-,-,-,-
33906,35819,-,-,-,-
33907,35820,-,-,-,-
33908,35821,-,-,-,-
33909,35822,-,-,-,-
33910,35823,-,-,-,-
33911,35824,-,-,-,-
33912,35825,-,-,-,-
33913,35826,-,-,-,-
33914,35827,-,-,-,-
33915,35828,-,-,-,-
33916,35829,-,-,-,-
33917,35830,-,-,-,-
33918,35831,-,-,-,-
33919,35832,-,-,-,-
33920,35833,-,-,-,-
33921,35834,-,-,-,-
33922,35835,-,-,-,-
33923,35836,-,-,-,-
33924,35837,-,-,-,-
33925,35838,-,-,-,-
33926,35839,-,-,-,-
33927,35840,-,-,-,-
33928,35841,-,-,-,-
33929,35842,-,-,-,-
33930,35843,-,-,-,-
33931,35844,-,-,-,-
33932,35845,-,-,-,-
33933,35846,-,-,-,-
33934,35847,-,-,-,-
33935,35848,-,-,-,-
33936,35849,-,-,-,-
33937,35850,-,-,-,-
33938,35851,-,-,-,-
33939,35852,-,-,-,-
33940,35853,-,-,-,-
33941,35854,-,-,-,-
33942,35855,-,-,-,-
33943,35856,-,-,-,-
33944,35857,-,-,-,-
33945,35858,-,-,-,-
33946,35859,-,-,-,-
33947,35860,-,-,-,-
33948,35861,-,-,-,-
33949,35862,-,-,-,-
33950,35863,-,-,-,-
33951,35864,-,-,-,-
33952,35865,-,-,-,-
33953,35866,-,-,-,-
33954,35867,-,-,-,-
33955,35868,-,-,-,-
33956,35869,-,-,-,-
33957,35870,-,-,-,-
33958,35871,-,-,-,-
33959,35872,-,-,-,-
33960,35873,-,-,-,-
33961,35874,-,-,-,-
33962,35875,-,-,-,-
33963,35876,-,-,-,-
33964,35877,-,-,-,-
33965,35878,-,-,-,-
33966,35879,-,-,-,-
33967,35880,-,-,-,-
33968,35881,-,-,-,-
33969,35882,-,-,-,-
33970,35883,-,-,-,-
33971,35884,-,-,-,-
33972,35885,-,-,-,-
33973,35886,-,-,-,-
33974,35887,-,-,-,-
33975,35888,-,-,-,-
33976,35889,-,-,-,-
33977,35890,-,-,-,-
33978,35891,-,-,-,-
33979,35892,-,-,-,-
33980,35893,-,-,-,-
33981,35894,-,-,-,-
33982,35895,-,-,-,-
33983,35896,-,-,-,-
33984,35897,-,-,-,-
33985,35898,-,-,-,-
33986,35899,-,-,-,-
33987,35900,-,-,-,-
33988,35901,-,-,-,-
33989,35902,-,-,-,-
33990,35903,-,-,-,-
33991,35904,-,-,-,-
33992,35905,-,-,-,-
33993,35906,-,-,-,-
33994,35907,-,-,-,-
33995,35908,-,-,-,-
33996,35909,-,-,-,-
33997,35910,-,-,-,-
33998,35911,-,-,-,-
33999,35912,-,-,-,-
34000,35913,-,-,-,-
34001,35914,-,-,-,-
34002,35915,-,-,-,-
34003,35916,-,-,-,-
34004,35917,-,-,-,-
34005,35918,-,-,-,-
34006,35919,-,-,-,-
34007,35920,-,-,-,-
34008,35921,-,-,-,-
34009,35922,-,-,-,-
34010,35923,-,-,-,-
34011,35924,-,-,-,-
34012,35925,-,-,-,-
34013,35926,-,-,-,-
34014,35927,-,-,-,-
34015,35928,-,-,-,-
34016,35929,-,-,-,-
34017,35930,-,-,-,-
34018,35931,-,-,-,-
34019,35932,-,-,-,-
34020,35933,-,-,-,-
34021,35934,-,-,-,-
34022,35935,-,-,-,-
34023,35936,-,-,-,-
34024,35937,-,-,-,-
34025,35938,-,-,-,-
34026,35939,-,-,-,-
34027,35940,-,-,-,-
34028,35941,-,-,-,-
34029,35942,-,-,-,-
34030,35943,-,-,-,-
34031,35944,-,-,-,-
34032,35945,-,-,-,-
34033,35946,-,-,-,-
34034,35947,-,-,-,-
34035,35948,-,-,-,-
34036,35949,-,-,-,-
34037,35950,-,-,-,-
34038,35951,-,-,-,-
34039,35952,-,-,-,-
34040,35953,-,-,-,-
34041,35954,-,-,-,-
34042,35955,-,-,-,-
34043,35956,-,-,-,-
34044,35957,-,-,-,-
34045,35958,-,-,-,-
34046,35959,-,-,-,-
34047,35960,-,-,-,-
34048,35961,-,-,-,-
34049,35962,-,-,-,-
34050,35963,-,-,-,-
34051,35964,-,-,-,-
34052,35965,-,-,-,-
34053,35966,-,-,-,-
34054,35967,-,-,-,-
34055,35968,-,-,-,-
34056,35969,-,-,-,-
34057,35970,-,-,-,-
34058,35971,-,-,-,-
34059,35972,-,-,-,-
34060,35973,-,-,-,-
34061,35974,-,-,-,-
34062,35975,-,-,-,-
34063,35976,-,-,-,-
34064,35977,-,-,-,-
34065,35978,-,-,-,-
34066,35979,-,-,-,-
34067,35980,-,-,-,-
34068,35981,-,-,-,-
34069,35982,-,-,-,-
34070,35983,-,-,-,-
34071,35984,-,-,-,-
34072,35985,-,-,-,-
34073,35986,-,-,-,-
34074,35987,-,-,-,-
34075,35988,-,-,-,-
34076,35989,-,-,-,-
34077,35990,-,-,-,-
34078,35991,-,-,-,-
34079,35992,-,-,-,-
34080,35993,-,-,-,-
34081,35994,-,-,-,-
34082,35995,-,-,-,-
34083,35996,-,-,-,-
34084,35997,-,-,-,-
34085,35998,-,-,-,-
34086,35999,-,-,-,-
34087,36000,-,-,-,-
34088,36001,-,-,-,-
34089,36002,-,-,-,-
34090,36003,-,-,-,-
34091,36004,-,-,-,-
34092,36005,-,-,-,-
34093,36006,-,-,-,-
34094,36007,-,-,-,-
34095,36008,-,-,-,-
34096,36009,-,-,-,-
34097,36010,-,-,-,-
34098,36011,-,-,-,-
34099,36012,-,-,-,-
34100,36013,-,-,-,-
34101,36014,-,-,-,-
34102,36015,-,-,-,-
34103,36016,-,-,-,-
34104,36017,-,-,-,-
34105,36018,-,-,-,-
34106,36019,-,-,-,-
34107,36020,-,-,-,-
34108,36021,-,-,-,-
34109,36022,-,-,-,-
34110,36023,-,-,-,-
34111,36024,-,-,-,-
34112,36025,-,-,-,-
34113,36026,-,-,-,-
34114,36027,-,-,-,-
34115,36028,-,-,-,-
34116,36029,-,-,-,-
34117,36030,-,-,-,-
34118,36031,-,-,-,-
34119,36032,-,-,-,-
34120,36033,-,-,-,-
34121,36034,-,-,-,-
34122,36035,-,-,-,-
34123,36036,-,-,-,-
34124,36037,-,-,-,-
34125,36038,-,-,-,-
34126,36039,-,-,-,-
34127,36040,-,-,-,-
34128,36041,-,-,-,-
34129,36042,-,-,-,-
34130,36043,-,-,-,-
34131,36044,-,-,-,-
34132,36045,-,-,-,-
34133,36046,-,-,-,-
34134,36047,-,-,-,-
34135,36048,-,-,-,-
34136,36049,-,-,-,-
34137,36050,-,-,-,-
34138,36051,-,-,-,-
34139,36052,-,-,-,-
34140,36053,-,-,-,-
34141,36054,-,-,-,-
34142,36055,-,-,-,-
34143,36056,-,-,-,-
34144,36057,-,-,-,-
34145,36058,-,-,-,-
34146,36059,-,-,-,-
34147,36060,-,-,-,-
34148,36061,-,-,-,-
34149,36062,-,-,-,-
34150,36063,-,-,-,-
34151,36064,-,-,-,-
34152,36065,-,-,-,-
34153,36066,-,-,-,-
34154,36067,-,-,-,-
34155,36068,-,-,-,-
34156,36069,-,-,-,-
34157,36070,-,-,-,-
34158,36071,-,-,-,-
34159,36072,-,-,-,-
34160,36073,-,-,-,-
34161,36074,-,-,-,-
34162,36075,-,-,-,-
34163,36076,-,-,-,-
34164,36077,-,-,-,-
34165,36078,-,-,-,-
34166,36079,-,-,-,-
34167,36080,-,-,-,-
34168,36081,-,-,-,-
34169,36082,-,-,-,-
34170,36083,-,-,-,-
34171,36084,-,-,-,-
34172,36085,-,-,-,-
34173,36086,-,-,-,-
34174,36087,-,-,-,-
34175,36088,-,-,-,-
34176,36089,-,-,-,-
34177,36090,-,-,-,-
34178,36091,-,-,-,-
34179,36092,-,-,-,-
34180,36093,-,-,-,-
34181,36094,-,-,-,-
34182,36095,-,-,-,-
34183,36096,-,-,-,-
34184,36097,-,-,-,-
34185,36098,-,-,-,-
34186,36099,-,-,-,-
34187,36100,-,-,-,-
34188,36101,-,-,-,-
34189,36102,-,-,-,-
34190,36103,-,-,-,-
34191,36104,-,-,-,-
34192,36105,-,-,-,-
34193,36106,-,-,-,-
34194,36107,-,-,-,-
34195,36108,-,-,-,-
34196,36109,-,-,-,-
34197,36110,-,-,-,-
34198,36111,-,-,-,-
34199,36112,-,-,-,-
34200,36113,-,-,-,-
34201,36114,-,-,-,-
34202,36115,-,-,-,-
34203,36116,-,-,-,-
34204,36117,-,-,-,-
34205,36118,-,-,-,-
34206,36119,-,-,-,-
34207,36120,-,-,-,-
34208,36121,-,-,-,-
34209,36122,-,-,-,-
34210,36123,-,-,-,-
34211,36124,-,-,-,-
34212,36125,-,-,-,-
34213,36126,-,-,-,-
34214,36127,-,-,-,-
34215,36128,-,-,-,-
34216,36129,-,-,-,-
34217,36130,-,-,-,-
34218,36131,-,-,-,-
34219,36132,-,-,-,-
34220,36133,-,-,-,-
34221,36134,-,-,-,-
34222,36135,-,-,-,-
34223,36136,-,-,-,-
34224,36137,-,-,-,-
34225,36138,-,-,-,-
34226,36139,-,-,-,-
34227,36140,-,-,-,-
34228,36141,-,-,-,-
34229,36142,-,-,-,-
34230,36143,-,-,-,-
34231,36144,-,-,-,-
34232,36145,-,-,-,-
34233,36146,-,-,-,-
34234,36147,-,-,-,-
34235,36148,-,-,-,-
34236,36149,-,-,-,-
34237,36150,-,-,-,-
34238,36151,-,-,-,-
34239,36152,-,-,-,-
34240,36153,-,-,-,-
34241,36154,-,-,-,-
34242,36155,-,-,-,-
34243,36156,-,-,-,-
34244,36157,-,-,-,-
34245,36158,-,-,-,-
34246,36159,-,-,-,-
34247,36160,-,-,-,-
34248,36161,-,-,-,-
34249,36162,-,-,-,-
34250,36163,-,-,-,-
34251,36164,-,-,-,-
34252,36165,-,-,-,-
34253,36166,-,-,-,-
34254,36167,-,-,-,-
34255,36168,-,-,-,-
34256,36169,-,-,-,-
34257,36170,-,-,-,-
34258,36171,-,-,-,-
34259,36172,-,-,-,-
34260,36173,-,-,-,-
34261,36174,-,-,-,-
34262,36175,-,-,-,-
34263,36176,-,-,-,-
34264,36177,-,-,-,-
34265,36178,-,-,-,-
34266,36179,-,-,-,-
34267,36180,-,-,-,-
34268,36181,-,-,-,-
34269,36182,-,-,-,-
34270,36183,-,-,-,-
34271,36184,-,-,-,-
34272,36185,-,-,-,-
34273,36186,-,-,-,-
34274,36187,-,-,-,-
34275,36188,-,-,-,-
34276,36189,-,-,-,-
34277,36190,-,-,-,-
34278,36191,-,-,-,-
34279,36192,-,-,-,-
34280,36193,-,-,-,-
34281,36194,-,-,-,-
34282,36195,-,-,-,-
34283,36196,-,-,-,-
34284,36197,-,-,-,-
34285,36198,-,-,-,-
34286,36199,-,-,-,-
34287,36200,-,-,-,-
34288,36201,-,-,-,-
34289,36202,-,-,-,-
34290,36203,-,-,-,-
34291,36204,-,-,-,-
34292,36205,-,-,-,-
34293,36206,-,-,-,-
34294,36207,-,-,-,-
34295,36208,-,-,-,-
34296,36209,-,-,-,-
34297,36210,-,-,-,-
34298,36211,-,-,-,-
34299,36212,-,-,-,-
34300,36213,-,-,-,-
34301,36214,-,-,-,-
34302,36215,-,-,-,-
34303,36216,-,-,-,-
34304,36217,-,-,-,-
34305,36218,-,-,-,-
34306,36219,-,-,-,-
34307,36220,-,-,-,-
34308,36221,-,-,-,-
34309,36222,-,-,-,-
34310,36223,-,-,-,-
34311,36224,-,-,-,-
34312,36225,-,-,-,-
34313,36226,-,-,-,-
34314,36227,-,-,-,-
34315,36228,-,-,-,-
34316,36229,-,-,-,-
34317,36230,-,-,-,-
34318,36231,-,-,-,-
34319,36232,-,-,-,-
34320,36233,-,-,-,-
34321,36234,-,-,-,-
34322,36235,-,-,-,-
34323,36236,-,-,-,-
34324,36237,-,-,-,-
34325,36238,-,-,-,-
34326,36239,-,-,-,-
34327,36240,-,-,-,-
34328,36241,-,-,-,-
34329,36242,-,-,-,-
34330,36243,-,-,-,-
34331,36244,-,-,-,-
34332,36245,-,-,-,-
34333,36246,-,-,-,-
34334,36247,-,-,-,-
34335,36248,-,-,-,-
34336,36249,-,-,-,-
34337,36250,-,-,-,-
34338,36251,-,-,-,-
34339,36252,-,-,-,-
34340,36253,-,-,-,-
34341,36254,-,-,-,-
34342,36255,-,-,-,-
34343,36256,-,-,-,-
34344,36257,-,-,-,-
34345,36258,-,-,-,-
34346,36259,-,-,-,-
34347,36260,-,-,-,-
34348,36261,-,-,-,-
34349,36262,-,-,-,-
34350,36263,-,-,-,-
34351,36264,-,-,-,-
34352,36265,-,-,-,-
34353,36266,-,-,-,-
34354,36267,-,-,-,-
34355,36268,-,-,-,-
34356,36269,-,-,-,-
34357,36270,-,-,-,-
34358,36271,-,-,-,-
34359,36272,-,-,-,-
34360,36273,-,-,-,-
34361,36274,-,-,-,-
34362,36275,-,-,-,-
34363,36276,-,-,-,-
34364,36277,-,-,-,-
34365,36278,-,-,-,-
34366,36279,-,-,-,-
34367,36280,-,-,-,-
34368,36281,-,-,-,-
34369,36282,-,-,-,-
34370,36283,-,-,-,-
34371,36284,-,-,-,-
34372,36285,-,-,-,-
34373,36286,-,-,-,-
34374,36287,-,-,-,-
34375,36288,-,-,-,-
34376,36289,-,-,-,-
34377,36290,-,-,-,-
34378,36291,-,-,-,-
34379,36292,-,-,-,-
34380,36293,-,-,-,-
34381,36294,-,-,-,-
34382,36295,-,-,-,-
34383,36296,-,-,-,-
34384,36297,-,-,-,-
34385,36298,-,-,-,-
34386,36299,-,-,-,-
34387,36300,-,-,-,-
34388,36301,-,-,-,-
34389,36302,-,-,-,-
34390,36303,-,-,-,-
34391,36304,-,-,-,-
34392,36305,-,-,-,-
34393,36306,-,-,-,-
34394,36307,-,-,-,-
34395,36308,-,-,-,-
34396,36309,-,-,-,-
34397,36310,-,-,-,-
34398,36311,-,-,-,-
34399,36312,-,-,-,-
34400,36313,-,-,-,-
34401,36314,-,-,-,-
34402,36315,-,-,-,-
34403,36316,-,-,-,-
34404,36317,-,-,-,-
34405,36318,-,-,-,-
34406,36319,-,-,-,-
34407,36320,-,-,-,-
34408,36321,-,-,-,-
34409,36322,-,-,-,-
34410,36323,-,-,-,-
34411,36324,-,-,-,-
34412,36325,-,-,-,-
34413,36326,-,-,-,-
34414,36327,-,-,-,-
34415,36328,-,-,-,-
34416,36329,-,-,-,-
34417,36330,-,-,-,-
34418,36331,-,-,-,-
34419,36332,-,-,-,-
34420,36333,-,-,-,-
34421,36334,-,-,-,-
34422,36335,-,-,-,-
34423,36336,-,-,-,-
34424,36337,-,-,-,-
34425,36338,-,-,-,-
34426,36339,-,-,-,-
34427,36340,-,-,-,-
34428,36341,-,-,-,-
34429,36342,-,-,-,-
34430,36343,-,-,-,-
34431,36344,-,-,-,-
34432,36345,-,-,-,-
34433,36346,-,-,-,-
34434,36347,-,-,-,-
34435,36348,-,-,-,-
34436,36349,-,-,-,-
34437,36350,-,-,-,-
34438,36351,-,-,-,-
34439,36352,-,-,-,-
34440,36353,-,-,-,-
34441,36354,-,-,-,-
34442,36355,-,-,-,-
34443,36356,-,-,-,-
34444,36357,-,-,-,-
34445,36358,-,-,-,-
34446,36359,-,-,-,-
34447,36360,-,-,-,-
34448,36361,-,-,-,-
34449,36362,-,-,-,-
34450,36363,-,-,-,-
34451,36364,-,-,-,-
34452,36365,-,-,-,-
34453,36366,-,-,-,-
34454,36367,-,-,-,-
34455,36368,-,-,-,-
34456,36369,-,-,-,-
34457,36370,-,-,-,-
34458,36371,-,-,-,-
34459,36372,-,-,-,-
34460,36373,-,-,-,-
34461,36374,-,-,-,-
34462,36375,-,-,-,-
34463,36376,-,-,-,-
34464,36377,-,-,-,-
34465,36378,-,-,-,-
34466,36379,-,-,-,-
34467,36380,-,-,-,-
34468,36381,-,-,-,-
34469,36382,-,-,-,-
34470,36383,-,-,-,-
34471,36384,-,-,-,-
34472,36385,-,-,-,-
34473,36386,-,-,-,-
34474,36387,-,-,-,-
34475,36388,-,-,-,-
34476,36389,-,-,-,-
34477,36390,-,-,-,-
34478,36391,-,-,-,-
34479,36392,-,-,-,-
34480,36393,-,-,-,-
34481,36394,-,-,-,-
34482,36395,-,-,-,-
34483,36396,-,-,-,-
34484,36397,-,-,-,-
34485,36398,-,-,-,-
34486,36399,-,-,-,-
34487,36400,-,-,-,-
34488,36401,-,-,-,-
34489,36402,-,-,-,-
34490,36403,-,-,-,-
34491,36404,-,-,-,-
34492,36405,-,-,-,-
34493,36406,-,-,-,-
34494,36407,-,-,-,-
34495,36408,-,-,-,-
34496,36409,-,-,-,-
34497,36410,-,-,-,-
34498,36411,-,-,-,-
34499,36412,-,-,-,-
34500,36413,-,-,-,-
34501,36414,-,-,-,-
34502,36415,-,-,-,-
34503,36416,-,-,-,-
34504,36417,-,-,-,-
34505,36418,-,-,-,-
34506,36419,-,-,-,-
34507,36420,-,-,-,-
34508,36421,-,-,-,-
34509,36422,-,-,-,-
34510,36423,-,-,-,-
34511,36424,-,-,-,-
34512,36425,-,-,-,-
34513,36426,-,-,-,-
34514,36427,-,-,-,-
34515,36428,-,-,-,-
34516,36429,-,-,-,-
34517,36430,-,-,-,-
34518,36431,-,-,-,-
34519,36432,-,-,-,-
34520,36433,-,-,-,-
34521,36434,-,-,-,-
34522,36435,-,-,-,-
34523,36436,-,-,-,-
34524,36437,-,-,-,-
34525,36438,-,-,-,-
34526,36439,-,-,-,-
34527,36440,-,-,-,-
34528,36441,-,-,-,-
34529,36442,-,-,-,-
34530,36443,-,-,-,-
34531,36444,-,-,-,-
34532,36445,-,-,-,-
34533,36446,-,-,-,-
34534,36447,-,-,-,-
34535,36448,-,-,-,-
34536,36449,-,-,-,-
34537,36450,-,-,-,-
34538,36451,-,-,-,-
34539,36452,-,-,-,-
34540,36453,-,-,-,-
34541,36454,-,-,-,-
34542,36455,-,-,-,-
34543,36456,-,-,-,-
34544,36457,-,-,-,-
34545,36458,-,-,-,-
34546,36459,-,-,-,-
34547,36460,-,-,-,-
34548,36461,-,-,-,-
34549,36462,-,-,-,-
34550,36463,-,-,-,-
34551,36464,-,-,-,-
34552,36465,-,-,-,-
34553,36466,-,-,-,-
34554,36467,-,-,-,-
34555,36468,-,-,-,-
34556,36469,-,-,-,-
34557,36470,-,-,-,-
34558,36471,-,-,-,-
34559,36472,-,-,-,-
34560,36473,-,-,-,-
34561,36474,-,-,-,-
34562,36475,-,-,-,-
34563,36476,-,-,-,-
34564,36477,-,-,-,-
34565,36478,-,-,-,-
34566,36479,-,-,-,-
34567,36480,-,-,-,-
34568,36481,-,-,-,-
34569,36482,-,-,-,-
34570,36483,-,-,-,-
34571,36484,-,-,-,-
34572,36485,-,-,-,-
34573,36486,-,-,-,-
34574,36487,-,-,-,-
34575,36488,-,-,-,-
34576,36489,-,-,-,-
34577,36490,-,-,-,-
34578,36491,-,-,-,-
34579,36492,-,-,-,-
34580,36493,-,-,-,-
34581,36494,-,-,-,-
34582,36495,-,-,-,-
34583,36496,-,-,-,-
34584,36497,-,-,-,-
34585,36498,-,-,-,-
34586,36499,-,-,-,-
34587,36500,-,-,-,-
34588,36501,-,-,-,-
34589,36502,-,-,-,-
34590,36503,-,-,-,-
34591,36504,-,-,-,-
34592,36505,-,-,-,-
34593,36506,-,-,-,-
34594,36507,-,-,-,-
34595,36508,-,-,-,-
34596,36509,-,-,-,-
34597,36510,-,-,-,-
34598,36511,-,-,-,-
34599,36512,-,-,-,-
34600,36513,-,-,-,-
34601,36514,-,-,-,-
34602,36515,-,-,-,-
34603,36516,-,-,-,-
34604,36517,-,-,-,-
34605,36518,-,-,-,-
34606,36519,-,-,-,-
34607,36520,-,-,-,-
34608,36521,-,-,-,-
34609,36522,-,-,-,-
34610,36523,-,-,-,-
34611,36524,-,-,-,-
34612,36525,-,-,-,-
34613,36526,-,-,-,-
34614,36527,-,-,-,-
34615,36528,-,-,-,-
34616,36529,-,-,-,-
34617,36530,-,-,-,-
34618,36531,-,-,-,-
34619,36532,-,-,-,-
34620,36533,-,-,-,-
34621,36534,-,-,-,-
34622,36535,-,-,-,-
34623,36536,-,-,-,-
34624,36537,-,-,-,-
34625,36538,-,-,-,-
34626,36539,-,-,-,-
34627,36540,-,-,-,-
34628,36541,-,-,-,-
34629,36542,-,-,-,-
34630,36543,-,-,-,-
34631,36544,-,-,-,-
34632,36545,-,-,-,-
34633,36546,-,-,-,-
34634,36547,-,-,-,-
34635,36548,-,-,-,-
34636,36549,-,-,-,-
34637,36550,-,-,-,-
34638,36551,-,-,-,-
34639,36552,-,-,-,-
34640,36553,-,-,-,-
34641,36554,-,-,-,-
34642,36555,-,-,-,-
34643,36556,-,-,-,-
34644,36557,-,-,-,-
34645,36558,-,-,-,-
34646,36559,-,-,-,-
34647,36560,-,-,-,-
34648,36561,-,-,-,-
34649,36562,-,-,-,-
34650,36563,-,-,-,-
34651,36564,-,-,-,-
34652,36565,-,-,-,-
34653,36566,-,-,-,-
34654,36567,-,-,-,-
34655,36568,-,-,-,-
34656,36569,-,-,-,-
34657,36570,-,-,-,-
34658,36571,-,-,-,-
34659,36572,-,-,-,-
34660,36573,-,-,-,-
34661,36574,-,-,-,-
34662,36575,-,-,-,-
34663,36576,-,-,-,-
34664,36577,-,-,-,-
34665,36578,-,-,-,-
34666,36579,-,-,-,-
34667,36580,-,-,-,-
34668,36581,-,-,-,-
34669,36582,-,-,-,-
34670,36583,-,-,-,-
34671,36584,-,-,-,-
34672,36585,-,-,-,-
34673,36586,-,-,-,-
34674,36587,-,-,-,-
34675,36588,-,-,-,-
34676,36589,-,-,-,-
34677,36590,-,-,-,-
34678,36591,-,-,-,-
34679,36592,-,-,-,-
34680,36593,-,-,-,-
34681,36594,-,-,-,-
34682,36595,-,-,-,-
34683,36596,-,-,-,-
34684,36597,-,-,-,-
34685,36598,-,-,-,-
34686,36599,-,-,-,-
34687,36600,-,-,-,-
34688,36601,-,-,-,-
34689,36602,-,-,-,-
34690,36603,-,-,-,-
34691,36604,-,-,-,-
34692,36605,-,-,-,-
34693,36606,-,-,-,-
34694,36607,-,-,-,-
34695,36608,-,-,-,-
34696,36609,-,-,-,-
34697,36610,-,-,-,-
34698,36611,-,-,-,-
34699,36612,-,-,-,-
34700,36613,-,-,-,-
34701,36614,-,-,-,-
34702,36615,-,-,-,-
34703,36616,-,-,-,-
34704,36617,-,-,-,-
34705,36618,-,-,-,-
34706,36619,-,-,-,-
34707,36620,-,-,-,-
34708,36621,-,-,-,-
34709,36622,-,-,-,-
34710,36623,-,-,-,-
34711,36624,-,-,-,-
34712,36625,-,-,-,-
34713,36626,-,-,-,-
34714,36627,-,-,-,-
34715,36628,-,-,-,-
34716,36629,-,-,-,-
34717,36630,-,-,-,-
34718,36631,-,-,-,-
34719,36632,-,-,-,-
34720,36633,-,-,-,-
34721,36634,-,-,-,-
34722,36635,-,-,-,-
34723,36636,-,-,-,-
34724,36637,-,-,-,-
34725,36638,-,-,-,-
34726,36639,-,-,-,-
34727,36640,-,-,-,-
34728,36641,-,-,-,-
34729,36642,-,-,-,-
34730,36643,-,-,-,-
34731,36644,-,-,-,-
34732,36645,-,-,-,-
34733,36646,-,-,-,-
34734,36647,-,-,-,-
34735,36648,-,-,-,-
34736,36649,-,-,-,-
34737,36650,-,-,-,-
34738,36651,-,-,-,-
34739,36652,-,-,-,-
34740,36653,-,-,-,-
34741,36654,-,-,-,-
34742,36655,-,-,-,-
34743,36656,-,-,-,-
34744,36657,-,-,-,-
34745,36658,-,-,-,-
34746,36659,-,-,-,-
34747,36660,-,-,-,-
34748,36661,-,-,-,-
34749,36662,-,-,-,-
34750,36663,-,-,-,-
34751,36664,-,-,-,-
34752,36665,-,-,-,-
34753,36666,-,-,-,-
34754,36667,-,-,-,-
34755,36668,-,-,-,-
34756,36669,-,-,-,-
34757,36670,-,-,-,-
34758,36671,-,-,-,-
34759,36672,-,-,-,-
34760,36673,-,-,-,-
34761,36674,-,-,-,-
34762,36675,-,-,-,-
34763,36676,-,-,-,-
34764,36677,-,-,-,-
34765,36678,-,-,-,-
34766,36679,-,-,-,-
34767,36680,-,-,-,-
34768,36681,-,-,-,-
34769,36682,-,-,-,-
34770,36683,-,-,-,-
34771,36684,-,-,-,-
34772,36685,-,-,-,-
34773,36686,-,-,-,-
34774,36687,-,-,-,-
34775,36688,-,-,-,-
34776,36689,-,-,-,-
34777,36690,-,-,-,-
34778,36691,-,-,-,-
34779,36692,-,-,-,-
34780,36693,-,-,-,-
34781,36694,-,-,-,-
34782,36695,-,-,-,-
34783,36696,-,-,-,-
34784,36697,-,-,-,-
34785,36698,-,-,-,-
34786,36699,-,-,-,-
34787,36700,-,-,-,-
34788,36701,-,-,-,-
34789,36702,-,-,-,-
34790,36703,-,-,-,-
34791,36704,-,-,-,-
34792,36705,-,-,-,-
34793,36706,-,-,-,-
34794,36707,-,-,-,-
34795,36708,-,-,-,-
34796,36709,-,-,-,-
34797,36710,-,-,-,-
34798,36711,-,-,-,-
34799,36712,-,-,-,-
34800,36713,-,-,-,-
34801,36714,-,-,-,-
34802,36715,-,-,-,-
34803,36716,-,-,-,-
34804,36717,-,-,-,-
34805,36718,-,-,-,-
34806,36719,-,-,-,-
34807,36720,-,-,-,-
34808,36721,-,-,-,-
34809,36722,-,-,-,-
34810,36723,-,-,-,-
34811,36724,-,-,-,-
34812,36725,-,-,-,-
34813,36726,-,-,-,-
34814,36727,-,-,-,-
34815,36728,-,-,-,-
34816,36729,-,-,-,-
34817,36730,-,-,-,-
34818,36731,-,-,-,-
34819,36732,-,-,-,-
34820,36733,-,-,-,-
34821,36734,-,-,-,-
34822,36735,-,-,-,-
34823,36736,-,-,-,-
34824,36737,-,-,-,-
34825,36738,-,-,-,-
34826,36739,-,-,-,-
34827,36740,-,-,-,-
34828,36741,-,-,-,-
34829,36742,-,-,-,-
34830,36743,-,-,-,-
34831,36744,-,-,-,-
34832,36745,-,-,-,-
34833,36746,-,-,-,-
34834,36747,-,-,-,-
34835,36748,-,-,-,-
34836,36749,-,-,-,-
34837,36750,-,-,-,-
34838,36751,-,-,-,-
34839,36752,-,-,-,-
34840,36753,-,-,-,-
34841,36754,-,-,-,-
34842,36755,-,-,-,-
34843,36756,-,-,-,-
34844,36757,-,-,-,-
34845,36758,-,-,-,-
34846,36759,-,-,-,-
34847,36760,-,-,-,-
34848,36761,-,-,-,-
34849,36762,-,-,-,-
34850,36763,-,-,-,-
34851,36764,-,-,-,-
34852,36765,-,-,-,-
34853,36766,-,-,-,-
34854,36767,-,-,-,-
34855,36768,-,-,-,-
34856,36769,-,-,-,-
34857,36770,-,-,-,-
34858,36771,-,-,-,-
34859,36772,-,-,-,-
34860,36773,-,-,-,-
34861,36774,-,-,-,-
34862,36775,-,-,-,-
34863,36776,-,-,-,-
34864,36777,-,-,-,-
34865,36778,-,-,-,-
34866,36779,-,-,-,-
34867,36780,-,-,-,-
34868,36781,-,-,-,-
34869,36782,-,-,-,-
34870,36783,-,-,-,-
34871,36784,-,-,-,-
34872,36785,-,-,-,-
34873,36786,-,-,-,-
34874,36787,-,-,-,-
34875,36788,-,-,-,-
34876,36789,-,-,-,-
34877,36790,-,-,-,-
34878,36791,-,-,-,-
34879,36792,-,-,-,-
34880,36793,-,-,-,-
34881,36794,-,-,-,-
34882,36795,-,-,-,-
34883,36796,-,-,-,-
34884,36797,-,-,-,-
34885,36798,-,-,-,-
34886,36799,-,-,-,-
34887,36800,-,-,-,-
34888,36801,-,-,-,-
34889,36802,-,-,-,-
34890,36803,-,-,-,-
34891,36804,-,-,-,-
34892,36805,-,-,-,-
34893,36806,-,-,-,-
34894,36807,-,-,-,-
34895,36808,-,-,-,-
34896,36809,-,-,-,-
34897,36810,-,-,-,-
34898,36811,-,-,-,-
34899,36812,-,-,-,-
34900,36813,-,-,-,-
34901,36814,-,-,-,-
34902,36815,-,-,-,-
34903,36816,-,-,-,-
34904,36817,-,-,-,-
34905,36818,-,-,-,-
34906,36819,-,-,-,-
34907,36820,-,-,-,-
34908,36821,-,-,-,-
34909,36822,-,-,-,-
34910,36823,-,-,-,-
34911,36824,-,-,-,-
34912,36825,-,-,-,-
34913,36826,-,-,-,-
34914,36827,-,-,-,-
34915,36828,-,-,-,-
34916,36829,-,-,-,-
34917,36830,-,-,-,-
34918,36831,-,-,-,-
34919,36832,-,-,-,-
34920,36833,-,-,-,-
34921,36834,-,-,-,-
34922,36835,-,-,-,-
34923,36836,-,-,-,-
34924,36837,-,-,-,-
34925,36838,-,-,-,-
34926,36839,-,-,-,-
34927,36840,-,-,-,-
34928,36841,-,-,-,-
34929,36842,-,-,-,-
34930,36843,-,-,-,-
34931,36844,-,-,-,-
34932,36845,-,-,-,-
34933,36846,-,-,-,-
34934,36847,-,-,-,-
34935,36848,-,-,-,-
34936,36849,-,-,-,-
34937,36850,-,-,-,-
34938,36851,-,-,-,-
34939,36852,-,-,-,-
34940,36853,-,-,-,-
34941,36854,-,-,-,-
34942,36855,-,-,-,-
34943,36856,-,-,-,-
34944,36857,-,-,-,-
34945,36858,-,-,-,-
34946,36859,-,-,-,-
34947,36860,-,-,-,-
34948,36861,-,-,-,-
34949,36862,-,-,-,-
34950,36863,-,-,-,-
34951,36864,-,-,-,-
34952,36865,-,-,-,-
34953,36866,-,-,-,-
34954,36867,-,-,-,-
34955,36868,-,-,-,-
34956,36869,-,-,-,-
34957,36870,-,-,-,-
34958,36871,-,-,-,-
34959,36872,-,-,-,-
34960,36873,-,-,-,-
34961,36874,-,-,-,-
34962,36875,-,-,-,-
34963,36876,-,-,-,-
34964,36877,-,-,-,-
34965,36878,-,-,-,-
34966,36879,-,-,-,-
34967,36880,-,-,-,-
34968,36881,-,-,-,-
34969,36882,-,-,-,-
34970,36883,-,-,-,-
34971,36884,-,-,-,-
34972,36885,-,-,-,-
34973,36886,-,-,-,-
34974,36887,-,-,-,-
34975,36888,-,-,-,-
34976,36889,-,-,-,-
34977,36890,-,-,-,-
34978,36891,-,-,-,-
34979,36892,-,-,-,-
34980,36893,-,-,-,-
34981,36894,-,-,-,-
34982,36895,-,-,-,-
34983,36896,-,-,-,-
34984,36897,-,-,-,-
34985,36898,-,-,-,-
34986,36899,-,-,-,-
34987,36900,-,-,-,-
34988,36901,-,-,-,-
34989,36902,-,-,-,-
34990,36903,-,-,-,-
34991,36904,-,-,-,-
34992,36905,-,-,-,-
34993,36906,-,-,-,-
34994,36907,-,-,-,-
34995,36908,-,-,-,-
34996,36909,-,-,-,-
34997,36910,-,-,-,-
34998,36911,-,-,-,-
34999,36912,-,-,-,-
35000,36913,-,-,-,-
35001,36914,-,-,-,-
35002,36915,-,-,-,-
35003,36916,-,-,-,-
35004,36917,-,-,-,-
35005,36918,-,-,-,-
35006,36919,-,-,-,-
35007,36920,-,-,-,-
35008,36921,-,-,-,-
35009,36922,-,-,-,-
35010,36923,-,-,-,-
35011,36924,-,-,-,-
35012,36925,-,-,-,-
35013,36926,-,-,-,-
35014,36927,-,-,-,-
35015,36928,-,-,-,-
35016,36929,-,-,-,-
35017,36930,-,-,-,-
35018,36931,-,-,-,-
35019,36932,-,-,-,-
35020,36933,-,-,-,-
35021,36934,-,-,-,-
35022,36935,-,-,-,-
35023,36936,-,-,-,-
35024,36937,-,-,-,-
35025,36938,-,-,-,-
35026,36939,-,-,-,-
35027,36940,-,-,-,-
35028,36941,-,-,-,-
35029,36942,-,-,-,-
35030,36943,-,-,-,-
35031,36944,-,-,-,-
35032,36945,-,-,-,-
35033,36946,-,-,-,-
35034,36947,-,-,-,-
35035,36948,-,-,-,-
35036,36949,-,-,-,-
35037,36950,-,-,-,-
35038,36951,-,-,-,-
35039,36952,-,-,-,-
35040,36953,-,-,-,-
35041,36954,-,-,-,-
35042,36955,-,-,-,-
35043,36956,-,-,-,-
35044,36957,-,-,-,-
35045,36958,-,-,-,-
35046,36959,-,-,-,-
35047,36960,-,-,-,-
35048,36961,-,-,-,-
35049,36962,-,-,-,-
35050,36963,-,-,-,-
35051,36964,-,-,-,-
35052,36965,-,-,-,-
35053,36966,-,-,-,-
35054,36967,-,-,-,-
35055,36968,-,-,-,-
35056,36969,-,-,-,-
35057,36970,-,-,-,-
35058,36971,-,-,-,-
35059,36972,-,-,-,-
35060,36973,-,-,-,-
35061,36974,-,-,-,-
35062,36975,-,-,-,-
35063,36976,-,-,-,-
35064,36977,-,-,-,-
35065,36978,-,-,-,-
35066,36979,-,-,-,-
35067,36980,-,-,-,-
35068,36981,-,-,-,-
35069,36982,-,-,-,-
35070,36983,-,-,-,-
35071,36984,-,-,-,-
35072,36985,-,-,-,-
35073,36986,-,-,-,-
35074,36987,-,-,-,-
35075,36988,-,-,-,-
35076,36989,-,-,-,-
35077,36990,-,-,-,-
35078,36991,-,-,-,-
35079,36992,-,-,-,-
35080,36993,-,-,-,-
35081,36994,-,-,-,-
35082,36995,-,-,-,-
35083,36996,-,-,-,-
35084,36997,-,-,-,-
35085,36998,-,-,-,-
35086,36999,-,-,-,-
35087,37000,-,-,-,-
35088,37001,-,-,-,-
35089,37002,-,-,-,-
35090,37003,-,-,-,-
35091,37004,-,-,-,-
35092,37005,-,-,-,-
35093,37006,-,-,-,-
35094,37007,-,-,-,-
35095,37008,-,-,-,-
35096,37009,-,-,-,-
35097,37010,-,-,-,-
35098,37011,-,-,-,-
35099,37012,-,-,-,-
35100,37013,-,-,-,-
35101,37014,-,-,-,-
35102,37015,-,-,-,-
35103,37016,-,-,-,-
35104,37017,-,-,-,-
35105,37018,-,-,-,-
35106,37019,-,-,-,-
35107,37020,-,-,-,-
35108,37021,-,-,-,-
35109,37022,-,-,-,-
35110,37023,-,-,-,-
35111,37024,-,-,-,-
35112,37025,-,-,-,-
35113,37026,-,-,-,-
35114,37027,-,-,-,-
35115,37028,-,-,-,-
35116,37029,-,-,-,-
35117,37030,-,-,-,-
35118,37031,-,-,-,-
35119,37032,-,-,-,-
35120,37033,-,-,-,-
35121,37034,-,-,-,-
35122,37035,-,-,-,-
35123,37036,-,-,-,-
35124,37037,-,-,-,-
35125,37038,-,-,-,-
35126,37039,-,-,-,-
35127,37040,-,-,-,-
35128,37041,-,-,-,-
35129,37042,-,-,-,-
35130,37043,-,-,-,-
35131,37044,-,-,-,-
35132,37045,-,-,-,-
35133,37046,-,-,-,-
35134,37047,-,-,-,-
35135,37048,-,-,-,-
35136,37049,-,-,-,-
35137,37050,-,-,-,-
35138,37051,-,-,-,-
35139,37052,-,-,-,-
35140,37053,-,-,-,-
35141,37054,-,-,-,-
35142,37055,-,-,-,-
35143,37056,-,-,-,-
35144,37057,-,-,-,-
35145,37058,-,-,-,-
35146,37059,-,-,-,-
35147,37060,-,-,-,-
35148,37061,-,-,-,-
35149,37062,-,-,-,-
35150,37063,-,-,-,-
35151,37064,-,-,-,-
35152,37065,-,-,-,-
35153,37066,-,-,-,-
35154,37067,-,-,-,-
35155,37068,-,-,-,-
35156,37069,-,-,-,-
35157,37070,-,-,-,-
35158,37071,-,-,-,-
35159,37072,-,-,-,-
35160,37073,-,-,-,-
35161,37074,-,-,-,-
35162,37075,-,-,-,-
35163,37076,-,-,-,-
35164,37077,-,-,-,-
35165,37078,-,-,-,-
35166,37079,-,-,-,-
35167,37080,-,-,-,-
35168,37081,-,-,-,-
35169,37082,-,-,-,-
35170,37083,-,-,-,-
35171,37084,-,-,-,-
35172,37085,-,-,-,-
35173,37086,-,-,-,-
35174,37087,-,-,-,-
35175,37088,-,-,-,-
35176,37089,-,-,-,-
35177,37090,-,-,-,-
35178,37091,-,-,-,-
35179,37092,-,-,-,-
35180,37093,-,-,-,-
35181,37094,-,-,-,-
35182,37095,-,-,-,-
35183,37096,-,-,-,-
35184,37097,-,-,-,-
35185,37098,-,-,-,-
35186,37099,-,-,-,-
35187,37100,-,-,-,-
35188,37101,-,-,-,-
35189,37102,-,-,-,-
35190,37103,-,-,-,-
35191,37104,-,-,-,-
35192,37105,-,-,-,-
35193,37106,-,-,-,-
35194,37107,-,-,-,-
35195,37108,-,-,-,-
35196,37109,-,-,-,-
35197,37110,-,-,-,-
35198,37111,-,-,-,-
35199,37112,-,-,-,-
35200,37113,-,-,-,-
35201,37114,-,-,-,-
35202,37115,-,-,-,-
35203,37116,-,-,-,-
35204,37117,-,-,-,-
35205,37118,-,-,-,-
35206,37119,-,-,-,-
35207,37120,-,-,-,-
35208,37121,-,-,-,-
35209,37122,-,-,-,-
35210,37123,-,-,-,-
35211,37124,-,-,-,-
35212,37125,-,-,-,-
35213,37126,-,-,-,-
35214,37127,-,-,-,-
35215,37128,-,-,-,-
35216,37129,-,-,-,-
35217,37130,-,-,-,-
35218,37131,-,-,-,-
35219,37132,-,-,-,-
35220,37133,-,-,-,-
35221,37134,-,-,-,-
35222,37135,-,-,-,-
35223,37136,-,-,-,-
35224,37137,-,-,-,-
35225,37138,-,-,-,-
35226,37139,-,-,-,-
35227,37140,-,-,-,-
35228,37141,-,-,-,-
35229,37142,-,-,-,-
35230,37143,-,-,-,-
35231,37144,-,-,-,-
35232,37145,-,-,-,-
35233,37146,-,-,-,-
35234,37147,-,-,-,-
35235,37148,-,-,-,-
35236,37149,-,-,-,-
35237,37150,-,-,-,-
35238,37151,-,-,-,-
35239,37152,-,-,-,-
35240,37153,-,-,-,-
35241,37154,-,-,-,-
35242,37155,-,-,-,-
35243,37156,-,-,-,-
35244,37157,-,-,-,-
35245,37158,-,-,-,-
35246,37159,-,-,-,-
35247,37160,-,-,-,-
35248,37161,-,-,-,-
35249,37162,-,-,-,-
35250,37163,-,-,-,-
35251,37164,-,-,-,-
35252,37165,-,-,-,-
35253,37166,-,-,-,-
35254,37167,-,-,-,-
35255,37168,-,-,-,-
35256,37169,-,-,-,-
35257,37170,-,-,-,-
35258,37171,-,-,-,-
35259,37172,-,-,-,-
35260,37173,-,-,-,-
35261,37174,-,-,-,-
35262,37175,-,-,-,-
35263,37176,-,-,-,-
35264,37177,-,-,-,-
35265,37178,-,-,-,-
35266,37179,-,-,-,-
35267,37180,-,-,-,-
35268,37181,-,-,-,-
35269,37182,-,-,-,-
35270,37183,-,-,-,-
35271,37184,-,-,-,-
35272,37185,-,-,-,-
35273,37186,-,-,-,-
35274,37187,-,-,-,-
35275,37188,-,-,-,-
35276,37189,-,-,-,-
35277,37190,-,-,-,-
35278,37191,-,-,-,-
35279,37192,-,-,-,-
35280,37193,-,-,-,-
35281,37194,-,-,-,-
35282,37195,-,-,-,-
35283,37196,-,-,-,-
35284,37197,-,-,-,-
35285,37198,-,-,-,-
35286,37199,-,-,-,-
35287,37200,-,-,-,-
35288,37201,-,-,-,-
35289,37202,-,-,-,-
35290,37203,-,-,-,-
35291,37204,-,-,-,-
35292,37205,-,-,-,-
35293,37206,-,-,-,-
35294,37207,-,-,-,-
35295,37208,-,-,-,-
35296,37209,-,-,-,-
35297,37210,-,-,-,-
35298,37211,-,-,-,-
35299,37212,-,-,-,-
35300,37213,-,-,-,-
35301,37214,-,-,-,-
35302,37215,-,-,-,-
35303,37216,-,-,-,-
35304,37217,-,-,-,-
35305,37218,-,-,-,-
35306,37219,-,-,-,-
35307,37220,-,-,-,-
35308,37221,-,-,-,-
35309,37222,-,-,-,-
35310,37223,-,-,-,-
35311,37224,-,-,-,-
35312,37225,-,-,-,-
35313,37226,-,-,-,-
35314,37227,-,-,-,-
35315,37228,-,-,-,-
35316,37229,-,-,-,-
35317,37230,-,-,-,-
35318,37231,-,-,-,-
35319,37232,-,-,-,-
35320,37233,-,-,-,-
35321,37234,-,-,-,-
35322,37235,-,-,-,-
35323,37236,-,-,-,-
35324,37237,-,-,-,-
35325,37238,-,-,-,-
35326,37239,-,-,-,-
35327,37240,-,-,-,-
35328,37241,-,-,-,-
35329,37242,-,-,-,-
35330,37243,-,-,-,-
35331,37244,-,-,-,-
35332,37245,-,-,-,-
35333,37246,-,-,-,-
35334,37247,-,-,-,-
35335,37248,-,-,-,-
35336,37249,-,-,-,-
35337,37250,-,-,-,-
35338,37251,-,-,-,-
35339,37252,-,-,-,-
35340,37253,-,-,-,-
35341,37254,-,-,-,-
35342,37255,-,-,-,-
35343,37256,-,-,-,-
35344,37257,-,-,-,-
35345,37258,-,-,-,-
35346,37259,-,-,-,-
35347,37260,-,-,-,-
35348,37261,-,-,-,-
35349,37262,-,-,-,-
35350,37263,-,-,-,-
35351,37264,-,-,-,-
35352,37265,-,-,-,-
35353,37266,-,-,-,-
35354,37267,-,-,-,-
35355,37268,-,-,-,-
35356,37269,-,-,-,-
35357,37270,-,-,-,-
35358,37271,-,-,-,-
35359,37272,-,-,-,-
35360,37273,-,-,-,-
35361,37274,-,-,-,-
35362,37275,-,-,-,-
35363,37276,-,-,-,-
35364,37277,-,-,-,-
35365,37278,-,-,-,-
35366,37279,-,-,-,-
35367,37280,-,-,-,-
35368,37281,-,-,-,-
35369,37282,-,-,-,-
35370,37283,-,-,-,-
35371,37284,-,-,-,-
35372,37285,-,-,-,-
35373,37286,-,-,-,-
35374,37287,-,-,-,-
35375,37288,-,-,-,-
35376,37289,-,-,-,-
35377,37290,-,-,-,-
35378,37291,-,-,-,-
35379,37292,-,-,-,-
35380,37293,-,-,-,-
35381,37294,-,-,-,-
35382,37295,-,-,-,-
35383,37296,-,-,-,-
35384,37297,-,-,-,-
35385,37298,-,-,-,-
35386,37299,-,-,-,-
35387,37300,-,-,-,-
35388,37301,-,-,-,-
35389,37302,-,-,-,-
35390,37303,-,-,-,-
35391,37304,-,-,-,-
35392,37305,-,-,-,-
35393,37306,-,-,-,-
35394,37307,-,-,-,-
35395,37308,-,-,-,-
35396,37309,-,-,-,-
35397,37310,-,-,-,-
35398,37311,-,-,-,-
35399,37312,-,-,-,-
35400,37313,-,-,-,-
35401,37314,-,-,-,-
35402,37315,-,-,-,-
35403,37316,-,-,-,-
35404,37317,-,-,-,-
35405,37318,-,-,-,-
35406,37319,-,-,-,-
35407,37320,-,-,-,-
35408,37321,-,-,-,-
35409,37322,-,-,-,-
35410,37323,-,-,-,-
35411,37324,-,-,-,-
35412,37325,-,-,-,-
35413,37326,-,-,-,-
35414,37327,-,-,-,-
35415,37328,-,-,-,-
35416,37329,-,-,-,-
35417,37330,-,-,-,-
35418,37331,-,-,-,-
35419,37332,-,-,-,-
35420,37333,-,-,-,-
35421,37334,-,-,-,-
35422,37335,-,-,-,-
35423,37336,-,-,-,-
35424,37337,-,-,-,-
35425,37338,-,-,-,-
35426,37339,-,-,-,-
35427,37340,-,-,-,-
35428,37341,-,-,-,-
35429,37342,-,-,-,-
35430,37343,-,-,-,-
35431,37344,-,-,-,-
35432,37345,-,-,-,-
35433,37346,-,-,-,-
35434,37347,-,-,-,-
35435,37348,-,-,-,-
35436,37349,-,-,-,-
35437,37350,-,-,-,-
35438,37351,-,-,-,-
35439,37352,-,-,-,-
35440,37353,-,-,-,-
35441,37354,-,-,-,-
35442,37355,-,-,-,-
35443,37356,-,-,-,-
35444,37357,-,-,-,-
35445,37358,-,-,-,-
35446,37359,-,-,-,-
35447,37360,-,-,-,-
35448,37361,-,-,-,-
35449,37362,-,-,-,-
35450,37363,-,-,-,-
35451,37364,-,-,-,-
35452,37365,-,-,-,-
35453,37366,-,-,-,-
35454,37367,-,-,-,-
35455,37368,-,-,-,-
35456,37369,-,-,-,-
35457,37370,-,-,-,-
35458,37371,-,-,-,-
35459,37372,-,-,-,-
35460,37373,-,-,-,-
35461,37374,-,-,-,-
35462,37375,-,-,-,-
35463,37376,-,-,-,-
35464,37377,-,-,-,-
35465,37378,-,-,-,-
35466,37379,-,-,-,-
35467,37380,-,-,-,-
35468,37381,-,-,-,-
35469,37382,-,-,-,-
35470,37383,-,-,-,-
35471,37384,-,-,-,-
35472,37385,-,-,-,-
35473,37386,-,-,-,-
35474,37387,-,-,-,-
35475,37388,-,-,-,-
35476,37389,-,-,-,-
35477,37390,-,-,-,-
35478,37391,-,-,-,-
35479,37392,-,-,-,-
35480,37393,-,-,-,-
35481,37394,-,-,-,-
35482,37395,-,-,-,-
35483,37396,-,-,-,-
35484,37397,-,-,-,-
35485,37398,-,-,-,-
35486,37399,-,-,-,-
35487,37400,-,-,-,-
35488,37401,-,-,-,-
35489,37402,-,-,-,-
35490,37403,-,-,-,-
35491,37404,-,-,-,-
35492,37405,-,-,-,-
35493,37406,-,-,-,-
35494,37407,-,-,-,-
35495,37408,-,-,-,-
35496,37409,-,-,-,-
35497,37410,-,-,-,-
35498,37411,-,-,-,-
35499,37412,-,-,-,-
35500,37413,-,-,-,-
35501,37414,-,-,-,-
35502,37415,-,-,-,-
35503,37416,-,-,-,-
35504,37417,-,-,-,-
35505,37418,-,-,-,-
35506,37419,-,-,-,-
35507,37420,-,-,-,-
35508,37421,-,-,-,-
35509,37422,-,-,-,-
35510,37423,-,-,-,-
35511,37424,-,-,-,-
35512,37425,-,-,-,-
35513,37426,-,-,-,-
35514,37427,-,-,-,-
35515,37428,-,-,-,-
35516,37429,-,-,-,-
35517,37430,-,-,-,-
35518,37431,-,-,-,-
35519,37432,-,-,-,-
35520,37433,-,-,-,-
35521,37434,-,-,-,-
35522,37435,-,-,-,-
35523,37436,-,-,-,-
35524,37437,-,-,-,-
35525,37438,-,-,-,-
35526,37439,-,-,-,-
35527,37440,-,-,-,-
35528,37441,-,-,-,-
35529,37442,-,-,-,-
35530,37443,-,-,-,-
35531,37444,-,-,-,-
35532,37445,-,-,-,-
35533,37446,-,-,-,-
35534,37447,-,-,-,-
35535,37448,-,-,-,-
35536,37449,-,-,-,-
35537,37450,-,-,-,-
35538,37451,-,-,-,-
35539,37452,-,-,-,-
35540,37453,-,-,-,-
35541,37454,-,-,-,-
35542,37455,-,-,-,-
35543,37456,-,-,-,-
35544,37457,-,-,-,-
35545,37458,-,-,-,-
35546,37459,-,-,-,-
35547,37460,-,-,-,-
35548,37461,-,-,-,-
35549,37462,-,-,-,-
35550,37463,-,-,-,-
35551,37464,-,-,-,-
35552,37465,-,-,-,-
35553,37466,-,-,-,-
35554,37467,-,-,-,-
35555,37468,-,-,-,-
35556,37469,-,-,-,-
35557,37470,-,-,-,-
35558,37471,-,-,-,-
35559,37472,-,-,-,-
35560,37473,-,-,-,-
35561,37474,-,-,-,-
35562,37475,-,-,-,-
35563,37476,-,-,-,-
35564,37477,-,-,-,-
35565,37478,-,-,-,-
35566,37479,-,-,-,-
35567,37480,-,-,-,-
35568,37481,-,-,-,-
35569,37482,-,-,-,-
35570,37483,-,-,-,-
35571,37484,-,-,-,-
35572,37485,-,-,-,-
35573,37486,-,-,-,-
35574,37487,-,-,-,-
35575,37488,-,-,-,-
35576,37489,-,-,-,-
35577,37490,-,-,-,-
35578,37491,-,-,-,-
35579,37492,-,-,-,-
35580,37493,-,-,-,-
35581,37494,-,-,-,-
35582,37495,-,-,-,-
35583,37496,-,-,-,-
35584,37497,-,-,-,-
35585,37498,-,-,-,-
35586,37499,-,-,-,-
35587,37500,-,-,-,-
35588,37501,-,-,-,-
35589,37502,-,-,-,-
35590,37503,-,-,-,-
35591,37504,-,-,-,-
35592,37505,-,-,-,-
35593,37506,-,-,-,-
35594,37507,-,-,-,-
35595,37508,-,-,-,-
35596,37509,-,-,-,-
35597,37510,-,-,-,-
35598,37511,-,-,-,-
35599,37512,-,-,-,-
35600,37513,-,-,-,-
35601,37514,-,-,-,-
35602,37515,-,-,-,-
35603,37516,-,-,-,-
35604,37517,-,-,-,-
35605,37518,-,-,-,-
35606,37519,-,-,-,-
35607,37520,-,-,-,-
35608,37521,-,-,-,-
35609,37522,-,-,-,-
35610,37523,-,-,-,-
35611,37524,-,-,-,-
35612,37525,-,-,-,-
35613,37526,-,-,-,-
35614,37527,-,-,-,-
35615,37528,-,-,-,-
35616,37529,-,-,-,-
35617,37530,-,-,-,-
35618,37531,-,-,-,-
35619,37532,-,-,-,-
35620,37533,-,-,-,-
35621,37534,-,-,-,-
35622,37535,-,-,-,-
35623,37536,-,-,-,-
35624,37537,-,-,-,-
35625,37538,-,-,-,-
35626,37539,-,-,-,-
35627,37540,-,-,-,-
35628,37541,-,-,-,-
35629,37542,-,-,-,-
35630,37543,-,-,-,-
35631,37544,-,-,-,-
35632,37545,-,-,-,-
35633,37546,-,-,-,-
35634,37547,-,-,-,-
35635,37548,-,-,-,-
35636,37549,-,-,-,-
35637,37550,-,-,-,-
35638,37551,-,-,-,-
35639,37552,-,-,-,-
35640,37553,-,-,-,-
35641,37554,-,-,-,-
35642,37555,-,-,-,-
35643,37556,-,-,-,-
35644,37557,-,-,-,-
35645,37558,-,-,-,-
35646,37559,-,-,-,-
35647,37560,-,-,-,-
35648,37561,-,-,-,-
35649,37562,-,-,-,-
35650,37563,-,-,-,-
35651,37564,-,-,-,-
35652,37565,-,-,-,-
35653,37566,-,-,-,-
35654,37567,-,-,-,-
35655,37568,-,-,-,-
35656,37569,-,-,-,-
35657,37570,-,-,-,-
35658,37571,-,-,-,-
35659,37572,-,-,-,-
35660,37573,-,-,-,-
35661,37574,-,-,-,-
35662,37575,-,-,-,-
35663,37576,-,-,-,-
35664,37577,-,-,-,-
35665,37578,-,-,-,-
35666,37579,-,-,-,-
35667,37580,-,-,-,-
35668,37581,-,-,-,-
35669,37582,-,-,-,-
35670,37583,-,-,-,-
35671,37584,-,-,-,-
35672,37585,-,-,-,-
35673,37586,-,-,-,-
35674,37587,-,-,-,-
35675,37588,-,-,-,-
35676,37589,-,-,-,-
35677,37590,-,-,-,-
35678,37591,-,-,-,-
35679,37592,-,-,-,-
35680,37593,-,-,-,-
35681,37594,-,-,-,-
35682,37595,-,-,-,-
35683,37596,-,-,-,-
35684,37597,-,-,-,-
35685,37598,-,-,-,-
35686,37599,-,-,-,-
35687,37600,-,-,-,-
35688,37601,-,-,-,-
35689,37602,-,-,-,-
35690,37603,-,-,-,-
35691,37604,-,-,-,-
35692,37605,-,-,-,-
35693,37606,-,-,-,-
35694,37607,-,-,-,-
35695,37608,-,-,-,-
35696,37609,-,-,-,-
35697,37610,-,-,-,-
35698,37611,-,-,-,-
35699,37612,-,-,-,-
35700,37613,-,-,-,-
35701,37614,-,-,-,-
35702,37615,-,-,-,-
35703,37616,-,-,-,-
35704,37617,-,-,-,-
35705,37618,-,-,-,-
35706,37619,-,-,-,-
35707,37620,-,-,-,-
35708,37621,-,-,-,-
35709,37622,-,-,-,-
35710,37623,-,-,-,-
35711,37624,-,-,-,-
35712,37625,-,-,-,-
35713,37626,-,-,-,-
35714,37627,-,-,-,-
35715,37628,-,-,-,-
35716,37629,-,-,-,-
35717,37630,-,-,-,-
35718,37631,-,-,-,-
35719,37632,-,-,-,-
35720,37633,-,-,-,-
35721,37634,-,-,-,-
35722,37635,-,-,-,-
35723,37636,-,-,-,-
35724,37637,-,-,-,-
35725,37638,-,-,-,-
35726,37639,-,-,-,-
35727,37640,-,-,-,-
35728,37641,-,-,-,-
35729,37642,-,-,-,-
35730,37643,-,-,-,-
35731,37644,-,-,-,-
35732,37645,-,-,-,-
35733,37646,-,-,-,-
35734,37647,-,-,-,-
35735,37648,-,-,-,-
35736,37649,-,-,-,-
35737,37650,-,-,-,-
35738,37651,-,-,-,-
35739,37652,-,-,-,-
35740,37653,-,-,-,-
35741,37654,-,-,-,-
35742,37655,-,-,-,-
35743,37656,-,-,-,-
35744,37657,-,-,-,-
35745,37658,-,-,-,-
35746,37659,-,-,-,-
35747,37660,-,-,-,-
35748,37661,-,-,-,-
35749,37662,-,-,-,-
35750,37663,-,-,-,-
35751,37664,-,-,-,-
35752,37665,-,-,-,-
35753,37666,-,-,-,-
35754,37667,-,-,-,-
35755,37668,-,-,-,-
35756,37669,-,-,-,-
35757,37670,-,-,-,-
35758,37671,-,-,-,-
35759,37672,-,-,-,-
35760,37673,-,-,-,-
35761,37674,-,-,-,-
35762,37675,-,-,-,-
35763,37676,-,-,-,-
35764,37677,-,-,-,-
35765,37678,-,-,-,-
35766,37679,-,-,-,-
35767,37680,-,-,-,-
35768,37681,-,-,-,-
35769,37682,-,-,-,-
35770,37683,-,-,-,-
35771,37684,-,-,-,-
35772,37685,-,-,-,-
35773,37686,-,-,-,-
35774,37687,-,-,-,-
35775,37688,-,-,-,-
35776,37689,-,-,-,-
35777,37690,-,-,-,-
35778,37691,-,-,-,-
35779,37692,-,-,-,-
35780,37693,-,-,-,-
35781,37694,-,-,-,-
35782,37695,-,-,-,-
35783,37696,-,-,-,-
35784,37697,-,-,-,-
35785,37698,-,-,-,-
35786,37699,-,-,-,-
35787,37700,-,-,-,-
35788,37701,-,-,-,-
35789,37702,-,-,-,-
35790,37703,-,-,-,-
35791,37704,-,-,-,-
35792,37705,-,-,-,-
35793,37706,-,-,-,-
35794,37707,-,-,-,-
35795,37708,-,-,-,-
35796,37709,-,-,-,-
35797,37710,-,-,-,-
35798,37711,-,-,-,-
35799,37712,-,-,-,-
35800,37713,-,-,-,-
35801,37714,-,-,-,-
35802,37715,-,-,-,-
35803,37716,-,-,-,-
35804,37717,-,-,-,-
35805,37718,-,-,-,-
35806,37719,-,-,-,-
35807,37720,-,-,-,-
35808,37721,-,-,-,-
35809,37722,-,-,-,-
35810,37723,-,-,-,-
35811,37724,-,-,-,-
35812,37725,-,-,-,-
35813,37726,-,-,-,-
35814,37727,-,-,-,-
35815,37728,-,-,-,-
35816,37729,-,-,-,-
35817,37730,-,-,-,-
35818,37731,-,-,-,-
35819,37732,-,-,-,-
35820,37733,-,-,-,-
35821,37734,-,-,-,-
35822,37735,-,-,-,-
35823,37736,-,-,-,-
35824,37737,-,-,-,-
35825,37738,-,-,-,-
35826,37739,-,-,-,-
35827,37740,-,-,-,-
35828,37741,-,-,-,-
35829,37742,-,-,-,-
35830,37743,-,-,-,-
35831,37744,-,-,-,-
35832,37745,-,-,-,-
35833,37746,-,-,-,-
35834,37747,-,-,-,-
35835,37748,-,-,-,-
35836,37749,-,-,-,-
35837,37750,-,-,-,-
35838,37751,-,-,-,-
35839,37752,-,-,-,-
35840,37753,-,-,-,-
35841,37754,-,-,-,-
35842,37755,-,-,-,-
35843,37756,-,-,-,-
35844,37757,-,-,-,-
35845,37758,-,-,-,-
35846,37759,-,-,-,-
35847,37760,-,-,-,-
35848,37761,-,-,-,-
35849,37762,-,-,-,-
35850,37763,-,-,-,-
35851,37764,-,-,-,-
35852,37765,-,-,-,-
35853,37766,-,-,-,-
35854,37767,-,-,-,-
35855,37768,-,-,-,-
35856,37769,-,-,-,-
35857,37770,-,-,-,-
35858,37771,-,-,-,-
35859,37772,-,-,-,-
35860,37773,-,-,-,-
35861,37774,-,-,-,-
35862,37775,-,-,-,-
35863,37776,-,-,-,-
35864,37777,-,-,-,-
35865,37778,-,-,-,-
35866,37779,-,-,-,-
35867,37780,-,-,-,-
35868,37781,-,-,-,-
35869,37782,-,-,-,-
35870,37783,-,-,-,-
35871,37784,-,-,-,-
35872,37785,-,-,-,-
35873,37786,-,-,-,-
35874,37787,-,-,-,-
35875,37788,-,-,-,-
35876,37789,-,-,-,-
35877,37790,-,-,-,-
35878,37791,-,-,-,-
35879,37792,-,-,-,-
35880,37793,-,-,-,-
35881,37794,-,-,-,-
35882,37795,-,-,-,-
35883,37796,-,-,-,-
35884,37797,-,-,-,-
35885,37798,-,-,-,-
35886,37799,-,-,-,-
35887,37800,-,-,-,-
35888,37801,-,-,-,-
35889,37802,-,-,-,-
35890,37803,-,-,-,-
35891,37804,-,-,-,-
35892,37805,-,-,-,-
35893,37806,-,-,-,-
35894,37807,-,-,-,-
35895,37808,-,-,-,-
35896,37809,-,-,-,-
35897,37810,-,-,-,-
35898,37811,-,-,-,-
35899,37812,-,-,-,-
35900,37813,-,-,-,-
35901,37814,-,-,-,-
35902,37815,-,-,-,-
35903,37816,-,-,-,-
35904,37817,-,-,-,-
35905,37818,-,-,-,-
35906,37819,-,-,-,-
35907,37820,-,-,-,-
35908,37821,-,-,-,-
35909,37822,-,-,-,-
35910,37823,-,-,-,-
35911,37824,-,-,-,-
35912,37825,-,-,-,-
35913,37826,-,-,-,-
35914,37827,-,-,-,-
35915,37828,-,-,-,-
35916,37829,-,-,-,-
35917,37830,-,-,-,-
35918,37831,-,-,-,-
35919,37832,-,-,-,-
35920,37833,-,-,-,-
35921,37834,-,-,-,-
35922,37835,-,-,-,-
35923,37836,-,-,-,-
35924,37837,-,-,-,-
35925,37838,-,-,-,-
35926,37839,-,-,-,-
35927,37840,-,-,-,-
35928,37841,-,-,-,-
35929,37842,-,-,-,-
35930,37843,-,-,-,-
35931,37844,-,-,-,-
35932,37845,-,-,-,-
35933,37846,-,-,-,-
35934,37847,-,-,-,-
35935,37848,-,-,-,-
35936,37849,-,-,-,-
35937,37850,-,-,-,-
35938,37851,-,-,-,-
35939,37852,-,-,-,-
35940,37853,-,-,-,-
35941,37854,-,-,-,-
35942,37855,-,-,-,-
35943,37856,-,-,-,-
35944,37857,-,-,-,-
35945,37858,-,-,-,-
35946,37859,-,-,-,-
35947,37860,-,-,-,-
35948,37861,-,-,-,-
35949,37862,-,-,-,-
35950,37863,-,-,-,-
35951,37864,-,-,-,-
35952,37865,-,-,-,-
35953,37866,-,-,-,-
35954,37867,-,-,-,-
35955,37868,-,-,-,-
35956,37869,-,-,-,-
35957,37870,-,-,-,-
35958,37871,-,-,-,-
35959,37872,-,-,-,-
35960,37873,-,-,-,-
35961,37874,-,-,-,-
35962,37875,-,-,-,-
35963,37876,-,-,-,-
35964,37877,-,-,-,-
35965,37878,-,-,-,-
35966,37879,-,-,-,-
35967,37880,-,-,-,-
35968,37881,-,-,-,-
35969,37882,-,-,-,-
35970,37883,-,-,-,-
35971,37884,-,-,-,-
35972,37885,-,-,-,-
35973,37886,-,-,-,-
35974,37887,-,-,-,-
35975,37888,-,-,-,-
35976,37889,-,-,-,-
35977,37890,-,-,-,-
35978,37891,-,-,-,-
35979,37892,-,-,-,-
35980,37893,-,-,-,-
35981,37894,-,-,-,-
35982,37895,-,-,-,-
35983,37896,-,-,-,-
35984,37897,-,-,-,-
35985,37898,-,-,-,-
35986,37899,-,-,-,-
35987,37900,-,-,-,-
35988,37901,-,-,-,-
35989,37902,-,-,-,-
35990,37903,-,-,-,-
35991,37904,-,-,-,-
35992,37905,-,-,-,-
35993,37906,-,-,-,-
35994,37907,-,-,-,-
35995,37908,-,-,-,-
35996,37909,-,-,-,-
35997,37910,-,-,-,-
35998,37911,-,-,-,-
35999,37912,-,-,-,-
36000,37913,-,-,-,-
36001,37914,-,-,-,-
36002,37915,-,-,-,-
36003,37916,-,-,-,-
36004,37917,-,-,-,-
36005,37918,-,-,-,-
36006,37919,-,-,-,-
36007,37920,-,-,-,-
36008,37921,-,-,-,-
36009,37922,-,-,-,-
36010,37923,-,-,-,-
36011,37924,-,-,-,-
36012,37925,-,-,-,-
36013,37926,-,-,-,-
36014,37927,-,-,-,-
36015,37928,-,-,-,-
36016,37929,-,-,-,-
36017,37930,-,-,-,-
36018,37931,-,-,-,-
36019,37932,-,-,-,-
36020,37933,-,-,-,-
36021,37934,-,-,-,-
36022,37935,-,-,-,-
36023,37936,-,-,-,-
36024,37937,-,-,-,-
36025,37938,-,-,-,-
36026,37939,-,-,-,-
36027,37940,-,-,-,-
36028,37941,-,-,-,-
36029,37942,-,-,-,-
36030,37943,-,-,-,-
36031,37944,-,-,-,-
36032,37945,-,-,-,-
36033,37946,-,-,-,-
36034,37947,-,-,-,-
36035,37948,-,-,-,-
36036,37949,-,-,-,-
36037,37950,-,-,-,-
36038,37951,-,-,-,-
36039,37952,-,-,-,-
36040,37953,-,-,-,-
36041,37954,-,-,-,-
36042,37955,-,-,-,-
36043,37956,-,-,-,-
36044,37957,-,-,-,-
36045,37958,-,-,-,-
36046,37959,-,-,-,-
36047,37960,-,-,-,-
36048,37961,-,-,-,-
36049,37962,-,-,-,-
36050,37963,-,-,-,-
36051,37964,-,-,-,-
36052,37965,-,-,-,-
36053,37966,-,-,-,-
36054,37967,-,-,-,-
36055,37968,-,-,-,-
36056,37969,-,-,-,-
36057,37970,-,-,-,-
36058,37971,-,-,-,-
36059,37972,-,-,-,-
36060,37973,-,-,-,-
36061,37974,-,-,-,-
36062,37975,-,-,-,-
36063,37976,-,-,-,-
36064,37977,-,-,-,-
36065,37978,-,-,-,-
36066,37979,-,-,-,-
36067,37980,-,-,-,-
36068,37981,-,-,-,-
36069,37982,-,-,-,-
36070,37983,-,-,-,-
36071,37984,-,-,-,-
36072,37985,-,-,-,-
36073,37986,-,-,-,-
36074,37987,-,-,-,-
36075,37988,-,-,-,-
36076,37989,-,-,-,-
36077,37990,-,-,-,-
36078,37991,-,-,-,-
36079,37992,-,-,-,-
36080,37993,-,-,-,-
36081,37994,-,-,-,-
36082,37995,-,-,-,-
36083,37996,-,-,-,-
36084,37997,-,-,-,-
36085,37998,-,-,-,-
36086,37999,-,-,-,-
36087,38000,-,-,-,-
36088,38001,-,-,-,-
36089,38002,-,-,-,-
36090,38003,-,-,-,-
36091,38004,-,-,-,-
36092,38005,-,-,-,-
36093,38006,-,-,-,-
36094,38007,-,-,-,-
36095,38008,-,-,-,-
36096,38009,-,-,-,-
36097,38010,-,-,-,-
36098,38011,-,-,-,-
36099,38012,-,-,-,-
36100,38013,-,-,-,-
36101,38014,-,-,-,-
36102,38015,-,-,-,-
36103,38016,-,-,-,-
36104,38017,-,-,-,-
36105,38018,-,-,-,-
36106,38019,-,-,-,-
36107,38020,-,-,-,-
36108,38021,-,-,-,-
36109,38022,-,-,-,-
36110,38023,-,-,-,-
36111,38024,-,-,-,-
36112,38025,-,-,-,-
36113,38026,-,-,-,-
36114,38027,-,-,-,-
36115,38028,-,-,-,-
36116,38029,-,-,-,-
36117,38030,-,-,-,-
36118,38031,-,-,-,-
36119,38032,-,-,-,-
36120,38033,-,-,-,-
36121,38034,-,-,-,-
36122,38035,-,-,-,-
36123,38036,-,-,-,-
36124,38037,-,-,-,-
36125,38038,-,-,-,-
36126,38039,-,-,-,-
36127,38040,-,-,-,-
36128,38041,-,-,-,-
36129,38042,-,-,-,-
36130,38043,-,-,-,-
36131,38044,-,-,-,-
36132,38045,-,-,-,-
36133,38046,-,-,-,-
36134,38047,-,-,-,-
36135,38048,-,-,-,-
36136,38049,-,-,-,-
36137,38050,-,-,-,-
36138,38051,-,-,-,-
36139,38052,-,-,-,-
36140,38053,-,-,-,-
36141,38054,-,-,-,-
36142,38055,-,-,-,-
36143,38056,-,-,-,-
36144,38057,-,-,-,-
36145,38058,-,-,-,-
36146,38059,-,-,-,-
36147,38060,-,-,-,-
36148,38061,-,-,-,-
36149,38062,-,-,-,-
36150,38063,-,-,-,-
36151,38064,-,-,-,-
36152,38065,-,-,-,-
36153,38066,-,-,-,-
36154,38067,-,-,-,-
36155,38068,-,-,-,-
36156,38069,-,-,-,-
36157,38070,-,-,-,-
36158,38071,-,-,-,-
36159,38072,-,-,-,-
36160,38073,-,-,-,-
36161,38074,-,-,-,-
36162,38075,-,-,-,-
36163,38076,-,-,-,-
36164,38077,-,-,-,-
36165,38078,-,-,-,-
36166,38079,-,-,-,-
36167,38080,-,-,-,-
36168,38081,-,-,-,-
36169,38082,-,-,-,-
36170,38083,-,-,-,-
36171,38084,-,-,-,-
36172,38085,-,-,-,-
36173,38086,-,-,-,-
36174,38087,-,-,-,-
36175,38088,-,-,-,-
36176,38089,-,-,-,-
36177,38090,-,-,-,-
36178,38091,-,-,-,-
36179,38092,-,-,-,-
36180,38093,-,-,-,-
36181,38094,-,-,-,-
36182,38095,-,-,-,-
36183,38096,-,-,-,-
36184,38097,-,-,-,-
36185,38098,-,-,-,-
36186,38099,-,-,-,-
36187,38100,-,-,-,-
36188,38101,-,-,-,-
36189,38102,-,-,-,-
36190,38103,-,-,-,-
36191,38104,-,-,-,-
36192,38105,-,-,-,-
36193,38106,-,-,-,-
36194,38107,-,-,-,-
36195,38108,-,-,-,-
36196,38109,-,-,-,-
36197,38110,-,-,-,-
36198,38111,-,-,-,-
36199,38112,-,-,-,-
36200,38113,-,-,-,-
36201,38114,-,-,-,-
36202,38115,-,-,-,-
36203,38116,-,-,-,-
36204,38117,-,-,-,-
36205,38118,-,-,-,-
36206,38119,-,-,-,-
36207,38120,-,-,-,-
36208,38121,-,-,-,-
36209,38122,-,-,-,-
36210,38123,-,-,-,-
36211,38124,-,-,-,-
36212,38125,-,-,-,-
36213,38126,-,-,-,-
36214,38127,-,-,-,-
36215,38128,-,-,-,-
36216,38129,-,-,-,-
36217,38130,-,-,-,-
36218,38131,-,-,-,-
36219,38132,-,-,-,-
36220,38133,-,-,-,-
36221,38134,-,-,-,-
36222,38135,-,-,-,-
36223,38136,-,-,-,-
36224,38137,-,-,-,-
36225,38138,-,-,-,-
36226,38139,-,-,-,-
36227,38140,-,-,-,-
36228,38141,-,-,-,-
36229,38142,-,-,-,-
36230,38143,-,-,-,-
36231,38144,-,-,-,-
36232,38145,-,-,-,-
36233,38146,-,-,-,-
36234,38147,-,-,-,-
36235,38148,-,-,-,-
36236,38149,-,-,-,-
36237,38150,-,-,-,-
36238,38151,-,-,-,-
36239,38152,-,-,-,-
36240,38153,-,-,-,-
36241,38154,-,-,-,-
36242,38155,-,-,-,-
36243,38156,-,-,-,-
36244,38157,-,-,-,-
36245,38158,-,-,-,-
36246,38159,-,-,-,-
36247,38160,-,-,-,-
36248,38161,-,-,-,-
36249,38162,-,-,-,-
36250,38163,-,-,-,-
36251,38164,-,-,-,-
36252,38165,-,-,-,-
36253,38166,-,-,-,-
36254,38167,-,-,-,-
36255,38168,-,-,-,-
36256,38169,-,-,-,-
36257,38170,-,-,-,-
36258,38171,-,-,-,-
36259,38172,-,-,-,-
36260,38173,-,-,-,-
36261,38174,-,-,-,-
36262,38175,-,-,-,-
36263,38176,-,-,-,-
36264,38177,-,-,-,-
36265,38178,-,-,-,-
36266,38179,-,-,-,-
36267,38180,-,-,-,-
36268,38181,-,-,-,-
36269,38182,-,-,-,-
36270,38183,-,-,-,-
36271,38184,-,-,-,-
36272,38185,-,-,-,-
36273,38186,-,-,-,-
36274,38187,-,-,-,-
36275,38188,-,-,-,-
36276,38189,-,-,-,-
36277,38190,-,-,-,-
36278,38191,-,-,-,-
36279,38192,-,-,-,-
36280,38193,-,-,-,-
36281,38194,-,-,-,-
36282,38195,-,-,-,-
36283,38196,-,-,-,-
36284,38197,-,-,-,-
36285,38198,-,-,-,-
36286,38199,-,-,-,-
36287,38200,-,-,-,-
36288,38201,-,-,-,-
36289,38202,-,-,-,-
36290,38203,-,-,-,-
36291,38204,-,-,-,-
36292,38205,-,-,-,-
36293,38206,-,-,-,-
36294,38207,-,-,-,-
36295,38208,-,-,-,-
36296,38209,-,-,-,-
36297,38210,-,-,-,-
36298,38211,-,-,-,-
36299,38212,-,-,-,-
36300,38213,-,-,-,-
36301,38214,-,-,-,-
36302,38215,-,-,-,-
36303,38216,-,-,-,-
36304,38217,-,-,-,-
36305,38218,-,-,-,-
36306,38219,-,-,-,-
36307,38220,-,-,-,-
36308,38221,-,-,-,-
36309,38222,-,-,-,-
36310,38223,-,-,-,-
36311,38224,-,-,-,-
36312,38225,-,-,-,-
36313,38226,-,-,-,-
36314,38227,-,-,-,-
36315,38228,-,-,-,-
36316,38229,-,-,-,-
36317,38230,-,-,-,-
36318,38231,-,-,-,-
36319,38232,-,-,-,-
36320,38233,-,-,-,-
36321,38234,-,-,-,-
36322,38235,-,-,-,-
36323,38236,-,-,-,-
36324,38237,-,-,-,-
36325,38238,-,-,-,-
36326,38239,-,-,-,-
36327,38240,-,-,-,-
36328,38241,-,-,-,-
36329,38242,-,-,-,-
36330,38243,-,-,-,-
36331,38244,-,-,-,-
36332,38245,-,-,-,-
36333,38246,-,-,-,-
36334,38247,-,-,-,-
36335,38248,-,-,-,-
36336,38249,-,-,-,-
36337,38250,-,-,-,-
36338,38251,-,-,-,-
36339,38252,-,-,-,-
36340,38253,-,-,-,-
36341,38254,-,-,-,-
36342,38255,-,-,-,-
36343,38256,-,-,-,-
36344,38257,-,-,-,-
36345,38258,-,-,-,-
36346,38259,-,-,-,-
36347,38260,-,-,-,-
36348,38261,-,-,-,-
36349,38262,-,-,-,-
36350,38263,-,-,-,-
36351,38264,-,-,-,-
36352,38265,-,-,-,-
36353,38266,-,-,-,-
36354,38267,-,-,-,-
36355,38268,-,-,-,-
36356,38269,-,-,-,-
36357,38270,-,-,-,-
36358,38271,-,-,-,-
36359,38272,-,-,-,-
36360,38273,-,-,-,-
36361,38274,-,-,-,-
36362,38275,-,-,-,-
36363,38276,-,-,-,-
36364,38277,-,-,-,-
36365,38278,-,-,-,-
36366,38279,-,-,-,-
36367,38280,-,-,-,-
36368,38281,-,-,-,-
36369,38282,-,-,-,-
36370,38283,-,-,-,-
36371,38284,-,-,-,-
36372,38285,-,-,-,-
36373,38286,-,-,-,-
36374,38287,-,-,-,-
36375,38288,-,-,-,-
36376,38289,-,-,-,-
36377,38290,-,-,-,-
36378,38291,-,-,-,-
36379,38292,-,-,-,-
36380,38293,-,-,-,-
36381,38294,-,-,-,-
36382,38295,-,-,-,-
36383,38296,-,-,-,-
36384,38297,-,-,-,-
36385,38298,-,-,-,-
36386,38299,-,-,-,-
36387,38300,-,-,-,-
36388,38301,-,-,-,-
36389,38302,-,-,-,-
36390,38303,-,-,-,-
36391,38304,-,-,-,-
36392,38305,-,-,-,-
36393,38306,-,-,-,-
36394,38307,-,-,-,-
36395,38308,-,-,-,-
36396,38309,-,-,-,-
36397,38310,-,-,-,-
36398,38311,-,-,-,-
36399,38312,-,-,-,-
36400,38313,-,-,-,-
36401,38314,-,-,-,-
36402,38315,-,-,-,-
36403,38316,-,-,-,-
36404,38317,-,-,-,-
36405,38318,-,-,-,-
36406,38319,-,-,-,-
36407,38320,-,-,-,-
36408,38321,-,-,-,-
36409,38322,-,-,-,-
36410,38323,-,-,-,-
36411,38324,-,-,-,-
36412,38325,-,-,-,-
36413,38326,-,-,-,-
36414,38327,-,-,-,-
36415,38328,-,-,-,-
36416,38329,-,-,-,-
36417,38330,-,-,-,-
36418,38331,-,-,-,-
36419,38332,-,-,-,-
36420,38333,-,-,-,-
36421,38334,-,-,-,-
36422,38335,-,-,-,-
36423,38336,-,-,-,-
36424,38337,-,-,-,-
36425,38338,-,-,-,-
36426,38339,-,-,-,-
36427,38340,-,-,-,-
36428,38341,-,-,-,-
36429,38342,-,-,-,-
36430,38343,-,-,-,-
36431,38344,-,-,-,-
36432,38345,-,-,-,-
36433,38346,-,-,-,-
36434,38347,-,-,-,-
36435,38348,-,-,-,-
36436,38349,-,-,-,-
36437,38350,-,-,-,-
36438,38351,-,-,-,-
36439,38352,-,-,-,-
36440,38353,-,-,-,-
36441,38354,-,-,-,-
36442,38355,-,-,-,-
36443,38356,-,-,-,-
36444,38357,-,-,-,-
36445,38358,-,-,-,-
36446,38359,-,-,-,-
36447,38360,-,-,-,-
36448,38361,-,-,-,-
36449,38362,-,-,-,-
36450,38363,-,-,-,-
36451,38364,-,-,-,-
36452,38365,-,-,-,-
36453,38366,-,-,-,-
36454,38367,-,-,-,-
36455,38368,-,-,-,-
36456,38369,-,-,-,-
36457,38370,-,-,-,-
36458,38371,-,-,-,-
36459,38372,-,-,-,-
36460,38373,-,-,-,-
36461,38374,-,-,-,-
36462,38375,-,-,-,-
36463,38376,-,-,-,-
36464,38377,-,-,-,-
36465,38378,-,-,-,-
36466,38379,-,-,-,-
36467,38380,-,-,-,-
36468,38381,-,-,-,-
36469,38382,-,-,-,-
36470,38383,-,-,-,-
36471,38384,-,-,-,-
36472,38385,-,-,-,-
36473,38386,-,-,-,-
36474,38387,-,-,-,-
36475,38388,-,-,-,-
36476,38389,-,-,-,-
36477,38390,-,-,-,-
36478,38391,-,-,-,-
36479,38392,-,-,-,-
36480,38393,-,-,-,-
36481,38394,-,-,-,-
36482,38395,-,-,-,-
36483,38396,-,-,-,-
36484,38397,-,-,-,-
36485,38398,-,-,-,-
36486,38399,-,-,-,-
36487,38400,-,-,-,-
36488,38401,-,-,-,-
36489,38402,-,-,-,-
36490,38403,-,-,-,-
36491,38404,-,-,-,-
36492,38405,-,-,-,-
36493,38406,-,-,-,-
36494,38407,-,-,-,-
36495,38408,-,-,-,-
36496,38409,-,-,-,-
36497,38410,-,-,-,-
36498,38411,-,-,-,-
36499,38412,-,-,-,-
36500,38413,-,-,-,-
36501,38414,-,-,-,-
36502,38415,-,-,-,-
36503,38416,-,-,-,-
36504,38417,-,-,-,-
36505,38418,-,-,-,-
36506,38419,-,-,-,-
36507,38420,-,-,-,-
36508,38421,-,-,-,-
36509,38422,-,-,-,-
36510,38423,-,-,-,-
36511,38424,-,-,-,-
36512,38425,-,-,-,-
36513,38426,-,-,-,-
36514,38427,-,-,-,-
36515,38428,-,-,-,-
36516,38429,-,-,-,-
36517,38430,-,-,-,-
36518,38431,-,-,-,-
36519,38432,-,-,-,-
36520,38433,-,-,-,-
36521,38434,-,-,-,-
36522,38435,-,-,-,-
36523,38436,-,-,-,-
36524,38437,-,-,-,-
36525,38438,-,-,-,-
36526,38439,-,-,-,-
36527,38440,-,-,-,-
36528,38441,-,-,-,-
36529,38442,-,-,-,-
36530,38443,-,-,-,-
36531,38444,-,-,-,-
36532,38445,-,-,-,-
36533,38446,-,-,-,-
36534,38447,-,-,-,-
36535,38448,-,-,-,-
36536,38449,-,-,-,-
36537,38450,-,-,-,-
36538,38451,-,-,-,-
36539,38452,-,-,-,-
36540,38453,-,-,-,-
36541,38454,-,-,-,-
36542,38455,-,-,-,-
36543,38456,-,-,-,-
36544,38457,-,-,-,-
36545,38458,-,-,-,-
36546,38459,-,-,-,-
36547,38460,-,-,-,-
36548,38461,-,-,-,-
36549,38462,-,-,-,-
36550,38463,-,-,-,-
36551,38464,-,-,-,-
36552,38465,-,-,-,-
36553,38466,-,-,-,-
36554,38467,-,-,-,-
36555,38468,-,-,-,-
36556,38469,-,-,-,-
36557,38470,-,-,-,-
36558,38471,-,-,-,-
36559,38472,-,-,-,-
36560,38473,-,-,-,-
36561,38474,-,-,-,-
36562,38475,-,-,-,-
36563,38476,-,-,-,-
36564,38477,-,-,-,-
36565,38478,-,-,-,-
36566,38479,-,-,-,-
36567,38480,-,-,-,-
36568,38481,-,-,-,-
36569,38482,-,-,-,-
36570,38483,-,-,-,-
36571,38484,-,-,-,-
36572,38485,-,-,-,-
36573,38486,-,-,-,-
36574,38487,-,-,-,-
36575,38488,-,-,-,-
36576,38489,-,-,-,-
36577,38490,-,-,-,-
36578,38491,-,-,-,-
36579,38492,-,-,-,-
36580,38493,-,-,-,-
36581,38494,-,-,-,-
36582,38495,-,-,-,-
36583,38496,-,-,-,-
36584,38497,-,-,-,-
36585,38498,-,-,-,-
36586,38499,-,-,-,-
36587,38500,-,-,-,-
36588,38501,-,-,-,-
36589,38502,-,-,-,-
36590,38503,-,-,-,-
36591,38504,-,-,-,-
36592,38505,-,-,-,-
36593,38506,-,-,-,-
36594,38507,-,-,-,-
36595,38508,-,-,-,-
36596,38509,-,-,-,-
36597,38510,-,-,-,-
36598,38511,-,-,-,-
36599,38512,-,-,-,-
36600,38513,-,-,-,-
36601,38514,-,-,-,-
36602,38515,-,-,-,-
36603,38516,-,-,-,-
36604,38517,-,-,-,-
36605,38518,-,-,-,-
36606,38519,-,-,-,-
36607,38520,-,-,-,-
36608,38521,-,-,-,-
36609,38522,-,-,-,-
36610,38523,-,-,-,-
36611,38524,-,-,-,-
36612,38525,-,-,-,-
36613,38526,-,-,-,-
36614,38527,-,-,-,-
36615,38528,-,-,-,-
36616,38529,-,-,-,-
36617,38530,-,-,-,-
36618,38531,-,-,-,-
36619,38532,-,-,-,-
36620,38533,-,-,-,-
36621,38534,-,-,-,-
36622,38535,-,-,-,-
36623,38536,-,-,-,-
36624,38537,-,-,-,-
36625,38538,-,-,-,-
36626,38539,-,-,-,-
36627,38540,-,-,-,-
36628,38541,-,-,-,-
36629,38542,-,-,-,-
36630,38543,-,-,-,-
36631,38544,-,-,-,-
36632,38545,-,-,-,-
36633,38546,-,-,-,-
36634,38547,-,-,-,-
36635,38548,-,-,-,-
36636,38549,-,-,-,-
36637,38550,-,-,-,-
36638,38551,-,-,-,-
36639,38552,-,-,-,-
36640,38553,-,-,-,-
36641,38554,-,-,-,-
36642,38555,-,-,-,-
36643,38556,-,-,-,-
36644,38557,-,-,-,-
36645,38558,-,-,-,-
36646,38559,-,-,-,-
36647,38560,-,-,-,-
36648,38561,-,-,-,-
36649,38562,-,-,-,-
36650,38563,-,-,-,-
36651,38564,-,-,-,-
36652,38565,-,-,-,-
36653,38566,-,-,-,-
36654,38567,-,-,-,-
36655,38568,-,-,-,-
36656,38569,-,-,-,-
36657,38570,-,-,-,-
36658,38571,-,-,-,-
36659,38572,-,-,-,-
36660,38573,-,-,-,-
36661,38574,-,-,-,-
36662,38575,-,-,-,-
36663,38576,-,-,-,-
36664,38577,-,-,-,-
36665,38578,-,-,-,-
36666,38579,-,-,-,-
36667,38580,-,-,-,-
36668,38581,-,-,-,-
36669,38582,-,-,-,-
36670,38583,-,-,-,-
36671,38584,-,-,-,-
36672,38585,-,-,-,-
36673,38586,-,-,-,-
36674,38587,-,-,-,-
36675,38588,-,-,-,-
36676,38589,-,-,-,-
36677,38590,-,-,-,-
36678,38591,-,-,-,-
36679,38592,-,-,-,-
36680,38593,-,-,-,-
36681,38594,-,-,-,-
36682,38595,-,-,-,-
36683,38596,-,-,-,-
36684,38597,-,-,-,-
36685,38598,-,-,-,-
36686,38599,-,-,-,-
36687,38600,-,-,-,-
36688,38601,-,-,-,-
36689,38602,-,-,-,-
36690,38603,-,-,-,-
36691,38604,-,-,-,-
36692,38605,-,-,-,-
36693,38606,-,-,-,-
36694,38607,-,-,-,-
36695,38608,-,-,-,-
36696,38609,-,-,-,-
36697,38610,-,-,-,-
36698,38611,-,-,-,-
36699,38612,-,-,-,-
36700,38613,-,-,-,-
36701,38614,-,-,-,-
36702,38615,-,-,-,-
36703,38616,-,-,-,-
36704,38617,-,-,-,-
36705,38618,-,-,-,-
36706,38619,-,-,-,-
36707,38620,-,-,-,-
36708,38621,-,-,-,-
36709,38622,-,-,-,-
36710,38623,-,-,-,-
36711,38624,-,-,-,-
36712,38625,-,-,-,-
36713,38626,-,-,-,-
36714,38627,-,-,-,-
36715,38628,-,-,-,-
36716,38629,-,-,-,-
36717,38630,-,-,-,-
36718,38631,-,-,-,-
36719,38632,-,-,-,-
36720,38633,-,-,-,-
36721,38634,-,-,-,-
36722,38635,-,-,-,-
36723,38636,-,-,-,-
36724,38637,-,-,-,-
36725,38638,-,-,-,-
36726,38639,-,-,-,-
36727,38640,-,-,-,-
36728,38641,-,-,-,-
36729,38642,-,-,-,-
36730,38643,-,-,-,-
36731,38644,-,-,-,-
36732,38645,-,-,-,-
36733,38646,-,-,-,-
36734,38647,-,-,-,-
36735,38648,-,-,-,-
36736,38649,-,-,-,-
36737,38650,-,-,-,-
36738,38651,-,-,-,-
36739,38652,-,-,-,-
36740,38653,-,-,-,-
36741,38654,-,-,-,-
36742,38655,-,-,-,-
36743,38656,-,-,-,-
36744,38657,-,-,-,-
36745,38658,-,-,-,-
36746,38659,-,-,-,-
36747,38660,-,-,-,-
36748,38661,-,-,-,-
36749,38662,-,-,-,-
36750,38663,-,-,-,-
36751,38664,-,-,-,-
36752,38665,-,-,-,-
36753,38666,-,-,-,-
36754,38667,-,-,-,-
36755,38668,-,-,-,-
36756,38669,-,-,-,-
36757,38670,-,-,-,-
36758,38671,-,-,-,-
36759,38672,-,-,-,-
36760,38673,-,-,-,-
36761,38674,-,-,-,-
36762,38675,-,-,-,-
36763,38676,-,-,-,-
36764,38677,-,-,-,-
36765,38678,-,-,-,-
36766,38679,-,-,-,-
36767,38680,-,-,-,-
36768,38681,-,-,-,-
36769,38682,-,-,-,-
36770,38683,-,-,-,-
36771,38684,-,-,-,-
36772,38685,-,-,-,-
36773,38686,-,-,-,-
36774,38687,-,-,-,-
36775,38688,-,-,-,-
36776,38689,-,-,-,-
36777,38690,-,-,-,-
36778,38691,-,-,-,-
36779,38692,-,-,-,-
36780,38693,-,-,-,-
36781,38694,-,-,-,-
36782,38695,-,-,-,-
36783,38696,-,-,-,-
36784,38697,-,-,-,-
36785,38698,-,-,-,-
36786,38699,-,-,-,-
36787,38700,-,-,-,-
36788,38701,-,-,-,-
36789,38702,-,-,-,-
36790,38703,-,-,-,-
36791,38704,-,-,-,-
36792,38705,-,-,-,-
36793,38706,-,-,-,-
36794,38707,-,-,-,-
36795,38708,-,-,-,-
36796,38709,-,-,-,-
36797,38710,-,-,-,-
36798,38711,-,-,-,-
36799,38712,-,-,-,-
36800,38713,-,-,-,-
36801,38714,-,-,-,-
36802,38715,-,-,-,-
36803,38716,-,-,-,-
36804,38717,-,-,-,-
36805,38718,-,-,-,-
36806,38719,-,-,-,-
36807,38720,-,-,-,-
36808,38721,-,-,-,-
36809,38722,-,-,-,-
36810,38723,-,-,-,-
36811,38724,-,-,-,-
36812,38725,-,-,-,-
36813,38726,-,-,-,-
36814,38727,-,-,-,-
36815,38728,-,-,-,-
36816,38729,-,-,-,-
36817,38730,-,-,-,-
36818,38731,-,-,-,-
36819,38732,-,-,-,-
36820,38733,-,-,-,-
36821,38734,-,-,-,-
36822,38735,-,-,-,-
36823,38736,-,-,-,-
36824,38737,-,-,-,-
36825,38738,-,-,-,-
36826,38739,-,-,-,-
36827,38740,-,-,-,-
36828,38741,-,-,-,-
36829,38742,-,-,-,-
36830,38743,-,-,-,-
36831,38744,-,-,-,-
36832,38745,-,-,-,-
36833,38746,-,-,-,-
36834,38747,-,-,-,-
36835,38748,-,-,-,-
36836,38749,-,-,-,-
36837,38750,-,-,-,-
36838,38751,-,-,-,-
36839,38752,-,-,-,-
36840,38753,-,-,-,-
36841,38754,-,-,-,-
36842,38755,-,-,-,-
36843,38756,-,-,-,-
36844,38757,-,-,-,-
36845,38758,-,-,-,-
36846,38759,-,-,-,-
36847,38760,-,-,-,-
36848,38761,-,-,-,-
36849,38762,-,-,-,-
36850,38763,-,-,-,-
36851,38764,-,-,-,-
36852,38765,-,-,-,-
36853,38766,-,-,-,-
36854,38767,-,-,-,-
36855,38768,-,-,-,-
36856,38769,-,-,-,-
36857,38770,-,-,-,-
36858,38771,-,-,-,-
36859,38772,-,-,-,-
36860,38773,-,-,-,-
36861,38774,-,-,-,-
36862,38775,-,-,-,-
36863,38776,-,-,-,-
36864,38777,-,-,-,-
36865,38778,-,-,-,-
36866,38779,-,-,-,-
36867,38780,-,-,-,-
36868,38781,-,-,-,-
36869,38782,-,-,-,-
36870,38783,-,-,-,-
36871,38784,-,-,-,-
36872,38785,-,-,-,-
36873,38786,-,-,-,-
36874,38787,-,-,-,-
36875,38788,-,-,-,-
36876,38789,-,-,-,-
36877,38790,-,-,-,-
36878,38791,-,-,-,-
36879,38792,-,-,-,-
36880,38793,-,-,-,-
36881,38794,-,-,-,-
36882,38795,-,-,-,-
36883,38796,-,-,-,-
36884,38797,-,-,-,-
36885,38798,-,-,-,-
36886,38799,-,-,-,-
36887,38800,-,-,-,-
36888,38801,-,-,-,-
36889,38802,-,-,-,-
36890,38803,-,-,-,-
36891,38804,-,-,-,-
36892,38805,-,-,-,-
36893,38806,-,-,-,-
36894,38807,-,-,-,-
36895,38808,-,-,-,-
36896,38809,-,-,-,-
36897,38810,-,-,-,-
36898,38811,-,-,-,-
36899,38812,-,-,-,-
36900,38813,-,-,-,-
36901,38814,-,-,-,-
36902,38815,-,-,-,-
36903,38816,-,-,-,-
36904,38817,-,-,-,-
36905,38818,-,-,-,-
36906,38819,-,-,-,-
36907,38820,-,-,-,-
36908,38821,-,-,-,-
36909,38822,-,-,-,-
36910,38823,-,-,-,-
36911,38824,-,-,-,-
36912,38825,-,-,-,-
36913,38826,-,-,-,-
36914,38827,-,-,-,-
36915,38828,-,-,-,-
36916,38829,-,-,-,-
36917,38830,-,-,-,-
36918,38831,-,-,-,-
36919,38832,-,-,-,-
36920,38833,-,-,-,-
36921,38834,-,-,-,-
36922,38835,-,-,-,-
36923,38836,-,-,-,-
36924,38837,-,-,-,-
36925,38838,-,-,-,-
36926,38839,-,-,-,-
36927,38840,-,-,-,-
36928,38841,-,-,-,-
36929,38842,-,-,-,-
36930,38843,-,-,-,-
36931,38844,-,-,-,-
36932,38845,-,-,-,-
36933,38846,-,-,-,-
36934,38847,-,-,-,-
36935,38848,-,-,-,-
36936,38849,-,-,-,-
36937,38850,-,-,-,-
36938,38851,-,-,-,-
36939,38852,-,-,-,-
36940,38853,-,-,-,-
36941,38854,-,-,-,-
36942,38855,-,-,-,-
36943,38856,-,-,-,-
36944,38857,-,-,-,-
36945,38858,-,-,-,-
36946,38859,-,-,-,-
36947,38860,-,-,-,-
36948,38861,-,-,-,-
36949,38862,-,-,-,-
36950,38863,-,-,-,-
36951,38864,-,-,-,-
36952,38865,-,-,-,-
36953,38866,-,-,-,-
36954,38867,-,-,-,-
36955,38868,-,-,-,-
36956,38869,-,-,-,-
36957,38870,-,-,-,-
36958,38871,-,-,-,-
36959,38872,-,-,-,-
36960,38873,-,-,-,-
36961,38874,-,-,-,-
36962,38875,-,-,-,-
36963,38876,-,-,-,-
36964,38877,-,-,-,-
36965,38878,-,-,-,-
36966,38879,-,-,-,-
36967,38880,-,-,-,-
36968,38881,-,-,-,-
36969,38882,-,-,-,-
36970,38883,-,-,-,-
36971,38884,-,-,-,-
36972,38885,-,-,-,-
36973,38886,-,-,-,-
36974,38887,-,-,-,-
36975,38888,-,-,-,-
36976,38889,-,-,-,-
36977,38890,-,-,-,-
36978,38891,-,-,-,-
36979,38892,-,-,-,-
36980,38893,-,-,-,-
36981,38894,-,-,-,-
36982,38895,-,-,-,-
36983,38896,-,-,-,-
36984,38897,-,-,-,-
36985,38898,-,-,-,-
36986,38899,-,-,-,-
36987,38900,-,-,-,-
36988,38901,-,-,-,-
36989,38902,-,-,-,-
36990,38903,-,-,-,-
36991,38904,-,-,-,-
36992,38905,-,-,-,-
36993,38906,-,-,-,-
36994,38907,-,-,-,-
36995,38908,-,-,-,-
36996,38909,-,-,-,-
36997,38910,-,-,-,-
36998,38911,-,-,-,-
36999,38912,-,-,-,-
37000,38913,-,-,-,-
37001,38914,-,-,-,-
37002,38915,-,-,-,-
37003,38916,-,-,-,-
37004,38917,-,-,-,-
37005,38918,-,-,-,-
37006,38919,-,-,-,-
37007,38920,-,-,-,-
37008,38921,-,-,-,-
37009,38922,-,-,-,-
37010,38923,-,-,-,-
37011,38924,-,-,-,-
37012,38925,-,-,-,-
37013,38926,-,-,-,-
37014,38927,-,-,-,-
37015,38928,-,-,-,-
37016,38929,-,-,-,-
37017,38930,-,-,-,-
37018,38931,-,-,-,-
37019,38932,-,-,-,-
37020,38933,-,-,-,-
37021,38934,-,-,-,-
37022,38935,-,-,-,-
37023,38936,-,-,-,-
37024,38937,-,-,-,-
37025,38938,-,-,-,-
37026,38939,-,-,-,-
37027,38940,-,-,-,-
37028,38941,-,-,-,-
37029,38942,-,-,-,-
37030,38943,-,-,-,-
37031,38944,-,-,-,-
37032,38945,-,-,-,-
37033,38946,-,-,-,-
37034,38947,-,-,-,-
37035,38948,-,-,-,-
37036,38949,-,-,-,-
37037,38950,-,-,-,-
37038,38951,-,-,-,-
37039,38952,-,-,-,-
37040,38953,-,-,-,-
37041,38954,-,-,-,-
37042,38955,-,-,-,-
37043,38956,-,-,-,-
37044,38957,-,-,-,-
37045,38958,-,-,-,-
37046,38959,-,-,-,-
37047,38960,-,-,-,-
37048,38961,-,-,-,-
37049,38962,-,-,-,-
37050,38963,-,-,-,-
37051,38964,-,-,-,-
37052,38965,-,-,-,-
37053,38966,-,-,-,-
37054,38967,-,-,-,-
37055,38968,-,-,-,-
37056,38969,-,-,-,-
37057,38970,-,-,-,-
37058,38971,-,-,-,-
37059,38972,-,-,-,-
37060,38973,-,-,-,-
37061,38974,-,-,-,-
37062,38975,-,-,-,-
37063,38976,-,-,-,-
37064,38977,-,-,-,-
37065,38978,-,-,-,-
37066,38979,-,-,-,-
37067,38980,-,-,-,-
37068,38981,-,-,-,-
37069,38982,-,-,-,-
37070,38983,-,-,-,-
37071,38984,-,-,-,-
37072,38985,-,-,-,-
37073,38986,-,-,-,-
37074,38987,-,-,-,-
37075,38988,-,-,-,-
37076,38989,-,-,-,-
37077,38990,-,-,-,-
37078,38991,-,-,-,-
37079,38992,-,-,-,-
37080,38993,-,-,-,-
37081,38994,-,-,-,-
37082,38995,-,-,-,-
37083,38996,-,-,-,-
37084,38997,-,-,-,-
37085,38998,-,-,-,-
37086,38999,-,-,-,-
37087,39000,-,-,-,-
37088,39001,-,-,-,-
37089,39002,-,-,-,-
37090,39003,-,-,-,-
37091,39004,-,-,-,-
37092,39005,-,-,-,-
37093,39006,-,-,-,-
37094,39007,-,-,-,-
37095,39008,-,-,-,-
37096,39009,-,-,-,-
37097,39010,-,-,-,-
37098,39011,-,-,-,-
37099,39012,-,-,-,-
37100,39013,-,-,-,-
37101,39014,-,-,-,-
37102,39015,-,-,-,-
37103,39016,-,-,-,-
37104,39017,-,-,-,-
37105,39018,-,-,-,-
37106,39019,-,-,-,-
37107,39020,-,-,-,-
37108,39021,-,-,-,-
37109,39022,-,-,-,-
37110,39023,-,-,-,-
37111,39024,-,-,-,-
37112,39025,-,-,-,-
37113,39026,-,-,-,-
37114,39027,-,-,-,-
37115,39028,-,-,-,-
37116,39029,-,-,-,-
37117,39030,-,-,-,-
37118,39031,-,-,-,-
37119,39032,-,-,-,-
37120,39033,-,-,-,-
37121,39034,-,-,-,-
37122,39035,-,-,-,-
37123,39036,-,-,-,-
37124,39037,-,-,-,-
37125,39038,-,-,-,-
37126,39039,-,-,-,-
37127,39040,-,-,-,-
37128,39041,-,-,-,-
37129,39042,-,-,-,-
37130,39043,-,-,-,-
37131,39044,-,-,-,-
37132,39045,-,-,-,-
37133,39046,-,-,-,-
37134,39047,-,-,-,-
37135,39048,-,-,-,-
37136,39049,-,-,-,-
37137,39050,-,-,-,-
37138,39051,-,-,-,-
37139,39052,-,-,-,-
37140,39053,-,-,-,-
37141,39054,-,-,-,-
37142,39055,-,-,-,-
37143,39056,-,-,-,-
37144,39057,-,-,-,-
37145,39058,-,-,-,-
37146,39059,-,-,-,-
37147,39060,-,-,-,-
37148,39061,-,-,-,-
37149,39062,-,-,-,-
37150,39063,-,-,-,-
37151,39064,-,-,-,-
37152,39065,-,-,-,-
37153,39066,-,-,-,-
37154,39067,-,-,-,-
37155,39068,-,-,-,-
37156,39069,-,-,-,-
37157,39070,-,-,-,-
37158,39071,-,-,-,-
37159,39072,-,-,-,-
37160,39073,-,-,-,-
37161,39074,-,-,-,-
37162,39075,-,-,-,-
37163,39076,-,-,-,-
37164,39077,-,-,-,-
37165,39078,-,-,-,-
37166,39079,-,-,-,-
37167,39080,-,-,-,-
37168,39081,-,-,-,-
37169,39082,-,-,-,-
37170,39083,-,-,-,-
37171,39084,-,-,-,-
37172,39085,-,-,-,-
37173,39086,-,-,-,-
37174,39087,-,-,-,-
37175,39088,-,-,-,-
37176,39089,-,-,-,-
37177,39090,-,-,-,-
37178,39091,-,-,-,-
37179,39092,-,-,-,-
37180,39093,-,-,-,-
37181,39094,-,-,-,-
37182,39095,-,-,-,-
37183,39096,-,-,-,-
37184,39097,-,-,-,-
37185,39098,-,-,-,-
37186,39099,-,-,-,-
37187,39100,-,-,-,-
37188,39101,-,-,-,-
37189,39102,-,-,-,-
37190,39103,-,-,-,-
37191,39104,-,-,-,-
37192,39105,-,-,-,-
37193,39106,-,-,-,-
37194,39107,-,-,-,-
37195,39108,-,-,-,-
37196,39109,-,-,-,-
37197,39110,-,-,-,-
37198,39111,-,-,-,-
37199,39112,-,-,-,-
37200,39113,-,-,-,-
37201,39114,-,-,-,-
37202,39115,-,-,-,-
37203,39116,-,-,-,-
37204,39117,-,-,-,-
37205,39118,-,-,-,-
37206,39119,-,-,-,-
37207,39120,-,-,-,-
37208,39121,-,-,-,-
37209,39122,-,-,-,-
37210,39123,-,-,-,-
37211,39124,-,-,-,-
37212,39125,-,-,-,-
37213,39126,-,-,-,-
37214,39127,-,-,-,-
37215,39128,-,-,-,-
37216,39129,-,-,-,-
37217,39130,-,-,-,-
37218,39131,-,-,-,-
37219,39132,-,-,-,-
37220,39133,-,-,-,-
37221,39134,-,-,-,-
37222,39135,-,-,-,-
37223,39136,-,-,-,-
37224,39137,-,-,-,-
37225,39138,-,-,-,-
37226,39139,-,-,-,-
37227,39140,-,-,-,-
37228,39141,-,-,-,-
37229,39142,-,-,-,-
37230,39143,-,-,-,-
37231,39144,-,-,-,-
37232,39145,-,-,-,-
37233,39146,-,-,-,-
37234,39147,-,-,-,-
37235,39148,-,-,-,-
37236,39149,-,-,-,-
37237,39150,-,-,-,-
37238,39151,-,-,-,-
37239,39152,-,-,-,-
37240,39153,-,-,-,-
37241,39154,-,-,-,-
37242,39155,-,-,-,-
37243,39156,-,-,-,-
37244,39157,-,-,-,-
37245,39158,-,-,-,-
37246,39159,-,-,-,-
37247,39160,-,-,-,-
37248,39161,-,-,-,-
37249,39162,-,-,-,-
37250,39163,-,-,-,-
37251,39164,-,-,-,-
37252,39165,-,-,-,-
37253,39166,-,-,-,-
37254,39167,-,-,-,-
37255,39168,-,-,-,-
37256,39169,-,-,-,-
37257,39170,-,-,-,-
37258,39171,-,-,-,-
37259,39172,-,-,-,-
37260,39173,-,-,-,-
37261,39174,-,-,-,-
37262,39175,-,-,-,-
37263,39176,-,-,-,-
37264,39177,-,-,-,-
37265,39178,-,-,-,-
37266,39179,-,-,-,-
37267,39180,-,-,-,-
37268,39181,-,-,-,-
37269,39182,-,-,-,-
37270,39183,-,-,-,-
37271,39184,-,-,-,-
37272,39185,-,-,-,-
37273,39186,-,-,-,-
37274,39187,-,-,-,-
37275,39188,-,-,-,-
37276,39189,-,-,-,-
37277,39190,-,-,-,-
37278,39191,-,-,-,-
37279,39192,-,-,-,-
37280,39193,-,-,-,-
37281,39194,-,-,-,-
37282,39195,-,-,-,-
37283,39196,-,-,-,-
37284,39197,-,-,-,-
37285,39198,-,-,-,-
37286,39199,-,-,-,-
37287,39200,-,-,-,-
37288,39201,-,-,-,-
37289,39202,-,-,-,-
37290,39203,-,-,-,-
37291,39204,-,-,-,-
37292,39205,-,-,-,-
37293,39206,-,-,-,-
37294,39207,-,-,-,-
37295,39208,-,-,-,-
37296,39209,-,-,-,-
37297,39210,-,-,-,-
37298,39211,-,-,-,-
37299,39212,-,-,-,-
37300,39213,-,-,-,-
37301,39214,-,-,-,-
37302,39215,-,-,-,-
37303,39216,-,-,-,-
37304,39217,-,-,-,-
37305,39218,-,-,-,-
37306,39219,-,-,-,-
37307,39220,-,-,-,-
37308,39221,-,-,-,-
37309,39222,-,-,-,-
37310,39223,-,-,-,-
37311,39224,-,-,-,-
37312,39225,-,-,-,-
37313,39226,-,-,-,-
37314,39227,-,-,-,-
37315,39228,-,-,-,-
37316,39229,-,-,-,-
37317,39230,-,-,-,-
37318,39231,-,-,-,-
37319,39232,-,-,-,-
37320,39233,-,-,-,-
37321,39234,-,-,-,-
37322,39235,-,-,-,-
37323,39236,-,-,-,-
37324,39237,-,-,-,-
37325,39238,-,-,-,-
37326,39239,-,-,-,-
37327,39240,-,-,-,-
37328,39241,-,-,-,-
37329,39242,-,-,-,-
37330,39243,-,-,-,-
37331,39244,-,-,-,-
37332,39245,-,-,-,-
37333,39246,-,-,-,-
37334,39247,-,-,-,-
37335,39248,-,-,-,-
37336,39249,-,-,-,-
37337,39250,-,-,-,-
37338,39251,-,-,-,-
37339,39252,-,-,-,-
37340,39253,-,-,-,-
37341,39254,-,-,-,-
37342,39255,-,-,-,-
37343,39256,-,-,-,-
37344,39257,-,-,-,-
37345,39258,-,-,-,-
37346,39259,-,-,-,-
37347,39260,-,-,-,-
37348,39261,-,-,-,-
37349,39262,-,-,-,-
37350,39263,-,-,-,-
37351,39264,-,-,-,-
37352,39265,-,-,-,-
37353,39266,-,-,-,-
37354,39267,-,-,-,-
37355,39268,-,-,-,-
37356,39269,-,-,-,-
37357,39270,-,-,-,-
37358,39271,-,-,-,-
37359,39272,-,-,-,-
37360,39273,-,-,-,-
37361,39274,-,-,-,-
37362,39275,-,-,-,-
37363,39276,-,-,-,-
37364,39277,-,-,-,-
37365,39278,-,-,-,-
37366,39279,-,-,-,-
37367,39280,-,-,-,-
37368,39281,-,-,-,-
37369,39282,-,-,-,-
37370,39283,-,-,-,-
37371,39284,-,-,-,-
37372,39285,-,-,-,-
37373,39286,-,-,-,-
37374,39287,-,-,-,-
37375,39288,-,-,-,-
37376,39289,-,-,-,-
37377,39290,-,-,-,-
37378,39291,-,-,-,-
37379,39292,-,-,-,-
37380,39293,-,-,-,-
37381,39294,-,-,-,-
37382,39295,-,-,-,-
37383,39296,-,-,-,-
37384,39297,-,-,-,-
37385,39298,-,-,-,-
37386,39299,-,-,-,-
37387,39300,-,-,-,-
37388,39301,-,-,-,-
37389,39302,-,-,-,-
37390,39303,-,-,-,-
37391,39304,-,-,-,-
37392,39305,-,-,-,-
37393,39306,-,-,-,-
37394,39307,-,-,-,-
37395,39308,-,-,-,-
37396,39309,-,-,-,-
37397,39310,-,-,-,-
37398,39311,-,-,-,-
37399,39312,-,-,-,-
37400,39313,-,-,-,-
37401,39314,-,-,-,-
37402,39315,-,-,-,-
37403,39316,-,-,-,-
37404,39317,-,-,-,-
37405,39318,-,-,-,-
37406,39319,-,-,-,-
37407,39320,-,-,-,-
37408,39321,-,-,-,-
37409,39322,-,-,-,-
37410,39323,-,-,-,-
37411,39324,-,-,-,-
37412,39325,-,-,-,-
37413,39326,-,-,-,-
37414,39327,-,-,-,-
37415,39328,-,-,-,-
37416,39329,-,-,-,-
37417,39330,-,-,-,-
37418,39331,-,-,-,-
37419,39332,-,-,-,-
37420,39333,-,-,-,-
37421,39334,-,-,-,-
37422,39335,-,-,-,-
37423,39336,-,-,-,-
37424,39337,-,-,-,-
37425,39338,-,-,-,-
37426,39339,-,-,-,-
37427,39340,-,-,-,-
37428,39341,-,-,-,-
37429,39342,-,-,-,-
37430,39343,-,-,-,-
37431,39344,-,-,-,-
37432,39345,-,-,-,-
37433,39346,-,-,-,-
37434,39347,-,-,-,-
37435,39348,-,-,-,-
37436,39349,-,-,-,-
37437,39350,-,-,-,-
37438,39351,-,-,-,-
37439,39352,-,-,-,-
37440,39353,-,-,-,-
37441,39354,-,-,-,-
37442,39355,-,-,-,-
37443,39356,-,-,-,-
37444,39357,-,-,-,-
37445,39358,-,-,-,-
37446,39359,-,-,-,-
37447,39360,-,-,-,-
37448,39361,-,-,-,-
37449,39362,-,-,-,-
37450,39363,-,-,-,-
37451,39364,-,-,-,-
37452,39365,-,-,-,-
37453,39366,-,-,-,-
37454,39367,-,-,-,-
37455,39368,-,-,-,-
37456,39369,-,-,-,-
37457,39370,-,-,-,-
37458,39371,-,-,-,-
37459,39372,-,-,-,-
37460,39373,-,-,-,-
37461,39374,-,-,-,-
37462,39375,-,-,-,-
37463,39376,-,-,-,-
37464,39377,-,-,-,-
37465,39378,-,-,-,-
37466,39379,-,-,-,-
37467,39380,-,-,-,-
37468,39381,-,-,-,-
37469,39382,-,-,-,-
37470,39383,-,-,-,-
37471,39384,-,-,-,-
37472,39385,-,-,-,-
37473,39386,-,-,-,-
37474,39387,-,-,-,-
37475,39388,-,-,-,-
37476,39389,-,-,-,-
37477,39390,-,-,-,-
37478,39391,-,-,-,-
37479,39392,-,-,-,-
37480,39393,-,-,-,-
37481,39394,-,-,-,-
37482,39395,-,-,-,-
37483,39396,-,-,-,-
37484,39397,-,-,-,-
37485,39398,-,-,-,-
37486,39399,-,-,-,-
37487,39400,-,-,-,-
37488,39401,-,-,-,-
37489,39402,-,-,-,-
37490,39403,-,-,-,-
37491,39404,-,-,-,-
37492,39405,-,-,-,-
37493,39406,-,-,-,-
37494,39407,-,-,-,-
37495,39408,-,-,-,-
37496,39409,-,-,-,-
37497,39410,-,-,-,-
37498,39411,-,-,-,-
37499,39412,-,-,-,-
37500,39413,-,-,-,-
37501,39414,-,-,-,-
37502,39415,-,-,-,-
37503,39416,-,-,-,-
37504,39417,-,-,-,-
37505,39418,-,-,-,-
37506,39419,-,-,-,-
37507,39420,-,-,-,-
37508,39421,-,-,-,-
37509,39422,-,-,-,-
37510,39423,-,-,-,-
37511,39424,-,-,-,-
37512,39425,-,-,-,-
37513,39426,-,-,-,-
37514,39427,-,-,-,-
37515,39428,-,-,-,-
37516,39429,-,-,-,-
37517,39430,-,-,-,-
37518,39431,-,-,-,-
37519,39432,-,-,-,-
37520,39433,-,-,-,-
37521,39434,-,-,-,-
37522,39435,-,-,-,-
37523,39436,-,-,-,-
37524,39437,-,-,-,-
37525,39438,-,-,-,-
37526,39439,-,-,-,-
37527,39440,-,-,-,-
37528,39441,-,-,-,-
37529,39442,-,-,-,-
37530,39443,-,-,-,-
37531,39444,-,-,-,-
37532,39445,-,-,-,-
37533,39446,-,-,-,-
37534,39447,-,-,-,-
37535,39448,-,-,-,-
37536,39449,-,-,-,-
37537,39450,-,-,-,-
37538,39451,-,-,-,-
37539,39452,-,-,-,-
37540,39453,-,-,-,-
37541,39454,-,-,-,-
37542,39455,-,-,-,-
37543,39456,-,-,-,-
37544,39457,-,-,-,-
37545,39458,-,-,-,-
37546,39459,-,-,-,-
37547,39460,-,-,-,-
37548,39461,-,-,-,-
37549,39462,-,-,-,-
37550,39463,-,-,-,-
37551,39464,-,-,-,-
37552,39465,-,-,-,-
37553,39466,-,-,-,-
37554,39467,-,-,-,-
37555,39468,-,-,-,-
37556,39469,-,-,-,-
37557,39470,-,-,-,-
37558,39471,-,-,-,-
37559,39472,-,-,-,-
37560,39473,-,-,-,-
37561,39474,-,-,-,-
37562,39475,-,-,-,-
37563,39476,-,-,-,-
37564,39477,-,-,-,-
37565,39478,-,-,-,-
37566,39479,-,-,-,-
37567,39480,-,-,-,-
37568,39481,-,-,-,-
37569,39482,-,-,-,-
37570,39483,-,-,-,-
37571,39484,-,-,-,-
37572,39485,-,-,-,-
37573,39486,-,-,-,-
37574,39487,-,-,-,-
37575,39488,-,-,-,-
37576,39489,-,-,-,-
37577,39490,-,-,-,-
37578,39491,-,-,-,-
37579,39492,-,-,-,-
37580,39493,-,-,-,-
37581,39494,-,-,-,-
37582,39495,-,-,-,-
37583,39496,-,-,-,-
37584,39497,-,-,-,-
37585,39498,-,-,-,-
37586,39499,-,-,-,-
37587,39500,-,-,-,-
37588,39501,-,-,-,-
37589,39502,-,-,-,-
37590,39503,-,-,-,-
37591,39504,-,-,-,-
37592,39505,-,-,-,-
37593,39506,-,-,-,-
37594,39507,-,-,-,-
37595,39508,-,-,-,-
37596,39509,-,-,-,-
37597,39510,-,-,-,-
37598,39511,-,-,-,-
37599,39512,-,-,-,-
37600,39513,-,-,-,-
37601,39514,-,-,-,-
37602,39515,-,-,-,-
37603,39516,-,-,-,-
37604,39517,-,-,-,-
37605,39518,-,-,-,-
37606,39519,-,-,-,-
37607,39520,-,-,-,-
37608,39521,-,-,-,-
37609,39522,-,-,-,-
37610,39523,-,-,-,-
37611,39524,-,-,-,-
37612,39525,-,-,-,-
37613,39526,-,-,-,-
37614,39527,-,-,-,-
37615,39528,-,-,-,-
37616,39529,-,-,-,-
37617,39530,-,-,-,-
37618,39531,-,-,-,-
37619,39532,-,-,-,-
37620,39533,-,-,-,-
37621,39534,-,-,-,-
37622,39535,-,-,-,-
37623,39536,-,-,-,-
37624,39537,-,-,-,-
37625,39538,-,-,-,-
37626,39539,-,-,-,-
37627,39540,-,-,-,-
37628,39541,-,-,-,-
37629,39542,-,-,-,-
37630,39543,-,-,-,-
37631,39544,-,-,-,-
37632,39545,-,-,-,-
37633,39546,-,-,-,-
37634,39547,-,-,-,-
37635,39548,-,-,-,-
37636,39549,-,-,-,-
37637,39550,-,-,-,-
37638,39551,-,-,-,-
37639,39552,-,-,-,-
37640,39553,-,-,-,-
37641,39554,-,-,-,-
37642,39555,-,-,-,-
37643,39556,-,-,-,-
37644,39557,-,-,-,-
37645,39558,-,-,-,-
37646,39559,-,-,-,-
37647,39560,-,-,-,-
37648,39561,-,-,-,-
37649,39562,-,-,-,-
37650,39563,-,-,-,-
37651,39564,-,-,-,-
37652,39565,-,-,-,-
37653,39566,-,-,-,-
37654,39567,-,-,-,-
37655,39568,-,-,-,-
37656,39569,-,-,-,-
37657,39570,-,-,-,-
37658,39571,-,-,-,-
37659,39572,-,-,-,-
37660,39573,-,-,-,-
37661,39574,-,-,-,-
37662,39575,-,-,-,-
37663,39576,-,-,-,-
37664,39577,-,-,-,-
37665,39578,-,-,-,-
37666,39579,-,-,-,-
37667,39580,-,-,-,-
37668,39581,-,-,-,-
37669,39582,-,-,-,-
37670,39583,-,-,-,-
37671,39584,-,-,-,-
37672,39585,-,-,-,-
37673,39586,-,-,-,-
37674,39587,-,-,-,-
37675,39588,-,-,-,-
37676,39589,-,-,-,-
37677,39590,-,-,-,-
37678,39591,-,-,-,-
37679,39592,-,-,-,-
37680,39593,-,-,-,-
37681,39594,-,-,-,-
37682,39595,-,-,-,-
37683,39596,-,-,-,-
37684,39597,-,-,-,-
37685,39598,-,-,-,-
37686,39599,-,-,-,-
37687,39600,-,-,-,-
37688,39601,-,-,-,-
37689,39602,-,-,-,-
37690,39603,-,-,-,-
37691,39604,-,-,-,-
37692,39605,-,-,-,-
37693,39606,-,-,-,-
37694,39607,-,-,-,-
37695,39608,-,-,-,-
37696,39609,-,-,-,-
37697,39610,-,-,-,-
37698,39611,-,-,-,-
37699,39612,-,-,-,-
37700,39613,-,-,-,-
37701,39614,-,-,-,-
37702,39615,-,-,-,-
37703,39616,-,-,-,-
37704,39617,-,-,-,-
37705,39618,-,-,-,-
37706,39619,-,-,-,-
37707,39620,-,-,-,-
37708,39621,-,-,-,-
37709,39622,-,-,-,-
37710,39623,-,-,-,-
37711,39624,-,-,-,-
37712,39625,-,-,-,-
37713,39626,-,-,-,-
37714,39627,-,-,-,-
37715,39628,-,-,-,-
37716,39629,-,-,-,-
37717,39630,-,-,-,-
37718,39631,-,-,-,-
37719,39632,-,-,-,-
37720,39633,-,-,-,-
37721,39634,-,-,-,-
37722,39635,-,-,-,-
37723,39636,-,-,-,-
37724,39637,-,-,-,-
37725,39638,-,-,-,-
37726,39639,-,-,-,-
37727,39640,-,-,-,-
37728,39641,-,-,-,-
37729,39642,-,-,-,-
37730,39643,-,-,-,-
37731,39644,-,-,-,-
37732,39645,-,-,-,-
37733,39646,-,-,-,-
37734,39647,-,-,-,-
37735,39648,-,-,-,-
37736,39649,-,-,-,-
37737,39650,-,-,-,-
37738,39651,-,-,-,-
37739,39652,-,-,-,-
37740,39653,-,-,-,-
37741,39654,-,-,-,-
37742,39655,-,-,-,-
37743,39656,-,-,-,-
37744,39657,-,-,-,-
37745,39658,-,-,-,-
37746,39659,-,-,-,-
37747,39660,-,-,-,-
37748,39661,-,-,-,-
37749,39662,-,-,-,-
37750,39663,-,-,-,-
37751,39664,-,-,-,-
37752,39665,-,-,-,-
37753,39666,-,-,-,-
37754,39667,-,-,-,-
37755,39668,-,-,-,-
37756,39669,-,-,-,-
37757,39670,-,-,-,-
37758,39671,-,-,-,-
37759,39672,-,-,-,-
37760,39673,-,-,-,-
37761,39674,-,-,-,-
37762,39675,-,-,-,-
37763,39676,-,-,-,-
37764,39677,-,-,-,-
37765,39678,-,-,-,-
37766,39679,-,-,-,-
37767,39680,-,-,-,-
37768,39681,-,-,-,-
37769,39682,-,-,-,-
37770,39683,-,-,-,-
37771,39684,-,-,-,-
37772,39685,-,-,-,-
37773,39686,-,-,-,-
37774,39687,-,-,-,-
37775,39688,-,-,-,-
37776,39689,-,-,-,-
37777,39690,-,-,-,-
37778,39691,-,-,-,-
37779,39692,-,-,-,-
37780,39693,-,-,-,-
37781,39694,-,-,-,-
37782,39695,-,-,-,-
37783,39696,-,-,-,-
37784,39697,-,-,-,-
37785,39698,-,-,-,-
37786,39699,-,-,-,-
37787,39700,-,-,-,-
37788,39701,-,-,-,-
37789,39702,-,-,-,-
37790,39703,-,-,-,-
37791,39704,-,-,-,-
37792,39705,-,-,-,-
37793,39706,-,-,-,-
37794,39707,-,-,-,-
37795,39708,-,-,-,-
37796,39709,-,-,-,-
37797,39710,-,-,-,-
37798,39711,-,-,-,-
37799,39712,-,-,-,-
37800,39713,-,-,-,-
37801,39714,-,-,-,-
37802,39715,-,-,-,-
37803,39716,-,-,-,-
37804,39717,-,-,-,-
37805,39718,-,-,-,-
37806,39719,-,-,-,-
37807,39720,-,-,-,-
37808,39721,-,-,-,-
37809,39722,-,-,-,-
37810,39723,-,-,-,-
37811,39724,-,-,-,-
37812,39725,-,-,-,-
37813,39726,-,-,-,-
37814,39727,-,-,-,-
37815,39728,-,-,-,-
37816,39729,-,-,-,-
37817,39730,-,-,-,-
37818,39731,-,-,-,-
37819,39732,-,-,-,-
37820,39733,-,-,-,-
37821,39734,-,-,-,-
37822,39735,-,-,-,-
37823,39736,-,-,-,-
37824,39737,-,-,-,-
37825,39738,-,-,-,-
37826,39739,-,-,-,-
37827,39740,-,-,-,-
37828,39741,-,-,-,-
37829,39742,-,-,-,-
37830,39743,-,-,-,-
37831,39744,-,-,-,-
37832,39745,-,-,-,-
37833,39746,-,-,-,-
37834,39747,-,-,-,-
37835,39748,-,-,-,-
37836,39749,-,-,-,-
37837,39750,-,-,-,-
37838,39751,-,-,-,-
37839,39752,-,-,-,-
37840,39753,-,-,-,-
37841,39754,-,-,-,-
37842,39755,-,-,-,-
37843,39756,-,-,-,-
37844,39757,-,-,-,-
37845,39758,-,-,-,-
37846,39759,-,-,-,-
37847,39760,-,-,-,-
37848,39761,-,-,-,-
37849,39762,-,-,-,-
37850,39763,-,-,-,-
37851,39764,-,-,-,-
37852,39765,-,-,-,-
37853,39766,-,-,-,-
37854,39767,-,-,-,-
37855,39768,-,-,-,-
37856,39769,-,-,-,-
37857,39770,-,-,-,-
37858,39771,-,-,-,-
37859,39772,-,-,-,-
37860,39773,-,-,-,-
37861,39774,-,-,-,-
37862,39775,-,-,-,-
37863,39776,-,-,-,-
37864,39777,-,-,-,-
37865,39778,-,-,-,-
37866,39779,-,-,-,-
37867,39780,-,-,-,-
37868,39781,-,-,-,-
37869,39782,-,-,-,-
37870,39783,-,-,-,-
37871,39784,-,-,-,-
37872,39785,-,-,-,-
37873,39786,-,-,-,-
37874,39787,-,-,-,-
37875,39788,-,-,-,-
37876,39789,-,-,-,-
37877,39790,-,-,-,-
37878,39791,-,-,-,-
37879,39792,-,-,-,-
37880,39793,-,-,-,-
37881,39794,-,-,-,-
37882,39795,-,-,-,-
37883,39796,-,-,-,-
37884,39797,-,-,-,-
37885,39798,-,-,-,-
37886,39799,-,-,-,-
37887,39800,-,-,-,-
37888,39801,-,-,-,-
37889,39802,-,-,-,-
37890,39803,-,-,-,-
37891,39804,-,-,-,-
37892,39805,-,-,-,-
37893,39806,-,-,-,-
37894,39807,-,-,-,-
37895,39808,-,-,-,-
37896,39809,-,-,-,-
37897,39810,-,-,-,-
37898,39811,-,-,-,-
37899,39812,-,-,-,-
37900,39813,-,-,-,-
37901,39814,-,-,-,-
37902,39815,-,-,-,-
37903,39816,-,-,-,-
37904,39817,-,-,-,-
37905,39818,-,-,-,-
37906,39819,-,-,-,-
37907,39820,-,-,-,-
37908,39821,-,-,-,-
37909,39822,-,-,-,-
37910,39823,-,-,-,-
37911,39824,-,-,-,-
37912,39825,-,-,-,-
37913,39826,-,-,-,-
37914,39827,-,-,-,-
37915,39828,-,-,-,-
37916,39829,-,-,-,-
37917,39830,-,-,-,-
37918,39831,-,-,-,-
37919,39832,-,-,-,-
37920,39833,-,-,-,-
37921,39834,-,-,-,-
37922,39835,-,-,-,-
37923,39836,-,-,-,-
37924,39837,-,-,-,-
37925,39838,-,-,-,-
37926,39839,-,-,-,-
37927,39840,-,-,-,-
37928,39841,-,-,-,-
37929,39842,-,-,-,-
37930,39843,-,-,-,-
37931,39844,-,-,-,-
37932,39845,-,-,-,-
37933,39846,-,-,-,-
37934,39847,-,-,-,-
37935,39848,-,-,-,-
37936,39849,-,-,-,-
37937,39850,-,-,-,-
37938,39851,-,-,-,-
37939,39852,-,-,-,-
37940,39853,-,-,-,-
37941,39854,-,-,-,-
37942,39855,-,-,-,-
37943,39856,-,-,-,-
37944,39857,-,-,-,-
37945,39858,-,-,-,-
37946,39859,-,-,-,-
37947,39860,-,-,-,-
37948,39861,-,-,-,-
37949,39862,-,-,-,-
37950,39863,-,-,-,-
37951,39864,-,-,-,-
37952,39865,-,-,-,-
37953,39866,-,-,-,-
37954,39867,-,-,-,-
37955,39868,-,-,-,-
37956,39869,-,-,-,-
37957,39870,-,-,-,-
37958,39871,-,-,-,-
37959,39872,-,-,-,-
37960,39873,-,-,-,-
37961,39874,-,-,-,-
37962,39875,-,-,-,-
37963,39876,-,-,-,-
37964,39877,-,-,-,-
37965,39878,-,-,-,-
37966,39879,-,-,-,-
37967,39880,-,-,-,-
37968,39881,-,-,-,-
37969,39882,-,-,-,-
37970,39883,-,-,-,-
37971,39884,-,-,-,-
37972,39885,-,-,-,-
37973,39886,-,-,-,-
37974,39887,-,-,-,-
37975,39888,-,-,-,-
37976,39889,-,-,-,-
37977,39890,-,-,-,-
37978,39891,-,-,-,-
37979,39892,-,-,-,-
37980,39893,-,-,-,-
37981,39894,-,-,-,-
37982,39895,-,-,-,-
37983,39896,-,-,-,-
37984,39897,-,-,-,-
37985,39898,-,-,-,-
37986,39899,-,-,-,-
37987,39900,-,-,-,-
37988,39901,-,-,-,-
37989,39902,-,-,-,-
37990,39903,-,-,-,-
37991,39904,-,-,-,-
37992,39905,-,-,-,-
37993,39906,-,-,-,-
37994,39907,-,-,-,-
37995,39908,-,-,-,-
37996,39909,-,-,-,-
37997,39910,-,-,-,-
37998,39911,-,-,-,-
37999,39912,-,-,-,-
38000,39913,-,-,-,-
38001,39914,-,-,-,-
38002,39915,-,-,-,-
38003,39916,-,-,-,-
38004,39917,-,-,-,-
38005,39918,-,-,-,-
38006,39919,-,-,-,-
38007,39920,-,-,-,-
38008,39921,-,-,-,-
38009,39922,-,-,-,-
38010,39923,-,-,-,-
38011,39924,-,-,-,-
38012,39925,-,-,-,-
38013,39926,-,-,-,-
38014,39927,-,-,-,-
38015,39928,-,-,-,-
38016,39929,-,-,-,-
38017,39930,-,-,-,-
38018,39931,-,-,-,-
38019,39932,-,-,-,-
38020,39933,-,-,-,-
38021,39934,-,-,-,-
38022,39935,-,-,-,-
38023,39936,-,-,-,-
38024,39937,-,-,-,-
38025,39938,-,-,-,-
38026,39939,-,-,-,-
38027,39940,-,-,-,-
38028,39941,-,-,-,-
38029,39942,-,-,-,-
38030,39943,-,-,-,-
38031,39944,-,-,-,-
38032,39945,-,-,-,-
38033,39946,-,-,-,-
38034,39947,-,-,-,-
38035,39948,-,-,-,-
38036,39949,-,-,-,-
38037,39950,-,-,-,-
38038,39951,-,-,-,-
38039,39952,-,-,-,-
38040,39953,-,-,-,-
38041,39954,-,-,-,-
38042,39955,-,-,-,-
38043,39956,-,-,-,-
38044,39957,-,-,-,-
38045,39958,-,-,-,-
38046,39959,-,-,-,-
38047,39960,-,-,-,-
38048,39961,-,-,-,-
38049,39962,-,-,-,-
38050,39963,-,-,-,-
38051,39964,-,-,-,-
38052,39965,-,-,-,-
38053,39966,-,-,-,-
38054,39967,-,-,-,-
38055,39968,-,-,-,-
38056,39969,-,-,-,-
38057,39970,-,-,-,-
38058,39971,-,-,-,-
38059,39972,-,-,-,-
38060,39973,-,-,-,-
38061,39974,-,-,-,-
38062,39975,-,-,-,-
38063,39976,-,-,-,-
38064,39977,-,-,-,-
38065,39978,-,-,-,-
38066,39979,-,-,-,-
38067,39980,-,-,-,-
38068,39981,-,-,-,-
38069,39982,-,-,-,-
38070,39983,-,-,-,-
38071,39984,-,-,-,-
38072,39985,-,-,-,-
38073,39986,-,-,-,-
38074,39987,-,-,-,-
38075,39988,-,-,-,-
38076,39989,-,-,-,-
38077,39990,-,-,-,-
38078,39991,-,-,-,-
38079,39992,-,-,-,-
38080,39993,-,-,-,-
38081,39994,-,-,-,-
38082,39995,-,-,-,-
38083,39996,-,-,-,-
38084,39997,-,-,-,-
38085,39998,-,-,-,-
38086,39999,-,-,-,-
38087,40000,-,-,-,-
38088,40001,-,-,-,-
38089,40002,-,-,-,-
38090,40003,-,-,-,-
38091,40004,-,-,-,-
38092,40005,-,-,-,-
38093,40006,-,-,-,-
38094,40007,-,-,-,-
38095,40008,-,-,-,-
38096,40009,-,-,-,-
38097,40010,-,-,-,-
38098,40011,-,-,-,-
38099,40012,-,-,-,-
38100,40013,-,-,-,-
38101,40014,-,-,-,-
38102,40015,-,-,-,-
38103,40016,-,-,-,-
38104,40017,-,-,-,-
38105,40018,-,-,-,-
38106,40019,-,-,-,-
38107,40020,-,-,-,-
38108,40021,-,-,-,-
38109,40022,-,-,-,-
38110,40023,-,-,-,-
38111,40024,-,-,-,-
38112,40025,-,-,-,-
38113,40026,-,-,-,-
38114,40027,-,-,-,-
38115,40028,-,-,-,-
38116,40029,-,-,-,-
38117,40030,-,-,-,-
38118,40031,-,-,-,-
38119,40032,-,-,-,-
38120,40033,-,-,-,-
38121,40034,-,-,-,-
38122,40035,-,-,-,-
38123,40036,-,-,-,-
38124,40037,-,-,-,-
38125,40038,-,-,-,-
38126,40039,-,-,-,-
38127,40040,-,-,-,-
38128,40041,-,-,-,-
38129,40042,-,-,-,-
38130,40043,-,-,-,-
38131,40044,-,-,-,-
38132,40045,-,-,-,-
38133,40046,-,-,-,-
38134,40047,-,-,-,-
38135,40048,-,-,-,-
38136,40049,-,-,-,-
38137,40050,-,-,-,-
38138,40051,-,-,-,-
38139,40052,-,-,-,-
38140,40053,-,-,-,-
38141,40054,-,-,-,-
38142,40055,-,-,-,-
38143,40056,-,-,-,-
38144,40057,-,-,-,-
38145,40058,-,-,-,-
38146,40059,-,-,-,-
38147,40060,-,-,-,-
38148,40061,-,-,-,-
38149,40062,-,-,-,-
38150,40063,-,-,-,-
38151,40064,-,-,-,-
38152,40065,-,-,-,-
38153,40066,-,-,-,-
38154,40067,-,-,-,-
38155,40068,-,-,-,-
38156,40069,-,-,-,-
38157,40070,-,-,-,-
38158,40071,-,-,-,-
38159,40072,-,-,-,-
38160,40073,-,-,-,-
38161,40074,-,-,-,-
38162,40075,-,-,-,-
38163,40076,-,-,-,-
38164,40077,-,-,-,-
38165,40078,-,-,-,-
38166,40079,-,-,-,-
38167,40080,-,-,-,-
38168,40081,-,-,-,-
38169,40082,-,-,-,-
38170,40083,-,-,-,-
38171,40084,-,-,-,-
38172,40085,-,-,-,-
38173,40086,-,-,-,-
38174,40087,-,-,-,-
38175,40088,-,-,-,-
38176,40089,-,-,-,-
38177,40090,-,-,-,-
38178,40091,-,-,-,-
38179,40092,-,-,-,-
38180,40093,-,-,-,-
38181,40094,-,-,-,-
38182,40095,-,-,-,-
38183,40096,-,-,-,-
38184,40097,-,-,-,-
38185,40098,-,-,-,-
38186,40099,-,-,-,-
38187,40100,-,-,-,-
38188,40101,-,-,-,-
38189,40102,-,-,-,-
38190,40103,-,-,-,-
38191,40104,-,-,-,-
38192,40105,-,-,-,-
38193,40106,-,-,-,-
38194,40107,-,-,-,-
38195,40108,-,-,-,-
38196,40109,-,-,-,-
38197,40110,-,-,-,-
38198,40111,-,-,-,-
38199,40112,-,-,-,-
38200,40113,-,-,-,-
38201,40114,-,-,-,-
38202,40115,-,-,-,-
38203,40116,-,-,-,-
38204,40117,-,-,-,-
38205,40118,-,-,-,-
38206,40119,-,-,-,-
38207,40120,-,-,-,-
38208,40121,-,-,-,-
38209,40122,-,-,-,-
38210,40123,-,-,-,-
38211,40124,-,-,-,-
38212,40125,-,-,-,-
38213,40126,-,-,-,-
38214,40127,-,-,-,-
38215,40128,-,-,-,-
38216,40129,-,-,-,-
38217,40130,-,-,-,-
38218,40131,-,-,-,-
38219,40132,-,-,-,-
38220,40133,-,-,-,-
38221,40134,-,-,-,-
38222,40135,-,-,-,-
38223,40136,-,-,-,-
38224,40137,-,-,-,-
38225,40138,-,-,-,-
38226,40139,-,-,-,-
38227,40140,-,-,-,-
38228,40141,-,-,-,-
38229,40142,-,-,-,-
38230,40143,-,-,-,-
38231,40144,-,-,-,-
38232,40145,-,-,-,-
38233,40146,-,-,-,-
38234,40147,-,-,-,-
38235,40148,-,-,-,-
38236,40149,-,-,-,-
38237,40150,-,-,-,-
38238,40151,-,-,-,-
38239,40152,-,-,-,-
38240,40153,-,-,-,-
38241,40154,-,-,-,-
38242,40155,-,-,-,-
38243,40156,-,-,-,-
38244,40157,-,-,-,-
38245,40158,-,-,-,-
38246,40159,-,-,-,-
38247,40160,-,-,-,-
38248,40161,-,-,-,-
38249,40162,-,-,-,-
38250,40163,-,-,-,-
38251,40164,-,-,-,-
38252,40165,-,-,-,-
38253,40166,-,-,-,-
38254,40167,-,-,-,-
38255,40168,-,-,-,-
38256,40169,-,-,-,-
38257,40170,-,-,-,-
38258,40171,-,-,-,-
38259,40172,-,-,-,-
38260,40173,-,-,-,-
38261,40174,-,-,-,-
38262,40175,-,-,-,-
38263,40176,-,-,-,-
38264,40177,-,-,-,-
38265,40178,-,-,-,-
38266,40179,-,-,-,-
38267,40180,-,-,-,-
38268,40181,-,-,-,-
38269,40182,-,-,-,-
38270,40183,-,-,-,-
38271,40184,-,-,-,-
38272,40185,-,-,-,-
38273,40186,-,-,-,-
38274,40187,-,-,-,-
38275,40188,-,-,-,-
38276,40189,-,-,-,-
38277,40190,-,-,-,-
38278,40191,-,-,-,-
38279,40192,-,-,-,-
38280,40193,-,-,-,-
38281,40194,-,-,-,-
38282,40195,-,-,-,-
38283,40196,-,-,-,-
38284,40197,-,-,-,-
38285,40198,-,-,-,-
38286,40199,-,-,-,-
38287,40200,-,-,-,-
38288,40201,-,-,-,-
38289,40202,-,-,-,-
38290,40203,-,-,-,-
38291,40204,-,-,-,-
38292,40205,-,-,-,-
38293,40206,-,-,-,-
38294,40207,-,-,-,-
38295,40208,-,-,-,-
38296,40209,-,-,-,-
38297,40210,-,-,-,-
38298,40211,-,-,-,-
38299,40212,-,-,-,-
38300,40213,-,-,-,-
38301,40214,-,-,-,-
38302,40215,-,-,-,-
38303,40216,-,-,-,-
38304,40217,-,-,-,-
38305,40218,-,-,-,-
38306,40219,-,-,-,-
38307,40220,-,-,-,-
38308,40221,-,-,-,-
38309,40222,-,-,-,-
38310,40223,-,-,-,-
38311,40224,-,-,-,-
38312,40225,-,-,-,-
38313,40226,-,-,-,-
38314,40227,-,-,-,-
38315,40228,-,-,-,-
38316,40229,-,-,-,-
38317,40230,-,-,-,-
38318,40231,-,-,-,-
38319,40232,-,-,-,-
38320,40233,-,-,-,-
38321,40234,-,-,-,-
38322,40235,-,-,-,-
38323,40236,-,-,-,-
38324,40237,-,-,-,-
38325,40238,-,-,-,-
38326,40239,-,-,-,-
38327,40240,-,-,-,-
38328,40241,-,-,-,-
38329,40242,-,-,-,-
38330,40243,-,-,-,-
38331,40244,-,-,-,-
38332,40245,-,-,-,-
38333,40246,-,-,-,-
38334,40247,-,-,-,-
38335,40248,-,-,-,-
38336,40249,-,-,-,-
38337,40250,-,-,-,-
38338,40251,-,-,-,-
38339,40252,-,-,-,-
38340,40253,-,-,-,-
38341,40254,-,-,-,-
38342,40255,-,-,-,-
38343,40256,-,-,-,-
38344,40257,-,-,-,-
38345,40257,-,-,-,-
38346,40257,-,-,-,-
38347,40257,-,-,-,-
38348,40257,-,-,-,-
38349,40257,-,-,-,-
38350,40257,-,-,-,-
38351,40257,-,-,-,-
38352,40257,-,-,-,-
38353,40257,-,-,-,-
38354,40257,-,-,-,-
38355,40257,-,-,-,-
38356,40257,-,-,-,-
38357,40257,-,-,-,-
38358,40257,-,-,-,-
38359,40257,-,-,-,-
38360,40257,-,-,-,-
38361,40257,-,-,-,-
38362,40257,-,-,-,-
38363,40257,-,-,-,-
38364,40257,-,-,-,-
38365,40257,-,-,-,-
38366,40257,-,-,-,-
38367,40257,-,-,-,-
38368,40257,-,-,-,-
38369,40257,-,-,-,-
38370,40257,-,-,-,-
38371,40257,-,-,-,-
38372,40257,-,-,-,-
38373,40257,-,-,-,-
38374,40257,-,-,-,-
38375,40257,-,-,-,-
38376,40257,-,-,-,-
38377,40257,-,-,-,-
38378,40257,-,-,-,-
38379,40257,-,-,-,-
38380,40257,-,-,-,-
38381,40257,-,-,-,-
38382,40257,-,-,-,-
38383,40257,-,-,-,-
38384,40257,-,-,-,-
38385,40257,-,-,-,-
38386,40257,-,-,-,-
38387,40257,-,-,-,-
38388,40257,-,-,-,-
38389,40257,-,-,-,-
38390,40257,-,-,-,-
38391,40257,-,-,-,-
38392,40257,-,-,-,-
38393,40257,-,-,-,-
38394,40257,-,-,-,-
38395,40257,-,-,-,-
38396,40257,-,-,-,-
38397,40257,-,-,-,-
38398,40257,-,-,-,-
38399,40257,-,-,-,-
38400,40257,-,-,-,-
38401,40257,-,-,-,-
38402,40257,-,-,-,-
38403,40257,-,-,-,-
38404,40257,-,-,-,-
38405,40257,-,-,-,-
38406,40257,-,-,-,-
38407,40257,-,-,-,-
38408,40257,-,-,-,-
38409,40257,-,-,-,-
38410,40257,-,-,-,-
38411,40257,-,-,-,-
38412,40257,-,-,-,-
38413,40257,-,-,-,-
38414,40257,-,-,-,-
38415,40257,-,-,-,-
38416,40257,-,-,-,-
38417,40257,-,-,-,-
38418,40257,-,-,-,-
38419,40257,-,-,-,-
38420,40257,-,-,-,-
38421,40257,-,-,-,-
38422,40257,-,-,-,-
38423,40257,-,-,-,-
38424,40257,-,-,-,-
38425,40257,-,-,-,-
38426,40257,-,-,-,-
38427,40257,-,-,-,-
38428,40257,-,-,-,-
38429,40257,-,-,-,-
38430,40257,-,-,-,-
38431,40257,-,-,-,-
38432,40257,-,-,-,-
38433,40257,-,-,-,-
38434,40257,-,-,-,-
38435,40257,-,-,-,-
38436,40257,-,-,-,-
38437,40257,-,-,-,-
38438,40257,-,-,-,-
38439,40257,-,-,-,-
38440,40257,-,-,-,-
38441,40257,-,-,-,-
38442,40257,-,-,-,-
38443,40257,-,-,-,-
38444,40257,-,-,-,-
38445,40257,-,-,-,-
38446,40257,-,-,-,-
38447,40257,-,-,-,-
38448,40257,-,-,-,-
38449,40257,-,-,-,-
38450,40257,-,-,-,-
38451,40257,-,-,-,-
38452,40257,-,-,-,-
38453,40257,-,-,-,-
38454,40257,-,-,-,-
38455,40257,-,-,-,-
38456,40257,-,-,-,-
38457,40257,-,-,-,-
38458,40257,-,-,-,-
38459,40257,-,-,-,-
38460,40257,-,-,-,-
38461,40257,-,-,-,-
38462,40257,-,-,-,-
38463,40257,-,-,-,-
38464,40257,-,-,-,-
38465,40257,-,-,-,-
38466,40257,-,-,-,-
38467,40257,-,-,-,-
38468,40257,-,-,-,-
38469,40257,-,-,-,-
38470,40257,-,-,-,-
38471,40257,-,-,-,-
38472,40257,-,-,-,-
38473,40257,-,-,-,-
38474,40257,-,-,-,-
38475,40257,-,-,-,-
38476,40257,-,-,-,-
38477,40257,-,-,-,-
38478,40257,-,-,-,-
38479,40257,-,-,-,-
38480,40257,-,-,-,-
38481,40257,-,-,-,-
38482,40257,-,-,-,-
38483,40257,-,-,-,-
38484,40257,-,-,-,-
38485,40257,-,-,-,-
38486,40257,-,-,-,-
38487,40257,-,-,-,-
38488,40257,-,-,-,-
38489,40257,-,-,-,-
38490,40257,-,-,-,-
38491,40257,-,-,-,-
38492,40257,-,-,-,-
38493,40257,-,-,-,-
38494,40257,-,-,-,-
38495,40257,-,-,-,-
38496,40257,-,-,-,-
38497,40257,-,-,-,-
38498,40257,-,-,-,-
38499,40257,-,-,-,-
38500,40257,-,-,-,-
38501,40257,-,-,-,-
38502,40257,-,-,-,-
38503,40257,-,-,-,-
38504,40257,-,-,-,-
38505,40257,-,-,-,-
38506,40257,-,-,-,-
38507,40257,-,-,-,-
38508,40257,-,-,-,-
38509,40257,-,-,-,-
38510,40257,-,-,-,-
38511,40257,-,-,-,-
38512,40257,-,-,-,-
38513,40257,-,-,-,-
38514,40257,-,-,-,-
38515,40257,-,-,-,-
38516,40257,-,-,-,-
38517,40257,-,-,-,-
38518,40257,-,-,-,-
38519,40257,-,-,-,-
38520,40257,-,-,-,-
38521,40257,-,-,-,-
38522,40257,-,-,-,-
38523,40257,-,-,-,-
38524,40257,-,-,-,-
38525,40257,-,-,-,-
38526,40257,-,-,-,-
38527,40257,-,-,-,-
38528,40257,-,-,-,-
38529,40257,-,-,-,-
38530,40257,-,-,-,-
38531,40257,-,-,-,-
38532,40257,-,-,-,-
38533,40257,-,-,-,-
38534,40257,-,-,-,-
38535,40257,-,-,-,-
38536,40257,-,-,-,-
38537,40257,-,-,-,-
38538,40257,-,-,-,-
38539,40257,-,-,-,-
38540,40257,-,-,-,-
38541,40257,-,-,-,-
38542,40257,-,-,-,-
38543,40257,-,-,-,-
38544,40257,-,-,-,-
38545,40257,-,-,-,-
38546,40257,-,-,-,-
38547,40257,-,-,-,-
38548,40257,-,-,-,-
38549,40257,-,-,-,-
38550,40257,-,-,-,-
38551,40257,-,-,-,-
38552,40257,-,-,-,-
38553,40257,-,-,-,-
38554,40257,-,-,-,-
38555,40257,-,-,-,-
38556,40257,-,-,-,-
38557,40257,-,-,-,-
38558,40257,-,-,-,-
38559,40257,-,-,-,-
38560,40257,-,-,-,-
38561,40257,-,-,-,-
38562,40257,-,-,-,-
38563,40257,-,-,-,-
38564,40257,-,-,-,-
38565,40257,-,-,-,-
38566,40257,-,-,-,-
38567,40257,-,-,-,-
38568,40257,-,-,-,-
38569,40257,-,-,-,-
38570,40257,-,-,-,-
38571,40257,-,-,-,-
38572,40257,-,-,-,-
38573,40257,-,-,-,-
38574,40257,-,-,-,-
38575,40257,-,-,-,-
38576,40257,-,-,-,-
38577,40257,-,-,-,-
38578,40257,-,-,-,-
38579,40257,-,-,-,-
38580,40257,-,-,-,-
38581,40257,-,-,-,-
38582,40257,-,-,-,-
38583,40257,-,-,-,-
38584,40257,-,-,-,-
38585,40257,-,-,-,-
38586,40257,-,-,-,-
38587,40257,-,-,-,-
38588,40257,-,-,-,-
38589,40257,-,-,-,-
38590,40257,-,-,-,-
38591,40257,-,-,-,-
38592,40257,-,-,-,-
38593,40257,-,-,-,-
38594,40257,-,-,-,-
38595,40257,-,-,-,-
38596,40257,-,-,-,-
38597,40257,-,-,-,-
38598,40257,-,-,-,-
38599,40257,-,-,-,-
38600,40257,-,-,-,-
38601,40257,-,-,-,-
38602,40257,-,-,-,-
38603,40257,-,-,-,-
38604,40257,-,-,-,-
38605,40257,-,-,-,-
38606,40257,-,-,-,-
38607,40257,-,-,-,-
38608,40257,-,-,-,-
38609,40257,-,-,-,-
38610,40257,-,-,-,-
38611,40257,-,-,-,-
38612,40257,-,-,-,-
38613,40257,-,-,-,-
38614,40257,-,-,-,-
38615,40257,-,-,-,-
38616,40257,-,-,-,-
38617,40257,-,-,-,-
38618,40257,-,-,-,-
38619,40257,-,-,-,-
38620,40257,-,-,-,-
38621,40257,-,-,-,-
38622,40257,-,-,-,-
38623,40257,-,-,-,-
38624,40257,-,-,-,-
38625,40257,-,-,-,-
38626,40257,-,-,-,-
38627,40257,-,-,-,-
38628,40257,-,-,-,-
38629,40257,-,-,-,-
38630,40257,-,-,-,-
38631,40257,-,-,-,-
38632,40257,-,-,-,-
38633,40257,-,-,-,-
38634,40257,-,-,-,-
38635,40257,-,-,-,-
38636,40257,-,-,-,-
38637,40257,-,-,-,-
38638,40257,-,-,-,-
38639,40257,-,-,-,-
38640,40257,-,-,-,-
38641,40257,-,-,-,-
38642,40257,-,-,-,-
38643,40257,-,-,-,-
38644,40257,-,-,-,-
38645,40257,-,-,-,-
38646,40257,-,-,-,-
38647,40257,-,-,-,-
38648,40257,-,-,-,-
38649,40257,-,-,-,-
38650,40257,-,-,-,-
38651,40257,-,-,-,-
38652,40257,-,-,-,-
38653,40257,-,-,-,-
38654,40257,-,-,-,-
38655,40257,-,-,-,-
38656,40257,-,-,-,-
38657,40257,-,-,-,-
38658,40257,-,-,-,-
38659,40257,-,-,-,-
38660,40257,-,-,-,-
38661,40257,-,-,-,-
38662,40257,-,-,-,-
38663,40257,-,-,-,-
38664,40257,-,-,-,-
38665,40257,-,-,-,-
38666,40257,-,-,-,-
38667,40257,-,-,-,-
38668,40257,-,-,-,-
38669,40257,-,-,-,-
38670,40257,-,-,-,-
38671,40257,-,-,-,-
38672,40257,-,-,-,-
38673,40257,-,-,-,-
38674,40257,-,-,-,-
38675,40257,-,-,-,-
38676,40257,-,-,-,-
38677,40257,-,-,-,-
38678,40257,-,-,-,-
38679,40257,-,-,-,-
38680,40257,-,-,-,-
38681,40257,-,-,-,-
38682,40257,-,-,-,-
38683,40257,-,-,-,-
38684,40257,-,-,-,-
38685,40257,-,-,-,-
38686,40257,-,-,-,-
38687,40257,-,-,-,-
38688,40257,-,-,-,-
38689,40257,-,-,-,-
38690,40257,-,-,-,-
38691,40257,-,-,-,-
38692,40257,-,-,-,-
38693,40257,-,-,-,-
38694,40257,-,-,-,-
38695,40257,-,-,-,-
38696,40257,-,-,-,-
38697,40257,-,-,-,-
38698,40257,-,-,-,-
38699,40257,-,-,-,-
38700,40257,-,-,-,-
38701,40257,-,-,-,-
38702,40257,-,-,-,-
38703,40257,-,-,-,-
38704,40257,-,-,-,-
38705,40257,-,-,-,-
38706,40257,-,-,-,-
38707,40257,-,-,-,-
38708,40257,-,-,-,-
38709,40257,-,-,-,-
38710,40257,-,-,-,-
38711,40257,-,-,-,-
38712,40257,-,-,-,-
38713,40257,-,-,-,-
38714,40257,-,-,-,-
38715,40257,-,-,-,-
38716,40257,-,-,-,-
38717,40257,-,-,-,-
38718,40257,-,-,-,-
38719,40257,-,-,-,-
38720,40257,-,-,-,-
38721,40257,-,-,-,-
38722,40257,-,-,-,-
38723,40257,-,-,-,-
38724,40257,-,-,-,-
38725,40257,-,-,-,-
38726,40257,-,-,-,-
38727,40257,-,-,-,-
38728,40257,-,-,-,-
38729,40257,-,-,-,-
38730,40257,-,-,-,-
38731,40257,-,-,-,-
38732,40257,-,-,-,-
38733,40257,-,-,-,-
38734,40257,-,-,-,-
38735,40257,-,-,-,-
38736,40257,-,-,-,-
38737,40257,-,-,-,-
38738,40257,-,-,-,-
38739,40257,-,-,-,-
38740,40257,-,-,-,-
38741,40257,-,-,-,-
38742,40257,-,-,-,-
38743,40257,-,-,-,-
38744,40257,-,-,-,-
38745,40257,-,-,-,-
38746,40257,-,-,-,-
38747,40257,-,-,-,-
38748,40257,-,-,-,-
38749,40257,-,-,-,-
38750,40257,-,-,-,-
38751,40257,-,-,-,-
38752,40257,-,-,-,-
38753,40257,-,-,-,-
38754,40257,-,-,-,-
38755,40257,-,-,-,-
38756,40257,-,-,-,-
38757,40257,-,-,-,-
38758,40257,-,-,-,-
38759,40257,-,-,-,-
38760,40257,-,-,-,-
38761,40257,-,-,-,-
38762,40257,-,-,-,-
38763,40257,-,-,-,-
38764,40257,-,-,-,-
38765,40257,-,-,-,-
38766,40257,-,-,-,-
38767,40257,-,-,-,-
38768,40257,-,-,-,-
38769,40257,-,-,-,-
38770,40257,-,-,-,-
38771,40257,-,-,-,-
38772,40257,-,-,-,-
38773,40257,-,-,-,-
38774,40257,-,-,-,-
38775,40257,-,-,-,-
38776,40257,-,-,-,-
38777,40257,-,-,-,-
38778,40257,-,-,-,-
38779,40257,-,-,-,-
38780,40257,-,-,-,-
38781,40257,-,-,-,-
38782,40257,-,-,-,-
38783,40257,-,-,-,-
38784,40257,-,-,-,-
38785,40257,-,-,-,-
38786,40257,-,-,-,-
38787,40257,-,-,-,-
38788,40257,-,-,-,-
38789,40257,-,-,-,-
38790,40257,-,-,-,-
38791,40257,-,-,-,-
38792,40257,-,-,-,-
38793,40257,-,-,-,-
38794,40257,-,-,-,-
38795,40257,-,-,-,-
38796,40257,-,-,-,-
38797,40257,-,-,-,-
38798,40257,-,-,-,-
38799,40257,-,-,-,-
38800,40257,-,-,-,-
38801,40257,-,-,-,-
38802,40257,-,-,-,-
38803,40257,-,-,-,-
38804,40257,-,-,-,-
38805,40257,-,-,-,-
38806,40257,-,-,-,-
38807,40257,-,-,-,-
38808,40257,-,-,-,-
38809,40257,-,-,-,-
38810,40257,-,-,-,-
38811,40257,-,-,-,-
38812,40257,-,-,-,-
38813,40257,-,-,-,-
38814,40257,-,-,-,-
38815,40257,-,-,-,-
38816,40257,-,-,-,-
38817,40257,-,-,-,-
38818,40257,-,-,-,-
38819,40257,-,-,-,-
38820,40257,-,-,-,-
38821,40257,-,-,-,-
38822,40257,-,-,-,-
38823,40257,-,-,-,-
38824,40257,-,-,-,-
38825,40257,-,-,-,-
38826,40257,-,-,-,-
38827,40257,-,-,-,-
38828,40257,-,-,-,-
38829,40257,-,-,-,-
38830,40257,-,-,-,-
38831,40257,-,-,-,-
38832,40257,-,-,-,-
38833,40257,-,-,-,-
38834,40257,-,-,-,-
38835,40257,-,-,-,-
38836,40257,-,-,-,-
38837,40257,-,-,-,-
38838,40257,-,-,-,-
38839,40257,-,-,-,-
38840,40257,-,-,-,-
38841,40257,-,-,-,-
38842,40257,-,-,-,-
38843,40257,-,-,-,-
38844,40257,-,-,-,-
38845,40257,-,-,-,-
38846,40257,-,-,-,-
38847,40257,-,-,-,-
38848,40257,-,-,-,-
38849,40257,-,-,-,-
38850,40257,-,-,-,-
38851,40257,-,-,-,-
38852,40257,-,-,-,-
38853,40257,-,-,-,-
38854,40257,-,-,-,-
38855,40257,-,-,-,-
38856,40257,-,-,-,-
38857,40257,-,-,-,-
38858,40257,-,-,-,-
38859,40257,-,-,-,-
38860,40257,-,-,-,-
38861,40257,-,-,-,-
38862,40257,-,-,-,-
38863,40257,-,-,-,-
38864,40257,-,-,-,-
38865,40257,-,-,-,-
38866,40257,-,-,-,-
38867,40257,-,-,-,-
38868,40257,-,-,-,-
38869,40257,-,-,-,-
38870,40257,-,-,-,-
38871,40257,-,-,-,-
38872,40257,-,-,-,-
38873,40257,-,-,-,-
38874,40257,-,-,-,-
38875,40257,-,-,-,-
38876,40257,-,-,-,-
38877,40257,-,-,-,-
38878,40257,-,-,-,-
38879,40257,-,-,-,-
38880,40257,-,-,-,-
38881,40257,-,-,-,-
38882,40257,-,-,-,-
38883,40257,-,-,-,-
38884,40257,-,-,-,-
38885,40257,-,-,-,-
38886,40257,-,-,-,-
38887,40257,-,-,-,-
38888,40257,-,-,-,-
38889,40257,-,-,-,-
38890,40257,-,-,-,-
38891,40257,-,-,-,-
38892,40257,-,-,-,-
38893,40257,-,-,-,-
38894,40257,-,-,-,-
38895,40257,-,-,-,-
38896,40257,-,-,-,-
38897,40257,-,-,-,-
38898,40257,-,-,-,-
38899,40257,-,-,-,-
38900,40257,-,-,-,-
38901,40257,-,-,-,-
38902,40257,-,-,-,-
38903,40257,-,-,-,-
38904,40257,-,-,-,-
38905,40257,-,-,-,-
38906,40257,-,-,-,-
38907,40257,-,-,-,-
38908,40257,-,-,-,-
38909,40257,-,-,-,-
38910,40257,-,-,-,-
38911,40257,-,-,-,-
38912,40257,-,-,-,-
38913,40257,-,-,-,-
38914,40257,-,-,-,-
38915,40257,-,-,-,-
38916,40257,-,-,-,-
38917,40257,-,-,-,-
38918,40257,-,-,-,-
38919,40257,-,-,-,-
38920,40257,-,-,-,-
38921,40257,-,-,-,-
38922,40257,-,-,-,-
38923,40257,-,-,-,-
38924,40257,-,-,-,-
38925,40257,-,-,-,-
38926,40257,-,-,-,-
38927,40257,-,-,-,-
38928,40257,-,-,-,-
38929,40257,-,-,-,-
38930,40257,-,-,-,-
38931,40257,-,-,-,-
38932,40257,-,-,-,-
38933,40257,-,-,-,-
38934,40257,-,-,-,-
38935,40257,-,-,-,-
38936,40257,-,-,-,-
38937,40257,-,-,-,-
38938,40257,-,-,-,-
38939,40257,-,-,-,-
38940,40257,-,-,-,-
38941,40257,-,-,-,-
38942,40257,-,-,-,-
38943,40257,-,-,-,-
38944,40257,-,-,-,-
38945,40257,-,-,-,-
38946,40257,-,-,-,-
38947,40257,-,-,-,-
38948,40257,-,-,-,-
38949,40257,-,-,-,-
38950,40257,-,-,-,-
38951,40257,-,-,-,-
38952,40257,-,-,-,-
38953,40257,-,-,-,-
38954,40257,-,-,-,-
38955,40257,-,-,-,-
38956,40257,-,-,-,-
38957,40257,-,-,-,-
38958,40257,-,-,-,-
38959,40257,-,-,-,-
38960,40257,-,-,-,-
38961,40257,-,-,-,-
38962,40257,-,-,-,-
38963,40257,-,-,-,-
38964,40257,-,-,-,-
38965,40257,-,-,-,-
38966,40257,-,-,-,-
38967,40257,-,-,-,-
38968,40257,-,-,-,-
38969,40257,-,-,-,-
38970,40257,-,-,-,-
38971,40257,-,-,-,-
38972,40257,-,-,-,-
38973,40257,-,-,-,-
38974,40257,-,-,-,-
38975,40257,-,-,-,-
38976,40257,-,-,-,-
38977,40257,-,-,-,-
38978,40257,-,-,-,-
38979,40257,-,-,-,-
38980,40257,-,-,-,-
38981,40257,-,-,-,-
38982,40257,-,-,-,-
38983,40257,-,-,-,-
38984,40257,-,-,-,-
38985,40257,-,-,-,-
38986,40257,-,-,-,-
38987,40257,-,-,-,-
38988,40257,-,-,-,-
38989,40257,-,-,-,-
38990,40257,-,-,-,-
38991,40257,-,-,-,-
38992,40257,-,-,-,-
38993,40257,-,-,-,-
38994,40257,-,-,-,-
38995,40257,-,-,-,-
38996,40257,-,-,-,-
38997,40257,-,-,-,-
38998,40257,-,-,-,-
38999,40257,-,-,-,-
39000,40257,-,-,-,-
39001,40257,-,-,-,-
39002,40257,-,-,-,-
39003,40257,-,-,-,-
39004,40257,-,-,-,-
39005,40257,-,-,-,-
39006,40257,-,-,-,-
39007,40257,-,-,-,-
39008,40257,-,-,-,-
39009,40257,-,-,-,-
39010,40257,-,-,-,-
39011,40257,-,-,-,-
39012,40257,-,-,-,-
39013,40257,-,-,-,-
39014,40257,-,-,-,-
39015,40257,-,-,-,-
39016,40257,-,-,-,-
39017,40257,-,-,-,-
39018,40257,-,-,-,-
39019,40257,-,-,-,-
39020,40257,-,-,-,-
39021,40257,-,-,-,-
39022,40257,-,-,-,-
39023,40257,-,-,-,-
39024,40257,-,-,-,-
39025,40257,-,-,-,-
39026,40257,-,-,-,-
39027,40257,-,-,-,-
39028,40257,-,-,-,-
39029,40257,-,-,-,-
39030,40257,-,-,-,-
39031,40257,-,-,-,-
39032,40257,-,-,-,-
39033,40257,-,-,-,-
39034,40257,-,-,-,-
39035,40257,-,-,-,-
39036,40257,-,-,-,-
39037,40257,-,-,-,-
39038,40257,-,-,-,-
39039,40257,-,-,-,-
39040,40257,-,-,-,-
39041,40257,-,-,-,-
39042,40257,-,-,-,-
39043,40257,-,-,-,-
39044,40257,-,-,-,-
39045,40257,-,-,-,-
39046,40257,-,-,-,-
39047,40257,-,-,-,-
39048,40257,-,-,-,-
39049,40257,-,-,-,-
39050,40257,-,-,-,-
39051,40257,-,-,-,-
39052,40257,-,-,-,-
39053,40257,-,-,-,-
39054,40257,-,-,-,-
39055,40257,-,-,-,-
39056,40257,-,-,-,-
39057,40257,-,-,-,-
39058,40257,-,-,-,-
39059,40257,-,-,-,-
39060,40257,-,-,-,-
39061,40257,-,-,-,-
39062,40257,-,-,-,-
39063,40257,-,-,-,-
39064,40257,-,-,-,-
39065,40257,-,-,-,-
39066,40257,-,-,-,-
39067,40257,-,-,-,-
39068,40257,-,-,-,-
39069,40257,-,-,-,-
39070,40257,-,-,-,-
39071,40257,-,-,-,-
39072,40257,-,-,-,-
39073,40257,-,-,-,-
39074,40257,-,-,-,-
39075,40257,-,-,-,-
39076,40257,-,-,-,-
39077,40257,-,-,-,-
39078,40257,-,-,-,-
39079,40257,-,-,-,-
39080,40257,-,-,-,-
39081,40257,-,-,-,-
39082,40257,-,-,-,-
39083,40257,-,-,-,-
39084,40257,-,-,-,-
39085,40257,-,-,-,-
39086,40257,-,-,-,-
39087,40257,-,-,-,-
39088,40257,-,-,-,-
39089,40257,-,-,-,-
39090,40257,-,-,-,-
39091,40257,-,-,-,-
39092,40257,-,-,-,-
39093,40257,-,-,-,-
39094,40257,-,-,-,-
39095,40257,-,-,-,-
39096,40257,-,-,-,-
39097,40257,-,-,-,-
39098,40257,-,-,-,-
39099,40257,-,-,-,-
39100,40257,-,-,-,-
39101,40257,-,-,-,-
39102,40257,-,-,-,-
39103,40257,-,-,-,-
39104,40257,-,-,-,-
39105,40257,-,-,-,-
39106,40257,-,-,-,-
39107,40257,-,-,-,-
39108,40257,-,-,-,-
39109,40257,-,-,-,-
39110,40257,-,-,-,-
39111,40257,-,-,-,-
39112,40257,-,-,-,-
39113,40257,-,-,-,-
39114,40257,-,-,-,-
39115,40257,-,-,-,-
39116,40257,-,-,-,-
39117,40257,-,-,-,-
39118,40257,-,-,-,-
39119,40257,-,-,-,-
39120,40257,-,-,-,-
39121,40257,-,-,-,-
39122,40257,-,-,-,-
39123,40257,-,-,-,-
39124,40257,-,-,-,-
39125,40257,-,-,-,-
39126,40257,-,-,-,-
39127,40257,-,-,-,-
39128,40257,-,-,-,-
39129,40257,-,-,-,-
39130,40257,-,-,-,-
39131,40257,-,-,-,-
39132,40257,-,-,-,-
39133,40257,-,-,-,-
39134,40257,-,-,-,-
39135,40257,-,-,-,-
39136,40257,-,-,-,-
39137,40257,-,-,-,-
39138,40257,-,-,-,-
39139,40257,-,-,-,-
39140,40257,-,-,-,-
39141,40257,-,-,-,-
39142,40257,-,-,-,-
39143,40257,-,-,-,-
39144,40257,-,-,-,-
39145,40257,-,-,-,-
39146,40257,-,-,-,-
39147,40257,-,-,-,-
39148,40257,-,-,-,-
39149,40257,-,-,-,-
39150,40257,-,-,-,-
39151,40257,-,-,-,-
39152,40257,-,-,-,-
39153,40257,-,-,-,-
39154,40257,-,-,-,-
39155,40257,-,-,-,-
39156,40257,-,-,-,-
39157,40257,-,-,-,-
39158,40257,-,-,-,-
39159,40257,-,-,-,-
39160,40257,-,-,-,-
39161,40257,-,-,-,-
39162,40257,-,-,-,-
39163,40257,-,-,-,-
39164,40257,-,-,-,-
39165,40257,-,-,-,-
39166,40257,-,-,-,-
39167,40257,-,-,-,-
39168,40257,-,-,-,-
39169,40257,-,-,-,-
39170,40257,-,-,-,-
39171,40257,-,-,-,-
39172,40257,-,-,-,-
39173,40257,-,-,-,-
39174,40257,-,-,-,-
39175,40257,-,-,-,-
39176,40257,-,-,-,-
39177,40257,-,-,-,-
39178,40257,-,-,-,-
39179,40257,-,-,-,-
39180,40257,-,-,-,-
39181,40257,-,-,-,-
39182,40257,-,-,-,-
39183,40257,-,-,-,-
39184,40257,-,-,-,-
39185,40257,-,-,-,-
39186,40257,-,-,-,-
39187,40257,-,-,-,-
39188,40257,-,-,-,-
39189,40257,-,-,-,-
39190,40257,-,-,-,-
39191,40257,-,-,-,-
39192,40257,-,-,-,-
39193,40257,-,-,-,-
39194,40257,-,-,-,-
39195,40257,-,-,-,-
39196,40257,-,-,-,-
39197,40257,-,-,-,-
39198,40257,-,-,-,-
39199,40257,-,-,-,-
39200,40257,-,-,-,-
39201,40257,-,-,-,-
39202,40257,-,-,-,-
39203,40257,-,-,-,-
39204,40257,-,-,-,-
39205,40257,-,-,-,-
39206,40257,-,-,-,-
39207,40257,-,-,-,-
39208,40257,-,-,-,-
39209,40257,-,-,-,-
39210,40257,-,-,-,-
39211,40257,-,-,-,-
39212,40257,-,-,-,-
39213,40257,-,-,-,-
39214,40257,-,-,-,-
39215,40257,-,-,-,-
39216,40257,-,-,-,-
39217,40257,-,-,-,-
39218,40257,-,-,-,-
39219,40257,-,-,-,-
39220,40257,-,-,-,-
39221,40257,-,-,-,-
39222,40257,-,-,-,-
39223,40257,-,-,-,-
39224,40257,-,-,-,-
39225,40257,-,-,-,-
39226,40257,-,-,-,-
39227,40257,-,-,-,-
39228,40257,-,-,-,-
39229,40257,-,-,-,-
39230,40257,-,-,-,-
39231,40257,-,-,-,-
39232,40257,-,-,-,-
39233,40257,-,-,-,-
39234,40257,-,-,-,-
39235,40257,-,-,-,-
39236,40257,-,-,-,-
39237,40257,-,-,-,-
39238,40258,-,-,-,-
39239,40259,-,-,-,-
39240,40260,-,-,-,-
39241,40261,-,-,-,-
39242,40262,-,-,-,-
39243,40263,-,-,-,-
39244,40264,-,-,-,-
39245,40265,-,-,-,-
39246,40266,-,-,-,-
39247,40267,-,-,-,-
39248,40268,-,-,-,-
39249,40269,-,-,-,-
39250,40270,-,-,-,-
39251,40271,-,-,-,-
39252,40272,-,-,-,-
39253,40273,-,-,-,-
39254,40274,-,-,-,-
39255,40275,-,-,-,-
39256,40276,-,-,-,-
39257,40277,-,-,-,-
39258,40278,-,-,-,-
39259,40279,-,-,-,-
39260,40280,-,-,-,-
39261,40281,-,-,-,-
39262,40282,-,-,-,-
39263,40283,-,-,-,-
39264,40284,-,-,-,-
39265,40285,-,-,-,-
39266,40286,-,-,-,-
39267,40287,-,-,-,-
39268,40288,-,-,-,-
39269,40289,-,-,-,-
39270,40290,-,-,-,-
39271,40291,-,-,-,-
39272,40292,-,-,-,-
39273,40293,-,-,-,-
39274,40294,-,-,-,-
39275,40295,-,-,-,-
39276,40296,-,-,-,-
39277,40297,-,-,-,-
39278,40298,-,-,-,-
39279,40299,-,-,-,-
39280,40300,-,-,-,-
39281,40301,-,-,-,-
39282,40302,-,-,-,-
39283,40303,-,-,-,-
39284,40304,-,-,-,-
39285,40305,-,-,-,-
39286,40306,-,-,-,-
39287,40307,-,-,-,-
39288,40308,-,-,-,-
39289,40309,-,-,-,-
39290,40310,-,-,-,-
39291,40311,-,-,-,-
39292,40312,-,-,-,-
39293,40313,-,-,-,-
39294,40314,-,-,-,-
39295,40315,-,-,-,-
39296,40316,-,-,-,-
39297,40317,-,-,-,-
39298,40318,-,-,-,-
39299,40319,-,-,-,-
39300,40320,-,-,-,-
39301,40321,-,-,-,-
39302,40322,-,-,-,-
39303,40323,-,-,-,-
39304,40324,-,-,-,-
39305,40325,-,-,-,-
39306,40326,-,-,-,-
39307,40327,-,-,-,-
39308,40328,-,-,-,-
39309,40329,-,-,-,-
39310,40330,-,-,-,-
39311,40331,-,-,-,-
39312,40332,-,-,-,-
39313,40333,-,-,-,-
39314,40334,-,-,-,-
39315,40335,-,-,-,-
39316,40336,-,-,-,-
39317,40337,-,-,-,-
39318,40338,-,-,-,-
39319,40339,-,-,-,-
39320,40340,-,-,-,-
39321,40341,-,-,-,-
39322,40342,-,-,-,-
39323,40343,-,-,-,-
39324,40344,-,-,-,-
39325,40345,-,-,-,-
39326,40346,-,-,-,-
39327,40347,-,-,-,-
39328,40348,-,-,-,-
39329,40349,-,-,-,-
39330,40350,-,-,-,-
39331,40351,-,-,-,-
39332,40352,-,-,-,-
39333,40353,-,-,-,-
39334,40354,-,-,-,-
39335,40355,-,-,-,-
39336,40356,-,-,-,-
39337,40357,-,-,-,-
39338,40358,-,-,-,-
39339,40359,-,-,-,-
39340,40360,-,-,-,-
39341,40361,-,-,-,-
39342,40362,-,-,-,-
39343,40363,-,-,-,-
39344,40364,-,-,-,-
39345,40365,-,-,-,-
39346,40366,-,-,-,-
39347,40367,-,-,-,-
39348,40368,-,-,-,-
39349,40369,-,-,-,-
39350,40370,-,-,-,-
39351,40371,-,-,-,-
39352,40372,-,-,-,-
39353,40373,-,-,-,-
39354,40374,-,-,-,-
39355,40375,-,-,-,-
39356,40376,-,-,-,-
39357,40377,-,-,-,-
39358,40378,-,-,-,-
39359,40379,-,-,-,-
39360,40380,-,-,-,-
39361,40381,-,-,-,-
39362,40382,-,-,-,-
39363,40383,-,-,-,-
39364,40384,-,-,-,-
39365,40385,-,-,-,-
39366,40386,-,-,-,-
39367,40387,-,-,-,-
39368,40388,-,-,-,-
39369,40389,-,-,-,-
39370,40390,-,-,-,-
39371,40391,-,-,-,-
39372,40392,-,-,-,-
39373,40393,-,-,-,-
39374,40394,-,-,-,-
39375,40395,-,-,-,-
39376,40396,-,-,-,-
39377,40397,-,-,-,-
39378,40398,-,-,-,-
39379,40399,-,-,-,-
39380,40400,-,-,-,-
39381,40401,-,-,-,-
39382,40402,-,-,-,-
39383,40403,-,-,-,-
39384,40404,-,-,-,-
39385,40405,-,-,-,-
39386,40406,-,-,-,-
39387,40407,-,-,-,-
39388,40408,-,-,-,-
39389,40409,-,-,-,-
39390,40410,-,-,-,-
39391,40411,-,-,-,-
39392,40412,-,-,-,-
39393,40413,-,-,-,-
39394,40414,-,-,-,-
39395,40415,-,-,-,-
39396,40416,-,-,-,-
39397,40417,-,-,-,-
39398,40418,-,-,-,-
39399,40419,-,-,-,-
39400,40420,-,-,-,-
39401,40421,-,-,-,-
39402,40422,-,-,-,-
39403,40423,-,-,-,-
39404,40424,-,-,-,-
39405,40425,-,-,-,-
39406,40426,-,-,-,-
39407,40427,-,-,-,-
39408,40428,-,-,-,-
39409,40429,-,-,-,-
39410,40430,-,-,-,-
39411,40431,-,-,-,-
39412,40432,-,-,-,-
39413,40433,-,-,-,-
39414,40434,-,-,-,-
39415,40435,-,-,-,-
39416,40436,-,-,-,-
39417,40437,-,-,-,-
39418,40438,-,-,-,-
39419,40439,-,-,-,-
39420,40440,-,-,-,-
39421,40441,-,-,-,-
39422,40442,-,-,-,-
39423,40443,-,-,-,-
39424,40444,-,-,-,-
39425,40445,-,-,-,-
39426,40446,-,-,-,-
39427,40447,-,-,-,-
39428,40448,-,-,-,-
39429,40449,-,-,-,-
39430,40450,-,-,-,-
39431,40451,-,-,-,-
39432,40452,-,-,-,-
39433,40453,-,-,-,-
39434,40454,-,-,-,-
39435,40455,-,-,-,-
39436,40456,-,-,-,-
39437,40457,-,-,-,-
39438,40458,-,-,-,-
39439,40459,-,-,-,-
39440,40460,-,-,-,-
39441,40461,-,-,-,-
39442,40462,-,-,-,-
39443,40463,-,-,-,-
39444,40464,-,-,-,-
39445,40465,-,-,-,-
39446,40466,-,-,-,-
39447,40467,-,-,-,-
39448,40468,-,-,-,-
39449,40469,-,-,-,-
39450,40470,-,-,-,-
39451,40471,-,-,-,-
39452,40472,-,-,-,-
39453,40473,-,-,-,-
39454,40474,-,-,-,-
39455,40475,-,-,-,-
39456,40476,-,-,-,-
39457,40477,-,-,-,-
39458,40478,-,-,-,-
39459,40479,-,-,-,-
39460,40480,-,-,-,-
39461,40481,-,-,-,-
39462,40482,-,-,-,-
39463,40483,-,-,-,-
39464,40484,-,-,-,-
39465,40485,-,-,-,-
39466,40486,-,-,-,-
39467,40487,-,-,-,-
39468,40488,-,-,-,-
39469,40489,-,-,-,-
39470,40490,-,-,-,-
39471,40491,-,-,-,-
39472,40492,-,-,-,-
39473,40493,-,-,-,-
39474,40494,-,-,-,-
39475,40495,-,-,-,-
39476,40496,-,-,-,-
39477,40497,-,-,-,-
39478,40498,-,-,-,-
39479,40499,-,-,-,-
39480,40500,-,-,-,-
39481,40501,-,-,-,-
39482,40502,-,-,-,-
39483,40503,-,-,-,-
39484,40504,-,-,-,-
39485,40505,-,-,-,-
39486,40506,-,-,-,-
39487,40507,-,-,-,-
39488,40508,-,-,-,-
39489,40509,-,-,-,-
39490,40510,-,-,-,-
39491,40511,-,-,-,-
39492,40512,-,-,-,-
39493,40513,-,-,-,-
39494,40514,-,-,-,-
39495,40515,-,-,-,-
39496,40516,-,-,-,-
39497,40517,-,-,-,-
39498,40518,-,-,-,-
39499,40519,-,-,-,-
39500,40520,-,-,-,-
39501,40521,-,-,-,-
39502,40522,-,-,-,-
39503,40523,-,-,-,-
39504,40524,-,-,-,-
39505,40525,-,-,-,-
39506,40526,-,-,-,-
39507,40527,-,-,-,-
39508,40528,-,-,-,-
39509,40529,-,-,-,-
39510,40530,-,-,-,-
39511,40531,-,-,-,-
39512,40532,-,-,-,-
39513,40533,-,-,-,-
39514,40534,-,-,-,-
39515,40535,-,-,-,-
39516,40536,-,-,-,-
39517,40537,-,-,-,-
39518,40538,-,-,-,-
39519,40539,-,-,-,-
39520,40540,-,-,-,-
39521,40541,-,-,-,-
39522,40542,-,-,-,-
39523,40543,-,-,-,-
39524,40544,-,-,-,-
39525,40545,-,-,-,-
39526,40546,-,-,-,-
39527,40547,-,-,-,-
39528,40548,-,-,-,-
39529,40549,-,-,-,-
39530,40550,-,-,-,-
39531,40551,-,-,-,-
39532,40552,-,-,-,-
39533,40553,-,-,-,-
39534,40554,-,-,-,-
39535,40555,-,-,-,-
39536,40556,-,-,-,-
39537,40557,-,-,-,-
39538,40558,-,-,-,-
39539,40559,-,-,-,-
39540,40560,-,-,-,-
39541,40561,-,-,-,-
39542,40562,-,-,-,-
39543,40563,-,-,-,-
39544,40564,-,-,-,-
39545,40565,-,-,-,-
39546,40566,-,-,-,-
39547,40567,-,-,-,-
39548,40568,-,-,-,-
39549,40569,-,-,-,-
39550,40570,-,-,-,-
39551,40571,-,-,-,-
39552,40572,-,-,-,-
39553,40573,-,-,-,-
39554,40573,-,-,-,-
39555,40573,-,-,-,-
39556,40573,-,-,-,-
39557,40573,-,-,-,-
39558,40573,-,-,-,-
39559,40573,-,-,-,-
39560,40573,-,-,-,-
39561,40573,-,-,-,-
39562,40573,-,-,-,-
39563,40573,-,-,-,-
39564,40573,-,-,-,-
39565,40573,-,-,-,-
39566,40573,-,-,-,-
39567,40573,-,-,-,-
39568,40573,-,-,-,-
39569,40573,-,-,-,-
39570,40573,-,-,-,-
39571,40573,-,-,-,-
39572,40573,-,-,-,-
39573,40573,-,-,-,-
39574,40573,-,-,-,-
39575,40573,-,-,-,-
39576,40573,-,-,-,-
39577,40573,-,-,-,-
39578,40573,-,-,-,-
39579,40573,-,-,-,-
39580,40573,-,-,-,-
39581,40573,-,-,-,-
39582,40573,-,-,-,-
39583,40573,-,-,-,-
39584,40573,-,-,-,-
39585,40573,-,-,-,-
39586,40573,-,-,-,-
39587,40573,-,-,-,-
39588,40573,-,-,-,-
39589,40573,-,-,-,-
39590,40573,-,-,-,-
39591,40573,-,-,-,-
39592,40573,-,-,-,-
39593,40573,-,-,-,-
39594,40573,-,-,-,-
39595,40573,-,-,-,-
39596,40573,-,-,-,-
39597,40573,-,-,-,-
39598,40573,-,-,-,-
39599,40573,-,-,-,-
39600,40573,-,-,-,-
39601,40573,-,-,-,-
39602,40573,-,-,-,-
39603,40573,-,-,-,-
39604,40573,-,-,-,-
39605,40573,-,-,-,-
39606,40573,-,-,-,-
39607,40573,-,-,-,-
39608,40573,-,-,-,-
39609,40573,-,-,-,-
39610,40573,-,-,-,-
39611,40573,-,-,-,-
39612,40573,-,-,-,-
39613,40573,-,-,-,-
39614,40573,-,-,-,-
39615,40573,-,-,-,-
39616,40573,-,-,-,-
39617,40573,-,-,-,-
39618,40573,-,-,-,-
39619,40573,-,-,-,-
39620,40573,-,-,-,-
39621,40573,-,-,-,-
39622,40573,-,-,-,-
39623,40573,-,-,-,-
39624,40573,-,-,-,-
39625,40573,-,-,-,-
39626,40573,-,-,-,-
39627,40573,-,-,-,-
39628,40573,-,-,-,-
39629,40573,-,-,-,-
39630,40573,-,-,-,-
39631,40573,-,-,-,-
39632,40573,-,-,-,-
39633,40573,-,-,-,-
39634,40573,-,-,-,-
39635,40573,-,-,-,-
39636,40573,-,-,-,-
39637,40573,-,-,-,-
39638,40573,-,-,-,-
39639,40573,-,-,-,-
39640,40573,-,-,-,-
39641,40573,-,-,-,-
39642,40573,-,-,-,-
39643,40573,-,-,-,-
39644,40573,-,-,-,-
39645,40573,-,-,-,-
39646,40573,-,-,-,-
39647,40573,-,-,-,-
39648,40573,-,-,-,-
39649,40573,-,-,-,-
39650,40573,-,-,-,-
39651,40573,-,-,-,-
39652,40573,-,-,-,-
39653,40573,-,-,-,-
39654,40573,-,-,-,-
39655,40573,-,-,-,-
39656,40573,-,-,-,-
39657,40573,-,-,-,-
39658,40573,-,-,-,-
39659,40573,-,-,-,-
39660,40573,-,-,-,-
39661,40573,-,-,-,-
39662,40573,-,-,-,-
39663,40573,-,-,-,-
39664,40573,-,-,-,-
39665,40573,-,-,-,-
39666,40573,-,-,-,-
39667,40573,-,-,-,-
39668,40573,-,-,-,-
39669,40573,-,-,-,-
39670,40573,-,-,-,-
39671,40573,-,-,-,-
39672,40573,-,-,-,-
39673,40573,-,-,-,-
39674,40574,-,-,-,-
39675,40575,-,-,-,-
39676,40576,-,-,-,-
39677,40577,-,-,-,-
39678,40578,-,-,-,-
39679,40579,-,-,-,-
39680,40580,-,-,-,-
39681,40581,-,-,-,-
39682,40582,-,-,-,-
39683,40583,-,-,-,-
39684,40584,-,-,-,-
39685,40585,-,-,-,-
39686,40586,-,-,-,-
39687,40587,-,-,-,-
39688,40588,-,-,-,-
39689,40589,-,-,-,-
39690,40590,-,-,-,-
39691,40591,-,-,-,-
39692,40592,-,-,-,-
39693,40593,-,-,-,-
39694,40594,-,-,-,-
39695,40595,-,-,-,-
39696,40596,-,-,-,-
39697,40597,-,-,-,-
39698,40598,-,-,-,-
39699,40599,-,-,-,-
39700,40600,-,-,-,-
39701,40601,-,-,-,-
39702,40602,-,-,-,-
39703,40603,-,-,-,-
39704,40604,-,-,-,-
39705,40605,-,-,-,-
39706,40606,-,-,-,-
39707,40607,-,-,-,-
39708,40608,-,-,-,-
39709,40609,-,-,-,-
39710,40610,-,-,-,-
39711,40611,-,-,-,-
39712,40612,-,-,-,-
39713,40613,-,-,-,-
39714,40614,-,-,-,-
39715,40615,-,-,-,-
39716,40616,-,-,-,-
39717,40617,-,-,-,-
39718,40618,-,-,-,-
39719,40619,-,-,-,-
39720,40620,-,-,-,-
39721,40621,-,-,-,-
39722,40622,-,-,-,-
39723,40623,-,-,-,-
39724,40624,-,-,-,-
39725,40625,-,-,-,-
39726,40626,-,-,-,-
39727,40627,-,-,-,-
39728,40628,-,-,-,-
39729,40629,-,-,-,-
39730,40630,-,-,-,-
39731,40631,-,-,-,-
39732,40632,-,-,-,-
39733,40633,-,-,-,-
39734,40634,-,-,-,-
39735,40635,-,-,-,-
39736,40636,-,-,-,-
39737,40637,-,-,-,-
39738,40638,-,-,-,-
39739,40639,-,-,-,-
39740,40640,-,-,-,-
39741,40641,-,-,-,-
39742,40642,-,-,-,-
39743,40643,-,-,-,-
39744,40644,-,-,-,-
39745,40645,-,-,-,-
39746,40646,-,-,-,-
39747,40647,-,-,-,-
39748,40648,-,-,-,-
39749,40649,-,-,-,-
39750,40650,-,-,-,-
39751,40651,-,-,-,-
39752,40652,-,-,-,-
39753,40653,-,-,-,-
39754,40654,-,-,-,-
39755,40655,-,-,-,-
39756,40656,-,-,-,-
39757,40657,-,-,-,-
39758,40658,-,-,-,-
39759,40659,-,-,-,-
39760,40660,-,-,-,-
39761,40661,-,-,-,-
39762,40662,-,-,-,-
39763,40663,-,-,-,-
39764,40664,-,-,-,-
39765,40665,-,-,-,-
39766,40665,-,-,-,-
39767,40665,-,-,-,-
39768,40665,-,-,-,-
39769,40665,-,-,-,-
39770,40665,-,-,-,-
39771,40665,-,-,-,-
39772,40665,-,-,-,-
39773,40665,-,-,-,-
39774,40665,-,-,-,-
39775,40665,-,-,-,-
39776,40665,-,-,-,-
39777,40665,-,-,-,-
39778,40665,-,-,-,-
39779,40665,-,-,-,-
39780,40665,-,-,-,-
39781,40665,-,-,-,-
39782,40665,-,-,-,-
39783,40665,-,-,-,-
39784,40665,-,-,-,-
39785,40665,-,-,-,-
39786,40665,-,-,-,-
39787,40665,-,-,-,-
39788,40665,-,-,-,-
39789,40665,-,-,-,-
39790,40665,-,-,-,-
39791,40665,-,-,-,-
39792,40665,-,-,-,-
39793,40665,-,-,-,-
39794,40665,-,-,-,-
39795,40665,-,-,-,-
39796,40665,-,-,-,-
39797,40665,-,-,-,-
39798,40665,-,-,-,-
39799,40665,-,-,-,-
39800,40665,-,-,-,-
39801,40665,-,-,-,-
39802,40665,-,-,-,-
39803,40665,-,-,-,-
39804,40665,-,-,-,-
39805,40665,-,-,-,-
39806,40665,-,-,-,-
39807,40665,-,-,-,-
39808,40665,-,-,-,-
39809,40665,-,-,-,-
39810,40665,-,-,-,-
39811,40665,-,-,-,-
39812,40665,-,-,-,-
39813,40665,-,-,-,-
39814,40665,-,-,-,-
39815,40665,-,-,-,-
39816,40665,-,-,-,-
39817,40665,-,-,-,-
39818,40665,-,-,-,-
39819,40665,-,-,-,-
39820,40665,-,-,-,-
39821,40665,-,-,-,-
39822,40665,-,-,-,-
39823,40665,-,-,-,-
39824,40665,-,-,-,-
39825,40665,-,-,-,-
39826,40665,-,-,-,-
39827,40665,-,-,-,-
39828,40665,-,-,-,-
39829,40665,-,-,-,-
39830,40665,-,-,-,-
39831,40665,-,-,-,-
39832,40665,-,-,-,-
39833,40665,-,-,-,-
39834,40665,-,-,-,-
39835,40665,-,-,-,-
39836,40665,-,-,-,-
39837,40665,-,-,-,-
39838,40665,-,-,-,-
39839,40665,-,-,-,-
39840,40665,-,-,-,-
39841,40665,-,-,-,-
39842,40665,-,-,-,-
39843,40665,-,-,-,-
39844,40665,-,-,-,-
39845,40665,-,-,-,-
39846,40665,-,-,-,-
39847,40665,-,-,-,-
39848,40665,-,-,-,-
39849,40665,-,-,-,-
39850,40665,-,-,-,-
39851,40665,-,-,-,-
39852,40665,-,-,-,-
39853,40665,-,-,-,-
39854,40665,-,-,-,-
39855,40665,-,-,-,-
39856,40665,-,-,-,-
39857,40665,-,-,-,-
39858,40665,-,-,-,-
39859,40665,-,-,-,-
39860,40665,-,-,-,-
39861,40665,-,-,-,-
39862,40665,-,-,-,-
39863,40665,-,-,-,-
39864,40665,-,-,-,-
39865,40665,-,-,-,-
39866,40665,-,-,-,-
39867,40665,-,-,-,-
39868,40665,-,-,-,-
39869,40665,-,-,-,-
39870,40665,-,-,-,-
39871,40665,-,-,-,-
39872,40665,-,-,-,-
39873,40665,-,-,-,-
39874,40665,-,-,-,-
39875,40665,-,-,-,-
39876,40665,-,-,-,-
39877,40665,-,-,-,-
39878,40665,-,-,-,-
39879,40665,-,-,-,-
39880,40665,-,-,-,-
39881,40665,-,-,-,-
39882,40665,-,-,-,-
39883,40665,-,-,-,-
39884,40665,-,-,-,-
39885,40665,-,-,-,-
39886,40665,-,-,-,-
39887,40665,-,-,-,-
39888,40665,-,-,-,-
39889,40665,-,-,-,-
39890,40665,-,-,-,-
39891,40665,-,-,-,-
39892,40665,-,-,-,-
39893,40665,-,-,-,-
39894,40665,-,-,-,-
39895,40665,-,-,-,-
39896,40665,-,-,-,-
39897,40665,-,-,-,-
39898,40665,-,-,-,-
39899,40665,-,-,-,-
39900,40665,-,-,-,-
39901,40665,-,-,-,-
39902,40665,-,-,-,-
39903,40665,-,-,-,-
39904,40665,-,-,-,-
39905,40665,-,-,-,-
39906,40665,-,-,-,-
39907,40665,-,-,-,-
39908,40665,-,-,-,-
39909,40665,-,-,-,-
39910,40665,-,-,-,-
39911,40665,-,-,-,-
39912,40665,-,-,-,-
39913,40665,-,-,-,-
39914,40665,-,-,-,-
39915,40665,-,-,-,-
39916,40665,-,-,-,-
39917,40665,-,-,-,-
39918,40665,-,-,-,-
39919,40665,-,-,-,-
39920,40665,-,-,-,-
39921,40665,-,-,-,-
39922,40665,-,-,-,-
39923,40665,-,-,-,-
39924,40665,-,-,-,-
39925,40665,-,-,-,-
39926,40665,-,-,-,-
39927,40665,-,-,-,-
39928,40665,-,-,-,-
39929,40665,-,-,-,-
39930,40665,-,-,-,-
39931,40665,-,-,-,-
39932,40665,-,-,-,-
39933,40665,-,-,-,-
39934,40665,-,-,-,-
39935,40665,-,-,-,-
39936,40665,-,-,-,-
39937,40665,-,-,-,-
39938,40665,-,-,-,-
39939,40665,-,-,-,-
39940,40665,-,-,-,-
39941,40665,-,-,-,-
39942,40665,-,-,-,-
39943,40665,-,-,-,-
39944,40665,-,-,-,-
39945,40665,-,-,-,-
39946,40665,-,-,-,-
39947,40665,-,-,-,-
39948,40665,-,-,-,-
39949,40665,-,-,-,-
39950,40665,-,-,-,-
39951,40665,-,-,-,-
39952,40665,-,-,-,-
39953,40665,-,-,-,-
39954,40665,-,-,-,-
39955,40665,-,-,-,-
39956,40665,-,-,-,-
39957,40665,-,-,-,-
39958,40665,-,-,-,-
39959,40665,-,-,-,-
39960,40665,-,-,-,-
39961,40665,-,-,-,-
39962,40665,-,-,-,-
39963,40665,-,-,-,-
39964,40665,-,-,-,-
39965,40665,-,-,-,-
39966,40665,-,-,-,-
39967,40665,-,-,-,-
39968,40665,-,-,-,-
39969,40665,-,-,-,-
39970,40665,-,-,-,-
39971,40665,-,-,-,-
39972,40665,-,-,-,-
39973,40665,-,-,-,-
39974,40665,-,-,-,-
39975,40665,-,-,-,-
39976,40665,-,-,-,-
39977,40665,-,-,-,-
39978,40665,-,-,-,-
39979,40665,-,-,-,-
39980,40665,-,-,-,-
39981,40665,-,-,-,-
39982,40665,-,-,-,-
39983,40665,-,-,-,-
39984,40665,-,-,-,-
39985,40665,-,-,-,-
39986,40665,-,-,-,-
39987,40665,-,-,-,-
39988,40665,-,-,-,-
39989,40665,-,-,-,-
39990,40665,-,-,-,-
39991,40665,-,-,-,-
39992,40665,-,-,-,-
39993,40665,-,-,-,-
39994,40665,-,-,-,-
39995,40665,-,-,-,-
39996,40665,-,-,-,-
39997,40665,-,-,-,-
39998,40665,-,-,-,-
39999,40665,-,-,-,-
40000,40665,-,-,-,-
40001,40665,-,-,-,-
40002,40665,-,-,-,-
40003,40665,-,-,-,-
40004,40665,-,-,-,-
40005,40665,-,-,-,-
40006,40665,-,-,-,-
40007,40665,-,-,-,-
40008,40665,-,-,-,-
40009,40665,-,-,-,-
40010,40665,-,-,-,-
40011,40665,-,-,-,-
40012,40665,-,-,-,-
40013,40665,-,-,-,-
40014,40665,-,-,-,-
40015,40665,-,-,-,-
40016,40665,-,-,-,-
40017,40665,-,-,-,-
40018,40665,-,-,-,-
40019,40665,-,-,-,-
40020,40665,-,-,-,-
40021,40665,-,-,-,-
40022,40665,-,-,-,-
40023,40665,-,-,-,-
40024,40665,-,-,-,-
40025,40665,-,-,-,-
40026,40665,-,-,-,-
40027,40665,-,-,-,-
40028,40665,-,-,-,-
40029,40665,-,-,-,-
40030,40665,-,-,-,-
40031,40665,-,-,-,-
40032,40665,-,-,-,-
40033,40665,-,-,-,-
40034,40665,-,-,-,-
40035,40665,-,-,-,-
40036,40665,-,-,-,-
40037,40665,-,-,-,-
40038,40665,-,-,-,-
40039,40665,-,-,-,-
40040,40665,-,-,-,-
40041,40665,-,-,-,-
40042,40665,-,-,-,-
40043,40665,-,-,-,-
40044,40665,-,-,-,-
40045,40665,-,-,-,-
40046,40665,-,-,-,-
40047,40665,-,-,-,-
40048,40665,-,-,-,-
40049,40665,-,-,-,-
40050,40665,-,-,-,-
40051,40665,-,-,-,-
40052,40665,-,-,-,-
40053,40665,-,-,-,-
40054,40665,-,-,-,-
40055,40665,-,-,-,-
40056,40665,-,-,-,-
40057,40665,-,-,-,-
40058,40665,-,-,-,-
40059,40665,-,-,-,-
40060,40665,-,-,-,-
40061,40665,-,-,-,-
40062,40665,-,-,-,-
40063,40665,-,-,-,-
40064,40665,-,-,-,-
40065,40665,-,-,-,-
40066,40665,-,-,-,-
40067,40665,-,-,-,-
40068,40665,-,-,-,-
40069,40665,-,-,-,-
40070,40665,-,-,-,-
40071,40665,-,-,-,-
40072,40665,-,-,-,-
40073,40665,-,-,-,-
40074,40665,-,-,-,-
40075,40665,-,-,-,-
40076,40665,-,-,-,-
40077,40665,-,-,-,-
40078,40665,-,-,-,-
40079,40665,-,-,-,-
40080,40665,-,-,-,-
40081,40665,-,-,-,-
40082,40665,-,-,-,-
40083,40665,-,-,-,-
40084,40665,-,-,-,-
40085,40665,-,-,-,-
40086,40665,-,-,-,-
40087,40665,-,-,-,-
40088,40665,-,-,-,-
40089,40665,-,-,-,-
40090,40665,-,-,-,-
40091,40665,-,-,-,-
40092,40665,-,-,-,-
40093,40665,-,-,-,-
40094,40665,-,-,-,-
40095,40665,-,-,-,-
40096,40665,-,-,-,-
40097,40665,-,-,-,-
40098,40665,-,-,-,-
40099,40665,-,-,-,-
40100,40665,-,-,-,-
40101,40665,-,-,-,-
40102,40665,-,-,-,-
40103,40665,-,-,-,-
40104,40665,-,-,-,-
40105,40665,-,-,-,-
40106,40665,-,-,-,-
40107,40665,-,-,-,-
40108,40665,-,-,-,-
40109,40665,-,-,-,-
40110,40665,-,-,-,-
40111,40665,-,-,-,-
40112,40665,-,-,-,-
40113,40665,-,-,-,-
40114,40665,-,-,-,-
40115,40665,-,-,-,-
40116,40665,-,-,-,-
40117,40665,-,-,-,-
40118,40665,-,-,-,-
40119,40665,-,-,-,-
40120,40665,-,-,-,-
40121,40665,-,-,-,-
40122,40665,-,-,-,-
40123,40665,-,-,-,-
40124,40665,-,-,-,-
40125,40665,-,-,-,-
40126,40665,-,-,-,-
40127,40665,-,-,-,-
40128,40665,-,-,-,-
40129,40665,-,-,-,-
40130,40665,-,-,-,-
40131,40665,-,-,-,-
40132,40665,-,-,-,-
40133,40665,-,-,-,-
40134,40665,-,-,-,-
40135,40665,-,-,-,-
40136,40665,-,-,-,-
40137,40665,-,-,-,-
40138,40665,-,-,-,-
40139,40665,-,-,-,-
40140,40665,-,-,-,-
40141,40665,-,-,-,-
40142,40665,-,-,-,-
40143,40665,-,-,-,-
40144,40665,-,-,-,-
40145,40665,-,-,-,-
40146,40665,-,-,-,-
40147,40665,-,-,-,-
40148,40665,-,-,-,-
40149,40665,-,-,-,-
40150,40665,-,-,-,-
40151,40665,-,-,-,-
40152,40665,-,-,-,-
40153,40665,-,-,-,-
40154,40665,-,-,-,-
40155,40665,-,-,-,-
40156,40665,-,-,-,-
40157,40665,-,-,-,-
40158,40665,-,-,-,-
40159,40665,-,-,-,-
40160,40665,-,-,-,-
40161,40665,-,-,-,-
40162,40665,-,-,-,-
40163,40665,-,-,-,-
40164,40665,-,-,-,-
40165,40665,-,-,-,-
40166,40665,-,-,-,-
40167,40665,-,-,-,-
40168,40665,-,-,-,-
40169,40665,-,-,-,-
40170,40665,-,-,-,-
40171,40665,-,-,-,-
40172,40665,-,-,-,-
40173,40665,-,-,-,-
40174,40665,-,-,-,-
40175,40665,-,-,-,-
40176,40665,-,-,-,-
40177,40665,-,-,-,-
40178,40665,-,-,-,-
40179,40665,-,-,-,-
40180,40665,-,-,-,-
40181,40665,-,-,-,-
40182,40665,-,-,-,-
40183,40665,-,-,-,-
40184,40665,-,-,-,-
40185,40665,-,-,-,-
40186,40665,-,-,-,-
40187,40665,-,-,-,-
40188,40665,-,-,-,-
40189,40665,-,-,-,-
40190,40665,-,-,-,-
40191,40665,-,-,-,-
40192,40665,-,-,-,-
40193,40665,-,-,-,-
40194,40665,-,-,-,-
40195,40665,-,-,-,-
40196,40665,-,-,-,-
40197,40665,-,-,-,-
40198,40665,-,-,-,-
40199,40665,-,-,-,-
40200,40665,-,-,-,-
40201,40665,-,-,-,-
40202,40665,-,-,-,-
40203,40665,-,-,-,-
40204,40665,-,-,-,-
40205,40665,-,-,-,-
40206,40665,-,-,-,-
40207,40665,-,-,-,-
40208,40665,-,-,-,-
40209,40665,-,-,-,-
40210,40665,-,-,-,-
40211,40665,-,-,-,-
40212,40665,-,-,-,-
40213,40665,-,-,-,-
40214,40665,-,-,-,-
40215,40665,-,-,-,-
40216,40665,-,-,-,-
40217,40665,-,-,-,-
40218,40665,-,-,-,-
40219,40665,-,-,-,-
40220,40665,-,-,-,-
40221,40665,-,-,-,-
40222,40665,-,-,-,-
40223,40665,-,-,-,-
40224,40665,-,-,-,-
40225,40665,-,-,-,-
40226,40665,-,-,-,-
40227,40665,-,-,-,-
40228,40665,-,-,-,-
40229,40665,-,-,-,-
40230,40665,-,-,-,-
40231,40665,-,-,-,-
40232,40665,-,-,-,-
40233,40665,-,-,-,-
40234,40665,-,-,-,-
40235,40665,-,-,-,-
40236,40665,-,-,-,-
40237,40665,-,-,-,-
40238,40665,-,-,-,-
40239,40665,-,-,-,-
40240,40665,-,-,-,-
40241,40665,-,-,-,-
40242,40665,-,-,-,-
40243,40665,-,-,-,-
40244,40665,-,-,-,-
40245,40665,-,-,-,-
40246,40665,-,-,-,-
40247,40665,-,-,-,-
40248,40665,-,-,-,-
40249,40665,-,-,-,-
40250,40665,-,-,-,-
40251,40665,-,-,-,-
40252,40665,-,-,-,-
40253,40665,-,-,-,-
40254,40665,-,-,-,-
40255,40665,-,-,-,-
40256,40665,-,-,-,-
40257,40665,-,-,-,-
40258,40665,-,-,-,-
40259,40665,-,-,-,-
40260,40665,-,-,-,-
40261,40665,-,-,-,-
40262,40665,-,-,-,-
40263,40665,-,-,-,-
40264,40665,-,-,-,-
40265,40665,-,-,-,-
40266,40665,-,-,-,-
40267,40665,-,-,-,-
40268,40665,-,-,-,-
40269,40665,-,-,-,-
40270,40665,-,-,-,-
40271,40665,-,-,-,-
40272,40665,-,-,-,-
40273,40665,-,-,-,-
40274,40665,-,-,-,-
40275,40665,-,-,-,-
40276,40665,-,-,-,-
40277,40665,-,-,-,-
40278,40665,-,-,-,-
40279,40665,-,-,-,-
40280,40665,-,-,-,-
40281,40665,-,-,-,-
40282,40665,-,-,-,-
40283,40665,-,-,-,-
40284,40665,-,-,-,-
40285,40665,-,-,-,-
40286,40665,-,-,-,-
40287,40665,-,-,-,-
40288,40665,-,-,-,-
40289,40665,-,-,-,-
40290,40665,-,-,-,-
40291,40665,-,-,-,-
40292,40665,-,-,-,-
40293,40665,-,-,-,-
40294,40665,-,-,-,-
40295,40665,-,-,-,-
40296,40665,-,-,-,-
40297,40665,-,-,-,-
40298,40665,-,-,-,-
40299,40665,-,-,-,-
40300,40665,-,-,-,-
40301,40665,-,-,-,-
40302,40665,-,-,-,-
40303,40665,-,-,-,-
40304,40665,-,-,-,-
40305,40665,-,-,-,-
40306,40665,-,-,-,-
40307,40665,-,-,-,-
40308,40665,-,-,-,-
40309,40665,-,-,-,-
40310,40665,-,-,-,-
40311,40665,-,-,-,-
40312,40665,-,-,-,-
40313,40665,-,-,-,-
40314,40665,-,-,-,-
40315,40665,-,-,-,-
40316,40665,-,-,-,-
40317,40665,-,-,-,-
40318,40665,-,-,-,-
40319,40665,-,-,-,-
40320,40665,-,-,-,-
40321,40665,-,-,-,-
40322,40665,-,-,-,-
40323,40665,-,-,-,-
40324,40665,-,-,-,-
40325,40665,-,-,-,-
40326,40665,-,-,-,-
40327,40665,-,-,-,-
40328,40665,-,-,-,-
40329,40665,-,-,-,-
40330,40665,-,-,-,-
40331,40665,-,-,-,-
40332,40665,-,-,-,-
40333,40665,-,-,-,-
40334,40665,-,-,-,-
40335,40665,-,-,-,-
40336,40665,-,-,-,-
40337,40665,-,-,-,-
40338,40665,-,-,-,-
40339,40665,-,-,-,-
40340,40665,-,-,-,-
40341,40665,-,-,-,-
40342,40665,-,-,-,-
40343,40665,-,-,-,-
40344,40665,-,-,-,-
40345,40665,-,-,-,-
40346,40665,-,-,-,-
40347,40665,-,-,-,-
40348,40665,-,-,-,-
40349,40665,-,-,-,-
40350,40665,-,-,-,-
40351,40665,-,-,-,-
40352,40665,-,-,-,-
40353,40665,-,-,-,-
40354,40665,-,-,-,-
40355,40665,-,-,-,-
40356,40665,-,-,-,-
40357,40665,-,-,-,-
40358,40665,-,-,-,-
40359,40665,-,-,-,-
40360,40665,-,-,-,-
40361,40665,-,-,-,-
40362,40665,-,-,-,-
40363,40665,-,-,-,-
40364,40665,-,-,-,-
40365,40665,-,-,-,-
40366,40665,-,-,-,-
40367,40665,-,-,-,-
40368,40665,-,-,-,-
40369,40665,-,-,-,-
40370,40665,-,-,-,-
40371,40665,-,-,-,-
40372,40665,-,-,-,-
40373,40665,-,-,-,-
40374,40665,-,-,-,-
40375,40665,-,-,-,-
40376,40665,-,-,-,-
40377,40665,-,-,-,-
40378,40665,-,-,-,-
40379,40665,-,-,-,-
40380,40665,-,-,-,-
40381,40665,-,-,-,-
40382,40665,-,-,-,-
40383,40665,-,-,-,-
40384,40665,-,-,-,-
40385,40665,-,-,-,-
40386,40665,-,-,-,-
40387,40665,-,-,-,-
40388,40665,-,-,-,-
40389,40665,-,-,-,-
40390,40665,-,-,-,-
40391,40665,-,-,-,-
40392,40665,-,-,-,-
40393,40665,-,-,-,-
40394,40665,-,-,-,-
40395,40665,-,-,-,-
40396,40665,-,-,-,-
40397,40665,-,-,-,-
40398,40665,-,-,-,-
40399,40665,-,-,-,-
40400,40665,-,-,-,-
40401,40665,-,-,-,-
40402,40665,-,-,-,-
40403,40665,-,-,-,-
40404,40665,-,-,-,-
40405,40665,-,-,-,-
40406,40665,-,-,-,-
40407,40665,-,-,-,-
40408,40665,-,-,-,-
40409,40665,-,-,-,-
40410,40665,-,-,-,-
40411,40665,-,-,-,-
40412,40665,-,-,-,-
40413,40665,-,-,-,-
40414,40665,-,-,-,-
40415,40665,-,-,-,-
40416,40665,-,-,-,-
40417,40665,-,-,-,-
40418,40665,-,-,-,-
40419,40665,-,-,-,-
40420,40665,-,-,-,-
40421,40665,-,-,-,-
40422,40665,-,-,-,-
40423,40665,-,-,-,-
40424,40665,-,-,-,-
40425,40665,-,-,-,-
40426,40665,-,-,-,-
40427,40665,-,-,-,-
40428,40665,-,-,-,-
40429,40665,-,-,-,-
40430,40665,-,-,-,-
40431,40665,-,-,-,-
40432,40665,-,-,-,-
40433,40665,-,-,-,-
40434,40665,-,-,-,-
40435,40665,-,-,-,-
40436,40665,-,-,-,-
40437,40665,-,-,-,-
40438,40665,-,-,-,-
40439,40665,-,-,-,-
40440,40665,-,-,-,-
40441,40665,-,-,-,-
40442,40665,-,-,-,-
40443,40665,-,-,-,-
40444,40665,-,-,-,-
40445,40665,-,-,-,-
40446,40665,-,-,-,-
40447,40665,-,-,-,-
40448,40665,-,-,-,-
40449,40665,-,-,-,-
40450,40665,-,-,-,-
40451,40665,-,-,-,-
40452,40665,-,-,-,-
40453,40665,-,-,-,-
40454,40665,-,-,-,-
40455,40665,-,-,-,-
40456,40665,-,-,-,-
40457,40665,-,-,-,-
40458,40665,-,-,-,-
40459,40665,-,-,-,-
40460,40665,-,-,-,-
40461,40665,-,-,-,-
40462,40665,-,-,-,-
40463,40665,-,-,-,-
40464,40665,-,-,-,-
40465,40665,-,-,-,-
40466,40665,-,-,-,-
40467,40665,-,-,-,-
40468,40665,-,-,-,-
40469,40665,-,-,-,-
40470,40665,-,-,-,-
40471,40665,-,-,-,-
40472,40665,-,-,-,-
40473,40665,-,-,-,-
40474,40665,-,-,-,-
40475,40665,-,-,-,-
40476,40665,-,-,-,-
40477,40665,-,-,-,-
40478,40665,-,-,-,-
40479,40665,-,-,-,-
40480,40665,-,-,-,-
40481,40665,-,-,-,-
40482,40665,-,-,-,-
40483,40665,-,-,-,-
40484,40665,-,-,-,-
40485,40665,-,-,-,-
40486,40665,-,-,-,-
40487,40665,-,-,-,-
40488,40665,-,-,-,-
40489,40665,-,-,-,-
40490,40665,-,-,-,-
40491,40665,-,-,-,-
40492,40665,-,-,-,-
40493,40665,-,-,-,-
40494,40665,-,-,-,-
40495,40665,-,-,-,-
40496,40665,-,-,-,-
40497,40665,-,-,-,-
40498,40665,-,-,-,-
40499,40665,-,-,-,-
40500,40665,-,-,-,-
40501,40665,-,-,-,-
40502,40665,-,-,-,-
40503,40665,-,-,-,-
40504,40665,-,-,-,-
40505,40665,-,-,-,-
40506,40665,-,-,-,-
40507,40665,-,-,-,-
40508,40665,-,-,-,-
40509,40665,-,-,-,-
40510,40665,-,-,-,-
40511,40665,-,-,-,-
40512,40665,-,-,-,-
40513,40665,-,-,-,-
40514,40665,-,-,-,-
40515,40665,-,-,-,-
40516,40665,-,-,-,-
40517,40665,-,-,-,-
40518,40665,-,-,-,-
40519,40665,-,-,-,-
40520,40665,-,-,-,-
40521,40665,-,-,-,-
40522,40665,-,-,-,-
40523,40665,-,-,-,-
40524,40665,-,-,-,-
40525,40665,-,-,-,-
40526,40665,-,-,-,-
40527,40665,-,-,-,-
40528,40665,-,-,-,-
40529,40665,-,-,-,-
40530,40665,-,-,-,-
40531,40665,-,-,-,-
40532,40665,-,-,-,-
40533,40665,-,-,-,-
40534,40665,-,-,-,-
40535,40665,-,-,-,-
40536,40665,-,-,-,-
40537,40665,-,-,-,-
40538,40665,-,-,-,-
40539,40665,-,-,-,-
40540,40665,-,-,-,-
40541,40665,-,-,-,-
40542,40665,-,-,-,-
40543,40665,-,-,-,-
40544,40665,-,-,-,-
40545,40665,-,-,-,-
40546,40665,-,-,-,-
40547,40665,-,-,-,-
40548,40665,-,-,-,-
40549,40665,-,-,-,-
40550,40665,-,-,-,-
40551,40665,-,-,-,-
40552,40665,-,-,-,-
40553,40665,-,-,-,-
40554,40665,-,-,-,-
40555,40665,-,-,-,-
40556,40665,-,-,-,-
40557,40665,-,-,-,-
40558,40665,-,-,-,-
40559,40665,-,-,-,-
40560,40665,-,-,-,-
40561,40665,-,-,-,-
40562,40665,-,-,-,-
40563,40665,-,-,-,-
40564,40665,-,-,-,-
40565,40665,-,-,-,-
40566,40665,-,-,-,-
40567,40665,-,-,-,-
40568,40665,-,-,-,-
40569,40665,-,-,-,-
40570,40665,-,-,-,-
40571,40665,-,-,-,-
40572,40665,-,-,-,-
40573,40665,-,-,-,-
40574,40665,-,-,-,-
40575,40665,-,-,-,-
40576,40665,-,-,-,-
40577,40665,-,-,-,-
40578,40665,-,-,-,-
40579,40665,-,-,-,-
40580,40665,-,-,-,-
40581,40665,-,-,-,-
40582,40665,-,-,-,-
40583,40665,-,-,-,-
40584,40665,-,-,-,-
40585,40665,-,-,-,-
40586,40665,-,-,-,-
40587,40665,-,-,-,-
40588,40665,-,-,-,-
40589,40665,-,-,-,-
40590,40665,-,-,-,-
40591,40665,-,-,-,-
40592,40665,-,-,-,-
40593,40665,-,-,-,-
40594,40665,-,-,-,-
40595,40665,-,-,-,-
40596,40665,-,-,-,-
40597,40665,-,-,-,-
40598,40665,-,-,-,-
40599,40665,-,-,-,-
40600,40665,-,-,-,-
40601,40665,-,-,-,-
40602,40665,-,-,-,-
40603,40665,-,-,-,-
40604,40665,-,-,-,-
40605,40665,-,-,-,-
40606,40665,-,-,-,-
40607,40665,-,-,-,-
40608,40665,-,-,-,-
40609,40665,-,-,-,-
40610,40665,-,-,-,-
40611,40665,-,-,-,-
40612,40665,-,-,-,-
40613,40665,-,-,-,-
40614,40665,-,-,-,-
40615,40665,-,-,-,-
40616,40665,-,-,-,-
40617,40665,-,-,-,-
40618,40665,-,-,-,-
40619,40665,-,-,-,-
40620,40665,-,-,-,-
40621,40665,-,-,-,-
40622,40665,-,-,-,-
40623,40665,-,-,-,-
40624,40665,-,-,-,-
40625,40665,-,-,-,-
40626,40665,-,-,-,-
40627,40665,-,-,-,-
40628,40665,-,-,-,-
40629,40665,-,-,-,-
40630,40665,-,-,-,-
40631,40665,-,-,-,-
40632,40665,-,-,-,-
40633,40665,-,-,-,-
40634,40665,-,-,-,-
40635,40665,-,-,-,-
40636,40665,-,-,-,-
40637,40665,-,-,-,-
40638,40665,-,-,-,-
40639,40665,-,-,-,-
40640,40665,-,-,-,-
40641,40665,-,-,-,-
40642,40665,-,-,-,-
40643,40665,-,-,-,-
40644,40665,-,-,-,-
40645,40665,-,-,-,-
40646,40665,-,-,-,-
40647,40665,-,-,-,-
40648,40665,-,-,-,-
40649,40665,-,-,-,-
40650,40665,-,-,-,-
40651,40665,-,-,-,-
40652,40665,-,-,-,-
40653,40665,-,-,-,-
40654,40665,-,-,-,-
40655,40665,-,-,-,-
40656,40665,-,-,-,-
40657,40665,-,-,-,-
40658,40665,-,-,-,-
40659,40665,-,-,-,-
40660,40665,-,-,-,-
40661,40665,-,-,-,-
40662,40665,-,-,-,-
40663,40665,-,-,-,-
40664,40665,-,-,-,-
40665,40665,-,-,-,-
