66687.96782432988
2372
