path_ref,path_query,path_distance,ref_x,ref_y,query_x,query_y
0,0,39.60065626153051,936.3021638173003,562.5342077060476,928.2,542.2
1,0,39.60065626153051,936.3021638173003,562.5342077060476,928.2,542.2
2,0,39.60065626153051,936.3021638173003,562.5342077060476,928.2,542.2
3,0,39.60065626153051,936.3021638173003,562.5342077060476,928.2,542.2
4,0,39.60065626153051,936.3021638173003,562.5342077060476,928.2,542.2
5,0,39.60065626153051,936.3021638173003,562.5342077060476,928.2,542.2
6,0,39.60065626153051,936.3021638173003,562.5342077060476,928.2,542.2
7,0,39.60065626153051,936.3021638173003,562.5342077060476,928.2,542.2
8,0,39.60065626153051,936.3021638173003,562.5342077060476,928.2,542.2
9,1,39.60065626153051,936.3021638173003,562.5342077060476,928.2,542.2
10,2,39.60065626153051,936.3021638173003,562.5342077060476,928.2,542.2
11,3,39.60065626153051,936.3021638173003,562.5342077060476,928.2,542.2
12,4,39.60065626153051,936.3021638173003,562.5342077060476,928.2,542.2
13,5,39.60065626153051,936.3021638173003,562.5342077060476,928.2,542.2
14,6,39.60065626153051,936.3021638173003,562.5342077060476,928.2,542.2
15,7,39.60065626153051,936.3021638173003,562.5342077060476,928.2,542.2
16,8,39.60065626153051,936.3021638173003,562.5342077060476,928.2,542.2
17,9,39.60065626153051,936.3021638173003,562.5342077060476,928.2,542.2
18,10,39.60065626153051,936.3021638173003,562.5342077060476,928.2,542.2
19,11,39.60065626153051,936.3021638173003,562.5342077060476,928.2,542.2
20,12,39.60065626153051,936.3021638173003,562.5342077060476,928.2,542.2
21,13,39.60065626153051,936.3021638173003,562.5342077060476,928.2,542.2
22,14,39.60065626153051,936.3021638173003,562.5342077060476,928.2,542.2
23,15,39.60065626153051,936.3021638173003,562.5342077060476,928.2,542.2
24,16,44.026128786922776,943.3021638173003,558.5342077060476,928.2,542.2
25,17,44.026128786922776,943.3021638173003,558.5342077060476,928.2,542.2
26,18,44.026128786922776,943.3021638173003,558.5342077060476,928.2,542.2
27,19,44.026128786922776,943.3021638173003,558.5342077060476,928.2,542.2
28,20,44.026128786922776,943.3021638173003,558.5342077060476,928.2,542.2
29,21,44.026128786922776,943.3021638173003,558.5342077060476,928.2,542.2
30,22,44.026128786922776,943.3021638173003,558.5342077060476,928.2,542.2
31,23,44.026128786922776,943.3021638173003,558.5342077060476,928.2,542.2
32,24,52.32955762002296,950.3021638173003,554.5342077060476,928.2,542.2
33,25,52.32955762002296,950.3021638173003,554.5342077060476,928.2,542.2
34,26,52.32955762002296,950.3021638173003,554.5342077060476,928.2,542.2
35,27,52.32955762002296,950.3021638173003,554.5342077060476,928.2,542.2
36,28,52.32955762002296,950.3021638173003,554.5342077060476,928.2,542.2
37,29,52.32955762002296,950.3021638173003,554.5342077060476,928.2,542.2
38,30,52.32955762002296,950.3021638173003,554.5342077060476,928.2,542.2
39,31,71.67760267824431,957.3021638173003,550.5342077060476,928.2,542.2
40,32,71.67760267824431,957.3021638173003,550.5342077060476,928.2,542.2
41,33,71.67760267824431,957.3021638173003,550.5342077060476,928.2,542.2
42,34,71.67760267824431,957.3021638173003,550.5342077060476,928.2,542.2
43,35,71.67760267824431,957.3021638173003,550.5342077060476,928.2,542.2
44,36,71.67760267824431,957.3021638173003,550.5342077060476,928.2,542.2
45,37,71.67760267824431,957.3021638173003,550.5342077060476,928.2,542.2
46,38,71.67760267824431,957.3021638173003,550.5342077060476,928.2,542.2
47,39,71.67760267824431,957.3021638173003,550.5342077060476,928.2,542.2
48,40,121.178236697318,965.3021638173003,547.5342077060476,928.2,542.2
49,41,121.178236697318,965.3021638173003,547.5342077060476,928.2,542.2
50,42,121.178236697318,965.3021638173003,547.5342077060476,928.2,542.2
51,43,121.178236697318,965.3021638173003,547.5342077060476,928.2,542.2
52,44,121.178236697318,965.3021638173003,547.5342077060476,928.2,542.2
53,45,121.178236697318,965.3021638173003,547.5342077060476,928.2,542.2
54,46,121.178236697318,965.3021638173003,547.5342077060476,928.2,542.2
55,47,121.178236697318,965.3021638173003,547.5342077060476,928.2,542.2
56,48,121.178236697318,965.3021638173003,547.5342077060476,928.2,542.2
57,49,121.178236697318,965.3021638173003,547.5342077060476,928.2,542.2
58,50,121.178236697318,965.3021638173003,547.5342077060476,928.2,542.2
59,51,121.178236697318,965.3021638173003,547.5342077060476,928.2,542.2
60,52,121.178236697318,965.3021638173003,547.5342077060476,928.2,542.2
61,53,121.178236697318,965.3021638173003,547.5342077060476,928.2,542.2
62,54,121.178236697318,965.3021638173003,547.5342077060476,928.2,542.2
63,55,121.178236697318,965.3021638173003,547.5342077060476,928.2,542.2
64,56,121.178236697318,965.3021638173003,547.5342077060476,928.2,542.2
65,57,121.178236697318,965.3021638173003,547.5342077060476,928.2,542.2
66,58,121.178236697318,965.3021638173003,547.5342077060476,928.2,542.2
67,59,121.178236697318,965.3021638173003,547.5342077060476,928.2,542.2
68,60,121.178236697318,965.3021638173003,547.5342077060476,928.2,542.2
69,61,121.178236697318,965.3021638173003,547.5342077060476,928.2,542.2
70,62,121.178236697318,965.3021638173003,547.5342077060476,928.2,542.2
71,63,121.178236697318,965.3021638173003,547.5342077060476,928.2,542.2
72,64,95.6960405381804,962.3021638173003,553.5342077060476,928.2,542.2
73,65,95.6960405381804,962.3021638173003,553.5342077060476,928.2,542.2
74,66,95.6960405381804,962.3021638173003,553.5342077060476,928.2,542.2
75,67,95.6960405381804,962.3021638173003,553.5342077060476,928.2,542.2
76,68,95.6960405381804,962.3021638173003,553.5342077060476,928.2,542.2
77,69,95.6960405381804,962.3021638173003,553.5342077060476,928.2,542.2
78,70,95.6960405381804,962.3021638173003,553.5342077060476,928.2,542.2
79,71,95.6960405381804,962.3021638173003,553.5342077060476,928.2,542.2
80,72,83.99649380660871,959.3021638173003,559.5342077060476,928.2,542.2
81,73,83.99649380660871,959.3021638173003,559.5342077060476,928.2,542.2
82,74,83.99649380660871,959.3021638173003,559.5342077060476,928.2,542.2
83,75,83.99649380660871,959.3021638173003,559.5342077060476,928.2,542.2
84,76,83.99649380660871,959.3021638173003,559.5342077060476,928.2,542.2
85,77,83.99649380660871,959.3021638173003,559.5342077060476,928.2,542.2
86,78,83.99649380660871,959.3021638173003,559.5342077060476,928.2,542.2
87,79,83.99649380660871,959.3021638173003,559.5342077060476,928.2,542.2
88,80,83.99649380660871,959.3021638173003,559.5342077060476,928.2,542.2
89,81,83.99649380660871,959.3021638173003,559.5342077060476,928.2,542.2
90,82,83.99649380660871,959.3021638173003,559.5342077060476,928.2,542.2
91,83,83.99649380660871,959.3021638173003,559.5342077060476,928.2,542.2
92,84,83.99649380660871,959.3021638173003,559.5342077060476,928.2,542.2
93,85,83.99649380660871,959.3021638173003,559.5342077060476,928.2,542.2
94,86,83.99649380660871,959.3021638173003,559.5342077060476,928.2,542.2
95,87,83.99649380660871,959.3021638173003,559.5342077060476,928.2,542.2
96,88,83.99649380660871,959.3021638173003,559.5342077060476,928.2,542.2
97,89,83.99649380660871,959.3021638173003,559.5342077060476,928.2,542.2
98,90,83.99649380660871,959.3021638173003,559.5342077060476,928.2,542.2
99,91,83.99649380660871,959.3021638173003,559.5342077060476,928.2,542.2
100,92,83.99649380660871,959.3021638173003,559.5342077060476,928.2,542.2
101,93,83.99649380660871,959.3021638173003,559.5342077060476,928.2,542.2
102,94,83.99649380660871,959.3021638173003,559.5342077060476,928.2,542.2
103,95,83.99649380660871,959.3021638173003,559.5342077060476,928.2,542.2
104,96,83.99649380660871,959.3021638173003,559.5342077060476,928.2,542.2
105,97,83.99649380660871,959.3021638173003,559.5342077060476,928.2,542.2
106,98,83.99649380660871,959.3021638173003,559.5342077060476,928.2,542.2
107,99,83.99649380660871,959.3021638173003,559.5342077060476,928.2,542.2
108,100,83.99649380660871,959.3021638173003,559.5342077060476,928.2,542.2
109,101,83.99649380660871,959.3021638173003,559.5342077060476,928.2,542.2
110,102,83.99649380660871,959.3021638173003,559.5342077060476,928.2,542.2
111,103,83.99649380660871,959.3021638173003,559.5342077060476,928.2,542.2
112,104,83.99649380660871,959.3021638173003,559.5342077060476,928.2,542.2
113,105,83.99649380660871,959.3021638173003,559.5342077060476,928.2,542.2
114,106,83.99649380660871,959.3021638173003,559.5342077060476,928.2,542.2
115,107,83.99649380660871,959.3021638173003,559.5342077060476,928.2,542.2
116,108,83.99649380660871,959.3021638173003,559.5342077060476,928.2,542.2
117,109,83.99649380660871,959.3021638173003,559.5342077060476,928.2,542.2
118,110,83.99649380660871,959.3021638173003,559.5342077060476,928.2,542.2
119,111,83.99649380660871,959.3021638173003,559.5342077060476,928.2,542.2
120,112,83.99649380660871,959.3021638173003,559.5342077060476,928.2,542.2
121,113,83.99649380660871,959.3021638173003,559.5342077060476,928.2,542.2
122,114,83.99649380660871,959.3021638173003,559.5342077060476,928.2,542.2
123,115,83.99649380660871,959.3021638173003,559.5342077060476,928.2,542.2
124,116,83.99649380660871,959.3021638173003,559.5342077060476,928.2,542.2
125,117,83.99649380660871,959.3021638173003,559.5342077060476,928.2,542.2
126,118,83.99649380660871,959.3021638173003,559.5342077060476,928.2,542.2
127,119,83.99649380660871,959.3021638173003,559.5342077060476,928.2,542.2
128,120,20.548560456550767,794.3021638173003,615.5342077060476,928.2,542.2
129,121,20.548560456550767,794.3021638173003,615.5342077060476,928.2,542.2
130,122,20.548560456550767,794.3021638173003,615.5342077060476,928.2,542.2
131,123,20.548560456550767,794.3021638173003,615.5342077060476,928.2,542.2
132,124,20.548560456550767,794.3021638173003,615.5342077060476,928.2,542.2
133,125,20.548560456550767,794.3021638173003,615.5342077060476,928.2,542.2
134,126,20.548560456550767,794.3021638173003,615.5342077060476,928.2,542.2
135,127,17.73250801998399,629.3021638173003,671.5342077060476,928.2,542.2
136,128,17.73250801998399,629.3021638173003,671.5342077060476,928.2,542.2
137,129,17.73250801998399,629.3021638173003,671.5342077060476,928.2,542.2
138,130,17.73250801998399,629.3021638173003,671.5342077060476,928.2,542.2
139,131,17.73250801998399,629.3021638173003,671.5342077060476,928.2,542.2
140,132,17.73250801998399,629.3021638173003,671.5342077060476,928.2,542.2
141,133,17.73250801998399,629.3021638173003,671.5342077060476,928.2,542.2
142,134,17.73250801998399,629.3021638173003,671.5342077060476,928.2,542.2
143,135,17.73250801998399,629.3021638173003,671.5342077060476,928.2,542.2
144,136,17.73250801998399,629.3021638173003,671.5342077060476,928.2,542.2
145,137,17.73250801998399,629.3021638173003,671.5342077060476,928.2,542.2
146,138,17.73250801998399,629.3021638173003,671.5342077060476,928.2,542.2
147,139,17.73250801998399,629.3021638173003,671.5342077060476,928.2,542.2
148,140,17.73250801998399,629.3021638173003,671.5342077060476,928.2,542.2
149,141,17.73250801998399,629.3021638173003,671.5342077060476,925.4333333333334,504.0166666666667
150,142,17.73250801998399,629.3021638173003,671.5342077060476,922.6666666666667,465.83333333333337
151,143,17.73250801998399,629.3021638173003,671.5342077060476,919.9000000000001,427.65000000000003
152,144,19.006616586424133,772.3021638173003,489.5342077060476,917.1333333333333,389.4666666666667
153,145,19.006616586424133,772.3021638173003,489.5342077060476,914.3666666666667,351.28333333333336
154,146,19.006616586424133,772.3021638173003,489.5342077060476,911.6,313.1
155,146,19.006616586424133,772.3021638173003,489.5342077060476,911.6,313.1
156,147,19.006616586424133,772.3021638173003,489.5342077060476,911.6,313.1
157,148,19.006616586424133,772.3021638173003,489.5342077060476,911.6,313.1
158,149,31.101299589033474,772.3021638173003,489.5342077060476,911.6,313.1
159,150,16.02844952142375,916.3021638173003,308.5342077060476,911.6,313.1
159,151,8.951617391756681,916.3021638173003,308.5342077060476,911.6,313.1
159,152,5.204214219898658,916.3021638173003,308.5342077060476,911.6,313.1
159,153,2.902781534033731,916.3021638173003,308.5342077060476,911.6,313.1
159,154,1.3503882970872247,916.3021638173003,308.5342077060476,911.6,313.1
159,155,1.3503882970872247,916.3021638173003,308.5342077060476,911.6,313.1
159,156,1.3503882970872247,916.3021638173003,308.5342077060476,911.6,313.1
159,157,1.3503882970872247,916.3021638173003,308.5342077060476,911.6,313.1
159,158,1.3503882970872247,916.3021638173003,308.5342077060476,911.6,313.1
159,159,1.3503882970872247,916.3021638173003,308.5342077060476,911.6,313.1
159,160,1.3503882970872247,916.3021638173003,308.5342077060476,911.6,313.1
159,161,1.3503882970872247,916.3021638173003,308.5342077060476,911.6,313.1
160,162,1.3503882970872247,916.3021638173003,308.5342077060476,911.6,313.1
161,163,1.3503882970872247,916.3021638173003,308.5342077060476,911.6,313.1
162,164,1.3503882970872247,916.3021638173003,308.5342077060476,911.6,313.1
163,165,1.3503882970872247,916.3021638173003,308.5342077060476,911.6,313.1
164,166,1.3503882970872247,916.3021638173003,308.5342077060476,911.6,313.1
165,167,1.3503882970872247,1036.3021638173004,289.5342077060476,933.025,319.225
166,168,1.3503882970872247,1036.3021638173004,289.5342077060476,954.45,325.35
167,169,1.3503882970872247,1036.3021638173004,289.5342077060476,975.875,331.475
168,170,1.3503882970872247,1036.3021638173004,289.5342077060476,997.3,337.6
169,171,1.3503882970872247,1036.3021638173004,289.5342077060476,997.3,337.6
170,172,1.3503882970872247,1036.3021638173004,289.5342077060476,997.3,337.6
171,173,1.3503882970872247,1036.3021638173004,289.5342077060476,997.3,337.6
172,174,1.3503882970872247,1156.3021638173004,271.5342077060476,997.3,337.6
173,175,1.3503882970872247,1156.3021638173004,271.5342077060476,997.3,337.6
174,176,3.7248438561675563,1156.3021638173004,271.5342077060476,997.3,337.6
175,177,9.209786476093912,1156.3021638173004,271.5342077060476,997.3,337.6
176,178,12.58936072339971,1156.3021638173004,271.5342077060476,997.3,337.6
177,179,6.501090117382783,1156.3021638173004,271.5342077060476,997.3,337.6
178,179,6.501090117382783,1156.3021638173004,271.5342077060476,997.3,337.6
179,179,6.501090117382783,1156.3021638173004,271.5342077060476,997.3,337.6
180,180,6.501090117382783,1156.3021638173004,271.5342077060476,997.3,337.6
181,181,6.501090117382783,1156.3021638173004,271.5342077060476,997.3,337.6
182,182,6.501090117382783,1156.3021638173004,271.5342077060476,997.3,337.6
183,183,25.73246978853381,1156.3021638173004,271.5342077060476,997.3,337.6
184,184,25.73246978853381,1156.3021638173004,271.5342077060476,997.3,337.6
185,185,25.73246978853381,1156.3021638173004,271.5342077060476,997.3,337.6
186,186,25.73246978853381,1156.3021638173004,271.5342077060476,997.3,337.6
187,187,25.73246978853381,1156.3021638173004,271.5342077060476,997.3,337.6
188,188,25.73246978853381,1156.3021638173004,271.5342077060476,962.8142857142857,376.75714285714287
189,189,25.73246978853381,894.3021638173003,473.5342077060476,928.3285714285714,415.9142857142857
190,190,25.73246978853381,894.3021638173003,473.5342077060476,893.8428571428572,455.0714285714286
191,191,25.73246978853381,894.3021638173003,473.5342077060476,859.3571428571429,494.22857142857146
192,192,25.73246978853381,894.3021638173003,473.5342077060476,824.8714285714286,533.3857142857144
193,193,25.73246978853381,894.3021638173003,473.5342077060476,790.3857142857142,572.5428571428572
194,194,25.73246978853381,894.3021638173003,473.5342077060476,755.9,611.7
195,195,25.73246978853381,894.3021638173003,473.5342077060476,755.9,611.7
196,196,25.73246978853381,632.3021638173003,674.5342077060476,755.9,611.7
197,197,25.73246978853381,632.3021638173003,674.5342077060476,755.9,611.7
198,198,25.73246978853381,632.3021638173003,674.5342077060476,755.9,611.7
199,199,35.186594122907806,632.3021638173003,674.5342077060476,755.9,611.7
200,200,30.34870636971377,632.3021638173003,674.5342077060476,755.9,611.7
201,201,6.749417161938901,632.3021638173003,674.5342077060476,755.9,611.7
202,201,6.749417161938901,632.3021638173003,674.5342077060476,755.9,611.7
203,201,6.749417161938901,632.3021638173003,674.5342077060476,755.9,611.7
204,201,6.749417161938901,632.3021638173003,674.5342077060476,755.9,611.7
205,201,6.749417161938901,632.3021638173003,674.5342077060476,755.9,611.7
206,202,20.877325862459596,632.3021638173003,674.5342077060476,755.9,611.7
207,203,25.12256412736419,632.3021638173003,674.5342077060476,755.9,611.7
208,204,11.459277592423568,632.3021638173003,674.5342077060476,755.9,611.7
209,205,2.963988881674207,632.3021638173003,674.5342077060476,755.9,611.7
210,205,2.963988881674207,632.3021638173003,674.5342077060476,755.9,611.7
211,205,2.963988881674207,632.3021638173003,674.5342077060476,755.9,611.7
212,205,2.963988881674207,632.3021638173003,674.5342077060476,755.9,611.7
213,205,2.963988881674207,632.3021638173003,674.5342077060476,755.9,611.7
214,205,2.963988881674207,632.3021638173003,674.5342077060476,755.9,611.7
215,205,2.963988881674207,632.3021638173003,674.5342077060476,755.9,611.7
216,205,2.963988881674207,632.3021638173003,674.5342077060476,755.9,611.7
217,205,2.963988881674207,632.3021638173003,674.5342077060476,780.3,580.9166666666667
218,205,2.963988881674207,632.3021638173003,674.5342077060476,804.6999999999999,550.1333333333333
219,205,2.963988881674207,632.3021638173003,674.5342077060476,829.0999999999999,519.35
220,205,2.963988881674207,774.3021638173003,677.5342077060476,853.5,488.56666666666666
221,205,2.963988881674207,774.3021638173003,677.5342077060476,877.9,457.7833333333333
222,205,2.963988881674207,774.3021638173003,677.5342077060476,902.3,427.0
223,205,2.963988881674207,774.3021638173003,677.5342077060476,902.3,427.0
224,205,2.963988881674207,774.3021638173003,677.5342077060476,902.3,427.0
225,205,2.963988881674207,774.3021638173003,677.5342077060476,902.3,427.0
226,205,2.963988881674207,774.3021638173003,677.5342077060476,902.3,427.0
227,205,2.963988881674207,774.3021638173003,677.5342077060476,902.3,427.0
228,205,2.963988881674207,774.3021638173003,677.5342077060476,902.3,427.0
229,205,2.963988881674207,917.3021638173003,679.5342077060476,902.3,427.0
230,206,2.963988881674207,917.3021638173003,679.5342077060476,902.3,427.0
231,207,17.168628659628165,917.3021638173003,679.5342077060476,902.3,427.0
232,208,17.168628659628165,917.3021638173003,679.5342077060476,902.3,427.0
233,209,17.168628659628165,917.3021638173003,679.5342077060476,902.3,427.0
234,210,17.168628659628165,917.3021638173003,679.5342077060476,902.3,427.0
235,211,17.168628659628165,917.3021638173003,679.5342077060476,902.3,427.0
236,212,17.168628659628165,917.3021638173003,679.5342077060476,902.3,427.0
237,213,17.168628659628165,917.3021638173003,679.5342077060476,902.3,427.0
238,214,17.168628659628165,917.3021638173003,679.5342077060476,902.3,427.0
239,215,17.168628659628165,917.3021638173003,679.5342077060476,902.3,427.0
240,216,53.6294581313447,917.3021638173003,679.5342077060476,902.3,427.0
241,217,53.6294581313447,917.3021638173003,679.5342077060476,902.3,427.0
242,218,53.6294581313447,917.3021638173003,679.5342077060476,902.3,427.0
243,219,53.6294581313447,917.3021638173003,679.5342077060476,902.3,427.0
244,220,53.6294581313447,917.3021638173003,463.5342077060476,902.3,427.0
245,221,53.6294581313447,917.3021638173003,463.5342077060476,902.3,427.0
246,222,53.6294581313447,917.3021638173003,463.5342077060476,902.3,427.0
247,223,53.6294581313447,917.3021638173003,463.5342077060476,902.3,427.0
248,224,53.6294581313447,917.3021638173003,463.5342077060476,902.3,427.0
249,225,53.6294581313447,917.3021638173003,463.5342077060476,898.9,401.98
250,226,53.6294581313447,917.3021638173003,463.5342077060476,895.5,376.96
251,227,53.6294581313447,917.3021638173003,463.5342077060476,892.0999999999999,351.94
252,228,60.158518649107336,917.3021638173003,463.5342077060476,888.6999999999999,326.91999999999996
253,229,69.25249040215687,917.3021638173003,247.5342077060476,885.3,301.9
254,230,81.95051044395598,917.3021638173003,247.5342077060476,885.3,301.9
255,231,35.04353481090262,917.3021638173003,247.5342077060476,885.3,301.9
255,232,15.780706688373773,917.3021638173003,247.5342077060476,885.3,301.9
255,233,2.1288713659497356,917.3021638173003,247.5342077060476,885.3,301.9
255,234,2.1288713659497356,917.3021638173003,247.5342077060476,885.3,301.9
255,235,2.1288713659497356,917.3021638173003,247.5342077060476,885.3,301.9
255,236,2.1288713659497356,917.3021638173003,247.5342077060476,885.3,301.9
255,237,2.1288713659497356,917.3021638173003,247.5342077060476,885.3,301.9
255,238,2.1288713659497356,917.3021638173003,247.5342077060476,885.3,301.9
255,239,2.1288713659497356,917.3021638173003,247.5342077060476,885.3,301.9
255,240,2.1288713659497356,917.3021638173003,247.5342077060476,885.3,301.9
255,241,2.1288713659497356,917.3021638173003,247.5342077060476,885.3,301.9
255,242,2.1288713659497356,917.3021638173003,247.5342077060476,885.3,301.9
255,243,2.1288713659497356,917.3021638173003,247.5342077060476,885.3,301.9
255,244,2.1288713659497356,917.3021638173003,247.5342077060476,885.3,301.9
255,245,2.1288713659497356,917.3021638173003,247.5342077060476,885.3,301.9
255,246,2.1288713659497356,917.3021638173003,247.5342077060476,885.3,301.9
255,247,2.1288713659497356,917.3021638173003,247.5342077060476,885.3,301.9
255,248,2.1288713659497356,917.3021638173003,247.5342077060476,885.3,301.9
255,249,2.1288713659497356,917.3021638173003,247.5342077060476,885.3,301.9
255,250,2.1288713659497356,917.3021638173003,247.5342077060476,885.3,301.9
255,251,2.1288713659497356,917.3021638173003,247.5342077060476,885.3,301.9
255,252,2.1288713659497356,917.3021638173003,247.5342077060476,885.3,301.9
256,253,2.1288713659497356,917.3021638173003,247.5342077060476,885.3,301.9
257,254,2.1288713659497356,917.3021638173003,247.5342077060476,885.3,301.9
258,255,2.1288713659497356,917.3021638173003,247.5342077060476,885.3,301.9
259,256,2.1288713659497356,917.3021638173003,247.5342077060476,885.3,301.9
260,257,2.1288713659497356,917.3021638173003,247.5342077060476,885.3,301.9
261,258,2.1288713659497356,917.3021638173003,247.5342077060476,885.3,301.9
262,259,2.1288713659497356,917.3021638173003,247.5342077060476,885.3,301.9
263,260,5.300145220221832,917.3021638173003,247.5342077060476,885.3,301.9
264,261,13.278090554103452,917.3021638173003,247.5342077060476,885.3,301.9
265,262,11.546290329641986,917.3021638173003,247.5342077060476,885.3,301.9
266,263,10.19499205535261,917.3021638173003,247.5342077060476,885.3,301.9
267,264,9.112321312100551,917.3021638173003,247.5342077060476,885.3,301.9
268,264,9.112321312100551,917.3021638173003,247.5342077060476,885.3,301.9
269,264,9.112321312100551,917.3021638173003,247.5342077060476,885.3,301.9
270,264,9.112321312100551,917.3021638173003,247.5342077060476,885.3,301.9
271,264,9.112321312100551,917.3021638173003,247.5342077060476,885.3,301.9
272,264,9.112321312100551,917.3021638173003,247.5342077060476,885.3,301.9
273,264,9.112321312100551,917.3021638173003,247.5342077060476,885.3,301.9
274,264,9.112321312100551,917.3021638173003,247.5342077060476,885.3,301.9
275,264,9.112321312100551,917.3021638173003,247.5342077060476,885.3,301.9
276,264,9.112321312100551,917.3021638173003,247.5342077060476,885.3,301.9
277,264,9.112321312100551,917.3021638173003,247.5342077060476,872.5,332.78
278,264,9.112321312100551,917.3021638173003,247.5342077060476,859.6999999999999,363.65999999999997
279,264,9.112321312100551,917.3021638173003,247.5342077060476,846.9,394.53999999999996
280,264,9.112321312100551,917.3021638173003,247.5342077060476,834.0999999999999,425.42
281,264,9.112321312100551,917.3021638173003,247.5342077060476,821.3,456.3
282,265,9.112321312100551,917.3021638173003,247.5342077060476,821.3,456.3
283,266,9.112321312100551,917.3021638173003,247.5342077060476,821.3,456.3
284,267,9.112321312100551,917.3021638173003,247.5342077060476,821.3,456.3
285,268,9.112321312100551,917.3021638173003,247.5342077060476,821.3,456.3
286,269,9.112321312100551,917.3021638173003,247.5342077060476,821.3,456.3
287,270,9.112321312100551,917.3021638173003,247.5342077060476,821.3,456.3
288,271,9.112321312100551,917.3021638173003,247.5342077060476,821.3,456.3
289,272,9.112321312100551,917.3021638173003,247.5342077060476,821.3,456.3
290,273,9.112321312100551,917.3021638173003,247.5342077060476,821.3,456.3
291,274,9.112321312100551,917.3021638173003,247.5342077060476,821.3,456.3
292,275,9.112321312100551,917.3021638173003,247.5342077060476,821.3,456.3
293,276,9.112321312100551,917.3021638173003,247.5342077060476,821.3,456.3
294,277,9.112321312100551,917.3021638173003,247.5342077060476,821.3,456.3
295,278,9.112321312100551,868.3021638173003,427.5342077060476,821.3,456.3
296,279,9.112321312100551,868.3021638173003,427.5342077060476,821.3,456.3
297,280,9.112321312100551,868.3021638173003,427.5342077060476,821.3,456.3
298,281,9.112321312100551,868.3021638173003,427.5342077060476,821.3,456.3
299,282,9.112321312100551,868.3021638173003,427.5342077060476,821.3,456.3
300,283,9.112321312100551,868.3021638173003,427.5342077060476,821.3,456.3
301,284,9.112321312100551,868.3021638173003,427.5342077060476,821.3,456.3
302,285,9.112321312100551,868.3021638173003,427.5342077060476,821.3,456.3
303,286,9.112321312100551,868.3021638173003,427.5342077060476,821.3,456.3
304,287,9.112321312100551,819.3021638173003,607.5342077060476,821.3,456.3
305,288,9.112321312100551,819.3021638173003,607.5342077060476,821.3,456.3
306,289,9.112321312100551,819.3021638173003,607.5342077060476,821.3,456.3
307,290,9.112321312100551,819.3021638173003,607.5342077060476,821.3,456.3
308,291,9.112321312100551,819.3021638173003,607.5342077060476,821.3,456.3
309,292,9.112321312100551,819.3021638173003,607.5342077060476,821.3,456.3
310,293,9.112321312100551,819.3021638173003,607.5342077060476,821.3,456.3
311,294,9.112321312100551,819.3021638173003,607.5342077060476,821.3,456.3
312,295,9.112321312100551,819.3021638173003,607.5342077060476,821.3,456.3
313,296,9.112321312100551,819.3021638173003,607.5342077060476,821.3,456.3
314,297,9.112321312100551,819.3021638173003,607.5342077060476,821.3,456.3
315,298,9.112321312100551,819.3021638173003,607.5342077060476,821.3,456.3
316,299,9.112321312100551,819.3021638173003,607.5342077060476,821.3,456.3
317,300,9.112321312100551,819.3021638173003,607.5342077060476,821.3,456.3
318,301,9.112321312100551,819.3021638173003,607.5342077060476,821.3,456.3
319,302,9.112321312100551,819.3021638173003,607.5342077060476,821.3,456.3
320,303,9.112321312100551,819.3021638173003,607.5342077060476,821.3,456.3
321,304,9.112321312100551,819.3021638173003,607.5342077060476,821.3,456.3
322,305,9.112321312100551,819.3021638173003,607.5342077060476,821.3,456.3
323,306,9.112321312100551,819.3021638173003,607.5342077060476,821.3,456.3
324,307,9.112321312100551,819.3021638173003,607.5342077060476,821.3,456.3
325,308,9.112321312100551,819.3021638173003,607.5342077060476,821.3,456.3
326,309,14.586141315540209,819.3021638173003,607.5342077060476,821.3,456.3
327,310,9.5610497819728,819.3021638173003,607.5342077060476,821.3,456.3
327,311,1.3254742589200648,819.3021638173003,607.5342077060476,821.3,456.3
327,312,8.503336782552289,819.3021638173003,607.5342077060476,817.8833333333333,483.4
327,313,19.698938455869797,819.3021638173003,607.5342077060476,814.4666666666666,510.5
327,314,19.698938455869797,819.3021638173003,607.5342077060476,811.05,537.6
327,315,19.698938455869797,819.3021638173003,607.5342077060476,807.6333333333333,564.7
327,316,19.698938455869797,819.3021638173003,607.5342077060476,804.2166666666666,591.8
327,317,19.698938455869797,819.3021638173003,607.5342077060476,800.8,618.9
327,318,19.698938455869797,819.3021638173003,607.5342077060476,800.8,618.9
327,319,19.698938455869797,849.3021638173003,627.5342077060476,800.8,618.9
327,320,19.698938455869797,849.3021638173003,627.5342077060476,800.8,618.9
327,321,19.698938455869797,849.3021638173003,627.5342077060476,800.8,618.9
327,322,19.698938455869797,849.3021638173003,627.5342077060476,800.8,618.9
327,323,19.698938455869797,849.3021638173003,627.5342077060476,800.8,618.9
327,324,19.698938455869797,849.3021638173003,627.5342077060476,800.8,618.9
327,325,19.698938455869797,849.3021638173003,627.5342077060476,800.8,618.9
327,326,19.698938455869797,880.3021638173003,648.5342077060476,800.8,618.9
327,327,19.698938455869797,880.3021638173003,648.5342077060476,800.8,618.9
327,328,19.698938455869797,880.3021638173003,648.5342077060476,800.8,618.9
327,329,19.698938455869797,880.3021638173003,648.5342077060476,800.8,618.9
327,330,19.698938455869797,880.3021638173003,648.5342077060476,800.8,618.9
327,331,19.698938455869797,880.3021638173003,648.5342077060476,800.8,618.9
327,332,19.698938455869797,880.3021638173003,648.5342077060476,800.8,618.9
327,333,19.698938455869797,880.3021638173003,648.5342077060476,800.8,618.9
327,334,19.698938455869797,880.3021638173003,648.5342077060476,800.8,618.9
327,335,19.698938455869797,880.3021638173003,648.5342077060476,800.8,618.9
327,336,19.698938455869797,880.3021638173003,648.5342077060476,800.8,618.9
327,337,19.698938455869797,880.3021638173003,648.5342077060476,754.55,617.325
327,338,19.698938455869797,880.3021638173003,648.5342077060476,708.3,615.75
327,339,19.698938455869797,880.3021638173003,648.5342077060476,662.05,614.175
327,340,19.698938455869797,880.3021638173003,648.5342077060476,615.8,612.6
327,341,19.698938455869797,880.3021638173003,648.5342077060476,615.8,612.6
327,342,19.698938455869797,774.3021638173003,644.5342077060476,615.8,612.6
327,343,19.698938455869797,774.3021638173003,644.5342077060476,615.8,612.6
327,344,19.698938455869797,774.3021638173003,644.5342077060476,615.8,612.6
327,345,19.698938455869797,774.3021638173003,644.5342077060476,615.8,612.6
327,346,19.698938455869797,774.3021638173003,644.5342077060476,615.8,612.6
327,347,19.698938455869797,774.3021638173003,644.5342077060476,615.8,612.6
327,348,19.698938455869797,774.3021638173003,644.5342077060476,615.8,612.6
327,349,19.698938455869797,774.3021638173003,644.5342077060476,615.8,612.6
327,350,19.698938455869797,668.3021638173003,640.5342077060476,615.8,612.6
327,351,19.698938455869797,668.3021638173003,640.5342077060476,615.8,612.6
327,352,19.698938455869797,668.3021638173003,640.5342077060476,615.8,612.6
327,353,19.698938455869797,668.3021638173003,640.5342077060476,615.8,612.6
328,354,19.698938455869797,668.3021638173003,640.5342077060476,615.8,612.6
329,355,19.698938455869797,668.3021638173003,640.5342077060476,615.8,612.6
330,356,19.698938455869797,668.3021638173003,640.5342077060476,615.8,612.6
331,357,19.698938455869797,668.3021638173003,640.5342077060476,615.8,612.6
332,358,19.698938455869797,668.3021638173003,640.5342077060476,615.8,612.6
333,359,19.698938455869797,668.3021638173003,640.5342077060476,615.8,612.6
334,360,19.698938455869797,668.3021638173003,640.5342077060476,615.8,612.6
335,361,29.092640635668758,668.3021638173003,640.5342077060476,615.8,612.6
336,362,37.09950873011526,668.3021638173003,640.5342077060476,615.8,612.6
337,363,26.56387133885044,668.3021638173003,640.5342077060476,615.8,612.6
338,364,16.432700708793053,668.3021638173003,640.5342077060476,615.8,612.6
339,365,7.248113981724604,668.3021638173003,640.5342077060476,615.8,612.6
340,366,0.7223975884278668,668.3021638173003,640.5342077060476,626.525,612.85
341,366,0.7223975884278668,668.3021638173003,640.5342077060476,637.25,613.1
342,366,0.7223975884278668,668.3021638173003,640.5342077060476,647.975,613.35
343,366,0.7223975884278668,668.3021638173003,640.5342077060476,658.7,613.6
344,366,0.7223975884278668,668.3021638173003,640.5342077060476,658.7,613.6
345,366,0.7223975884278668,668.3021638173003,640.5342077060476,658.7,613.6
346,366,0.7223975884278668,668.3021638173003,640.5342077060476,658.7,613.6
347,366,0.7223975884278668,668.3021638173003,640.5342077060476,658.7,613.6
348,366,0.7223975884278668,668.3021638173003,640.5342077060476,658.7,613.6
349,366,0.7223975884278668,668.3021638173003,640.5342077060476,658.7,613.6
350,366,0.7223975884278668,668.3021638173003,640.5342077060476,658.7,613.6
351,366,0.7223975884278668,668.3021638173003,640.5342077060476,658.7,613.6
352,366,0.7223975884278668,668.3021638173003,640.5342077060476,658.7,613.6
353,366,0.7223975884278668,668.3021638173003,640.5342077060476,658.7,613.6
354,366,0.7223975884278668,668.3021638173003,640.5342077060476,658.7,613.6
355,366,0.7223975884278668,668.3021638173003,640.5342077060476,658.7,613.6
356,366,0.7223975884278668,668.3021638173003,640.5342077060476,658.7,613.6
357,366,0.7223975884278668,668.3021638173003,640.5342077060476,658.7,613.6
358,366,0.7223975884278668,668.3021638173003,640.5342077060476,658.7,613.6
359,366,0.7223975884278668,668.3021638173003,640.5342077060476,658.7,613.6
360,366,0.7223975884278668,668.3021638173003,640.5342077060476,658.7,613.6
361,366,0.7223975884278668,668.3021638173003,640.5342077060476,658.7,613.6
362,366,0.7223975884278668,668.3021638173003,640.5342077060476,658.7,613.6
363,366,0.7223975884278668,668.3021638173003,640.5342077060476,658.7,613.6
364,366,0.7223975884278668,668.3021638173003,640.5342077060476,658.7,613.6
365,366,0.7223975884278668,668.3021638173003,640.5342077060476,658.7,613.6
366,366,0.7223975884278668,668.3021638173003,640.5342077060476,703.075,620.825
367,366,0.7223975884278668,668.3021638173003,640.5342077060476,747.45,628.05
368,366,11.971996965802383,668.3021638173003,640.5342077060476,791.825,635.275
369,366,11.971996965802383,668.3021638173003,640.5342077060476,836.2,642.5
370,366,11.971996965802383,668.3021638173003,640.5342077060476,836.2,642.5
371,366,11.971996965802383,668.3021638173003,640.5342077060476,836.2,642.5
372,366,11.971996965802383,668.3021638173003,640.5342077060476,836.2,642.5
373,366,11.971996965802383,668.3021638173003,640.5342077060476,836.2,642.5
374,366,11.971996965802383,668.3021638173003,640.5342077060476,836.2,642.5
375,366,27.34660762603706,668.3021638173003,640.5342077060476,836.2,642.5
376,366,27.34660762603706,668.3021638173003,640.5342077060476,836.2,642.5
377,366,27.34660762603706,668.3021638173003,640.5342077060476,836.2,642.5
378,366,27.34660762603706,668.3021638173003,640.5342077060476,836.2,642.5
379,366,27.34660762603706,668.3021638173003,640.5342077060476,836.2,642.5
380,367,27.34660762603706,668.3021638173003,640.5342077060476,836.2,642.5
381,368,27.34660762603706,737.3021638173003,651.5342077060476,836.2,642.5
382,369,27.34660762603706,737.3021638173003,651.5342077060476,836.2,642.5
383,370,27.34660762603706,737.3021638173003,651.5342077060476,836.2,642.5
384,371,27.34660762603706,737.3021638173003,651.5342077060476,836.2,642.5
385,372,27.34660762603706,737.3021638173003,651.5342077060476,836.2,642.5
386,373,27.34660762603706,737.3021638173003,651.5342077060476,836.2,642.5
387,374,27.34660762603706,737.3021638173003,651.5342077060476,836.2,642.5
388,375,27.34660762603706,737.3021638173003,651.5342077060476,836.2,642.5
389,376,27.34660762603706,806.3021638173003,662.5342077060476,836.2,642.5
390,377,27.34660762603706,806.3021638173003,662.5342077060476,836.2,642.5
391,378,3.013153417976628,806.3021638173003,662.5342077060476,836.2,642.5
392,379,3.013153417976628,806.3021638173003,662.5342077060476,836.2,642.5
393,380,3.013153417976628,806.3021638173003,662.5342077060476,836.2,642.5
394,381,3.013153417976628,806.3021638173003,662.5342077060476,858.575,648.8
395,382,3.013153417976628,806.3021638173003,662.5342077060476,880.95,655.1
396,383,3.013153417976628,875.3021638173003,674.5342077060476,903.325,661.4000000000001
397,384,3.013153417976628,875.3021638173003,674.5342077060476,925.7,667.7
398,385,3.013153417976628,875.3021638173003,674.5342077060476,925.7,667.7
399,386,1.6081708612196377,875.3021638173003,674.5342077060476,925.7,667.7
400,387,2.267255599784262,875.3021638173003,674.5342077060476,925.7,667.7
401,388,5.036937475506066,875.3021638173003,674.5342077060476,925.7,667.7
402,389,7.10613979763287,875.3021638173003,674.5342077060476,925.7,667.7
403,390,7.10613979763287,875.3021638173003,674.5342077060476,925.7,667.7
404,391,7.10613979763287,875.3021638173003,674.5342077060476,925.7,667.7
405,392,7.10613979763287,944.3021638173003,686.5342077060476,925.7,667.7
406,393,7.10613979763287,944.3021638173003,686.5342077060476,925.7,667.7
407,394,7.10613979763287,944.3021638173003,686.5342077060476,925.7,667.7
408,395,7.10613979763287,944.3021638173003,686.5342077060476,925.7,667.7
409,396,7.10613979763287,944.3021638173003,686.5342077060476,925.7,667.7
410,397,7.10613979763287,944.3021638173003,686.5342077060476,925.7,667.7
411,398,7.10613979763287,944.3021638173003,686.5342077060476,925.7,667.7
412,399,7.10613979763287,944.3021638173003,686.5342077060476,925.7,667.7
413,400,7.10613979763287,944.3021638173003,686.5342077060476,925.7,667.7
414,401,7.10613979763287,944.3021638173003,686.5342077060476,925.7,667.7
415,402,7.10613979763287,944.3021638173003,686.5342077060476,925.7,667.7
416,403,7.10613979763287,944.3021638173003,686.5342077060476,925.7,667.7
417,404,7.10613979763287,944.3021638173003,686.5342077060476,925.7,667.7
418,405,7.10613979763287,944.3021638173003,686.5342077060476,925.7,667.7
419,406,7.10613979763287,944.3021638173003,686.5342077060476,925.7,667.7
420,407,7.10613979763287,944.3021638173003,686.5342077060476,925.7,667.7
421,408,7.10613979763287,944.3021638173003,686.5342077060476,925.7,667.7
422,409,7.10613979763287,944.3021638173003,686.5342077060476,925.7,667.7
423,410,7.10613979763287,944.3021638173003,686.5342077060476,925.7,667.7
424,411,7.10613979763287,944.3021638173003,686.5342077060476,925.7,667.7
425,412,7.10613979763287,944.3021638173003,686.5342077060476,925.7,667.7
426,413,7.10613979763287,944.3021638173003,686.5342077060476,925.7,667.7
427,414,7.10613979763287,944.3021638173003,686.5342077060476,925.7,667.7
428,415,6.69353440059192,944.3021638173003,686.5342077060476,925.7,667.7
429,416,6.254934069685996,1009.3021638173003,685.5342077060476,925.7,667.7
430,417,5.7878589362943424,1009.3021638173003,685.5342077060476,925.7,667.7
431,418,5.289511603875051,1009.3021638173003,685.5342077060476,925.7,667.7
432,419,5.289511603875051,1009.3021638173003,685.5342077060476,925.7,667.7
433,420,5.289511603875051,1009.3021638173003,685.5342077060476,925.7,667.7
434,421,5.289511603875051,1009.3021638173003,685.5342077060476,925.7,667.7
435,422,5.289511603875051,1009.3021638173003,685.5342077060476,925.7,667.7
436,423,5.289511603875051,1074.3021638173004,685.5342077060476,925.7,667.7
437,424,5.289511603875051,1074.3021638173004,685.5342077060476,925.7,667.7
438,425,5.289511603875051,1074.3021638173004,685.5342077060476,925.7,667.7
439,426,5.289511603875051,1074.3021638173004,685.5342077060476,925.7,667.7
440,427,5.289511603875051,1074.3021638173004,685.5342077060476,925.7,667.7
441,428,5.289511603875051,1074.3021638173004,685.5342077060476,925.7,667.7
442,429,5.289511603875051,1074.3021638173004,685.5342077060476,925.7,667.7
443,430,5.289511603875051,1074.3021638173004,685.5342077060476,925.7,667.7
444,431,5.289511603875051,1074.3021638173004,685.5342077060476,925.7,667.7
445,432,5.289511603875051,1074.3021638173004,685.5342077060476,925.7,667.7
446,433,5.289511603875051,1074.3021638173004,685.5342077060476,925.7,667.7
447,434,5.289511603875051,1074.3021638173004,685.5342077060476,925.7,667.7
448,435,5.289511603875051,1074.3021638173004,685.5342077060476,925.7,667.7
449,436,5.289511603875051,1074.3021638173004,685.5342077060476,925.7,667.7
450,437,5.289511603875051,1074.3021638173004,685.5342077060476,925.7,667.7
451,438,5.289511603875051,1074.3021638173004,685.5342077060476,925.7,667.7
452,439,5.289511603875051,1074.3021638173004,685.5342077060476,925.7,667.7
453,440,5.289511603875051,1074.3021638173004,685.5342077060476,925.7,667.7
454,441,1.553764303633604,1074.3021638173004,685.5342077060476,925.7,667.7
455,441,1.553764303633604,1074.3021638173004,685.5342077060476,914.5,659.375
456,442,4.101126158106442,1074.3021638173004,685.5342077060476,903.3,651.05
457,443,2.9293741289543744,1074.3021638173004,685.5342077060476,892.1,642.725
458,443,2.9293741289543744,1074.3021638173004,685.5342077060476,880.9,634.4
459,443,2.9293741289543744,1074.3021638173004,685.5342077060476,880.9,634.4
460,443,2.9293741289543744,1074.3021638173004,685.5342077060476,880.9,634.4
461,443,2.9293741289543744,1074.3021638173004,685.5342077060476,880.9,634.4
462,443,2.9293741289543744,1074.3021638173004,685.5342077060476,880.9,634.4
463,443,2.9293741289543744,1074.3021638173004,685.5342077060476,880.9,634.4
464,444,1.0597125773639997,1074.3021638173004,685.5342077060476,880.9,634.4
464,445,1.0597125773639997,1074.3021638173004,685.5342077060476,880.9,634.4
464,446,1.0597125773639997,1074.3021638173004,685.5342077060476,880.9,634.4
464,447,1.0597125773639997,1074.3021638173004,685.5342077060476,880.9,634.4
464,448,1.0597125773639997,913.3021638173003,655.5342077060476,880.9,634.4
464,449,1.0597125773639997,913.3021638173003,655.5342077060476,880.9,634.4
464,450,1.0597125773639997,913.3021638173003,655.5342077060476,880.9,634.4
464,451,1.0597125773639997,913.3021638173003,655.5342077060476,880.9,634.4
464,452,1.0597125773639997,913.3021638173003,655.5342077060476,880.9,634.4
464,453,1.0597125773639997,913.3021638173003,655.5342077060476,880.9,634.4
464,454,1.0597125773639997,913.3021638173003,655.5342077060476,880.9,634.4
464,455,1.0597125773639997,913.3021638173003,655.5342077060476,880.9,634.4
464,456,1.0597125773639997,913.3021638173003,655.5342077060476,880.9,634.4
464,457,1.0597125773639997,913.3021638173003,655.5342077060476,880.9,634.4
464,458,1.0597125773639997,913.3021638173003,655.5342077060476,880.9,634.4
464,459,1.0597125773639997,913.3021638173003,655.5342077060476,880.9,634.4
464,460,1.0597125773639997,913.3021638173003,655.5342077060476,880.9,634.4
464,461,1.0597125773639997,913.3021638173003,655.5342077060476,880.9,634.4
464,462,1.0597125773639997,913.3021638173003,655.5342077060476,880.9,634.4
464,463,1.0597125773639997,913.3021638173003,655.5342077060476,880.9,634.4
465,464,1.0597125773639997,913.3021638173003,655.5342077060476,880.9,634.4
466,465,1.0597125773639997,913.3021638173003,655.5342077060476,880.9,634.4
467,466,1.0597125773639997,913.3021638173003,655.5342077060476,880.9,634.4
468,467,1.0597125773639997,913.3021638173003,655.5342077060476,880.9,634.4
469,468,1.0597125773639997,913.3021638173003,655.5342077060476,880.9,634.4
470,469,8.445908896711034,913.3021638173003,655.5342077060476,880.9,634.4
471,470,2.288026137862307,913.3021638173003,655.5342077060476,880.9,634.4
472,470,2.288026137862307,913.3021638173003,655.5342077060476,880.9,634.4
473,470,2.288026137862307,913.3021638173003,655.5342077060476,880.9,634.4
474,470,2.288026137862307,913.3021638173003,655.5342077060476,880.9,634.4
475,470,2.288026137862307,913.3021638173003,655.5342077060476,880.9,634.4
476,470,2.288026137862307,913.3021638173003,655.5342077060476,880.9,634.4
477,470,2.288026137862307,913.3021638173003,655.5342077060476,880.9,634.4
478,470,2.288026137862307,913.3021638173003,655.5342077060476,880.9,634.4
479,471,7.167733471872478,913.3021638173003,655.5342077060476,880.9,634.4
480,472,8.92006205275213,913.3021638173003,655.5342077060476,880.9,634.4
481,472,8.92006205275213,913.3021638173003,655.5342077060476,880.9,634.4
482,472,8.92006205275213,913.3021638173003,655.5342077060476,880.9,634.4
483,472,8.92006205275213,913.3021638173003,655.5342077060476,880.9,634.4
484,472,8.92006205275213,913.3021638173003,655.5342077060476,880.9,634.4
485,472,8.92006205275213,913.3021638173003,655.5342077060476,880.9,634.4
486,473,8.92006205275213,913.3021638173003,655.5342077060476,880.9,634.4
487,474,8.92006205275213,913.3021638173003,655.5342077060476,880.9,634.4
488,475,8.92006205275213,913.3021638173003,655.5342077060476,880.9,634.4
489,476,8.92006205275213,913.3021638173003,655.5342077060476,880.9,634.4
490,477,8.92006205275213,913.3021638173003,655.5342077060476,880.9,634.4
491,478,8.92006205275213,913.3021638173003,655.5342077060476,880.9,634.4
492,479,8.92006205275213,913.3021638173003,655.5342077060476,880.9,634.4
493,480,8.92006205275213,913.3021638173003,655.5342077060476,880.9,634.4
494,481,8.92006205275213,913.3021638173003,655.5342077060476,880.9,634.4
495,482,8.92006205275213,913.3021638173003,655.5342077060476,880.9,634.4
496,483,8.92006205275213,913.3021638173003,655.5342077060476,880.9,634.4
497,484,8.92006205275213,913.3021638173003,655.5342077060476,880.9,634.4
498,485,8.92006205275213,913.3021638173003,655.5342077060476,880.9,634.4
499,486,8.92006205275213,913.3021638173003,655.5342077060476,880.9,634.4
500,487,8.92006205275213,913.3021638173003,655.5342077060476,880.9,634.4
501,488,8.92006205275213,913.3021638173003,655.5342077060476,880.9,634.4
502,489,8.92006205275213,913.3021638173003,655.5342077060476,880.9,634.4
503,490,8.92006205275213,913.3021638173003,655.5342077060476,880.9,634.4
504,491,33.74936892297101,913.3021638173003,655.5342077060476,880.9,634.4
505,492,33.74936892297101,913.3021638173003,655.5342077060476,880.9,634.4
506,493,33.74936892297101,913.3021638173003,655.5342077060476,880.9,634.4
507,494,33.74936892297101,913.3021638173003,655.5342077060476,880.9,634.4
508,495,33.74936892297101,913.3021638173003,655.5342077060476,880.9,634.4
509,496,33.74936892297101,913.3021638173003,655.5342077060476,880.9,634.4
510,497,33.74936892297101,913.3021638173003,655.5342077060476,880.9,634.4
511,498,53.180685902139395,913.3021638173003,655.5342077060476,880.9,634.4
512,499,53.180685902139395,913.3021638173003,655.5342077060476,880.9,634.4
513,500,53.180685902139395,913.3021638173003,655.5342077060476,880.9,634.4
514,501,53.180685902139395,913.3021638173003,655.5342077060476,880.9,634.4
515,502,53.180685902139395,913.3021638173003,655.5342077060476,880.9,634.4
516,503,53.180685902139395,913.3021638173003,655.5342077060476,901.5,651.7
517,504,53.180685902139395,913.3021638173003,655.5342077060476,901.5,651.7
518,505,53.180685902139395,913.3021638173003,655.5342077060476,901.5,651.7
519,506,53.180685902139395,913.3021638173003,655.5342077060476,901.5,651.7
520,507,53.180685902139395,913.3021638173003,655.5342077060476,901.5,651.7
521,508,53.180685902139395,913.3021638173003,655.5342077060476,901.5,651.7
522,509,53.180685902139395,913.3021638173003,655.5342077060476,901.5,651.7
523,510,53.180685902139395,913.3021638173003,655.5342077060476,901.5,651.7
524,511,53.180685902139395,913.3021638173003,655.5342077060476,901.5,651.7
525,512,53.180685902139395,913.3021638173003,655.5342077060476,901.5,651.7
526,513,53.180685902139395,913.3021638173003,655.5342077060476,901.5,651.7
527,514,53.180685902139395,913.3021638173003,655.5342077060476,901.5,651.7
528,515,53.180685902139395,913.3021638173003,655.5342077060476,901.5,651.7
529,516,53.180685902139395,913.3021638173003,655.5342077060476,901.5,651.7
530,517,53.180685902139395,913.3021638173003,655.5342077060476,901.5,651.7
531,518,53.180685902139395,913.3021638173003,655.5342077060476,901.5,651.7
532,519,53.180685902139395,913.3021638173003,655.5342077060476,901.5,651.7
533,520,53.180685902139395,913.3021638173003,655.5342077060476,901.5,651.7
534,521,53.180685902139395,913.3021638173003,655.5342077060476,901.5,651.7
535,522,53.180685902139395,913.3021638173003,655.5342077060476,901.5,651.7
536,523,53.180685902139395,913.3021638173003,655.5342077060476,901.5,651.7
537,524,53.180685902139395,913.3021638173003,655.5342077060476,901.5,651.7
538,525,53.180685902139395,913.3021638173003,655.5342077060476,901.5,651.7
539,526,53.180685902139395,913.3021638173003,655.5342077060476,901.5,651.7
540,527,53.180685902139395,913.3021638173003,655.5342077060476,901.5,651.7
541,528,53.180685902139395,913.3021638173003,655.5342077060476,901.5,651.7
542,529,53.180685902139395,913.3021638173003,655.5342077060476,901.5,651.7
543,530,1.1436570822768208,913.3021638173003,655.5342077060476,901.5,651.7
543,531,5.039890874496778,913.3021638173003,655.5342077060476,901.5,651.7
543,532,11.456134096971695,913.3021638173003,655.5342077060476,901.5,651.7
543,533,17.95234634939421,913.3021638173003,655.5342077060476,901.5,651.7
543,534,17.95234634939421,913.3021638173003,655.5342077060476,901.5,651.7
543,535,17.95234634939421,913.3021638173003,655.5342077060476,901.5,651.7
543,536,17.95234634939421,913.3021638173003,655.5342077060476,901.5,651.7
543,537,17.95234634939421,913.3021638173003,655.5342077060476,901.5,651.7
543,538,17.95234634939421,913.3021638173003,655.5342077060476,901.5,651.7
543,539,17.95234634939421,913.3021638173003,655.5342077060476,901.5,651.7
543,540,17.95234634939421,913.3021638173003,655.5342077060476,910.4666666666667,657.7666666666667
543,541,17.95234634939421,951.3021638173003,679.5342077060476,919.4333333333333,663.8333333333334
543,542,17.95234634939421,951.3021638173003,679.5342077060476,928.4,669.9
543,543,17.95234634939421,951.3021638173003,679.5342077060476,928.4,669.9
543,544,17.95234634939421,951.3021638173003,679.5342077060476,928.4,669.9
544,545,17.95234634939421,951.3021638173003,679.5342077060476,928.4,669.9
545,546,17.95234634939421,951.3021638173003,679.5342077060476,928.4,669.9
546,547,17.95234634939421,951.3021638173003,679.5342077060476,928.4,669.9
547,548,17.95234634939421,951.3021638173003,679.5342077060476,928.4,669.9
548,549,17.95234634939421,951.3021638173003,679.5342077060476,928.4,669.9
549,550,17.95234634939421,951.3021638173003,679.5342077060476,928.4,669.9
550,551,17.95234634939421,951.3021638173003,679.5342077060476,928.4,669.9
551,552,17.95234634939421,951.3021638173003,679.5342077060476,928.4,669.9
552,553,17.95234634939421,951.3021638173003,679.5342077060476,928.4,669.9
553,554,17.95234634939421,951.3021638173003,679.5342077060476,928.4,669.9
554,555,17.95234634939421,951.3021638173003,679.5342077060476,928.4,669.9
555,556,17.95234634939421,951.3021638173003,679.5342077060476,928.4,669.9
556,557,17.95234634939421,951.3021638173003,679.5342077060476,928.4,669.9
557,558,17.95234634939421,951.3021638173003,679.5342077060476,928.4,669.9
558,559,17.95234634939421,951.3021638173003,679.5342077060476,928.4,669.9
559,560,17.95234634939421,951.3021638173003,679.5342077060476,928.4,669.9
560,561,17.95234634939421,951.3021638173003,679.5342077060476,928.4,669.9
561,562,17.95234634939421,951.3021638173003,679.5342077060476,928.4,669.9
562,563,17.95234634939421,951.3021638173003,679.5342077060476,928.4,669.9
563,564,17.95234634939421,951.3021638173003,679.5342077060476,928.4,669.9
564,565,17.95234634939421,951.3021638173003,679.5342077060476,928.4,669.9
565,566,17.95234634939421,951.3021638173003,679.5342077060476,928.4,669.9
566,567,17.95234634939421,951.3021638173003,679.5342077060476,928.4,669.9
567,568,17.95234634939421,951.3021638173003,679.5342077060476,928.4,669.9
568,569,17.95234634939421,951.3021638173003,679.5342077060476,928.4,669.9
569,570,17.95234634939421,951.3021638173003,679.5342077060476,928.4,669.9
570,571,17.95234634939421,951.3021638173003,679.5342077060476,928.4,669.9
571,572,17.95234634939421,951.3021638173003,679.5342077060476,928.4,669.9
572,573,17.95234634939421,951.3021638173003,679.5342077060476,928.4,669.9
573,574,17.95234634939421,951.3021638173003,679.5342077060476,928.4,669.9
574,575,17.95234634939421,951.3021638173003,679.5342077060476,928.4,669.9
575,576,17.95234634939421,951.3021638173003,679.5342077060476,928.4,669.9
576,577,17.95234634939421,951.3021638173003,679.5342077060476,928.4,669.9
577,578,17.95234634939421,951.3021638173003,679.5342077060476,928.4,669.9
578,579,17.95234634939421,951.3021638173003,679.5342077060476,928.4,669.9
579,580,17.95234634939421,951.3021638173003,679.5342077060476,928.4,669.9
580,581,17.95234634939421,951.3021638173003,679.5342077060476,928.4,669.9
581,582,17.95234634939421,951.3021638173003,679.5342077060476,928.4,669.9
582,583,17.95234634939421,951.3021638173003,679.5342077060476,928.4,669.9
583,584,17.95234634939421,951.3021638173003,679.5342077060476,928.4,669.9
584,585,17.95234634939421,951.3021638173003,679.5342077060476,928.4,669.9
585,586,17.95234634939421,951.3021638173003,679.5342077060476,928.4,669.9
586,587,17.95234634939421,951.3021638173003,679.5342077060476,928.4,669.9
587,588,17.95234634939421,951.3021638173003,679.5342077060476,928.4,669.9
588,589,17.95234634939421,951.3021638173003,679.5342077060476,928.4,669.9
589,590,17.95234634939421,951.3021638173003,679.5342077060476,928.4,669.9
590,591,17.95234634939421,951.3021638173003,679.5342077060476,928.4,669.9
591,592,17.95234634939421,951.3021638173003,679.5342077060476,928.4,669.9
592,593,17.95234634939421,951.3021638173003,679.5342077060476,928.4,669.9
593,594,17.95234634939421,951.3021638173003,679.5342077060476,928.4,669.9
594,595,17.95234634939421,951.3021638173003,679.5342077060476,928.4,669.9
595,596,17.95234634939421,927.3021638173003,673.5342077060476,928.4,669.9
596,597,17.95234634939421,927.3021638173003,673.5342077060476,928.4,669.9
597,598,17.95234634939421,927.3021638173003,673.5342077060476,928.4,669.9
598,599,17.95234634939421,927.3021638173003,673.5342077060476,928.4,669.9
599,600,17.95234634939421,927.3021638173003,673.5342077060476,928.4,669.9
600,601,17.95234634939421,927.3021638173003,673.5342077060476,921.6,668.1
601,602,17.95234634939421,927.3021638173003,673.5342077060476,914.8,666.3
602,603,17.95234634939421,927.3021638173003,673.5342077060476,908.0,664.5
603,604,17.95234634939421,927.3021638173003,673.5342077060476,908.0,664.5
604,605,17.95234634939421,927.3021638173003,673.5342077060476,908.0,664.5
605,606,17.95234634939421,927.3021638173003,673.5342077060476,908.0,664.5
606,607,17.95234634939421,927.3021638173003,673.5342077060476,908.0,664.5
607,608,17.95234634939421,927.3021638173003,673.5342077060476,908.0,664.5
608,609,17.95234634939421,927.3021638173003,673.5342077060476,908.0,664.5
609,610,5.634047921883287,927.3021638173003,673.5342077060476,908.0,664.5
610,611,5.634047921883287,927.3021638173003,673.5342077060476,908.0,664.5
611,612,5.634047921883287,927.3021638173003,673.5342077060476,908.0,664.5
612,613,5.634047921883287,927.3021638173003,673.5342077060476,908.0,664.5
613,614,5.634047921883287,927.3021638173003,673.5342077060476,908.0,664.5
614,615,5.634047921883287,927.3021638173003,673.5342077060476,908.0,664.5
615,616,5.634047921883287,927.3021638173003,673.5342077060476,908.0,664.5
616,617,5.634047921883287,927.3021638173003,673.5342077060476,908.0,664.5
617,618,5.634047921883287,927.3021638173003,673.5342077060476,908.0,664.5
618,619,5.634047921883287,927.3021638173003,673.5342077060476,908.0,664.5
619,620,5.634047921883287,927.3021638173003,673.5342077060476,908.0,664.5
620,621,5.634047921883287,927.3021638173003,673.5342077060476,908.0,664.5
621,622,5.634047921883287,927.3021638173003,673.5342077060476,908.0,664.5
622,623,5.634047921883287,927.3021638173003,673.5342077060476,908.0,664.5
623,624,5.634047921883287,927.3021638173003,673.5342077060476,908.0,664.5
624,625,5.634047921883287,927.3021638173003,673.5342077060476,908.0,664.5
625,626,5.634047921883287,927.3021638173003,673.5342077060476,908.0,664.5
626,627,5.634047921883287,927.3021638173003,673.5342077060476,908.0,664.5
627,628,5.634047921883287,927.3021638173003,673.5342077060476,908.0,664.5
628,629,5.634047921883287,927.3021638173003,673.5342077060476,908.0,664.5
629,630,5.634047921883287,927.3021638173003,673.5342077060476,908.0,664.5
630,631,5.634047921883287,927.3021638173003,673.5342077060476,910.925,652.225
631,632,5.634047921883287,927.3021638173003,673.5342077060476,913.85,639.95
632,633,5.634047921883287,927.3021638173003,673.5342077060476,916.7750000000001,627.675
633,634,5.634047921883287,927.3021638173003,673.5342077060476,919.7,615.4
634,635,5.634047921883287,927.3021638173003,673.5342077060476,919.7,615.4
635,636,5.634047921883287,927.3021638173003,673.5342077060476,919.7,615.4
636,637,5.634047921883287,927.3021638173003,673.5342077060476,919.7,615.4
637,638,5.634047921883287,927.3021638173003,673.5342077060476,919.7,615.4
638,639,5.634047921883287,927.3021638173003,673.5342077060476,919.7,615.4
639,640,5.634047921883287,927.3021638173003,673.5342077060476,919.7,615.4
640,641,5.634047921883287,927.3021638173003,673.5342077060476,919.7,615.4
641,642,5.634047921883287,927.3021638173003,673.5342077060476,919.7,615.4
642,643,5.634047921883287,927.3021638173003,673.5342077060476,919.7,615.4
643,644,5.634047921883287,927.3021638173003,673.5342077060476,919.7,615.4
644,645,5.634047921883287,927.3021638173003,673.5342077060476,919.7,615.4
645,646,5.634047921883287,927.3021638173003,673.5342077060476,919.7,615.4
646,647,0.8038064959123492,927.3021638173003,673.5342077060476,919.7,615.4
647,648,3.869771626723421,927.3021638173003,673.5342077060476,919.7,615.4
648,649,10.105527091961724,927.3021638173003,673.5342077060476,919.7,615.4
649,649,10.105527091961724,927.3021638173003,673.5342077060476,919.7,615.4
650,649,10.105527091961724,927.3021638173003,673.5342077060476,919.7,615.4
651,649,10.105527091961724,932.3021638173003,605.5342077060476,919.7,615.4
652,649,10.105527091961724,932.3021638173003,605.5342077060476,919.7,615.4
653,649,10.105527091961724,932.3021638173003,605.5342077060476,919.7,615.4
654,649,10.105527091961724,932.3021638173003,605.5342077060476,919.7,615.4
655,649,10.105527091961724,932.3021638173003,605.5342077060476,919.7,615.4
656,649,10.105527091961724,932.3021638173003,605.5342077060476,919.7,615.4
657,649,10.105527091961724,932.3021638173003,605.5342077060476,919.7,615.4
658,649,10.105527091961724,932.3021638173003,605.5342077060476,919.7,615.4
659,649,10.105527091961724,932.3021638173003,605.5342077060476,919.7,615.4
660,649,10.105527091961724,932.3021638173003,605.5342077060476,919.7,615.4
661,649,10.105527091961724,932.3021638173003,605.5342077060476,919.7,615.4
662,649,10.105527091961724,932.3021638173003,605.5342077060476,919.7,615.4
663,649,10.105527091961724,932.3021638173003,605.5342077060476,919.7,615.4
664,649,10.105527091961724,932.3021638173003,605.5342077060476,919.7,615.4
665,649,10.105527091961724,932.3021638173003,605.5342077060476,919.7,615.4
666,649,10.105527091961724,932.3021638173003,605.5342077060476,919.7,615.4
667,649,10.105527091961724,932.3021638173003,605.5342077060476,919.7,615.4
668,649,10.105527091961724,932.3021638173003,605.5342077060476,919.7,615.4
669,649,10.105527091961724,932.3021638173003,605.5342077060476,919.7,615.4
670,649,10.105527091961724,932.3021638173003,605.5342077060476,919.7,615.4
671,649,10.105527091961724,932.3021638173003,605.5342077060476,919.7,615.4
672,649,10.105527091961724,932.3021638173003,605.5342077060476,919.7,615.4
673,649,10.105527091961724,932.3021638173003,605.5342077060476,919.7,615.4
674,649,10.105527091961724,932.3021638173003,605.5342077060476,919.7,615.4
675,649,10.105527091961724,932.3021638173003,605.5342077060476,919.7,615.4
676,649,10.105527091961724,932.3021638173003,605.5342077060476,919.7,615.4
677,649,10.105527091961724,932.3021638173003,605.5342077060476,919.7,615.4
678,649,10.105527091961724,932.3021638173003,605.5342077060476,888.9333333333334,614.1
679,649,10.105527091961724,932.3021638173003,605.5342077060476,858.1666666666666,612.8
680,649,10.105527091961724,932.3021638173003,605.5342077060476,827.4,611.5
681,649,10.105527091961724,932.3021638173003,605.5342077060476,827.4,611.5
682,649,10.105527091961724,932.3021638173003,605.5342077060476,827.4,611.5
683,649,10.105527091961724,932.3021638173003,605.5342077060476,827.4,611.5
684,649,10.105527091961724,932.3021638173003,605.5342077060476,827.4,611.5
685,649,10.105527091961724,932.3021638173003,605.5342077060476,827.4,611.5
686,649,10.105527091961724,932.3021638173003,605.5342077060476,827.4,611.5
687,649,10.105527091961724,932.3021638173003,605.5342077060476,827.4,611.5
688,649,10.105527091961724,932.3021638173003,605.5342077060476,827.4,611.5
689,649,10.105527091961724,932.3021638173003,605.5342077060476,827.4,611.5
690,649,10.105527091961724,932.3021638173003,605.5342077060476,827.4,611.5
691,649,10.105527091961724,932.3021638173003,605.5342077060476,827.4,611.5
692,649,10.105527091961724,932.3021638173003,605.5342077060476,827.4,611.5
693,649,10.105527091961724,932.3021638173003,605.5342077060476,827.4,611.5
694,649,10.105527091961724,932.3021638173003,605.5342077060476,827.4,611.5
695,649,10.105527091961724,932.3021638173003,605.5342077060476,827.4,611.5
696,649,10.105527091961724,932.3021638173003,605.5342077060476,827.4,611.5
697,649,10.105527091961724,932.3021638173003,605.5342077060476,827.4,611.5
698,649,10.105527091961724,932.3021638173003,605.5342077060476,827.4,611.5
699,649,10.105527091961724,787.3021638173003,641.5342077060476,799.4,622.15
700,650,10.105527091961724,787.3021638173003,641.5342077060476,771.4,632.8
701,651,10.105527091961724,787.3021638173003,641.5342077060476,743.4,643.45
702,652,10.105527091961724,787.3021638173003,641.5342077060476,715.4,654.1
703,653,0.08656377536467603,787.3021638173003,641.5342077060476,715.4,654.1
704,654,0.08656377536467603,787.3021638173003,641.5342077060476,715.4,654.1
705,655,0.08656377536467603,787.3021638173003,641.5342077060476,715.4,654.1
706,656,0.08656377536467603,787.3021638173003,641.5342077060476,715.4,654.1
707,657,0.08656377536467603,787.3021638173003,641.5342077060476,715.4,654.1
708,658,0.08656377536467603,643.3021638173003,676.5342077060476,715.4,654.1
709,659,0.08656377536467603,643.3021638173003,676.5342077060476,715.4,654.1
710,660,0.08656377536467603,643.3021638173003,676.5342077060476,715.4,654.1
711,661,0.08656377536467603,643.3021638173003,676.5342077060476,715.4,654.1
712,662,0.08656377536467603,643.3021638173003,676.5342077060476,715.4,654.1
713,663,0.08656377536467603,643.3021638173003,676.5342077060476,715.4,654.1
714,664,0.08656377536467603,643.3021638173003,676.5342077060476,715.4,654.1
715,665,0.08656377536467603,643.3021638173003,676.5342077060476,715.4,654.1
716,666,0.08656377536467603,643.3021638173003,676.5342077060476,715.4,654.1
717,667,0.08656377536467603,643.3021638173003,676.5342077060476,715.4,654.1
718,668,0.08656377536467603,643.3021638173003,676.5342077060476,715.4,654.1
719,669,0.08656377536467603,643.3021638173003,676.5342077060476,715.4,654.1
720,670,0.08656377536467603,643.3021638173003,676.5342077060476,715.4,654.1
721,671,0.08656377536467603,643.3021638173003,676.5342077060476,715.4,654.1
722,672,0.08656377536467603,643.3021638173003,676.5342077060476,715.4,654.1
723,673,0.08656377536467603,643.3021638173003,676.5342077060476,715.4,654.1
724,674,0.08656377536467603,643.3021638173003,676.5342077060476,715.4,654.1
725,675,0.08656377536467603,643.3021638173003,676.5342077060476,715.4,654.1
726,676,0.08656377536467603,643.3021638173003,676.5342077060476,715.4,654.1
727,677,0.08656377536467603,643.3021638173003,676.5342077060476,715.4,654.1
728,678,0.08656377536467603,643.3021638173003,676.5342077060476,755.06,653.58
729,679,0.08656377536467603,643.3021638173003,676.5342077060476,794.72,653.0600000000001
730,680,0.08656377536467603,643.3021638173003,676.5342077060476,834.38,652.54
731,681,0.08656377536467603,643.3021638173003,676.5342077060476,874.04,652.02
732,682,0.08656377536467603,643.3021638173003,676.5342077060476,913.7,651.5
733,683,0.08656377536467603,643.3021638173003,676.5342077060476,913.7,651.5
734,684,0.08656377536467603,643.3021638173003,676.5342077060476,913.7,651.5
735,685,0.08656377536467603,643.3021638173003,676.5342077060476,913.7,651.5
736,686,0.08656377536467603,643.3021638173003,676.5342077060476,913.7,651.5
737,687,0.08656377536467603,643.3021638173003,676.5342077060476,913.7,651.5
738,688,0.08656377536467603,643.3021638173003,676.5342077060476,913.7,651.5
739,689,0.08656377536467603,914.3021638173003,685.5342077060476,913.7,651.5
740,690,0.08656377536467603,914.3021638173003,685.5342077060476,913.7,651.5
741,691,0.08656377536467603,914.3021638173003,685.5342077060476,913.7,651.5
742,692,0.08656377536467603,914.3021638173003,685.5342077060476,913.7,651.5
743,693,0.08656377536467603,914.3021638173003,685.5342077060476,913.7,651.5
744,694,0.08656377536467603,914.3021638173003,685.5342077060476,913.7,651.5
745,695,0.08656377536467603,914.3021638173003,685.5342077060476,913.7,651.5
746,696,0.08656377536467603,914.3021638173003,685.5342077060476,913.7,651.5
747,697,0.08656377536467603,914.3021638173003,685.5342077060476,913.7,651.5
748,698,0.08656377536467603,914.3021638173003,685.5342077060476,913.7,651.5
749,699,0.08656377536467603,914.3021638173003,685.5342077060476,913.7,651.5
750,700,0.08656377536467603,914.3021638173003,685.5342077060476,913.7,651.5
751,701,0.08656377536467603,914.3021638173003,685.5342077060476,913.7,651.5
752,702,0.08656377536467603,914.3021638173003,685.5342077060476,913.7,651.5
753,703,0.08656377536467603,914.3021638173003,685.5342077060476,913.7,651.5
754,704,0.08656377536467603,914.3021638173003,685.5342077060476,913.7,651.5
755,705,0.08656377536467603,914.3021638173003,685.5342077060476,913.7,651.5
756,706,0.08656377536467603,914.3021638173003,685.5342077060476,913.7,651.5
757,707,0.08656377536467603,914.3021638173003,685.5342077060476,913.7,651.5
758,708,2.9279367447515323,914.3021638173003,685.5342077060476,960.325,655.675
759,709,3.220029467036543,914.3021638173003,685.5342077060476,1006.95,659.85
759,710,0.24234048585744192,914.3021638173003,685.5342077060476,1053.575,664.0250000000001
759,711,0.24234048585744192,914.3021638173003,685.5342077060476,1100.2,668.2
759,712,0.24234048585744192,914.3021638173003,685.5342077060476,1100.2,668.2
759,713,0.24234048585744192,914.3021638173003,685.5342077060476,1100.2,668.2
759,714,0.24234048585744192,914.3021638173003,685.5342077060476,1100.2,668.2
759,715,0.24234048585744192,914.3021638173003,685.5342077060476,1100.2,668.2
759,716,0.24234048585744192,914.3021638173003,685.5342077060476,1100.2,668.2
759,717,0.24234048585744192,914.3021638173003,685.5342077060476,1100.2,668.2
759,718,0.24234048585744192,914.3021638173003,685.5342077060476,1100.2,668.2
759,719,0.24234048585744192,914.3021638173003,685.5342077060476,1100.2,668.2
759,720,0.24234048585744192,914.3021638173003,685.5342077060476,1100.2,668.2
759,721,0.24234048585744192,1088.3021638173004,686.5342077060476,1100.2,668.2
759,722,0.24234048585744192,1088.3021638173004,686.5342077060476,1100.2,668.2
759,723,0.24234048585744192,1088.3021638173004,686.5342077060476,1100.2,668.2
759,724,0.24234048585744192,1088.3021638173004,686.5342077060476,1100.2,668.2
759,725,0.24234048585744192,1088.3021638173004,686.5342077060476,1100.2,668.2
759,726,0.24234048585744192,1088.3021638173004,686.5342077060476,1100.2,668.2
759,727,0.24234048585744192,1088.3021638173004,686.5342077060476,1100.2,668.2
759,728,0.24234048585744192,1088.3021638173004,686.5342077060476,1136.025,666.325
759,729,0.24234048585744192,1088.3021638173004,686.5342077060476,1171.85,664.45
759,730,0.24234048585744192,1262.3021638173004,687.5342077060476,1207.675,662.575
759,731,0.24234048585744192,1262.3021638173004,687.5342077060476,1243.5,660.7
759,732,0.24234048585744192,1262.3021638173004,687.5342077060476,1243.5,660.7
760,733,0.24234048585744192,1262.3021638173004,687.5342077060476,1243.5,660.7
761,734,0.24234048585744192,1262.3021638173004,687.5342077060476,1243.5,660.7
762,735,0.24234048585744192,1262.3021638173004,687.5342077060476,1243.5,660.7
763,736,0.24234048585744192,1262.3021638173004,687.5342077060476,1243.5,660.7
764,737,0.24234048585744192,1262.3021638173004,687.5342077060476,1243.5,660.7
765,738,0.7081293824548192,1262.3021638173004,687.5342077060476,1243.5,660.7
766,739,1.873023831599591,1262.3021638173004,687.5342077060476,1243.5,660.7
767,740,3.3327371900720344,1262.3021638173004,687.5342077060476,1243.5,660.7
768,741,5.2125312901431755,1262.3021638173004,687.5342077060476,1243.5,660.7
769,742,5.2125312901431755,1262.3021638173004,687.5342077060476,1243.5,660.7
770,743,5.2125312901431755,1262.3021638173004,687.5342077060476,1243.5,660.7
771,744,5.2125312901431755,1262.3021638173004,687.5342077060476,1243.5,660.7
772,745,5.2125312901431755,1262.3021638173004,687.5342077060476,1243.5,660.7
773,746,5.2125312901431755,1262.3021638173004,687.5342077060476,1243.5,660.7
774,747,5.2125312901431755,1262.3021638173004,687.5342077060476,1243.5,660.7
775,748,5.2125312901431755,1262.3021638173004,687.5342077060476,1243.5,660.7
776,749,5.2125312901431755,1262.3021638173004,687.5342077060476,1243.5,660.7
777,750,5.2125312901431755,1262.3021638173004,687.5342077060476,1243.5,660.7
778,751,5.2125312901431755,1262.3021638173004,687.5342077060476,1243.5,660.7
779,752,5.2125312901431755,1262.3021638173004,687.5342077060476,1243.5,660.7
780,753,5.2125312901431755,1262.3021638173004,687.5342077060476,1243.5,660.7
781,754,5.2125312901431755,1262.3021638173004,687.5342077060476,1243.5,660.7
782,755,5.2125312901431755,1262.3021638173004,687.5342077060476,1243.5,660.7
783,756,5.2125312901431755,1262.3021638173004,687.5342077060476,1243.5,660.7
784,757,5.2125312901431755,1262.3021638173004,687.5342077060476,1243.5,660.7
785,758,5.2125312901431755,1262.3021638173004,687.5342077060476,1243.5,660.7
786,759,5.2125312901431755,1262.3021638173004,687.5342077060476,1243.5,660.7
786,760,5.2125312901431755,1262.3021638173004,687.5342077060476,1243.5,660.7
786,761,5.2125312901431755,1262.3021638173004,687.5342077060476,1243.5,660.7
786,762,5.2125312901431755,1262.3021638173004,687.5342077060476,1243.5,660.7
786,763,5.2125312901431755,1262.3021638173004,687.5342077060476,1243.5,660.7
786,764,5.2125312901431755,1262.3021638173004,687.5342077060476,1193.14,658.86
786,765,5.2125312901431755,1262.3021638173004,687.5342077060476,1142.78,657.02
787,766,5.2125312901431755,1262.3021638173004,687.5342077060476,1092.42,655.1800000000001
788,767,5.2125312901431755,1262.3021638173004,687.5342077060476,1042.06,653.34
789,768,5.2125312901431755,1262.3021638173004,687.5342077060476,991.7,651.5
790,769,5.2125312901431755,1262.3021638173004,687.5342077060476,991.7,651.5
791,770,5.2125312901431755,1262.3021638173004,687.5342077060476,991.7,651.5
792,771,5.2125312901431755,1262.3021638173004,687.5342077060476,991.7,651.5
793,772,5.2125312901431755,1262.3021638173004,687.5342077060476,991.7,651.5
794,773,5.2125312901431755,1262.3021638173004,687.5342077060476,991.7,651.5
795,774,5.2125312901431755,1262.3021638173004,687.5342077060476,991.7,651.5
796,775,5.2125312901431755,1262.3021638173004,687.5342077060476,991.7,651.5
797,776,5.2125312901431755,1262.3021638173004,687.5342077060476,991.7,651.5
798,777,5.2125312901431755,1262.3021638173004,687.5342077060476,991.7,651.5
799,778,5.2125312901431755,1262.3021638173004,687.5342077060476,991.7,651.5
800,779,5.2125312901431755,1262.3021638173004,687.5342077060476,991.7,651.5
801,780,5.2125312901431755,1262.3021638173004,687.5342077060476,991.7,651.5
802,781,5.2125312901431755,1262.3021638173004,687.5342077060476,991.7,651.5
803,782,5.2125312901431755,1262.3021638173004,687.5342077060476,991.7,651.5
804,783,5.2125312901431755,1262.3021638173004,687.5342077060476,991.7,651.5
805,784,5.2125312901431755,1262.3021638173004,687.5342077060476,991.7,651.5
806,785,5.2125312901431755,932.3021638173003,672.5342077060476,991.7,651.5
807,786,15.74451092080905,932.3021638173003,672.5342077060476,991.7,651.5
807,787,5.108194319365582,932.3021638173003,672.5342077060476,991.7,651.5
807,788,2.1182976399550624,932.3021638173003,672.5342077060476,991.7,651.5
807,789,2.1182976399550624,932.3021638173003,672.5342077060476,991.7,651.5
807,790,2.1182976399550624,932.3021638173003,672.5342077060476,969.325,651.275
807,791,2.1182976399550624,932.3021638173003,672.5342077060476,946.95,651.05
807,792,2.1182976399550624,932.3021638173003,672.5342077060476,924.575,650.825
807,793,2.1182976399550624,932.3021638173003,672.5342077060476,902.2,650.6
807,794,2.1182976399550624,932.3021638173003,672.5342077060476,902.2,650.6
807,795,2.1182976399550624,932.3021638173003,672.5342077060476,902.2,650.6
807,796,2.1182976399550624,932.3021638173003,672.5342077060476,902.2,650.6
807,797,2.1182976399550624,932.3021638173003,672.5342077060476,902.2,650.6
807,798,2.1182976399550624,932.3021638173003,672.5342077060476,902.2,650.6
807,799,2.1182976399550624,932.3021638173003,672.5342077060476,902.2,650.6
808,800,2.1182976399550624,932.3021638173003,672.5342077060476,902.2,650.6
809,801,2.1182976399550624,932.3021638173003,672.5342077060476,902.2,650.6
810,802,2.1182976399550624,932.3021638173003,672.5342077060476,902.2,650.6
811,803,2.1182976399550624,932.3021638173003,672.5342077060476,902.2,650.6
812,804,2.1182976399550624,932.3021638173003,672.5342077060476,902.2,650.6
813,805,2.1182976399550624,932.3021638173003,672.5342077060476,902.2,650.6
814,806,2.1182976399550624,932.3021638173003,672.5342077060476,902.2,650.6
815,807,3.3619194945111794,932.3021638173003,672.5342077060476,902.2,650.6
816,808,2.877584025297071,932.3021638173003,672.5342077060476,902.2,650.6
817,809,2.2077828745881525,932.3021638173003,672.5342077060476,904.5550000000001,652.585
818,810,1.6861619888129704,932.3021638173003,672.5342077060476,906.9100000000001,654.57
819,811,1.6861619888129704,932.3021638173003,672.5342077060476,909.265,656.5550000000001
820,812,1.6861619888129704,932.3021638173003,672.5342077060476,911.62,658.54
821,813,1.6861619888129704,932.3021638173003,672.5342077060476,913.975,660.525
822,814,1.6861619888129704,932.3021638173003,672.5342077060476,916.33,662.51
823,815,1.6861619888129704,932.3021638173003,672.5342077060476,918.6850000000001,664.495
824,816,1.6861619888129704,932.3021638173003,672.5342077060476,921.04,666.48
825,817,1.6861619888129704,932.3021638173003,672.5342077060476,923.395,668.465
826,818,1.6861619888129704,932.3021638173003,672.5342077060476,925.75,670.45
827,819,1.6861619888129704,932.3021638173003,672.5342077060476,928.105,672.435
828,820,1.6861619888129704,932.3021638173003,672.5342077060476,930.46,674.42
829,821,1.6861619888129704,932.3021638173003,672.5342077060476,932.8149999999999,676.405
830,822,1.6861619888129704,932.3021638173003,672.5342077060476,935.17,678.39
831,823,1.6861619888129704,932.3021638173003,672.5342077060476,937.525,680.375
832,824,1.6861619888129704,932.3021638173003,672.5342077060476,939.88,682.36
833,825,1.6861619888129704,932.3021638173003,672.5342077060476,942.235,684.3449999999999
834,826,1.6861619888129704,932.3021638173003,672.5342077060476,944.5899999999999,686.3299999999999
835,827,1.6861619888129704,932.3021638173003,672.5342077060476,946.9449999999999,688.3149999999999
836,828,1.6861619888129704,932.3021638173003,672.5342077060476,949.3,690.3
837,829,1.6861619888129704,932.3021638173003,672.5342077060476,949.3,690.3
838,830,1.6861619888129704,932.3021638173003,672.5342077060476,949.3,690.3
839,831,1.6861619888129704,932.3021638173003,672.5342077060476,949.3,690.3
840,832,1.6861619888129704,932.3021638173003,672.5342077060476,949.3,690.3
841,833,1.6861619888129704,932.3021638173003,672.5342077060476,949.3,690.3
842,834,1.6861619888129704,932.3021638173003,672.5342077060476,949.3,690.3
843,835,1.6861619888129704,932.3021638173003,672.5342077060476,949.3,690.3
844,836,5.6739474509732535,932.3021638173003,672.5342077060476,949.3,690.3
845,837,11.052376189049559,932.3021638173003,672.5342077060476,949.3,690.3
846,838,18.53465874731197,932.3021638173003,672.5342077060476,949.3,690.3
847,839,20.068974980286853,932.3021638173003,672.5342077060476,949.3,690.3
848,840,5.1181814194914,932.3021638173003,672.5342077060476,949.3,690.3
849,840,5.1181814194914,932.3021638173003,672.5342077060476,949.3,690.3
850,840,5.1181814194914,932.3021638173003,672.5342077060476,949.3,690.3
851,840,5.1181814194914,932.3021638173003,672.5342077060476,946.4722222222222,688.8833333333333
852,840,5.1181814194914,932.3021638173003,672.5342077060476,943.6444444444444,687.4666666666666
853,841,5.1181814194914,932.3021638173003,672.5342077060476,940.8166666666666,686.05
854,842,5.1181814194914,932.3021638173003,672.5342077060476,937.9888888888888,684.6333333333333
855,843,5.1181814194914,932.3021638173003,672.5342077060476,935.161111111111,683.2166666666666
856,844,5.1181814194914,932.3021638173003,672.5342077060476,932.3333333333333,681.8
857,845,5.1181814194914,932.3021638173003,672.5342077060476,929.5055555555555,680.3833333333333
858,846,5.1181814194914,932.3021638173003,672.5342077060476,926.6777777777777,678.9666666666666
859,847,5.1181814194914,932.3021638173003,672.5342077060476,923.8499999999999,677.55
860,848,5.1181814194914,932.3021638173003,672.5342077060476,921.0222222222222,676.1333333333333
861,849,5.1181814194914,932.3021638173003,672.5342077060476,918.1944444444445,674.7166666666666
862,850,5.1181814194914,932.3021638173003,672.5342077060476,915.3666666666667,673.3
863,851,5.1181814194914,932.3021638173003,672.5342077060476,912.5388888888889,671.8833333333333
864,852,5.1181814194914,932.3021638173003,672.5342077060476,909.7111111111111,670.4666666666666
865,853,5.1181814194914,932.3021638173003,672.5342077060476,906.8833333333333,669.05
866,854,5.1181814194914,932.3021638173003,672.5342077060476,904.0555555555555,667.6333333333333
867,855,5.1181814194914,932.3021638173003,672.5342077060476,901.2277777777778,666.2166666666666
868,856,5.1181814194914,932.3021638173003,672.5342077060476,898.4,664.8
869,857,5.1181814194914,932.3021638173003,672.5342077060476,898.4,664.8
870,858,5.1181814194914,932.3021638173003,672.5342077060476,898.4,664.8
871,859,5.1181814194914,932.3021638173003,672.5342077060476,898.4,664.8
872,860,5.1181814194914,932.3021638173003,672.5342077060476,898.8111111111111,664.8222222222222
873,861,5.1181814194914,932.3021638173003,672.5342077060476,899.2222222222222,664.8444444444444
874,862,5.1181814194914,932.3021638173003,672.5342077060476,899.6333333333333,664.8666666666667
875,863,5.1181814194914,932.3021638173003,672.5342077060476,900.0444444444445,664.8888888888889
876,864,5.1181814194914,932.3021638173003,672.5342077060476,900.4555555555555,664.911111111111
877,865,5.1181814194914,932.3021638173003,672.5342077060476,900.8666666666667,664.9333333333333
878,866,17.59330019230673,932.3021638173003,672.5342077060476,901.2777777777778,664.9555555555555
879,867,19.81243467788707,932.3021638173003,672.5342077060476,901.6888888888889,664.9777777777778
879,868,4.170679031768941,932.3021638173003,672.5342077060476,902.1,665.0
879,869,6.35527036218494,932.3021638173003,672.5342077060476,902.1,665.0
879,870,6.35527036218494,932.3021638173003,672.5342077060476,902.1,665.0
879,871,6.35527036218494,932.3021638173003,672.5342077060476,902.1,665.0
879,872,6.35527036218494,932.3021638173003,672.5342077060476,902.1,665.0
879,873,6.35527036218494,932.3021638173003,672.5342077060476,902.1,665.0
879,874,6.35527036218494,932.3021638173003,672.5342077060476,902.1,665.0
879,875,6.35527036218494,932.3021638173003,672.5342077060476,902.1,665.0
879,876,6.35527036218494,932.3021638173003,672.5342077060476,902.1,665.0
879,877,6.35527036218494,900.3021638173003,663.5342077060476,902.1,665.0
880,878,6.35527036218494,900.3021638173003,663.5342077060476,902.1,665.0
881,879,6.35527036218494,900.3021638173003,663.5342077060476,902.1,665.0
882,880,6.35527036218494,900.3021638173003,663.5342077060476,902.1,665.0
883,881,6.35527036218494,900.3021638173003,663.5342077060476,902.1,665.0
884,882,6.35527036218494,900.3021638173003,663.5342077060476,902.1,665.0
885,883,6.35527036218494,900.3021638173003,663.5342077060476,902.1,665.0
886,884,6.35527036218494,900.3021638173003,663.5342077060476,899.875,663.325
887,885,6.35527036218494,868.3021638173003,653.5342077060476,897.6500000000001,661.65
888,886,9.651232560285349,868.3021638173003,653.5342077060476,895.4250000000001,659.9749999999999
889,887,4.417826393082156,868.3021638173003,653.5342077060476,893.2,658.3
890,888,0.3169054953724619,868.3021638173003,653.5342077060476,893.2,658.3
891,888,0.3169054953724619,868.3021638173003,653.5342077060476,893.2,658.3
892,888,0.3169054953724619,868.3021638173003,653.5342077060476,875.3,651.05
893,888,0.3169054953724619,868.3021638173003,653.5342077060476,857.4,643.8
894,888,0.3169054953724619,868.3021638173003,653.5342077060476,857.4,643.8
895,888,0.3169054953724619,868.3021638173003,653.5342077060476,857.4,643.8
896,888,0.3169054953724619,868.3021638173003,653.5342077060476,857.4,643.8
897,888,0.3169054953724619,868.3021638173003,653.5342077060476,857.7904761904762,644.2142857142857
898,888,0.3169054953724619,868.3021638173003,653.5342077060476,858.1809523809524,644.6285714285714
899,888,0.3169054953724619,868.3021638173003,653.5342077060476,858.5714285714286,645.0428571428571
900,888,0.3169054953724619,868.3021638173003,653.5342077060476,858.9619047619047,645.4571428571428
901,888,0.3169054953724619,868.3021638173003,653.5342077060476,859.3523809523809,645.8714285714285
902,888,0.3169054953724619,868.3021638173003,653.5342077060476,859.7428571428571,646.2857142857142
903,888,0.3169054953724619,868.3021638173003,653.5342077060476,860.1333333333333,646.6999999999999
904,888,0.3169054953724619,868.3021638173003,653.5342077060476,860.5238095238095,647.1142857142856
905,889,2.95216341374136,868.3021638173003,653.5342077060476,860.9142857142857,647.5285714285714
906,890,2.95216341374136,868.3021638173003,653.5342077060476,861.3047619047619,647.9428571428571
907,891,2.95216341374136,868.3021638173003,653.5342077060476,861.6952380952381,648.3571428571429
908,892,2.95216341374136,868.3021638173003,653.5342077060476,862.0857142857143,648.7714285714286
909,893,2.95216341374136,868.3021638173003,653.5342077060476,862.4761904761905,649.1857142857143
910,894,2.95216341374136,868.3021638173003,653.5342077060476,862.8666666666667,649.6
911,895,2.95216341374136,868.3021638173003,653.5342077060476,863.2571428571429,650.0142857142857
912,896,2.95216341374136,868.3021638173003,653.5342077060476,863.6476190476191,650.4285714285714
913,897,2.95216341374136,868.3021638173003,653.5342077060476,864.0380952380953,650.8428571428572
914,898,2.95216341374136,868.3021638173003,653.5342077060476,864.4285714285714,651.2571428571429
915,899,2.95216341374136,868.3021638173003,653.5342077060476,864.8190476190476,651.6714285714286
916,900,2.95216341374136,868.3021638173003,653.5342077060476,865.2095238095238,652.0857142857143
917,901,2.95216341374136,868.3021638173003,653.5342077060476,865.6,652.5
918,902,2.95216341374136,868.3021638173003,653.5342077060476,865.6,652.5
919,903,2.95216341374136,868.3021638173003,653.5342077060476,865.6,652.5
920,904,2.95216341374136,868.3021638173003,653.5342077060476,879.725,624.3
921,905,2.95216341374136,868.3021638173003,653.5342077060476,893.85,596.1
922,906,2.95216341374136,868.3021638173003,653.5342077060476,907.975,567.9000000000001
923,907,2.95216341374136,868.3021638173003,653.5342077060476,922.1,539.7
924,908,2.95216341374136,868.3021638173003,653.5342077060476,922.1,539.7
925,909,2.95216341374136,868.3021638173003,653.5342077060476,922.1,539.7
926,910,2.95216341374136,868.3021638173003,653.5342077060476,922.1,539.7
927,911,2.95216341374136,924.3021638173003,562.5342077060476,922.1,539.7
928,912,2.95216341374136,924.3021638173003,562.5342077060476,922.1,539.7
929,913,2.95216341374136,924.3021638173003,562.5342077060476,922.1,539.7
930,914,2.95216341374136,924.3021638173003,562.5342077060476,922.1,539.7
931,915,2.95216341374136,924.3021638173003,562.5342077060476,922.1,539.7
932,916,2.95216341374136,924.3021638173003,562.5342077060476,922.1,539.7
933,917,2.95216341374136,924.3021638173003,562.5342077060476,922.1,539.7
934,918,2.95216341374136,924.3021638173003,562.5342077060476,922.1,539.7
935,919,2.95216341374136,924.3021638173003,562.5342077060476,922.1,539.7
936,920,2.95216341374136,924.3021638173003,562.5342077060476,922.1,539.7
937,921,2.95216341374136,924.3021638173003,562.5342077060476,922.1,539.7
938,922,0.9994850421362401,924.3021638173003,562.5342077060476,922.1,539.7
939,922,0.9994850421362401,924.3021638173003,562.5342077060476,922.1,539.7
940,923,6.614293566837666,924.3021638173003,562.5342077060476,922.1,539.7
941,924,15.00299128378766,924.3021638173003,562.5342077060476,922.1,539.7
942,925,28.080829586816943,924.3021638173003,562.5342077060476,922.1,539.7
943,926,27.67485377005667,924.3021638173003,562.5342077060476,922.1,539.7
944,927,27.67485377005667,924.3021638173003,562.5342077060476,922.1,539.7
945,928,27.67485377005667,924.3021638173003,562.5342077060476,922.1,539.7
946,929,27.67485377005667,924.3021638173003,562.5342077060476,922.1,539.7
947,930,27.67485377005667,924.3021638173003,562.5342077060476,910.05,545.05
948,931,27.67485377005667,924.3021638173003,562.5342077060476,898.0,550.4
949,932,27.67485377005667,924.3021638173003,562.5342077060476,898.0,550.4
950,933,27.67485377005667,924.3021638173003,562.5342077060476,898.0,550.4
951,934,27.67485377005667,924.3021638173003,562.5342077060476,898.0,550.4
952,935,27.67485377005667,924.3021638173003,562.5342077060476,898.0,550.4
953,936,27.67485377005667,924.3021638173003,562.5342077060476,898.0,550.4
954,937,27.67485377005667,924.3021638173003,562.5342077060476,898.0,550.4
955,938,27.67485377005667,924.3021638173003,562.5342077060476,898.0,550.4
956,939,27.67485377005667,924.3021638173003,562.5342077060476,898.0,550.4
957,940,27.67485377005667,924.3021638173003,562.5342077060476,898.0,550.4
958,941,27.67485377005667,924.3021638173003,562.5342077060476,898.0,550.4
959,942,27.67485377005667,924.3021638173003,562.5342077060476,898.0,550.4
960,943,27.67485377005667,924.3021638173003,562.5342077060476,898.0,550.4
961,944,27.67485377005667,924.3021638173003,562.5342077060476,898.0,550.4
962,945,27.67485377005667,924.3021638173003,562.5342077060476,898.0,550.4
963,946,27.67485377005667,924.3021638173003,562.5342077060476,898.0,550.4
964,947,27.67485377005667,924.3021638173003,562.5342077060476,898.0,550.4
965,948,16.594414816645127,924.3021638173003,562.5342077060476,898.0,550.4
966,949,5.101788432198526,924.3021638173003,562.5342077060476,898.0,550.4
967,949,5.101788432198526,924.3021638173003,562.5342077060476,866.0,566.12
968,949,5.101788432198526,924.3021638173003,562.5342077060476,834.0,581.84
969,950,5.922238631076661,924.3021638173003,562.5342077060476,802.0,597.56
970,951,15.7876060873974,924.3021638173003,562.5342077060476,770.0,613.28
971,952,15.7876060873974,924.3021638173003,562.5342077060476,738.0,629.0
972,953,15.7876060873974,924.3021638173003,562.5342077060476,738.0,629.0
973,954,15.7876060873974,924.3021638173003,562.5342077060476,738.0,629.0
974,955,15.7876060873974,924.3021638173003,562.5342077060476,738.0,629.0
975,956,15.7876060873974,924.3021638173003,562.5342077060476,738.0,629.0
976,957,15.7876060873974,924.3021638173003,562.5342077060476,738.0,629.0
977,958,15.7876060873974,924.3021638173003,562.5342077060476,738.0,629.0
978,959,15.7876060873974,924.3021638173003,562.5342077060476,738.0,629.0
979,960,15.7876060873974,924.3021638173003,562.5342077060476,738.0,629.0
980,961,15.7876060873974,924.3021638173003,562.5342077060476,738.0,629.0
981,962,15.7876060873974,924.3021638173003,562.5342077060476,738.0,629.0
982,963,15.7876060873974,924.3021638173003,562.5342077060476,738.0,629.0
983,964,15.7876060873974,841.3021638173003,596.5342077060476,738.0,629.0
984,965,15.7876060873974,841.3021638173003,596.5342077060476,738.0,629.0
985,966,15.7876060873974,841.3021638173003,596.5342077060476,738.0,629.0
986,967,14.414830171064024,841.3021638173003,596.5342077060476,738.0,629.0
987,968,13.058149536736657,841.3021638173003,596.5342077060476,738.0,629.0
988,969,11.718776029842527,841.3021638173003,596.5342077060476,738.0,629.0
989,970,10.397815250956917,841.3021638173003,596.5342077060476,738.0,629.0
990,971,9.096264448550954,841.3021638173003,596.5342077060476,738.0,629.0
991,972,7.815011776906375,758.3021638173003,629.5342077060476,738.0,629.0
992,973,6.554836819662382,758.3021638173003,629.5342077060476,738.0,629.0
993,974,5.316412260162478,758.3021638173003,629.5342077060476,738.0,629.0
994,975,4.100306566233988,758.3021638173003,629.5342077060476,738.0,629.0
995,976,2.9069875490367627,758.3021638173003,629.5342077060476,738.0,629.0
996,977,1.7368266526766216,758.3021638173003,629.5342077060476,715.8,630.875
997,978,0.5901038327989893,758.3021638173003,629.5342077060476,693.6,632.75
998,979,0.5329871123895724,758.3021638173003,629.5342077060476,671.4000000000001,634.625
999,979,0.5329871123895724,758.3021638173003,629.5342077060476,649.2,636.5
1000,979,0.5329871123895724,758.3021638173003,629.5342077060476,649.2,636.5
1001,979,0.5329871123895724,758.3021638173003,629.5342077060476,649.2,636.5
1002,979,0.5329871123895724,758.3021638173003,629.5342077060476,649.2,636.5
1003,979,0.5329871123895724,758.3021638173003,629.5342077060476,649.2,636.5
1004,979,0.5329871123895724,758.3021638173003,629.5342077060476,649.2,636.5
1005,980,1.632332887033526,758.3021638173003,629.5342077060476,649.2,636.5
1006,981,2.707894836378027,758.3021638173003,629.5342077060476,649.2,636.5
1007,982,3.759702985427027,758.3021638173003,629.5342077060476,649.2,636.5
1008,983,4.787850070745751,758.3021638173003,629.5342077060476,649.2,636.5
1009,984,5.79248564562647,758.3021638173003,629.5342077060476,649.2,636.5
1010,985,6.773810325926279,758.3021638173003,629.5342077060476,649.2,636.5
1011,986,7.7320702315114875,758.3021638173003,629.5342077060476,649.2,636.5
1012,987,7.7320702315114875,758.3021638173003,629.5342077060476,649.2,636.5
1013,988,7.7320702315114875,758.3021638173003,629.5342077060476,649.2,636.5
1014,989,7.7320702315114875,758.3021638173003,629.5342077060476,649.2,636.5
1015,990,7.7320702315114875,758.3021638173003,629.5342077060476,649.2,636.5
1016,991,7.7320702315114875,649.3021638173003,663.5342077060476,649.2,636.5
1017,992,7.7320702315114875,649.3021638173003,663.5342077060476,649.2,636.5
1018,993,7.7320702315114875,649.3021638173003,663.5342077060476,649.2,636.5
1019,994,7.7320702315114875,649.3021638173003,663.5342077060476,649.2,636.5
1020,995,7.7320702315114875,649.3021638173003,663.5342077060476,649.2,636.5
1021,996,7.7320702315114875,649.3021638173003,663.5342077060476,649.2,636.5
1022,997,7.7320702315114875,649.3021638173003,663.5342077060476,649.2,636.5
1023,998,7.7320702315114875,649.3021638173003,663.5342077060476,649.2,636.5
1024,999,7.7320702315114875,649.3021638173003,663.5342077060476,649.2,636.5
1025,1000,7.7320702315114875,649.3021638173003,663.5342077060476,649.2,636.5
1026,1001,6.612411137716805,649.3021638173003,663.5342077060476,649.2,636.5
1027,1002,5.4753214944722695,649.3021638173003,663.5342077060476,649.2,636.5
1028,1003,4.32130735833393,649.3021638173003,663.5342077060476,649.2,636.5
1029,1004,3.150944828968335,649.3021638173003,663.5342077060476,649.2,636.5
1030,1005,1.9648809505819258,649.3021638173003,663.5342077060476,649.2,636.5
1031,1006,0.7638340031261385,649.3021638173003,663.5342077060476,649.2,636.5
1032,1007,0.4514068729981923,649.3021638173003,663.5342077060476,649.2,636.5
1033,1007,0.4514068729981923,649.3021638173003,663.5342077060476,649.2,636.5
1034,1008,1.6799827668433416,649.3021638173003,663.5342077060476,649.2,636.5
1035,1009,2.920966839161207,649.3021638173003,663.5342077060476,649.2,636.5
1036,1010,4.173366942271981,649.3021638173003,663.5342077060476,649.2,636.5
1037,1011,5.436129028444686,649.3021638173003,663.5342077060476,649.2,636.5
1038,1012,6.708141341797619,649.3021638173003,663.5342077060476,649.2,636.5
1039,1013,5.999749058204015,649.3021638173003,663.5342077060476,649.2,636.5
1039,1014,4.712776901952348,649.3021638173003,663.5342077060476,649.2,636.5
1039,1015,3.420182949221099,649.3021638173003,663.5342077060476,649.2,636.5
1039,1016,2.123253339353954,649.3021638173003,663.5342077060476,649.2,636.5
1039,1017,0.8233005902549085,649.3021638173003,663.5342077060476,649.2,636.5
1039,1018,0.4783442297818036,649.3021638173003,663.5342077060476,649.2,636.5
1039,1019,0.4783442297818036,649.3021638173003,663.5342077060476,649.2,636.5
1039,1020,0.4783442297818036,649.3021638173003,663.5342077060476,649.2,636.5
1039,1021,0.4783442297818036,649.3021638173003,663.5342077060476,649.2,636.5
1039,1022,0.32234733451269054,649.3021638173003,663.5342077060476,649.2,636.5
1039,1023,0.16598867446399398,649.3021638173003,663.5342077060476,649.2,636.5
1039,1024,0.009269326711076047,649.3021638173003,663.5342077060476,664.3937500000001,637.66875
1039,1025,0.14780960500879106,649.3021638173003,663.5342077060476,679.5875000000001,638.8375
1039,1026,0.3052469904261485,649.3021638173003,663.5342077060476,694.78125,640.00625
1039,1027,0.46304167233086513,649.3021638173003,663.5342077060476,709.975,641.175
1039,1028,0.6211924666251487,649.3021638173003,663.5342077060476,725.16875,642.34375
1039,1029,0.7796981621425001,649.3021638173003,663.5342077060476,740.3625,643.5125
1039,1030,0.938557520548089,649.3021638173003,663.5342077060476,755.55625,644.68125
1039,1031,0.938557520548089,649.3021638173003,663.5342077060476,770.75,645.85
1039,1032,0.938557520548089,649.3021638173003,663.5342077060476,785.94375,647.0187500000001
1039,1033,0.938557520548089,649.3021638173003,663.5342077060476,801.1375,648.1875
1039,1034,0.938557520548089,649.3021638173003,663.5342077060476,816.33125,649.35625
1039,1035,0.938557520548089,649.3021638173003,663.5342077060476,831.525,650.5250000000001
1039,1036,0.938557520548089,649.3021638173003,663.5342077060476,846.71875,651.69375
1039,1037,0.938557520548089,649.3021638173003,663.5342077060476,861.9124999999999,652.8625000000001
1039,1038,0.938557520548089,949.3021638173003,679.5342077060476,877.1062499999999,654.03125
1039,1039,0.938557520548089,949.3021638173003,679.5342077060476,892.3,655.2
1039,1040,0.938557520548089,949.3021638173003,679.5342077060476,892.3,655.2
1039,1041,0.938557520548089,949.3021638173003,679.5342077060476,892.3,655.2
1039,1042,0.938557520548089,949.3021638173003,679.5342077060476,892.3,655.2
1039,1043,0.938557520548089,949.3021638173003,679.5342077060476,892.3,655.2
1039,1044,0.938557520548089,949.3021638173003,679.5342077060476,892.3,655.2
1040,1045,0.938557520548089,949.3021638173003,679.5342077060476,892.3,655.2
1041,1046,0.19862884685798277,949.3021638173003,679.5342077060476,892.3,655.2
1042,1047,1.3446418358298915,949.3021638173003,679.5342077060476,893.5166666666667,654.9666666666667
1043,1048,2.4986576204712483,949.3021638173003,679.5342077060476,894.7333333333333,654.7333333333333
1044,1049,3.659814895439827,949.3021638173003,679.5342077060476,895.95,654.5
1045,1050,3.659814895439827,949.3021638173003,679.5342077060476,897.1666666666666,654.2666666666667
1046,1051,3.659814895439827,949.3021638173003,679.5342077060476,898.3833333333333,654.0333333333333
1047,1052,1.5931948599989718,949.3021638173003,679.5342077060476,899.6,653.8
1048,1053,5.740221725916812,949.3021638173003,679.5342077060476,899.6,653.8
1049,1054,5.740221725916812,949.3021638173003,679.5342077060476,899.6,653.8
1050,1055,5.740221725916812,949.3021638173003,679.5342077060476,899.6,653.8
1051,1056,5.740221725916812,949.3021638173003,679.5342077060476,899.6,653.8
1052,1057,5.516901106742409,949.3021638173003,679.5342077060476,899.6,653.8
1053,1058,5.29364889785063,949.3021638173003,679.5342077060476,899.6,653.8
1054,1059,5.0704718435916805,949.3021638173003,679.5342077060476,899.6,653.8
1055,1060,4.847376674655048,949.3021638173003,679.5342077060476,899.6,653.8
1056,1061,4.62437010685971,949.3021638173003,679.5342077060476,897.85,654.55
1057,1062,4.401458839955086,949.3021638173003,679.5342077060476,896.1,655.3
1058,1063,4.1786495564257775,949.3021638173003,679.5342077060476,894.35,656.05
1059,1064,3.9559489203057234,949.3021638173003,679.5342077060476,892.6,656.8
1060,1065,3.73336357600207,949.3021638173003,679.5342077060476,890.85,657.55
1061,1066,3.5109001471238885,949.3021638173003,679.5342077060476,889.1,658.3
1062,1067,3.2885652353243247,949.3021638173003,679.5342077060476,889.1,658.3
1063,1068,3.066365419149929,949.3021638173003,679.5342077060476,889.1,658.3
1064,1069,2.8443072529022735,949.3021638173003,679.5342077060476,889.1,658.3
1065,1070,2.622397265507813,949.3021638173003,679.5342077060476,889.1,658.3
1066,1071,2.4006419594023423,949.3021638173003,679.5342077060476,889.1,658.3
1067,1072,2.179047809423321,949.3021638173003,679.5342077060476,889.1,658.3
1068,1073,1.9576212617179536,949.3021638173003,679.5342077060476,890.85,659.15
1069,1074,1.736368732661305,949.3021638173003,679.5342077060476,892.6,660.0
1070,1075,1.5152966077895884,949.3021638173003,679.5342077060476,894.35,660.85
1071,1076,1.2944112407438508,949.3021638173003,679.5342077060476,896.1,661.7
1072,1077,1.073718952231707,897.3021638173003,664.5342077060476,896.1,661.7
1073,1077,1.073718952231707,897.3021638173003,664.5342077060476,896.1,661.7
1074,1077,1.073718952231707,897.3021638173003,664.5342077060476,893.725,661.6437500000001
1075,1077,1.073718952231707,897.3021638173003,664.5342077060476,891.35,661.5875000000001
1076,1077,1.073718952231707,897.3021638173003,664.5342077060476,888.975,661.53125
1077,1077,1.073718952231707,897.3021638173003,664.5342077060476,886.6,661.475
1078,1077,1.073718952231707,897.3021638173003,664.5342077060476,884.225,661.41875
1079,1077,1.073718952231707,897.3021638173003,664.5342077060476,881.85,661.3625
1080,1077,1.073718952231707,897.3021638173003,664.5342077060476,879.475,661.30625
1081,1077,1.073718952231707,897.3021638173003,664.5342077060476,877.1,661.25
1082,1077,1.073718952231707,897.3021638173003,664.5342077060476,874.725,661.19375
1083,1077,1.073718952231707,897.3021638173003,664.5342077060476,872.35,661.1375
1084,1078,1.073718952231707,897.3021638173003,664.5342077060476,869.975,661.08125
1085,1079,1.073718952231707,897.3021638173003,664.5342077060476,867.6,661.025
1086,1080,4.672333129113386,897.3021638173003,664.5342077060476,865.225,660.96875
1087,1081,8.038252588194801,897.3021638173003,664.5342077060476,862.85,660.9124999999999
1088,1082,4.058312760208745,897.3021638173003,664.5342077060476,860.475,660.8562499999999
1089,1082,4.058312760208745,897.3021638173003,664.5342077060476,858.1,660.8
1090,1082,4.058312760208745,897.3021638173003,664.5342077060476,858.1,660.8
1091,1082,4.058312760208745,897.3021638173003,664.5342077060476,858.1,660.8
1092,1082,4.058312760208745,897.3021638173003,664.5342077060476,839.5500000000001,659.53
1093,1082,4.058312760208745,897.3021638173003,664.5342077060476,821.0,658.26
1094,1082,4.058312760208745,897.3021638173003,664.5342077060476,802.45,656.99
1095,1082,4.058312760208745,897.3021638173003,664.5342077060476,783.9,655.72
1096,1082,4.058312760208745,897.3021638173003,664.5342077060476,765.35,654.45
1097,1082,4.058312760208745,897.3021638173003,664.5342077060476,746.8,653.18
1098,1082,4.058312760208745,897.3021638173003,664.5342077060476,728.25,651.91
1099,1082,4.058312760208745,897.3021638173003,664.5342077060476,709.7,650.64
1100,1082,4.058312760208745,897.3021638173003,664.5342077060476,691.15,649.37
1101,1082,4.058312760208745,897.3021638173003,664.5342077060476,672.6,648.1
1102,1082,4.058312760208745,897.3021638173003,664.5342077060476,672.6,648.1
1103,1082,4.058312760208745,897.3021638173003,664.5342077060476,672.6,648.1
1104,1082,4.058312760208745,897.3021638173003,664.5342077060476,672.6,648.1
1105,1082,4.058312760208745,897.3021638173003,664.5342077060476,672.6,648.1
1106,1082,4.058312760208745,897.3021638173003,664.5342077060476,672.6,648.1
1107,1082,4.058312760208745,755.3021638173003,666.5342077060476,672.6,648.1
1108,1082,4.058312760208745,755.3021638173003,666.5342077060476,672.6,648.1
1109,1082,4.058312760208745,755.3021638173003,666.5342077060476,672.6,648.1
1110,1082,4.058312760208745,755.3021638173003,666.5342077060476,672.6,648.1
1111,1082,4.058312760208745,755.3021638173003,666.5342077060476,672.6,648.1
1112,1082,4.058312760208745,613.3021638173003,667.5342077060476,672.6,648.1
1113,1082,4.058312760208745,613.3021638173003,667.5342077060476,672.6,648.1
1114,1082,4.058312760208745,613.3021638173003,667.5342077060476,672.6,648.1
1115,1082,4.058312760208745,613.3021638173003,667.5342077060476,672.6,648.1
1116,1082,4.058312760208745,613.3021638173003,667.5342077060476,672.6,648.1
1117,1082,4.058312760208745,613.3021638173003,667.5342077060476,672.6,648.1
1118,1082,4.058312760208745,613.3021638173003,667.5342077060476,672.6,648.1
1119,1082,4.058312760208745,613.3021638173003,667.5342077060476,672.6,648.1
1120,1082,4.058312760208745,613.3021638173003,667.5342077060476,672.6,648.1
1121,1082,4.058312760208745,613.3021638173003,667.5342077060476,672.6,648.1
1122,1082,4.058312760208745,613.3021638173003,667.5342077060476,672.6,648.1
1123,1082,4.058312760208745,613.3021638173003,667.5342077060476,672.6,648.1
1124,1082,4.058312760208745,613.3021638173003,667.5342077060476,672.6,648.1
1125,1082,4.058312760208745,613.3021638173003,667.5342077060476,672.6,648.1
1126,1082,4.058312760208745,613.3021638173003,667.5342077060476,672.6,648.1
1127,1082,4.058312760208745,613.3021638173003,667.5342077060476,672.6,648.1
1128,1082,4.058312760208745,613.3021638173003,667.5342077060476,672.6,648.1
1129,1082,4.058312760208745,613.3021638173003,667.5342077060476,672.6,648.1
1130,1082,4.058312760208745,613.3021638173003,667.5342077060476,672.6,648.1
1131,1082,4.058312760208745,613.3021638173003,667.5342077060476,672.6,648.1
1132,1082,4.058312760208745,613.3021638173003,667.5342077060476,672.6,648.1
1133,1082,4.058312760208745,613.3021638173003,667.5342077060476,672.6,648.1
1134,1082,4.058312760208745,613.3021638173003,667.5342077060476,672.6,648.1
1135,1082,4.058312760208745,613.3021638173003,667.5342077060476,672.6,648.1
1136,1082,4.058312760208745,613.3021638173003,667.5342077060476,672.6,648.1
1137,1082,4.058312760208745,613.3021638173003,667.5342077060476,672.6,648.1
1138,1082,4.058312760208745,613.3021638173003,667.5342077060476,672.6,648.1
1139,1082,4.058312760208745,613.3021638173003,667.5342077060476,672.6,648.1
1140,1082,4.058312760208745,613.3021638173003,667.5342077060476,672.6,648.1
1141,1083,32.71562944869031,613.3021638173003,667.5342077060476,707.8,652.325
1142,1084,32.71562944869031,613.3021638173003,667.5342077060476,743.0,656.55
1143,1085,25.921360918430562,613.3021638173003,667.5342077060476,778.2,660.775
1144,1086,25.921360918430562,613.3021638173003,667.5342077060476,813.4,665.0
1145,1087,25.921360918430562,613.3021638173003,667.5342077060476,813.4,665.0
1146,1088,25.921360918430562,613.3021638173003,667.5342077060476,813.4,665.0
1147,1089,25.921360918430562,613.3021638173003,667.5342077060476,814.3333333333334,662.5333333333333
1148,1090,25.921360918430562,613.3021638173003,667.5342077060476,815.2666666666667,660.0666666666667
1149,1091,25.921360918430562,613.3021638173003,667.5342077060476,816.2,657.6
1150,1092,25.921360918430562,613.3021638173003,667.5342077060476,816.2,657.6
1151,1093,24.39008165603275,613.3021638173003,667.5342077060476,816.2,657.6
1152,1094,24.39008165603275,613.3021638173003,667.5342077060476,816.2,657.6
1153,1095,24.39008165603275,737.3021638173003,668.5342077060476,816.2,657.6
1154,1096,24.39008165603275,737.3021638173003,668.5342077060476,816.2,657.6
1155,1097,24.39008165603275,737.3021638173003,668.5342077060476,816.2,657.6
1156,1098,24.39008165603275,737.3021638173003,668.5342077060476,816.2,657.6
1157,1099,24.39008165603275,737.3021638173003,668.5342077060476,816.2,657.6
1158,1100,24.39008165603275,737.3021638173003,668.5342077060476,816.2,657.6
1159,1101,24.39008165603275,737.3021638173003,668.5342077060476,816.2,657.6
1160,1102,24.39008165603275,860.3021638173003,669.5342077060476,816.2,657.6
1161,1103,24.39008165603275,860.3021638173003,669.5342077060476,816.2,657.6
1162,1104,24.39008165603275,860.3021638173003,669.5342077060476,816.2,657.6
1163,1105,24.39008165603275,860.3021638173003,669.5342077060476,816.2,657.6
1164,1106,24.39008165603275,860.3021638173003,669.5342077060476,836.1142857142858,657.1
1165,1107,18.16351241853839,860.3021638173003,669.5342077060476,856.0285714285715,656.6
1166,1108,14.414307520149658,860.3021638173003,669.5342077060476,875.9428571428572,656.1
1167,1109,14.414307520149658,860.3021638173003,669.5342077060476,895.8571428571429,655.6
1168,1110,14.414307520149658,860.3021638173003,669.5342077060476,915.7714285714286,655.1
1169,1111,14.414307520149658,860.3021638173003,669.5342077060476,935.6857142857143,654.6
1170,1112,14.414307520149658,860.3021638173003,669.5342077060476,955.6,654.1
1171,1113,14.414307520149658,860.3021638173003,669.5342077060476,975.5142857142857,653.6
1172,1114,14.414307520149658,860.3021638173003,669.5342077060476,995.4285714285714,653.1
1173,1115,14.414307520149658,860.3021638173003,669.5342077060476,1015.3428571428572,652.6
1174,1116,14.414307520149658,860.3021638173003,669.5342077060476,1035.2571428571428,652.1
1175,1117,14.414307520149658,860.3021638173003,669.5342077060476,1055.1714285714286,651.6
1176,1118,12.160632583526722,1055.3021638173004,674.5342077060476,1075.0857142857144,651.1
1176,1119,12.160632583526722,1055.3021638173004,674.5342077060476,1095.0,650.6
1176,1120,12.160632583526722,1055.3021638173004,674.5342077060476,1095.0,650.6
1176,1121,12.160632583526722,1055.3021638173004,674.5342077060476,1095.0,650.6
1176,1122,12.160632583526722,1055.3021638173004,674.5342077060476,1095.0,650.6
1176,1123,12.160632583526722,1055.3021638173004,674.5342077060476,1104.9076923076923,650.4615384615385
1176,1124,12.160632583526722,1055.3021638173004,674.5342077060476,1114.8153846153846,650.3230769230769
1176,1125,12.160632583526722,1055.3021638173004,674.5342077060476,1124.7230769230769,650.1846153846154
1176,1126,12.160632583526722,1249.3021638173004,680.5342077060476,1134.6307692307691,650.0461538461539
1176,1127,6.15374679054242,1249.3021638173004,680.5342077060476,1144.5384615384614,649.9076923076923
1176,1128,3.313444587468481,1249.3021638173004,680.5342077060476,1154.4461538461537,649.7692307692307
1176,1129,1.6660132909252934,1249.3021638173004,680.5342077060476,1164.3538461538462,649.6307692307693
1176,1130,0.5920481185032783,1249.3021638173004,680.5342077060476,1174.2615384615385,649.4923076923077
1176,1131,0.16300618482331394,1249.3021638173004,680.5342077060476,1184.1692307692308,649.3538461538461
1176,1132,0.16300618482331394,1249.3021638173004,680.5342077060476,1194.076923076923,649.2153846153846
1176,1133,0.16300618482331394,1249.3021638173004,680.5342077060476,1203.9846153846154,649.0769230769231
1176,1134,0.16300618482331394,1249.3021638173004,680.5342077060476,1213.8923076923077,648.9384615384615
1176,1135,0.16300618482331394,1249.3021638173004,680.5342077060476,1223.8,648.8
1176,1136,0.16300618482331394,1249.3021638173004,680.5342077060476,1223.8,648.8
1176,1137,0.16300618482331394,1249.3021638173004,680.5342077060476,1223.8,648.8
1176,1138,0.16300618482331394,1249.3021638173004,680.5342077060476,1223.8,648.8
1176,1139,0.16300618482331394,1249.3021638173004,680.5342077060476,1223.8,648.8
1176,1140,0.16300618482331394,1249.3021638173004,680.5342077060476,1223.8,648.8
1176,1141,0.16300618482331394,1249.3021638173004,680.5342077060476,1223.8,648.8
1176,1142,0.16300618482331394,1249.3021638173004,680.5342077060476,1223.8,648.8
1176,1143,0.16300618482331394,1249.3021638173004,680.5342077060476,1223.8,648.8
1176,1144,0.16300618482331394,1249.3021638173004,680.5342077060476,1223.8,648.8
1176,1145,0.16300618482331394,1249.3021638173004,680.5342077060476,1223.8,648.8
1176,1146,0.16300618482331394,1249.3021638173004,680.5342077060476,1223.8,648.8
1176,1147,0.16300618482331394,1249.3021638173004,680.5342077060476,1223.8,648.8
1176,1148,0.16300618482331394,1249.3021638173004,680.5342077060476,1223.8,648.8
1176,1149,0.16300618482331394,1249.3021638173004,680.5342077060476,1223.8,648.8
1176,1150,0.16300618482331394,1249.3021638173004,680.5342077060476,1223.8,648.8
1176,1151,0.16300618482331394,1249.3021638173004,680.5342077060476,1223.8,648.8
1176,1152,0.16300618482331394,1249.3021638173004,680.5342077060476,1223.8,648.8
1176,1153,0.16300618482331394,1249.3021638173004,680.5342077060476,1223.8,648.8
1176,1154,0.16300618482331394,1249.3021638173004,680.5342077060476,1223.8,648.8
1176,1155,0.16300618482331394,1249.3021638173004,680.5342077060476,1223.8,648.8
1176,1156,1.270967827731782,1249.3021638173004,680.5342077060476,1223.8,648.8
1176,1157,2.486780583114147,1249.3021638173004,680.5342077060476,1223.8,648.8
1176,1158,3.5298143715334893,1249.3021638173004,680.5342077060476,1223.8,648.8
1176,1159,4.433890573157645,1249.3021638173004,680.5342077060476,1223.8,648.8
1176,1160,4.433890573157645,1249.3021638173004,680.5342077060476,1224.2,648.5999999999999
1176,1161,4.433890573157645,1249.3021638173004,680.5342077060476,1224.6,648.4
1176,1162,4.433890573157645,1249.3021638173004,680.5342077060476,1225.0,648.1999999999999
1176,1163,4.433890573157645,1249.3021638173004,680.5342077060476,1225.3999999999999,648.0
1176,1164,4.433890573157645,1249.3021638173004,680.5342077060476,1225.8,647.8
1176,1165,4.433890573157645,1249.3021638173004,680.5342077060476,1226.1999999999998,647.6
1176,1166,4.433890573157645,1249.3021638173004,680.5342077060476,1226.6,647.4
1176,1167,4.433890573157645,1249.3021638173004,680.5342077060476,1226.6,647.4
1176,1168,4.433890573157645,1249.3021638173004,680.5342077060476,1226.6,647.4
1176,1169,4.433890573157645,1249.3021638173004,680.5342077060476,1222.975,628.85
1176,1170,4.433890573157645,1249.3021638173004,680.5342077060476,1219.35,610.3
1176,1171,4.433890573157645,1249.3021638173004,680.5342077060476,1215.725,591.75
1176,1172,4.433890573157645,1249.3021638173004,680.5342077060476,1212.1,573.2
1176,1173,4.433890573157645,1249.3021638173004,680.5342077060476,1212.1,573.2
1176,1174,4.433890573157645,1250.3021638173004,649.5342077060476,1212.1,573.2
1177,1175,4.433890573157645,1250.3021638173004,649.5342077060476,1212.1,573.2
1178,1176,4.433890573157645,1250.3021638173004,649.5342077060476,1212.1,573.2
1179,1177,4.433890573157645,1250.3021638173004,649.5342077060476,1212.1,573.2
1180,1178,4.433890573157645,1250.3021638173004,649.5342077060476,1212.1,573.2
1181,1179,4.433890573157645,1250.3021638173004,649.5342077060476,1212.1,573.2
1182,1180,4.433890573157645,1250.3021638173004,649.5342077060476,1212.1,573.2
1183,1181,4.433890573157645,1250.3021638173004,649.5342077060476,1212.1,573.2
1184,1182,4.433890573157645,1252.3021638173004,618.5342077060476,1212.1,573.2
1185,1183,4.433890573157645,1252.3021638173004,618.5342077060476,1212.1,573.2
1186,1184,4.433890573157645,1252.3021638173004,618.5342077060476,1212.1,573.2
1187,1185,4.433890573157645,1252.3021638173004,618.5342077060476,1212.1,573.2
1188,1186,4.433890573157645,1252.3021638173004,618.5342077060476,1212.1,573.2
1189,1187,4.433890573157645,1252.3021638173004,618.5342077060476,1212.1,573.2
1190,1188,4.433890573157645,1252.3021638173004,618.5342077060476,1212.1,573.2
1191,1189,4.433890573157645,1252.3021638173004,618.5342077060476,1212.1,573.2
1192,1190,4.433890573157645,1252.3021638173004,618.5342077060476,1212.1,573.2
1193,1191,4.433890573157645,1252.3021638173004,618.5342077060476,1212.1,573.2
1194,1192,4.433890573157645,1252.3021638173004,618.5342077060476,1212.1,573.2
1195,1193,4.433890573157645,1252.3021638173004,618.5342077060476,1212.1,573.2
1196,1194,4.433890573157645,1252.3021638173004,618.5342077060476,1212.1,573.2
1197,1195,4.433890573157645,1252.3021638173004,618.5342077060476,1212.1,573.2
1198,1196,4.433890573157645,1252.3021638173004,618.5342077060476,1212.1,573.2
1199,1197,4.433890573157645,1252.3021638173004,618.5342077060476,1212.1,573.2
1200,1198,4.433890573157645,1252.3021638173004,618.5342077060476,1212.1,573.2
1201,1199,4.433890573157645,1252.3021638173004,618.5342077060476,1197.142857142857,579.0357142857143
1202,1200,4.433890573157645,1252.3021638173004,618.5342077060476,1182.1857142857143,584.8714285714286
1203,1201,4.433890573157645,1252.3021638173004,618.5342077060476,1167.2285714285713,590.7071428571429
1204,1202,4.433890573157645,1252.3021638173004,618.5342077060476,1152.2714285714285,596.5428571428572
1205,1203,4.433890573157645,1252.3021638173004,618.5342077060476,1137.3142857142857,602.3785714285715
1206,1204,4.433890573157645,1252.3021638173004,618.5342077060476,1122.357142857143,608.2142857142858
1207,1205,4.433890573157645,1252.3021638173004,618.5342077060476,1107.4,614.05
1208,1206,4.433890573157645,1239.3021638173004,603.5342077060476,1092.442857142857,619.8857142857142
1209,1207,4.433890573157645,1239.3021638173004,603.5342077060476,1077.4857142857143,625.7214285714285
1210,1208,4.433890573157645,1239.3021638173004,603.5342077060476,1062.5285714285715,631.5571428571428
1211,1209,4.433890573157645,1239.3021638173004,603.5342077060476,1047.5714285714287,637.3928571428571
1212,1210,3.39925473990146,1239.3021638173004,603.5342077060476,1032.6142857142859,643.2285714285714
1213,1211,2.266770377645708,1239.3021638173004,603.5342077060476,1017.6571428571428,649.0642857142857
1214,1212,1.0228922939838028,1239.3021638173004,603.5342077060476,1002.7,654.9
1215,1213,0.3482994287801277,1239.3021638173004,603.5342077060476,1002.7,654.9
1216,1214,1.865564514059262,1225.3021638173004,588.5342077060476,1002.7,654.9
1217,1215,3.551047814046283,1225.3021638173004,588.5342077060476,1002.7,654.9
1218,1216,5.430902187189924,1225.3021638173004,588.5342077060476,1002.7,654.9
1219,1217,7.535968234345954,1225.3021638173004,588.5342077060476,1002.7,654.9
1220,1218,9.902455094592685,1225.3021638173004,588.5342077060476,1002.7,654.9
1221,1219,12.572502268737434,1225.3021638173004,588.5342077060476,1002.7,654.9
1222,1220,15.59439153504892,1225.3021638173004,588.5342077060476,1002.7,654.9
1223,1221,19.021999365511128,1225.3021638173004,588.5342077060476,1002.7,654.9
1224,1222,41.02010431207686,1225.3021638173004,588.5342077060476,1002.7,654.9
1225,1223,36.609342196806,1225.3021638173004,588.5342077060476,1002.7,654.9
1226,1224,31.630673447084614,1225.3021638173004,588.5342077060476,1002.7,654.9
1227,1225,26.057442554100433,1225.3021638173004,588.5342077060476,1002.7,654.9
1228,1226,26.057442554100433,1225.3021638173004,588.5342077060476,1002.7,654.9
1229,1227,26.057442554100433,1225.3021638173004,588.5342077060476,1002.7,654.9
1230,1228,26.057442554100433,1225.3021638173004,588.5342077060476,1002.7,654.9
1231,1229,26.057442554100433,1225.3021638173004,588.5342077060476,990.4000000000001,658.625
1232,1230,26.057442554100433,1098.3021638173004,636.5342077060476,978.1,662.3499999999999
1233,1231,26.057442554100433,1098.3021638173004,636.5342077060476,965.8,666.0749999999999
1234,1232,26.057442554100433,1098.3021638173004,636.5342077060476,953.5,669.8
1235,1233,25.65590157483984,1098.3021638173004,636.5342077060476,953.5,669.8
1236,1234,25.249426101676097,1098.3021638173004,636.5342077060476,953.5,669.8
1237,1235,24.837966289434334,1098.3021638173004,636.5342077060476,953.5,669.8
1238,1236,24.421473119628786,1098.3021638173004,636.5342077060476,953.5,669.8
1239,1237,23.99989849511707,1098.3021638173004,636.5342077060476,953.5,669.8
1240,1238,23.573195338992132,1098.3021638173004,636.5342077060476,953.5,669.8
1241,1238,23.573195338992132,971.3021638173003,684.5342077060476,953.5,669.8
1242,1238,23.573195338992132,971.3021638173003,684.5342077060476,953.5,669.8
1243,1238,23.573195338992132,971.3021638173003,684.5342077060476,953.5,669.8
1244,1238,23.573195338992132,971.3021638173003,684.5342077060476,953.5,669.8
1245,1238,23.573195338992132,971.3021638173003,684.5342077060476,953.5,669.8
1246,1238,23.573195338992132,971.3021638173003,684.5342077060476,953.5,669.8
1247,1238,23.573195338992132,971.3021638173003,684.5342077060476,953.5,669.8
1248,1238,23.573195338992132,971.3021638173003,684.5342077060476,953.5,669.8
1249,1238,23.573195338992132,971.3021638173003,684.5342077060476,953.5,669.8
1250,1239,23.573195338992132,971.3021638173003,684.5342077060476,953.5,669.8
1251,1240,23.573195338992132,971.3021638173003,684.5342077060476,953.5,669.8
1252,1241,23.573195338992132,971.3021638173003,684.5342077060476,953.5,669.8
1253,1242,23.573195338992132,971.3021638173003,684.5342077060476,953.5,669.8
1254,1243,23.573195338992132,971.3021638173003,684.5342077060476,953.5,669.8
1255,1244,23.573195338992132,971.3021638173003,684.5342077060476,953.5,669.8
1256,1245,23.573195338992132,971.3021638173003,684.5342077060476,953.5,669.8
1257,1246,23.573195338992132,971.3021638173003,684.5342077060476,953.5,669.8
1258,1247,24.09820383928682,971.3021638173003,684.5342077060476,953.5,669.8
1259,1248,24.61131403329014,971.3021638173003,684.5342077060476,953.5,669.8
1260,1249,25.112846301753482,971.3021638173003,684.5342077060476,953.5,669.8
1261,1250,25.60311383149861,971.3021638173003,684.5342077060476,938.2666666666667,672.6666666666666
1262,1251,26.082422500799666,971.3021638173003,684.5342077060476,923.0333333333333,675.5333333333333
1263,1252,4.211889230617512,971.3021638173003,684.5342077060476,907.8,678.4
1264,1253,4.211889230617512,971.3021638173003,684.5342077060476,907.8,678.4
1265,1254,4.211889230617512,971.3021638173003,684.5342077060476,907.8,678.4
1266,1255,4.211889230617512,971.3021638173003,684.5342077060476,907.8,678.4
1267,1256,4.211889230617512,971.3021638173003,684.5342077060476,907.8,678.4
1268,1257,4.211889230617512,971.3021638173003,684.5342077060476,907.8,678.4
1269,1258,4.211889230617512,971.3021638173003,684.5342077060476,907.8,678.4
1270,1259,3.4058342005470026,971.3021638173003,684.5342077060476,907.8,678.4
1271,1260,2.598101272494197,971.3021638173003,684.5342077060476,907.8,678.4
1272,1261,1.789007139993807,971.3021638173003,684.5342077060476,907.8,678.4
1273,1262,0.9788717346909086,971.3021638173003,684.5342077060476,907.8,678.4
1274,1262,0.9788717346909086,971.3021638173003,684.5342077060476,907.8,678.4
1275,1262,0.9788717346909086,971.3021638173003,684.5342077060476,907.8,678.4
1276,1262,0.9788717346909086,971.3021638173003,684.5342077060476,907.8,678.4
1277,1262,0.9788717346909086,971.3021638173003,684.5342077060476,907.8,678.4
1278,1263,0.9788717346909086,971.3021638173003,684.5342077060476,907.8,678.4
1279,1264,0.9788717346909086,971.3021638173003,684.5342077060476,907.8,678.4
1280,1265,1.859445105243808,956.3021638173003,688.5342077060476,907.8,678.4
1281,1266,2.726310267634068,956.3021638173003,688.5342077060476,907.8,678.4
1282,1267,3.579397264277441,956.3021638173003,688.5342077060476,907.8,678.4
1283,1268,4.418662771550421,956.3021638173003,688.5342077060476,898.6333333333333,677.625
1284,1269,5.244088576466207,956.3021638173003,688.5342077060476,889.4666666666666,676.85
1285,1270,6.055680035475193,956.3021638173003,688.5342077060476,880.3,676.075
1286,1271,6.853464529489738,956.3021638173003,688.5342077060476,871.1333333333333,675.3
1287,1272,7.637489927721965,956.3021638173003,688.5342077060476,861.9666666666666,674.525
1288,1273,8.407823071429364,940.3021638173003,692.5342077060476,852.8,673.75
1289,1274,9.164548287197425,940.3021638173003,692.5342077060476,843.6333333333333,672.975
1290,1275,9.907765937971407,940.3021638173003,692.5342077060476,834.4666666666666,672.2
1291,1276,10.637591018716703,940.3021638173003,692.5342077060476,825.3,671.425
1292,1277,11.354151802324063,940.3021638173003,692.5342077060476,816.1333333333333,670.65
1293,1278,12.057588540213972,940.3021638173003,692.5342077060476,806.9666666666666,669.875
1294,1279,12.748052221028416,940.3021638173003,692.5342077060476,797.8,669.1
1295,1280,13.425703389838015,940.3021638173003,692.5342077060476,797.8,669.1
1296,1281,13.425703389838015,940.3021638173003,692.5342077060476,797.8,669.1
1297,1282,13.425703389838015,940.3021638173003,692.5342077060476,797.8,669.1
1298,1283,13.058016347209655,940.3021638173003,692.5342077060476,797.8,669.1
1298,1284,8.668517050345864,940.3021638173003,692.5342077060476,767.9666666666666,664.7333333333333
1299,1285,4.873692870448389,940.3021638173003,692.5342077060476,738.1333333333333,660.3666666666667
1300,1286,1.587648981976055,940.3021638173003,692.5342077060476,708.3,656.0
1301,1287,1.2677230973483256,940.3021638173003,692.5342077060476,678.4666666666666,651.6333333333333
1302,1288,3.7601521658619124,940.3021638173003,692.5342077060476,648.6333333333333,647.2666666666667
1303,1289,5.579230112489098,940.3021638173003,692.5342077060476,618.8,642.9
1303,1290,3.650595177630917,940.3021638173003,692.5342077060476,618.8,642.9
1303,1291,1.9405740019804094,940.3021638173003,692.5342077060476,618.8,642.9
1303,1292,0.41657720341602894,940.3021638173003,692.5342077060476,618.8,642.9
1304,1293,0.41657720341602894,940.3021638173003,692.5342077060476,618.8,642.9
1305,1294,0.41657720341602894,940.3021638173003,692.5342077060476,618.8,642.9
1306,1295,0.41657720341602894,940.3021638173003,692.5342077060476,618.8,642.9
1307,1296,0.41657720341602894,940.3021638173003,692.5342077060476,618.8,642.9
1308,1297,0.41657720341602894,800.3021638173003,676.5342077060476,618.8,642.9
1309,1298,0.41657720341602894,800.3021638173003,676.5342077060476,618.8,642.9
1310,1299,0.41657720341602894,800.3021638173003,676.5342077060476,618.8,642.9
1311,1300,0.41657720341602894,800.3021638173003,676.5342077060476,618.8,642.9
1312,1301,0.41657720341602894,800.3021638173003,676.5342077060476,618.8,642.9
1313,1302,0.41657720341602894,800.3021638173003,676.5342077060476,618.8,642.9
1314,1303,0.41657720341602894,800.3021638173003,676.5342077060476,618.8,642.9
1315,1304,0.41657720341602894,800.3021638173003,676.5342077060476,618.8,642.9
1316,1305,0.41657720341602894,660.3021638173003,661.5342077060476,618.8,642.9
1317,1306,0.41657720341602894,660.3021638173003,661.5342077060476,618.8,642.9
1318,1307,0.41657720341602894,660.3021638173003,661.5342077060476,618.8,642.9
1319,1308,0.41657720341602894,660.3021638173003,661.5342077060476,618.8,642.9
1320,1309,0.41657720341602894,660.3021638173003,661.5342077060476,618.8,642.9
1321,1310,0.41657720341602894,660.3021638173003,661.5342077060476,618.8,642.9
1322,1311,0.41657720341602894,660.3021638173003,661.5342077060476,618.8,642.9
1323,1312,0.41657720341602894,660.3021638173003,661.5342077060476,618.8,642.9
1324,1313,0.41657720341602894,660.3021638173003,661.5342077060476,618.8,642.9
1325,1314,0.41657720341602894,660.3021638173003,661.5342077060476,618.8,642.9
1326,1315,0.41657720341602894,660.3021638173003,661.5342077060476,618.8,642.9
1327,1316,0.41657720341602894,660.3021638173003,661.5342077060476,618.8,642.9
1328,1317,0.41657720341602894,660.3021638173003,661.5342077060476,618.8,642.9
1329,1318,0.41657720341602894,660.3021638173003,661.5342077060476,618.8,642.9
1330,1319,0.41657720341602894,660.3021638173003,661.5342077060476,618.8,642.9
1331,1320,0.41657720341602894,660.3021638173003,661.5342077060476,618.8,642.9
1332,1321,0.41657720341602894,660.3021638173003,661.5342077060476,618.8,642.9
1333,1322,0.41657720341602894,660.3021638173003,661.5342077060476,618.8,642.9
1334,1323,0.41657720341602894,660.3021638173003,661.5342077060476,618.8,642.9
1335,1324,0.41657720341602894,660.3021638173003,661.5342077060476,618.8,642.9
1336,1325,0.41657720341602894,660.3021638173003,661.5342077060476,618.8,642.9
1337,1326,0.41657720341602894,660.3021638173003,661.5342077060476,618.8,642.9
1338,1327,0.41657720341602894,660.3021638173003,661.5342077060476,618.8,642.9
1339,1328,0.41657720341602894,660.3021638173003,661.5342077060476,618.8,642.9
1340,1329,0.41657720341602894,655.3021638173003,661.5342077060476,618.8,642.9
1341,1330,0.41657720341602894,655.3021638173003,661.5342077060476,618.8,642.9
1342,1331,0.41657720341602894,655.3021638173003,661.5342077060476,618.8,642.9
1343,1332,3.811015559001143,655.3021638173003,661.5342077060476,618.8,642.9
1344,1333,1.7520925419524194,655.3021638173003,661.5342077060476,618.8,642.9
1345,1333,1.7520925419524194,655.3021638173003,661.5342077060476,618.8,642.9
1346,1333,1.7520925419524194,655.3021638173003,661.5342077060476,618.8,642.9
1347,1334,3.6050436420492424,655.3021638173003,661.5342077060476,618.8,642.9
1348,1335,10.460715919490235,650.3021638173003,660.5342077060476,618.8,642.9
1348,1336,10.460715919490235,650.3021638173003,660.5342077060476,618.8,642.9
1348,1337,10.460715919490235,650.3021638173003,660.5342077060476,618.8,642.9
1348,1338,10.078014372975472,650.3021638173003,660.5342077060476,618.8,642.9
1348,1339,9.685943004549571,650.3021638173003,660.5342077060476,618.8,642.9
1348,1340,9.284191544574508,650.3021638173003,660.5342077060476,618.8,642.9
1348,1341,9.284191544574508,650.3021638173003,660.5342077060476,618.8,642.9
1348,1342,9.284191544574508,650.3021638173003,660.5342077060476,618.8,642.9
1348,1343,9.284191544574508,646.3021638173003,660.5342077060476,618.8,642.9
1348,1344,9.284191544574508,646.3021638173003,660.5342077060476,618.8,642.9
1348,1345,9.284191544574508,646.3021638173003,660.5342077060476,618.8,642.9
1348,1346,9.284191544574508,646.3021638173003,660.5342077060476,618.8,642.9
1348,1347,9.284191544574508,646.3021638173003,660.5342077060476,618.8,642.9
1348,1348,9.284191544574508,646.3021638173003,660.5342077060476,618.8,642.9
1348,1349,9.284191544574508,646.3021638173003,660.5342077060476,618.8,642.9
1348,1350,9.284191544574508,646.3021638173003,660.5342077060476,618.8,642.9
1348,1351,9.284191544574508,642.3021638173003,660.5342077060476,618.8,642.9
1348,1352,9.284191544574508,642.3021638173003,660.5342077060476,618.8,642.9
1349,1353,9.284191544574508,642.3021638173003,660.5342077060476,618.8,642.9
1350,1354,9.284191544574508,642.3021638173003,660.5342077060476,618.8,642.9
1351,1355,9.028728605062575,642.3021638173003,660.5342077060476,618.8,642.9
1352,1356,4.1389824120753715,642.3021638173003,660.5342077060476,618.8,642.9
1353,1357,1.679409989491823,642.3021638173003,660.5342077060476,618.8,642.9
1354,1357,1.679409989491823,642.3021638173003,660.5342077060476,618.8,642.9
1355,1357,1.679409989491823,642.3021638173003,660.5342077060476,618.8,642.9
1356,1357,1.679409989491823,642.3021638173003,660.5342077060476,618.8,642.9
1357,1357,1.679409989491823,642.3021638173003,660.5342077060476,618.8,642.9
1358,1357,1.679409989491823,642.3021638173003,660.5342077060476,618.8,642.9
1359,1357,1.679409989491823,642.3021638173003,660.5342077060476,618.8,642.9
1360,1357,1.679409989491823,642.3021638173003,660.5342077060476,618.8,642.9
1361,1357,1.679409989491823,642.3021638173003,660.5342077060476,618.8,642.9
1362,1357,1.679409989491823,642.3021638173003,660.5342077060476,618.8,642.9
1363,1358,8.559652507989975,642.3021638173003,660.5342077060476,618.8,642.9
1364,1359,16.564311621207693,642.3021638173003,660.5342077060476,618.8,642.9
1365,1360,25.605571122041443,642.3021638173003,660.5342077060476,618.8,642.9
1366,1361,35.37580525770245,642.3021638173003,660.5342077060476,618.8,642.9
1367,1362,27.536486117333915,642.3021638173003,660.5342077060476,618.8,642.9
1368,1363,17.92006356776449,642.3021638173003,660.5342077060476,618.8,642.9
1369,1364,9.139127729729532,642.3021638173003,660.5342077060476,618.8,642.9
1370,1365,1.438210185616742,642.3021638173003,660.5342077060476,618.8,642.9
1371,1365,1.438210185616742,642.3021638173003,660.5342077060476,618.8,642.9
1372,1365,1.438210185616742,642.3021638173003,660.5342077060476,618.8,642.9
1373,1366,5.144005373941832,642.3021638173003,660.5342077060476,618.8,642.9
1374,1367,10.69630180868242,642.3021638173003,660.5342077060476,618.8,642.9
1375,1368,13.417291851520256,642.3021638173003,660.5342077060476,618.8,642.9
1375,1369,13.417291851520256,642.3021638173003,660.5342077060476,618.8,642.9
1375,1370,13.417291851520256,642.3021638173003,660.5342077060476,618.8,642.9
1375,1371,13.417291851520256,642.3021638173003,660.5342077060476,618.8,642.9
1376,1372,11.408800570513465,642.3021638173003,660.5342077060476,618.8,642.9
1377,1373,9.564999272685432,642.3021638173003,660.5342077060476,618.8,642.9
1378,1374,7.869814493988686,642.3021638173003,660.5342077060476,618.8,642.9
1379,1375,6.3086103271365825,642.3021638173003,660.5342077060476,618.8,642.9
1380,1376,4.8681711371006235,642.3021638173003,660.5342077060476,618.8,642.9
1381,1377,3.536631901218762,642.3021638173003,660.5342077060476,618.8,642.9
1382,1378,2.3033803519961076,642.3021638173003,660.5342077060476,618.8,642.9
1383,1379,1.1589467874812662,642.3021638173003,660.5342077060476,618.8,642.9
1384,1380,0.09489155388685565,642.3021638173003,660.5342077060476,618.8,642.9
1385,1380,0.09489155388685565,642.3021638173003,660.5342077060476,618.8,642.9
1386,1380,0.09489155388685565,642.3021638173003,660.5342077060476,618.8,642.9
1387,1380,0.09489155388685565,642.3021638173003,660.5342077060476,618.8,642.9
1388,1380,0.09489155388685565,642.3021638173003,660.5342077060476,618.8,642.9
1389,1380,0.09489155388685565,642.3021638173003,660.5342077060476,618.8,642.9
1390,1380,0.09489155388685565,642.3021638173003,660.5342077060476,618.8,642.9
1391,1380,0.09489155388685565,642.3021638173003,660.5342077060476,643.0545454545454,642.3
1392,1380,0.09489155388685565,642.3021638173003,660.5342077060476,667.3090909090909,641.6999999999999
1393,1380,0.09489155388685565,642.3021638173003,660.5342077060476,691.5636363636363,641.1
1394,1380,0.09489155388685565,642.3021638173003,660.5342077060476,715.8181818181818,640.5
1395,1380,0.09489155388685565,642.3021638173003,660.5342077060476,740.0727272727272,639.9
1396,1380,0.09489155388685565,642.3021638173003,660.5342077060476,764.3272727272727,639.3
1397,1380,0.09489155388685565,642.3021638173003,660.5342077060476,788.5818181818182,638.6999999999999
1398,1380,0.09489155388685565,642.3021638173003,660.5342077060476,812.8363636363637,638.0999999999999
1399,1380,0.09489155388685565,642.3021638173003,660.5342077060476,837.0909090909091,637.5
1400,1380,0.09489155388685565,642.3021638173003,660.5342077060476,861.3454545454546,636.9
1401,1380,0.09489155388685565,642.3021638173003,660.5342077060476,885.6,636.3
1402,1380,0.09489155388685565,642.3021638173003,660.5342077060476,885.6,636.3
1403,1380,0.09489155388685565,642.3021638173003,660.5342077060476,885.6,636.3
1404,1380,0.09489155388685565,642.3021638173003,660.5342077060476,885.6,636.3
1405,1380,0.09489155388685565,642.3021638173003,660.5342077060476,885.6,636.3
1406,1380,0.09489155388685565,642.3021638173003,660.5342077060476,885.6,636.3
1407,1380,0.09489155388685565,642.3021638173003,660.5342077060476,885.6,636.3
1408,1380,0.09489155388685565,642.3021638173003,660.5342077060476,885.6,636.3
1409,1380,0.09489155388685565,642.3021638173003,660.5342077060476,885.6,636.3
1410,1380,0.09489155388685565,642.3021638173003,660.5342077060476,885.6,636.3
1411,1380,0.09489155388685565,642.3021638173003,660.5342077060476,885.6,636.3
1412,1380,0.09489155388685565,642.3021638173003,660.5342077060476,885.6,636.3
1413,1380,0.09489155388685565,642.3021638173003,660.5342077060476,885.6,636.3
1414,1380,0.09489155388685565,642.3021638173003,660.5342077060476,885.6,636.3
1415,1380,0.09489155388685565,642.3021638173003,660.5342077060476,885.6,636.3
1416,1380,0.09489155388685565,642.3021638173003,660.5342077060476,885.6,636.3
1417,1380,0.09489155388685565,642.3021638173003,660.5342077060476,885.6,636.3
1418,1380,0.09489155388685565,642.3021638173003,660.5342077060476,885.6,636.3
1419,1380,0.09489155388685565,642.3021638173003,660.5342077060476,885.6,636.3
1420,1380,0.09489155388685565,642.3021638173003,660.5342077060476,885.6,636.3
1421,1381,0.896303800375032,642.3021638173003,660.5342077060476,885.6,636.3
1422,1382,1.8213383643004846,642.3021638173003,660.5342077060476,885.6,636.3
1423,1383,2.550844712409238,642.3021638173003,660.5342077060476,885.6,636.3
1423,1384,1.7408549444591144,791.3021638173003,650.5342077060476,885.6,636.3
1423,1385,1.7408549444591144,791.3021638173003,650.5342077060476,885.6,636.3
1423,1386,1.7408549444591144,791.3021638173003,650.5342077060476,885.6,636.3
1423,1387,1.7408549444591144,791.3021638173003,650.5342077060476,885.6,636.3
1423,1388,1.7408549444591144,791.3021638173003,650.5342077060476,885.6,636.3
1423,1389,1.7408549444591144,791.3021638173003,650.5342077060476,885.6,636.3
1423,1390,1.7408549444591144,791.3021638173003,650.5342077060476,885.6,636.3
1423,1391,1.7408549444591144,791.3021638173003,650.5342077060476,885.6,636.3
1423,1392,1.7408549444591144,939.3021638173003,640.5342077060476,885.6,636.3
1423,1393,1.7408549444591144,939.3021638173003,640.5342077060476,885.6,636.3
1423,1394,1.7408549444591144,939.3021638173003,640.5342077060476,885.6,636.3
1423,1395,1.7408549444591144,939.3021638173003,640.5342077060476,885.6,636.3
1423,1396,1.7408549444591144,939.3021638173003,640.5342077060476,885.7538461538462,636.5230769230769
1423,1397,1.7408549444591144,939.3021638173003,640.5342077060476,885.9076923076923,636.7461538461538
1423,1398,1.7408549444591144,939.3021638173003,640.5342077060476,886.0615384615385,636.9692307692308
1423,1399,1.7408549444591144,939.3021638173003,640.5342077060476,886.2153846153847,637.1923076923076
1423,1400,1.7408549444591144,939.3021638173003,640.5342077060476,886.3692307692307,637.4153846153846
1423,1401,1.7408549444591144,939.3021638173003,640.5342077060476,886.5230769230769,637.6384615384616
1423,1402,1.7408549444591144,939.3021638173003,640.5342077060476,886.6769230769231,637.8615384615384
1423,1403,1.7408549444591144,939.3021638173003,640.5342077060476,886.8307692307693,638.0846153846154
1423,1404,1.7408549444591144,939.3021638173003,640.5342077060476,886.9846153846154,638.3076923076924
1423,1405,1.7408549444591144,939.3021638173003,640.5342077060476,887.1384615384616,638.5307692307692
1423,1406,1.7408549444591144,939.3021638173003,640.5342077060476,887.2923076923078,638.7538461538462
1423,1407,1.7408549444591144,939.3021638173003,640.5342077060476,887.4461538461538,638.9769230769231
1423,1408,1.7408549444591144,939.3021638173003,640.5342077060476,887.6,639.2
1423,1409,1.6731782901064536,939.3021638173003,640.5342077060476,887.6,639.2
1423,1410,1.605640767909118,939.3021638173003,640.5342077060476,887.6,639.2
1423,1411,1.5382421363618755,939.3021638173003,640.5342077060476,887.6,639.2
1424,1412,1.4709821534127931,939.3021638173003,640.5342077060476,887.6,639.2
1425,1413,1.4038605764773937,939.3021638173003,640.5342077060476,887.6,639.2
1426,1414,1.3368771624492046,939.3021638173003,640.5342077060476,887.6,639.2
1427,1415,1.2700316677096266,939.3021638173003,640.5342077060476,887.8636363636364,639.1454545454546
1428,1416,1.2700316677096266,939.3021638173003,640.5342077060476,888.1272727272727,639.0909090909091
1429,1417,1.2700316677096266,939.3021638173003,640.5342077060476,888.3909090909091,639.0363636363637
1430,1418,2.003742612761598,939.3021638173003,640.5342077060476,888.6545454545454,638.9818181818182
1431,1419,0.1275090802710114,939.3021638173003,640.5342077060476,888.9181818181818,638.9272727272728
1432,1419,0.1275090802710114,939.3021638173003,640.5342077060476,889.1818181818182,638.8727272727273
1433,1419,0.1275090802710114,939.3021638173003,640.5342077060476,889.4454545454546,638.8181818181819
1434,1419,0.1275090802710114,939.3021638173003,640.5342077060476,889.709090909091,638.7636363636364
1435,1419,0.1275090802710114,939.3021638173003,640.5342077060476,889.9727272727273,638.709090909091
1436,1419,0.1275090802710114,939.3021638173003,640.5342077060476,890.2363636363636,638.6545454545454
1437,1419,0.1275090802710114,939.3021638173003,640.5342077060476,890.5,638.6
1438,1419,0.1275090802710114,939.3021638173003,640.5342077060476,890.5,638.6
1439,1419,0.1275090802710114,939.3021638173003,640.5342077060476,890.5,638.6
1440,1419,0.1275090802710114,939.3021638173003,640.5342077060476,890.5,638.6
1441,1419,0.1275090802710114,939.3021638173003,640.5342077060476,893.28,583.94
1442,1419,0.1275090802710114,939.3021638173003,640.5342077060476,896.06,529.28
1443,1419,0.1275090802710114,939.3021638173003,640.5342077060476,898.84,474.62
1444,1419,0.1275090802710114,939.3021638173003,640.5342077060476,901.62,419.96000000000004
1445,1419,0.1275090802710114,939.3021638173003,640.5342077060476,904.4,365.3
1446,1419,0.1275090802710114,939.3021638173003,640.5342077060476,904.4,365.3
1447,1419,0.1275090802710114,939.3021638173003,640.5342077060476,904.4,365.3
1448,1419,0.1275090802710114,939.3021638173003,640.5342077060476,904.4,365.3
1449,1419,0.1275090802710114,939.3021638173003,640.5342077060476,904.4,365.3
1450,1419,0.1275090802710114,939.3021638173003,640.5342077060476,904.4,365.3
1451,1419,0.1275090802710114,939.3021638173003,640.5342077060476,904.4,365.3
1452,1419,0.1275090802710114,939.3021638173003,640.5342077060476,904.4,365.3
1453,1419,0.1275090802710114,939.3021638173003,640.5342077060476,904.4,365.3
1454,1419,0.1275090802710114,939.3021638173003,640.5342077060476,904.4,365.3
1455,1420,1.3750644848455267,939.3021638173003,640.5342077060476,904.4,365.3
1456,1420,1.3750644848455267,939.3021638173003,640.5342077060476,904.4,365.3
1457,1420,1.3750644848455267,939.3021638173003,640.5342077060476,904.4,365.3
1458,1420,1.3750644848455267,939.3021638173003,640.5342077060476,904.4,365.3
1459,1420,1.3750644848455267,939.3021638173003,640.5342077060476,904.4,365.3
1460,1420,1.3750644848455267,939.3021638173003,640.5342077060476,904.4,365.3
1461,1421,5.312951025646382,939.3021638173003,640.5342077060476,904.4,365.3
1462,1422,5.312951025646382,939.3021638173003,640.5342077060476,904.4,365.3
1463,1423,2.864692675683775,939.3021638173003,640.5342077060476,904.4,365.3
1463,1424,2.864692675683775,939.3021638173003,640.5342077060476,904.4,365.3
1463,1425,2.864692675683775,939.3021638173003,640.5342077060476,904.4,365.3
1463,1426,2.864692675683775,939.3021638173003,640.5342077060476,904.4,365.3
1463,1427,2.864692675683775,939.3021638173003,640.5342077060476,904.4,365.3
1463,1428,2.864692675683775,939.3021638173003,640.5342077060476,904.4,365.3
1463,1429,2.864692675683775,939.3021638173003,640.5342077060476,904.4,365.3
1463,1430,2.864692675683775,939.3021638173003,640.5342077060476,904.4,365.3
1463,1431,2.864692675683775,939.3021638173003,640.5342077060476,904.4,365.3
1463,1432,2.864692675683775,939.3021638173003,640.5342077060476,904.4,365.3
1463,1433,2.864692675683775,939.3021638173003,640.5342077060476,904.4,365.3
1463,1434,2.864692675683775,939.3021638173003,640.5342077060476,904.4,365.3
1463,1435,2.864692675683775,939.3021638173003,640.5342077060476,904.4,365.3
1463,1436,2.864692675683775,939.3021638173003,258.5342077060476,904.4,365.3
1463,1437,2.864692675683775,939.3021638173003,258.5342077060476,905.4,340.7
1464,1438,2.864692675683775,939.3021638173003,258.5342077060476,906.4,316.1
1465,1439,2.864692675683775,939.3021638173003,258.5342077060476,907.4,291.5
1466,1440,2.864692675683775,939.3021638173003,258.5342077060476,908.4,266.9
1467,1441,2.864692675683775,939.3021638173003,258.5342077060476,908.4,266.9
1468,1442,2.864692675683775,939.3021638173003,258.5342077060476,908.4,266.9
1469,1443,2.864692675683775,939.3021638173003,258.5342077060476,908.4,266.9
1470,1444,2.864692675683775,939.3021638173003,258.5342077060476,908.4,266.9
1471,1445,2.864692675683775,939.3021638173003,258.5342077060476,908.4,266.9
1472,1446,2.864692675683775,939.3021638173003,258.5342077060476,908.4,266.9
1473,1447,2.864692675683775,939.3021638173003,258.5342077060476,908.4,266.9
1474,1448,1.0194740037134664,939.3021638173003,258.5342077060476,908.4,266.9
1475,1449,1.0505580319603962,939.3021638173003,258.5342077060476,908.4,266.9
1476,1450,3.3826264255934655,939.3021638173003,258.5342077060476,908.4,266.9
1477,1451,6.020448771321663,939.3021638173003,258.5342077060476,908.4,266.9
1478,1452,9.01468389906541,939.3021638173003,258.5342077060476,908.4,266.9
1479,1453,12.125154463581117,939.3021638173003,258.5342077060476,908.4,266.9
1480,1454,8.241058670677782,939.3021638173003,258.5342077060476,908.4,266.9
1481,1455,3.8176760698717636,939.3021638173003,258.5342077060476,908.4,266.9
1482,1456,1.2008710021046414,939.3021638173003,258.5342077060476,908.4,266.9
1483,1456,1.2008710021046414,939.3021638173003,258.5342077060476,908.4,266.9
1484,1456,1.2008710021046414,939.3021638173003,258.5342077060476,908.4,266.9
1485,1457,6.849737737061342,939.3021638173003,258.5342077060476,908.4,266.9
1486,1458,13.124652097947337,939.3021638173003,258.5342077060476,908.4,266.9
1487,1459,19.961372865142774,939.3021638173003,258.5342077060476,908.4,266.9
1488,1460,23.392027728710637,939.3021638173003,258.5342077060476,908.4,266.9
1489,1461,15.915182519843983,939.3021638173003,258.5342077060476,908.4,266.9
1490,1462,15.915182519843983,939.3021638173003,258.5342077060476,908.4,266.9
1491,1463,15.915182519843983,939.3021638173003,258.5342077060476,908.4,266.9
1492,1464,15.915182519843983,939.3021638173003,258.5342077060476,908.4,266.9
1493,1465,15.915182519843983,939.3021638173003,258.5342077060476,908.4,266.9
1494,1466,15.915182519843983,939.3021638173003,258.5342077060476,908.4,266.9
1495,1467,15.915182519843983,939.3021638173003,258.5342077060476,908.4,266.9
1496,1468,15.915182519843983,939.3021638173003,258.5342077060476,908.4,266.9
1497,1469,15.915182519843983,939.3021638173003,258.5342077060476,908.4,266.9
1498,1470,15.915182519843983,939.3021638173003,258.5342077060476,908.4,266.9
1499,1471,15.915182519843983,939.3021638173003,258.5342077060476,908.4,266.9
1500,1472,15.915182519843983,939.3021638173003,258.5342077060476,908.4,266.9
1501,1473,15.915182519843983,939.3021638173003,258.5342077060476,908.4,266.9
1502,1474,15.915182519843983,939.3021638173003,258.5342077060476,908.4,266.9
1503,1475,15.915182519843983,939.3021638173003,258.5342077060476,908.4,266.9
1504,1476,15.915182519843983,939.3021638173003,258.5342077060476,908.4,266.9
1505,1477,15.915182519843983,939.3021638173003,258.5342077060476,908.4,266.9
1506,1478,9.90257283007204,939.3021638173003,258.5342077060476,908.4,266.9
1507,1479,3.943820319363518,939.3021638173003,258.5342077060476,908.4,266.9
1508,1480,1.8372694677982047,939.3021638173003,258.5342077060476,908.4,266.9
1509,1480,1.8372694677982047,939.3021638173003,258.5342077060476,908.4,266.9
1510,1480,1.8372694677982047,939.3021638173003,258.5342077060476,908.4,266.9
1511,1480,1.8372694677982047,939.3021638173003,258.5342077060476,908.4,266.9
1512,1480,1.8372694677982047,939.3021638173003,258.5342077060476,908.4,266.9
1513,1480,1.8372694677982047,939.3021638173003,258.5342077060476,908.4,266.9
1514,1480,1.8372694677982047,939.3021638173003,258.5342077060476,908.4,266.9
1515,1480,1.8372694677982047,939.3021638173003,258.5342077060476,908.4,266.9
1516,1480,1.8372694677982047,939.3021638173003,258.5342077060476,908.4,266.9
1517,1480,1.8372694677982047,939.3021638173003,258.5342077060476,908.4,266.9
1518,1480,1.8372694677982047,939.3021638173003,258.5342077060476,908.4,266.9
1519,1480,1.8372694677982047,939.3021638173003,258.5342077060476,908.4,266.9
1520,1480,1.8372694677982047,939.3021638173003,258.5342077060476,908.4,266.9
1521,1480,1.8372694677982047,939.3021638173003,258.5342077060476,908.4,266.9
1522,1480,1.8372694677982047,939.3021638173003,258.5342077060476,908.4,266.9
1523,1480,1.8372694677982047,939.3021638173003,258.5342077060476,908.4,266.9
1524,1480,1.8372694677982047,939.3021638173003,258.5342077060476,908.4,266.9
1525,1480,1.8372694677982047,939.3021638173003,258.5342077060476,908.4,266.9
1526,1480,1.8372694677982047,939.3021638173003,258.5342077060476,908.4,266.9
1527,1481,1.4406947754830082,939.3021638173003,258.5342077060476,908.4,266.9
1527,1482,1.4406947754830082,939.3021638173003,258.5342077060476,908.4,266.9
1527,1483,1.4406947754830082,939.3021638173003,258.5342077060476,908.4,266.9
1527,1484,1.4406947754830082,939.3021638173003,258.5342077060476,908.4,266.9
1527,1485,1.4406947754830082,939.3021638173003,258.5342077060476,908.4,266.9
1527,1486,1.4406947754830082,939.3021638173003,258.5342077060476,908.4,266.9
1527,1487,1.4406947754830082,939.3021638173003,258.5342077060476,908.4,266.9
1527,1488,1.4406947754830082,939.3021638173003,258.5342077060476,908.4,266.9
1528,1489,1.4406947754830082,939.3021638173003,258.5342077060476,908.4,266.9
1529,1490,1.4406947754830082,939.3021638173003,258.5342077060476,908.4,266.9
1530,1491,1.4406947754830082,939.3021638173003,258.5342077060476,908.4,266.9
1531,1492,1.4406947754830082,939.3021638173003,258.5342077060476,908.4,266.9
1532,1493,1.4406947754830082,939.3021638173003,258.5342077060476,908.4,266.9
1533,1494,1.4406947754830082,939.3021638173003,258.5342077060476,908.4,266.9
1534,1495,1.4406947754830082,939.3021638173003,258.5342077060476,908.4,266.9
1535,1496,4.49148359224165,939.3021638173003,258.5342077060476,908.4,266.9
1536,1497,4.49148359224165,939.3021638173003,258.5342077060476,908.4,266.9
1537,1498,4.49148359224165,939.3021638173003,258.5342077060476,908.4,266.9
1538,1499,4.49148359224165,939.3021638173003,258.5342077060476,908.4,266.9
1539,1500,4.49148359224165,939.3021638173003,258.5342077060476,908.4,266.9
1540,1501,4.49148359224165,939.3021638173003,258.5342077060476,908.4,266.9
1541,1502,4.49148359224165,939.3021638173003,258.5342077060476,908.4,266.9
1542,1503,4.49148359224165,939.3021638173003,258.5342077060476,908.4,266.9
1543,1504,4.49148359224165,939.3021638173003,258.5342077060476,908.4,266.9
1544,1505,4.49148359224165,939.3021638173003,258.5342077060476,908.4,266.9
1545,1506,4.49148359224165,939.3021638173003,258.5342077060476,908.4,266.9
1546,1507,4.49148359224165,939.3021638173003,258.5342077060476,908.4,266.9
1547,1508,1.9452130770830418,939.3021638173003,258.5342077060476,908.4,266.9
1548,1509,7.898019096365656,939.3021638173003,258.5342077060476,908.4,266.9
1549,1510,13.306559807586217,939.3021638173003,258.5342077060476,908.4,266.9
1550,1511,13.306559807586217,939.3021638173003,258.5342077060476,908.4,266.9
1551,1512,13.306559807586217,939.3021638173003,258.5342077060476,908.4,266.9
1552,1513,13.306559807586217,939.3021638173003,258.5342077060476,908.4,266.9
1553,1514,13.306559807586217,939.3021638173003,258.5342077060476,908.4,266.9
1554,1515,13.306559807586217,939.3021638173003,258.5342077060476,908.4,266.9
1555,1516,13.306559807586217,939.3021638173003,258.5342077060476,908.4,266.9
1556,1517,13.306559807586217,939.3021638173003,258.5342077060476,908.4,266.9
1556,1518,13.306559807586217,939.3021638173003,258.5342077060476,908.4,266.9
1556,1519,13.306559807586217,939.3021638173003,258.5342077060476,908.4,266.9
1556,1520,13.306559807586217,939.3021638173003,258.5342077060476,908.4,266.9
1556,1521,13.306559807586217,939.3021638173003,258.5342077060476,908.4,266.9
1556,1522,13.306559807586217,939.3021638173003,258.5342077060476,908.4,266.9
1556,1523,13.306559807586217,939.3021638173003,258.5342077060476,908.4,266.9
1556,1524,13.306559807586217,939.3021638173003,258.5342077060476,908.4,266.9
1556,1525,13.306559807586217,939.3021638173003,258.5342077060476,908.4,266.9
1556,1526,13.306559807586217,939.3021638173003,258.5342077060476,908.4,266.9
1556,1527,13.306559807586217,939.3021638173003,258.5342077060476,908.4,266.9
1556,1528,13.306559807586217,939.3021638173003,258.5342077060476,908.4,266.9
1556,1529,13.306559807586217,939.3021638173003,258.5342077060476,908.4,266.9
1557,1530,16.673688924289863,939.3021638173003,258.5342077060476,908.4,266.9
1558,1531,19.908565521674397,939.3021638173003,258.5342077060476,908.4,266.9
1559,1532,19.113320450970882,939.3021638173003,258.5342077060476,908.4,266.9
1559,1533,16.173709726851563,939.3021638173003,258.5342077060476,908.4,266.9
1559,1534,13.388895114628005,939.3021638173003,258.5342077060476,908.4,266.9
1559,1535,10.759088424258442,939.3021638173003,258.5342077060476,908.4,266.9
1559,1536,8.28187035214272,939.3021638173003,258.5342077060476,908.4,266.9
1559,1537,5.952812531978197,939.3021638173003,258.5342077060476,908.4,266.9
1559,1538,3.7660395797248554,939.3021638173003,258.5342077060476,908.4,266.9
1559,1539,1.7147102358224358,939.3021638173003,258.5342077060476,908.4,266.9
1560,1540,0.20858871102364002,939.3021638173003,258.5342077060476,908.4,266.9
1561,1541,2.011532361560816,939.3021638173003,258.5342077060476,908.4,266.9
1562,1542,2.011532361560816,939.3021638173003,258.5342077060476,908.4,266.9
1563,1543,2.011532361560816,939.3021638173003,258.5342077060476,908.4,266.9
1564,1544,2.011532361560816,939.3021638173003,258.5342077060476,908.4,266.9
1565,1545,2.011532361560816,939.3021638173003,258.5342077060476,908.4,266.9
1566,1546,7.52356389683476,939.3021638173003,258.5342077060476,908.4,266.9
1567,1547,6.406969208098876,939.3021638173003,258.5342077060476,910.9666666666667,293.7333333333333
1568,1548,2.669714538411661,939.3021638173003,258.5342077060476,913.5333333333333,320.56666666666666
1569,1549,0.44439029606026437,939.3021638173003,258.5342077060476,916.1,347.4
1570,1549,0.44439029606026437,939.3021638173003,258.5342077060476,916.1,347.4
1571,1549,0.44439029606026437,939.3021638173003,258.5342077060476,916.1,347.4
1572,1549,0.44439029606026437,939.3021638173003,258.5342077060476,916.1,347.4
1573,1549,0.44439029606026437,939.3021638173003,258.5342077060476,916.1,347.4
1574,1549,0.44439029606026437,939.3021638173003,258.5342077060476,916.1,347.4
1575,1549,0.44439029606026437,939.3021638173003,258.5342077060476,916.1,347.4
1576,1549,0.44439029606026437,939.3021638173003,258.5342077060476,916.1,347.4
1577,1549,0.44439029606026437,939.3021638173003,258.5342077060476,916.1,347.4
1578,1549,0.44439029606026437,939.3021638173003,258.5342077060476,916.1,347.4
1579,1549,0.44439029606026437,939.3021638173003,258.5342077060476,916.1,347.4
1580,1549,0.44439029606026437,940.3021638173003,306.5342077060476,916.1,347.4
1581,1549,0.44439029606026437,940.3021638173003,306.5342077060476,916.1,347.4
1582,1549,0.44439029606026437,940.3021638173003,306.5342077060476,916.1,347.4
1583,1549,0.44439029606026437,940.3021638173003,306.5342077060476,890.95,381.92499999999995
1584,1549,0.44439029606026437,940.3021638173003,306.5342077060476,865.8,416.45
1585,1549,0.44439029606026437,940.3021638173003,306.5342077060476,840.65,450.975
1586,1549,0.44439029606026437,940.3021638173003,306.5342077060476,815.5,485.5
1587,1549,0.44439029606026437,940.3021638173003,306.5342077060476,790.35,520.025
1588,1549,0.44439029606026437,940.3021638173003,306.5342077060476,765.2,554.55
1589,1549,0.44439029606026437,940.3021638173003,306.5342077060476,740.05,589.075
1590,1550,3.064690552835929,940.3021638173003,306.5342077060476,714.9,623.6
1591,1551,4.963073641208946,940.3021638173003,306.5342077060476,714.9,623.6
1592,1552,4.963073641208946,940.3021638173003,306.5342077060476,714.9,623.6
1593,1553,4.963073641208946,940.3021638173003,306.5342077060476,714.9,623.6
1594,1554,4.963073641208946,940.3021638173003,306.5342077060476,714.9,623.6
1595,1555,4.963073641208946,940.3021638173003,306.5342077060476,714.9,623.6
1596,1556,4.963073641208946,672.3021638173003,639.5342077060476,714.9,623.6
1597,1557,4.963073641208946,672.3021638173003,639.5342077060476,714.9,623.6
1598,1558,4.963073641208946,672.3021638173003,639.5342077060476,714.9,623.6
1599,1559,4.483557195178616,672.3021638173003,639.5342077060476,714.9,623.6
1600,1560,4.483557195178616,672.3021638173003,639.5342077060476,714.9,623.6
1601,1561,4.483557195178616,672.3021638173003,639.5342077060476,714.9,623.6
1602,1562,4.483557195178616,672.3021638173003,639.5342077060476,714.9,623.6
1603,1563,4.483557195178616,672.3021638173003,639.5342077060476,714.9,623.6
1604,1564,4.483557195178616,672.3021638173003,639.5342077060476,714.9,623.6
1605,1565,4.483557195178616,672.3021638173003,639.5342077060476,714.9,623.6
1606,1566,4.483557195178616,672.3021638173003,639.5342077060476,714.9,623.6
1607,1567,4.236205610672257,672.3021638173003,639.5342077060476,714.9,623.6
1608,1568,4.236205610672257,672.3021638173003,639.5342077060476,694.1,628.6
1609,1569,4.236205610672257,672.3021638173003,639.5342077060476,673.3,633.6
1610,1570,4.236205610672257,672.3021638173003,639.5342077060476,652.5,638.6
1611,1571,4.236205610672257,672.3021638173003,639.5342077060476,652.5,638.6
1612,1572,4.236205610672257,672.3021638173003,639.5342077060476,652.5,638.6
1613,1573,4.236205610672257,672.3021638173003,639.5342077060476,652.5,638.6
1614,1574,4.236205610672257,672.3021638173003,639.5342077060476,652.5,638.6
1615,1575,3.9942900876905347,672.3021638173003,639.5342077060476,652.5,638.6
1615,1576,3.9942900876905347,672.3021638173003,639.5342077060476,652.5,638.6
1615,1577,3.9942900876905347,672.3021638173003,639.5342077060476,652.5,638.6
1615,1578,3.9942900876905347,672.3021638173003,639.5342077060476,652.5,638.6
1615,1579,3.9942900876905347,672.3021638173003,639.5342077060476,652.5,638.6
1615,1580,3.9942900876905347,672.3021638173003,639.5342077060476,652.5,638.6
1615,1581,3.9942900876905347,672.3021638173003,639.5342077060476,652.5,638.6
1615,1582,3.9942900876905347,672.3021638173003,639.5342077060476,652.5,638.6
1615,1583,3.9942900876905347,672.3021638173003,639.5342077060476,652.5,638.6
1615,1584,3.9942900876905347,672.3021638173003,639.5342077060476,652.5,638.6
1615,1585,3.9942900876905347,672.3021638173003,639.5342077060476,652.5,638.6
1615,1586,3.9942900876905347,672.3021638173003,639.5342077060476,652.5,638.6
1615,1587,3.9942900876905347,672.3021638173003,639.5342077060476,652.5,638.6
1616,1588,3.9942900876905347,672.3021638173003,639.5342077060476,652.5,638.6
1617,1589,3.9942900876905347,672.3021638173003,639.5342077060476,652.5,638.6
1618,1590,3.9942900876905347,672.3021638173003,639.5342077060476,652.5,638.6
1619,1591,3.9942900876905347,672.3021638173003,639.5342077060476,652.5,638.6
1620,1592,3.9942900876905347,672.3021638173003,639.5342077060476,652.5,638.6
1621,1593,3.9942900876905347,672.3021638173003,639.5342077060476,698.6,644.76
1622,1594,3.9942900876905347,672.3021638173003,639.5342077060476,744.7,650.92
1623,1595,3.9942900876905347,672.3021638173003,639.5342077060476,790.8,657.08
1624,1596,3.9942900876905347,672.3021638173003,639.5342077060476,836.9,663.24
1625,1597,3.9942900876905347,672.3021638173003,639.5342077060476,883.0,669.4
1626,1598,3.9942900876905347,672.3021638173003,639.5342077060476,883.0,669.4
1627,1599,3.9942900876905347,672.3021638173003,639.5342077060476,883.0,669.4
1628,1600,3.9942900876905347,672.3021638173003,639.5342077060476,883.0,669.4
1629,1601,3.9942900876905347,672.3021638173003,639.5342077060476,883.0,669.4
1630,1602,3.9942900876905347,672.3021638173003,639.5342077060476,883.0,669.4
1631,1603,3.9942900876905347,672.3021638173003,639.5342077060476,883.0,669.4
1632,1604,3.9942900876905347,796.3021638173003,666.5342077060476,883.92,669.27
1633,1605,3.9942900876905347,796.3021638173003,666.5342077060476,884.84,669.14
1634,1606,3.9942900876905347,796.3021638173003,666.5342077060476,885.76,669.01
1635,1607,3.9942900876905347,796.3021638173003,666.5342077060476,886.6800000000001,668.88
1636,1608,3.9942900876905347,796.3021638173003,666.5342077060476,887.6,668.75
1637,1609,3.9942900876905347,796.3021638173003,666.5342077060476,888.52,668.62
1638,1610,3.9942900876905347,796.3021638173003,666.5342077060476,889.44,668.49
1639,1611,3.9942900876905347,796.3021638173003,666.5342077060476,890.36,668.36
1640,1612,3.9942900876905347,920.3021638173003,692.5342077060476,891.2800000000001,668.23
1641,1613,3.9942900876905347,920.3021638173003,692.5342077060476,892.2,668.1
1642,1614,3.9942900876905347,920.3021638173003,692.5342077060476,892.2,668.1
1643,1615,3.9942900876905347,920.3021638173003,692.5342077060476,892.2,668.1
1644,1616,3.9942900876905347,920.3021638173003,692.5342077060476,892.2,668.1
1645,1617,3.9942900876905347,920.3021638173003,692.5342077060476,892.2,668.1
1646,1618,3.9942900876905347,920.3021638173003,692.5342077060476,892.2,668.1
1647,1619,3.9942900876905347,920.3021638173003,692.5342077060476,892.2,668.1
1648,1620,3.9942900876905347,920.3021638173003,692.5342077060476,891.6750000000001,668.575
1649,1621,3.9942900876905347,920.3021638173003,692.5342077060476,891.1500000000001,669.05
1650,1622,3.9942900876905347,920.3021638173003,692.5342077060476,890.625,669.525
1651,1623,3.9942900876905347,920.3021638173003,692.5342077060476,890.1,670.0
1652,1624,3.9942900876905347,920.3021638173003,692.5342077060476,890.1,670.0
1653,1625,3.9942900876905347,920.3021638173003,692.5342077060476,890.1,670.0
1654,1626,3.9942900876905347,920.3021638173003,692.5342077060476,890.1,670.0
1655,1627,3.9942900876905347,920.3021638173003,692.5342077060476,890.1,670.0
1656,1628,3.9942900876905347,920.3021638173003,692.5342077060476,890.1,670.0
1657,1629,3.9942900876905347,920.3021638173003,692.5342077060476,890.1,670.0
1658,1630,3.9942900876905347,920.3021638173003,692.5342077060476,890.1,670.0
1659,1631,3.9942900876905347,920.3021638173003,692.5342077060476,893.8857142857144,670.4857142857143
1660,1632,3.9942900876905347,920.3021638173003,692.5342077060476,897.6714285714286,670.9714285714285
1661,1633,3.9942900876905347,920.3021638173003,692.5342077060476,901.4571428571429,671.4571428571428
1662,1634,3.9942900876905347,920.3021638173003,692.5342077060476,905.2428571428571,671.9428571428572
1663,1635,3.9942900876905347,920.3021638173003,692.5342077060476,909.0285714285715,672.4285714285714
1664,1636,3.9942900876905347,920.3021638173003,692.5342077060476,912.8142857142857,672.9142857142857
1665,1637,3.9942900876905347,920.3021638173003,692.5342077060476,916.6,673.4
1666,1638,3.9942900876905347,920.3021638173003,692.5342077060476,916.6,673.4
1667,1639,3.9942900876905347,920.3021638173003,692.5342077060476,916.6,673.4
1668,1640,3.9942900876905347,920.3021638173003,692.5342077060476,916.16,672.76
1669,1641,3.9942900876905347,920.3021638173003,692.5342077060476,915.72,672.12
1670,1642,3.9942900876905347,920.3021638173003,692.5342077060476,915.28,671.48
1671,1643,3.9942900876905347,920.3021638173003,692.5342077060476,914.84,670.84
1672,1644,3.9942900876905347,920.3021638173003,692.5342077060476,914.4,670.2
1673,1645,3.9942900876905347,920.3021638173003,692.5342077060476,914.4,670.2
1674,1646,3.9942900876905347,920.3021638173003,692.5342077060476,914.4,670.2
1675,1647,3.9942900876905347,920.3021638173003,692.5342077060476,914.4,670.2
1676,1648,3.9942900876905347,920.3021638173003,692.5342077060476,914.4,670.2
1677,1649,3.9942900876905347,920.3021638173003,692.5342077060476,920.4888888888888,670.3844444444445
1678,1650,3.9942900876905347,920.3021638173003,692.5342077060476,926.5777777777778,670.568888888889
1679,1651,3.9942900876905347,920.3021638173003,692.5342077060476,932.6666666666666,670.7533333333333
1680,1652,3.9942900876905347,920.3021638173003,692.5342077060476,938.7555555555556,670.9377777777778
1681,1653,3.9942900876905347,920.3021638173003,692.5342077060476,944.8444444444444,671.1222222222223
1682,1654,3.9942900876905347,920.3021638173003,692.5342077060476,950.9333333333333,671.3066666666667
1683,1655,3.9942900876905347,920.3021638173003,692.5342077060476,957.0222222222222,671.4911111111112
1684,1656,3.9942900876905347,920.3021638173003,692.5342077060476,963.1111111111111,671.6755555555555
1685,1657,3.9942900876905347,920.3021638173003,692.5342077060476,969.2,671.86
1686,1658,3.9942900876905347,920.3021638173003,692.5342077060476,975.2888888888889,672.0444444444445
1687,1659,3.9942900876905347,920.3021638173003,692.5342077060476,981.3777777777777,672.228888888889
1688,1660,3.9942900876905347,920.3021638173003,692.5342077060476,987.4666666666667,672.4133333333334
1689,1661,3.9942900876905347,920.3021638173003,692.5342077060476,993.5555555555555,672.5977777777778
1690,1662,2.8882464706347792,920.3021638173003,692.5342077060476,999.6444444444445,672.7822222222222
1691,1663,1.616113086228359,920.3021638173003,692.5342077060476,1005.7333333333333,672.9666666666667
1692,1664,0.13903257693287505,920.3021638173003,692.5342077060476,1011.8222222222222,673.1511111111112
1693,1665,1.5943251141418235,920.3021638173003,692.5342077060476,1017.9111111111112,673.3355555555556
1694,1666,3.652809625448703,920.3021638173003,692.5342077060476,1024.0,673.52
1695,1667,6.326738078565433,920.3021638173003,692.5342077060476,1030.088888888889,673.7044444444444
1696,1668,3.3009339404842186,1038.3021638173004,691.5342077060476,1036.177777777778,673.8888888888889
1697,1669,0.4539957137629682,1038.3021638173004,691.5342077060476,1042.2666666666667,674.0733333333334
1698,1669,0.4539957137629682,1038.3021638173004,691.5342077060476,1048.3555555555556,674.2577777777778
1699,1669,0.4539957137629682,1038.3021638173004,691.5342077060476,1054.4444444444446,674.4422222222222
1700,1669,0.4539957137629682,1038.3021638173004,691.5342077060476,1060.5333333333333,674.6266666666667
1701,1669,0.4539957137629682,1038.3021638173004,691.5342077060476,1066.6222222222223,674.8111111111111
1702,1670,5.190264399753679,1038.3021638173004,691.5342077060476,1072.7111111111112,674.9955555555556
1703,1671,33.88062818130814,1038.3021638173004,691.5342077060476,1078.8,675.1800000000001
1704,1672,26.05573558270418,1038.3021638173004,691.5342077060476,1084.888888888889,675.3644444444444
1705,1673,26.05573558270418,1038.3021638173004,691.5342077060476,1090.9777777777779,675.5488888888889
1706,1674,26.05573558270418,1038.3021638173004,691.5342077060476,1097.0666666666666,675.7333333333333
1707,1675,26.05573558270418,1038.3021638173004,691.5342077060476,1103.1555555555556,675.9177777777778
1708,1676,26.05573558270418,1038.3021638173004,691.5342077060476,1109.2444444444445,676.1022222222223
1709,1677,26.05573558270418,1038.3021638173004,691.5342077060476,1115.3333333333335,676.2866666666666
1710,1678,26.05573558270418,1038.3021638173004,691.5342077060476,1121.4222222222222,676.4711111111111
1711,1679,26.05573558270418,1038.3021638173004,691.5342077060476,1127.5111111111112,676.6555555555556
1712,1680,26.05573558270418,1038.3021638173004,691.5342077060476,1133.6000000000001,676.84
1713,1681,26.05573558270418,1038.3021638173004,691.5342077060476,1139.6888888888889,677.0244444444445
1714,1682,26.05573558270418,1038.3021638173004,691.5342077060476,1145.7777777777778,677.2088888888889
1715,1683,26.05573558270418,1038.3021638173004,691.5342077060476,1151.8666666666668,677.3933333333333
1716,1684,26.05573558270418,1038.3021638173004,691.5342077060476,1157.9555555555557,677.5777777777778
1717,1685,26.05573558270418,1038.3021638173004,691.5342077060476,1164.0444444444445,677.7622222222222
1718,1686,26.05573558270418,1038.3021638173004,691.5342077060476,1170.1333333333334,677.9466666666667
1719,1687,26.05573558270418,1038.3021638173004,691.5342077060476,1176.2222222222222,678.1311111111111
1720,1688,26.05573558270418,1133.3021638173004,688.5342077060476,1182.3111111111111,678.3155555555555
1721,1689,26.05573558270418,1133.3021638173004,688.5342077060476,1188.4,678.5
1722,1690,26.05573558270418,1133.3021638173004,688.5342077060476,1188.4,678.5
1723,1691,26.05573558270418,1133.3021638173004,688.5342077060476,1188.4,678.5
1724,1692,26.05573558270418,1133.3021638173004,688.5342077060476,1188.4,678.5
1725,1693,26.05573558270418,1133.3021638173004,688.5342077060476,1188.4,678.5
1726,1694,26.05573558270418,1133.3021638173004,688.5342077060476,1176.2764705882353,678.0470588235294
1727,1695,26.05573558270418,1133.3021638173004,688.5342077060476,1164.1529411764707,677.5941176470589
1728,1696,26.05573558270418,1133.3021638173004,688.5342077060476,1152.0294117647059,677.1411764705882
1729,1697,26.05573558270418,1133.3021638173004,688.5342077060476,1139.9058823529413,676.6882352941176
1730,1698,26.05573558270418,1227.3021638173004,684.5342077060476,1127.7823529411764,676.2352941176471
1731,1699,26.05573558270418,1227.3021638173004,684.5342077060476,1115.6588235294118,675.7823529411764
1732,1700,26.05573558270418,1227.3021638173004,684.5342077060476,1103.535294117647,675.3294117647058
1733,1701,26.05573558270418,1227.3021638173004,684.5342077060476,1091.4117647058824,674.8764705882353
1734,1702,26.05573558270418,1227.3021638173004,684.5342077060476,1079.2882352941176,674.4235294117647
1735,1703,26.05573558270418,1227.3021638173004,684.5342077060476,1067.164705882353,673.9705882352941
1736,1704,26.05573558270418,1227.3021638173004,684.5342077060476,1055.0411764705882,673.5176470588235
1737,1705,26.05573558270418,1227.3021638173004,684.5342077060476,1042.9176470588236,673.0647058823529
1738,1706,26.05573558270418,1227.3021638173004,684.5342077060476,1030.7941176470588,672.6117647058824
1739,1707,25.934284776545,1227.3021638173004,684.5342077060476,1018.6705882352941,672.1588235294117
1740,1708,25.812999451673328,1227.3021638173004,684.5342077060476,1006.5470588235294,671.7058823529411
1741,1709,25.69188035482967,1227.3021638173004,684.5342077060476,994.4235294117647,671.2529411764706
1742,1710,25.57092822476683,1227.3021638173004,684.5342077060476,982.3,670.8
1743,1711,25.450143792249662,1227.3021638173004,684.5342077060476,982.3,670.8
1744,1712,25.329527780056047,1227.3021638173004,684.5342077060476,982.3,670.8
1745,1713,25.209080902978798,1227.3021638173004,684.5342077060476,980.1666666666666,671.7666666666667
1746,1714,25.08880386782783,1227.3021638173004,684.5342077060476,978.0333333333333,672.7333333333333
1747,1715,24.968697373433766,1227.3021638173004,684.5342077060476,975.9,673.7
1748,1716,24.848762110651556,1227.3021638173004,684.5342077060476,975.9,673.7
1749,1717,24.72899876236545,1227.3021638173004,684.5342077060476,975.9,673.7
1750,1718,24.609408003494547,1227.3021638173004,684.5342077060476,975.9,673.7
1751,1719,24.489990500998783,1227.3021638173004,684.5342077060476,975.9,673.7
1752,1720,24.489990500998783,998.3021638173003,676.5342077060476,975.9,673.7
1753,1721,24.489990500998783,998.3021638173003,676.5342077060476,975.9,673.7
1754,1722,24.489990500998783,998.3021638173003,676.5342077060476,975.9,673.7
1755,1723,24.489990500998783,998.3021638173003,676.5342077060476,975.9,673.7
1756,1724,24.489990500998783,998.3021638173003,676.5342077060476,975.9,673.7
1757,1725,24.489990500998783,998.3021638173003,676.5342077060476,975.9,673.7
1758,1726,24.40550504301052,998.3021638173003,676.5342077060476,975.9,673.7
1759,1727,24.320744602448706,998.3021638173003,676.5342077060476,975.9,673.7
1760,1728,24.23570820741672,768.3021638173003,668.5342077060476,975.9,673.7
1761,1729,24.15039488454233,768.3021638173003,668.5342077060476,975.9,673.7
1762,1730,24.064803659014906,768.3021638173003,668.5342077060476,975.9,673.7
1763,1731,23.97893355462432,768.3021638173003,668.5342077060476,975.9,673.7
1764,1732,23.89278359379971,768.3021638173003,668.5342077060476,975.9,673.7
1765,1733,23.806352797649666,768.3021638173003,668.5342077060476,975.9,673.7
1766,1734,23.719640186002806,768.3021638173003,668.5342077060476,947.65,663.825
1767,1735,23.63264477744938,768.3021638173003,668.5342077060476,919.4,653.95
1768,1736,23.545365589383607,768.3021638173003,668.5342077060476,891.15,644.075
1769,1736,23.545365589383607,768.3021638173003,668.5342077060476,862.9,634.2
1770,1737,23.545365589383607,768.3021638173003,668.5342077060476,862.9,634.2
1771,1738,23.545365589383607,768.3021638173003,668.5342077060476,862.9,634.2
1772,1739,23.545365589383607,768.3021638173003,668.5342077060476,862.9,634.2
1773,1740,44.998748509854764,768.3021638173003,668.5342077060476,862.9,634.2
1774,1741,87.88410706447583,768.3021638173003,668.5342077060476,862.9,634.2
1775,1742,38.88421709069094,768.3021638173003,668.5342077060476,862.9,634.2
1775,1743,21.729684476160546,768.3021638173003,668.5342077060476,862.9,634.2
1775,1744,13.448459348152516,768.3021638173003,668.5342077060476,862.9,634.2
1775,1745,13.448459348152516,768.3021638173003,668.5342077060476,862.9,634.2
1776,1746,13.448459348152516,768.3021638173003,668.5342077060476,862.9,634.2
1777,1747,13.448459348152516,768.3021638173003,668.5342077060476,862.9,634.2
1778,1748,13.448459348152516,768.3021638173003,668.5342077060476,862.9,634.2
1779,1749,13.448459348152516,768.3021638173003,668.5342077060476,862.9,634.2
1780,1750,13.448459348152516,768.3021638173003,668.5342077060476,862.9,634.2
1781,1751,13.448459348152516,848.3021638173003,659.5342077060476,862.9,634.2
1782,1752,13.448459348152516,848.3021638173003,659.5342077060476,862.9,634.2
1783,1753,13.448459348152516,848.3021638173003,659.5342077060476,862.9,634.2
1784,1754,13.448459348152516,848.3021638173003,659.5342077060476,862.9,634.2
1785,1755,13.448459348152516,848.3021638173003,659.5342077060476,862.9,634.2
1786,1756,13.448459348152516,848.3021638173003,659.5342077060476,862.9,634.2
1787,1757,13.448459348152516,848.3021638173003,659.5342077060476,862.9,634.2
1788,1758,13.448459348152516,848.3021638173003,659.5342077060476,862.9,634.2
1789,1759,13.448459348152516,928.3021638173003,650.5342077060476,862.9,634.2
1790,1760,13.448459348152516,928.3021638173003,650.5342077060476,862.9,634.2
1791,1761,13.448459348152516,928.3021638173003,650.5342077060476,862.9,634.2
1792,1762,13.448459348152516,928.3021638173003,650.5342077060476,862.9,634.2
1793,1763,13.448459348152516,928.3021638173003,650.5342077060476,879.9333333333333,631.2333333333333
1794,1764,13.448459348152516,928.3021638173003,650.5342077060476,896.9666666666667,628.2666666666667
1795,1765,13.448459348152516,928.3021638173003,650.5342077060476,914.0,625.3
1796,1766,13.448459348152516,928.3021638173003,650.5342077060476,914.0,625.3
1797,1767,13.448459348152516,928.3021638173003,650.5342077060476,914.0,625.3
1798,1768,13.448459348152516,928.3021638173003,650.5342077060476,914.0,625.3
1799,1769,13.448459348152516,928.3021638173003,650.5342077060476,914.0,625.3
1800,1770,13.448459348152516,928.3021638173003,650.5342077060476,914.0,625.3
1801,1771,13.448459348152516,928.3021638173003,650.5342077060476,914.0,625.3
1802,1772,13.448459348152516,928.3021638173003,650.5342077060476,914.0,625.3
1803,1773,13.448459348152516,928.3021638173003,650.5342077060476,914.0,625.3
1804,1774,13.448459348152516,928.3021638173003,650.5342077060476,914.0,625.3
1805,1775,13.448459348152516,928.3021638173003,650.5342077060476,914.0,625.3
1806,1776,11.115051528333227,928.3021638173003,650.5342077060476,914.0,625.3
1807,1777,9.257096015054525,928.3021638173003,650.5342077060476,914.0,625.3
1808,1778,7.745665985752864,928.3021638173003,650.5342077060476,914.0,625.3
1809,1779,6.493710816808538,928.3021638173003,650.5342077060476,914.0,625.3
1810,1780,6.493710816808538,928.3021638173003,650.5342077060476,914.0,625.3
1811,1781,6.493710816808538,928.3021638173003,650.5342077060476,914.0,625.3
1812,1782,6.493710816808538,928.3021638173003,650.5342077060476,914.0,625.3
1813,1783,6.493710816808538,928.3021638173003,650.5342077060476,914.0,625.3
1814,1784,6.493710816808538,928.3021638173003,650.5342077060476,914.0,625.3
1815,1785,6.493710816808538,928.3021638173003,650.5342077060476,914.0,625.3
1816,1786,6.493710816808538,928.3021638173003,650.5342077060476,914.0,625.3
1817,1787,6.493710816808538,928.3021638173003,650.5342077060476,914.0,625.3
1818,1788,6.493710816808538,928.3021638173003,650.5342077060476,914.0,625.3
1819,1789,6.493710816808538,928.3021638173003,650.5342077060476,914.0,625.3
1820,1790,6.493710816808538,928.3021638173003,650.5342077060476,914.0,625.3
1821,1791,6.493710816808538,928.3021638173003,650.5342077060476,914.0,625.3
1822,1792,6.493710816808538,928.3021638173003,650.5342077060476,914.0,625.3
1823,1793,6.493710816808538,928.3021638173003,650.5342077060476,914.0,625.3
1824,1794,6.493710816808538,928.3021638173003,650.5342077060476,914.0,625.3
1825,1795,6.493710816808538,928.3021638173003,650.5342077060476,914.0,625.3
1826,1796,6.493710816808538,928.3021638173003,650.5342077060476,914.0,625.3
1827,1797,6.493710816808538,928.3021638173003,650.5342077060476,914.0,625.3
1828,1798,6.493710816808538,928.3021638173003,650.5342077060476,914.0,625.3
1829,1799,6.493710816808538,928.3021638173003,650.5342077060476,914.0,625.3
1830,1800,6.493710816808538,928.3021638173003,650.5342077060476,914.0,625.3
1831,1801,6.493710816808538,928.3021638173003,650.5342077060476,914.0,625.3
1832,1802,6.493710816808538,928.3021638173003,650.5342077060476,914.0,625.3
1833,1803,6.493710816808538,928.3021638173003,650.5342077060476,914.0,625.3
1834,1804,6.493710816808538,928.3021638173003,650.5342077060476,914.0,625.3
1835,1805,6.493710816808538,928.3021638173003,650.5342077060476,914.0,625.3
1836,1806,6.493710816808538,928.3021638173003,650.5342077060476,914.0,625.3
1837,1807,6.493710816808538,928.3021638173003,650.5342077060476,914.0,625.3
1838,1808,6.493710816808538,928.3021638173003,650.5342077060476,914.0,625.3
1839,1809,6.493710816808538,928.3021638173003,650.5342077060476,914.0,625.3
1840,1810,6.493710816808538,928.3021638173003,650.5342077060476,914.0,625.3
1841,1811,6.493710816808538,928.3021638173003,650.5342077060476,914.0,625.3
1842,1812,6.493710816808538,928.3021638173003,650.5342077060476,914.0,625.3
1843,1813,6.493710816808538,928.3021638173003,650.5342077060476,914.0,625.3
1844,1814,6.493710816808538,928.3021638173003,650.5342077060476,914.0,625.3
1845,1815,6.493710816808538,928.3021638173003,650.5342077060476,914.0,625.3
1846,1816,6.493710816808538,928.3021638173003,650.5342077060476,914.0,625.3
1847,1817,6.493710816808538,928.3021638173003,650.5342077060476,914.0,625.3
1848,1818,6.493710816808538,928.3021638173003,650.5342077060476,914.0,625.3
1849,1819,6.493710816808538,928.3021638173003,650.5342077060476,914.0,625.3
1850,1820,6.493710816808538,928.3021638173003,650.5342077060476,914.0,625.3
1851,1821,6.493710816808538,928.3021638173003,650.5342077060476,914.0,625.3
1852,1822,6.493710816808538,928.3021638173003,650.5342077060476,914.0,625.3
1853,1823,6.493710816808538,928.3021638173003,650.5342077060476,914.0,625.3
1854,1824,6.493710816808538,928.3021638173003,650.5342077060476,914.0,625.3
1855,1825,6.493710816808538,928.3021638173003,650.5342077060476,914.0,625.3
1856,1826,6.493710816808538,928.3021638173003,650.5342077060476,914.0,625.3
1857,1827,6.493710816808538,928.3021638173003,650.5342077060476,914.0,625.3
1858,1828,6.493710816808538,928.3021638173003,650.5342077060476,914.0,625.3
1859,1829,6.493710816808538,928.3021638173003,650.5342077060476,914.0,625.3
1860,1830,6.493710816808538,928.3021638173003,650.5342077060476,914.0,625.3
1861,1831,6.493710816808538,928.3021638173003,650.5342077060476,914.0,625.3
1862,1832,6.493710816808538,928.3021638173003,650.5342077060476,914.0,625.3
1863,1833,6.493710816808538,928.3021638173003,650.5342077060476,914.0,625.3
1864,1834,6.493710816808538,928.3021638173003,650.5342077060476,914.0,625.3
1865,1835,6.493710816808538,928.3021638173003,650.5342077060476,914.0,625.3
1866,1836,6.493710816808538,928.3021638173003,650.5342077060476,914.0,625.3
1867,1837,6.493710816808538,928.3021638173003,650.5342077060476,914.0,625.3
1868,1838,6.493710816808538,928.3021638173003,650.5342077060476,914.0,625.3
1869,1839,6.493710816808538,946.3021638173003,625.5342077060476,914.0,625.3
1870,1840,6.493710816808538,946.3021638173003,625.5342077060476,914.0,625.3
1871,1841,6.493710816808538,946.3021638173003,625.5342077060476,914.0,625.3
1872,1842,6.493710816808538,946.3021638173003,625.5342077060476,914.0,625.3
1873,1843,6.493710816808538,946.3021638173003,625.5342077060476,914.0,625.3
1874,1844,6.493710816808538,946.3021638173003,625.5342077060476,914.0,625.3
1875,1845,6.493710816808538,946.3021638173003,625.5342077060476,914.0,625.3
1876,1846,6.493710816808538,946.3021638173003,625.5342077060476,914.0,625.3
1877,1847,6.493710816808538,946.3021638173003,625.5342077060476,914.0,625.3
1878,1848,6.493710816808538,946.3021638173003,625.5342077060476,914.0,625.3
1879,1849,6.493710816808538,946.3021638173003,625.5342077060476,914.0,625.3
1880,1850,6.493710816808538,946.3021638173003,625.5342077060476,914.0,625.3
1881,1851,6.493710816808538,946.3021638173003,625.5342077060476,914.0,625.3
1882,1852,6.493710816808538,946.3021638173003,625.5342077060476,914.0,625.3
1883,1853,6.493710816808538,946.3021638173003,625.5342077060476,914.0,625.3
1884,1854,6.493710816808538,946.3021638173003,625.5342077060476,914.0,625.3
1885,1855,6.493710816808538,946.3021638173003,625.5342077060476,914.0,625.3
1886,1856,6.493710816808538,946.3021638173003,625.5342077060476,914.0,625.3
1887,1857,6.493710816808538,946.3021638173003,625.5342077060476,914.0,625.3
1888,1858,6.493710816808538,946.3021638173003,625.5342077060476,914.0,625.3
1889,1859,6.493710816808538,946.3021638173003,625.5342077060476,914.0,625.3
1890,1860,6.493710816808538,946.3021638173003,625.5342077060476,914.0,625.3
1891,1861,6.493710816808538,946.3021638173003,625.5342077060476,914.0,625.3
1892,1862,6.493710816808538,946.3021638173003,625.5342077060476,914.0,625.3
1893,1863,6.493710816808538,946.3021638173003,625.5342077060476,914.0,625.3
1894,1864,6.493710816808538,946.3021638173003,625.5342077060476,914.0,625.3
1895,1865,6.493710816808538,946.3021638173003,625.5342077060476,905.6666666666666,637.0
1896,1866,6.493710816808538,946.3021638173003,625.5342077060476,897.3333333333334,648.6999999999999
1897,1867,6.493710816808538,946.3021638173003,625.5342077060476,889.0,660.4
1898,1868,6.493710816808538,946.3021638173003,625.5342077060476,889.0,660.4
1899,1869,6.493710816808538,946.3021638173003,625.5342077060476,889.0,660.4
1900,1870,6.493710816808538,946.3021638173003,625.5342077060476,889.0,660.4
1901,1871,6.493710816808538,918.3021638173003,686.5342077060476,889.0,660.4
1902,1872,6.493710816808538,918.3021638173003,686.5342077060476,889.0,660.4
1903,1873,6.493710816808538,918.3021638173003,686.5342077060476,889.0,660.4
1904,1874,6.493710816808538,918.3021638173003,686.5342077060476,889.0,660.4
1905,1875,6.493710816808538,918.3021638173003,686.5342077060476,889.0,660.4
1906,1876,6.493710816808538,918.3021638173003,686.5342077060476,889.0,660.4
1907,1877,6.493710816808538,918.3021638173003,686.5342077060476,889.0,660.4
1908,1878,6.493710816808538,918.3021638173003,686.5342077060476,889.0,660.4
1909,1879,6.493710816808538,918.3021638173003,686.5342077060476,889.0,660.4
1910,1880,6.493710816808538,918.3021638173003,686.5342077060476,889.0,660.4
1911,1881,6.493710816808538,918.3021638173003,686.5342077060476,889.0,660.4
1912,1882,6.493710816808538,918.3021638173003,686.5342077060476,889.0,660.4
1913,1883,6.493710816808538,918.3021638173003,686.5342077060476,889.0,660.4
1914,1884,6.493710816808538,918.3021638173003,686.5342077060476,889.0,660.4
1915,1885,6.493710816808538,918.3021638173003,686.5342077060476,889.0,660.4
1916,1886,6.493710816808538,918.3021638173003,686.5342077060476,889.0,660.4
1917,1887,6.493710816808538,918.3021638173003,686.5342077060476,889.0,660.4
1918,1888,6.493710816808538,918.3021638173003,686.5342077060476,889.0,660.4
1919,1889,5.8767333673124735,918.3021638173003,686.5342077060476,889.0,660.4
1919,1890,5.8767333673124735,918.3021638173003,686.5342077060476,889.0,660.4
1919,1891,5.8767333673124735,918.3021638173003,686.5342077060476,889.0,660.4
1919,1892,5.8767333673124735,918.3021638173003,686.5342077060476,889.0,660.4
1919,1893,5.8767333673124735,918.3021638173003,686.5342077060476,889.0,660.4
1919,1894,5.8767333673124735,918.3021638173003,686.5342077060476,889.0,660.4
1919,1895,5.8767333673124735,918.3021638173003,686.5342077060476,889.0,660.4
1919,1896,5.8767333673124735,918.3021638173003,686.5342077060476,889.0,660.4
1919,1897,5.8767333673124735,918.3021638173003,686.5342077060476,889.0,660.4
1919,1898,5.8767333673124735,918.3021638173003,686.5342077060476,889.0,660.4
1919,1899,5.8767333673124735,918.3021638173003,686.5342077060476,889.0,660.4
1919,1900,5.8767333673124735,918.3021638173003,686.5342077060476,889.0,660.4
1919,1901,5.8767333673124735,918.3021638173003,686.5342077060476,889.0,660.4
1919,1902,5.8767333673124735,918.3021638173003,686.5342077060476,889.0,660.4
1919,1903,5.8767333673124735,918.3021638173003,686.5342077060476,889.0,660.4
1919,1904,5.8767333673124735,918.3021638173003,686.5342077060476,889.0,660.4
1919,1905,5.8767333673124735,918.3021638173003,686.5342077060476,889.0,660.4
1919,1906,6.438004670783939,918.3021638173003,686.5342077060476,889.0,660.4
1919,1907,7.133488885008929,918.3021638173003,686.5342077060476,889.0,660.4
1919,1908,8.017559784113176,918.3021638173003,686.5342077060476,889.0,660.4
1919,1909,8.017559784113176,918.3021638173003,686.5342077060476,889.0,660.4
1920,1910,8.017559784113176,918.3021638173003,686.5342077060476,889.0,660.4
1921,1911,8.017559784113176,918.3021638173003,686.5342077060476,889.0,660.4
1922,1912,8.017559784113176,918.3021638173003,686.5342077060476,889.0,660.4
1923,1913,8.017559784113176,918.3021638173003,686.5342077060476,889.0,660.4
1924,1914,8.017559784113176,918.3021638173003,686.5342077060476,889.0,660.4
1925,1915,8.017559784113176,918.3021638173003,686.5342077060476,889.0,660.4
1926,1916,8.017559784113176,918.3021638173003,686.5342077060476,889.0,660.4
1927,1917,8.017559784113176,918.3021638173003,686.5342077060476,889.0,660.4
1928,1918,8.017559784113176,918.3021638173003,686.5342077060476,889.0,660.4
1929,1919,8.017559784113176,910.3021638173003,656.5342077060476,889.0,660.4
1930,1920,8.017559784113176,910.3021638173003,656.5342077060476,889.0,660.4
1931,1921,8.017559784113176,910.3021638173003,656.5342077060476,889.0,660.4
1932,1922,18.773866551514498,910.3021638173003,656.5342077060476,889.0,660.4
1933,1923,32.50080098705478,910.3021638173003,656.5342077060476,889.0,660.4
1934,1924,48.45747323147798,910.3021638173003,656.5342077060476,889.0,660.4
1935,1925,39.7485769375972,910.3021638173003,656.5342077060476,889.0,660.4
1936,1926,25.799201427036156,910.3021638173003,656.5342077060476,889.0,660.4
1937,1927,14.812371926467828,910.3021638173003,656.5342077060476,889.0,660.4
1938,1928,6.506219936585691,910.3021638173003,656.5342077060476,889.0,660.4
1939,1929,0.2502230816810008,910.3021638173003,656.5342077060476,889.0,660.4
1940,1930,0.2502230816810008,910.3021638173003,656.5342077060476,889.0,660.4
1941,1931,0.2502230816810008,910.3021638173003,656.5342077060476,889.0,660.4
1942,1932,0.2502230816810008,910.3021638173003,656.5342077060476,889.0,660.4
1943,1933,0.2502230816810008,910.3021638173003,656.5342077060476,889.0,660.4
1944,1934,0.2502230816810008,910.3021638173003,656.5342077060476,889.0,660.4
1945,1935,0.2502230816810008,910.3021638173003,656.5342077060476,889.0,660.4
1946,1936,0.2502230816810008,910.3021638173003,656.5342077060476,889.0,660.4
1947,1937,0.2502230816810008,910.3021638173003,656.5342077060476,889.0,660.4
1948,1938,0.2502230816810008,910.3021638173003,656.5342077060476,889.0,660.4
1949,1939,0.2502230816810008,910.3021638173003,656.5342077060476,889.0,660.4
1950,1940,0.2502230816810008,910.3021638173003,656.5342077060476,889.0,660.4
1951,1941,0.2502230816810008,910.3021638173003,656.5342077060476,889.0,660.4
1952,1942,0.2502230816810008,910.3021638173003,656.5342077060476,889.0,660.4
1953,1943,0.2502230816810008,910.3021638173003,656.5342077060476,889.0,660.4
1954,1944,0.2502230816810008,910.3021638173003,656.5342077060476,889.0,660.4
1955,1945,0.2502230816810008,910.3021638173003,656.5342077060476,889.0,660.4
1956,1946,0.2502230816810008,910.3021638173003,656.5342077060476,889.0,660.4
1957,1947,0.6554917747443724,910.3021638173003,656.5342077060476,889.0,660.4
1958,1948,1.0034790815361025,910.3021638173003,656.5342077060476,889.0,660.4
1959,1949,1.305506737730712,910.3021638173003,656.5342077060476,889.0,660.4
1960,1950,1.305506737730712,910.3021638173003,656.5342077060476,875.0,658.075
1961,1951,1.305506737730712,910.3021638173003,656.5342077060476,861.0,655.75
1962,1952,1.305506737730712,910.3021638173003,656.5342077060476,847.0,653.425
1963,1953,1.305506737730712,910.3021638173003,656.5342077060476,833.0,651.1
1964,1954,1.305506737730712,910.3021638173003,656.5342077060476,833.0,651.1
1965,1955,1.305506737730712,910.3021638173003,656.5342077060476,833.0,651.1
1966,1956,1.305506737730712,910.3021638173003,656.5342077060476,833.0,651.1
1967,1957,1.305506737730712,910.3021638173003,656.5342077060476,833.0,651.1
1968,1958,1.305506737730712,910.3021638173003,656.5342077060476,833.0,651.1
1969,1959,1.305506737730712,910.3021638173003,656.5342077060476,833.0,651.1
1970,1960,1.305506737730712,910.3021638173003,656.5342077060476,833.0,651.1
1971,1961,1.305506737730712,910.3021638173003,656.5342077060476,833.0,651.1
1972,1962,1.305506737730712,910.3021638173003,656.5342077060476,833.0,651.1
1973,1963,1.305506737730712,910.3021638173003,656.5342077060476,833.0,651.1
1974,1964,1.305506737730712,910.3021638173003,656.5342077060476,833.0,651.1
1975,1965,1.305506737730712,910.3021638173003,656.5342077060476,833.0,651.1
1976,1966,1.305506737730712,910.3021638173003,656.5342077060476,833.0,651.1
1977,1967,1.305506737730712,910.3021638173003,656.5342077060476,833.0,651.1
1978,1968,1.305506737730712,910.3021638173003,656.5342077060476,833.0,651.1
1979,1969,1.305506737730712,910.3021638173003,656.5342077060476,833.0,651.1
1980,1970,1.305506737730712,910.3021638173003,656.5342077060476,833.0,651.1
1981,1971,1.305506737730712,910.3021638173003,656.5342077060476,795.0,658.4
1982,1972,2.7552145771329046,910.3021638173003,656.5342077060476,757.0,665.7
1983,1973,10.446113346440976,910.3021638173003,656.5342077060476,719.0,673.0
1984,1974,3.021329867616013,910.3021638173003,656.5342077060476,681.0,680.3
1985,1974,3.021329867616013,910.3021638173003,656.5342077060476,681.0,680.3
1986,1974,3.021329867616013,910.3021638173003,656.5342077060476,681.0,680.3
1987,1974,3.021329867616013,910.3021638173003,656.5342077060476,681.0,680.3
1988,1974,3.021329867616013,910.3021638173003,656.5342077060476,681.0,680.3
1989,1974,3.021329867616013,910.3021638173003,656.5342077060476,681.0,680.3
1990,1975,7.329463671382206,910.3021638173003,656.5342077060476,681.0,680.3
1991,1976,16.167017757219394,910.3021638173003,656.5342077060476,681.0,680.3
1991,1977,16.167017757219394,910.3021638173003,656.5342077060476,681.0,680.3
1991,1978,16.167017757219394,788.3021638173003,679.5342077060476,681.0,680.3
1991,1979,16.167017757219394,788.3021638173003,679.5342077060476,681.0,680.3
1991,1980,16.167017757219394,788.3021638173003,679.5342077060476,681.0,680.3
1991,1981,16.167017757219394,788.3021638173003,679.5342077060476,681.0,680.3
1991,1982,16.167017757219394,788.3021638173003,679.5342077060476,681.0,680.3
1991,1983,15.890410469245447,788.3021638173003,679.5342077060476,681.0,680.3
1991,1984,15.611660697972615,788.3021638173003,679.5342077060476,681.0,680.3
1991,1985,15.330756804109503,788.3021638173003,679.5342077060476,681.0,680.3
1992,1986,15.047687382009498,666.3021638173003,702.5342077060476,681.0,680.3
1993,1987,14.762441272363603,666.3021638173003,702.5342077060476,681.0,680.3
1994,1988,14.4750075751925,666.3021638173003,702.5342077060476,681.0,680.3
1995,1989,14.18537566313939,666.3021638173003,702.5342077060476,681.0,680.3
1996,1990,13.893535195060526,666.3021638173003,702.5342077060476,681.0,680.3
1997,1991,13.599476129909425,666.3021638173003,702.5342077060476,681.0,680.3
1998,1992,13.303188740914653,666.3021638173003,702.5342077060476,681.0,680.3
1999,1993,13.303188740914653,666.3021638173003,702.5342077060476,681.0,680.3
2000,1994,13.303188740914653,666.3021638173003,702.5342077060476,681.0,680.3
2001,1995,13.303188740914653,666.3021638173003,702.5342077060476,681.0,680.3
2002,1996,13.303188740914653,666.3021638173003,702.5342077060476,681.0,680.3
2003,1997,13.303188740914653,666.3021638173003,702.5342077060476,706.5285714285715,680.2571428571429
2004,1998,13.303188740914653,666.3021638173003,702.5342077060476,732.0571428571428,680.2142857142857
2005,1999,13.398344984839266,666.3021638173003,702.5342077060476,757.5857142857143,680.1714285714286
2006,2000,13.49263492067514,666.3021638173003,702.5342077060476,783.1142857142858,680.1285714285714
2007,2001,13.586069821380306,666.3021638173003,702.5342077060476,808.6428571428572,680.0857142857143
2008,2002,13.678660774579807,666.3021638173003,702.5342077060476,834.1714285714286,680.0428571428571
2009,2003,13.678660774579807,666.3021638173003,702.5342077060476,859.7,680.0
2010,2004,13.678660774579807,666.3021638173003,702.5342077060476,859.7,680.0
2011,2005,13.678660774579807,666.3021638173003,702.5342077060476,859.7,680.0
2012,2006,13.678660774579807,666.3021638173003,702.5342077060476,859.7,680.0
2013,2007,13.678660774579807,666.3021638173003,702.5342077060476,859.7,680.0
2014,2008,13.678660774579807,666.3021638173003,702.5342077060476,859.7,680.0
2015,2009,13.678660774579807,666.3021638173003,702.5342077060476,859.7,680.0
2016,2010,12.282428692777241,803.3021638173003,697.5342077060476,859.7,680.0
2017,2011,10.861599120331823,803.3021638173003,697.5342077060476,859.7,680.0
2018,2012,9.417308648935762,803.3021638173003,697.5342077060476,859.7,680.0
2019,2013,7.9508507530004975,803.3021638173003,697.5342077060476,859.7,680.0
2020,2014,6.463674851976977,803.3021638173003,697.5342077060476,859.7,680.0
2021,2015,4.957383029526682,803.3021638173003,697.5342077060476,859.7,680.0
2022,2016,3.4337242683042426,803.3021638173003,697.5342077060476,859.7,680.0
2023,2017,3.4337242683042426,803.3021638173003,697.5342077060476,859.7,680.0
2024,2018,3.4337242683042426,940.3021638173003,692.5342077060476,863.09,682.49
2025,2019,3.6863367682448445,940.3021638173003,692.5342077060476,866.48,684.98
2026,2020,3.9406524814942823,940.3021638173003,692.5342077060476,869.87,687.47
2027,2021,4.196678569334949,940.3021638173003,692.5342077060476,873.26,689.96
2028,2022,4.454422016478184,940.3021638173003,692.5342077060476,876.6500000000001,692.45
2029,2023,4.7138896236251355,940.3021638173003,692.5342077060476,880.0400000000001,694.9399999999999
2030,2024,4.7138896236251355,940.3021638173003,692.5342077060476,883.4300000000001,697.43
2031,2025,4.7138896236251355,940.3021638173003,692.5342077060476,886.82,699.92
2032,2026,4.7138896236251355,940.3021638173003,692.5342077060476,890.21,702.41
2033,2027,4.7138896236251355,940.3021638173003,692.5342077060476,893.6,704.9
2034,2028,2.270752983893746,940.3021638173003,692.5342077060476,896.99,707.39
2035,2029,0.2299859802140199,940.3021638173003,692.5342077060476,900.38,709.88
2036,2029,0.2299859802140199,940.3021638173003,692.5342077060476,903.77,712.37
2037,2029,0.2299859802140199,940.3021638173003,692.5342077060476,907.16,714.86
2038,2029,0.2299859802140199,940.3021638173003,692.5342077060476,910.55,717.3499999999999
2039,2029,0.2299859802140199,940.3021638173003,692.5342077060476,913.94,719.8399999999999
2040,2030,2.7805529332465118,940.3021638173003,692.5342077060476,917.33,722.3299999999999
2041,2031,5.372076090289769,940.3021638173003,692.5342077060476,920.72,724.8199999999999
2042,2032,7.994731115018449,940.3021638173003,692.5342077060476,924.11,727.31
2043,2033,10.637938497679986,940.3021638173003,692.5342077060476,927.5,729.8
2044,2034,13.290605230745879,940.3021638173003,692.5342077060476,927.5,729.8
2045,2035,15.941397929509517,940.3021638173003,692.5342077060476,927.5,729.8
2046,2036,18.579031034510074,940.3021638173003,692.5342077060476,927.5,729.8
2047,2037,20.722088176152656,940.3021638173003,692.5342077060476,927.5,729.8
2048,2038,18.14303448765401,940.3021638173003,692.5342077060476,927.5,729.8
2049,2039,15.607977506069473,940.3021638173003,692.5342077060476,927.5,729.8
2050,2040,13.125440253134496,940.3021638173003,692.5342077060476,927.5,729.8
2051,2041,10.702812681410595,940.3021638173003,692.5342077060476,927.5,729.8
2052,2042,8.34628055983428,940.3021638173003,692.5342077060476,927.5,729.8
2053,2043,6.060806879464444,940.3021638173003,692.5342077060476,927.5,729.8
2054,2044,3.8501592874452992,940.3021638173003,692.5342077060476,927.5,729.8
2055,2045,1.7169748485290917,940.3021638173003,692.5342077060476,927.5,729.8
2056,2046,0.33714751899351464,940.3021638173003,692.5342077060476,927.5,729.8
2057,2046,0.33714751899351464,940.3021638173003,692.5342077060476,926.72,724.9
2058,2046,0.33714751899351464,940.3021638173003,692.5342077060476,925.94,720.0
2059,2046,0.33714751899351464,940.3021638173003,692.5342077060476,925.16,715.0999999999999
2060,2046,0.33714751899351464,940.3021638173003,692.5342077060476,924.38,710.1999999999999
2061,2046,0.33714751899351464,940.3021638173003,692.5342077060476,923.6,705.3
2062,2046,0.33714751899351464,940.3021638173003,692.5342077060476,923.6,705.3
2063,2046,0.33714751899351464,940.3021638173003,692.5342077060476,923.6,705.3
2064,2046,0.33714751899351464,940.3021638173003,692.5342077060476,923.6,705.3
2065,2047,2.3115364668779543,940.3021638173003,692.5342077060476,923.2,704.5111111111111
2066,2048,4.206328126129091,940.3021638173003,692.5342077060476,922.8000000000001,703.7222222222222
2067,2049,6.022343738621329,940.3021638173003,692.5342077060476,922.4,702.9333333333333
2068,2050,7.760970653211594,940.3021638173003,692.5342077060476,922.0,702.1444444444444
2069,2051,9.42405074286917,940.3021638173003,692.5342077060476,921.6,701.3555555555556
2070,2052,11.013778866755771,940.3021638173003,692.5342077060476,921.2,700.5666666666667
2071,2053,9.541371219961333,940.3021638173003,692.5342077060476,920.8,699.7777777777778
2071,2054,8.090788905470738,940.3021638173003,692.5342077060476,920.4,698.9888888888889
2071,2055,6.70569722434795,940.3021638173003,692.5342077060476,920.0,698.2
2071,2056,5.383272098058442,940.3021638173003,692.5342077060476,920.0,698.2
2072,2057,4.120671585458453,940.3021638173003,692.5342077060476,920.0,698.2
2073,2058,2.915072136366416,940.3021638173003,692.5342077060476,920.0,698.2
2074,2059,1.7636970270682069,940.3021638173003,692.5342077060476,920.025,697.7
2075,2060,0.6638381088354687,940.3021638173003,692.5342077060476,920.05,697.2
2076,2061,0.3871280723013273,940.3021638173003,692.5342077060476,920.075,696.7
2077,2062,1.3917288248805095,940.3021638173003,692.5342077060476,920.1,696.2
2078,2063,2.3523876809018938,940.3021638173003,692.5342077060476,920.1,696.2
2079,2064,3.271419846693865,940.3021638173003,692.5342077060476,920.1,696.2
2080,2065,4.151030105451655,940.3021638173003,692.5342077060476,920.1,696.2
2081,2066,7.205239113747272,940.3021638173003,692.5342077060476,920.1,696.2
2082,2067,6.398299418981604,940.3021638173003,692.5342077060476,920.1,696.2
2083,2068,5.624824564701899,940.3021638173003,692.5342077060476,920.1,696.2
2084,2069,4.883040204691239,940.3021638173003,692.5342077060476,920.1,696.2
2085,2070,4.171271838373178,940.3021638173003,692.5342077060476,920.1,696.2
2086,2071,3.487940618353805,940.3021638173003,692.5342077060476,920.1,696.2
2087,2072,2.8315589248566866,940.3021638173003,692.5342077060476,920.1,696.2
2088,2072,2.8315589248566866,940.3021638173003,692.5342077060476,900.16,691.1800000000001
2089,2072,2.8315589248566866,940.3021638173003,692.5342077060476,880.22,686.1600000000001
2090,2072,2.8315589248566866,940.3021638173003,692.5342077060476,860.28,681.14
2091,2072,2.8315589248566866,940.3021638173003,692.5342077060476,840.34,676.12
2092,2073,2.8315589248566866,940.3021638173003,692.5342077060476,820.4,671.1
2093,2074,2.8315589248566866,940.3021638173003,692.5342077060476,820.4,671.1
2094,2075,2.8315589248566866,940.3021638173003,692.5342077060476,820.4,671.1
2095,2076,2.8315589248566866,940.3021638173003,692.5342077060476,820.4,671.1
2096,2077,4.148932809194931,940.3021638173003,692.5342077060476,820.4,671.1
2097,2078,5.578271115692829,940.3021638173003,692.5342077060476,818.25,671.75
2098,2079,7.132454011552029,940.3021638173003,692.5342077060476,816.0999999999999,672.4000000000001
2099,2080,8.825969779584412,940.3021638173003,692.5342077060476,813.9499999999999,673.0500000000001
2100,2081,10.675039298123,940.3021638173003,692.5342077060476,811.8,673.7
2100,2082,12.697692786819129,940.3021638173003,692.5342077060476,811.8,673.7
2100,2083,14.913757943915112,940.3021638173003,692.5342077060476,811.8,673.7
2100,2084,17.344698837095375,940.3021638173003,692.5342077060476,811.8,673.7
2101,2085,20.01321968391129,940.3021638173003,692.5342077060476,811.8,673.7
2102,2086,22.942518974899233,940.3021638173003,692.5342077060476,811.8,673.7
2103,2087,19.773717124289576,940.3021638173003,692.5342077060476,811.8,673.7
2103,2088,16.25810506937522,940.3021638173003,692.5342077060476,811.8,673.7
2103,2089,12.42481466304469,940.3021638173003,692.5342077060476,811.8,673.7
2103,2090,8.267861149250376,940.3021638173003,692.5342077060476,763.15,668.5500000000001
2103,2091,3.7937706973654812,940.3021638173003,692.5342077060476,714.5,663.4000000000001
2103,2092,0.9745868572647598,783.3021638173003,676.5342077060476,665.85,658.25
2103,2093,5.995197941372629,783.3021638173003,676.5342077060476,617.2,653.1
2103,2094,5.995197941372629,783.3021638173003,676.5342077060476,617.2,653.1
2103,2095,5.995197941372629,783.3021638173003,676.5342077060476,617.2,653.1
2103,2096,6.9689870270894385,783.3021638173003,676.5342077060476,617.2,653.1
2103,2097,7.933576160474085,783.3021638173003,676.5342077060476,617.2,653.1
2103,2098,8.888556291876375,626.3021638173003,660.5342077060476,617.2,653.1
2103,2099,8.888556291876375,626.3021638173003,660.5342077060476,617.2,653.1
2103,2100,8.888556291876375,626.3021638173003,660.5342077060476,617.2,653.1
2103,2101,8.888556291876375,626.3021638173003,660.5342077060476,617.2,653.1
2103,2102,8.888556291876375,626.3021638173003,660.5342077060476,617.2,653.1
2103,2103,8.888556291876375,626.3021638173003,660.5342077060476,617.2,653.1
2103,2104,8.888556291876375,626.3021638173003,660.5342077060476,617.2,653.1
2103,2105,8.888556291876375,626.3021638173003,660.5342077060476,617.2,653.1
2103,2106,8.888556291876375,626.3021638173003,660.5342077060476,617.2,653.1
2103,2107,8.888556291876375,626.3021638173003,660.5342077060476,617.2,653.1
2103,2108,8.888556291876375,626.3021638173003,660.5342077060476,617.2,653.1
2103,2109,8.888556291876375,626.3021638173003,660.5342077060476,617.2,653.1
2103,2110,8.888556291876375,626.3021638173003,660.5342077060476,617.2,653.1
2104,2111,8.888556291876375,626.3021638173003,660.5342077060476,617.2,653.1
2105,2112,8.888556291876375,626.3021638173003,660.5342077060476,617.2,653.1
2106,2113,8.888556291876375,626.3021638173003,660.5342077060476,617.2,653.1
2107,2114,8.888556291876375,626.3021638173003,660.5342077060476,617.2,653.1
2108,2115,8.888556291876375,626.3021638173003,660.5342077060476,617.2,653.1
2109,2116,8.888556291876375,626.3021638173003,660.5342077060476,617.2,653.1
2110,2117,21.36619162349875,626.3021638173003,660.5342077060476,617.2,653.1
2111,2118,36.547168867082014,626.3021638173003,660.5342077060476,617.2,653.1
2112,2119,22.671664376706016,626.3021638173003,660.5342077060476,617.2,653.1
2113,2120,10.289475330966138,626.3021638173003,660.5342077060476,617.2,653.1
2114,2121,10.289475330966138,626.3021638173003,660.5342077060476,617.2,653.1
2115,2122,10.289475330966138,626.3021638173003,660.5342077060476,617.2,653.1
2116,2123,10.289475330966138,626.3021638173003,660.5342077060476,617.2,653.1
2117,2124,10.289475330966138,626.3021638173003,660.5342077060476,617.2,653.1
2118,2125,10.289475330966138,626.3021638173003,660.5342077060476,617.2,653.1
2119,2126,10.289475330966138,626.3021638173003,660.5342077060476,617.2,653.1
2120,2127,10.289475330966138,626.3021638173003,660.5342077060476,629.4,654.7666666666667
2121,2128,10.289475330966138,626.3021638173003,660.5342077060476,641.6,656.4333333333334
2122,2129,10.289475330966138,626.3021638173003,660.5342077060476,653.8,658.1
2123,2130,10.289475330966138,669.3021638173003,663.5342077060476,653.8,658.1
2124,2131,10.289475330966138,669.3021638173003,663.5342077060476,653.8,658.1
2125,2132,10.289475330966138,669.3021638173003,663.5342077060476,653.8,658.1
2126,2133,10.289475330966138,669.3021638173003,663.5342077060476,653.8,658.1
2127,2134,10.289475330966138,669.3021638173003,663.5342077060476,653.8,658.1
2128,2135,10.289475330966138,669.3021638173003,663.5342077060476,653.8,658.1
2129,2136,10.289475330966138,669.3021638173003,663.5342077060476,653.8,658.1
2130,2137,10.289475330966138,669.3021638173003,663.5342077060476,653.8,658.1
2131,2138,10.289475330966138,669.3021638173003,663.5342077060476,653.8,658.1
2132,2139,10.289475330966138,669.3021638173003,663.5342077060476,653.8,658.1
2133,2140,10.289475330966138,669.3021638173003,663.5342077060476,653.8,658.1
2134,2141,10.289475330966138,669.3021638173003,663.5342077060476,653.8,658.1
2135,2142,2.809495830436836,669.3021638173003,663.5342077060476,653.8,658.1
2136,2143,2.809495830436836,669.3021638173003,663.5342077060476,653.8,658.1
2137,2144,2.809495830436836,669.3021638173003,663.5342077060476,653.8,658.1
2138,2145,2.809495830436836,669.3021638173003,663.5342077060476,653.8,658.1
2139,2146,2.809495830436836,669.3021638173003,663.5342077060476,653.8,658.1
2140,2147,1.7887168772956334,669.3021638173003,663.5342077060476,653.8,658.1
2141,2147,1.7887168772956334,669.3021638173003,663.5342077060476,653.8,658.1
2142,2148,7.527472329653616,669.3021638173003,663.5342077060476,653.8,658.1
2143,2149,12.33551827444614,669.3021638173003,663.5342077060476,653.8,658.1
2144,2149,12.33551827444614,669.3021638173003,663.5342077060476,653.8,658.1
2145,2149,12.33551827444614,669.3021638173003,663.5342077060476,653.8,658.1
2146,2149,12.33551827444614,669.3021638173003,663.5342077060476,653.8,658.1
2147,2149,12.33551827444614,669.3021638173003,663.5342077060476,653.8,658.1
2148,2149,12.33551827444614,669.3021638173003,663.5342077060476,653.8,658.1
2149,2149,12.33551827444614,669.3021638173003,663.5342077060476,653.8,658.1
2150,2149,12.33551827444614,669.3021638173003,663.5342077060476,653.8,658.1
2151,2149,12.33551827444614,669.3021638173003,663.5342077060476,653.8,658.1
2152,2149,12.33551827444614,669.3021638173003,663.5342077060476,653.8,658.1
2153,2149,12.33551827444614,669.3021638173003,663.5342077060476,653.8,658.1
2154,2149,12.33551827444614,669.3021638173003,663.5342077060476,653.8,658.1
2155,2149,12.33551827444614,669.3021638173003,663.5342077060476,653.8,658.1
2156,2149,12.33551827444614,669.3021638173003,663.5342077060476,653.8,658.1
2157,2149,12.33551827444614,669.3021638173003,663.5342077060476,653.8,658.1
2158,2149,12.33551827444614,669.3021638173003,663.5342077060476,653.8,658.1
2159,2149,12.33551827444614,669.3021638173003,663.5342077060476,653.8,658.1
2160,2149,12.33551827444614,669.3021638173003,663.5342077060476,653.8,658.1
2161,2149,12.33551827444614,669.3021638173003,663.5342077060476,653.8,658.1
2162,2149,12.33551827444614,669.3021638173003,663.5342077060476,653.8,658.1
2163,2149,12.33551827444614,669.3021638173003,663.5342077060476,653.8,658.1
2164,2149,12.33551827444614,669.3021638173003,663.5342077060476,653.8,658.1
2165,2149,12.33551827444614,669.3021638173003,663.5342077060476,653.8,658.1
2166,2149,12.33551827444614,669.3021638173003,663.5342077060476,653.8,658.1
2167,2149,12.33551827444614,669.3021638173003,663.5342077060476,653.8,658.1
2168,2149,12.33551827444614,669.3021638173003,663.5342077060476,653.8,658.1
2169,2149,12.33551827444614,669.3021638173003,663.5342077060476,653.8,658.1
2170,2149,12.33551827444614,669.3021638173003,663.5342077060476,653.8,658.1
2171,2149,12.33551827444614,669.3021638173003,663.5342077060476,653.8,658.1
2172,2149,12.33551827444614,669.3021638173003,663.5342077060476,653.8,658.1
2173,2149,12.33551827444614,669.3021638173003,663.5342077060476,653.8,658.1
2174,2149,12.33551827444614,669.3021638173003,663.5342077060476,653.8,658.1
2175,2149,12.33551827444614,669.3021638173003,663.5342077060476,653.8,658.1
2176,2149,12.33551827444614,669.3021638173003,663.5342077060476,653.8,658.1
2177,2149,12.33551827444614,669.3021638173003,663.5342077060476,653.8,658.1
2178,2149,12.33551827444614,669.3021638173003,663.5342077060476,653.8,658.1
2179,2149,12.33551827444614,669.3021638173003,663.5342077060476,653.8,658.1
2180,2149,12.33551827444614,669.3021638173003,663.5342077060476,653.8,658.1
2181,2149,12.33551827444614,669.3021638173003,663.5342077060476,653.8,658.1
2182,2149,12.33551827444614,669.3021638173003,663.5342077060476,653.8,658.1
2183,2149,12.33551827444614,669.3021638173003,663.5342077060476,653.8,658.1
2184,2149,12.33551827444614,669.3021638173003,663.5342077060476,653.8,658.1
2185,2149,12.33551827444614,669.3021638173003,663.5342077060476,683.775,624.75
2186,2149,12.33551827444614,669.3021638173003,663.5342077060476,713.75,591.4000000000001
2187,2149,12.33551827444614,669.3021638173003,663.5342077060476,743.725,558.0500000000001
2188,2149,12.33551827444614,669.3021638173003,663.5342077060476,773.7,524.7
2189,2149,12.33551827444614,669.3021638173003,663.5342077060476,773.7,524.7
2190,2149,12.33551827444614,669.3021638173003,663.5342077060476,773.7,524.7
2191,2149,12.33551827444614,669.3021638173003,663.5342077060476,773.7,524.7
2192,2149,12.33551827444614,669.3021638173003,663.5342077060476,773.7,524.7
2193,2150,12.33551827444614,669.3021638173003,663.5342077060476,773.7,524.7
2194,2151,12.33551827444614,669.3021638173003,663.5342077060476,773.7,524.7
2195,2152,12.33551827444614,669.3021638173003,663.5342077060476,773.7,524.7
2196,2153,12.33551827444614,669.3021638173003,663.5342077060476,773.7,524.7
2197,2154,12.33551827444614,669.3021638173003,663.5342077060476,773.7,524.7
2198,2155,12.33551827444614,669.3021638173003,663.5342077060476,773.7,524.7
2199,2156,12.33551827444614,669.3021638173003,663.5342077060476,773.7,524.7
2200,2157,12.33551827444614,669.3021638173003,663.5342077060476,773.7,524.7
2201,2158,12.33551827444614,669.3021638173003,663.5342077060476,773.7,524.7
2202,2159,12.33551827444614,669.3021638173003,663.5342077060476,773.7,524.7
2203,2160,12.33551827444614,811.3021638173003,502.5342077060476,773.7,524.7
2204,2161,12.33551827444614,811.3021638173003,502.5342077060476,773.7,524.7
2205,2162,12.33551827444614,811.3021638173003,502.5342077060476,773.7,524.7
2206,2163,12.33551827444614,811.3021638173003,502.5342077060476,773.7,524.7
2207,2164,12.33551827444614,811.3021638173003,502.5342077060476,773.7,524.7
2208,2165,12.33551827444614,811.3021638173003,502.5342077060476,773.7,524.7
2209,2166,12.33551827444614,811.3021638173003,502.5342077060476,773.7,524.7
2210,2167,12.33551827444614,811.3021638173003,502.5342077060476,773.7,524.7
2211,2168,12.33551827444614,952.3021638173003,342.5342077060476,773.7,524.7
2212,2169,12.33551827444614,952.3021638173003,342.5342077060476,773.7,524.7
2213,2170,12.33551827444614,952.3021638173003,342.5342077060476,773.7,524.7
2214,2171,12.33551827444614,952.3021638173003,342.5342077060476,773.7,524.7
2215,2172,12.33551827444614,952.3021638173003,342.5342077060476,773.7,524.7
2216,2173,12.33551827444614,952.3021638173003,342.5342077060476,773.7,524.7
2217,2174,12.33551827444614,952.3021638173003,342.5342077060476,773.7,524.7
2218,2175,12.33551827444614,952.3021638173003,342.5342077060476,773.7,524.7
2219,2176,12.33551827444614,952.3021638173003,342.5342077060476,773.7,524.7
2220,2177,12.33551827444614,952.3021638173003,342.5342077060476,773.7,524.7
2221,2178,12.33551827444614,952.3021638173003,342.5342077060476,773.7,524.7
2222,2179,12.33551827444614,952.3021638173003,342.5342077060476,773.7,524.7
2223,2180,19.238441913236823,952.3021638173003,342.5342077060476,753.48,538.6
2224,2181,19.238441913236823,952.3021638173003,342.5342077060476,733.26,552.5
2225,2182,19.238441913236823,952.3021638173003,342.5342077060476,713.0400000000001,566.4000000000001
2226,2183,19.238441913236823,952.3021638173003,342.5342077060476,692.82,580.3000000000001
2227,2184,19.238441913236823,812.3021638173003,493.5342077060476,672.6,594.2
2228,2185,19.238441913236823,812.3021638173003,493.5342077060476,672.6,594.2
2229,2186,19.238441913236823,812.3021638173003,493.5342077060476,672.6,594.2
2230,2187,19.238441913236823,812.3021638173003,493.5342077060476,672.6,594.2
2231,2188,19.238441913236823,812.3021638173003,493.5342077060476,672.6,594.2
2232,2189,19.238441913236823,812.3021638173003,493.5342077060476,672.6,594.2
2233,2190,19.238441913236823,812.3021638173003,493.5342077060476,672.6,594.2
2234,2191,19.238441913236823,812.3021638173003,493.5342077060476,672.6,594.2
2235,2192,19.238441913236823,672.3021638173003,644.5342077060476,672.6,594.2
2236,2193,19.238441913236823,672.3021638173003,644.5342077060476,672.6,594.2
2237,2194,19.238441913236823,672.3021638173003,644.5342077060476,672.6,594.2
2238,2195,19.238441913236823,672.3021638173003,644.5342077060476,672.6,594.2
2239,2196,19.238441913236823,672.3021638173003,644.5342077060476,672.6,594.2
2240,2197,19.238441913236823,672.3021638173003,644.5342077060476,672.6,594.2
2241,2198,19.238441913236823,672.3021638173003,644.5342077060476,672.6,594.2
2242,2199,19.238441913236823,672.3021638173003,644.5342077060476,672.6,594.2
2243,2200,19.238441913236823,672.3021638173003,644.5342077060476,672.6,594.2
2244,2201,19.238441913236823,672.3021638173003,644.5342077060476,672.6,594.2
2245,2202,19.238441913236823,672.3021638173003,644.5342077060476,672.6,594.2
2246,2203,19.238441913236823,672.3021638173003,644.5342077060476,672.6,594.2
2247,2204,19.238441913236823,672.3021638173003,644.5342077060476,672.6,594.2
2248,2205,19.238441913236823,672.3021638173003,644.5342077060476,672.6,594.2
2249,2206,19.238441913236823,672.3021638173003,644.5342077060476,672.6,594.2
2250,2207,19.238441913236823,672.3021638173003,644.5342077060476,672.6,594.2
2251,2208,19.238441913236823,672.3021638173003,644.5342077060476,672.6,594.2
2252,2209,19.238441913236823,672.3021638173003,644.5342077060476,672.6,594.2
2253,2210,19.238441913236823,672.3021638173003,644.5342077060476,672.6,594.2
2254,2211,19.238441913236823,672.3021638173003,644.5342077060476,663.0,609.8333333333334
2255,2212,12.452537971942272,672.3021638173003,644.5342077060476,653.4,625.4666666666667
2256,2213,12.452537971942272,672.3021638173003,644.5342077060476,643.8,641.1
2257,2214,12.452537971942272,672.3021638173003,644.5342077060476,643.8,641.1
2258,2215,12.452537971942272,672.3021638173003,644.5342077060476,643.8,641.1
2259,2216,12.452537971942272,672.3021638173003,644.5342077060476,643.8,641.1
2260,2217,12.452537971942272,672.3021638173003,644.5342077060476,643.8,641.1
2261,2218,12.452537971942272,672.3021638173003,644.5342077060476,643.8,641.1
2262,2219,12.452537971942272,672.3021638173003,644.5342077060476,643.8,641.1
2263,2220,12.452537971942272,672.3021638173003,644.5342077060476,643.8,641.1
2264,2221,12.452537971942272,672.3021638173003,644.5342077060476,643.8,641.1
2265,2222,12.452537971942272,672.3021638173003,644.5342077060476,643.8,641.1
2266,2223,12.452537971942272,672.3021638173003,644.5342077060476,643.8,641.1
2267,2224,12.452537971942272,672.3021638173003,644.5342077060476,643.8,641.1
2268,2225,12.452537971942272,672.3021638173003,644.5342077060476,643.8,641.1
2269,2226,12.452537971942272,672.3021638173003,644.5342077060476,643.8,641.1
2270,2227,12.452537971942272,672.3021638173003,644.5342077060476,643.8,641.1
2271,2228,12.452537971942272,672.3021638173003,644.5342077060476,643.8,641.1
2272,2229,12.452537971942272,672.3021638173003,644.5342077060476,643.8,641.1
2273,2230,12.452537971942272,672.3021638173003,644.5342077060476,643.8,641.1
2274,2231,12.452537971942272,672.3021638173003,644.5342077060476,643.8,641.1
2275,2232,12.452537971942272,672.3021638173003,644.5342077060476,643.8,641.1
2276,2233,12.452537971942272,672.3021638173003,644.5342077060476,643.8,641.1
2277,2234,12.452537971942272,672.3021638173003,644.5342077060476,643.8,641.1
2278,2235,12.452537971942272,672.3021638173003,644.5342077060476,643.8,641.1
2279,2236,12.452537971942272,672.3021638173003,644.5342077060476,643.8,641.1
2280,2237,12.452537971942272,672.3021638173003,644.5342077060476,643.8,641.1
2281,2238,12.452537971942272,672.3021638173003,644.5342077060476,643.8,641.1
2282,2239,12.452537971942272,672.3021638173003,644.5342077060476,643.8,641.1
2283,2240,12.452537971942272,672.3021638173003,644.5342077060476,643.8,641.1
2284,2241,12.452537971942272,672.3021638173003,644.5342077060476,643.8,641.1
2285,2242,12.452537971942272,672.3021638173003,644.5342077060476,643.8,641.1
2286,2243,12.452537971942272,672.3021638173003,644.5342077060476,643.8,641.1
2287,2244,12.452537971942272,672.3021638173003,644.5342077060476,643.8,641.1
2288,2245,12.452537971942272,672.3021638173003,644.5342077060476,643.8,641.1
2289,2246,12.452537971942272,672.3021638173003,644.5342077060476,643.8,641.1
2290,2247,12.452537971942272,672.3021638173003,644.5342077060476,643.8,641.1
2291,2248,12.452537971942272,672.3021638173003,644.5342077060476,643.8,641.1
2292,2249,13.370566111111081,672.3021638173003,644.5342077060476,643.8,641.1
2293,2250,14.079635300968109,672.3021638173003,644.5342077060476,643.8,641.1
2294,2251,14.64363981715637,672.3021638173003,644.5342077060476,643.8,641.1
2295,2252,14.64363981715637,672.3021638173003,644.5342077060476,643.8,641.1
2296,2253,14.64363981715637,672.3021638173003,644.5342077060476,688.525,636.575
2297,2254,14.64363981715637,672.3021638173003,644.5342077060476,733.25,632.05
2298,2255,14.64363981715637,672.3021638173003,644.5342077060476,777.975,627.525
2299,2256,14.64363981715637,672.3021638173003,644.5342077060476,822.7,623.0
2300,2257,14.64363981715637,672.3021638173003,644.5342077060476,822.7,623.0
2301,2258,14.64363981715637,672.3021638173003,644.5342077060476,822.7,623.0
2302,2259,14.64363981715637,672.3021638173003,644.5342077060476,822.7,623.0
2303,2260,7.431312876217907,672.3021638173003,644.5342077060476,823.4000000000001,624.7
2304,2261,7.431312876217907,672.3021638173003,644.5342077060476,824.1,626.4
2305,2262,7.431312876217907,672.3021638173003,644.5342077060476,824.8,628.0999999999999
2306,2263,7.431312876217907,672.3021638173003,644.5342077060476,825.5,629.8
2307,2264,7.431312876217907,672.3021638173003,644.5342077060476,825.5,629.8
2308,2265,7.431312876217907,672.3021638173003,644.5342077060476,825.5,629.8
2309,2266,7.431312876217907,672.3021638173003,644.5342077060476,825.5,629.8
2310,2267,7.431312876217907,672.3021638173003,644.5342077060476,825.5,629.8
2311,2268,7.431312876217907,672.3021638173003,644.5342077060476,825.5,629.8
2312,2269,7.431312876217907,672.3021638173003,644.5342077060476,825.5,629.8
2313,2270,7.431312876217907,672.3021638173003,644.5342077060476,825.5,629.8
2314,2271,7.431312876217907,672.3021638173003,644.5342077060476,825.5,629.8
2315,2272,7.431312876217907,672.3021638173003,644.5342077060476,825.5,629.8
2316,2273,7.431312876217907,672.3021638173003,644.5342077060476,825.5,629.8
2317,2274,7.431312876217907,672.3021638173003,644.5342077060476,825.5,629.8
2318,2275,7.431312876217907,672.3021638173003,644.5342077060476,825.5,629.8
2319,2276,7.431312876217907,672.3021638173003,644.5342077060476,825.45,628.425
2320,2277,7.431312876217907,672.3021638173003,644.5342077060476,825.4,627.05
2321,2278,7.431312876217907,672.3021638173003,644.5342077060476,825.3499999999999,625.675
2322,2279,7.431312876217907,672.3021638173003,644.5342077060476,825.3,624.3
2323,2280,7.431312876217907,672.3021638173003,644.5342077060476,825.3,624.3
2324,2281,7.431312876217907,672.3021638173003,644.5342077060476,825.3,624.3
2325,2282,7.431312876217907,672.3021638173003,644.5342077060476,825.3,624.3
2326,2283,7.431312876217907,672.3021638173003,644.5342077060476,825.3,624.3
2327,2284,7.431312876217907,672.3021638173003,644.5342077060476,834.9,587.7285714285714
2328,2285,7.431312876217907,672.3021638173003,644.5342077060476,844.5,551.1571428571428
2329,2286,7.431312876217907,672.3021638173003,644.5342077060476,854.1,514.5857142857143
2330,2287,7.431312876217907,672.3021638173003,644.5342077060476,863.6999999999999,478.01428571428573
2331,2288,7.431312876217907,891.3021638173003,655.5342077060476,873.3,441.4428571428572
2332,2289,7.431312876217907,891.3021638173003,655.5342077060476,882.9,404.87142857142857
2333,2290,7.431312876217907,891.3021638173003,655.5342077060476,892.5,368.3
2334,2291,7.431312876217907,891.3021638173003,655.5342077060476,892.5,368.3
2335,2292,7.431312876217907,891.3021638173003,655.5342077060476,892.5,368.3
2336,2293,7.431312876217907,891.3021638173003,655.5342077060476,892.5,368.3
2337,2294,7.431312876217907,891.3021638173003,655.5342077060476,892.5,368.3
2338,2295,7.431312876217907,891.3021638173003,655.5342077060476,892.5,368.3
2339,2296,7.431312876217907,891.3021638173003,655.5342077060476,892.5,368.3
2340,2297,7.431312876217907,891.3021638173003,655.5342077060476,892.5,368.3
2341,2298,7.431312876217907,891.3021638173003,655.5342077060476,892.5,368.3
2342,2299,7.431312876217907,891.3021638173003,655.5342077060476,892.5,368.3
2343,2300,7.431312876217907,891.3021638173003,655.5342077060476,892.5,368.3
2344,2301,7.431312876217907,891.3021638173003,655.5342077060476,892.5,368.3
2345,2302,7.431312876217907,891.3021638173003,655.5342077060476,892.5,368.3
2346,2303,7.431312876217907,891.3021638173003,655.5342077060476,892.5,368.3
2347,2304,7.431312876217907,891.3021638173003,655.5342077060476,892.5,368.3
2348,2305,7.431312876217907,891.3021638173003,655.5342077060476,892.5,368.3
2349,2306,7.431312876217907,891.3021638173003,655.5342077060476,892.5,368.3
2350,2307,7.431312876217907,891.3021638173003,655.5342077060476,892.5,368.3
2351,2308,7.431312876217907,891.3021638173003,655.5342077060476,892.5,368.3
2352,2309,7.431312876217907,891.3021638173003,655.5342077060476,892.5,368.3
2353,2310,7.431312876217907,891.3021638173003,655.5342077060476,892.5,368.3
2354,2311,7.431312876217907,891.3021638173003,655.5342077060476,892.5,368.3
2355,2312,7.431312876217907,925.3021638173003,486.5342077060476,892.5,368.3
2356,2313,7.431312876217907,925.3021638173003,486.5342077060476,892.5,368.3
2357,2314,7.431312876217907,925.3021638173003,486.5342077060476,892.5,368.3
2358,2315,7.431312876217907,925.3021638173003,486.5342077060476,892.5,368.3
2358,2316,7.431312876217907,925.3021638173003,486.5342077060476,892.5,368.3
2358,2317,7.431312876217907,925.3021638173003,486.5342077060476,892.5,368.3
2358,2318,7.431312876217907,925.3021638173003,486.5342077060476,892.5,368.3
2358,2319,7.431312876217907,925.3021638173003,486.5342077060476,905.225,345.4
2358,2320,7.431312876217907,925.3021638173003,486.5342077060476,917.95,322.5
2358,2321,7.431312876217907,925.3021638173003,486.5342077060476,930.675,299.6
2358,2322,7.431312876217907,960.3021638173003,316.5342077060476,943.4,276.7
2358,2323,7.431312876217907,960.3021638173003,316.5342077060476,943.4,276.7
2358,2324,7.431312876217907,960.3021638173003,316.5342077060476,943.4,276.7
2358,2325,7.431312876217907,960.3021638173003,316.5342077060476,943.4,276.7
2358,2326,7.431312876217907,960.3021638173003,316.5342077060476,943.4,276.7
2359,2327,7.431312876217907,960.3021638173003,316.5342077060476,943.4,276.7
2360,2328,7.431312876217907,960.3021638173003,316.5342077060476,943.4,276.7
2361,2329,7.431312876217907,960.3021638173003,316.5342077060476,943.4,276.7
2362,2330,7.431312876217907,960.3021638173003,316.5342077060476,943.4,276.7
2363,2331,7.431312876217907,960.3021638173003,316.5342077060476,943.4,276.7
2364,2332,7.431312876217907,960.3021638173003,316.5342077060476,943.4,276.7
2365,2333,7.431312876217907,960.3021638173003,316.5342077060476,943.4,276.7
2366,2334,12.652830564255071,960.3021638173003,316.5342077060476,943.4,276.7
2367,2335,10.360076439954408,960.3021638173003,316.5342077060476,943.4,276.7
2367,2336,6.0077126879106775,960.3021638173003,241.5342077060476,943.4,276.7
2367,2337,2.0797051745351713,960.3021638173003,241.5342077060476,943.4,276.7
2367,2338,2.0797051745351713,960.3021638173003,241.5342077060476,943.4,276.7
2367,2339,2.0797051745351713,960.3021638173003,241.5342077060476,943.4,276.7
2367,2340,2.0797051745351713,960.3021638173003,241.5342077060476,943.4,276.7
2367,2341,2.0797051745351713,960.3021638173003,241.5342077060476,943.4,276.7
2367,2342,2.0797051745351713,960.3021638173003,241.5342077060476,943.4,276.7
2367,2343,2.0797051745351713,960.3021638173003,241.5342077060476,943.4,276.7
2367,2344,2.0797051745351713,960.3021638173003,241.5342077060476,943.4,276.7
2367,2345,2.0797051745351713,960.3021638173003,241.5342077060476,943.4,276.7
2367,2346,2.0797051745351713,960.3021638173003,241.5342077060476,943.4,276.7
2367,2347,2.0797051745351713,960.3021638173003,241.5342077060476,943.4,276.7
2367,2348,2.0797051745351713,960.3021638173003,241.5342077060476,943.4,276.7
2368,2349,2.0797051745351713,960.3021638173003,241.5342077060476,943.4,276.7
2369,2350,2.0797051745351713,960.3021638173003,241.5342077060476,943.4,276.7
2370,2351,2.0797051745351713,960.3021638173003,241.5342077060476,943.4,276.7
2371,2352,2.0797051745351713,953.3021638173003,332.5342077060476,943.4,276.7
2372,2353,2.0797051745351713,953.3021638173003,332.5342077060476,943.4,276.7
2373,2354,2.0797051745351713,953.3021638173003,332.5342077060476,943.4,276.7
2374,2355,3.437526498576105,953.3021638173003,332.5342077060476,943.4,276.7
2375,2356,2.8058667867380187,953.3021638173003,332.5342077060476,943.4,276.7
2375,2357,0.06754817920922639,953.3021638173003,332.5342077060476,943.4,276.7
2375,2358,2.264082891915768,953.3021638173003,332.5342077060476,943.4,276.7
2375,2359,2.264082891915768,953.3021638173003,332.5342077060476,943.4,276.7
2375,2360,2.264082891915768,953.3021638173003,332.5342077060476,943.4,276.7
2375,2361,2.264082891915768,953.3021638173003,332.5342077060476,943.4,276.7
2375,2362,2.264082891915768,946.3021638173003,422.5342077060476,943.4,276.7
2375,2363,2.264082891915768,946.3021638173003,422.5342077060476,935.42,335.36
2375,2364,2.264082891915768,946.3021638173003,422.5342077060476,927.4399999999999,394.02
2375,2365,2.264082891915768,946.3021638173003,422.5342077060476,919.46,452.68
2376,2366,2.264082891915768,946.3021638173003,422.5342077060476,911.48,511.34000000000003
2377,2367,2.264082891915768,946.3021638173003,422.5342077060476,903.5,570.0
2378,2368,2.264082891915768,939.3021638173003,513.5342077060476,903.5,570.0
2379,2369,2.264082891915768,939.3021638173003,513.5342077060476,903.5,570.0
2380,2370,2.264082891915768,939.3021638173003,513.5342077060476,903.5,570.0
2381,2371,2.264082891915768,939.3021638173003,513.5342077060476,903.5,570.0
2382,2372,2.264082891915768,939.3021638173003,513.5342077060476,903.5,570.0
2383,2373,2.264082891915768,939.3021638173003,513.5342077060476,903.5,570.0
2384,2374,2.264082891915768,939.3021638173003,513.5342077060476,903.5,570.0
2385,2375,2.264082891915768,939.3021638173003,513.5342077060476,903.5,570.0
2386,2376,2.264082891915768,933.3021638173003,604.5342077060476,903.5,570.0
2387,2377,2.264082891915768,933.3021638173003,604.5342077060476,903.5,570.0
2388,2378,2.264082891915768,933.3021638173003,604.5342077060476,903.5,570.0
2389,2379,2.264082891915768,933.3021638173003,604.5342077060476,903.5,570.0
2390,2380,2.264082891915768,933.3021638173003,604.5342077060476,903.5,570.0
2391,2381,2.264082891915768,933.3021638173003,604.5342077060476,903.5,570.0
2392,2382,2.264082891915768,933.3021638173003,604.5342077060476,903.5,570.0
2393,2383,2.264082891915768,933.3021638173003,604.5342077060476,903.5,570.0
2394,2384,2.264082891915768,933.3021638173003,604.5342077060476,903.5,570.0
2395,2385,2.264082891915768,933.3021638173003,604.5342077060476,903.5,570.0
2396,2386,0.0026859163927792384,933.3021638173003,604.5342077060476,903.5,570.0
2397,2387,2.6364681208408283,933.3021638173003,604.5342077060476,903.5,570.0
2398,2388,5.742098041784984,933.3021638173003,604.5342077060476,903.5,570.0
2399,2389,6.766292975805182,933.3021638173003,604.5342077060476,903.5,570.0
2400,2390,2.367286300181035,933.3021638173003,604.5342077060476,903.5,570.0
2401,2390,2.367286300181035,933.3021638173003,604.5342077060476,903.5,570.0
2402,2391,2.9077908861454986,933.3021638173003,604.5342077060476,903.5,570.0
2403,2392,9.228606323865232,933.3021638173003,604.5342077060476,903.5,570.0
2404,2393,9.228606323865232,933.3021638173003,604.5342077060476,903.5,570.0
2404,2394,9.228606323865232,933.3021638173003,604.5342077060476,903.5,570.0
2404,2395,9.228606323865232,933.3021638173003,604.5342077060476,903.5,570.0
2404,2396,9.228606323865232,933.3021638173003,604.5342077060476,903.5,570.0
2404,2397,9.228606323865232,933.3021638173003,604.5342077060476,903.5,570.0
2404,2398,9.228606323865232,933.3021638173003,604.5342077060476,903.5,570.0
2404,2399,9.228606323865232,933.3021638173003,604.5342077060476,903.5,570.0
2404,2400,9.228606323865232,933.3021638173003,604.5342077060476,903.5,570.0
2404,2401,9.228606323865232,933.3021638173003,604.5342077060476,903.5,570.0
2404,2402,9.228606323865232,933.3021638173003,604.5342077060476,903.5,570.0
2404,2403,9.228606323865232,933.3021638173003,604.5342077060476,903.5,570.0
2404,2404,9.228606323865232,933.3021638173003,604.5342077060476,903.5,570.0
2404,2405,9.228606323865232,933.3021638173003,604.5342077060476,903.5,570.0
2404,2406,9.228606323865232,933.3021638173003,604.5342077060476,903.5,570.0
2404,2407,10.62717857941059,933.3021638173003,604.5342077060476,903.5,570.0
2404,2408,12.023278984546428,933.3021638173003,604.5342077060476,903.5,570.0
2404,2409,13.415262620047983,933.3021638173003,604.5342077060476,903.5,570.0
2404,2410,14.801513646614316,933.3021638173003,604.5342077060476,903.5,570.0
2405,2411,16.180456290732288,933.3021638173003,604.5342077060476,903.5,570.0
2406,2412,17.550565139284984,933.3021638173003,604.5342077060476,903.5,570.0
2407,2413,18.57883327836852,933.3021638173003,604.5342077060476,904.06,573.82
2408,2414,17.23072058538879,933.3021638173003,604.5342077060476,904.62,577.64
2409,2415,15.895626356040745,933.3021638173003,604.5342077060476,905.1800000000001,581.46
2410,2416,14.574790461139216,933.3021638173003,604.5342077060476,905.74,585.28
2411,2417,13.269365924424969,933.3021638173003,604.5342077060476,906.3,589.1
2412,2418,11.980415132146323,933.3021638173003,604.5342077060476,906.86,592.9200000000001
2413,2419,10.708907240117274,933.3021638173003,604.5342077060476,907.4200000000001,596.74
2414,2420,9.455716735524852,933.3021638173003,604.5342077060476,907.98,600.5600000000001
2415,2421,8.221623088867736,933.3021638173003,604.5342077060476,908.54,604.38
2416,2422,7.007311413563627,933.3021638173003,604.5342077060476,909.1,608.2
2417,2423,5.8133740371433715,933.3021638173003,604.5342077060476,909.1,608.2
2418,2424,4.640312878555286,933.3021638173003,604.5342077060476,909.1,608.2
2419,2425,3.488542520698588,933.3021638173003,604.5342077060476,909.1,608.2
2420,2426,2.358393865568377,933.3021638173003,604.5342077060476,909.1,608.2
2421,2426,2.358393865568377,933.3021638173003,604.5342077060476,909.1,608.2
2422,2426,2.358393865568377,933.3021638173003,604.5342077060476,909.1,608.2
2423,2426,2.358393865568377,933.3021638173003,604.5342077060476,909.1,608.2
2424,2426,2.358393865568377,933.3021638173003,604.5342077060476,909.1,608.2
2425,2426,2.358393865568377,933.3021638173003,604.5342077060476,909.1,608.2
2426,2426,2.358393865568377,933.3021638173003,604.5342077060476,909.1,608.2
2427,2426,2.358393865568377,933.3021638173003,604.5342077060476,909.1,608.2
2428,2426,2.358393865568377,933.3021638173003,604.5342077060476,909.1,608.2
2429,2426,2.358393865568377,933.3021638173003,604.5342077060476,909.1,608.2
2430,2426,2.358393865568377,933.3021638173003,604.5342077060476,909.1,608.2
2431,2426,2.358393865568377,933.3021638173003,604.5342077060476,909.1,608.2
2432,2426,2.358393865568377,933.3021638173003,604.5342077060476,909.1,608.2
2433,2426,2.358393865568377,933.3021638173003,604.5342077060476,909.1,608.2
2434,2426,2.358393865568377,933.3021638173003,604.5342077060476,909.8714285714286,585.2357142857144
2435,2426,2.358393865568377,933.3021638173003,604.5342077060476,910.6428571428571,562.2714285714286
2436,2426,2.358393865568377,933.3021638173003,604.5342077060476,911.4142857142857,539.3071428571429
2437,2426,2.358393865568377,933.3021638173003,604.5342077060476,912.1857142857143,516.3428571428572
2438,2426,2.358393865568377,933.3021638173003,604.5342077060476,912.9571428571429,493.37857142857143
2439,2426,2.358393865568377,933.3021638173003,604.5342077060476,913.7285714285714,470.4142857142857
2440,2426,2.358393865568377,933.3021638173003,604.5342077060476,914.5,447.45000000000005
2441,2426,2.358393865568377,938.3021638173003,687.5342077060476,915.2714285714286,424.48571428571427
2442,2426,2.358393865568377,938.3021638173003,687.5342077060476,916.0428571428571,401.5214285714286
2443,2426,2.358393865568377,938.3021638173003,687.5342077060476,916.8142857142857,378.5571428571428
2444,2426,2.358393865568377,938.3021638173003,687.5342077060476,917.5857142857143,355.59285714285716
2445,2426,2.358393865568377,938.3021638173003,687.5342077060476,918.3571428571429,332.62857142857143
2446,2426,2.358393865568377,938.3021638173003,687.5342077060476,919.1285714285714,309.6642857142857
2447,2426,2.358393865568377,938.3021638173003,687.5342077060476,919.9,286.7
2448,2427,2.358393865568377,938.3021638173003,687.5342077060476,919.9,286.7
2449,2428,2.358393865568377,938.3021638173003,687.5342077060476,919.9,286.7
2450,2429,2.358393865568377,938.3021638173003,687.5342077060476,919.9,286.7
2451,2430,2.358393865568377,938.3021638173003,687.5342077060476,919.9,286.7
2452,2431,2.358393865568377,938.3021638173003,687.5342077060476,919.9,286.7
2453,2432,2.358393865568377,938.3021638173003,687.5342077060476,919.9,286.7
2454,2433,2.358393865568377,938.3021638173003,687.5342077060476,919.9,286.7
2455,2434,2.358393865568377,938.3021638173003,687.5342077060476,919.9,286.7
2456,2435,2.358393865568377,938.3021638173003,687.5342077060476,919.9,286.7
2457,2436,2.358393865568377,944.3021638173003,474.5342077060476,919.9,286.7
2458,2437,2.358393865568377,944.3021638173003,474.5342077060476,919.9,286.7
2459,2438,2.358393865568377,944.3021638173003,474.5342077060476,919.9,286.7
2460,2439,2.358393865568377,944.3021638173003,474.5342077060476,919.9,286.7
2461,2440,2.8450814692427047,944.3021638173003,474.5342077060476,919.9,286.7
2462,2441,3.35665831094061,944.3021638173003,474.5342077060476,919.9,286.7
2463,2442,3.894995548758778,944.3021638173003,474.5342077060476,919.9,286.7
2464,2443,4.462146353029091,944.3021638173003,474.5342077060476,919.9,286.7
2465,2444,5.060367005391686,951.3021638173003,262.5342077060476,919.9,286.7
2466,2445,5.060367005391686,951.3021638173003,262.5342077060476,919.9,286.7
2467,2446,5.060367005391686,951.3021638173003,262.5342077060476,919.9,286.7
2468,2447,5.060367005391686,951.3021638173003,262.5342077060476,919.9,286.7
2469,2448,5.250799757526866,951.3021638173003,262.5342077060476,919.9,286.7
2470,2449,5.442780836810395,951.3021638173003,262.5342077060476,919.9,286.7
2471,2450,5.636324839699592,951.3021638173003,262.5342077060476,919.9,286.7
2472,2451,5.831446458596354,951.3021638173003,262.5342077060476,915.775,318.175
2473,2452,6.0281604800173785,951.3021638173003,262.5342077060476,911.65,349.65
2474,2453,6.226481782635927,951.3021638173003,262.5342077060476,907.525,381.125
2475,2454,6.426425335189038,951.3021638173003,262.5342077060476,903.4,412.6
2476,2455,6.628006194245311,951.3021638173003,262.5342077060476,903.4,412.6
2477,2456,6.831239501829151,951.3021638173003,262.5342077060476,903.4,412.6
2478,2457,6.831239501829151,951.3021638173003,262.5342077060476,903.4,412.6
2479,2458,6.831239501829151,951.3021638173003,262.5342077060476,903.4,412.6
2480,2459,6.831239501829151,951.3021638173003,262.5342077060476,903.4,412.6
2481,2460,6.865868869450174,951.3021638173003,262.5342077060476,903.4,412.6
2482,2461,6.900707816518867,951.3021638173003,262.5342077060476,903.4,412.6
2483,2462,6.935758225397734,951.3021638173003,262.5342077060476,903.4,412.6
2484,2463,6.971022000735889,951.3021638173003,262.5342077060476,903.4,412.6
2485,2464,6.971022000735889,951.3021638173003,262.5342077060476,903.4,412.6
2486,2465,6.971022000735889,951.3021638173003,262.5342077060476,903.4,412.6
2487,2466,6.971022000735889,951.3021638173003,262.5342077060476,903.4,412.6
2488,2467,6.971022000735889,951.3021638173003,262.5342077060476,903.4,412.6
2489,2468,6.971022000735889,928.3021638173003,457.5342077060476,903.4,412.6
2490,2469,6.971022000735889,928.3021638173003,457.5342077060476,903.4,412.6
2491,2470,6.971022000735889,928.3021638173003,457.5342077060476,903.4,412.6
2492,2471,6.971022000735889,928.3021638173003,457.5342077060476,903.4,412.6
2493,2472,6.971022000735889,928.3021638173003,457.5342077060476,903.4,412.6
2494,2473,6.971022000735889,928.3021638173003,457.5342077060476,903.4,412.6
2495,2474,14.236335884051638,928.3021638173003,457.5342077060476,903.4,412.6
2496,2475,21.26919354830495,928.3021638173003,457.5342077060476,903.4,412.6
2497,2476,17.06433203114566,905.3021638173003,651.5342077060476,903.4,412.6
2497,2477,10.988811751809532,905.3021638173003,651.5342077060476,903.4,412.6
2497,2478,5.508279869063409,905.3021638173003,651.5342077060476,903.4,412.6
2497,2479,5.508279869063409,905.3021638173003,651.5342077060476,903.4,412.6
2497,2480,5.508279869063409,905.3021638173003,651.5342077060476,903.4,412.6
2497,2481,5.508279869063409,905.3021638173003,651.5342077060476,903.4,412.6
2497,2482,5.508279869063409,905.3021638173003,651.5342077060476,903.4,412.6
2497,2483,5.212803761086076,905.3021638173003,651.5342077060476,903.4,412.6
2497,2484,4.923424230358504,905.3021638173003,651.5342077060476,903.4,412.6
2497,2485,4.6399688336435,905.3021638173003,651.5342077060476,903.4,412.6
2497,2486,4.362270955681295,905.3021638173003,651.5342077060476,898.7315789473683,425.3684210526316
2497,2487,4.362270955681295,905.3021638173003,651.5342077060476,894.0631578947368,438.1368421052632
2497,2488,4.362270955681295,905.3021638173003,651.5342077060476,889.3947368421052,450.90526315789475
2497,2489,4.362270955681295,905.3021638173003,651.5342077060476,884.7263157894737,463.67368421052635
2497,2490,4.362270955681295,905.3021638173003,651.5342077060476,880.0578947368421,476.44210526315794
2498,2491,4.362270955681295,905.3021638173003,651.5342077060476,875.3894736842105,489.2105263157895
2499,2492,4.362270955681295,905.3021638173003,651.5342077060476,870.7210526315789,501.9789473684211
2500,2493,4.362270955681295,905.3021638173003,651.5342077060476,866.0526315789474,514.7473684210527
2501,2494,4.362270955681295,905.3021638173003,651.5342077060476,861.3842105263158,527.5157894736842
2502,2495,4.547264560648956,905.3021638173003,651.5342077060476,856.7157894736843,540.2842105263159
2503,2496,6.826175422869523,905.3021638173003,651.5342077060476,852.0473684210526,553.0526315789474
2503,2497,2.0403053215027827,905.3021638173003,651.5342077060476,847.3789473684211,565.821052631579
2503,2498,1.6008344452825078,905.3021638173003,651.5342077060476,842.7105263157895,578.5894736842106
2503,2499,1.6008344452825078,905.3021638173003,651.5342077060476,838.042105263158,591.3578947368421
2503,2500,1.6008344452825078,905.3021638173003,651.5342077060476,833.3736842105263,604.1263157894737
2503,2501,1.6008344452825078,905.3021638173003,651.5342077060476,828.7052631578948,616.8947368421053
2503,2502,1.6008344452825078,905.3021638173003,651.5342077060476,824.0368421052632,629.663157894737
2504,2503,1.6008344452825078,905.3021638173003,651.5342077060476,819.3684210526317,642.4315789473685
2505,2504,1.6008344452825078,905.3021638173003,651.5342077060476,814.7,655.2
2506,2505,1.6008344452825078,905.3021638173003,651.5342077060476,814.7,655.2
2507,2506,1.6008344452825078,905.3021638173003,651.5342077060476,814.7,655.2
2508,2507,1.6008344452825078,905.3021638173003,651.5342077060476,814.7,655.2
2509,2508,1.6008344452825078,788.3021638173003,677.5342077060476,814.7,655.2
2510,2509,1.6008344452825078,788.3021638173003,677.5342077060476,814.7,655.2
2511,2510,1.6008344452825078,788.3021638173003,677.5342077060476,814.7,655.2
2512,2511,1.6008344452825078,788.3021638173003,677.5342077060476,814.7,655.2
2513,2512,1.6008344452825078,788.3021638173003,677.5342077060476,814.7,655.2
2514,2513,1.6008344452825078,788.3021638173003,677.5342077060476,814.7,655.2
2515,2514,1.6008344452825078,788.3021638173003,677.5342077060476,814.7,655.2
2516,2515,1.6008344452825078,788.3021638173003,677.5342077060476,814.7,655.2
2517,2516,1.6008344452825078,670.3021638173003,702.5342077060476,814.7,655.2
2518,2517,1.6008344452825078,670.3021638173003,702.5342077060476,814.7,655.2
2519,2518,1.6008344452825078,670.3021638173003,702.5342077060476,814.7,655.2
2520,2519,1.6008344452825078,670.3021638173003,702.5342077060476,814.7,655.2
2521,2520,1.6008344452825078,670.3021638173003,702.5342077060476,814.7,655.2
2522,2521,1.6008344452825078,670.3021638173003,702.5342077060476,814.7,655.2
2523,2522,1.6008344452825078,670.3021638173003,702.5342077060476,814.7,655.2
2524,2523,1.6008344452825078,670.3021638173003,702.5342077060476,814.7,655.2
2525,2524,1.6008344452825078,670.3021638173003,702.5342077060476,837.35,653.1750000000001
2526,2525,1.6008344452825078,670.3021638173003,702.5342077060476,860.0,651.1500000000001
2527,2526,1.6008344452825078,670.3021638173003,702.5342077060476,882.65,649.125
2528,2527,1.6008344452825078,670.3021638173003,702.5342077060476,905.3,647.1
2529,2528,1.6008344452825078,670.3021638173003,702.5342077060476,905.3,647.1
2530,2529,1.6008344452825078,670.3021638173003,702.5342077060476,905.3,647.1
2531,2530,1.6008344452825078,670.3021638173003,702.5342077060476,905.3,647.1
2532,2531,1.6008344452825078,670.3021638173003,702.5342077060476,905.3,647.1
2533,2532,0.7158360582789078,670.3021638173003,702.5342077060476,905.3,647.1
2534,2533,0.22647885535968676,670.3021638173003,702.5342077060476,905.3,647.1
2535,2534,1.9320177168748645,670.3021638173003,702.5342077060476,905.3,647.1
2536,2534,1.9320177168748645,670.3021638173003,702.5342077060476,905.3,647.1
2537,2534,1.9320177168748645,670.3021638173003,702.5342077060476,905.6111111111111,645.7888888888889
2538,2534,1.9320177168748645,670.3021638173003,702.5342077060476,905.9222222222222,644.4777777777778
2539,2534,1.9320177168748645,670.3021638173003,702.5342077060476,906.2333333333333,643.1666666666666
2540,2534,1.9320177168748645,670.3021638173003,702.5342077060476,906.5444444444445,641.8555555555555
2541,2534,1.9320177168748645,670.3021638173003,702.5342077060476,906.8555555555555,640.5444444444445
2542,2534,1.9320177168748645,670.3021638173003,702.5342077060476,907.1666666666666,639.2333333333333
2543,2534,1.9320177168748645,670.3021638173003,702.5342077060476,907.4777777777778,637.9222222222222
2544,2534,1.9320177168748645,670.3021638173003,702.5342077060476,907.7888888888889,636.6111111111111
2545,2534,1.9320177168748645,670.3021638173003,702.5342077060476,908.1,635.3
2546,2534,1.9320177168748645,670.3021638173003,702.5342077060476,908.1,635.3
2547,2534,1.9320177168748645,670.3021638173003,702.5342077060476,908.1,635.3
2548,2534,1.9320177168748645,670.3021638173003,702.5342077060476,908.1,635.3
2549,2534,1.9320177168748645,670.3021638173003,702.5342077060476,908.1,635.3
2550,2535,1.9320177168748645,670.3021638173003,702.5342077060476,907.6428571428571,635.8714285714285
2551,2536,1.9320177168748645,670.3021638173003,702.5342077060476,907.1857142857143,636.4428571428571
2552,2537,1.9320177168748645,670.3021638173003,702.5342077060476,906.7285714285714,637.0142857142856
2553,2538,1.9320177168748645,670.3021638173003,702.5342077060476,906.2714285714286,637.5857142857143
2554,2539,1.9320177168748645,670.3021638173003,702.5342077060476,905.8142857142857,638.1571428571428
2555,2540,1.9320177168748645,670.3021638173003,702.5342077060476,905.3571428571429,638.7285714285714
2556,2541,1.9320177168748645,670.3021638173003,702.5342077060476,904.9,639.3
2557,2542,1.9320177168748645,670.3021638173003,702.5342077060476,904.9,639.3
2558,2543,1.9320177168748645,670.3021638173003,702.5342077060476,904.9,639.3
2559,2544,1.9320177168748645,670.3021638173003,702.5342077060476,904.9,639.3
2560,2545,1.9320177168748645,670.3021638173003,702.5342077060476,904.9,639.3
2561,2546,1.9320177168748645,670.3021638173003,702.5342077060476,904.9,639.3
2562,2547,1.9320177168748645,670.3021638173003,702.5342077060476,904.9,639.3
2563,2548,1.9320177168748645,670.3021638173003,702.5342077060476,904.9,639.3
2564,2549,1.9320177168748645,670.3021638173003,702.5342077060476,904.9,639.3
2565,2550,1.9320177168748645,670.3021638173003,702.5342077060476,904.9,639.3
2566,2551,1.9320177168748645,670.3021638173003,702.5342077060476,904.9,639.3
2567,2552,1.9320177168748645,670.3021638173003,702.5342077060476,904.9,639.3
2568,2553,1.9320177168748645,670.3021638173003,702.5342077060476,904.9,639.3
2569,2554,1.9320177168748645,670.3021638173003,702.5342077060476,904.9,639.3
2570,2555,1.9320177168748645,670.3021638173003,702.5342077060476,904.9,639.3
2571,2556,1.9320177168748645,670.3021638173003,702.5342077060476,904.9,639.3
2572,2557,1.9320177168748645,670.3021638173003,702.5342077060476,904.9,639.3
2573,2558,1.9320177168748645,670.3021638173003,702.5342077060476,904.9,639.3
2574,2559,1.9320177168748645,670.3021638173003,702.5342077060476,905.411111111111,639.4888888888888
2575,2560,1.9320177168748645,670.3021638173003,702.5342077060476,905.9222222222222,639.6777777777777
2576,2561,1.9320177168748645,670.3021638173003,702.5342077060476,906.4333333333333,639.8666666666667
2577,2562,1.9320177168748645,670.3021638173003,702.5342077060476,906.9444444444445,640.0555555555555
2578,2563,1.9320177168748645,670.3021638173003,702.5342077060476,907.4555555555555,640.2444444444444
2579,2564,1.9320177168748645,670.3021638173003,702.5342077060476,907.9666666666667,640.4333333333333
2580,2565,1.9320177168748645,670.3021638173003,702.5342077060476,908.4777777777778,640.6222222222223
2581,2566,1.9320177168748645,949.3021638173003,694.5342077060476,908.9888888888889,640.8111111111111
2582,2567,1.9320177168748645,949.3021638173003,694.5342077060476,909.5,641.0
2583,2568,1.9320177168748645,949.3021638173003,694.5342077060476,909.5,641.0
2584,2569,1.9320177168748645,949.3021638173003,694.5342077060476,909.5,641.0
2585,2570,1.9320177168748645,949.3021638173003,694.5342077060476,909.5,641.0
2586,2571,1.9320177168748645,949.3021638173003,694.5342077060476,909.1857142857143,640.2428571428571
2587,2572,1.9320177168748645,949.3021638173003,694.5342077060476,908.8714285714285,639.4857142857143
2588,2573,1.9320177168748645,949.3021638173003,694.5342077060476,908.5571428571428,638.7285714285714
2589,2574,1.9320177168748645,1229.3021638173004,686.5342077060476,908.2428571428571,637.9714285714286
2590,2575,1.9320177168748645,1229.3021638173004,686.5342077060476,907.9285714285714,637.2142857142858
2591,2576,1.9320177168748645,1229.3021638173004,686.5342077060476,907.6142857142856,636.4571428571429
2592,2577,1.9320177168748645,1229.3021638173004,686.5342077060476,907.3,635.7
2593,2578,1.9320177168748645,1229.3021638173004,686.5342077060476,907.3,635.7
2594,2579,1.9320177168748645,1229.3021638173004,686.5342077060476,907.3,635.7
2595,2580,1.9320177168748645,1229.3021638173004,686.5342077060476,907.3,635.7
2596,2581,1.9320177168748645,1229.3021638173004,686.5342077060476,907.3,635.7
2597,2582,1.9320177168748645,1229.3021638173004,686.5342077060476,911.6727272727272,610.1454545454546
2598,2583,1.9320177168748645,1229.3021638173004,686.5342077060476,916.0454545454545,584.5909090909091
2599,2584,1.9320177168748645,1229.3021638173004,686.5342077060476,920.4181818181818,559.0363636363637
2600,2585,1.9320177168748645,1229.3021638173004,686.5342077060476,924.790909090909,533.4818181818182
2601,2586,1.9320177168748645,1229.3021638173004,686.5342077060476,929.1636363636363,507.92727272727274
2602,2587,1.9320177168748645,1229.3021638173004,686.5342077060476,933.5363636363636,482.3727272727273
2603,2588,1.9320177168748645,1229.3021638173004,686.5342077060476,937.9090909090909,456.81818181818187
2604,2589,1.9320177168748645,1229.3021638173004,686.5342077060476,942.2818181818182,431.26363636363635
2605,2590,1.9320177168748645,1229.3021638173004,686.5342077060476,946.6545454545454,405.70909090909095
2606,2591,1.9320177168748645,1229.3021638173004,686.5342077060476,951.0272727272727,380.1545454545454
2607,2592,1.9320177168748645,1229.3021638173004,686.5342077060476,955.4,354.6
2608,2593,1.9320177168748645,1229.3021638173004,686.5342077060476,955.4,354.6
2609,2594,1.9320177168748645,1229.3021638173004,686.5342077060476,955.4,354.6
2610,2595,1.9320177168748645,1229.3021638173004,686.5342077060476,955.4,354.6
2611,2596,1.9320177168748645,1229.3021638173004,686.5342077060476,955.4,354.6
2612,2597,5.966622438527999,1229.3021638173004,686.5342077060476,955.4,354.6
2613,2598,11.233304354510123,1229.3021638173004,686.5342077060476,955.4,354.6
2614,2599,18.252659365891283,1229.3021638173004,686.5342077060476,955.4,354.6
2615,2600,9.446932720395987,1229.3021638173004,686.5342077060476,955.4,354.6
2615,2601,9.446932720395987,1229.3021638173004,686.5342077060476,955.4,354.6
2615,2602,9.446932720395987,1229.3021638173004,686.5342077060476,955.4,354.6
2615,2603,9.446932720395987,1229.3021638173004,686.5342077060476,955.4,354.6
2615,2604,9.446932720395987,1229.3021638173004,686.5342077060476,955.4,354.6
2616,2605,9.446932720395987,1229.3021638173004,686.5342077060476,955.4,354.6
2617,2606,9.446932720395987,1229.3021638173004,686.5342077060476,955.4,354.6
2618,2607,9.446932720395987,1229.3021638173004,686.5342077060476,955.4,354.6
2619,2608,9.446932720395987,1229.3021638173004,686.5342077060476,955.4,354.6
2620,2609,9.446932720395987,1229.3021638173004,686.5342077060476,955.4,354.6
2621,2610,9.446932720395987,1229.3021638173004,686.5342077060476,955.4,354.6
2622,2611,9.446932720395987,1229.3021638173004,686.5342077060476,955.4,354.6
2623,2612,83.07264686531715,1229.3021638173004,686.5342077060476,955.4,354.6
2624,2613,83.07264686531715,1229.3021638173004,686.5342077060476,955.4,354.6
2625,2614,83.07264686531715,1229.3021638173004,686.5342077060476,955.4,354.6
2626,2615,83.07264686531715,1229.3021638173004,686.5342077060476,955.4,354.6
2627,2616,83.07264686531715,1229.3021638173004,686.5342077060476,955.4,354.6
2628,2617,83.07264686531715,1229.3021638173004,686.5342077060476,955.4,354.6
2629,2618,83.07264686531715,1229.3021638173004,686.5342077060476,955.4,354.6
2630,2619,83.07264686531715,1229.3021638173004,686.5342077060476,955.4,354.6
2631,2620,83.07264686531715,1229.3021638173004,686.5342077060476,955.4,354.6
2632,2621,83.07264686531715,1229.3021638173004,686.5342077060476,955.4,354.6
2633,2622,83.07264686531715,1095.3021638173004,682.5342077060476,954.3874999999999,388.6
2634,2623,83.07264686531715,1095.3021638173004,682.5342077060476,953.375,422.6
2635,2624,83.07264686531715,1095.3021638173004,682.5342077060476,952.3625,456.6
2636,2625,83.07264686531715,1095.3021638173004,682.5342077060476,951.3499999999999,490.6
2637,2626,83.07264686531715,1095.3021638173004,682.5342077060476,950.3375,524.6
2638,2627,83.07264686531715,1095.3021638173004,682.5342077060476,949.3249999999999,558.6
2639,2628,12.768679855691765,1095.3021638173004,682.5342077060476,948.3125,592.6
2640,2629,12.768679855691765,1095.3021638173004,682.5342077060476,947.3,626.6
2641,2630,12.768679855691765,962.3021638173003,678.5342077060476,947.3,626.6
2642,2631,12.768679855691765,962.3021638173003,678.5342077060476,947.3,626.6
2643,2632,12.768679855691765,962.3021638173003,678.5342077060476,947.3,626.6
2644,2633,12.768679855691765,962.3021638173003,678.5342077060476,947.3,626.6
2645,2634,12.768679855691765,962.3021638173003,678.5342077060476,947.3,626.6
2646,2635,17.075191739975523,962.3021638173003,678.5342077060476,947.3,626.6
2647,2636,16.812995383356203,962.3021638173003,678.5342077060476,947.3,626.6
2647,2637,13.866732087723497,962.3021638173003,678.5342077060476,947.3,626.6
2647,2638,11.39094392272573,962.3021638173003,678.5342077060476,947.3,626.6
2647,2639,9.288645772738194,962.3021638173003,678.5342077060476,947.3,626.6
2647,2640,9.288645772738194,962.3021638173003,678.5342077060476,947.3,626.6
2647,2641,9.288645772738194,962.3021638173003,678.5342077060476,947.3,626.6
2648,2642,9.288645772738194,962.3021638173003,678.5342077060476,947.3,626.6
2649,2643,9.288645772738194,962.3021638173003,678.5342077060476,947.3,626.6
2650,2644,9.288645772738194,962.3021638173003,678.5342077060476,947.3,626.6
2651,2645,9.288645772738194,962.3021638173003,678.5342077060476,947.3,626.6
2652,2646,9.288645772738194,962.3021638173003,678.5342077060476,947.3,626.6
2653,2647,9.288645772738194,962.3021638173003,678.5342077060476,947.3,626.6
2654,2648,9.288645772738194,962.3021638173003,678.5342077060476,947.3,626.6
2655,2649,9.288645772738194,962.3021638173003,678.5342077060476,947.3,626.6
2656,2650,9.288645772738194,962.3021638173003,678.5342077060476,947.3,626.6
2657,2651,9.288645772738194,962.3021638173003,678.5342077060476,947.3,626.6
2658,2652,9.288645772738194,962.3021638173003,678.5342077060476,947.3,626.6
2659,2653,9.288645772738194,962.3021638173003,678.5342077060476,947.3,626.6
2660,2654,9.288645772738194,962.3021638173003,678.5342077060476,947.3,626.6
2661,2655,9.288645772738194,962.3021638173003,678.5342077060476,947.3,626.6
2662,2656,9.288645772738194,962.3021638173003,678.5342077060476,947.3,626.6
2663,2657,9.288645772738194,962.3021638173003,678.5342077060476,947.3,626.6
2664,2658,9.288645772738194,962.3021638173003,678.5342077060476,947.3,626.6
2665,2659,9.288645772738194,962.3021638173003,678.5342077060476,947.3,626.6
2666,2660,9.288645772738194,962.3021638173003,678.5342077060476,947.3,626.6
2667,2661,9.288645772738194,962.3021638173003,678.5342077060476,947.3,626.6
2668,2662,9.288645772738194,962.3021638173003,678.5342077060476,947.3,626.6
2669,2663,9.288645772738194,962.3021638173003,678.5342077060476,947.3,626.6
2670,2664,9.288645772738194,962.3021638173003,678.5342077060476,947.3,626.6
2671,2665,9.288645772738194,962.3021638173003,678.5342077060476,947.3,626.6
2672,2666,6.7369139790416295,962.3021638173003,678.5342077060476,947.3,626.6
2673,2667,4.392328700117636,962.3021638173003,678.5342077060476,947.3,626.6
2674,2668,2.23760951583658,962.3021638173003,678.5342077060476,947.3,626.6
2675,2668,2.23760951583658,962.3021638173003,678.5342077060476,947.3,626.6
2676,2668,2.23760951583658,962.3021638173003,678.5342077060476,947.3,626.6
2677,2668,2.23760951583658,962.3021638173003,678.5342077060476,947.3,626.6
2678,2668,2.23760951583658,962.3021638173003,678.5342077060476,947.3,626.6
2679,2668,2.23760951583658,962.3021638173003,678.5342077060476,945.65,627.5166666666667
2680,2668,2.23760951583658,962.3021638173003,678.5342077060476,944.0,628.4333333333334
2681,2668,2.23760951583658,962.3021638173003,678.5342077060476,942.3499999999999,629.35
2682,2668,2.23760951583658,962.3021638173003,678.5342077060476,940.6999999999999,630.2666666666667
2683,2668,2.23760951583658,962.3021638173003,678.5342077060476,939.05,631.1833333333334
2684,2668,2.23760951583658,962.3021638173003,678.5342077060476,937.4,632.1
2685,2668,2.23760951583658,962.3021638173003,678.5342077060476,937.4,632.1
2686,2668,2.23760951583658,962.3021638173003,678.5342077060476,937.4,632.1
2687,2668,2.23760951583658,962.3021638173003,678.5342077060476,937.4,632.1
2688,2668,2.23760951583658,962.3021638173003,678.5342077060476,937.4,632.1
2689,2668,2.23760951583658,962.3021638173003,678.5342077060476,937.4,632.1
2690,2668,2.23760951583658,962.3021638173003,678.5342077060476,937.4,632.1
2691,2668,2.23760951583658,962.3021638173003,678.5342077060476,937.4,632.1
2692,2669,2.23760951583658,962.3021638173003,678.5342077060476,937.4,632.1
2693,2670,2.23760951583658,962.3021638173003,678.5342077060476,937.4,632.1
2694,2671,2.23760951583658,962.3021638173003,678.5342077060476,937.4,632.1
2695,2672,2.23760951583658,962.3021638173003,678.5342077060476,937.4,632.1
2696,2673,2.23760951583658,962.3021638173003,678.5342077060476,937.4,632.1
2697,2674,2.23760951583658,962.3021638173003,678.5342077060476,937.4,632.1
2698,2675,2.23760951583658,962.3021638173003,678.5342077060476,937.4,632.1
2699,2676,2.23760951583658,962.3021638173003,678.5342077060476,937.4,632.1
2700,2677,2.23760951583658,962.3021638173003,678.5342077060476,937.4,632.1
2701,2678,2.23760951583658,962.3021638173003,678.5342077060476,937.4,632.1
2702,2679,2.23760951583658,962.3021638173003,678.5342077060476,937.4,632.1
2703,2680,2.23760951583658,962.3021638173003,678.5342077060476,937.4,632.1
2704,2681,2.23760951583658,962.3021638173003,678.5342077060476,937.4,632.1
2705,2682,2.23760951583658,962.3021638173003,678.5342077060476,937.4,632.1
2706,2683,2.23760951583658,962.3021638173003,678.5342077060476,937.4,632.1
2707,2684,2.23760951583658,962.3021638173003,678.5342077060476,937.4,632.1
2708,2685,2.23760951583658,822.3021638173003,695.5342077060476,937.4,632.1
2709,2686,2.23760951583658,822.3021638173003,695.5342077060476,937.4,632.1
2710,2687,2.23760951583658,822.3021638173003,695.5342077060476,937.4,632.1
2711,2688,2.23760951583658,822.3021638173003,695.5342077060476,937.4,632.1
2712,2689,2.23760951583658,822.3021638173003,695.5342077060476,937.4,632.1
2713,2690,2.23760951583658,822.3021638173003,695.5342077060476,937.4,632.1
2714,2691,2.23760951583658,822.3021638173003,695.5342077060476,937.4,632.1
2715,2692,2.23760951583658,822.3021638173003,695.5342077060476,937.4,632.1
2716,2693,2.23760951583658,683.3021638173003,712.5342077060476,937.4,632.1
2717,2694,2.23760951583658,683.3021638173003,712.5342077060476,937.4,632.1
2718,2695,2.23760951583658,683.3021638173003,712.5342077060476,937.4,632.1
2719,2696,2.23760951583658,683.3021638173003,712.5342077060476,937.4,632.1
2720,2697,2.23760951583658,683.3021638173003,712.5342077060476,936.8090909090909,631.6363636363636
2721,2698,2.23760951583658,683.3021638173003,712.5342077060476,936.2181818181818,631.1727272727273
2722,2699,2.23760951583658,683.3021638173003,712.5342077060476,935.6272727272727,630.709090909091
2723,2700,2.23760951583658,683.3021638173003,712.5342077060476,935.0363636363636,630.2454545454545
2724,2701,2.23760951583658,683.3021638173003,712.5342077060476,934.4454545454545,629.7818181818182
2725,2702,2.23760951583658,683.3021638173003,712.5342077060476,933.8545454545455,629.3181818181819
2726,2703,2.23760951583658,683.3021638173003,712.5342077060476,933.2636363636364,628.8545454545455
2727,2704,2.23760951583658,683.3021638173003,712.5342077060476,932.6727272727272,628.3909090909091
2728,2705,2.23760951583658,683.3021638173003,712.5342077060476,932.0818181818181,627.9272727272727
2729,2706,2.23760951583658,683.3021638173003,712.5342077060476,931.4909090909091,627.4636363636364
2730,2707,2.23760951583658,683.3021638173003,712.5342077060476,930.9,627.0
2731,2708,0.38587532405719893,683.3021638173003,712.5342077060476,930.9,627.0
2732,2708,0.38587532405719893,683.3021638173003,712.5342077060476,930.9,627.0
2733,2708,0.38587532405719893,683.3021638173003,712.5342077060476,930.9,627.0
2734,2708,0.38587532405719893,683.3021638173003,712.5342077060476,927.7428571428571,590.5571428571428
2735,2708,0.38587532405719893,683.3021638173003,712.5342077060476,924.5857142857143,554.1142857142858
2736,2708,0.38587532405719893,683.3021638173003,712.5342077060476,921.4285714285714,517.6714285714286
2737,2708,0.38587532405719893,683.3021638173003,712.5342077060476,918.2714285714285,481.2285714285714
2738,2709,2.1264016704690247,683.3021638173003,712.5342077060476,915.1142857142856,444.7857142857143
2739,2710,5.71166139076041,683.3021638173003,712.5342077060476,911.9571428571428,408.34285714285716
2740,2711,11.185145894690546,683.3021638173003,712.5342077060476,908.8,371.9
2741,2712,11.185145894690546,683.3021638173003,712.5342077060476,908.8,371.9
2742,2713,11.185145894690546,683.3021638173003,712.5342077060476,908.8,371.9
2743,2714,28.110226266289562,683.3021638173003,712.5342077060476,908.8,371.9
2744,2715,27.46250860839564,683.3021638173003,712.5342077060476,908.8,371.9
2745,2716,26.817211739051455,683.3021638173003,712.5342077060476,908.8,371.9
2746,2717,26.174484862994838,683.3021638173003,712.5342077060476,908.8,371.9
2747,2718,25.53447341288064,683.3021638173003,712.5342077060476,908.8,371.9
2748,2719,25.53447341288064,683.3021638173003,712.5342077060476,908.8,371.9
2749,2720,25.53447341288064,683.3021638173003,712.5342077060476,908.8,371.9
2750,2721,25.53447341288064,683.3021638173003,712.5342077060476,908.8,371.9
2751,2722,25.53447341288064,683.3021638173003,712.5342077060476,908.8,371.9
2752,2723,25.53447341288064,683.3021638173003,712.5342077060476,908.8,371.9
2753,2724,25.53447341288064,683.3021638173003,712.5342077060476,908.8,371.9
2754,2725,25.53447341288064,683.3021638173003,712.5342077060476,908.8,371.9
2755,2726,25.53447341288064,683.3021638173003,712.5342077060476,908.8,371.9
2756,2727,25.53447341288064,819.3021638173003,704.5342077060476,908.8,371.9
2757,2728,25.53447341288064,819.3021638173003,704.5342077060476,908.8,371.9
2758,2729,25.53447341288064,819.3021638173003,704.5342077060476,908.8,371.9
2759,2730,25.53447341288064,819.3021638173003,704.5342077060476,908.8,371.9
2760,2731,25.951302529480984,819.3021638173003,704.5342077060476,908.8,371.9
2761,2732,26.37184168174448,819.3021638173003,704.5342077060476,908.8,371.9
2762,2733,26.79609470617265,819.3021638173003,704.5342077060476,908.8,371.9
2763,2734,27.22406387839837,819.3021638173003,704.5342077060476,908.8,371.9
2764,2735,27.22406387839837,956.3021638173003,696.5342077060476,908.8,371.9
2764,2736,27.22406387839837,956.3021638173003,696.5342077060476,908.8,371.9
2764,2737,27.22406387839837,956.3021638173003,696.5342077060476,908.8,371.9
2764,2738,27.22406387839837,956.3021638173003,696.5342077060476,908.8,371.9
2765,2739,38.38082427052711,956.3021638173003,696.5342077060476,908.8,371.9
2766,2740,53.746270387110016,956.3021638173003,696.5342077060476,908.8,371.9
2767,2741,43.5226759569478,956.3021638173003,696.5342077060476,908.8,371.9
2767,2742,24.249240408533012,956.3021638173003,696.5342077060476,908.8,371.9
2767,2743,8.355385471020877,956.3021638173003,696.5342077060476,908.8,371.9
2767,2744,3.274782593810587,956.3021638173003,696.5342077060476,908.8,371.9
2767,2745,11.521311024857596,956.3021638173003,696.5342077060476,908.8,371.9
2767,2746,11.521311024857596,956.3021638173003,696.5342077060476,908.8,371.9
2767,2747,11.521311024857596,956.3021638173003,696.5342077060476,908.8,371.9
2767,2748,11.521311024857596,956.3021638173003,696.5342077060476,908.8,371.9
2767,2749,11.521311024857596,956.3021638173003,696.5342077060476,908.8,371.9
2767,2750,11.521311024857596,956.3021638173003,696.5342077060476,908.8,371.9
2767,2751,11.521311024857596,930.3021638173003,254.5342077060476,908.8,371.9
2767,2752,11.521311024857596,930.3021638173003,254.5342077060476,908.8,371.9
2767,2753,11.521311024857596,930.3021638173003,254.5342077060476,908.8,371.9
2767,2754,11.521311024857596,930.3021638173003,254.5342077060476,908.8,371.9
2767,2755,11.521311024857596,930.3021638173003,254.5342077060476,908.8,371.9
2767,2756,11.521311024857596,930.3021638173003,254.5342077060476,908.8,371.9
2767,2757,11.521311024857596,930.3021638173003,254.5342077060476,908.8,371.9
2767,2758,11.521311024857596,930.3021638173003,254.5342077060476,908.8,371.9
2767,2759,11.521311024857596,930.3021638173003,254.5342077060476,908.8,371.9
2767,2760,11.521311024857596,930.3021638173003,254.5342077060476,908.8,371.9
2767,2761,11.521311024857596,930.3021638173003,254.5342077060476,908.8,371.9
2767,2762,11.521311024857596,930.3021638173003,254.5342077060476,908.8,371.9
2767,2763,11.521311024857596,930.3021638173003,254.5342077060476,908.8,371.9
2767,2764,11.521311024857596,930.3021638173003,254.5342077060476,908.8,371.9
2768,2765,11.521311024857596,930.3021638173003,254.5342077060476,908.8,371.9
2769,2766,11.521311024857596,930.3021638173003,254.5342077060476,908.8,371.9
2770,2767,11.521311024857596,930.3021638173003,254.5342077060476,908.8,371.9
2771,2768,11.521311024857596,930.3021638173003,254.5342077060476,908.8,371.9
2772,2769,11.521311024857596,930.3021638173003,254.5342077060476,908.8,371.9
2773,2770,11.521311024857596,930.3021638173003,254.5342077060476,908.8,371.9
2774,2771,11.521311024857596,930.3021638173003,254.5342077060476,908.8,371.9
2775,2772,11.521311024857596,930.3021638173003,254.5342077060476,908.8,371.9
2776,2773,11.521311024857596,930.3021638173003,254.5342077060476,908.8,371.9
2777,2774,15.79804774542676,930.3021638173003,254.5342077060476,908.8,371.9
2778,2775,11.019659015702558,930.3021638173003,254.5342077060476,908.8,371.9
2779,2776,7.032292624581931,930.3021638173003,254.5342077060476,908.8,371.9
2780,2777,3.684966131756745,930.3021638173003,254.5342077060476,908.8,371.9
2781,2778,3.684966131756745,930.3021638173003,254.5342077060476,908.8,371.9
2782,2779,3.684966131756745,930.3021638173003,254.5342077060476,908.8,371.9
2783,2780,3.684966131756745,930.3021638173003,254.5342077060476,908.8,371.9
2784,2781,3.684966131756745,930.3021638173003,254.5342077060476,908.8,371.9
2785,2782,3.684966131756745,930.3021638173003,254.5342077060476,908.8,371.9
2786,2783,3.684966131756745,930.3021638173003,254.5342077060476,908.8,371.9
2787,2784,3.684966131756745,930.3021638173003,254.5342077060476,908.8,371.9
2788,2785,3.684966131756745,930.3021638173003,254.5342077060476,908.8,371.9
2789,2786,3.684966131756745,930.3021638173003,254.5342077060476,908.8,371.9
2790,2787,3.684966131756745,930.3021638173003,254.5342077060476,908.8,371.9
2791,2788,3.6654981859634352,930.3021638173003,254.5342077060476,908.8,371.9
2792,2789,3.6654981859634352,930.3021638173003,254.5342077060476,908.8,371.9
2793,2790,3.6654981859634352,930.3021638173003,254.5342077060476,908.8,371.9
2794,2791,3.6654981859634352,882.3021638173003,457.5342077060476,908.8,371.9
2795,2792,3.6654981859634352,882.3021638173003,457.5342077060476,908.8,371.9
2796,2793,3.6654981859634352,882.3021638173003,457.5342077060476,908.8,371.9
2797,2794,3.6654981859634352,882.3021638173003,457.5342077060476,908.8,371.9
2798,2795,3.6654981859634352,882.3021638173003,457.5342077060476,908.8,371.9
2799,2796,3.6654981859634352,882.3021638173003,457.5342077060476,908.8,371.9
2800,2797,3.6654981859634352,882.3021638173003,457.5342077060476,908.8,371.9
2801,2798,3.6654981859634352,882.3021638173003,457.5342077060476,908.8,371.9
2802,2799,3.6654981859634352,833.3021638173003,660.5342077060476,908.8,371.9
2803,2800,3.6654981859634352,833.3021638173003,660.5342077060476,908.8,371.9
2804,2801,3.6654981859634352,833.3021638173003,660.5342077060476,908.8,371.9
2805,2802,3.6654981859634352,833.3021638173003,660.5342077060476,908.8,371.9
2806,2803,3.6654981859634352,833.3021638173003,660.5342077060476,908.8,371.9
2807,2804,1.7583949022564047,833.3021638173003,660.5342077060476,908.8,371.9
2807,2805,1.7583949022564047,833.3021638173003,660.5342077060476,908.8,371.9
2807,2806,1.7583949022564047,833.3021638173003,660.5342077060476,908.8,371.9
2807,2807,1.7583949022564047,833.3021638173003,660.5342077060476,908.8,371.9
2807,2808,1.7583949022564047,833.3021638173003,660.5342077060476,908.8,371.9
2808,2809,1.7583949022564047,833.3021638173003,660.5342077060476,908.8,371.9
2809,2810,1.7583949022564047,833.3021638173003,660.5342077060476,908.8,371.9
2810,2811,1.7583949022564047,833.3021638173003,660.5342077060476,908.8,371.9
2811,2812,1.7583949022564047,833.3021638173003,660.5342077060476,908.8,371.9
2812,2813,1.7583949022564047,833.3021638173003,660.5342077060476,908.8,371.9
2813,2814,1.7583949022564047,833.3021638173003,660.5342077060476,908.8,371.9
2814,2815,1.7583949022564047,833.3021638173003,660.5342077060476,908.8,371.9
2815,2816,1.7583949022564047,833.3021638173003,660.5342077060476,908.8,371.9
2816,2817,1.7583949022564047,833.3021638173003,660.5342077060476,908.8,371.9
2817,2818,0.19788261481020156,833.3021638173003,660.5342077060476,908.8,371.9
2818,2818,0.19788261481020156,833.3021638173003,660.5342077060476,908.8,371.9
2819,2818,0.19788261481020156,833.3021638173003,660.5342077060476,908.8,371.9
2820,2818,0.19788261481020156,833.3021638173003,660.5342077060476,908.8,371.9
2821,2818,0.19788261481020156,833.3021638173003,660.5342077060476,908.8,371.9
2822,2819,5.922388229043494,906.3021638173003,702.5342077060476,908.8,371.9
2823,2820,13.123541193158678,906.3021638173003,702.5342077060476,908.8,371.9
2824,2820,13.123541193158678,906.3021638173003,702.5342077060476,908.8,371.9
2825,2820,13.123541193158678,906.3021638173003,702.5342077060476,908.8,371.9
2826,2820,13.123541193158678,906.3021638173003,702.5342077060476,908.8,371.9
2827,2820,13.123541193158678,906.3021638173003,702.5342077060476,908.8,371.9
2828,2820,13.123541193158678,906.3021638173003,702.5342077060476,908.8,371.9
2829,2820,13.123541193158678,906.3021638173003,702.5342077060476,908.8,371.9
2830,2821,21.4027834363596,906.3021638173003,702.5342077060476,908.8,371.9
2831,2822,39.55797870501992,906.3021638173003,702.5342077060476,908.8,371.9
2831,2823,39.55797870501992,906.3021638173003,702.5342077060476,908.8,371.9
2831,2824,39.55797870501992,906.3021638173003,702.5342077060476,908.8,371.9
2831,2825,39.55797870501992,906.3021638173003,702.5342077060476,908.8,371.9
2832,2826,39.55797870501992,906.3021638173003,702.5342077060476,908.8,371.9
2833,2827,39.55797870501992,906.3021638173003,702.5342077060476,908.8,371.9
2834,2828,39.55797870501992,906.3021638173003,702.5342077060476,908.8,371.9
2835,2829,39.55797870501992,906.3021638173003,702.5342077060476,908.8,371.9
2836,2830,39.55797870501992,906.3021638173003,702.5342077060476,908.8,371.9
2837,2831,39.55797870501992,906.3021638173003,702.5342077060476,908.8,371.9
2838,2832,39.55797870501992,906.3021638173003,702.5342077060476,908.8,371.9
2839,2833,39.55797870501992,906.3021638173003,702.5342077060476,908.8,371.9
2840,2834,39.55797870501992,906.3021638173003,702.5342077060476,908.8,371.9
2841,2835,39.55797870501992,906.3021638173003,702.5342077060476,908.8,371.9
2842,2836,39.55797870501992,906.3021638173003,702.5342077060476,908.8,371.9
2843,2837,39.55797870501992,906.3021638173003,702.5342077060476,908.8,371.9
2844,2838,39.55797870501992,906.3021638173003,702.5342077060476,908.8,371.9
2845,2839,39.55797870501992,906.3021638173003,702.5342077060476,908.8,371.9
2846,2840,39.55797870501992,906.3021638173003,702.5342077060476,908.8,371.9
2847,2841,39.55797870501992,906.3021638173003,702.5342077060476,908.8,371.9
2848,2842,39.55797870501992,906.3021638173003,702.5342077060476,908.8,371.9
2849,2843,39.55797870501992,906.3021638173003,702.5342077060476,908.8,371.9
2850,2844,39.55797870501992,906.3021638173003,702.5342077060476,908.8,371.9
2851,2845,39.55797870501992,906.3021638173003,702.5342077060476,908.8,371.9
2852,2846,39.55797870501992,906.3021638173003,702.5342077060476,908.8,371.9
2853,2847,39.55797870501992,906.3021638173003,702.5342077060476,908.8,371.9
2854,2848,39.55797870501992,906.3021638173003,702.5342077060476,908.8,371.9
2855,2849,39.55797870501992,906.3021638173003,702.5342077060476,908.8,371.9
2856,2850,39.55797870501992,906.3021638173003,702.5342077060476,908.8,371.9
2857,2851,39.55797870501992,906.3021638173003,702.5342077060476,908.8,371.9
2858,2852,39.55797870501992,906.3021638173003,702.5342077060476,908.8,371.9
2859,2853,39.55797870501992,906.3021638173003,702.5342077060476,908.8,371.9
2860,2854,39.55797870501992,906.3021638173003,702.5342077060476,908.8,371.9
2861,2855,39.55797870501992,906.3021638173003,702.5342077060476,908.8,371.9
2862,2856,39.55797870501992,906.3021638173003,702.5342077060476,908.8,371.9
2863,2857,39.55797870501992,906.3021638173003,702.5342077060476,908.8,371.9
2864,2858,39.55797870501992,906.3021638173003,702.5342077060476,908.8,371.9
2865,2859,39.55797870501992,906.3021638173003,702.5342077060476,908.8,371.9
2866,2860,39.55797870501992,906.3021638173003,702.5342077060476,908.8,371.9
2867,2861,39.55797870501992,933.3021638173003,465.5342077060476,908.8,371.9
2868,2862,39.55797870501992,933.3021638173003,465.5342077060476,908.8,371.9
2869,2863,39.55797870501992,933.3021638173003,465.5342077060476,908.8,371.9
2870,2864,39.55797870501992,933.3021638173003,465.5342077060476,908.8,371.9
2871,2865,39.55797870501992,933.3021638173003,465.5342077060476,908.8,371.9
2872,2866,39.55797870501992,933.3021638173003,465.5342077060476,908.8,371.9
2873,2867,39.55797870501992,933.3021638173003,465.5342077060476,908.8,371.9
2874,2868,39.55797870501992,933.3021638173003,465.5342077060476,908.8,371.9
2875,2869,36.368929446062886,961.3021638173003,228.5342077060476,908.8,371.9
2876,2870,33.32241140220956,961.3021638173003,228.5342077060476,908.8,371.9
2877,2871,30.425121052462035,961.3021638173003,228.5342077060476,908.8,371.9
2878,2872,27.680077519962687,961.3021638173003,228.5342077060476,908.8,371.9
2879,2873,25.087204012267406,961.3021638173003,228.5342077060476,908.8,371.9
2880,2874,22.643942536749915,961.3021638173003,228.5342077060476,908.8,371.9
2881,2875,20.34584527387383,961.3021638173003,228.5342077060476,908.8,371.9
2882,2876,18.187106604215455,961.3021638173003,228.5342077060476,908.8,371.9
2883,2877,16.161017463594696,961.3021638173003,228.5342077060476,908.8,371.9
2884,2878,14.26033692390307,961.3021638173003,228.5342077060476,908.8,371.9
2885,2878,14.26033692390307,961.3021638173003,228.5342077060476,908.8,371.9
2886,2878,14.26033692390307,961.3021638173003,228.5342077060476,908.8,371.9
2887,2878,14.26033692390307,961.3021638173003,228.5342077060476,908.8,371.9
2888,2878,14.26033692390307,961.3021638173003,228.5342077060476,908.8,371.9
2889,2878,14.26033692390307,961.3021638173003,228.5342077060476,908.8,371.9
2890,2878,14.26033692390307,961.3021638173003,228.5342077060476,908.8,371.9
2891,2878,14.26033692390307,788.3021638173003,462.5342077060476,908.8,371.9
2892,2878,14.26033692390307,788.3021638173003,462.5342077060476,908.8,371.9
2893,2878,14.26033692390307,788.3021638173003,462.5342077060476,908.8,371.9
2894,2878,14.26033692390307,788.3021638173003,462.5342077060476,908.8,371.9
2895,2878,14.26033692390307,788.3021638173003,462.5342077060476,908.8,371.9
2896,2878,14.26033692390307,788.3021638173003,462.5342077060476,908.8,371.9
2897,2878,14.26033692390307,788.3021638173003,462.5342077060476,908.8,371.9
2898,2878,14.26033692390307,788.3021638173003,462.5342077060476,908.8,371.9
2899,2879,14.26033692390307,616.3021638173003,697.5342077060476,908.8,371.9
2900,2880,14.26033692390307,616.3021638173003,697.5342077060476,908.8,371.9
2901,2881,14.26033692390307,616.3021638173003,697.5342077060476,908.8,371.9
2902,2882,14.26033692390307,616.3021638173003,697.5342077060476,908.8,371.9
2903,2883,28.368737286303958,616.3021638173003,697.5342077060476,908.8,371.9
2904,2884,28.368737286303958,616.3021638173003,697.5342077060476,908.8,371.9
2905,2885,28.368737286303958,616.3021638173003,697.5342077060476,908.8,371.9
2906,2886,28.368737286303958,616.3021638173003,697.5342077060476,908.8,371.9
2907,2887,28.368737286303958,616.3021638173003,697.5342077060476,908.8,371.9
2908,2888,28.368737286303958,616.3021638173003,697.5342077060476,908.8,371.9
2909,2889,28.368737286303958,616.3021638173003,697.5342077060476,908.8,371.9
2910,2890,28.368737286303958,616.3021638173003,697.5342077060476,908.8,371.9
2911,2891,28.368737286303958,616.3021638173003,697.5342077060476,908.8,371.9
2912,2892,28.368737286303958,616.3021638173003,697.5342077060476,908.8,371.9
2913,2893,28.368737286303958,616.3021638173003,697.5342077060476,908.8,371.9
2914,2894,28.368737286303958,616.3021638173003,697.5342077060476,908.8,371.9
2915,2895,28.368737286303958,616.3021638173003,697.5342077060476,908.8,371.9
2916,2896,39.57059476508683,616.3021638173003,697.5342077060476,908.8,371.9
2917,2897,57.347165339099746,616.3021638173003,697.5342077060476,908.8,371.9
2918,2898,82.45050632263597,616.3021638173003,697.5342077060476,908.8,371.9
2919,2899,50.1909240512703,616.3021638173003,697.5342077060476,908.8,371.9
2919,2900,31.773606813227264,616.3021638173003,697.5342077060476,908.8,371.9
2919,2901,20.13796727943503,616.3021638173003,697.5342077060476,908.8,371.9
2919,2902,12.695752588544252,616.3021638173003,697.5342077060476,908.8,371.9
2919,2903,7.682839104491276,639.3021638173003,689.5342077060476,908.8,371.9
2920,2904,4.126773113235669,639.3021638173003,689.5342077060476,908.8,371.9
2921,2905,1.4917163998107865,639.3021638173003,689.5342077060476,908.8,371.9
2922,2906,0.5312310998232099,639.3021638173003,689.5342077060476,908.8,371.9
2923,2907,2.1294756996072763,639.3021638173003,689.5342077060476,908.8,371.9
2924,2908,3.4221897161188832,639.3021638173003,689.5342077060476,908.8,371.9
2925,2909,4.488329113289008,639.3021638173003,689.5342077060476,908.8,371.9
2926,2910,4.488329113289008,639.3021638173003,689.5342077060476,908.8,371.9
2927,2911,7.200369413635669,639.3021638173003,689.5342077060476,908.8,371.9
2928,2912,7.200369413635669,639.3021638173003,689.5342077060476,908.8,371.9
2929,2913,7.200369413635669,639.3021638173003,689.5342077060476,933.5,412.5
2930,2914,7.200369413635669,639.3021638173003,689.5342077060476,958.1999999999999,453.1
2931,2915,7.200369413635669,639.3021638173003,689.5342077060476,982.9,493.7
2932,2916,7.200369413635669,639.3021638173003,689.5342077060476,1007.6,534.3
2933,2917,7.200369413635669,639.3021638173003,689.5342077060476,1032.3,574.9000000000001
2934,2918,7.200369413635669,639.3021638173003,689.5342077060476,1057.0,615.5
2935,2919,7.200369413635669,639.3021638173003,689.5342077060476,1081.7,656.1
2936,2920,7.200369413635669,639.3021638173003,689.5342077060476,1081.7,656.1
2937,2921,7.200369413635669,639.3021638173003,689.5342077060476,1081.7,656.1
2938,2922,7.200369413635669,639.3021638173003,689.5342077060476,1081.7,656.1
2939,2923,7.200369413635669,639.3021638173003,689.5342077060476,1082.075,658.7
2940,2924,7.200369413635669,639.3021638173003,689.5342077060476,1082.45,661.3
2941,2925,7.200369413635669,639.3021638173003,689.5342077060476,1082.825,663.9
2942,2926,7.200369413635669,639.3021638173003,689.5342077060476,1083.2,666.5
2943,2927,7.200369413635669,939.3021638173003,699.5342077060476,1083.2,666.5
2944,2928,7.200369413635669,939.3021638173003,699.5342077060476,1083.2,666.5
2945,2929,7.200369413635669,939.3021638173003,699.5342077060476,1083.2,666.5
2946,2930,7.200369413635669,939.3021638173003,699.5342077060476,1083.2,666.5
2947,2931,7.200369413635669,939.3021638173003,699.5342077060476,1083.2,666.5
2948,2932,7.200369413635669,939.3021638173003,699.5342077060476,1083.2,666.5
2949,2933,7.200369413635669,939.3021638173003,699.5342077060476,1083.2,666.5
2950,2934,9.479671297453674,939.3021638173003,699.5342077060476,1083.2,666.5
2951,2935,6.773488101324233,1239.3021638173004,708.5342077060476,1083.2,666.5
2951,2936,2.747610548760968,1239.3021638173004,708.5342077060476,1083.2,666.5
2951,2937,2.928602379335055,1239.3021638173004,708.5342077060476,1083.2,666.5
2951,2938,2.928602379335055,1239.3021638173004,708.5342077060476,1083.2,666.5
2951,2939,2.928602379335055,1239.3021638173004,708.5342077060476,1083.2,666.5
2951,2940,2.928602379335055,1239.3021638173004,708.5342077060476,1083.2,666.5
2951,2941,2.928602379335055,1239.3021638173004,708.5342077060476,1083.2,666.5
2951,2942,2.928602379335055,1239.3021638173004,708.5342077060476,1083.2,666.5
2951,2943,2.928602379335055,1239.3021638173004,708.5342077060476,1083.2,666.5
2951,2944,2.928602379335055,1239.3021638173004,708.5342077060476,1083.2,666.5
2951,2945,2.928602379335055,1239.3021638173004,708.5342077060476,1083.2,666.5
2951,2946,2.928602379335055,1239.3021638173004,708.5342077060476,1083.2,666.5
2951,2947,2.928602379335055,1239.3021638173004,708.5342077060476,1083.2,666.5
2951,2948,2.928602379335055,1239.3021638173004,708.5342077060476,1083.2,666.5
2951,2949,2.928602379335055,1239.3021638173004,708.5342077060476,1083.2,666.5
2951,2950,2.928602379335055,1239.3021638173004,708.5342077060476,1083.2,666.5
2951,2951,2.928602379335055,1239.3021638173004,708.5342077060476,1083.2,666.5
2951,2952,2.928602379335055,1239.3021638173004,708.5342077060476,1083.2,666.5
2951,2953,2.928602379335055,1239.3021638173004,708.5342077060476,1083.2,666.5
2951,2954,2.928602379335055,1239.3021638173004,708.5342077060476,1083.2,666.5
2951,2955,2.928602379335055,1239.3021638173004,708.5342077060476,1083.2,666.5
2951,2956,2.928602379335055,1239.3021638173004,708.5342077060476,1083.2,666.5
2951,2957,2.928602379335055,1239.3021638173004,708.5342077060476,1083.2,666.5
2951,2958,2.928602379335055,1239.3021638173004,708.5342077060476,1083.2,666.5
2951,2959,2.928602379335055,1239.3021638173004,708.5342077060476,1083.2,666.5
2951,2960,2.928602379335055,1239.3021638173004,708.5342077060476,1083.2,666.5
2951,2961,2.928602379335055,1239.3021638173004,708.5342077060476,1083.2,666.5
2951,2962,2.928602379335055,1239.3021638173004,708.5342077060476,1083.2,666.5
2951,2963,2.928602379335055,1239.3021638173004,708.5342077060476,1083.2,666.5
2951,2964,2.928602379335055,1239.3021638173004,708.5342077060476,1083.2,666.5
2951,2965,2.928602379335055,1239.3021638173004,708.5342077060476,1083.2,666.5
2951,2966,2.928602379335055,1239.3021638173004,708.5342077060476,1083.2,666.5
2951,2967,2.928602379335055,1239.3021638173004,708.5342077060476,1083.2,666.5
2951,2968,2.928602379335055,1239.3021638173004,708.5342077060476,1083.2,666.5
2951,2969,7.0981243028099605,1239.3021638173004,708.5342077060476,1083.2,666.5
2951,2970,11.889766649636554,1239.3021638173004,708.5342077060476,1083.2,666.5
2952,2971,17.37036929581542,1239.3021638173004,708.5342077060476,1083.2,666.5
2953,2972,23.576633765963457,1239.3021638173004,708.5342077060476,1083.2,666.5
2954,2973,30.488038109008293,1239.3021638173004,708.5342077060476,1083.2,666.5
2955,2974,37.999173563775535,1239.3021638173004,708.5342077060476,1083.2,666.5
2956,2975,45.90685336681288,1239.3021638173004,708.5342077060476,1083.2,666.5
2957,2976,53.92922643485109,1239.3021638173004,708.5342077060476,1083.2,666.5
2958,2977,61.75951169004217,1239.3021638173004,708.5342077060476,1083.2,666.5
2959,2978,63.71840072428583,1239.3021638173004,708.5342077060476,1083.2,666.5
2959,2979,56.98185483919697,1239.3021638173004,708.5342077060476,1083.2,666.5
2960,2980,50.96282441252261,1239.3021638173004,708.5342077060476,1083.2,666.5
2961,2981,45.66431225369765,1239.3021638173004,708.5342077060476,1083.2,666.5
2962,2982,41.039534803266505,1239.3021638173004,708.5342077060476,1083.2,666.5
2963,2983,37.017418881194075,1239.3021638173004,708.5342077060476,1083.2,666.5
2964,2984,33.52004857671827,1239.3021638173004,708.5342077060476,1083.2,666.5
2965,2985,30.47254643431635,1239.3021638173004,708.5342077060476,1083.2,666.5
2966,2986,27.80765628255456,1239.3021638173004,708.5342077060476,1083.2,666.5
2967,2987,25.46719059662724,1239.3021638173004,708.5342077060476,1083.2,666.5
2968,2987,25.46719059662724,1239.3021638173004,708.5342077060476,1083.2,666.5
2969,2987,25.46719059662724,1239.3021638173004,708.5342077060476,1083.2,666.5
2970,2987,25.46719059662724,1239.3021638173004,708.5342077060476,1083.2,666.5
2971,2987,25.46719059662724,1239.3021638173004,708.5342077060476,1083.2,666.5
2972,2987,25.46719059662724,1239.3021638173004,708.5342077060476,1083.2,666.5
2973,2987,25.46719059662724,1239.3021638173004,708.5342077060476,1083.2,666.5
2974,2987,25.46719059662724,1239.3021638173004,708.5342077060476,1083.2,666.5
2975,2987,25.46719059662724,1239.3021638173004,708.5342077060476,1083.2,666.5
2976,2987,25.46719059662724,1239.3021638173004,708.5342077060476,1083.2,666.5
2977,2987,25.46719059662724,1239.3021638173004,708.5342077060476,1083.2,666.5
2978,2987,25.46719059662724,1239.3021638173004,708.5342077060476,1083.2,666.5
2979,2987,25.46719059662724,1239.3021638173004,708.5342077060476,1083.2,666.5
2980,2987,25.46719059662724,1239.3021638173004,708.5342077060476,1083.2,666.5
2981,2987,25.46719059662724,1239.3021638173004,708.5342077060476,1083.2,666.5
2982,2987,25.46719059662724,1239.3021638173004,708.5342077060476,1083.2,666.5
2983,2987,25.46719059662724,1239.3021638173004,708.5342077060476,1083.2,666.5
2984,2987,25.46719059662724,1239.3021638173004,708.5342077060476,1083.2,666.5
2985,2987,25.46719059662724,1239.3021638173004,708.5342077060476,1083.2,666.5
2986,2987,25.46719059662724,1239.3021638173004,708.5342077060476,1083.2,666.5
2987,2987,25.46719059662724,1239.3021638173004,708.5342077060476,1083.2,666.5
2988,2987,25.46719059662724,1239.3021638173004,708.5342077060476,1083.2,666.5
2989,2987,25.46719059662724,1239.3021638173004,708.5342077060476,1083.2,666.5
2990,2987,25.46719059662724,1239.3021638173004,708.5342077060476,1083.2,666.5
2991,2987,0.28671735011057725,1239.3021638173004,708.5342077060476,1083.2,666.5
2992,2987,0.28671735011057725,1239.3021638173004,708.5342077060476,1035.35,654.2
2993,2987,0.28671735011057725,1239.3021638173004,708.5342077060476,987.5,641.9
2994,2987,0.28671735011057725,1239.3021638173004,708.5342077060476,939.65,629.5999999999999
2995,2987,0.28671735011057725,1239.3021638173004,708.5342077060476,891.8,617.3
2996,2987,0.28671735011057725,1239.3021638173004,708.5342077060476,891.8,617.3
2997,2987,0.28671735011057725,1239.3021638173004,708.5342077060476,891.8,617.3
2998,2987,0.28671735011057725,1239.3021638173004,708.5342077060476,891.8,617.3
2999,2987,9.114383135137308,1239.3021638173004,708.5342077060476,891.8,617.3
3000,2987,9.114383135137308,1239.3021638173004,708.5342077060476,891.8,617.3
3001,2987,9.114383135137308,1239.3021638173004,708.5342077060476,891.8,617.3
3002,2987,9.114383135137308,1239.3021638173004,708.5342077060476,891.8,617.3
3003,2987,9.114383135137308,958.3021638173003,672.5342077060476,891.8,617.3
3004,2987,9.114383135137308,958.3021638173003,672.5342077060476,891.8,617.3
3005,2988,9.114383135137308,958.3021638173003,672.5342077060476,891.8,617.3
3006,2989,9.114383135137308,958.3021638173003,672.5342077060476,891.8,617.3
3007,2990,9.114383135137308,958.3021638173003,672.5342077060476,891.8,617.3
3008,2991,9.114383135137308,958.3021638173003,672.5342077060476,891.8,617.3
3009,2992,9.114383135137308,958.3021638173003,672.5342077060476,891.8,617.3
3010,2993,9.114383135137308,958.3021638173003,672.5342077060476,891.8,617.3
3011,2994,9.114383135137308,958.3021638173003,672.5342077060476,891.8,617.3
3012,2995,9.114383135137308,958.3021638173003,672.5342077060476,891.8,617.3
3013,2996,9.114383135137308,958.3021638173003,672.5342077060476,891.8,617.3
3014,2997,9.114383135137308,958.3021638173003,672.5342077060476,891.8,617.3
3015,2998,9.114383135137308,958.3021638173003,672.5342077060476,891.8,617.3
3016,2999,9.114383135137308,958.3021638173003,672.5342077060476,891.8,617.3
3017,3000,9.114383135137308,958.3021638173003,672.5342077060476,891.8,617.3
3018,3001,9.114383135137308,958.3021638173003,672.5342077060476,891.8,617.3
3019,3002,9.114383135137308,958.3021638173003,672.5342077060476,891.8,617.3
3020,3003,9.114383135137308,958.3021638173003,672.5342077060476,891.8,617.3
3021,3004,9.114383135137308,958.3021638173003,672.5342077060476,891.8,617.3
3022,3005,9.114383135137308,958.3021638173003,672.5342077060476,891.8,617.3
3023,3006,9.114383135137308,958.3021638173003,672.5342077060476,891.8,617.3
3024,3007,13.404712800109397,958.3021638173003,672.5342077060476,890.8499999999999,578.1333333333333
3025,3008,18.728267683908115,958.3021638173003,672.5342077060476,889.9,538.9666666666667
3026,3009,25.37572764243998,958.3021638173003,672.5342077060476,888.95,499.79999999999995
3027,3010,33.650399768882444,958.3021638173003,672.5342077060476,888.0,460.6333333333333
3028,3011,33.650399768882444,958.3021638173003,672.5342077060476,887.05,421.4666666666667
3029,3012,33.650399768882444,958.3021638173003,672.5342077060476,886.1,382.3
3030,3013,33.650399768882444,958.3021638173003,672.5342077060476,886.1,382.3
3031,3014,33.650399768882444,958.3021638173003,672.5342077060476,886.1,382.3
3032,3015,33.650399768882444,958.3021638173003,672.5342077060476,886.1,382.3
3033,3016,33.650399768882444,958.3021638173003,672.5342077060476,886.1,382.3
3034,3017,33.650399768882444,958.3021638173003,672.5342077060476,886.1,382.3
3035,3018,33.650399768882444,875.3021638173003,670.5342077060476,886.1,382.3
3036,3019,33.49660628714359,875.3021638173003,670.5342077060476,886.1,382.3
3037,3020,33.33939221981056,875.3021638173003,670.5342077060476,886.1,382.3
3038,3021,33.178644613869146,875.3021638173003,670.5342077060476,886.1,382.3
3039,3022,33.01424560388745,875.3021638173003,670.5342077060476,886.1,382.3
3040,3023,32.846072149019314,875.3021638173003,670.5342077060476,886.1,382.3
3041,3024,32.673995753444046,875.3021638173003,670.5342077060476,886.1,382.3
3042,3025,32.497882169056986,875.3021638173003,670.5342077060476,886.1,382.3
3043,3026,32.31759107913381,875.3021638173003,670.5342077060476,886.1,382.3
3044,3027,32.1329757615887,875.3021638173003,670.5342077060476,886.1,382.3
3045,3028,32.1329757615887,875.3021638173003,670.5342077060476,886.1,382.3
3046,3029,32.1329757615887,875.3021638173003,670.5342077060476,886.1,382.3
3047,3030,32.1329757615887,875.3021638173003,670.5342077060476,886.1,382.3
3048,3031,32.1329757615887,875.3021638173003,670.5342077060476,886.1,382.3
3049,3032,32.06574866935101,875.3021638173003,670.5342077060476,886.1,382.3
3050,3033,31.999402746270544,875.3021638173003,670.5342077060476,886.1,382.3
3051,3034,31.933920954932393,875.3021638173003,670.5342077060476,886.1,382.3
3052,3035,31.86928668982981,875.3021638173003,670.5342077060476,886.1,382.3
3053,3036,31.805483763908196,875.3021638173003,670.5342077060476,886.1,382.3
3054,3037,31.742496395604586,875.3021638173003,670.5342077060476,886.1,382.3
3055,3038,31.68030919635972,875.3021638173003,670.5342077060476,886.1,382.3
3056,3039,31.68030919635972,875.3021638173003,670.5342077060476,886.1,382.3
3057,3040,31.68030919635972,875.3021638173003,670.5342077060476,886.1,382.3
3058,3041,31.68030919635972,875.3021638173003,670.5342077060476,886.1,382.3
3059,3042,31.68030919635972,758.3021638173003,668.5342077060476,886.1,382.3
3060,3043,31.68030919635972,758.3021638173003,668.5342077060476,886.1,382.3
3061,3044,31.68030919635972,758.3021638173003,668.5342077060476,886.1,382.3
3062,3045,31.68030919635972,758.3021638173003,668.5342077060476,886.1,382.3
3063,3046,25.065142806201706,758.3021638173003,668.5342077060476,886.1,382.3
3063,3047,25.065142806201706,758.3021638173003,668.5342077060476,886.1,382.3
3063,3048,25.065142806201706,758.3021638173003,668.5342077060476,886.1,382.3
3063,3049,25.065142806201706,758.3021638173003,668.5342077060476,886.1,382.3
3063,3050,25.065142806201706,758.3021638173003,668.5342077060476,886.1,382.3
3063,3051,25.065142806201706,758.3021638173003,668.5342077060476,886.1,382.3
3063,3052,25.065142806201706,641.3021638173003,666.5342077060476,886.1,382.3
3063,3053,25.065142806201706,641.3021638173003,666.5342077060476,886.1,382.3
3063,3054,25.065142806201706,641.3021638173003,666.5342077060476,886.1,382.3
3063,3055,25.065142806201706,641.3021638173003,666.5342077060476,886.1,382.3
3063,3056,24.7932236980843,641.3021638173003,666.5342077060476,886.1,382.3
3063,3057,24.520919664926126,641.3021638173003,666.5342077060476,886.1,382.3
3063,3058,24.248242215597,641.3021638173003,666.5342077060476,886.1,382.3
3063,3059,23.97520295820772,641.3021638173003,666.5342077060476,886.1,382.3
3063,3060,23.70181359742043,641.3021638173003,666.5342077060476,886.1,382.3
3063,3061,23.42808593169546,641.3021638173003,666.5342077060476,886.1,382.3
3063,3062,23.154031850477743,641.3021638173003,666.5342077060476,886.1,382.3
3063,3063,22.87966333132288,641.3021638173003,666.5342077060476,886.1,382.3
3063,3064,22.60499243696522,641.3021638173003,666.5342077060476,886.1,382.3
3063,3065,22.60499243696522,641.3021638173003,666.5342077060476,886.1,382.3
3063,3066,22.60499243696522,641.3021638173003,666.5342077060476,886.1,382.3
3063,3067,22.60499243696522,641.3021638173003,666.5342077060476,886.1,382.3
3063,3068,22.920928670513323,641.3021638173003,666.5342077060476,886.1,382.3
3063,3069,23.239877128157136,641.3021638173003,666.5342077060476,886.1,382.3
3063,3070,23.561861043457057,641.3021638173003,666.5342077060476,886.1,382.3
3063,3071,23.88690332736286,641.3021638173003,666.5342077060476,886.1,382.3
3064,3072,24.215026540649024,641.3021638173003,666.5342077060476,886.1,382.3
3065,3073,24.546252865404746,641.3021638173003,666.5342077060476,886.1,382.3
3066,3074,24.880604075571334,641.3021638173003,666.5342077060476,886.1,382.3
3067,3075,24.880604075571334,641.3021638173003,666.5342077060476,886.1,382.3
3068,3076,24.880604075571334,641.3021638173003,666.5342077060476,886.1,382.3
3069,3077,24.880604075571334,641.3021638173003,666.5342077060476,886.1,382.3
3070,3078,24.880604075571334,641.3021638173003,666.5342077060476,886.1,382.3
3071,3079,96.01346582906105,641.3021638173003,666.5342077060476,886.1,382.3
3072,3080,106.03648596429488,641.3021638173003,666.5342077060476,886.1,382.3
3073,3081,125.7636293417117,641.3021638173003,666.5342077060476,886.1,382.3
3074,3082,161.93655402909405,641.3021638173003,666.5342077060476,886.1,382.3
3075,3083,162.42584519756068,641.3021638173003,666.5342077060476,886.1,382.3
3076,3084,143.2173110799988,641.3021638173003,666.5342077060476,886.1,382.3
3077,3085,133.42468465877815,641.3021638173003,666.5342077060476,886.1,382.3
3078,3086,127.80653895881896,641.3021638173003,666.5342077060476,886.1,382.3
3079,3087,124.22700493853151,641.3021638173003,666.5342077060476,886.1,382.3
3080,3088,121.76460059221972,641.3021638173003,666.5342077060476,886.1,382.3
3081,3089,119.97303100950894,641.3021638173003,666.5342077060476,886.1,382.3
3082,3090,119.97303100950894,641.3021638173003,666.5342077060476,886.1,382.3
3083,3091,119.97303100950894,641.3021638173003,666.5342077060476,886.1,382.3
3084,3092,119.97303100950894,641.3021638173003,666.5342077060476,886.1,382.3
3085,3093,119.97303100950894,641.3021638173003,666.5342077060476,886.1,382.3
3086,3094,119.97303100950894,641.3021638173003,666.5342077060476,886.1,382.3
3087,3095,119.97303100950894,641.3021638173003,666.5342077060476,886.1,382.3
3088,3096,119.97303100950894,641.3021638173003,666.5342077060476,886.1,382.3
3089,3097,119.97303100950894,641.3021638173003,666.5342077060476,886.1,382.3
3090,3098,119.97303100950894,780.3021638173003,677.5342077060476,886.1,382.3
3091,3099,119.97303100950894,780.3021638173003,677.5342077060476,886.1,382.3
3092,3100,119.97303100950894,780.3021638173003,677.5342077060476,886.1,382.3
3093,3101,119.97303100950894,780.3021638173003,677.5342077060476,886.1,382.3
3094,3102,119.97303100950894,780.3021638173003,677.5342077060476,886.1,382.3
3095,3103,119.97303100950894,780.3021638173003,677.5342077060476,886.1,382.3
3096,3104,119.97303100950894,780.3021638173003,677.5342077060476,886.1,382.3
3097,3105,119.97303100950894,780.3021638173003,677.5342077060476,886.1,382.3
3098,3106,119.97303100950894,918.3021638173003,688.5342077060476,886.1,382.3
3099,3107,119.97303100950894,918.3021638173003,688.5342077060476,886.1,382.3
3100,3108,119.97303100950894,918.3021638173003,688.5342077060476,886.1,382.3
3101,3109,119.97303100950894,918.3021638173003,688.5342077060476,886.1,382.3
3102,3110,119.97303100950894,918.3021638173003,688.5342077060476,886.1,382.3
3103,3111,119.97303100950894,918.3021638173003,688.5342077060476,886.1,382.3
3104,3112,119.97303100950894,918.3021638173003,688.5342077060476,886.1,382.3
3105,3113,119.97303100950894,918.3021638173003,688.5342077060476,886.1,382.3
3106,3114,119.97303100950894,918.3021638173003,688.5342077060476,886.1,382.3
3107,3115,119.97303100950894,918.3021638173003,688.5342077060476,886.1,382.3
3108,3116,119.97303100950894,918.3021638173003,688.5342077060476,886.1,382.3
3109,3117,119.97303100950894,918.3021638173003,688.5342077060476,886.1,382.3
3110,3118,119.97303100950894,918.3021638173003,688.5342077060476,886.1,382.3
3111,3119,120.67476546928243,918.3021638173003,688.5342077060476,886.1,382.3
3112,3120,121.7815773858348,918.3021638173003,688.5342077060476,886.1,382.3
3113,3121,123.78411093698334,918.3021638173003,688.5342077060476,886.1,382.3
3114,3122,128.48361673130177,941.3021638173003,490.5342077060476,886.1,382.3
3115,3123,150.6573461302509,941.3021638173003,490.5342077060476,886.1,382.3
3116,3124,91.3008355282141,941.3021638173003,490.5342077060476,886.1,382.3
3117,3125,73.97562154018476,941.3021638173003,490.5342077060476,886.1,382.3
3118,3126,69.79128353092942,941.3021638173003,490.5342077060476,886.1,382.3
3119,3126,51.851963165646076,941.3021638173003,490.5342077060476,886.1,382.3
3120,3126,51.851963165646076,941.3021638173003,490.5342077060476,886.1,382.3
3121,3126,51.851963165646076,941.3021638173003,490.5342077060476,886.1,382.3
3122,3126,51.851963165646076,964.3021638173003,293.5342077060476,886.1,382.3
3123,3126,51.851963165646076,964.3021638173003,293.5342077060476,886.1,382.3
3124,3126,51.851963165646076,964.3021638173003,293.5342077060476,886.1,382.3
3125,3126,51.851963165646076,964.3021638173003,293.5342077060476,886.1,382.3
3126,3126,51.851963165646076,964.3021638173003,293.5342077060476,886.1,382.3
3127,3126,9.295082610999886,964.3021638173003,293.5342077060476,886.1,382.3
3128,3126,9.295082610999886,964.3021638173003,293.5342077060476,886.1,382.3
3129,3126,9.295082610999886,964.3021638173003,293.5342077060476,886.1,382.3
3130,3126,9.295082610999886,964.3021638173003,293.5342077060476,886.1,382.3
3131,3126,9.295082610999886,964.3021638173003,293.5342077060476,886.1,382.3
3132,3126,9.295082610999886,964.3021638173003,293.5342077060476,886.1,382.3
3133,3126,9.295082610999886,964.3021638173003,293.5342077060476,886.1,382.3
3134,3126,9.295082610999886,964.3021638173003,293.5342077060476,886.1,382.3
3135,3126,9.295082610999886,964.3021638173003,293.5342077060476,886.1,382.3
3136,3126,9.295082610999886,964.3021638173003,293.5342077060476,886.1,382.3
3137,3126,9.295082610999886,964.3021638173003,293.5342077060476,886.1,382.3
3138,3126,9.295082610999886,964.3021638173003,293.5342077060476,886.1,382.3
3139,3126,9.295082610999886,964.3021638173003,293.5342077060476,886.1,382.3
3140,3126,9.295082610999886,964.3021638173003,293.5342077060476,886.1,382.3
3141,3126,9.295082610999886,964.3021638173003,293.5342077060476,886.1,382.3
3142,3127,9.295082610999886,964.3021638173003,293.5342077060476,886.1,382.3
3143,3128,9.295082610999886,964.3021638173003,293.5342077060476,886.1,382.3
3144,3129,9.295082610999886,964.3021638173003,293.5342077060476,886.1,382.3
3145,3130,9.295082610999886,964.3021638173003,293.5342077060476,886.1,382.3
3146,3131,9.295082610999886,931.3021638173003,593.5342077060476,886.1,382.3
3147,3132,9.295082610999886,931.3021638173003,593.5342077060476,886.1,382.3
3148,3133,9.295082610999886,931.3021638173003,593.5342077060476,886.1,382.3
3149,3134,9.295082610999886,931.3021638173003,593.5342077060476,886.1,382.3
3150,3135,9.295082610999886,931.3021638173003,593.5342077060476,886.1,382.3
3151,3136,9.295082610999886,931.3021638173003,593.5342077060476,886.1,382.3
3152,3137,9.295082610999886,931.3021638173003,593.5342077060476,886.1,382.3
3153,3138,9.295082610999886,931.3021638173003,593.5342077060476,886.1,382.3
3154,3139,9.295082610999886,931.3021638173003,593.5342077060476,886.1,382.3
3155,3140,9.295082610999886,931.3021638173003,593.5342077060476,886.1,382.3
3156,3141,9.295082610999886,931.3021638173003,593.5342077060476,886.1,382.3
3157,3142,9.295082610999886,931.3021638173003,593.5342077060476,886.1,382.3
3158,3143,9.295082610999886,931.3021638173003,593.5342077060476,886.1,382.3
3159,3144,9.295082610999886,931.3021638173003,593.5342077060476,886.1,382.3
3160,3145,9.295082610999886,931.3021638173003,593.5342077060476,886.1,382.3
3161,3146,9.295082610999886,931.3021638173003,593.5342077060476,886.1,382.3
3162,3147,9.295082610999886,788.3021638173003,640.5342077060476,886.1,382.3
3163,3148,9.295082610999886,788.3021638173003,640.5342077060476,886.1,382.3
3164,3149,9.295082610999886,788.3021638173003,640.5342077060476,886.1,382.3
3165,3150,9.295082610999886,788.3021638173003,640.5342077060476,886.1,382.3
3166,3151,9.295082610999886,788.3021638173003,640.5342077060476,886.1,382.3
3167,3152,9.295082610999886,788.3021638173003,640.5342077060476,886.1,382.3
3168,3153,9.295082610999886,788.3021638173003,640.5342077060476,886.1,382.3
3169,3154,9.295082610999886,788.3021638173003,640.5342077060476,886.1,382.3
3170,3155,9.295082610999886,644.3021638173003,687.5342077060476,886.1,382.3
3171,3156,9.295082610999886,644.3021638173003,687.5342077060476,886.1,382.3
3172,3157,9.295082610999886,644.3021638173003,687.5342077060476,886.1,382.3
3173,3158,9.295082610999886,644.3021638173003,687.5342077060476,886.1,382.3
3174,3159,9.295082610999886,644.3021638173003,687.5342077060476,886.1,382.3
3175,3160,9.295082610999886,644.3021638173003,687.5342077060476,886.1,382.3
3176,3161,9.295082610999886,644.3021638173003,687.5342077060476,886.1,382.3
3177,3162,9.295082610999886,644.3021638173003,687.5342077060476,886.1,382.3
3178,3163,9.295082610999886,644.3021638173003,687.5342077060476,886.1,382.3
3179,3164,9.295082610999886,644.3021638173003,687.5342077060476,886.1,382.3
3180,3165,9.295082610999886,644.3021638173003,687.5342077060476,886.1,382.3
3181,3166,9.295082610999886,644.3021638173003,687.5342077060476,886.1,382.3
3182,3167,9.295082610999886,644.3021638173003,687.5342077060476,886.1,382.3
3183,3168,9.295082610999886,644.3021638173003,687.5342077060476,895.6125000000001,412.1375
3184,3169,9.295082610999886,644.3021638173003,687.5342077060476,905.125,441.975
3185,3170,10.26391090396251,644.3021638173003,687.5342077060476,914.6375,471.8125
3186,3171,11.207480315628015,644.3021638173003,687.5342077060476,924.1500000000001,501.65
3187,3172,12.126273814974518,644.3021638173003,687.5342077060476,933.6625,531.4875
3188,3173,13.020800332932385,644.3021638173003,687.5342077060476,943.1750000000001,561.325
3189,3174,13.89158961612661,644.3021638173003,687.5342077060476,952.6875,591.1625
3190,3175,14.739187557287323,644.3021638173003,687.5342077060476,962.2,621.0
3191,3176,14.739187557287323,644.3021638173003,687.5342077060476,962.2,621.0
3192,3177,14.739187557287323,644.3021638173003,687.5342077060476,962.2,621.0
3193,3178,14.739187557287323,644.3021638173003,687.5342077060476,962.2,621.0
3194,3179,14.739187557287323,644.3021638173003,687.5342077060476,962.2,621.0
3195,3180,14.739187557287323,644.3021638173003,687.5342077060476,962.2,621.0
3196,3181,14.739187557287323,644.3021638173003,687.5342077060476,962.2,621.0
3196,3182,14.739187557287323,644.3021638173003,687.5342077060476,962.2,621.0
3196,3183,14.739187557287323,644.3021638173003,687.5342077060476,962.2,621.0
3196,3184,14.739187557287323,644.3021638173003,687.5342077060476,962.2,621.0
3196,3185,14.739187557287323,644.3021638173003,687.5342077060476,962.2,621.0
3196,3186,14.739187557287323,644.3021638173003,687.5342077060476,962.2,621.0
3196,3187,14.739187557287323,644.3021638173003,687.5342077060476,962.2,621.0
3197,3188,14.739187557287323,644.3021638173003,687.5342077060476,962.2,621.0
3198,3189,14.739187557287323,644.3021638173003,687.5342077060476,962.2,621.0
3199,3190,27.732035903511843,644.3021638173003,687.5342077060476,962.2,621.0
3200,3191,27.732035903511843,644.3021638173003,687.5342077060476,962.2,621.0
3201,3192,27.732035903511843,644.3021638173003,687.5342077060476,962.2,621.0
3202,3193,27.732035903511843,644.3021638173003,687.5342077060476,962.2,621.0
3203,3194,27.732035903511843,644.3021638173003,687.5342077060476,962.2,621.0
3204,3195,27.732035903511843,936.3021638173003,693.5342077060476,962.2,621.0
3205,3196,27.732035903511843,936.3021638173003,693.5342077060476,962.2,621.0
3206,3197,27.732035903511843,936.3021638173003,693.5342077060476,960.5,622.4
3207,3198,44.26737344254584,936.3021638173003,693.5342077060476,958.8000000000001,623.8
3208,3199,44.26737344254584,936.3021638173003,693.5342077060476,957.1,625.1999999999999
3209,3200,44.26737344254584,936.3021638173003,693.5342077060476,955.4,626.6
3210,3201,44.26737344254584,936.3021638173003,693.5342077060476,953.6999999999999,628.0
3211,3202,44.26737344254584,936.3021638173003,693.5342077060476,952.0,629.4
3212,3203,44.26737344254584,1228.3021638173004,699.5342077060476,950.3,630.8
3213,3204,44.26737344254584,1228.3021638173004,699.5342077060476,950.3,630.8
3214,3205,44.26737344254584,1228.3021638173004,699.5342077060476,950.3,630.8
3215,3206,44.26737344254584,1228.3021638173004,699.5342077060476,950.3,630.8
3216,3207,44.26737344254584,1228.3021638173004,699.5342077060476,950.3,630.8
3217,3208,44.26737344254584,1228.3021638173004,699.5342077060476,950.04,630.4549999999999
3218,3209,44.26737344254584,1228.3021638173004,699.5342077060476,949.78,630.1099999999999
3219,3210,44.26737344254584,1228.3021638173004,699.5342077060476,949.52,629.765
3220,3211,43.85254118432124,1228.3021638173004,699.5342077060476,949.26,629.42
3221,3212,43.43502780566008,1228.3021638173004,699.5342077060476,949.0,629.0749999999999
3222,3213,43.01485199795334,1228.3021638173004,699.5342077060476,948.74,628.73
3223,3214,42.59203383707234,1228.3021638173004,699.5342077060476,948.48,628.385
3224,3215,42.16659480321804,1228.3021638173004,699.5342077060476,948.22,628.04
3225,3216,41.73855779957905,1228.3021638173004,699.5342077060476,947.96,627.6949999999999
3226,3217,41.30794716971506,1228.3021638173004,699.5342077060476,947.7,627.3499999999999
3227,3218,40.87478871358546,1228.3021638173004,699.5342077060476,947.4399999999999,627.005
3228,3219,40.43910970213938,1228.3021638173004,699.5342077060476,947.18,626.66
3229,3220,40.000938890387246,1228.3021638173004,699.5342077060476,946.92,626.3149999999999
3230,3221,39.560306528872324,1228.3021638173004,699.5342077060476,946.66,625.97
3231,3222,39.560306528872324,1228.3021638173004,699.5342077060476,946.4,625.625
3232,3223,39.560306528872324,1228.3021638173004,699.5342077060476,946.14,625.28
3233,3224,39.560306528872324,1228.3021638173004,699.5342077060476,945.88,624.935
3234,3225,25.51527310844178,1228.3021638173004,699.5342077060476,945.62,624.5899999999999
3235,3225,25.51527310844178,1228.3021638173004,699.5342077060476,945.36,624.245
3236,3225,25.51527310844178,1228.3021638173004,699.5342077060476,945.1,623.9
3237,3225,25.51527310844178,1228.3021638173004,699.5342077060476,945.1,623.9
3238,3225,25.51527310844178,1228.3021638173004,699.5342077060476,945.1,623.9
3239,3225,25.51527310844178,1228.3021638173004,699.5342077060476,945.1,623.9
3240,3225,25.51527310844178,1228.3021638173004,699.5342077060476,945.1,623.9
3241,3225,25.51527310844178,1228.3021638173004,699.5342077060476,956.475,596.5124999999999
3242,3225,25.51527310844178,1228.3021638173004,699.5342077060476,967.85,569.125
3243,3225,25.51527310844178,1228.3021638173004,699.5342077060476,979.225,541.7375
3244,3225,25.51527310844178,1286.3021638173004,703.5342077060476,990.5999999999999,514.35
3245,3225,25.51527310844178,1286.3021638173004,703.5342077060476,1001.9749999999999,486.9625
3246,3225,25.51527310844178,1286.3021638173004,703.5342077060476,1013.3499999999999,459.575
3247,3225,7.995451357556454,1286.3021638173004,703.5342077060476,1024.725,432.1875
3248,3225,7.995451357556454,1286.3021638173004,703.5342077060476,1036.1,404.8
3249,3225,7.995451357556454,1286.3021638173004,703.5342077060476,1036.1,404.8
3250,3225,7.995451357556454,1286.3021638173004,703.5342077060476,1036.1,404.8
3251,3225,7.995451357556454,1286.3021638173004,703.5342077060476,1036.1,404.8
3252,3225,7.995451357556454,1286.3021638173004,703.5342077060476,1036.1,404.8
3253,3225,7.995451357556454,1286.3021638173004,703.5342077060476,1036.1,404.8
3254,3225,7.995451357556454,1286.3021638173004,703.5342077060476,1036.1,404.8
3255,3225,31.185976314284037,1286.3021638173004,703.5342077060476,1036.1,404.8
3256,3225,31.185976314284037,1286.3021638173004,703.5342077060476,1036.1,404.8
3257,3225,31.185976314284037,1286.3021638173004,703.5342077060476,1036.1,404.8
3258,3225,31.185976314284037,1286.3021638173004,703.5342077060476,1036.1,404.8
3259,3225,31.185976314284037,1286.3021638173004,703.5342077060476,1036.1,404.8
3260,3225,31.185976314284037,1187.3021638173004,563.5342077060476,1036.1,404.8
3261,3225,31.185976314284037,1187.3021638173004,563.5342077060476,1036.1,404.8
3262,3225,31.185976314284037,1187.3021638173004,563.5342077060476,1036.1,404.8
3263,3225,31.185976314284037,1187.3021638173004,563.5342077060476,1036.1,404.8
3264,3225,31.185976314284037,1187.3021638173004,563.5342077060476,1036.1,404.8
3265,3225,31.185976314284037,1187.3021638173004,563.5342077060476,1036.1,404.8
3266,3225,31.185976314284037,1187.3021638173004,563.5342077060476,1036.1,404.8
3267,3225,31.185976314284037,1187.3021638173004,563.5342077060476,1036.1,404.8
3268,3225,31.185976314284037,1088.3021638173004,423.5342077060476,1036.1,404.8
3269,3225,31.185976314284037,1088.3021638173004,423.5342077060476,1036.1,404.8
3270,3226,66.91709775314261,1088.3021638173004,423.5342077060476,1036.1,404.8
3271,3227,53.99464539572763,1088.3021638173004,423.5342077060476,1036.1,404.8
3271,3228,29.436026059429036,1088.3021638173004,423.5342077060476,1036.1,404.8
3271,3229,19.300745535163355,1088.3021638173004,423.5342077060476,1036.1,404.8
3272,3230,14.10819234056377,1088.3021638173004,423.5342077060476,1036.1,404.8
3273,3231,11.000437605701569,1088.3021638173004,423.5342077060476,1036.1,404.8
3274,3232,11.000437605701569,1088.3021638173004,423.5342077060476,1036.1,404.8
3275,3233,11.000437605701569,1088.3021638173004,423.5342077060476,1036.1,404.8
3276,3234,11.000437605701569,1088.3021638173004,423.5342077060476,1036.1,404.8
3277,3235,11.000437605701569,1088.3021638173004,423.5342077060476,1036.1,404.8
3278,3236,11.000437605701569,1088.3021638173004,423.5342077060476,1036.1,404.8
3279,3237,11.000437605701569,1088.3021638173004,423.5342077060476,1036.1,404.8
3280,3238,11.000437605701569,1088.3021638173004,423.5342077060476,1036.1,404.8
3281,3239,11.000437605701569,1088.3021638173004,423.5342077060476,1036.1,404.8
3282,3240,11.000437605701569,1088.3021638173004,423.5342077060476,1036.1,404.8
3283,3241,11.000437605701569,1088.3021638173004,423.5342077060476,1036.1,404.8
3284,3242,11.000437605701569,1088.3021638173004,423.5342077060476,1036.1,404.8
3285,3243,11.000437605701569,1088.3021638173004,423.5342077060476,1036.1,404.8
3286,3244,11.000437605701569,1088.3021638173004,423.5342077060476,1036.1,404.8
3287,3245,11.000437605701569,-,-,-,-
3288,3246,11.000437605701569,-,-,-,-
3289,3247,11.000437605701569,-,-,-,-
3290,3248,11.000437605701569,-,-,-,-
3291,3249,11.000437605701569,-,-,-,-
3292,3250,11.000437605701569,-,-,-,-
3293,3251,11.000437605701569,-,-,-,-
3294,3252,11.000437605701569,-,-,-,-
3295,3253,11.000437605701569,-,-,-,-
3296,3254,11.000437605701569,-,-,-,-
3297,3255,11.000437605701569,-,-,-,-
3298,3256,11.000437605701569,-,-,-,-
3299,3257,11.000437605701569,-,-,-,-
3300,3258,11.000437605701569,-,-,-,-
3301,3259,11.000437605701569,-,-,-,-
3302,3260,11.000437605701569,-,-,-,-
3303,3261,11.000437605701569,-,-,-,-
3304,3262,11.000437605701569,-,-,-,-
3305,3263,11.000437605701569,-,-,-,-
3306,3264,11.000437605701569,-,-,-,-
3307,3265,11.000437605701569,-,-,-,-
3308,3266,11.000437605701569,-,-,-,-
3309,3267,11.000437605701569,-,-,-,-
3310,3268,11.000437605701569,-,-,-,-
3311,3269,26.355130461452354,-,-,-,-
3312,3270,26.355130461452354,-,-,-,-
3313,3271,26.355130461452354,-,-,-,-
3314,3272,26.355130461452354,-,-,-,-
3315,3273,26.355130461452354,-,-,-,-
3316,3274,26.355130461452354,-,-,-,-
3317,3275,26.355130461452354,-,-,-,-
3318,3276,26.355130461452354,-,-,-,-
3319,3277,116.63216212585866,-,-,-,-
3320,3278,116.63216212585866,-,-,-,-
3321,3279,116.63216212585866,-,-,-,-
3322,3280,116.63216212585866,-,-,-,-
3323,3281,116.63216212585866,-,-,-,-
3324,3282,116.63216212585866,-,-,-,-
3325,3283,116.63216212585866,-,-,-,-
3326,3284,116.63216212585866,-,-,-,-
3327,3285,116.63216212585866,-,-,-,-
3328,3286,116.63216212585866,-,-,-,-
3329,3287,116.63216212585866,-,-,-,-
3330,3288,116.63216212585866,-,-,-,-
3331,3289,116.63216212585866,-,-,-,-
3332,3290,116.63216212585866,-,-,-,-
3333,3291,116.63216212585866,-,-,-,-
3334,3292,116.63216212585866,-,-,-,-
3335,3293,116.63216212585866,-,-,-,-
3336,3294,116.63216212585866,-,-,-,-
3337,3295,116.63216212585866,-,-,-,-
3338,3296,116.63216212585866,-,-,-,-
3339,3297,116.63216212585866,-,-,-,-
3340,3298,116.63216212585866,-,-,-,-
3341,3299,116.63216212585866,-,-,-,-
3342,3300,116.63216212585866,-,-,-,-
3343,3301,144.77782754761617,-,-,-,-
3344,3302,144.77782754761617,-,-,-,-
3345,3303,144.77782754761617,-,-,-,-
3346,3304,144.77782754761617,-,-,-,-
3347,3305,144.77782754761617,-,-,-,-
3348,3306,144.77782754761617,-,-,-,-
3349,3307,144.77782754761617,-,-,-,-
3350,3308,144.77782754761617,-,-,-,-
3351,3309,144.77782754761617,-,-,-,-
3352,3310,144.77782754761617,-,-,-,-
3353,3311,144.77782754761617,-,-,-,-
3354,3312,144.77782754761617,-,-,-,-
3355,3313,144.77782754761617,-,-,-,-
3356,3314,144.77782754761617,-,-,-,-
3357,3315,144.77782754761617,-,-,-,-
3358,3316,144.77782754761617,-,-,-,-
3359,3317,144.77782754761617,-,-,-,-
3360,3318,144.77782754761617,-,-,-,-
3361,3319,144.77782754761617,-,-,-,-
3362,3320,144.77782754761617,-,-,-,-
3363,3321,144.77782754761617,-,-,-,-
3364,3322,144.77782754761617,-,-,-,-
3365,3323,144.77782754761617,-,-,-,-
3366,3324,144.77782754761617,-,-,-,-
3367,3325,144.77782754761617,-,-,-,-
3368,3326,144.77782754761617,-,-,-,-
3369,3327,144.77782754761617,-,-,-,-
3370,3328,144.77782754761617,-,-,-,-
3371,3329,144.77782754761617,-,-,-,-
3372,3330,144.77782754761617,-,-,-,-
3373,3331,144.77782754761617,-,-,-,-
3374,3332,144.77782754761617,-,-,-,-
3375,3333,144.77782754761617,-,-,-,-
3376,3334,144.77782754761617,-,-,-,-
3377,3335,144.77782754761617,-,-,-,-
3378,3336,144.77782754761617,-,-,-,-
3379,3337,144.77782754761617,-,-,-,-
3380,3338,144.77782754761617,-,-,-,-
3381,3339,144.77782754761617,-,-,-,-
3382,3340,144.77782754761617,-,-,-,-
3383,3341,144.77782754761617,-,-,-,-
3384,3342,144.77782754761617,-,-,-,-
3385,3343,144.77782754761617,-,-,-,-
3386,3344,144.77782754761617,-,-,-,-
3387,3345,144.77782754761617,-,-,-,-
3388,3346,144.77782754761617,-,-,-,-
3389,3347,144.77782754761617,-,-,-,-
3390,3348,144.77782754761617,-,-,-,-
3391,3349,2.7842988597022877,-,-,-,-
3391,3350,2.7842988597022877,-,-,-,-
3391,3351,2.7842988597022877,-,-,-,-
3391,3352,2.7842988597022877,-,-,-,-
3391,3353,2.7842988597022877,-,-,-,-
3391,3354,2.7842988597022877,-,-,-,-
3391,3355,2.7842988597022877,-,-,-,-
3391,3356,2.7842988597022877,-,-,-,-
3391,3357,2.7842988597022877,-,-,-,-
3391,3358,2.7842988597022877,-,-,-,-
3391,3359,2.7842988597022877,-,-,-,-
3391,3360,2.7842988597022877,-,-,-,-
3391,3361,2.7842988597022877,-,-,-,-
3391,3362,2.7842988597022877,-,-,-,-
3391,3363,2.7842988597022877,-,-,-,-
3391,3364,2.7842988597022877,-,-,-,-
3391,3365,2.7842988597022877,-,-,-,-
3391,3366,2.7842988597022877,-,-,-,-
3391,3367,2.7842988597022877,-,-,-,-
3391,3368,2.7842988597022877,-,-,-,-
3391,3369,2.7842988597022877,-,-,-,-
3391,3370,2.7842988597022877,-,-,-,-
3391,3371,2.7842988597022877,-,-,-,-
3391,3372,2.7842988597022877,-,-,-,-
3391,3373,2.7842988597022877,-,-,-,-
3391,3374,2.7842988597022877,-,-,-,-
3391,3375,2.7842988597022877,-,-,-,-
3391,3376,2.7842988597022877,-,-,-,-
3391,3377,2.7842988597022877,-,-,-,-
3391,3378,2.7842988597022877,-,-,-,-
3391,3379,2.7842988597022877,-,-,-,-
3391,3380,2.7842988597022877,-,-,-,-
3392,3381,2.7842988597022877,-,-,-,-
3393,3382,2.7842988597022877,-,-,-,-
3394,3383,2.7842988597022877,-,-,-,-
3395,3384,2.7842988597022877,-,-,-,-
3396,3385,2.7842988597022877,-,-,-,-
3397,3386,2.7842988597022877,-,-,-,-
3398,3387,2.7842988597022877,-,-,-,-
3399,3388,17.17925747315903,-,-,-,-
3400,3389,17.17925747315903,-,-,-,-
3401,3390,17.17925747315903,-,-,-,-
3402,3391,17.17925747315903,-,-,-,-
3403,3392,17.17925747315903,-,-,-,-
3404,3393,17.17925747315903,-,-,-,-
3405,3394,17.17925747315903,-,-,-,-
3406,3395,17.17925747315903,-,-,-,-
3407,3396,17.17925747315903,-,-,-,-
3408,3397,17.17925747315903,-,-,-,-
3409,3398,17.17925747315903,-,-,-,-
3410,3399,17.17925747315903,-,-,-,-
3411,3400,17.17925747315903,-,-,-,-
3412,3401,17.17925747315903,-,-,-,-
3413,3402,17.17925747315903,-,-,-,-
3414,3403,17.17925747315903,-,-,-,-
3415,3404,48.77656903900523,-,-,-,-
3416,3405,48.77656903900523,-,-,-,-
3417,3406,48.77656903900523,-,-,-,-
3418,3407,48.77656903900523,-,-,-,-
3419,3408,48.77656903900523,-,-,-,-
3420,3409,48.77656903900523,-,-,-,-
3421,3410,48.77656903900523,-,-,-,-
3422,3411,48.77656903900523,-,-,-,-
3423,3412,97.68467693261418,-,-,-,-
3424,3413,97.68467693261418,-,-,-,-
3425,3414,97.68467693261418,-,-,-,-
3426,3415,97.68467693261418,-,-,-,-
3427,3416,97.68467693261418,-,-,-,-
3428,3417,97.68467693261418,-,-,-,-
3429,3418,97.68467693261418,-,-,-,-
3430,3419,97.68467693261418,-,-,-,-
3431,3420,97.68467693261418,-,-,-,-
3432,3421,97.68467693261418,-,-,-,-
3433,3422,97.68467693261418,-,-,-,-
3434,3423,97.68467693261418,-,-,-,-
3435,3424,97.68467693261418,-,-,-,-
3436,3425,97.68467693261418,-,-,-,-
3437,3426,97.68467693261418,-,-,-,-
3438,3427,97.68467693261418,-,-,-,-
3439,3428,97.68467693261418,-,-,-,-
3440,3429,97.68467693261418,-,-,-,-
3441,3430,97.68467693261418,-,-,-,-
3442,3431,97.68467693261418,-,-,-,-
3443,3432,97.68467693261418,-,-,-,-
3444,3433,97.68467693261418,-,-,-,-
3445,3434,97.68467693261418,-,-,-,-
3446,3435,97.68467693261418,-,-,-,-
3447,3436,98.05886500632361,-,-,-,-
3448,3437,98.05886500632361,-,-,-,-
3449,3438,98.05886500632361,-,-,-,-
3450,3439,98.05886500632361,-,-,-,-
3451,3440,98.05886500632361,-,-,-,-
3452,3441,98.05886500632361,-,-,-,-
3453,3442,98.05886500632361,-,-,-,-
3454,3443,98.05886500632361,-,-,-,-
3455,3444,98.05886500632361,-,-,-,-
3456,3445,98.05886500632361,-,-,-,-
3457,3446,98.05886500632361,-,-,-,-
3458,3447,98.05886500632361,-,-,-,-
3459,3448,98.05886500632361,-,-,-,-
3460,3449,98.05886500632361,-,-,-,-
3461,3450,98.05886500632361,-,-,-,-
3462,3451,98.05886500632361,-,-,-,-
3463,3452,98.05886500632361,-,-,-,-
3464,3453,98.05886500632361,-,-,-,-
3465,3454,98.05886500632361,-,-,-,-
3466,3455,98.05886500632361,-,-,-,-
3467,3456,98.05886500632361,-,-,-,-
3468,3457,103.25721551264441,-,-,-,-
3469,3458,113.81195958973471,-,-,-,-
3470,3459,141.31560300401864,-,-,-,-
3471,3460,104.22074943662565,-,-,-,-
3472,3461,71.62510430668102,-,-,-,-
3473,3461,71.62510430668102,-,-,-,-
3474,3461,71.62510430668102,-,-,-,-
3475,3461,71.62510430668102,-,-,-,-
3476,3461,71.62510430668102,-,-,-,-
3477,3461,71.62510430668102,-,-,-,-
3478,3461,71.62510430668102,-,-,-,-
3479,3461,5.3401633061939355,-,-,-,-
3480,3461,5.3401633061939355,-,-,-,-
3481,3461,5.3401633061939355,-,-,-,-
3482,3461,5.3401633061939355,-,-,-,-
3483,3461,5.3401633061939355,-,-,-,-
3484,3461,5.3401633061939355,-,-,-,-
3485,3461,5.3401633061939355,-,-,-,-
3486,3461,5.3401633061939355,-,-,-,-
3487,3461,5.3401633061939355,-,-,-,-
3488,3461,5.3401633061939355,-,-,-,-
3489,3461,5.3401633061939355,-,-,-,-
3490,3461,5.3401633061939355,-,-,-,-
3491,3461,5.3401633061939355,-,-,-,-
3492,3461,5.3401633061939355,-,-,-,-
3493,3461,5.3401633061939355,-,-,-,-
3494,3461,5.3401633061939355,-,-,-,-
3495,3461,5.3401633061939355,-,-,-,-
3496,3461,5.3401633061939355,-,-,-,-
3497,3461,5.3401633061939355,-,-,-,-
3498,3461,5.3401633061939355,-,-,-,-
3499,3461,5.3401633061939355,-,-,-,-
3500,3461,5.3401633061939355,-,-,-,-
3501,3461,5.3401633061939355,-,-,-,-
3502,3461,5.3401633061939355,-,-,-,-
3503,3461,5.3401633061939355,-,-,-,-
3504,3461,5.3401633061939355,-,-,-,-
3505,3461,5.3401633061939355,-,-,-,-
3506,3461,5.3401633061939355,-,-,-,-
3507,3461,5.3401633061939355,-,-,-,-
3508,3461,5.3401633061939355,-,-,-,-
3509,3461,5.3401633061939355,-,-,-,-
3510,3461,5.3401633061939355,-,-,-,-
3511,3461,5.3401633061939355,-,-,-,-
3512,3461,5.3401633061939355,-,-,-,-
3513,3461,5.3401633061939355,-,-,-,-
3514,3461,5.3401633061939355,-,-,-,-
3515,3461,5.3401633061939355,-,-,-,-
3516,3461,5.3401633061939355,-,-,-,-
3517,3461,5.3401633061939355,-,-,-,-
3518,3461,5.3401633061939355,-,-,-,-
3519,3461,5.3401633061939355,-,-,-,-
3520,3461,5.3401633061939355,-,-,-,-
3521,3461,5.3401633061939355,-,-,-,-
3522,3461,5.3401633061939355,-,-,-,-
3523,3461,5.3401633061939355,-,-,-,-
3524,3461,5.3401633061939355,-,-,-,-
3525,3461,5.3401633061939355,-,-,-,-
3526,3461,5.3401633061939355,-,-,-,-
3527,3461,5.3401633061939355,-,-,-,-
3528,3461,5.3401633061939355,-,-,-,-
3529,3461,5.3401633061939355,-,-,-,-
3530,3461,5.3401633061939355,-,-,-,-
3531,3461,5.3401633061939355,-,-,-,-
3532,3461,5.3401633061939355,-,-,-,-
3533,3461,5.3401633061939355,-,-,-,-
3534,3461,5.3401633061939355,-,-,-,-
3535,3461,5.3401633061939355,-,-,-,-
3536,3461,5.3401633061939355,-,-,-,-
3537,3461,5.3401633061939355,-,-,-,-
3538,3461,5.3401633061939355,-,-,-,-
3539,3462,6.788149811114796,-,-,-,-
3540,3463,12.543704790947375,-,-,-,-
3541,3464,12.543704790947375,-,-,-,-
3542,3465,12.543704790947375,-,-,-,-
3543,3466,12.543704790947375,-,-,-,-
3544,3467,13.089649413825676,-,-,-,-
3545,3468,13.62240873957914,-,-,-,-
3546,3469,14.142365867956322,-,-,-,-
3547,3470,14.649894148484972,-,-,-,-
3548,3471,14.649894148484972,-,-,-,-
3549,3472,14.649894148484972,-,-,-,-
3550,3473,14.649894148484972,-,-,-,-
3551,3474,14.649894148484972,-,-,-,-
3552,3475,14.649894148484972,-,-,-,-
3553,3476,14.649894148484972,-,-,-,-
3554,3477,14.649894148484972,-,-,-,-
3555,3478,14.649894148484972,-,-,-,-
3556,3479,14.649894148484972,-,-,-,-
3557,3480,14.649894148484972,-,-,-,-
3558,3481,14.649894148484972,-,-,-,-
3559,3482,14.649894148484972,-,-,-,-
3560,3483,14.649894148484972,-,-,-,-
3561,3484,14.649894148484972,-,-,-,-
3562,3485,14.649894148484972,-,-,-,-
3563,3486,14.649894148484972,-,-,-,-
3564,3487,14.649894148484972,-,-,-,-
3564,3488,14.649894148484972,-,-,-,-
3564,3489,14.649894148484972,-,-,-,-
3564,3490,14.649894148484972,-,-,-,-
3564,3491,14.649894148484972,-,-,-,-
3564,3492,14.649894148484972,-,-,-,-
3564,3493,14.649894148484972,-,-,-,-
3564,3494,14.649894148484972,-,-,-,-
3564,3495,14.649894148484972,-,-,-,-
3564,3496,14.649894148484972,-,-,-,-
3564,3497,14.649894148484972,-,-,-,-
3564,3498,14.649894148484972,-,-,-,-
3564,3499,14.649894148484972,-,-,-,-
3564,3500,14.649894148484972,-,-,-,-
3564,3501,14.649894148484972,-,-,-,-
3564,3502,14.649894148484972,-,-,-,-
3564,3503,14.649894148484972,-,-,-,-
3564,3504,14.649894148484972,-,-,-,-
3564,3505,14.649894148484972,-,-,-,-
3564,3506,14.649894148484972,-,-,-,-
3564,3507,14.649894148484972,-,-,-,-
3564,3508,14.649894148484972,-,-,-,-
3564,3509,14.649894148484972,-,-,-,-
3564,3510,14.649894148484972,-,-,-,-
3564,3511,14.649894148484972,-,-,-,-
3564,3512,14.649894148484972,-,-,-,-
3564,3513,14.649894148484972,-,-,-,-
3564,3514,14.649894148484972,-,-,-,-
3564,3515,14.649894148484972,-,-,-,-
3564,3516,14.649894148484972,-,-,-,-
3564,3517,14.649894148484972,-,-,-,-
3564,3518,14.649894148484972,-,-,-,-
3564,3519,14.649894148484972,-,-,-,-
3564,3520,14.649894148484972,-,-,-,-
3564,3521,14.649894148484972,-,-,-,-
3564,3522,14.649894148484972,-,-,-,-
3564,3523,14.649894148484972,-,-,-,-
3564,3524,14.649894148484972,-,-,-,-
3564,3525,14.649894148484972,-,-,-,-
3564,3526,14.649894148484972,-,-,-,-
3564,3527,14.649894148484972,-,-,-,-
3564,3528,14.649894148484972,-,-,-,-
3564,3529,14.649894148484972,-,-,-,-
3564,3530,14.649894148484972,-,-,-,-
3564,3531,14.649894148484972,-,-,-,-
3564,3532,14.649894148484972,-,-,-,-
3564,3533,14.649894148484972,-,-,-,-
3564,3534,14.649894148484972,-,-,-,-
3564,3535,14.649894148484972,-,-,-,-
3564,3536,14.649894148484972,-,-,-,-
3564,3537,14.649894148484972,-,-,-,-
3564,3538,14.649894148484972,-,-,-,-
3564,3539,14.649894148484972,-,-,-,-
3564,3540,14.649894148484972,-,-,-,-
3564,3541,14.649894148484972,-,-,-,-
3564,3542,14.649894148484972,-,-,-,-
3564,3543,14.649894148484972,-,-,-,-
3564,3544,14.649894148484972,-,-,-,-
3564,3545,14.649894148484972,-,-,-,-
3564,3546,14.649894148484972,-,-,-,-
3564,3547,14.649894148484972,-,-,-,-
3564,3548,14.649894148484972,-,-,-,-
3564,3549,14.649894148484972,-,-,-,-
3564,3550,14.649894148484972,-,-,-,-
3564,3551,14.649894148484972,-,-,-,-
3564,3552,14.649894148484972,-,-,-,-
3564,3553,14.649894148484972,-,-,-,-
3565,3554,14.649894148484972,-,-,-,-
3566,3555,14.649894148484972,-,-,-,-
3567,3556,34.15107226686823,-,-,-,-
3568,3557,15.836712333683789,-,-,-,-
3569,3558,12.06202380763524,-,-,-,-
3570,3558,12.06202380763524,-,-,-,-
3571,3558,12.06202380763524,-,-,-,-
3572,3558,12.06202380763524,-,-,-,-
3573,3558,12.06202380763524,-,-,-,-
3574,3558,12.06202380763524,-,-,-,-
3575,3558,12.06202380763524,-,-,-,-
3576,3558,12.06202380763524,-,-,-,-
3577,3558,12.06202380763524,-,-,-,-
3578,3558,12.06202380763524,-,-,-,-
3579,3558,12.06202380763524,-,-,-,-
3580,3558,12.06202380763524,-,-,-,-
3581,3558,12.06202380763524,-,-,-,-
3582,3558,12.06202380763524,-,-,-,-
3583,3558,12.06202380763524,-,-,-,-
3584,3558,12.06202380763524,-,-,-,-
3585,3558,12.06202380763524,-,-,-,-
3586,3558,12.06202380763524,-,-,-,-
3587,3558,12.06202380763524,-,-,-,-
3588,3558,12.06202380763524,-,-,-,-
3589,3558,12.06202380763524,-,-,-,-
3590,3558,12.06202380763524,-,-,-,-
3591,3558,12.06202380763524,-,-,-,-
3592,3558,12.06202380763524,-,-,-,-
3593,3558,12.06202380763524,-,-,-,-
3594,3558,12.06202380763524,-,-,-,-
3595,3558,12.06202380763524,-,-,-,-
3596,3558,12.06202380763524,-,-,-,-
3597,3558,12.06202380763524,-,-,-,-
3598,3558,12.06202380763524,-,-,-,-
3599,3559,8.44346978540138,-,-,-,-
3600,3559,8.44346978540138,-,-,-,-
3601,3559,8.44346978540138,-,-,-,-
3602,3559,8.44346978540138,-,-,-,-
3603,3559,8.44346978540138,-,-,-,-
3604,3559,8.44346978540138,-,-,-,-
3605,3559,8.44346978540138,-,-,-,-
3606,3559,8.44346978540138,-,-,-,-
3607,3559,8.44346978540138,-,-,-,-
3608,3559,8.44346978540138,-,-,-,-
3609,3559,8.44346978540138,-,-,-,-
3610,3559,8.44346978540138,-,-,-,-
3611,3559,8.44346978540138,-,-,-,-
3612,3559,8.44346978540138,-,-,-,-
3613,3559,8.44346978540138,-,-,-,-
3614,3559,8.44346978540138,-,-,-,-
3615,3559,8.44346978540138,-,-,-,-
3616,3559,8.44346978540138,-,-,-,-
3617,3559,8.44346978540138,-,-,-,-
3618,3559,8.44346978540138,-,-,-,-
3619,3559,8.44346978540138,-,-,-,-
3620,3559,8.44346978540138,-,-,-,-
3621,3559,8.44346978540138,-,-,-,-
3622,3559,8.44346978540138,-,-,-,-
3623,3559,16.07100437344563,-,-,-,-
3624,3559,16.07100437344563,-,-,-,-
3625,3559,16.07100437344563,-,-,-,-
3626,3559,16.07100437344563,-,-,-,-
3627,3559,16.07100437344563,-,-,-,-
3628,3560,16.07100437344563,-,-,-,-
3629,3561,16.07100437344563,-,-,-,-
3630,3562,16.07100437344563,-,-,-,-
3631,3563,16.07100437344563,-,-,-,-
3632,3564,16.07100437344563,-,-,-,-
3633,3565,26.92397410561174,-,-,-,-
3634,3566,26.92397410561174,-,-,-,-
3635,3567,26.92397410561174,-,-,-,-
3636,3568,26.92397410561174,-,-,-,-
3637,3569,26.92397410561174,-,-,-,-
3638,3570,26.92397410561174,-,-,-,-
3639,3570,26.92397410561174,-,-,-,-
3640,3570,26.92397410561174,-,-,-,-
3641,3570,26.92397410561174,-,-,-,-
3642,3570,26.92397410561174,-,-,-,-
3643,3570,26.92397410561174,-,-,-,-
3644,3570,26.92397410561174,-,-,-,-
3645,3570,26.92397410561174,-,-,-,-
3646,3570,26.92397410561174,-,-,-,-
3647,3570,26.92397410561174,-,-,-,-
3648,3570,26.92397410561174,-,-,-,-
3649,3570,26.92397410561174,-,-,-,-
3650,3570,26.92397410561174,-,-,-,-
3651,3570,26.92397410561174,-,-,-,-
3652,3570,26.92397410561174,-,-,-,-
3653,3570,26.92397410561174,-,-,-,-
3654,3570,26.92397410561174,-,-,-,-
3655,3570,26.92397410561174,-,-,-,-
3656,3570,26.92397410561174,-,-,-,-
3657,3570,26.92397410561174,-,-,-,-
3658,3570,26.92397410561174,-,-,-,-
3659,3570,26.92397410561174,-,-,-,-
3660,3570,26.92397410561174,-,-,-,-
3661,3570,26.92397410561174,-,-,-,-
3662,3570,26.92397410561174,-,-,-,-
3663,3570,26.92397410561174,-,-,-,-
3664,3570,26.92397410561174,-,-,-,-
3665,3570,26.92397410561174,-,-,-,-
3666,3570,26.92397410561174,-,-,-,-
3667,3570,26.92397410561174,-,-,-,-
3668,3570,26.92397410561174,-,-,-,-
3669,3570,26.92397410561174,-,-,-,-
3670,3570,26.92397410561174,-,-,-,-
3671,3570,26.92397410561174,-,-,-,-
3672,3570,26.92397410561174,-,-,-,-
3673,3570,26.92397410561174,-,-,-,-
3674,3570,26.92397410561174,-,-,-,-
3675,3570,26.92397410561174,-,-,-,-
3676,3570,26.92397410561174,-,-,-,-
3677,3570,26.92397410561174,-,-,-,-
3678,3570,26.92397410561174,-,-,-,-
3679,3570,11.14965281052768,-,-,-,-
3680,3570,11.14965281052768,-,-,-,-
3681,3570,11.14965281052768,-,-,-,-
3682,3570,11.14965281052768,-,-,-,-
3683,3570,11.14965281052768,-,-,-,-
3684,3571,11.14965281052768,-,-,-,-
3685,3572,11.14965281052768,-,-,-,-
3686,3573,11.14965281052768,-,-,-,-
3687,3574,25.74025126709164,-,-,-,-
3688,3575,25.74025126709164,-,-,-,-
3689,3576,25.74025126709164,-,-,-,-
3690,3577,25.74025126709164,-,-,-,-
3691,3578,25.74025126709164,-,-,-,-
3692,3579,25.74025126709164,-,-,-,-
3693,3580,25.74025126709164,-,-,-,-
3694,3581,25.74025126709164,-,-,-,-
3695,3582,25.74025126709164,-,-,-,-
3696,3583,25.74025126709164,-,-,-,-
3697,3584,25.74025126709164,-,-,-,-
3698,3585,25.74025126709164,-,-,-,-
3699,3586,25.74025126709164,-,-,-,-
3700,3587,25.74025126709164,-,-,-,-
3701,3588,45.44413885512147,-,-,-,-
3702,3589,75.1635643374147,-,-,-,-
3703,3590,39.79251780552668,-,-,-,-
3703,3591,21.50738923055395,-,-,-,-
3703,3592,10.903393946001167,-,-,-,-
3703,3593,4.401962920061272,-,-,-,-
3703,3594,4.401962920061272,-,-,-,-
3703,3595,4.401962920061272,-,-,-,-
3703,3596,4.401962920061272,-,-,-,-
3703,3597,4.401962920061272,-,-,-,-
3703,3598,4.401962920061272,-,-,-,-
3703,3599,4.401962920061272,-,-,-,-
3703,3600,4.401962920061272,-,-,-,-
3703,3601,4.401962920061272,-,-,-,-
3703,3602,4.401962920061272,-,-,-,-
3703,3603,4.401962920061272,-,-,-,-
3703,3604,4.401962920061272,-,-,-,-
3703,3605,4.401962920061272,-,-,-,-
3703,3606,4.401962920061272,-,-,-,-
3703,3607,4.401962920061272,-,-,-,-
3703,3608,4.401962920061272,-,-,-,-
3703,3609,4.401962920061272,-,-,-,-
3703,3610,4.401962920061272,-,-,-,-
3703,3611,4.401962920061272,-,-,-,-
3703,3612,4.401962920061272,-,-,-,-
3703,3613,4.401962920061272,-,-,-,-
3703,3614,4.401962920061272,-,-,-,-
3703,3615,4.401962920061272,-,-,-,-
3703,3616,4.401962920061272,-,-,-,-
3703,3617,4.401962920061272,-,-,-,-
3703,3618,4.401962920061272,-,-,-,-
3703,3619,4.401962920061272,-,-,-,-
3703,3620,4.401962920061272,-,-,-,-
3704,3621,4.401962920061272,-,-,-,-
3705,3622,4.401962920061272,-,-,-,-
3706,3623,4.401962920061272,-,-,-,-
3707,3624,4.401962920061272,-,-,-,-
3708,3625,4.401962920061272,-,-,-,-
3709,3626,4.401962920061272,-,-,-,-
3710,3627,4.401962920061272,-,-,-,-
3711,3628,26.108338921187677,-,-,-,-
3712,3629,26.108338921187677,-,-,-,-
3713,3630,26.108338921187677,-,-,-,-
3714,3631,26.108338921187677,-,-,-,-
3715,3632,26.108338921187677,-,-,-,-
3716,3633,26.108338921187677,-,-,-,-
3717,3634,26.108338921187677,-,-,-,-
3718,3635,26.108338921187677,-,-,-,-
3719,3636,26.108338921187677,-,-,-,-
3720,3637,26.108338921187677,-,-,-,-
3721,3638,26.108338921187677,-,-,-,-
3722,3639,26.108338921187677,-,-,-,-
3723,3640,26.108338921187677,-,-,-,-
3724,3641,26.108338921187677,-,-,-,-
3725,3642,26.108338921187677,-,-,-,-
3726,3643,26.108338921187677,-,-,-,-
3727,3644,26.108338921187677,-,-,-,-
3728,3645,26.108338921187677,-,-,-,-
3729,3646,26.108338921187677,-,-,-,-
3730,3647,26.108338921187677,-,-,-,-
3731,3648,26.108338921187677,-,-,-,-
3732,3649,26.108338921187677,-,-,-,-
3732,3650,26.108338921187677,-,-,-,-
3732,3651,26.108338921187677,-,-,-,-
3732,3652,26.108338921187677,-,-,-,-
3732,3653,26.108338921187677,-,-,-,-
3732,3654,26.108338921187677,-,-,-,-
3732,3655,26.108338921187677,-,-,-,-
3732,3656,26.108338921187677,-,-,-,-
3732,3657,26.108338921187677,-,-,-,-
3732,3658,26.108338921187677,-,-,-,-
3732,3659,26.108338921187677,-,-,-,-
3732,3660,26.108338921187677,-,-,-,-
3732,3661,26.108338921187677,-,-,-,-
3732,3662,26.108338921187677,-,-,-,-
3732,3663,26.108338921187677,-,-,-,-
3732,3664,26.108338921187677,-,-,-,-
3732,3665,26.108338921187677,-,-,-,-
3732,3666,26.108338921187677,-,-,-,-
3732,3667,26.108338921187677,-,-,-,-
3732,3668,26.108338921187677,-,-,-,-
3732,3669,26.108338921187677,-,-,-,-
3732,3670,26.108338921187677,-,-,-,-
3732,3671,26.108338921187677,-,-,-,-
3732,3672,26.108338921187677,-,-,-,-
3732,3673,26.108338921187677,-,-,-,-
3732,3674,26.108338921187677,-,-,-,-
3732,3675,26.108338921187677,-,-,-,-
3732,3676,26.108338921187677,-,-,-,-
3732,3677,26.108338921187677,-,-,-,-
3732,3678,26.108338921187677,-,-,-,-
3732,3679,26.108338921187677,-,-,-,-
3732,3680,26.108338921187677,-,-,-,-
3732,3681,26.108338921187677,-,-,-,-
3732,3682,26.108338921187677,-,-,-,-
3732,3683,26.108338921187677,-,-,-,-
3732,3684,26.108338921187677,-,-,-,-
3732,3685,26.108338921187677,-,-,-,-
3732,3686,26.108338921187677,-,-,-,-
3732,3687,26.108338921187677,-,-,-,-
3732,3688,26.108338921187677,-,-,-,-
3732,3689,26.108338921187677,-,-,-,-
3732,3690,26.108338921187677,-,-,-,-
3732,3691,26.108338921187677,-,-,-,-
3732,3692,26.108338921187677,-,-,-,-
3732,3693,26.108338921187677,-,-,-,-
3732,3694,26.108338921187677,-,-,-,-
3732,3695,26.108338921187677,-,-,-,-
3732,3696,26.108338921187677,-,-,-,-
3732,3697,26.108338921187677,-,-,-,-
3732,3698,26.108338921187677,-,-,-,-
3732,3699,26.108338921187677,-,-,-,-
3732,3700,26.108338921187677,-,-,-,-
3732,3701,26.108338921187677,-,-,-,-
3732,3702,26.108338921187677,-,-,-,-
3732,3703,26.108338921187677,-,-,-,-
3732,3704,26.108338921187677,-,-,-,-
3732,3705,26.108338921187677,-,-,-,-
3732,3706,26.108338921187677,-,-,-,-
3732,3707,26.108338921187677,-,-,-,-
3732,3708,26.108338921187677,-,-,-,-
3732,3709,26.108338921187677,-,-,-,-
3732,3710,26.108338921187677,-,-,-,-
3732,3711,26.108338921187677,-,-,-,-
3732,3712,26.108338921187677,-,-,-,-
3732,3713,26.108338921187677,-,-,-,-
3732,3714,26.108338921187677,-,-,-,-
3732,3715,26.108338921187677,-,-,-,-
3732,3716,26.108338921187677,-,-,-,-
3732,3717,26.108338921187677,-,-,-,-
3732,3718,26.108338921187677,-,-,-,-
3732,3719,26.108338921187677,-,-,-,-
3732,3720,26.108338921187677,-,-,-,-
3732,3721,26.108338921187677,-,-,-,-
3732,3722,26.108338921187677,-,-,-,-
3732,3723,26.108338921187677,-,-,-,-
3732,3724,26.108338921187677,-,-,-,-
3732,3725,26.108338921187677,-,-,-,-
3732,3726,26.108338921187677,-,-,-,-
3732,3727,26.108338921187677,-,-,-,-
3732,3728,26.108338921187677,-,-,-,-
3732,3729,26.108338921187677,-,-,-,-
3732,3730,26.108338921187677,-,-,-,-
3732,3731,26.108338921187677,-,-,-,-
3732,3732,26.108338921187677,-,-,-,-
3732,3733,26.108338921187677,-,-,-,-
3732,3734,26.108338921187677,-,-,-,-
3732,3735,26.108338921187677,-,-,-,-
3732,3736,26.108338921187677,-,-,-,-
3732,3737,26.108338921187677,-,-,-,-
3732,3738,26.108338921187677,-,-,-,-
3732,3739,26.108338921187677,-,-,-,-
3732,3740,26.108338921187677,-,-,-,-
3732,3741,26.108338921187677,-,-,-,-
3732,3742,26.108338921187677,-,-,-,-
3732,3743,26.108338921187677,-,-,-,-
3732,3744,26.108338921187677,-,-,-,-
3732,3745,26.108338921187677,-,-,-,-
3732,3746,26.108338921187677,-,-,-,-
3732,3747,26.108338921187677,-,-,-,-
3732,3748,26.108338921187677,-,-,-,-
3732,3749,26.108338921187677,-,-,-,-
3732,3750,26.108338921187677,-,-,-,-
3732,3751,26.108338921187677,-,-,-,-
3732,3752,26.108338921187677,-,-,-,-
3732,3753,26.108338921187677,-,-,-,-
3732,3754,26.108338921187677,-,-,-,-
3732,3755,26.108338921187677,-,-,-,-
3732,3756,26.108338921187677,-,-,-,-
3732,3757,26.108338921187677,-,-,-,-
3732,3758,26.108338921187677,-,-,-,-
3732,3759,26.108338921187677,-,-,-,-
3732,3760,26.108338921187677,-,-,-,-
3732,3761,26.108338921187677,-,-,-,-
3732,3762,26.108338921187677,-,-,-,-
3732,3763,26.108338921187677,-,-,-,-
3732,3764,26.108338921187677,-,-,-,-
3732,3765,26.108338921187677,-,-,-,-
3732,3766,26.108338921187677,-,-,-,-
3732,3767,26.108338921187677,-,-,-,-
3732,3768,26.108338921187677,-,-,-,-
3732,3769,26.108338921187677,-,-,-,-
3732,3770,26.108338921187677,-,-,-,-
3732,3771,26.108338921187677,-,-,-,-
3732,3772,27.728396126020716,-,-,-,-
3732,3773,30.240391679477643,-,-,-,-
3733,3774,34.63430311696064,-,-,-,-
3734,3775,44.07029950694353,-,-,-,-
3735,3776,79.71704698505606,-,-,-,-
3736,3777,10.07851722207581,-,-,-,-
3737,3777,10.07851722207581,-,-,-,-
3738,3777,10.07851722207581,-,-,-,-
3739,3777,10.07851722207581,-,-,-,-
3740,3777,10.07851722207581,-,-,-,-
3741,3777,10.07851722207581,-,-,-,-
3742,3777,10.07851722207581,-,-,-,-
3743,3777,10.07851722207581,-,-,-,-
3744,3777,10.07851722207581,-,-,-,-
3745,3777,10.07851722207581,-,-,-,-
3746,3777,10.07851722207581,-,-,-,-
3747,3777,10.07851722207581,-,-,-,-
3748,3777,10.07851722207581,-,-,-,-
3749,3777,10.07851722207581,-,-,-,-
3750,3777,10.07851722207581,-,-,-,-
3751,3777,21.377017304793892,-,-,-,-
3752,3777,21.377017304793892,-,-,-,-
3753,3777,21.377017304793892,-,-,-,-
3754,3777,21.377017304793892,-,-,-,-
3755,3777,21.377017304793892,-,-,-,-
3756,3777,21.377017304793892,-,-,-,-
3757,3777,21.377017304793892,-,-,-,-
3758,3777,21.377017304793892,-,-,-,-
3759,3777,26.679297254066466,-,-,-,-
3760,3777,26.679297254066466,-,-,-,-
3761,3777,26.679297254066466,-,-,-,-
3762,3777,26.679297254066466,-,-,-,-
3763,3777,26.679297254066466,-,-,-,-
3764,3777,26.679297254066466,-,-,-,-
3765,3777,26.679297254066466,-,-,-,-
3766,3778,56.81801150779645,-,-,-,-
3767,3779,66.50783257202903,-,-,-,-
3768,3780,66.50783257202903,-,-,-,-
3769,3781,66.50783257202903,-,-,-,-
3770,3782,66.50783257202903,-,-,-,-
3771,3783,66.50783257202903,-,-,-,-
3772,3784,66.50783257202903,-,-,-,-
3773,3785,66.50783257202903,-,-,-,-
3774,3786,66.50783257202903,-,-,-,-
3775,3787,66.50783257202903,-,-,-,-
3776,3788,66.50783257202903,-,-,-,-
3777,3789,66.50783257202903,-,-,-,-
3778,3790,66.50783257202903,-,-,-,-
3779,3791,66.50783257202903,-,-,-,-
3780,3792,66.50783257202903,-,-,-,-
3781,3793,66.50783257202903,-,-,-,-
3782,3794,66.50783257202903,-,-,-,-
3783,3795,66.50783257202903,-,-,-,-
3784,3796,66.50783257202903,-,-,-,-
3785,3797,66.50783257202903,-,-,-,-
3786,3798,66.50783257202903,-,-,-,-
3787,3799,66.50783257202903,-,-,-,-
3788,3800,66.50783257202903,-,-,-,-
3789,3801,65.29969769613221,-,-,-,-
3790,3802,64.1316248487562,-,-,-,-
3791,3803,63.00257755890956,-,-,-,-
3792,3804,61.911466124209575,-,-,-,-
3793,3805,60.85716267659118,-,-,-,-
3794,3806,59.83851435318538,-,-,-,-
3795,3807,58.85435468973209,-,-,-,-
3796,3808,58.85435468973209,-,-,-,-
3797,3809,58.85435468973209,-,-,-,-
3798,3810,58.85435468973209,-,-,-,-
3799,3811,2.676620682224974,-,-,-,-
3799,3812,2.490773819973699,-,-,-,-
3799,3813,2.3036380662571934,-,-,-,-
3799,3814,2.115204000653201,-,-,-,-
3799,3815,1.9254621839183699,-,-,-,-
3799,3816,1.7344031600766778,-,-,-,-
3799,3817,1.5420174585897615,-,-,-,-
3799,3818,1.3482955966057952,-,-,-,-
3799,3819,1.1532280812968225,-,-,-,-
3799,3820,0.9568054122878972,-,-,-,-
3799,3821,0.7590180841583153,-,-,-,-
3799,3822,0.5598565890587628,-,-,-,-
3799,3823,0.35931141939875544,-,-,-,-
3799,3824,0.15737307064329883,-,-,-,-
3799,3825,0.045967955819198415,-,-,-,-
3799,3826,0.2507211496196714,-,-,-,-
3799,3827,0.45689598844231005,-,-,-,-
3799,3828,0.6645019347187939,-,-,-,-
3799,3829,0.8735484323937506,-,-,-,-
3800,3830,1.0840449035055277,-,-,-,-
3801,3831,1.2960007446802306,-,-,-,-
3802,3832,1.2960007446802306,-,-,-,-
3803,3833,1.2960007446802306,-,-,-,-
3804,3834,1.2960007446802306,-,-,-,-
3805,3835,1.2960007446802306,-,-,-,-
3806,3836,5.205066037560878,-,-,-,-
3807,3837,44.17964825072853,-,-,-,-
3808,3838,25.57179399016335,-,-,-,-
3809,3838,25.57179399016335,-,-,-,-
3810,3838,25.57179399016335,-,-,-,-
3811,3838,25.57179399016335,-,-,-,-
3812,3838,25.57179399016335,-,-,-,-
3813,3838,25.57179399016335,-,-,-,-
3814,3838,25.57179399016335,-,-,-,-
3815,3838,25.57179399016335,-,-,-,-
3816,3838,25.57179399016335,-,-,-,-
3817,3838,25.57179399016335,-,-,-,-
3818,3838,25.57179399016335,-,-,-,-
3819,3838,25.57179399016335,-,-,-,-
3820,3838,25.57179399016335,-,-,-,-
3821,3838,25.57179399016335,-,-,-,-
3822,3838,25.57179399016335,-,-,-,-
3823,3838,25.57179399016335,-,-,-,-
3824,3838,25.57179399016335,-,-,-,-
3825,3838,25.57179399016335,-,-,-,-
3826,3838,25.57179399016335,-,-,-,-
3827,3838,25.57179399016335,-,-,-,-
3828,3838,25.57179399016335,-,-,-,-
3829,3838,25.57179399016335,-,-,-,-
3830,3838,25.57179399016335,-,-,-,-
3831,3838,25.57179399016335,-,-,-,-
3832,3838,25.57179399016335,-,-,-,-
3833,3838,25.57179399016335,-,-,-,-
3834,3838,25.57179399016335,-,-,-,-
3835,3838,25.57179399016335,-,-,-,-
3836,3838,25.57179399016335,-,-,-,-
3837,3838,25.57179399016335,-,-,-,-
3838,3838,25.57179399016335,-,-,-,-
3839,3838,21.454647487194144,-,-,-,-
3840,3838,21.454647487194144,-,-,-,-
3841,3838,21.454647487194144,-,-,-,-
3842,3838,21.454647487194144,-,-,-,-
3843,3838,21.454647487194144,-,-,-,-
3844,3838,21.454647487194144,-,-,-,-
3845,3838,21.454647487194144,-,-,-,-
3846,3838,21.454647487194144,-,-,-,-
3847,3838,21.454647487194144,-,-,-,-
3848,3838,21.454647487194144,-,-,-,-
3849,3838,21.454647487194144,-,-,-,-
3850,3838,21.454647487194144,-,-,-,-
3851,3838,21.454647487194144,-,-,-,-
3852,3838,21.454647487194144,-,-,-,-
3853,3838,21.454647487194144,-,-,-,-
3854,3838,21.454647487194144,-,-,-,-
3855,3838,0.7469794238134464,-,-,-,-
3856,3838,0.7469794238134464,-,-,-,-
3857,3838,0.7469794238134464,-,-,-,-
3858,3838,0.7469794238134464,-,-,-,-
3859,3838,0.7469794238134464,-,-,-,-
3860,3838,0.7469794238134464,-,-,-,-
3861,3838,0.7469794238134464,-,-,-,-
3862,3838,0.7469794238134464,-,-,-,-
3863,3839,2.2605484085058216,-,-,-,-
3863,3840,9.409687737975544,-,-,-,-
3863,3841,14.210181313812509,-,-,-,-
3863,3842,16.79011723777365,-,-,-,-
3863,3843,18.39467787591363,-,-,-,-
3863,3844,18.39467787591363,-,-,-,-
3863,3845,18.39467787591363,-,-,-,-
3863,3846,18.39467787591363,-,-,-,-
3863,3847,18.39467787591363,-,-,-,-
3863,3848,18.39467787591363,-,-,-,-
3863,3849,18.39467787591363,-,-,-,-
3863,3850,18.39467787591363,-,-,-,-
3863,3851,18.39467787591363,-,-,-,-
3863,3852,18.39467787591363,-,-,-,-
3863,3853,18.39467787591363,-,-,-,-
3863,3854,18.39467787591363,-,-,-,-
3863,3855,18.39467787591363,-,-,-,-
3863,3856,18.39467787591363,-,-,-,-
3863,3857,18.39467787591363,-,-,-,-
3863,3858,18.39467787591363,-,-,-,-
3863,3859,18.39467787591363,-,-,-,-
3863,3860,18.39467787591363,-,-,-,-
3863,3861,18.39467787591363,-,-,-,-
3863,3862,18.39467787591363,-,-,-,-
3863,3863,18.39467787591363,-,-,-,-
3864,3864,18.39467787591363,-,-,-,-
3865,3865,18.39467787591363,-,-,-,-
3866,3866,18.39467787591363,-,-,-,-
3867,3867,18.39467787591363,-,-,-,-
3868,3868,18.39467787591363,-,-,-,-
3869,3869,18.39467787591363,-,-,-,-
3870,3870,18.39467787591363,-,-,-,-
3871,3871,18.39467787591363,-,-,-,-
3872,3872,18.39467787591363,-,-,-,-
3873,3873,18.39467787591363,-,-,-,-
3874,3874,18.39467787591363,-,-,-,-
3875,3875,18.39467787591363,-,-,-,-
3876,3876,18.39467787591363,-,-,-,-
3877,3877,18.39467787591363,-,-,-,-
3878,3878,18.39467787591363,-,-,-,-
3879,3879,18.39467787591363,-,-,-,-
3880,3880,18.39467787591363,-,-,-,-
3881,3881,18.39467787591363,-,-,-,-
3882,3882,18.39467787591363,-,-,-,-
3883,3883,18.39467787591363,-,-,-,-
