path_ref,path_query,path_distance,ref_x,ref_y,query_x,query_y
0,0,84.00584494930585,952.8536010439028,540.3311739697773,1034.0,518.6
0,1,84.00584494930585,952.8536010439028,540.3311739697773,1034.0,518.6
0,2,84.00584494930585,952.8536010439028,540.3311739697773,1034.0,518.6
0,3,84.00584494930585,952.8536010439028,540.3311739697773,1034.0,518.6
0,4,84.00584494930585,952.8536010439028,540.3311739697773,1034.0,518.6
0,5,84.00584494930585,952.8536010439028,540.3311739697773,1034.0,518.6
0,6,84.00584494930585,952.8536010439028,540.3311739697773,1034.0,518.6
0,7,84.00584494930585,952.8536010439028,540.3311739697773,1034.0,518.6
0,8,84.00584494930585,952.8536010439028,540.3311739697773,1034.0,518.6
0,9,84.00584494930585,952.8536010439028,540.3311739697773,1034.0,518.6
0,10,84.00584494930585,952.8536010439028,540.3311739697773,1034.0,518.6
0,11,84.00584494930585,952.8536010439028,540.3311739697773,1034.0,518.6
0,12,84.00584494930585,952.8536010439028,540.3311739697773,1034.0,518.6
0,13,84.00584494930585,952.8536010439028,540.3311739697773,1034.0,518.6
0,14,84.00584494930585,952.8536010439028,540.3311739697773,1034.0,518.6
0,15,84.00584494930585,952.8536010439028,540.3311739697773,1034.0,518.6
0,16,84.00584494930585,952.8536010439028,540.3311739697773,1034.0,518.6
0,17,84.00584494930585,952.8536010439028,540.3311739697773,1034.0,518.6
0,18,84.00584494930585,952.8536010439028,540.3311739697773,1034.0,518.6
0,19,84.00584494930585,952.8536010439028,540.3311739697773,1034.0,518.6
0,20,47.234224782865525,952.8536010439028,540.3311739697773,997.0,523.5333333333333
0,21,13.850543367870868,952.8536010439028,540.3311739697773,960.0,528.4666666666667
0,22,30.647653546198832,952.8536010439028,540.3311739697773,923.0,533.4
0,23,30.647653546198832,952.8536010439028,540.3311739697773,923.0,533.4
0,24,30.647653546198832,952.8536010439028,540.3311739697773,923.0,533.4
0,25,30.647653546198832,952.8536010439028,540.3311739697773,923.0,533.4
0,26,30.647653546198832,952.8536010439028,540.3311739697773,923.0,533.4
0,27,30.647653546198832,952.8536010439028,540.3311739697773,923.0,533.4
0,28,30.647653546198832,952.8536010439028,540.3311739697773,923.0,533.4
0,29,30.647653546198832,952.8536010439028,540.3311739697773,923.0,533.4
0,30,30.647653546198832,952.8536010439028,540.3311739697773,923.0,533.4
0,31,30.647653546198832,952.8536010439028,540.3311739697773,923.0,533.4
0,32,30.647653546198832,952.8536010439028,540.3311739697773,923.0,533.4
0,33,30.647653546198832,952.8536010439028,540.3311739697773,923.0,533.4
0,34,30.647653546198832,952.8536010439028,540.3311739697773,923.0,533.4
0,35,30.647653546198832,952.8536010439028,540.3311739697773,923.0,533.4
0,36,30.647653546198832,952.8536010439028,540.3311739697773,923.0,533.4
0,37,30.647653546198832,952.8536010439028,540.3311739697773,923.0,533.4
0,38,30.647653546198832,952.8536010439028,540.3311739697773,923.0,533.4
0,39,30.647653546198832,952.8536010439028,540.3311739697773,923.0,533.4
1,40,30.647653546198832,952.8536010439028,540.3311739697773,923.0,533.4
2,41,30.647653546198832,952.8536010439028,540.3311739697773,923.0,533.4
3,42,30.647653546198832,952.8536010439028,540.3311739697773,923.0,533.4
4,43,30.647653546198832,952.8536010439028,540.3311739697773,923.0,533.4
5,44,30.647653546198832,952.8536010439028,540.3311739697773,923.0,533.4
6,45,30.647653546198832,952.8536010439028,540.3311739697773,923.0,533.4
7,46,30.647653546198832,952.8536010439028,540.3311739697773,923.0,533.4
8,47,30.647653546198832,952.8536010439028,540.3311739697773,923.0,533.4
9,48,30.647653546198832,952.8536010439028,540.3311739697773,923.0,533.4
10,49,30.647653546198832,952.8536010439028,540.3311739697773,923.0,533.4
11,50,30.647653546198832,952.8536010439028,540.3311739697773,923.0,533.4
12,51,30.647653546198832,952.8536010439028,540.3311739697773,923.0,533.4
13,52,30.647653546198832,952.8536010439028,540.3311739697773,923.0,533.4
14,53,30.647653546198832,952.8536010439028,540.3311739697773,923.0,533.4
15,54,30.647653546198832,952.8536010439028,540.3311739697773,923.0,533.4
16,55,30.647653546198832,952.8536010439028,540.3311739697773,923.0,533.4
17,56,30.647653546198832,952.8536010439028,540.3311739697773,923.0,533.4
18,57,30.647653546198832,952.8536010439028,540.3311739697773,923.0,533.4
19,58,30.647653546198832,952.8536010439028,540.3311739697773,923.0,533.4
20,59,30.647653546198832,952.8536010439028,540.3311739697773,923.0,533.4
21,60,30.647653546198832,952.8536010439028,540.3311739697773,923.0,533.4
22,61,30.647653546198832,952.8536010439028,540.3311739697773,923.0,533.4
23,62,30.647653546198832,952.8536010439028,540.3311739697773,923.0,533.4
24,63,30.647653546198832,952.8536010439028,540.3311739697773,923.0,533.4
25,64,30.647653546198832,952.8536010439028,540.3311739697773,923.0,533.4
26,65,30.647653546198832,952.8536010439028,540.3311739697773,923.0,533.4
27,66,30.647653546198832,952.8536010439028,540.3311739697773,923.0,533.4
28,67,30.647653546198832,952.8536010439028,540.3311739697773,923.0,533.4
29,68,30.647653546198832,952.8536010439028,540.3311739697773,923.0,533.4
30,69,30.647653546198832,952.8536010439028,540.3311739697773,923.0,533.4
31,70,30.647653546198832,952.8536010439028,540.3311739697773,923.0,533.4
32,71,30.647653546198832,952.8536010439028,540.3311739697773,923.0,533.4
33,72,30.647653546198832,952.8536010439028,540.3311739697773,923.0,533.4
34,73,30.647653546198832,952.8536010439028,540.3311739697773,923.0,533.4
35,74,30.647653546198832,952.8536010439028,540.3311739697773,923.0,533.4
36,75,30.647653546198832,952.8536010439028,540.3311739697773,923.0,533.4
37,76,30.647653546198832,952.8536010439028,540.3311739697773,923.0,533.4
38,77,30.647653546198832,952.8536010439028,540.3311739697773,923.0,533.4
39,78,30.647653546198832,952.8536010439028,540.3311739697773,923.0,533.4
40,79,30.647653546198832,952.8536010439028,540.3311739697773,923.0,533.4
41,80,30.647653546198832,952.8536010439028,540.3311739697773,923.0,533.4
42,81,30.647653546198832,952.8536010439028,540.3311739697773,923.0,533.4
43,82,30.647653546198832,952.8536010439028,540.3311739697773,923.0,533.4
44,83,30.647653546198832,952.8536010439028,540.3311739697773,923.0,533.4
45,84,30.647653546198832,952.8536010439028,540.3311739697773,923.0,533.4
46,85,30.647653546198832,952.8536010439028,540.3311739697773,923.0,533.4
47,86,30.647653546198832,952.8536010439028,540.3311739697773,923.0,533.4
48,87,30.647653546198832,952.8536010439028,540.3311739697773,923.0,533.4
49,88,30.647653546198832,952.8536010439028,540.3311739697773,923.0,533.4
50,89,30.647653546198832,952.8536010439028,540.3311739697773,923.0,533.4
51,90,30.647653546198832,952.8536010439028,540.3311739697773,923.0,533.4
52,91,30.647653546198832,952.8536010439028,540.3311739697773,923.0,533.4
53,92,30.647653546198832,952.8536010439028,540.3311739697773,923.0,533.4
54,93,30.647653546198832,952.8536010439028,540.3311739697773,923.0,533.4
55,94,30.647653546198832,952.8536010439028,540.3311739697773,923.0,533.4
56,95,30.647653546198832,952.8536010439028,540.3311739697773,923.0,533.4
57,96,30.647653546198832,952.8536010439028,540.3311739697773,923.0,533.4
58,97,30.647653546198832,952.8536010439028,540.3311739697773,923.0,533.4
59,98,30.647653546198832,952.8536010439028,540.3311739697773,923.0,533.4
60,99,30.647653546198832,949.8536010439028,390.3311739697773,923.0,533.4
61,100,30.647653546198832,949.8536010439028,390.3311739697773,923.0,533.4
62,101,30.647653546198832,949.8536010439028,390.3311739697773,923.0,533.4
63,102,30.647653546198832,949.8536010439028,390.3311739697773,923.0,533.4
64,103,30.647653546198832,949.8536010439028,390.3311739697773,923.0,533.4
65,104,30.647653546198832,946.8536010439028,240.3311739697773,923.0,533.4
66,105,30.647653546198832,946.8536010439028,240.3311739697773,923.0,533.4
67,106,30.647653546198832,946.8536010439028,240.3311739697773,923.0,533.4
68,107,30.647653546198832,946.8536010439028,240.3311739697773,923.0,533.4
69,108,30.647653546198832,946.8536010439028,240.3311739697773,923.0,533.4
70,109,30.647653546198832,946.8536010439028,240.3311739697773,923.0,533.4
71,110,30.647653546198832,946.8536010439028,240.3311739697773,923.0,533.4
72,111,30.647653546198832,946.8536010439028,240.3311739697773,923.0,533.4
73,112,30.647653546198832,946.8536010439028,240.3311739697773,923.0,533.4
74,113,30.647653546198832,946.8536010439028,240.3311739697773,923.0,533.4
75,114,30.647653546198832,946.8536010439028,240.3311739697773,923.0,533.4
76,115,30.647653546198832,946.8536010439028,240.3311739697773,923.0,533.4
77,116,30.647653546198832,946.8536010439028,240.3311739697773,923.0,533.4
78,117,30.647653546198832,946.8536010439028,240.3311739697773,923.0,533.4
79,118,30.647653546198832,946.8536010439028,240.3311739697773,923.0,533.4
80,119,30.647653546198832,796.8536010439028,246.3311739697773,923.0,533.4
81,120,30.647653546198832,796.8536010439028,246.3311739697773,923.0,533.4
82,121,30.647653546198832,796.8536010439028,246.3311739697773,923.0,533.4
83,122,30.647653546198832,796.8536010439028,246.3311739697773,923.0,533.4
84,123,30.647653546198832,646.8536010439028,252.3311739697773,923.0,533.4
85,124,30.647653546198832,646.8536010439028,252.3311739697773,923.0,533.4
86,125,30.647653546198832,646.8536010439028,252.3311739697773,923.0,533.4
87,126,30.647653546198832,646.8536010439028,252.3311739697773,923.0,533.4
88,127,30.647653546198832,646.8536010439028,252.3311739697773,923.0,533.4
89,128,30.647653546198832,646.8536010439028,252.3311739697773,923.0,533.4
90,129,30.647653546198832,646.8536010439028,252.3311739697773,923.0,533.4
91,130,30.647653546198832,646.8536010439028,252.3311739697773,923.0,533.4
92,131,30.647653546198832,646.8536010439028,252.3311739697773,923.0,533.4
93,132,30.647653546198832,646.8536010439028,252.3311739697773,923.0,533.4
94,133,30.647653546198832,646.8536010439028,252.3311739697773,923.0,533.4
95,134,30.647653546198832,646.8536010439028,252.3311739697773,923.0,533.4
96,135,30.647653546198832,646.8536010439028,252.3311739697773,923.0,533.4
97,136,30.647653546198832,646.8536010439028,252.3311739697773,923.0,533.4
98,137,56.05738706230156,646.8536010439028,252.3311739697773,921.6666666666666,493.75
99,138,70.27025956246706,646.8536010439028,252.3311739697773,920.3333333333334,454.09999999999997
100,139,39.162002840157044,646.8536010439028,252.3311739697773,919.0,414.45
101,140,35.73816040990355,646.8536010439028,252.3311739697773,917.6666666666666,374.79999999999995
102,140,35.73816040990355,646.8536010439028,252.3311739697773,916.3333333333334,335.15
103,141,64.5644662958742,646.8536010439028,252.3311739697773,915.0,295.5
104,142,63.70440538155195,814.8536010439028,447.3311739697773,915.0,295.5
104,143,63.70440538155195,814.8536010439028,447.3311739697773,915.0,295.5
104,144,63.70440538155195,814.8536010439028,447.3311739697773,915.0,295.5
104,145,63.70440538155195,814.8536010439028,447.3311739697773,915.0,295.5
104,146,63.70440538155195,983.8536010439028,642.3311739697773,915.0,295.5
104,147,63.70440538155195,983.8536010439028,642.3311739697773,915.0,295.5
104,148,63.70440538155195,983.8536010439028,642.3311739697773,915.0,295.5
104,149,63.70440538155195,983.8536010439028,642.3311739697773,915.0,295.5
104,150,63.70440538155195,983.8536010439028,642.3311739697773,915.0,295.5
104,151,63.70440538155195,983.8536010439028,642.3311739697773,915.0,295.5
104,152,63.70440538155195,983.8536010439028,642.3311739697773,915.0,295.5
104,153,63.70440538155195,983.8536010439028,642.3311739697773,915.0,295.5
104,154,63.70440538155195,983.8536010439028,642.3311739697773,915.0,295.5
104,155,63.70440538155195,1000.8536010439028,641.3311739697773,915.0,295.5
104,156,63.70440538155195,1000.8536010439028,641.3311739697773,915.0,295.5
105,157,63.70440538155195,1000.8536010439028,641.3311739697773,915.0,295.5
106,158,63.70440538155195,1000.8536010439028,641.3311739697773,915.0,295.5
107,159,63.70440538155195,1000.8536010439028,641.3311739697773,915.0,295.5
108,160,63.70440538155195,1000.8536010439028,641.3311739697773,915.0,295.5
109,161,63.70440538155195,1000.8536010439028,641.3311739697773,915.0,295.5
110,162,63.70440538155195,1017.8536010439028,640.3311739697773,915.0,295.5
111,163,63.70440538155195,1017.8536010439028,640.3311739697773,912.85,270.15
112,164,45.22617903132645,1017.8536010439028,640.3311739697773,910.7,244.8
113,165,36.42874242312083,1017.8536010439028,640.3311739697773,910.7,244.8
114,166,36.42874242312083,1034.853601043903,639.3311739697773,910.7,244.8
115,167,36.42874242312083,1034.853601043903,639.3311739697773,910.7,244.8
116,168,36.42874242312083,1034.853601043903,639.3311739697773,910.7,244.8
117,169,36.42874242312083,1034.853601043903,639.3311739697773,910.7,244.8
118,170,36.42874242312083,1051.853601043903,638.3311739697773,910.7,244.8
119,171,113.85669523131514,1051.853601043903,638.3311739697773,910.7,244.8
120,172,113.85669523131514,1051.853601043903,638.3311739697773,910.7,244.8
121,173,113.85669523131514,1051.853601043903,638.3311739697773,910.7,244.8
122,174,113.85669523131514,1051.853601043903,638.3311739697773,910.7,244.8
123,175,263.95386116414943,1068.853601043903,637.3311739697773,910.7,244.8
124,176,263.95386116414943,1068.853601043903,637.3311739697773,910.7,244.8
125,177,263.95386116414943,1068.853601043903,637.3311739697773,910.7,244.8
126,178,263.95386116414943,1068.853601043903,637.3311739697773,910.7,244.8
127,179,263.95386116414943,1085.853601043903,637.3311739697773,910.7,244.8
128,180,263.95386116414943,1085.853601043903,637.3311739697773,910.7,244.8
129,181,263.95386116414943,1085.853601043903,637.3311739697773,910.7,244.8
130,182,263.95386116414943,1085.853601043903,637.3311739697773,910.7,244.8
131,183,263.95386116414943,1085.853601043903,637.3311739697773,910.7,244.8
132,184,263.95386116414943,1085.853601043903,637.3311739697773,910.7,244.8
133,185,263.95386116414943,1085.853601043903,637.3311739697773,910.7,244.8
134,186,263.95386116414943,1103.853601043903,637.3311739697773,910.7,244.8
135,187,263.95386116414943,1103.853601043903,637.3311739697773,910.7,244.8
136,188,263.95386116414943,1103.853601043903,637.3311739697773,910.7,244.8
137,189,263.95386116414943,1103.853601043903,637.3311739697773,910.7,244.8
138,190,263.95386116414943,1103.853601043903,637.3311739697773,910.7,244.8
139,191,263.95386116414943,1121.853601043903,637.3311739697773,910.7,244.8
140,192,263.95386116414943,1121.853601043903,637.3311739697773,910.7,244.8
141,193,263.95386116414943,1121.853601043903,637.3311739697773,917.4000000000001,301.37142857142857
142,194,274.95508825898554,1121.853601043903,637.3311739697773,924.1,357.9428571428571
143,195,141.15610815697852,1121.853601043903,637.3311739697773,930.8000000000001,414.51428571428573
144,196,120.50110201014715,1121.853601043903,637.3311739697773,937.5,471.0857142857143
145,197,124.92564733680443,1139.853601043903,637.3311739697773,944.2,527.6571428571428
146,198,152.25883291488836,1139.853601043903,637.3311739697773,950.9,584.2285714285714
147,199,66.79709757034402,1139.853601043903,637.3311739697773,957.6,640.8
147,200,26.29821403628272,1139.853601043903,637.3311739697773,957.6,640.8
147,201,26.29821403628272,1139.853601043903,637.3311739697773,957.6,640.8
147,202,26.29821403628272,1139.853601043903,637.3311739697773,957.6,640.8
147,203,26.29821403628272,1075.853601043903,434.3311739697773,957.6,640.8
147,204,26.29821403628272,1075.853601043903,434.3311739697773,957.6,640.8
147,205,26.29821403628272,1075.853601043903,434.3311739697773,957.6,640.8
147,206,26.29821403628272,1075.853601043903,434.3311739697773,957.6,640.8
147,207,26.29821403628272,1075.853601043903,434.3311739697773,957.6,640.8
147,208,26.29821403628272,1075.853601043903,434.3311739697773,957.6,640.8
147,209,26.29821403628272,1075.853601043903,434.3311739697773,957.6,640.8
147,210,26.29821403628272,1011.8536010439028,231.3311739697773,957.6,640.8
147,211,26.29821403628272,1011.8536010439028,231.3311739697773,957.6,640.8
147,212,26.29821403628272,1011.8536010439028,231.3311739697773,957.6,640.8
147,213,26.29821403628272,1011.8536010439028,231.3311739697773,957.6,640.8
147,214,26.29821403628272,1011.8536010439028,231.3311739697773,957.6,640.8
147,215,26.29821403628272,1011.8536010439028,231.3311739697773,957.6,640.8
147,216,26.29821403628272,1011.8536010439028,231.3311739697773,957.6,640.8
147,217,26.29821403628272,1011.8536010439028,231.3311739697773,957.6,640.8
147,218,26.29821403628272,1011.8536010439028,231.3311739697773,957.6,640.8
147,219,26.29821403628272,1011.8536010439028,231.3311739697773,957.6,640.8
147,220,26.29821403628272,1011.8536010439028,231.3311739697773,957.6,640.8
147,221,26.29821403628272,975.8536010439028,231.3311739697773,957.6,640.8
147,222,26.29821403628272,975.8536010439028,231.3311739697773,957.6,640.8
147,223,26.29821403628272,940.8536010439028,231.3311739697773,957.6,640.8
147,224,26.29821403628272,940.8536010439028,231.3311739697773,957.6,640.8
147,225,26.29821403628272,940.8536010439028,231.3311739697773,957.6,640.8
147,226,26.29821403628272,940.8536010439028,231.3311739697773,957.6,640.8
147,227,26.29821403628272,940.8536010439028,231.3311739697773,957.6,640.8
147,228,26.29821403628272,940.8536010439028,231.3311739697773,957.6,640.8
147,229,26.29821403628272,940.8536010439028,231.3311739697773,957.6,640.8
147,230,26.29821403628272,940.8536010439028,231.3311739697773,957.6,640.8
147,231,26.29821403628272,940.8536010439028,231.3311739697773,957.6,640.8
147,232,26.29821403628272,940.8536010439028,231.3311739697773,957.6,640.8
147,233,26.29821403628272,940.8536010439028,231.3311739697773,957.6,640.8
147,234,26.29821403628272,940.8536010439028,231.3311739697773,957.6,640.8
147,235,26.29821403628272,940.8536010439028,231.3311739697773,957.6,640.8
147,236,26.29821403628272,940.8536010439028,231.3311739697773,957.6,640.8
147,237,26.29821403628272,940.8536010439028,231.3311739697773,957.6,640.8
147,238,26.29821403628272,940.8536010439028,231.3311739697773,957.6,640.8
147,239,26.29821403628272,940.8536010439028,231.3311739697773,957.6,640.8
147,240,26.29821403628272,940.8536010439028,231.3311739697773,957.6,640.8
147,241,26.29821403628272,940.8536010439028,231.3311739697773,957.6,640.8
147,242,26.29821403628272,940.8536010439028,231.3311739697773,957.6,640.8
147,243,26.29821403628272,940.8536010439028,231.3311739697773,957.6,640.8
147,244,26.29821403628272,940.8536010439028,231.3311739697773,957.6,640.8
147,245,26.29821403628272,940.8536010439028,231.3311739697773,957.6,640.8
147,246,26.29821403628272,940.8536010439028,231.3311739697773,957.6,640.8
147,247,26.29821403628272,992.8536010439028,210.3311739697773,957.6,640.8
147,248,26.29821403628272,992.8536010439028,210.3311739697773,957.6,640.8
147,249,26.29821403628272,992.8536010439028,210.3311739697773,957.6,640.8
147,250,26.29821403628272,992.8536010439028,210.3311739697773,957.6,640.8
147,251,26.29821403628272,992.8536010439028,210.3311739697773,957.6,640.8
147,252,26.29821403628272,992.8536010439028,210.3311739697773,957.6,640.8
147,253,26.29821403628272,992.8536010439028,210.3311739697773,957.6,640.8
147,254,26.29821403628272,992.8536010439028,210.3311739697773,957.6,640.8
147,255,26.29821403628272,992.8536010439028,210.3311739697773,957.6,640.8
147,256,26.29821403628272,992.8536010439028,210.3311739697773,957.6,640.8
147,257,26.29821403628272,992.8536010439028,210.3311739697773,957.6,640.8
147,258,26.29821403628272,992.8536010439028,210.3311739697773,957.6,640.8
147,259,26.29821403628272,992.8536010439028,210.3311739697773,957.6,640.8
147,260,26.29821403628272,992.8536010439028,210.3311739697773,957.6,640.8
147,261,26.29821403628272,992.8536010439028,210.3311739697773,957.6,640.8
147,262,26.29821403628272,992.8536010439028,210.3311739697773,957.6,640.8
148,263,26.29821403628272,992.8536010439028,210.3311739697773,957.6,640.8
149,264,26.29821403628272,992.8536010439028,210.3311739697773,957.6,640.8
150,265,26.29821403628272,992.8536010439028,210.3311739697773,957.6,640.8
151,266,26.29821403628272,992.8536010439028,210.3311739697773,957.6,640.8
152,267,26.29821403628272,992.8536010439028,210.3311739697773,957.6,640.8
153,268,26.29821403628272,992.8536010439028,210.3311739697773,957.6,640.8
154,269,26.29821403628272,992.8536010439028,210.3311739697773,957.6,640.8
155,270,26.29821403628272,992.8536010439028,210.3311739697773,1002.22,640.86
156,271,1.4453549795877965,992.8536010439028,210.3311739697773,1046.8400000000001,640.92
157,271,1.4453549795877965,992.8536010439028,210.3311739697773,1091.46,640.98
158,271,1.4453549795877965,992.8536010439028,210.3311739697773,1136.08,641.04
159,271,1.4453549795877965,992.8536010439028,210.3311739697773,1180.7,641.1
160,271,1.4453549795877965,992.8536010439028,210.3311739697773,1180.7,641.1
161,271,1.4453549795877965,992.8536010439028,210.3311739697773,1180.7,641.1
162,271,1.4453549795877965,992.8536010439028,210.3311739697773,1180.7,641.1
163,271,15.642542586490196,992.8536010439028,210.3311739697773,1180.7,641.1
164,271,15.642542586490196,992.8536010439028,210.3311739697773,1180.7,641.1
165,271,15.642542586490196,992.8536010439028,210.3311739697773,1180.7,641.1
166,271,15.642542586490196,992.8536010439028,210.3311739697773,1180.7,641.1
167,272,12.091241792679591,992.8536010439028,210.3311739697773,1180.7,641.1
168,272,12.091241792679591,981.8536010439028,408.3311739697773,1180.7,641.1
169,272,12.091241792679591,981.8536010439028,408.3311739697773,1180.7,641.1
170,272,12.091241792679591,981.8536010439028,408.3311739697773,1180.7,641.1
171,272,5.642536277436015,981.8536010439028,408.3311739697773,1180.7,641.1
172,272,5.642536277436015,970.8536010439028,605.3311739697773,1180.7,641.1
173,272,5.642536277436015,970.8536010439028,605.3311739697773,1180.7,641.1
174,272,5.642536277436015,970.8536010439028,605.3311739697773,1180.7,641.1
175,272,5.642536277436015,970.8536010439028,605.3311739697773,1180.7,641.1
176,272,22.304221645135286,970.8536010439028,605.3311739697773,1180.7,641.1
177,272,22.304221645135286,970.8536010439028,605.3311739697773,1180.7,641.1
178,272,22.304221645135286,970.8536010439028,605.3311739697773,1180.7,641.1
179,272,22.304221645135286,970.8536010439028,605.3311739697773,1180.7,641.1
180,273,6.689218239357844,970.8536010439028,605.3311739697773,1180.7,641.1
181,273,6.689218239357844,970.8536010439028,605.3311739697773,1159.9,639.375
182,273,6.689218239357844,970.8536010439028,605.3311739697773,1139.1,637.6500000000001
183,273,6.689218239357844,970.8536010439028,605.3311739697773,1118.3,635.9250000000001
184,273,6.689218239357844,970.8536010439028,605.3311739697773,1097.5,634.2
185,273,6.689218239357844,970.8536010439028,605.3311739697773,1097.5,634.2
186,273,6.689218239357844,970.8536010439028,605.3311739697773,1097.5,634.2
187,273,12.919569583939774,970.8536010439028,605.3311739697773,1097.5,634.2
188,273,12.919569583939774,970.8536010439028,605.3311739697773,1097.5,634.2
189,273,12.919569583939774,970.8536010439028,605.3311739697773,1097.5,634.2
190,273,12.919569583939774,970.8536010439028,605.3311739697773,1097.5,634.2
191,273,12.919569583939774,970.8536010439028,605.3311739697773,1097.5,634.2
192,274,14.701898441374674,970.8536010439028,605.3311739697773,1097.5,634.2
193,274,14.701898441374674,970.8536010439028,605.3311739697773,1097.5,634.2
194,274,14.701898441374674,970.8536010439028,605.3311739697773,1097.5,634.2
195,274,14.701898441374674,970.8536010439028,605.3311739697773,1097.5,634.2
196,274,14.701898441374674,970.8536010439028,605.3311739697773,1097.5,634.2
197,274,14.701898441374674,970.8536010439028,605.3311739697773,1075.442857142857,576.3857142857144
198,275,41.019901966322834,970.8536010439028,605.3311739697773,1053.3857142857144,518.5714285714286
198,276,41.019901966322834,970.8536010439028,605.3311739697773,1031.3285714285714,460.75714285714287
198,277,41.019901966322834,970.8536010439028,605.3311739697773,1009.2714285714286,402.9428571428572
198,278,41.019901966322834,970.8536010439028,605.3311739697773,987.2142857142858,345.12857142857143
198,279,41.019901966322834,970.8536010439028,605.3311739697773,965.1571428571428,287.3142857142857
198,280,41.019901966322834,970.8536010439028,605.3311739697773,943.1,229.5
198,281,41.019901966322834,970.8536010439028,605.3311739697773,943.1,229.5
198,282,41.019901966322834,970.8536010439028,605.3311739697773,943.1,229.5
198,283,41.019901966322834,970.8536010439028,605.3311739697773,943.1,229.5
198,284,41.019901966322834,970.8536010439028,605.3311739697773,943.1,229.5
198,285,41.019901966322834,854.8536010439028,449.3311739697773,943.1,229.5
198,286,41.019901966322834,854.8536010439028,449.3311739697773,943.1,229.5
198,287,41.019901966322834,854.8536010439028,449.3311739697773,943.1,229.5
198,288,41.019901966322834,854.8536010439028,449.3311739697773,943.1,229.5
198,289,41.019901966322834,738.8536010439028,293.3311739697773,943.1,229.5
198,290,41.019901966322834,738.8536010439028,293.3311739697773,943.1,229.5
198,291,41.019901966322834,738.8536010439028,293.3311739697773,943.1,229.5
198,292,41.019901966322834,738.8536010439028,293.3311739697773,943.1,229.5
198,293,41.019901966322834,738.8536010439028,293.3311739697773,943.1,229.5
198,294,41.019901966322834,738.8536010439028,293.3311739697773,943.1,229.5
198,295,41.019901966322834,738.8536010439028,293.3311739697773,943.1,229.5
198,296,41.019901966322834,738.8536010439028,293.3311739697773,943.1,229.5
198,297,20.150318507379215,939.8536010439028,229.3311739697773,943.1,229.5
198,298,0.8182692533141793,939.8536010439028,229.3311739697773,943.1,229.5
198,299,21.59942228840888,939.8536010439028,229.3311739697773,943.1,229.5
198,300,42.46918614495815,939.8536010439028,229.3311739697773,943.1,229.5
198,301,42.46918614495815,939.8536010439028,229.3311739697773,943.1,229.5
198,302,42.46918614495815,939.8536010439028,229.3311739697773,943.1,229.5
198,303,42.46918614495815,939.8536010439028,229.3311739697773,943.1,229.5
198,304,42.46918614495815,939.8536010439028,229.3311739697773,943.1,229.5
198,305,42.46918614495815,939.8536010439028,229.3311739697773,943.1,229.5
198,306,42.46918614495815,939.8536010439028,229.3311739697773,943.1,229.5
198,307,42.46918614495815,939.8536010439028,229.3311739697773,943.1,229.5
198,308,42.46918614495815,939.8536010439028,229.3311739697773,943.1,229.5
199,309,42.46918614495815,939.8536010439028,229.3311739697773,943.1,229.5
200,310,42.46918614495815,939.8536010439028,229.3311739697773,943.1,229.5
201,311,42.46918614495815,939.8536010439028,229.3311739697773,943.1,229.5
202,312,42.46918614495815,939.8536010439028,229.3311739697773,943.1,229.5
203,313,88.67408294416052,939.8536010439028,229.3311739697773,943.1,229.5
204,314,87.18501264970838,939.8536010439028,229.3311739697773,943.1,229.5
205,315,51.776539995273545,939.8536010439028,229.3311739697773,943.1,229.5
206,315,51.776539995273545,939.8536010439028,229.3311739697773,943.1,229.5
207,315,51.776539995273545,939.8536010439028,229.3311739697773,943.1,229.5
208,315,51.776539995273545,939.8536010439028,229.3311739697773,943.1,229.5
209,315,51.776539995273545,939.8536010439028,229.3311739697773,943.1,229.5
210,316,73.60986431438,939.8536010439028,229.3311739697773,943.1,229.5
211,317,116.43428845622353,944.8536010439028,424.3311739697773,943.1,229.5
212,318,72.90176957924915,944.8536010439028,424.3311739697773,943.1,229.5
213,319,68.77798233891237,944.8536010439028,424.3311739697773,943.1,229.5
214,320,68.77798233891237,944.8536010439028,424.3311739697773,943.1,229.5
215,321,68.77798233891237,944.8536010439028,424.3311739697773,943.1,229.5
216,322,68.77798233891237,944.8536010439028,424.3311739697773,943.1,229.5
217,323,68.77798233891237,944.8536010439028,424.3311739697773,943.1,229.5
218,324,68.77798233891237,948.8536010439028,618.3311739697773,943.1,229.5
219,325,68.77798233891237,948.8536010439028,618.3311739697773,943.1,229.5
220,326,68.77798233891237,948.8536010439028,618.3311739697773,943.1,229.5
221,327,68.77798233891237,948.8536010439028,618.3311739697773,943.1,229.5
222,328,32.80474934290368,948.8536010439028,618.3311739697773,943.1,229.5
223,329,32.80474934290368,948.8536010439028,618.3311739697773,943.1,229.5
224,330,2.8981901900228313,948.8536010439028,618.3311739697773,955.75,226.0
224,331,2.8981901900228313,948.8536010439028,618.3311739697773,968.4,222.5
224,332,2.8981901900228313,938.8536010439028,436.3311739697773,968.4,222.5
224,333,2.8981901900228313,938.8536010439028,436.3311739697773,968.4,222.5
224,334,2.8981901900228313,938.8536010439028,436.3311739697773,968.4,222.5
224,335,2.8981901900228313,938.8536010439028,436.3311739697773,968.4,222.5
224,336,2.8981901900228313,938.8536010439028,436.3311739697773,968.4,222.5
224,337,2.8981901900228313,927.8536010439028,254.3311739697773,968.4,222.5
224,338,2.8981901900228313,927.8536010439028,254.3311739697773,968.4,222.5
224,339,2.8981901900228313,927.8536010439028,254.3311739697773,968.4,222.5
224,340,2.8981901900228313,927.8536010439028,254.3311739697773,968.4,222.5
224,341,2.8981901900228313,927.8536010439028,254.3311739697773,968.4,222.5
224,342,2.8981901900228313,927.8536010439028,254.3311739697773,968.4,222.5
224,343,2.8981901900228313,927.8536010439028,254.3311739697773,968.4,222.5
224,344,2.8981901900228313,927.8536010439028,254.3311739697773,968.4,222.5
224,345,2.8981901900228313,927.8536010439028,254.3311739697773,968.4,222.5
224,346,2.8981901900228313,927.8536010439028,254.3311739697773,968.4,222.5
224,347,2.8981901900228313,927.8536010439028,254.3311739697773,968.4,222.5
224,348,2.8981901900228313,927.8536010439028,254.3311739697773,968.4,222.5
224,349,2.8981901900228313,927.8536010439028,254.3311739697773,968.4,222.5
224,350,2.8981901900228313,927.8536010439028,254.3311739697773,968.4,222.5
225,351,2.8981901900228313,927.8536010439028,254.3311739697773,968.4,222.5
226,352,2.8981901900228313,927.8536010439028,254.3311739697773,968.4,222.5
227,353,2.8981901900228313,927.8536010439028,254.3311739697773,968.4,222.5
228,354,2.8981901900228313,927.8536010439028,254.3311739697773,968.4,222.5
229,355,2.8981901900228313,927.8536010439028,254.3311739697773,968.4,222.5
230,356,2.8981901900228313,927.8536010439028,254.3311739697773,968.4,222.5
231,357,2.8981901900228313,927.8536010439028,254.3311739697773,968.4,222.5
232,358,2.8981901900228313,927.8536010439028,254.3311739697773,968.4,222.5
233,359,2.8981901900228313,927.8536010439028,254.3311739697773,968.4,222.5
234,360,2.8981901900228313,927.8536010439028,254.3311739697773,968.4,222.5
235,361,2.8981901900228313,927.8536010439028,254.3311739697773,968.4,222.5
236,362,2.8981901900228313,927.8536010439028,254.3311739697773,968.4,222.5
237,363,2.8981901900228313,927.8536010439028,254.3311739697773,968.4,222.5
238,364,2.8981901900228313,927.8536010439028,254.3311739697773,968.4,222.5
239,365,2.8981901900228313,637.8536010439028,247.3311739697773,968.4,222.5
240,366,2.8981901900228313,637.8536010439028,247.3311739697773,968.4,222.5
241,367,2.8981901900228313,637.8536010439028,247.3311739697773,968.4,222.5
242,368,2.8981901900228313,637.8536010439028,247.3311739697773,968.4,222.5
243,369,2.8981901900228313,637.8536010439028,247.3311739697773,968.4,222.5
244,370,2.8981901900228313,637.8536010439028,247.3311739697773,968.4,222.5
245,371,2.8981901900228313,637.8536010439028,247.3311739697773,968.4,222.5
246,372,2.8981901900228313,637.8536010439028,247.3311739697773,968.4,222.5
247,373,15.82163448431433,782.8536010439028,392.3311739697773,964.0428571428571,271.5285714285714
248,374,27.314079354212023,782.8536010439028,392.3311739697773,959.6857142857143,320.5571428571429
248,375,27.314079354212023,782.8536010439028,392.3311739697773,955.3285714285714,369.5857142857143
248,376,27.314079354212023,782.8536010439028,392.3311739697773,950.9714285714285,418.61428571428576
248,377,27.314079354212023,782.8536010439028,392.3311739697773,946.6142857142856,467.64285714285717
248,378,27.314079354212023,782.8536010439028,392.3311739697773,942.2571428571429,516.6714285714286
248,379,27.314079354212023,782.8536010439028,392.3311739697773,937.9,565.7
248,380,27.314079354212023,928.8536010439028,538.3311739697773,937.9,565.7
248,381,27.314079354212023,928.8536010439028,538.3311739697773,937.9,565.7
249,382,27.314079354212023,928.8536010439028,538.3311739697773,937.9,565.7
250,383,27.314079354212023,928.8536010439028,538.3311739697773,937.9,565.7
251,384,27.314079354212023,928.8536010439028,538.3311739697773,937.9,565.7
252,385,27.314079354212023,928.8536010439028,538.3311739697773,937.9,565.7
253,386,27.314079354212023,928.8536010439028,538.3311739697773,937.9,565.7
254,387,27.314079354212023,928.8536010439028,538.3311739697773,937.9,565.7
255,388,27.314079354212023,928.8536010439028,538.3311739697773,937.9,565.7
256,389,27.314079354212023,928.8536010439028,538.3311739697773,937.9,565.7
257,390,27.314079354212023,928.8536010439028,538.3311739697773,937.9,565.7
258,391,27.314079354212023,928.8536010439028,538.3311739697773,937.9,565.7
259,392,27.314079354212023,780.8536010439028,400.3311739697773,937.9,565.7
260,393,27.314079354212023,780.8536010439028,400.3311739697773,937.9,565.7
261,394,27.314079354212023,780.8536010439028,400.3311739697773,937.9,565.7
262,395,27.314079354212023,780.8536010439028,400.3311739697773,937.9,565.7
263,396,27.314079354212023,780.8536010439028,400.3311739697773,937.9,565.7
264,397,27.314079354212023,632.8536010439028,262.3311739697773,937.9,565.7
265,398,27.314079354212023,632.8536010439028,262.3311739697773,937.9,565.7
266,399,27.314079354212023,632.8536010439028,262.3311739697773,937.9,565.7
267,400,27.314079354212023,632.8536010439028,262.3311739697773,937.9,565.7
268,401,27.314079354212023,632.8536010439028,262.3311739697773,937.9,565.7
269,402,27.314079354212023,632.8536010439028,262.3311739697773,937.9,565.7
270,403,27.314079354212023,632.8536010439028,262.3311739697773,937.9,565.7
271,404,27.314079354212023,632.8536010439028,262.3311739697773,937.9,565.7
272,405,27.314079354212023,632.8536010439028,262.3311739697773,937.9,565.7
273,406,27.314079354212023,632.8536010439028,262.3311739697773,937.9,565.7
274,407,27.314079354212023,632.8536010439028,262.3311739697773,937.9,565.7
275,408,27.314079354212023,632.8536010439028,262.3311739697773,937.9,565.7
276,409,27.314079354212023,632.8536010439028,262.3311739697773,937.9,565.7
277,410,27.314079354212023,632.8536010439028,262.3311739697773,937.9,565.7
278,411,27.314079354212023,632.8536010439028,262.3311739697773,937.9,565.7
279,412,27.314079354212023,632.8536010439028,262.3311739697773,937.9,565.7
280,413,27.314079354212023,632.8536010439028,262.3311739697773,937.9,565.7
281,414,27.314079354212023,632.8536010439028,262.3311739697773,937.9,565.7
282,415,27.314079354212023,632.8536010439028,262.3311739697773,937.9,565.7
283,416,67.64007998118618,801.8536010439028,425.3311739697773,937.9,565.7
284,417,90.53008196773924,801.8536010439028,425.3311739697773,937.9,565.7
285,418,46.95516842929604,801.8536010439028,425.3311739697773,937.9,565.7
286,419,32.54920834321007,801.8536010439028,425.3311739697773,937.9,565.7
287,420,68.99047112264127,801.8536010439028,425.3311739697773,937.9,565.7
288,421,93.15743596153303,971.8536010439028,588.3311739697773,905.4666666666667,505.58333333333337
288,422,51.54192247077581,971.8536010439028,588.3311739697773,873.0333333333333,445.4666666666667
288,423,51.54192247077581,971.8536010439028,588.3311739697773,840.5999999999999,385.35
288,424,51.54192247077581,971.8536010439028,588.3311739697773,808.1666666666666,325.23333333333335
288,425,51.54192247077581,971.8536010439028,588.3311739697773,775.7333333333333,265.1166666666667
288,426,51.54192247077581,971.8536010439028,588.3311739697773,743.3,205.0
288,427,51.54192247077581,971.8536010439028,588.3311739697773,743.3,205.0
288,428,51.54192247077581,971.8536010439028,588.3311739697773,743.3,205.0
289,429,51.54192247077581,971.8536010439028,588.3311739697773,743.3,205.0
290,430,51.54192247077581,971.8536010439028,588.3311739697773,743.3,205.0
291,431,51.54192247077581,971.8536010439028,588.3311739697773,743.3,205.0
292,432,51.54192247077581,971.8536010439028,588.3311739697773,743.3,205.0
293,433,51.54192247077581,971.8536010439028,588.3311739697773,743.3,205.0
294,434,51.54192247077581,971.8536010439028,588.3311739697773,743.3,205.0
295,435,51.54192247077581,971.8536010439028,588.3311739697773,743.3,205.0
296,436,51.54192247077581,971.8536010439028,588.3311739697773,743.3,205.0
297,437,51.54192247077581,971.8536010439028,588.3311739697773,743.3,205.0
298,438,51.54192247077581,971.8536010439028,588.3311739697773,743.3,205.0
299,439,51.54192247077581,971.8536010439028,588.3311739697773,743.3,205.0
300,440,51.54192247077581,971.8536010439028,588.3311739697773,743.3,205.0
301,441,51.54192247077581,971.8536010439028,588.3311739697773,743.3,205.0
302,442,51.54192247077581,971.8536010439028,588.3311739697773,743.3,205.0
303,443,51.54192247077581,971.8536010439028,588.3311739697773,743.3,205.0
304,444,51.54192247077581,971.8536010439028,588.3311739697773,743.3,205.0
305,445,51.54192247077581,971.8536010439028,588.3311739697773,743.3,205.0
306,446,51.54192247077581,971.8536010439028,588.3311739697773,743.3,205.0
307,447,51.54192247077581,971.8536010439028,588.3311739697773,743.3,205.0
308,448,51.54192247077581,971.8536010439028,588.3311739697773,743.3,205.0
309,449,51.54192247077581,964.8536010439028,620.3311739697773,771.5833333333333,204.43333333333334
310,450,51.54192247077581,964.8536010439028,620.3311739697773,799.8666666666667,203.86666666666667
311,451,51.54192247077581,964.8536010439028,620.3311739697773,828.15,203.3
312,452,51.54192247077581,964.8536010439028,620.3311739697773,856.4333333333333,202.73333333333332
313,453,51.54192247077581,964.8536010439028,620.3311739697773,884.7166666666667,202.16666666666666
314,454,51.54192247077581,964.8536010439028,620.3311739697773,913.0,201.6
315,455,51.54192247077581,964.8536010439028,620.3311739697773,913.0,201.6
316,456,51.54192247077581,958.8536010439028,651.3311739697773,913.0,201.6
317,457,51.54192247077581,958.8536010439028,651.3311739697773,913.0,201.6
318,458,51.54192247077581,958.8536010439028,651.3311739697773,913.0,201.6
319,459,51.54192247077581,958.8536010439028,651.3311739697773,913.0,201.6
320,460,51.54192247077581,958.8536010439028,651.3311739697773,913.0,201.6
321,461,51.54192247077581,958.8536010439028,651.3311739697773,913.0,201.6
322,462,51.54192247077581,958.8536010439028,651.3311739697773,913.0,201.6
323,463,51.54192247077581,958.8536010439028,651.3311739697773,913.0,201.6
324,464,75.6702573327005,924.8536010439028,456.3311739697773,913.0,201.6
325,465,18.58593777056075,924.8536010439028,456.3311739697773,913.0,201.6
326,465,18.58593777056075,924.8536010439028,456.3311739697773,913.0,201.6
327,466,65.54964351748723,924.8536010439028,456.3311739697773,913.0,201.6
328,467,76.30235145841372,924.8536010439028,456.3311739697773,913.0,201.6
328,468,46.4346107563889,924.8536010439028,456.3311739697773,913.0,201.6
328,469,88.44301418741813,924.8536010439028,456.3311739697773,913.0,201.6
328,470,88.44301418741813,924.8536010439028,456.3311739697773,913.0,201.6
328,471,88.44301418741813,924.8536010439028,456.3311739697773,913.0,201.6
328,472,88.44301418741813,890.8536010439028,262.3311739697773,913.0,201.6
328,473,88.44301418741813,890.8536010439028,262.3311739697773,913.0,201.6
328,474,88.44301418741813,890.8536010439028,262.3311739697773,913.0,201.6
328,475,88.44301418741813,890.8536010439028,262.3311739697773,913.0,201.6
328,476,88.44301418741813,890.8536010439028,262.3311739697773,913.0,201.6
328,477,88.44301418741813,890.8536010439028,262.3311739697773,913.0,201.6
328,478,88.44301418741813,890.8536010439028,262.3311739697773,913.0,201.6
328,479,88.44301418741813,890.8536010439028,262.3311739697773,913.0,201.6
328,480,88.44301418741813,890.8536010439028,262.3311739697773,913.0,201.6
328,481,88.44301418741813,890.8536010439028,262.3311739697773,913.0,201.6
328,482,88.44301418741813,890.8536010439028,262.3311739697773,913.0,201.6
328,483,88.44301418741813,653.8536010439028,258.3311739697773,913.0,201.6
328,484,88.44301418741813,653.8536010439028,258.3311739697773,913.0,201.6
328,485,88.44301418741813,653.8536010439028,258.3311739697773,913.0,201.6
328,486,88.44301418741813,653.8536010439028,258.3311739697773,913.0,201.6
329,487,88.44301418741813,653.8536010439028,258.3311739697773,913.0,201.6
330,488,88.44301418741813,653.8536010439028,258.3311739697773,913.0,201.6
331,489,88.44301418741813,653.8536010439028,258.3311739697773,913.0,201.6
332,490,88.44301418741813,653.8536010439028,258.3311739697773,913.0,201.6
333,491,88.44301418741813,653.8536010439028,258.3311739697773,913.0,201.6
334,492,94.73152297709761,653.8536010439028,258.3311739697773,913.0,201.6
335,493,108.28892946038401,653.8536010439028,258.3311739697773,913.0,201.6
336,494,114.69662813012518,653.8536010439028,258.3311739697773,913.0,201.6
336,495,87.55790193594613,653.8536010439028,258.3311739697773,913.0,201.6
336,496,61.46537228017409,653.8536010439028,258.3311739697773,913.0,201.6
336,497,38.602252508981294,653.8536010439028,258.3311739697773,913.0,201.6
336,498,38.602252508981294,653.8536010439028,258.3311739697773,913.0,201.6
336,499,38.602252508981294,653.8536010439028,258.3311739697773,912.8285714285714,252.97142857142856
336,500,38.602252508981294,653.8536010439028,258.3311739697773,912.6571428571428,304.34285714285716
336,501,38.602252508981294,653.8536010439028,258.3311739697773,912.4857142857143,355.7142857142857
336,502,38.602252508981294,653.8536010439028,258.3311739697773,912.3142857142857,407.0857142857143
336,503,38.602252508981294,653.8536010439028,258.3311739697773,912.1428571428571,458.4571428571429
336,504,38.602252508981294,678.8536010439028,430.3311739697773,911.9714285714285,509.8285714285714
336,505,38.602252508981294,678.8536010439028,430.3311739697773,911.8,561.2
336,506,38.602252508981294,678.8536010439028,430.3311739697773,911.8,561.2
336,507,38.602252508981294,678.8536010439028,430.3311739697773,911.8,561.2
336,508,38.602252508981294,703.8536010439028,603.3311739697773,911.8,561.2
336,509,38.602252508981294,703.8536010439028,603.3311739697773,911.8,561.2
336,510,38.602252508981294,703.8536010439028,603.3311739697773,911.8,561.2
336,511,38.602252508981294,703.8536010439028,603.3311739697773,911.8,561.2
336,512,38.602252508981294,703.8536010439028,603.3311739697773,911.8,561.2
336,513,38.602252508981294,703.8536010439028,603.3311739697773,911.8,561.2
336,514,38.602252508981294,703.8536010439028,603.3311739697773,911.8,561.2
336,515,38.602252508981294,703.8536010439028,603.3311739697773,911.8,561.2
336,516,38.602252508981294,703.8536010439028,603.3311739697773,911.8,561.2
336,517,38.602252508981294,703.8536010439028,603.3311739697773,911.8,561.2
336,518,38.602252508981294,703.8536010439028,603.3311739697773,911.8,561.2
336,519,38.602252508981294,703.8536010439028,603.3311739697773,911.8,561.2
336,520,38.602252508981294,703.8536010439028,603.3311739697773,911.8,561.2
336,521,38.602252508981294,703.8536010439028,603.3311739697773,911.8,561.2
337,522,38.602252508981294,703.8536010439028,603.3311739697773,911.8,561.2
338,523,38.602252508981294,703.8536010439028,603.3311739697773,911.8,561.2
339,524,38.602252508981294,900.8536010439028,610.3311739697773,912.3499999999999,507.6833333333334
340,525,38.602252508981294,900.8536010439028,610.3311739697773,912.9,454.1666666666667
341,526,38.602252508981294,900.8536010439028,610.3311739697773,913.45,400.65000000000003
342,527,38.602252508981294,900.8536010439028,610.3311739697773,914.0,347.1333333333333
343,528,38.602252508981294,900.8536010439028,610.3311739697773,914.55,293.6166666666667
344,529,38.602252508981294,900.8536010439028,610.3311739697773,915.1,240.1
345,530,38.602252508981294,900.8536010439028,610.3311739697773,915.1,240.1
346,531,38.602252508981294,900.8536010439028,610.3311739697773,915.1,240.1
347,532,38.602252508981294,911.8536010439028,206.3311739697773,915.1,240.1
348,533,38.602252508981294,911.8536010439028,206.3311739697773,915.1,240.1
349,534,38.602252508981294,911.8536010439028,206.3311739697773,915.1,240.1
350,535,38.602252508981294,911.8536010439028,206.3311739697773,915.1,240.1
351,536,38.602252508981294,911.8536010439028,206.3311739697773,915.1,240.1
352,537,38.602252508981294,911.8536010439028,206.3311739697773,915.1,240.1
353,538,38.602252508981294,911.8536010439028,206.3311739697773,915.1,240.1
354,539,38.602252508981294,911.8536010439028,206.3311739697773,915.1,240.1
355,540,38.602252508981294,911.8536010439028,206.3311739697773,915.1,240.1
356,541,38.602252508981294,911.8536010439028,206.3311739697773,915.1,240.1
357,542,38.602252508981294,911.8536010439028,206.3311739697773,915.1,240.1
358,543,35.90562439702772,911.8536010439028,206.3311739697773,915.1,240.1
359,544,79.78972333805085,911.8536010439028,206.3311739697773,915.1,240.1
360,545,75.86802651352897,911.8536010439028,206.3311739697773,915.1,240.1
361,546,36.826796247228714,911.8536010439028,206.3311739697773,915.1,240.1
362,546,36.826796247228714,911.8536010439028,206.3311739697773,915.1,240.1
363,546,36.826796247228714,911.8536010439028,206.3311739697773,915.1,240.1
364,546,36.826796247228714,911.8536010439028,206.3311739697773,915.1,240.1
365,547,47.27128641216827,911.8536010439028,206.3311739697773,915.1,240.1
366,548,91.60263226969278,911.8536010439028,206.3311739697773,915.1,240.1
367,549,68.09508344576481,913.8536010439028,396.3311739697773,915.1,240.1
367,550,68.09508344576481,913.8536010439028,396.3311739697773,915.1,240.1
367,551,68.09508344576481,913.8536010439028,396.3311739697773,915.1,240.1
367,552,68.09508344576481,913.8536010439028,396.3311739697773,915.1,240.1
367,553,68.09508344576481,916.8536010439028,587.3311739697773,915.1,240.1
367,554,68.09508344576481,916.8536010439028,587.3311739697773,915.1,240.1
367,555,68.09508344576481,916.8536010439028,587.3311739697773,915.1,240.1
367,556,68.09508344576481,916.8536010439028,587.3311739697773,879.6714285714286,237.6142857142857
367,557,68.09508344576481,916.8536010439028,587.3311739697773,844.2428571428571,235.12857142857143
367,558,68.09508344576481,916.8536010439028,587.3311739697773,808.8142857142857,232.64285714285714
367,559,68.09508344576481,916.8536010439028,587.3311739697773,773.3857142857144,230.15714285714284
367,560,68.09508344576481,916.8536010439028,587.3311739697773,737.9571428571428,227.67142857142855
368,561,68.09508344576481,916.8536010439028,587.3311739697773,702.5285714285715,225.18571428571428
369,562,68.09508344576481,916.8536010439028,587.3311739697773,667.1,222.7
370,563,68.09508344576481,916.8536010439028,587.3311739697773,667.1,222.7
371,564,68.09508344576481,921.8536010439028,402.3311739697773,667.1,222.7
372,565,68.09508344576481,921.8536010439028,402.3311739697773,667.1,222.7
373,566,68.09508344576481,921.8536010439028,402.3311739697773,667.1,222.7
374,567,68.09508344576481,921.8536010439028,402.3311739697773,667.1,222.7
375,568,76.11551428018258,927.8536010439028,217.3311739697773,667.1,222.7
376,569,31.49117665135536,927.8536010439028,217.3311739697773,667.1,222.7
377,569,31.49117665135536,927.8536010439028,217.3311739697773,667.1,222.7
378,570,43.80056074822888,927.8536010439028,217.3311739697773,667.1,222.7
379,571,92.59566004437758,927.8536010439028,217.3311739697773,667.1,222.7
380,572,41.476930180193925,927.8536010439028,217.3311739697773,667.1,222.7
380,573,19.109700472406818,927.8536010439028,217.3311739697773,667.1,222.7
380,574,19.109700472406818,927.8536010439028,217.3311739697773,667.1,222.7
380,575,19.109700472406818,927.8536010439028,217.3311739697773,667.1,222.7
380,576,19.109700472406818,927.8536010439028,217.3311739697773,667.1,222.7
380,577,19.109700472406818,927.8536010439028,217.3311739697773,667.1,222.7
380,578,19.109700472406818,927.8536010439028,217.3311739697773,667.1,222.7
381,579,19.109700472406818,927.8536010439028,217.3311739697773,667.1,222.7
382,580,19.109700472406818,927.8536010439028,217.3311739697773,667.1,222.7
383,581,19.109700472406818,927.8536010439028,217.3311739697773,667.1,222.7
384,582,19.109700472406818,927.8536010439028,217.3311739697773,667.1,222.7
385,583,19.109700472406818,927.8536010439028,217.3311739697773,696.7625,264.3
386,584,19.109700472406818,927.8536010439028,217.3311739697773,726.425,305.9
387,585,19.109700472406818,927.8536010439028,217.3311739697773,756.0875,347.5
388,586,19.109700472406818,927.8536010439028,217.3311739697773,785.75,389.1
389,587,19.109700472406818,900.8536010439028,392.3311739697773,815.4125,430.7
390,588,19.109700472406818,900.8536010439028,392.3311739697773,845.075,472.3
391,589,19.109700472406818,900.8536010439028,392.3311739697773,874.7375,513.9
392,590,19.109700472406818,900.8536010439028,392.3311739697773,904.4,555.5
393,591,19.109700472406818,873.8536010439028,567.3311739697773,904.4,555.5
394,592,19.109700472406818,873.8536010439028,567.3311739697773,904.4,555.5
395,593,19.109700472406818,873.8536010439028,567.3311739697773,904.4,555.5
396,594,19.109700472406818,873.8536010439028,567.3311739697773,904.4,555.5
397,595,19.109700472406818,873.8536010439028,567.3311739697773,904.4,555.5
398,596,19.109700472406818,873.8536010439028,567.3311739697773,904.4,555.5
399,597,19.109700472406818,873.8536010439028,567.3311739697773,904.4,555.5
400,598,19.109700472406818,873.8536010439028,567.3311739697773,904.4,555.5
401,599,19.109700472406818,873.8536010439028,567.3311739697773,904.4,555.5
402,600,19.109700472406818,873.8536010439028,567.3311739697773,904.4,555.5
403,601,19.109700472406818,873.8536010439028,567.3311739697773,904.4,555.5
404,602,19.109700472406818,873.8536010439028,567.3311739697773,904.4,555.5
405,603,50.99976565744049,873.8536010439028,567.3311739697773,904.4,555.5
406,604,85.7875074823938,873.8536010439028,567.3311739697773,904.4,555.5
407,605,120.99893256111348,873.8536010439028,567.3311739697773,904.4,555.5
408,606,136.61588877011695,873.8536010439028,567.3311739697773,904.4,555.5
408,607,102.01580599438002,873.8536010439028,567.3311739697773,909.4,538.55
408,608,68.36134272288855,873.8536010439028,567.3311739697773,914.4,521.6
408,609,38.23671773346451,690.8536010439028,644.3311739697773,914.4,521.6
408,610,38.23671773346451,690.8536010439028,644.3311739697773,914.4,521.6
408,611,38.23671773346451,690.8536010439028,644.3311739697773,914.4,521.6
408,612,38.23671773346451,690.8536010439028,644.3311739697773,914.4,521.6
408,613,38.23671773346451,690.8536010439028,644.3311739697773,914.4,521.6
408,614,38.23671773346451,690.8536010439028,644.3311739697773,914.4,521.6
408,615,38.23671773346451,690.8536010439028,644.3311739697773,914.4,521.6
408,616,38.23671773346451,690.8536010439028,644.3311739697773,914.4,521.6
408,617,38.23671773346451,690.8536010439028,644.3311739697773,914.4,521.6
408,618,38.23671773346451,690.8536010439028,644.3311739697773,914.4,521.6
408,619,38.23671773346451,690.8536010439028,644.3311739697773,914.4,521.6
408,620,38.23671773346451,690.8536010439028,644.3311739697773,914.4,521.6
408,621,38.23671773346451,690.8536010439028,644.3311739697773,914.4,521.6
408,622,38.23671773346451,690.8536010439028,644.3311739697773,914.4,521.6
408,623,38.23671773346451,690.8536010439028,644.3311739697773,914.4,521.6
408,624,38.23671773346451,690.8536010439028,644.3311739697773,914.4,521.6
409,625,38.23671773346451,690.8536010439028,644.3311739697773,914.4,521.6
410,626,38.23671773346451,690.8536010439028,644.3311739697773,914.4,521.6
411,627,38.23671773346451,690.8536010439028,644.3311739697773,914.4,521.6
412,628,38.23671773346451,690.8536010439028,644.3311739697773,914.4,521.6
413,629,38.23671773346451,690.8536010439028,644.3311739697773,914.4,521.6
414,630,38.23671773346451,690.8536010439028,644.3311739697773,914.4,521.6
415,631,61.30415510439433,690.8536010439028,644.3311739697773,914.4,521.6
416,632,103.22080628228917,690.8536010439028,644.3311739697773,914.4,521.6
417,633,52.2135837172747,792.8536010439028,646.3311739697773,914.4,521.6
418,634,4.339310099064954,792.8536010439028,646.3311739697773,914.4,521.6
419,634,4.339310099064954,792.8536010439028,646.3311739697773,914.4,521.6
420,634,4.339310099064954,792.8536010439028,646.3311739697773,914.4,521.6
421,635,50.32145379627701,792.8536010439028,646.3311739697773,914.4,521.6
422,636,101.32381568370708,792.8536010439028,646.3311739697773,914.4,521.6
423,637,59.375370767140716,894.8536010439028,648.3311739697773,914.4,521.6
423,638,29.878875334764835,894.8536010439028,648.3311739697773,914.4,521.6
423,639,29.878875334764835,894.8536010439028,648.3311739697773,914.4,521.6
423,640,29.878875334764835,894.8536010439028,648.3311739697773,914.4,521.6
423,641,29.878875334764835,894.8536010439028,648.3311739697773,914.4,521.6
423,642,29.878875334764835,894.8536010439028,648.3311739697773,914.4,521.6
423,643,29.878875334764835,894.8536010439028,648.3311739697773,914.4,521.6
423,644,29.878875334764835,894.8536010439028,648.3311739697773,914.4,521.6
423,645,29.878875334764835,894.8536010439028,648.3311739697773,914.4,521.6
423,646,29.878875334764835,894.8536010439028,648.3311739697773,914.4,521.6
423,647,29.878875334764835,894.8536010439028,648.3311739697773,914.4,521.6
423,648,29.878875334764835,894.8536010439028,648.3311739697773,914.4,521.6
423,649,29.878875334764835,894.8536010439028,648.3311739697773,914.4,521.6
423,650,29.878875334764835,894.8536010439028,648.3311739697773,914.4,521.6
423,651,29.878875334764835,894.8536010439028,648.3311739697773,914.4,521.6
423,652,29.878875334764835,894.8536010439028,648.3311739697773,914.4,521.6
423,653,29.878875334764835,894.8536010439028,648.3311739697773,914.4,521.6
423,654,29.878875334764835,894.8536010439028,648.3311739697773,914.4,521.6
423,655,19.454831749641027,894.8536010439028,648.3311739697773,914.4,521.6
423,656,22.109698449849144,894.8536010439028,648.3311739697773,928.1,531.5333333333333
423,657,22.109698449849144,894.8536010439028,648.3311739697773,941.8,541.4666666666667
423,658,22.109698449849144,894.8536010439028,648.3311739697773,955.5,551.4
423,659,22.109698449849144,894.8536010439028,648.3311739697773,955.5,551.4
423,660,22.109698449849144,894.8536010439028,648.3311739697773,955.5,551.4
423,661,22.109698449849144,894.8536010439028,648.3311739697773,955.5,551.4
423,662,22.109698449849144,894.8536010439028,648.3311739697773,955.5,551.4
423,663,22.109698449849144,894.8536010439028,648.3311739697773,955.5,551.4
423,664,22.109698449849144,894.8536010439028,648.3311739697773,955.5,551.4
423,665,22.109698449849144,894.8536010439028,648.3311739697773,955.5,551.4
423,666,22.109698449849144,952.8536010439028,633.3311739697773,955.5,551.4
424,667,22.109698449849144,952.8536010439028,633.3311739697773,955.5,551.4
425,668,22.109698449849144,952.8536010439028,633.3311739697773,955.5,551.4
426,669,22.109698449849144,952.8536010439028,633.3311739697773,955.5,551.4
427,670,22.109698449849144,952.8536010439028,633.3311739697773,955.5,551.4
428,671,22.109698449849144,952.8536010439028,633.3311739697773,955.5,551.4
429,672,22.109698449849144,952.8536010439028,633.3311739697773,955.5,551.4
430,673,22.109698449849144,952.8536010439028,633.3311739697773,955.5,551.4
431,674,22.109698449849144,952.8536010439028,633.3311739697773,955.5,551.4
432,675,22.109698449849144,952.8536010439028,633.3311739697773,955.5,551.4
433,676,22.109698449849144,952.8536010439028,633.3311739697773,955.5,551.4
434,677,22.109698449849144,952.8536010439028,633.3311739697773,955.5,551.4
435,678,180.39060075538717,952.8536010439028,633.3311739697773,955.5,551.4
436,679,180.39060075538717,952.8536010439028,633.3311739697773,955.5,551.4
437,680,180.39060075538717,952.8536010439028,633.3311739697773,955.5,551.4
438,681,180.39060075538717,952.8536010439028,633.3311739697773,955.5,551.4
439,682,180.39060075538717,952.8536010439028,633.3311739697773,955.5,551.4
440,683,382.73842100870365,952.8536010439028,633.3311739697773,955.5,551.4
441,684,382.73842100870365,952.8536010439028,633.3311739697773,955.5,551.4
442,685,382.73842100870365,952.8536010439028,633.3311739697773,955.5,551.4
443,686,382.73842100870365,952.8536010439028,633.3311739697773,955.5,551.4
444,687,382.73842100870365,952.8536010439028,633.3311739697773,955.5,551.4
445,688,382.73842100870365,952.8536010439028,633.3311739697773,955.5,551.4
446,689,382.73842100870365,952.8536010439028,633.3311739697773,955.5,551.4
447,690,382.73842100870365,952.8536010439028,633.3311739697773,948.8333333333334,572.4333333333333
448,691,382.73842100870365,952.8536010439028,633.3311739697773,942.1666666666666,593.4666666666667
449,692,382.73842100870365,952.8536010439028,633.3311739697773,935.5,614.5
450,693,382.73842100870365,944.8536010439028,455.3311739697773,935.5,614.5
451,694,382.73842100870365,944.8536010439028,455.3311739697773,935.5,614.5
452,695,382.73842100870365,944.8536010439028,455.3311739697773,935.5,614.5
453,696,382.73842100870365,944.8536010439028,455.3311739697773,935.5,614.5
454,697,382.73842100870365,944.8536010439028,455.3311739697773,935.5,614.5
455,698,382.73842100870365,944.8536010439028,455.3311739697773,935.5,614.5
456,699,382.73842100870365,944.8536010439028,455.3311739697773,935.5,614.5
457,700,382.73842100870365,937.8536010439028,278.3311739697773,935.5,614.5
458,701,382.73842100870365,937.8536010439028,278.3311739697773,935.5,614.5
459,702,148.10259546416557,937.8536010439028,278.3311739697773,935.5,614.5
460,703,148.10259546416557,937.8536010439028,278.3311739697773,935.5,614.5
461,704,148.10259546416557,937.8536010439028,278.3311739697773,935.5,614.5
462,705,148.10259546416557,937.8536010439028,278.3311739697773,935.5,614.5
463,706,164.9759130990467,937.8536010439028,278.3311739697773,935.5,614.5
464,707,55.67316212026568,937.8536010439028,278.3311739697773,935.5,614.5
464,708,40.389997250422006,937.8536010439028,278.3311739697773,935.5,614.5
464,709,40.389997250422006,937.8536010439028,278.3311739697773,935.5,614.5
464,710,40.389997250422006,937.8536010439028,278.3311739697773,935.5,614.5
464,711,40.389997250422006,937.8536010439028,278.3311739697773,935.5,614.5
464,712,40.389997250422006,937.8536010439028,278.3311739697773,935.5,614.5
464,713,40.389997250422006,937.8536010439028,278.3311739697773,935.5,614.5
464,714,40.389997250422006,937.8536010439028,278.3311739697773,935.5,614.5
465,715,40.389997250422006,937.8536010439028,278.3311739697773,935.5,614.5
466,716,40.389997250422006,937.8536010439028,278.3311739697773,935.5,614.5
467,717,40.389997250422006,937.8536010439028,278.3311739697773,935.5,614.5
468,718,40.389997250422006,937.8536010439028,278.3311739697773,931.0125,563.5625
469,719,40.389997250422006,937.8536010439028,278.3311739697773,926.525,512.625
470,720,40.389997250422006,937.8536010439028,278.3311739697773,922.0375,461.6875
471,721,40.389997250422006,937.8536010439028,278.3311739697773,917.55,410.75
472,722,40.389997250422006,937.8536010439028,278.3311739697773,913.0625,359.8125
473,723,40.389997250422006,937.8536010439028,278.3311739697773,908.575,308.875
474,724,40.389997250422006,937.8536010439028,278.3311739697773,904.0875,257.9375
475,725,40.389997250422006,937.8536010439028,278.3311739697773,899.6,207.0
476,726,40.389997250422006,944.8536010439028,219.3311739697773,899.6,207.0
477,727,40.389997250422006,944.8536010439028,219.3311739697773,899.6,207.0
478,728,40.389997250422006,944.8536010439028,219.3311739697773,899.6,207.0
479,729,40.389997250422006,944.8536010439028,219.3311739697773,899.6,207.0
480,730,40.389997250422006,944.8536010439028,219.3311739697773,899.6,207.0
481,731,40.389997250422006,944.8536010439028,219.3311739697773,899.6,207.0
482,732,40.389997250422006,944.8536010439028,219.3311739697773,899.6,207.0
483,733,40.389997250422006,944.8536010439028,219.3311739697773,899.6,207.0
484,734,40.389997250422006,944.8536010439028,219.3311739697773,899.6,207.0
485,735,40.389997250422006,944.8536010439028,219.3311739697773,899.6,207.0
486,736,40.389997250422006,944.8536010439028,219.3311739697773,899.6,207.0
487,737,40.389997250422006,944.8536010439028,219.3311739697773,899.6,207.0
488,738,40.389997250422006,944.8536010439028,219.3311739697773,899.6,207.0
489,739,40.389997250422006,944.8536010439028,219.3311739697773,899.6,207.0
490,740,27.97631252270493,944.8536010439028,219.3311739697773,886.5,214.83333333333334
491,741,30.12785020472141,944.8536010439028,219.3311739697773,873.4,222.66666666666666
492,742,29.927186371431922,781.8536010439028,401.3311739697773,860.3,230.5
492,743,29.927186371431922,781.8536010439028,401.3311739697773,860.3,230.5
492,744,29.927186371431922,781.8536010439028,401.3311739697773,860.3,230.5
492,745,29.927186371431922,781.8536010439028,401.3311739697773,860.3,230.5
492,746,29.927186371431922,619.8536010439028,584.3311739697773,860.3,230.5
492,747,29.927186371431922,619.8536010439028,584.3311739697773,860.3,230.5
492,748,29.927186371431922,619.8536010439028,584.3311739697773,860.3,230.5
492,749,29.927186371431922,619.8536010439028,584.3311739697773,860.3,230.5
492,750,29.927186371431922,619.8536010439028,584.3311739697773,860.3,230.5
492,751,29.927186371431922,619.8536010439028,584.3311739697773,860.3,230.5
492,752,29.927186371431922,619.8536010439028,584.3311739697773,860.3,230.5
492,753,29.927186371431922,619.8536010439028,584.3311739697773,860.3,230.5
492,754,29.927186371431922,619.8536010439028,584.3311739697773,860.3,230.5
493,755,29.927186371431922,619.8536010439028,584.3311739697773,860.3,230.5
494,756,29.927186371431922,619.8536010439028,584.3311739697773,860.3,230.5
495,757,29.927186371431922,619.8536010439028,584.3311739697773,860.3,230.5
496,758,29.927186371431922,619.8536010439028,584.3311739697773,860.3,230.5
497,759,29.927186371431922,619.8536010439028,584.3311739697773,860.3,230.5
498,760,29.927186371431922,619.8536010439028,584.3311739697773,860.3,230.5
499,761,43.61107723629146,619.8536010439028,584.3311739697773,860.3,230.5
500,762,43.61107723629146,659.8536010439028,628.3311739697773,860.3,230.5
501,763,43.61107723629146,659.8536010439028,628.3311739697773,860.3,230.5
502,764,43.61107723629146,659.8536010439028,628.3311739697773,860.3,230.5
503,765,43.61107723629146,659.8536010439028,628.3311739697773,860.3,230.5
504,766,43.61107723629146,659.8536010439028,628.3311739697773,860.3,230.5
505,767,43.61107723629146,659.8536010439028,628.3311739697773,860.3,230.5
506,768,92.07859163643776,659.8536010439028,628.3311739697773,860.3,230.5
507,769,56.318633005351096,659.8536010439028,628.3311739697773,860.3,230.5
508,770,6.051500114146219,659.8536010439028,628.3311739697773,860.3,230.5
509,770,6.051500114146219,659.8536010439028,628.3311739697773,860.3,230.5
510,770,6.051500114146219,659.8536010439028,628.3311739697773,860.3,230.5
511,770,6.051500114146219,659.8536010439028,628.3311739697773,860.3,230.5
512,770,6.051500114146219,659.8536010439028,628.3311739697773,860.3,230.5
513,770,6.051500114146219,659.8536010439028,628.3311739697773,860.3,230.5
514,771,46.162604006615595,659.8536010439028,628.3311739697773,860.3,230.5
515,772,97.23623032960344,920.8536010439028,230.3311739697773,860.3,230.5
516,773,49.803370593693764,920.8536010439028,230.3311739697773,860.3,230.5
516,774,13.944190637426331,920.8536010439028,230.3311739697773,861.2428571428571,280.9
516,775,56.0181962184876,920.8536010439028,230.3311739697773,862.1857142857142,331.29999999999995
516,776,56.0181962184876,920.8536010439028,230.3311739697773,863.1285714285714,381.7
516,777,56.0181962184876,920.8536010439028,230.3311739697773,864.0714285714286,432.09999999999997
516,778,56.0181962184876,920.8536010439028,230.3311739697773,865.0142857142857,482.49999999999994
516,779,56.0181962184876,920.8536010439028,230.3311739697773,865.9571428571428,532.9
516,780,56.0181962184876,920.8536010439028,230.3311739697773,866.9,583.3
516,781,56.0181962184876,920.8536010439028,230.3311739697773,866.9,583.3
516,782,56.0181962184876,920.8536010439028,230.3311739697773,866.9,583.3
516,783,56.0181962184876,920.8536010439028,230.3311739697773,866.9,583.3
516,784,56.0181962184876,920.8536010439028,230.3311739697773,866.9,583.3
516,785,56.0181962184876,920.8536010439028,230.3311739697773,866.9,583.3
516,786,56.0181962184876,920.8536010439028,230.3311739697773,866.9,583.3
516,787,56.0181962184876,920.8536010439028,230.3311739697773,866.9,583.3
516,788,56.0181962184876,920.8536010439028,230.3311739697773,866.9,583.3
516,789,56.0181962184876,920.8536010439028,230.3311739697773,866.9,583.3
516,790,47.69694651835166,920.8536010439028,230.3311739697773,866.9,583.3
516,791,43.334758900889746,920.8536010439028,230.3311739697773,866.9,583.3
516,792,44.12194661440279,920.8536010439028,230.3311739697773,866.9,583.3
516,793,44.12194661440279,920.8536010439028,230.3311739697773,866.9,583.3
516,794,44.12194661440279,920.8536010439028,230.3311739697773,866.9,583.3
516,795,44.12194661440279,920.8536010439028,230.3311739697773,866.9,583.3
516,796,44.12194661440279,920.8536010439028,230.3311739697773,866.9,583.3
516,797,44.12194661440279,920.8536010439028,230.3311739697773,866.9,583.3
516,798,44.12194661440279,920.8536010439028,230.3311739697773,866.9,583.3
517,799,44.12194661440279,920.8536010439028,230.3311739697773,866.9,583.3
518,800,44.12194661440279,920.8536010439028,230.3311739697773,866.9,583.3
519,801,44.12194661440279,920.8536010439028,230.3311739697773,866.9,583.3
520,802,44.12194661440279,920.8536010439028,230.3311739697773,866.9,583.3
521,803,44.12194661440279,920.8536010439028,230.3311739697773,866.9,583.3
522,804,44.12194661440279,920.8536010439028,230.3311739697773,866.9,583.3
523,805,44.12194661440279,920.8536010439028,230.3311739697773,866.9,583.3
524,806,44.12194661440279,920.8536010439028,230.3311739697773,866.9,583.3
525,807,44.12194661440279,920.8536010439028,230.3311739697773,866.9,583.3
526,808,44.12194661440279,920.8536010439028,230.3311739697773,866.9,583.3
527,809,208.31392148984196,920.8536010439028,230.3311739697773,866.9,583.3
528,810,208.31392148984196,920.8536010439028,230.3311739697773,866.9,583.3
529,811,208.31392148984196,920.8536010439028,230.3311739697773,866.9,583.3
530,812,208.31392148984196,920.8536010439028,230.3311739697773,866.9,583.3
531,813,208.31392148984196,920.8536010439028,230.3311739697773,866.9,583.3
532,814,208.31392148984196,920.8536010439028,230.3311739697773,866.9,583.3
533,815,208.31392148984196,920.8536010439028,230.3311739697773,866.9,583.3
534,816,208.31392148984196,920.8536010439028,230.3311739697773,866.9,583.3
535,817,208.31392148984196,920.8536010439028,230.3311739697773,866.9,583.3
536,818,208.31392148984196,920.8536010439028,230.3311739697773,866.9,583.3
537,819,208.31392148984196,920.8536010439028,230.3311739697773,866.9,583.3
538,820,208.31392148984196,920.8536010439028,230.3311739697773,866.9,583.3
539,821,208.31392148984196,920.8536010439028,230.3311739697773,866.9,583.3
540,822,208.31392148984196,920.8536010439028,230.3311739697773,866.9,583.3
541,823,208.31392148984196,920.8536010439028,230.3311739697773,876.1,541.5666666666666
542,824,208.31392148984196,920.8536010439028,230.3311739697773,885.3,499.8333333333333
543,825,208.31392148984196,949.8536010439028,206.3311739697773,894.5,458.09999999999997
544,826,208.31392148984196,949.8536010439028,206.3311739697773,903.7,416.3666666666667
545,827,208.31392148984196,949.8536010439028,206.3311739697773,912.9,374.6333333333333
546,828,208.31392148984196,949.8536010439028,206.3311739697773,922.1,332.9
547,829,208.61365116803867,949.8536010439028,206.3311739697773,922.1,332.9
548,830,208.3694727246308,949.8536010439028,206.3311739697773,922.1,332.9
549,831,190.58398618968286,949.8536010439028,206.3311739697773,922.1,332.9
550,832,185.22627345908967,949.8536010439028,206.3311739697773,922.1,332.9
551,833,193.33232250794842,949.8536010439028,206.3311739697773,922.1,332.9
552,834,176.74305795464184,949.8536010439028,206.3311739697773,922.1,332.9
553,835,164.27226224520768,949.8536010439028,206.3311739697773,922.1,332.9
554,836,164.27226224520768,949.8536010439028,206.3311739697773,922.1,332.9
555,837,164.27226224520768,949.8536010439028,206.3311739697773,922.1,332.9
556,838,164.27226224520768,949.8536010439028,206.3311739697773,922.1,332.9
557,839,164.27226224520768,949.8536010439028,206.3311739697773,922.1,332.9
558,840,164.27226224520768,949.8536010439028,206.3311739697773,922.1,332.9
559,841,164.27226224520768,949.8536010439028,206.3311739697773,922.1,332.9
560,842,164.27226224520768,949.8536010439028,206.3311739697773,922.1,332.9
561,843,164.27226224520768,949.8536010439028,206.3311739697773,922.1,332.9
562,844,164.27226224520768,949.8536010439028,206.3311739697773,922.1,332.9
563,845,164.27226224520768,949.8536010439028,206.3311739697773,922.1,332.9
564,846,164.27226224520768,949.8536010439028,206.3311739697773,922.1,332.9
565,847,164.27226224520768,949.8536010439028,206.3311739697773,922.1,332.9
566,848,164.27226224520768,949.8536010439028,206.3311739697773,922.1,332.9
567,849,164.27226224520768,940.8536010439028,421.3311739697773,922.1,332.9
568,850,43.39967039083233,940.8536010439028,421.3311739697773,922.1,332.9
568,851,43.39967039083233,940.8536010439028,421.3311739697773,922.1,332.9
568,852,43.39967039083233,940.8536010439028,421.3311739697773,922.1,332.9
568,853,43.39967039083233,931.8536010439028,636.3311739697773,922.1,332.9
568,854,43.39967039083233,931.8536010439028,636.3311739697773,922.1,332.9
568,855,43.39967039083233,931.8536010439028,636.3311739697773,922.1,332.9
568,856,43.39967039083233,931.8536010439028,636.3311739697773,922.1,332.9
568,857,43.39967039083233,931.8536010439028,636.3311739697773,922.1,332.9
568,858,43.39967039083233,931.8536010439028,636.3311739697773,922.1,332.9
568,859,43.39967039083233,931.8536010439028,636.3311739697773,922.1,332.9
568,860,43.39967039083233,931.8536010439028,636.3311739697773,894.5333333333333,365.29999999999995
568,861,43.39967039083233,931.8536010439028,636.3311739697773,866.9666666666667,397.7
568,862,43.39967039083233,931.8536010439028,636.3311739697773,839.4000000000001,430.09999999999997
568,863,43.39967039083233,931.8536010439028,636.3311739697773,811.8333333333334,462.5
568,864,43.39967039083233,931.8536010439028,636.3311739697773,784.2666666666667,494.9
568,865,43.39967039083233,931.8536010439028,636.3311739697773,756.7,527.3
568,866,43.39967039083233,931.8536010439028,636.3311739697773,756.7,527.3
568,867,43.39967039083233,931.8536010439028,636.3311739697773,756.7,527.3
568,868,43.39967039083233,931.8536010439028,636.3311739697773,756.7,527.3
568,869,43.39967039083233,955.8536010439028,380.3311739697773,756.7,527.3
568,870,43.39967039083233,955.8536010439028,380.3311739697773,756.7,527.3
568,871,43.39967039083233,955.8536010439028,380.3311739697773,756.7,527.3
568,872,43.39967039083233,955.8536010439028,380.3311739697773,756.7,527.3
568,873,43.39967039083233,955.8536010439028,380.3311739697773,756.7,527.3
569,874,43.39967039083233,955.8536010439028,380.3311739697773,756.7,527.3
570,875,43.39967039083233,955.8536010439028,380.3311739697773,756.7,527.3
571,876,43.39967039083233,955.8536010439028,380.3311739697773,756.7,527.3
572,877,43.39967039083233,955.8536010439028,380.3311739697773,756.7,527.3
573,878,73.08418590420412,955.8536010439028,380.3311739697773,756.7,527.3
574,879,111.58712869659236,955.8536010439028,380.3311739697773,756.7,527.3
575,880,152.36370491177252,955.8536010439028,380.3311739697773,756.7,527.3
576,881,210.1936949634984,955.8536010439028,380.3311739697773,756.7,527.3
577,882,168.30541226357258,955.8536010439028,380.3311739697773,756.7,527.3
578,883,126.9828981171728,955.8536010439028,380.3311739697773,756.7,527.3
579,884,126.9828981171728,955.8536010439028,380.3311739697773,756.7,527.3
580,885,126.9828981171728,955.8536010439028,380.3311739697773,756.7,527.3
581,886,126.9828981171728,955.8536010439028,380.3311739697773,784.975,532.3249999999999
582,887,126.9828981171728,955.8536010439028,380.3311739697773,813.25,537.3499999999999
583,888,126.9828981171728,955.8536010439028,380.3311739697773,841.525,542.375
584,889,126.9828981171728,955.8536010439028,380.3311739697773,869.8,547.4
585,890,126.9828981171728,955.8536010439028,380.3311739697773,869.8,547.4
586,891,126.9828981171728,955.8536010439028,380.3311739697773,869.8,547.4
587,892,126.9828981171728,955.8536010439028,380.3311739697773,869.8,547.4
588,893,126.9828981171728,955.8536010439028,380.3311739697773,869.8,547.4
589,894,126.9828981171728,955.8536010439028,380.3311739697773,869.8,547.4
590,895,126.9828981171728,955.8536010439028,380.3311739697773,869.8,547.4
591,896,126.9828981171728,955.8536010439028,380.3311739697773,869.8,547.4
592,897,126.9828981171728,955.8536010439028,380.3311739697773,869.8,547.4
593,898,126.9828981171728,955.8536010439028,380.3311739697773,869.8,547.4
594,899,126.9828981171728,955.8536010439028,380.3311739697773,869.8,547.4
595,900,126.9828981171728,955.8536010439028,380.3311739697773,869.8,547.4
596,901,63.96496640292463,955.8536010439028,380.3311739697773,869.8,547.4
596,902,63.96496640292463,955.8536010439028,380.3311739697773,869.8,547.4
596,903,63.96496640292463,955.8536010439028,380.3311739697773,869.8,547.4
596,904,63.96496640292463,818.8536010439028,502.3311739697773,869.8,547.4
596,905,63.96496640292463,818.8536010439028,502.3311739697773,869.8,547.4
596,906,63.96496640292463,818.8536010439028,502.3311739697773,869.8,547.4
596,907,63.96496640292463,818.8536010439028,502.3311739697773,869.8,547.4
596,908,63.96496640292463,818.8536010439028,502.3311739697773,869.8,547.4
596,909,63.96496640292463,818.8536010439028,502.3311739697773,869.8,547.4
596,910,63.96496640292463,818.8536010439028,502.3311739697773,869.8,547.4
596,911,63.96496640292463,818.8536010439028,502.3311739697773,869.8,547.4
596,912,63.96496640292463,682.8536010439028,624.3311739697773,869.8,547.4
596,913,63.96496640292463,682.8536010439028,624.3311739697773,869.8,547.4
596,914,63.96496640292463,682.8536010439028,624.3311739697773,869.8,547.4
596,915,36.55415848232129,682.8536010439028,624.3311739697773,869.8,547.4
597,916,46.906911004629805,682.8536010439028,624.3311739697773,869.8,547.4
598,917,81.75372970002088,682.8536010439028,624.3311739697773,869.8,547.4
599,918,121.59954178348757,682.8536010439028,624.3311739697773,869.8,547.4
600,919,161.62554590467673,682.8536010439028,624.3311739697773,869.8,547.4
600,920,171.03484374687878,682.8536010439028,624.3311739697773,869.8,547.4
600,921,171.03484374687878,682.8536010439028,624.3311739697773,869.8,547.4
600,922,171.03484374687878,682.8536010439028,624.3311739697773,869.8,547.4
600,923,171.03484374687878,682.8536010439028,624.3311739697773,869.8,547.4
600,924,171.03484374687878,682.8536010439028,624.3311739697773,869.8,547.4
600,925,171.03484374687878,682.8536010439028,624.3311739697773,869.8,547.4
600,926,171.03484374687878,682.8536010439028,624.3311739697773,869.8,547.4
600,927,171.03484374687878,682.8536010439028,624.3311739697773,869.8,547.4
600,928,171.03484374687878,682.8536010439028,624.3311739697773,869.8,547.4
600,929,171.03484374687878,922.8536010439028,647.3311739697773,869.8,547.4
600,930,171.03484374687878,922.8536010439028,647.3311739697773,869.8,547.4
600,931,171.03484374687878,922.8536010439028,647.3311739697773,869.8,547.4
600,932,171.03484374687878,922.8536010439028,647.3311739697773,869.8,547.4
600,933,171.03484374687878,922.8536010439028,647.3311739697773,869.8,547.4
600,934,171.03484374687878,922.8536010439028,647.3311739697773,869.8,547.4
600,935,171.03484374687878,922.8536010439028,647.3311739697773,869.8,547.4
600,936,171.03484374687878,922.8536010439028,647.3311739697773,869.8,547.4
600,937,171.03484374687878,922.8536010439028,647.3311739697773,869.8,547.4
600,938,171.03484374687878,922.8536010439028,647.3311739697773,869.8,547.4
600,939,171.03484374687878,922.8536010439028,647.3311739697773,869.8,547.4
600,940,171.03484374687878,922.8536010439028,647.3311739697773,869.8,547.4
600,941,142.89032363351373,922.8536010439028,647.3311739697773,869.8,547.4
600,942,115.02966530709082,922.8536010439028,647.3311739697773,869.8,547.4
600,943,87.72374657544194,922.8536010439028,647.3311739697773,869.8,547.4
600,944,61.71336991125503,922.8536010439028,647.3311739697773,869.8,547.4
600,945,61.71336991125503,922.8536010439028,647.3311739697773,869.8,547.4
600,946,61.71336991125503,922.8536010439028,647.3311739697773,869.8,547.4
600,947,61.71336991125503,922.8536010439028,647.3311739697773,869.8,547.4
600,948,61.71336991125503,922.8536010439028,647.3311739697773,869.8,547.4
600,949,61.71336991125503,922.8536010439028,647.3311739697773,869.8,547.4
600,950,61.71336991125503,922.8536010439028,647.3311739697773,869.8,547.4
600,951,61.71336991125503,922.8536010439028,647.3311739697773,869.8,547.4
600,952,61.71336991125503,922.8536010439028,647.3311739697773,869.8,547.4
600,953,61.71336991125503,922.8536010439028,647.3311739697773,869.8,547.4
600,954,61.71336991125503,922.8536010439028,647.3311739697773,869.8,547.4
600,955,61.71336991125503,922.8536010439028,647.3311739697773,869.8,547.4
600,956,61.71336991125503,922.8536010439028,647.3311739697773,869.8,547.4
600,957,61.71336991125503,833.8536010439028,447.3311739697773,879.3,507.9
600,958,61.71336991125503,833.8536010439028,447.3311739697773,888.8,468.4
600,959,61.71336991125503,833.8536010439028,447.3311739697773,898.3,428.9
600,960,61.71336991125503,833.8536010439028,447.3311739697773,907.8,389.4
600,961,61.71336991125503,833.8536010439028,447.3311739697773,917.3,349.9
600,962,61.71336991125503,833.8536010439028,447.3311739697773,926.8,310.4
600,963,61.71336991125503,833.8536010439028,447.3311739697773,926.8,310.4
600,964,61.71336991125503,744.8536010439028,246.3311739697773,926.8,310.4
600,965,61.71336991125503,744.8536010439028,246.3311739697773,926.8,310.4
600,966,61.71336991125503,744.8536010439028,246.3311739697773,926.8,310.4
600,967,61.71336991125503,744.8536010439028,246.3311739697773,926.8,310.4
600,968,61.71336991125503,744.8536010439028,246.3311739697773,926.8,310.4
600,969,61.71336991125503,744.8536010439028,246.3311739697773,926.8,310.4
600,970,61.71336991125503,744.8536010439028,246.3311739697773,926.8,310.4
600,971,61.71336991125503,744.8536010439028,246.3311739697773,926.8,310.4
600,972,61.71336991125503,744.8536010439028,246.3311739697773,926.8,310.4
600,973,61.71336991125503,744.8536010439028,246.3311739697773,926.8,310.4
600,974,61.71336991125503,744.8536010439028,246.3311739697773,926.8,310.4
600,975,61.71336991125503,744.8536010439028,246.3311739697773,926.8,310.4
600,976,61.71336991125503,841.8536010439028,403.3311739697773,926.8,310.4
600,977,61.71336991125503,841.8536010439028,403.3311739697773,926.8,310.4
600,978,61.71336991125503,841.8536010439028,403.3311739697773,926.8,310.4
600,979,61.71336991125503,841.8536010439028,403.3311739697773,926.915,312.2
600,980,61.71336991125503,841.8536010439028,403.3311739697773,927.03,314.0
600,981,61.71336991125503,841.8536010439028,403.3311739697773,927.145,315.79999999999995
600,982,61.71336991125503,841.8536010439028,403.3311739697773,927.26,317.59999999999997
600,983,61.71336991125503,841.8536010439028,403.3311739697773,927.375,319.4
600,984,61.71336991125503,841.8536010439028,403.3311739697773,927.49,321.2
600,985,61.71336991125503,841.8536010439028,403.3311739697773,927.605,323.0
600,986,61.71336991125503,938.8536010439028,560.3311739697773,927.72,324.79999999999995
600,987,61.71336991125503,938.8536010439028,560.3311739697773,927.835,326.59999999999997
600,988,61.71336991125503,938.8536010439028,560.3311739697773,927.95,328.4
600,989,61.71336991125503,938.8536010439028,560.3311739697773,928.0649999999999,330.2
600,990,61.71336991125503,938.8536010439028,560.3311739697773,928.18,332.0
600,991,61.71336991125503,938.8536010439028,560.3311739697773,928.295,333.79999999999995
600,992,61.71336991125503,938.8536010439028,560.3311739697773,928.41,335.59999999999997
600,993,61.71336991125503,938.8536010439028,560.3311739697773,928.525,337.4
600,994,61.71336991125503,938.8536010439028,560.3311739697773,928.64,339.2
600,995,61.71336991125503,938.8536010439028,560.3311739697773,928.755,341.0
600,996,61.71336991125503,938.8536010439028,560.3311739697773,928.87,342.79999999999995
600,997,61.71336991125503,938.8536010439028,560.3311739697773,928.985,344.59999999999997
600,998,61.71336991125503,938.8536010439028,560.3311739697773,929.1,346.4
600,999,61.71336991125503,938.8536010439028,560.3311739697773,929.1,346.4
600,1000,61.71336991125503,938.8536010439028,560.3311739697773,929.1,346.4
600,1001,61.71336991125503,938.8536010439028,560.3311739697773,929.1,346.4
600,1002,61.71336991125503,938.8536010439028,560.3311739697773,929.1,346.4
601,1003,61.71336991125503,938.8536010439028,560.3311739697773,929.1,346.4
602,1004,61.71336991125503,938.8536010439028,560.3311739697773,929.1,346.4
603,1005,61.71336991125503,938.8536010439028,560.3311739697773,929.1,346.4
604,1006,61.71336991125503,938.8536010439028,560.3311739697773,929.1,346.4
605,1007,61.71336991125503,938.8536010439028,560.3311739697773,929.1,346.4
606,1008,61.71336991125503,938.8536010439028,560.3311739697773,929.1,346.4
607,1009,61.71336991125503,1259.853601043903,669.3311739697773,929.1,346.4
608,1010,61.71336991125503,1259.853601043903,669.3311739697773,929.1,346.4
609,1011,61.71336991125503,1259.853601043903,669.3311739697773,929.1,346.4
610,1012,87.8611651959024,1259.853601043903,669.3311739697773,929.1,346.4
611,1013,73.87577623945027,1259.853601043903,669.3311739697773,929.1,346.4
612,1014,35.50598032387756,1259.853601043903,669.3311739697773,929.1,346.4
613,1015,19.0976166716644,1259.853601043903,669.3311739697773,929.1,346.4
614,1016,52.628540605987624,1259.853601043903,669.3311739697773,929.1,346.4
615,1017,93.07478957163195,1259.853601043903,669.3311739697773,929.1,346.4
616,1018,93.07478957163195,1259.853601043903,669.3311739697773,929.1,346.4
617,1019,93.07478957163195,1259.853601043903,669.3311739697773,929.1,346.4
618,1020,93.07478957163195,1259.853601043903,669.3311739697773,891.6857142857143,379.98571428571427
619,1021,93.07478957163195,1259.853601043903,669.3311739697773,854.2714285714286,413.57142857142856
620,1022,93.07478957163195,1259.853601043903,669.3311739697773,816.8571428571429,447.15714285714284
621,1023,93.07478957163195,1259.853601043903,669.3311739697773,779.4428571428572,480.74285714285713
622,1024,93.07478957163195,1259.853601043903,669.3311739697773,742.0285714285715,514.3285714285714
623,1025,93.07478957163195,1259.853601043903,669.3311739697773,704.6142857142858,547.9142857142857
624,1026,93.07478957163195,1259.853601043903,669.3311739697773,667.2,581.5
625,1027,93.07478957163195,1259.853601043903,669.3311739697773,667.2,581.5
626,1028,93.07478957163195,1259.853601043903,669.3311739697773,667.2,581.5
627,1029,93.07478957163195,1259.853601043903,669.3311739697773,667.2,581.5
628,1030,93.07478957163195,1259.853601043903,669.3311739697773,667.2,581.5
629,1031,93.07478957163195,1259.853601043903,669.3311739697773,667.2,581.5
630,1032,93.07478957163195,1259.853601043903,669.3311739697773,667.2,581.5
631,1033,93.07478957163195,1259.853601043903,669.3311739697773,667.2,581.5
632,1034,94.87346902202044,1259.853601043903,669.3311739697773,667.2,581.5
633,1035,96.67233443307853,1259.853601043903,669.3311739697773,667.2,581.5
634,1036,98.47137561347294,987.8536010439028,618.3311739697773,667.2,581.5
635,1037,79.25936076407439,987.8536010439028,618.3311739697773,667.2,581.5
635,1038,77.60374178606595,987.8536010439028,618.3311739697773,667.2,581.5
635,1039,75.95486593804969,987.8536010439028,618.3311739697773,667.2,581.5
635,1040,74.31318207515947,987.8536010439028,618.3311739697773,667.2,581.5
635,1041,72.67917755866885,716.8536010439028,567.3311739697773,667.2,581.5
635,1042,71.05338219306113,716.8536010439028,567.3311739697773,667.2,581.5
635,1043,69.43637261221183,716.8536010439028,567.3311739697773,667.2,581.5
635,1044,67.82877716729543,716.8536010439028,567.3311739697773,667.2,581.5
635,1045,66.23128137428205,716.8536010439028,567.3311739697773,667.2,581.5
635,1046,64.6446339841756,716.8536010439028,567.3311739697773,667.2,581.5
635,1047,63.06965374422737,716.8536010439028,567.3311739697773,667.2,581.5
635,1048,61.50723692286491,716.8536010439028,567.3311739697773,710.85,580.5833333333334
635,1049,59.95836567447565,716.8536010439028,567.3311739697773,754.5,579.6666666666666
635,1050,58.424117321726335,716.8536010439028,567.3311739697773,798.1500000000001,578.75
635,1051,56.905674631723265,716.8536010439028,567.3311739697773,841.8000000000001,577.8333333333334
635,1052,55.404337156582386,716.8536010439028,567.3311739697773,885.45,576.9166666666666
635,1053,53.92153369692816,716.8536010439028,567.3311739697773,929.1,576.0
635,1054,53.92153369692816,716.8536010439028,567.3311739697773,929.1,576.0
635,1055,53.92153369692816,716.8536010439028,567.3311739697773,929.1,576.0
635,1056,53.92153369692816,716.8536010439028,567.3311739697773,929.1,576.0
635,1057,53.92153369692816,716.8536010439028,567.3311739697773,929.1,576.0
635,1058,53.92153369692816,716.8536010439028,567.3311739697773,929.1,576.0
635,1059,53.92153369692816,716.8536010439028,567.3311739697773,929.1,576.0
635,1060,53.92153369692816,716.8536010439028,567.3311739697773,929.1,576.0
635,1061,53.92153369692816,716.8536010439028,567.3311739697773,929.1,576.0
635,1062,53.92153369692816,716.8536010439028,567.3311739697773,929.1,576.0
635,1063,53.92153369692816,716.8536010439028,567.3311739697773,929.1,576.0
635,1064,53.92153369692816,716.8536010439028,567.3311739697773,929.1,576.0
635,1065,53.92153369692816,716.8536010439028,567.3311739697773,929.1,576.0
635,1066,53.92153369692816,716.8536010439028,567.3311739697773,929.1,576.0
635,1067,53.92153369692816,716.8536010439028,567.3311739697773,929.1,576.0
635,1068,53.92153369692816,716.8536010439028,567.3311739697773,929.1,576.0
635,1069,53.92153369692816,716.8536010439028,567.3311739697773,929.1,576.0
635,1070,53.92153369692816,716.8536010439028,567.3311739697773,929.1,576.0
635,1071,53.92153369692816,716.8536010439028,567.3311739697773,929.1,576.0
635,1072,53.92153369692816,716.8536010439028,567.3311739697773,929.1,576.0
636,1073,53.92153369692816,716.8536010439028,567.3311739697773,929.1,576.0
637,1074,53.92153369692816,716.8536010439028,567.3311739697773,929.1,576.0
638,1075,15.377272918882388,716.8536010439028,567.3311739697773,929.1,576.0
639,1076,155.0016799383373,716.8536010439028,567.3311739697773,929.1,576.0
640,1077,133.0052404971154,716.8536010439028,567.3311739697773,929.1,576.0
641,1078,128.10513328851397,716.8536010439028,567.3311739697773,929.1,576.0
642,1078,128.10513328851397,716.8536010439028,567.3311739697773,928.0571428571428,528.5
643,1078,128.10513328851397,716.8536010439028,567.3311739697773,927.0142857142857,481.0
644,1078,128.10513328851397,663.8536010439028,276.3311739697773,925.9714285714285,433.5
645,1078,128.10513328851397,663.8536010439028,276.3311739697773,924.9285714285714,386.0
646,1078,128.10513328851397,663.8536010439028,276.3311739697773,923.8857142857142,338.5
647,1078,128.10513328851397,663.8536010439028,276.3311739697773,922.8428571428572,291.0
648,1078,128.10513328851397,663.8536010439028,276.3311739697773,921.8,243.5
649,1078,128.10513328851397,663.8536010439028,276.3311739697773,921.8,243.5
650,1078,128.10513328851397,663.8536010439028,276.3311739697773,921.8,243.5
651,1078,128.10513328851397,663.8536010439028,276.3311739697773,921.8,243.5
652,1078,128.10513328851397,663.8536010439028,276.3311739697773,921.8,243.5
653,1078,128.10513328851397,663.8536010439028,276.3311739697773,921.8,243.5
654,1078,128.10513328851397,663.8536010439028,276.3311739697773,921.8,243.5
655,1078,128.10513328851397,663.8536010439028,276.3311739697773,921.8,243.5
656,1079,142.08136510191628,797.8536010439028,262.3311739697773,921.8,243.5
657,1080,97.39390526860325,797.8536010439028,262.3311739697773,921.8,243.5
658,1081,67.13605041082279,797.8536010439028,262.3311739697773,921.8,243.5
659,1082,67.13605041082279,797.8536010439028,262.3311739697773,921.8,243.5
660,1083,67.13605041082279,797.8536010439028,262.3311739697773,921.8,243.5
661,1084,67.13605041082279,797.8536010439028,262.3311739697773,921.8,243.5
662,1085,67.13605041082279,797.8536010439028,262.3311739697773,921.8,243.5
663,1086,67.13605041082279,930.8536010439028,247.3311739697773,921.8,243.5
664,1087,67.13605041082279,930.8536010439028,247.3311739697773,921.8,243.5
665,1088,67.13605041082279,930.8536010439028,247.3311739697773,921.8,243.5
666,1089,67.13605041082279,930.8536010439028,247.3311739697773,921.8,243.5
667,1090,67.13605041082279,930.8536010439028,247.3311739697773,921.8,243.5
668,1091,67.13605041082279,930.8536010439028,247.3311739697773,921.8,243.5
669,1092,67.13605041082279,930.8536010439028,247.3311739697773,921.8,243.5
670,1093,67.13605041082279,930.8536010439028,247.3311739697773,921.8,243.5
671,1094,67.13605041082279,930.8536010439028,247.3311739697773,921.8,243.5
672,1095,67.13605041082279,930.8536010439028,247.3311739697773,921.8,243.5
673,1096,67.13605041082279,930.8536010439028,247.3311739697773,921.8,243.5
674,1097,67.13605041082279,930.8536010439028,247.3311739697773,921.8,243.5
675,1098,67.13605041082279,930.8536010439028,247.3311739697773,921.8,243.5
676,1099,67.13605041082279,930.8536010439028,247.3311739697773,921.8,243.5
677,1100,67.13605041082279,930.8536010439028,247.3311739697773,921.8,243.5
678,1101,67.13605041082279,930.8536010439028,247.3311739697773,921.8,243.5
679,1102,67.13605041082279,956.8536010439028,612.3311739697773,921.8,243.5
680,1103,66.81050184679694,956.8536010439028,612.3311739697773,921.8,243.5
681,1104,76.91004646339357,956.8536010439028,612.3311739697773,921.8,243.5
682,1105,67.78839810052641,956.8536010439028,612.3311739697773,921.8,243.5
683,1105,67.78839810052641,956.8536010439028,612.3311739697773,921.8,243.5
684,1105,67.78839810052641,956.8536010439028,612.3311739697773,921.8,243.5
685,1105,67.78839810052641,956.8536010439028,612.3311739697773,921.8,243.5
686,1105,67.78839810052641,956.8536010439028,612.3311739697773,921.8,243.5
687,1106,88.23055093405596,956.8536010439028,612.3311739697773,921.8,243.5
688,1107,72.03096255041255,956.8536010439028,612.3311739697773,921.8,243.5
689,1107,72.03096255041255,956.8536010439028,612.3311739697773,921.8,243.5
690,1107,72.03096255041255,956.8536010439028,612.3311739697773,921.8,243.5
691,1107,72.03096255041255,956.8536010439028,612.3311739697773,921.8,243.5
692,1107,72.03096255041255,956.8536010439028,612.3311739697773,921.8,243.5
693,1107,72.03096255041255,956.8536010439028,612.3311739697773,921.8,243.5
694,1107,72.03096255041255,956.8536010439028,612.3311739697773,921.8,243.5
695,1107,72.03096255041255,956.8536010439028,612.3311739697773,921.8,243.5
696,1107,72.03096255041255,956.8536010439028,612.3311739697773,921.8,243.5
697,1107,72.03096255041255,956.8536010439028,612.3311739697773,921.8,243.5
698,1107,72.03096255041255,956.8536010439028,612.3311739697773,921.8,243.5
699,1107,72.03096255041255,956.8536010439028,612.3311739697773,921.8,243.5
700,1107,72.03096255041255,956.8536010439028,612.3311739697773,921.8,243.5
701,1107,72.03096255041255,956.8536010439028,612.3311739697773,921.8,243.5
702,1107,72.03096255041255,956.8536010439028,612.3311739697773,921.8,243.5
703,1107,72.03096255041255,956.8536010439028,612.3311739697773,921.8,243.5
704,1107,72.03096255041255,956.8536010439028,612.3311739697773,921.8,243.5
705,1107,72.03096255041255,956.8536010439028,612.3311739697773,921.8,243.5
706,1107,72.03096255041255,956.8536010439028,612.3311739697773,921.8,243.5
707,1107,72.03096255041255,956.8536010439028,612.3311739697773,921.8,243.5
708,1107,72.03096255041255,956.8536010439028,612.3311739697773,921.8,243.5
709,1107,72.03096255041255,956.8536010439028,612.3311739697773,921.8,243.5
710,1107,72.03096255041255,956.8536010439028,612.3311739697773,921.8,243.5
711,1107,72.03096255041255,956.8536010439028,612.3311739697773,921.8,243.5
712,1107,72.03096255041255,956.8536010439028,612.3311739697773,921.8,243.5
713,1107,72.03096255041255,956.8536010439028,612.3311739697773,921.8,243.5
714,1107,72.03096255041255,956.8536010439028,612.3311739697773,898.9428571428571,279.4428571428571
715,1107,72.03096255041255,956.8536010439028,612.3311739697773,876.0857142857143,315.3857142857143
716,1108,62.05720805277796,956.8536010439028,612.3311739697773,853.2285714285714,351.3285714285714
717,1109,62.05720805277796,956.8536010439028,612.3311739697773,830.3714285714285,387.2714285714286
718,1110,62.05720805277796,956.8536010439028,612.3311739697773,807.5142857142856,423.2142857142857
719,1111,62.05720805277796,956.8536010439028,612.3311739697773,784.6571428571428,459.15714285714284
720,1112,62.05720805277796,956.8536010439028,612.3311739697773,761.8,495.1
721,1113,62.05720805277796,956.8536010439028,612.3311739697773,761.8,495.1
722,1114,62.05720805277796,956.8536010439028,612.3311739697773,761.8,495.1
723,1115,62.05720805277796,956.8536010439028,612.3311739697773,761.8,495.1
724,1116,62.05720805277796,956.8536010439028,612.3311739697773,761.8,495.1
725,1117,62.05720805277796,956.8536010439028,612.3311739697773,761.8,495.1
726,1118,62.05720805277796,956.8536010439028,612.3311739697773,761.8,495.1
727,1119,62.05720805277796,956.8536010439028,612.3311739697773,761.8,495.1
728,1120,62.05720805277796,956.8536010439028,612.3311739697773,761.8,495.1
729,1121,62.05720805277796,956.8536010439028,612.3311739697773,761.8,495.1
730,1122,62.05720805277796,956.8536010439028,612.3311739697773,761.8,495.1
731,1123,62.05720805277796,956.8536010439028,612.3311739697773,761.8,495.1
732,1124,62.05720805277796,956.8536010439028,612.3311739697773,761.8,495.1
733,1125,62.05720805277796,956.8536010439028,612.3311739697773,761.8,495.1
734,1126,62.05720805277796,956.8536010439028,612.3311739697773,761.8,495.1
735,1127,62.05720805277796,956.8536010439028,612.3311739697773,761.8,495.1
736,1128,62.05720805277796,956.8536010439028,612.3311739697773,761.8,495.1
737,1129,62.05720805277796,956.8536010439028,612.3311739697773,761.8,495.1
738,1130,62.05720805277796,956.8536010439028,612.3311739697773,761.8,495.1
739,1131,62.05720805277796,956.8536010439028,612.3311739697773,761.8,495.1
740,1132,62.05720805277796,956.8536010439028,612.3311739697773,761.8,495.1
741,1133,62.05720805277796,956.8536010439028,612.3311739697773,761.8,495.1
742,1134,107.72390344992819,956.8536010439028,612.3311739697773,761.8,495.1
743,1135,31.259075501353998,956.8536010439028,612.3311739697773,761.8,495.1
744,1136,28.864105636221385,956.8536010439028,612.3311739697773,761.8,495.1
745,1136,28.864105636221385,956.8536010439028,612.3311739697773,761.8,495.1
746,1136,28.864105636221385,956.8536010439028,612.3311739697773,761.8,495.1
747,1136,28.864105636221385,956.8536010439028,612.3311739697773,761.8,495.1
748,1136,28.864105636221385,956.8536010439028,612.3311739697773,761.8,495.1
749,1137,72.13749710933529,956.8536010439028,612.3311739697773,761.8,495.1
750,1138,61.76883912090938,956.8536010439028,612.3311739697773,761.8,495.1
751,1139,19.6423416487655,956.8536010439028,612.3311739697773,761.8,495.1
752,1140,38.35268943098633,956.8536010439028,612.3311739697773,761.8,495.1
753,1141,38.35268943098633,956.8536010439028,612.3311739697773,761.8,495.1
754,1142,38.35268943098633,956.8536010439028,612.3311739697773,761.8,495.1
755,1143,38.35268943098633,956.8536010439028,612.3311739697773,761.8,495.1
756,1144,38.35268943098633,956.8536010439028,612.3311739697773,761.8,495.1
757,1145,38.35268943098633,956.8536010439028,612.3311739697773,761.8,495.1
758,1146,38.35268943098633,956.8536010439028,612.3311739697773,761.8,495.1
759,1147,38.35268943098633,956.8536010439028,612.3311739697773,732.5749999999999,509.55
760,1148,38.35268943098633,956.8536010439028,612.3311739697773,703.3499999999999,524.0
761,1149,38.35268943098633,956.8536010439028,612.3311739697773,674.125,538.45
762,1150,38.35268943098633,956.8536010439028,612.3311739697773,644.9,552.9
763,1151,38.35268943098633,956.8536010439028,612.3311739697773,644.9,552.9
764,1152,38.35268943098633,956.8536010439028,612.3311739697773,644.9,552.9
765,1153,38.35268943098633,956.8536010439028,612.3311739697773,644.9,552.9
766,1154,38.35268943098633,956.8536010439028,612.3311739697773,644.9,552.9
767,1155,38.35268943098633,956.8536010439028,612.3311739697773,644.9,552.9
768,1156,38.35268943098633,956.8536010439028,612.3311739697773,644.9,552.9
769,1157,38.35268943098633,956.8536010439028,612.3311739697773,644.9,552.9
770,1158,38.35268943098633,956.8536010439028,612.3311739697773,644.9,552.9
771,1159,38.35268943098633,956.8536010439028,612.3311739697773,644.9,552.9
772,1160,38.35268943098633,956.8536010439028,612.3311739697773,644.9,552.9
773,1161,38.35268943098633,956.8536010439028,612.3311739697773,644.9,552.9
774,1162,38.35268943098633,956.8536010439028,612.3311739697773,644.9,552.9
775,1163,38.35268943098633,956.8536010439028,612.3311739697773,644.9,552.9
776,1164,33.40060886826181,956.8536010439028,612.3311739697773,644.9,552.9
776,1165,33.40060886826181,956.8536010439028,612.3311739697773,644.9,552.9
776,1166,33.40060886826181,956.8536010439028,612.3311739697773,644.9,552.9
776,1167,33.40060886826181,956.8536010439028,612.3311739697773,644.9,552.9
776,1168,33.40060886826181,956.8536010439028,612.3311739697773,644.9,552.9
776,1169,33.40060886826181,956.8536010439028,612.3311739697773,644.9,552.9
776,1170,33.40060886826181,956.8536010439028,612.3311739697773,644.9,552.9
776,1171,33.40060886826181,956.8536010439028,612.3311739697773,644.9,552.9
776,1172,33.40060886826181,956.8536010439028,612.3311739697773,644.9,552.9
776,1173,33.40060886826181,956.8536010439028,612.3311739697773,644.9,552.9
776,1174,33.40060886826181,956.8536010439028,612.3311739697773,644.9,552.9
776,1175,33.40060886826181,956.8536010439028,612.3311739697773,644.9,552.9
776,1176,33.40060886826181,956.8536010439028,612.3311739697773,644.9,552.9
776,1177,33.40060886826181,956.8536010439028,612.3311739697773,644.9,552.9
776,1178,33.40060886826181,956.8536010439028,612.3311739697773,644.9,552.9
776,1179,33.40060886826181,956.8536010439028,612.3311739697773,644.9,552.9
776,1180,33.40060886826181,956.8536010439028,612.3311739697773,644.9,552.9
776,1181,33.40060886826181,956.8536010439028,612.3311739697773,644.9,552.9
776,1182,33.40060886826181,956.8536010439028,612.3311739697773,644.9,552.9
776,1183,33.40060886826181,956.8536010439028,612.3311739697773,644.9,552.9
776,1184,33.40060886826181,956.8536010439028,612.3311739697773,644.9,552.9
776,1185,33.40060886826181,956.8536010439028,612.3311739697773,644.9,552.9
776,1186,33.40060886826181,956.8536010439028,612.3311739697773,644.9,552.9
776,1187,33.40060886826181,956.8536010439028,612.3311739697773,644.9,552.9
776,1188,33.40060886826181,956.8536010439028,612.3311739697773,644.9,552.9
776,1189,33.40060886826181,956.8536010439028,612.3311739697773,644.9,552.9
776,1190,33.40060886826181,956.8536010439028,612.3311739697773,644.9,552.9
776,1191,33.40060886826181,956.8536010439028,612.3311739697773,644.9,552.9
776,1192,33.40060886826181,956.8536010439028,612.3311739697773,698.92,497.28
777,1193,33.40060886826181,956.8536010439028,612.3311739697773,752.9399999999999,441.65999999999997
778,1194,33.40060886826181,956.8536010439028,612.3311739697773,806.96,386.04
779,1195,33.40060886826181,956.8536010439028,612.3311739697773,860.98,330.42
780,1196,33.40060886826181,956.8536010439028,612.3311739697773,915.0,274.8
781,1197,33.40060886826181,956.8536010439028,612.3311739697773,915.0,274.8
782,1198,33.40060886826181,956.8536010439028,612.3311739697773,915.0,274.8
783,1199,33.40060886826181,956.8536010439028,612.3311739697773,915.0,274.8
784,1200,33.40060886826181,956.8536010439028,612.3311739697773,915.0,274.8
785,1201,33.40060886826181,956.8536010439028,612.3311739697773,915.0,274.8
786,1202,33.40060886826181,956.8536010439028,612.3311739697773,915.0,274.8
787,1203,33.40060886826181,956.8536010439028,612.3311739697773,915.0,274.8
788,1204,33.40060886826181,956.8536010439028,612.3311739697773,915.0,274.8
789,1205,33.40060886826181,956.8536010439028,612.3311739697773,915.0,274.8
790,1206,75.63868626204541,956.8536010439028,612.3311739697773,915.0,274.8
791,1207,118.13338632449765,956.8536010439028,612.3311739697773,915.0,274.8
792,1208,87.14726994178376,956.8536010439028,612.3311739697773,915.0,274.8
792,1209,50.51391915756604,956.8536010439028,612.3311739697773,915.0,274.8
792,1210,33.72449135829126,956.8536010439028,612.3311739697773,915.0,274.8
792,1211,57.893890217026815,956.8536010439028,612.3311739697773,915.0,274.8
792,1212,95.8892050749937,956.8536010439028,612.3311739697773,915.0,274.8
792,1213,95.8892050749937,956.8536010439028,612.3311739697773,915.0,274.8
792,1214,95.8892050749937,956.8536010439028,612.3311739697773,915.0,274.8
792,1215,95.8892050749937,956.8536010439028,612.3311739697773,915.0,274.8
792,1216,95.8892050749937,956.8536010439028,612.3311739697773,915.0,274.8
792,1217,95.8892050749937,956.8536010439028,612.3311739697773,915.0,274.8
792,1218,95.8892050749937,956.8536010439028,612.3311739697773,915.0,274.8
792,1219,95.8892050749937,956.8536010439028,612.3311739697773,909.9666666666667,256.3666666666667
792,1220,95.8892050749937,956.8536010439028,612.3311739697773,904.9333333333333,237.93333333333334
792,1221,95.8892050749937,956.8536010439028,612.3311739697773,899.9,219.5
792,1222,95.8892050749937,956.8536010439028,612.3311739697773,899.9,219.5
792,1223,95.8892050749937,956.8536010439028,612.3311739697773,899.9,219.5
792,1224,95.8892050749937,956.8536010439028,612.3311739697773,899.9,219.5
792,1225,95.8892050749937,956.8536010439028,612.3311739697773,899.9,219.5
792,1226,95.8892050749937,956.8536010439028,612.3311739697773,899.9,219.5
792,1227,95.8892050749937,956.8536010439028,612.3311739697773,899.9,219.5
792,1228,95.8892050749937,956.8536010439028,612.3311739697773,899.9,219.5
792,1229,95.8892050749937,956.8536010439028,612.3311739697773,899.9,219.5
792,1230,95.8892050749937,956.8536010439028,612.3311739697773,899.9,219.5
792,1231,95.8892050749937,956.8536010439028,612.3311739697773,899.9,219.5
792,1232,95.8892050749937,956.8536010439028,612.3311739697773,899.9,219.5
792,1233,95.8892050749937,956.8536010439028,612.3311739697773,899.9,219.5
792,1234,95.8892050749937,956.8536010439028,612.3311739697773,899.9,219.5
792,1235,95.8892050749937,956.8536010439028,612.3311739697773,899.9,219.5
792,1236,95.8892050749937,956.8536010439028,612.3311739697773,899.9,219.5
792,1237,95.8892050749937,956.8536010439028,612.3311739697773,899.9,219.5
792,1238,95.8892050749937,956.8536010439028,612.3311739697773,899.9,219.5
792,1239,95.8892050749937,956.8536010439028,612.3311739697773,899.9,219.5
792,1240,95.8892050749937,956.8536010439028,612.3311739697773,899.9,219.5
792,1241,95.8892050749937,956.8536010439028,612.3311739697773,899.9,219.5
792,1242,95.8892050749937,956.8536010439028,612.3311739697773,899.9,219.5
792,1243,95.8892050749937,956.8536010439028,612.3311739697773,899.9,219.5
792,1244,95.8892050749937,956.8536010439028,612.3311739697773,899.9,219.5
792,1245,95.8892050749937,956.8536010439028,612.3311739697773,899.9,219.5
792,1246,95.8892050749937,956.8536010439028,612.3311739697773,899.9,219.5
792,1247,95.8892050749937,956.8536010439028,612.3311739697773,899.9,219.5
792,1248,95.8892050749937,956.8536010439028,612.3311739697773,899.9,219.5
793,1249,95.8892050749937,956.8536010439028,612.3311739697773,899.9,219.5
794,1250,95.8892050749937,956.8536010439028,612.3311739697773,899.9,219.5
795,1251,118.91044877639541,956.8536010439028,612.3311739697773,899.9,219.5
796,1252,103.01213128174402,956.8536010439028,612.3311739697773,899.9,219.5
796,1253,71.06663682415844,956.8536010439028,612.3311739697773,899.9,219.5
796,1254,40.190058444675,956.8536010439028,612.3311739697773,899.9,219.5
796,1255,40.190058444675,956.8536010439028,612.3311739697773,898.6428571428571,272.3857142857143
796,1256,40.190058444675,956.8536010439028,612.3311739697773,897.3857142857142,325.2714285714286
796,1257,40.190058444675,956.8536010439028,612.3311739697773,896.1285714285714,378.15714285714284
796,1258,40.190058444675,956.8536010439028,612.3311739697773,894.8714285714286,431.0428571428572
796,1259,40.190058444675,956.8536010439028,612.3311739697773,893.6142857142858,483.92857142857144
796,1260,40.190058444675,956.8536010439028,612.3311739697773,892.3571428571429,536.8142857142857
796,1261,40.190058444675,956.8536010439028,612.3311739697773,891.1,589.7
796,1262,40.190058444675,956.8536010439028,612.3311739697773,891.1,589.7
796,1263,40.190058444675,956.8536010439028,612.3311739697773,891.1,589.7
796,1264,40.190058444675,956.8536010439028,612.3311739697773,891.1,589.7
796,1265,40.190058444675,956.8536010439028,612.3311739697773,891.1,589.7
796,1266,40.190058444675,956.8536010439028,612.3311739697773,891.1,589.7
796,1267,40.190058444675,956.8536010439028,612.3311739697773,891.1,589.7
797,1268,40.190058444675,956.8536010439028,612.3311739697773,891.1,589.7
798,1269,40.190058444675,956.8536010439028,612.3311739697773,891.1,589.7
799,1270,40.190058444675,956.8536010439028,612.3311739697773,891.1,589.7
800,1271,40.190058444675,956.8536010439028,612.3311739697773,891.1,589.7
801,1272,40.190058444675,956.8536010439028,612.3311739697773,891.1,589.7
802,1273,40.190058444675,956.8536010439028,612.3311739697773,891.1,589.7
803,1274,40.190058444675,956.8536010439028,612.3311739697773,891.1,589.7
804,1275,40.190058444675,956.8536010439028,612.3311739697773,891.1,589.7
805,1276,40.190058444675,956.8536010439028,612.3311739697773,891.1,589.7
806,1277,40.190058444675,956.8536010439028,612.3311739697773,891.1,589.7
807,1278,40.190058444675,956.8536010439028,612.3311739697773,891.1,589.7
808,1279,40.190058444675,956.8536010439028,612.3311739697773,891.1,589.7
809,1280,40.190058444675,956.8536010439028,612.3311739697773,891.1,589.7
810,1281,40.190058444675,956.8536010439028,612.3311739697773,891.1,589.7
811,1282,40.190058444675,956.8536010439028,612.3311739697773,891.1,589.7
812,1283,76.89910396512448,956.8536010439028,612.3311739697773,891.1,589.7
813,1284,76.89910396512448,956.8536010439028,612.3311739697773,891.1,589.7
814,1285,76.89910396512448,956.8536010439028,612.3311739697773,891.1,589.7
815,1286,76.89910396512448,956.8536010439028,612.3311739697773,891.1,589.7
816,1287,76.89910396512448,956.8536010439028,612.3311739697773,891.1,589.7
817,1288,76.89910396512448,956.8536010439028,612.3311739697773,891.1,589.7
818,1289,76.89910396512448,956.8536010439028,612.3311739697773,891.1,589.7
819,1290,76.89910396512448,956.8536010439028,612.3311739697773,891.1,589.7
820,1291,76.89910396512448,956.8536010439028,612.3311739697773,891.1,589.7
821,1292,76.89910396512448,956.8536010439028,612.3311739697773,891.1,589.7
822,1293,76.89910396512448,956.8536010439028,612.3311739697773,891.1,589.7
823,1294,76.89910396512448,956.8536010439028,612.3311739697773,895.6333333333333,552.6666666666667
824,1295,76.89910396512448,956.8536010439028,612.3311739697773,900.1666666666666,515.6333333333333
825,1296,136.7501141727267,956.8536010439028,612.3311739697773,904.7,478.6
826,1297,208.59339601691266,956.8536010439028,612.3311739697773,909.2333333333333,441.5666666666667
827,1298,192.91705695053992,956.8536010439028,612.3311739697773,913.7666666666667,404.53333333333336
828,1299,116.63027564947545,956.8536010439028,612.3311739697773,918.3,367.5
829,1300,44.85243732159261,956.8536010439028,612.3311739697773,918.3,367.5
830,1301,44.85243732159261,956.8536010439028,612.3311739697773,918.3,367.5
831,1302,44.85243732159261,956.8536010439028,612.3311739697773,918.3,367.5
832,1303,44.85243732159261,956.8536010439028,612.3311739697773,918.3,367.5
833,1304,44.85243732159261,956.8536010439028,612.3311739697773,918.3,367.5
834,1305,44.85243732159261,956.8536010439028,612.3311739697773,918.3,367.5
835,1306,44.85243732159261,956.8536010439028,612.3311739697773,918.3,367.5
836,1307,44.85243732159261,956.8536010439028,612.3311739697773,918.3,367.5
837,1308,44.85243732159261,956.8536010439028,612.3311739697773,918.3,367.5
838,1309,44.85243732159261,956.8536010439028,612.3311739697773,918.3,367.5
839,1310,44.85243732159261,956.8536010439028,612.3311739697773,918.3,367.5
840,1311,44.85243732159261,956.8536010439028,612.3311739697773,918.3,367.5
841,1312,44.85243732159261,956.8536010439028,612.3311739697773,918.3,367.5
842,1313,44.85243732159261,956.8536010439028,612.3311739697773,918.3,367.5
843,1314,44.85243732159261,956.8536010439028,612.3311739697773,918.3,367.5
844,1315,44.85243732159261,956.8536010439028,612.3311739697773,918.3,367.5
845,1316,44.85243732159261,956.8536010439028,612.3311739697773,918.3,367.5
846,1317,44.85243732159261,956.8536010439028,612.3311739697773,918.3,367.5
847,1318,44.85243732159261,956.8536010439028,612.3311739697773,918.3,367.5
848,1319,44.85243732159261,956.8536010439028,612.3311739697773,918.3,367.5
849,1320,44.85243732159261,956.8536010439028,612.3311739697773,918.3,367.5
850,1321,44.85243732159261,956.8536010439028,612.3311739697773,918.3,367.5
851,1322,44.85243732159261,956.8536010439028,612.3311739697773,918.3,367.5
852,1323,28.220067684256637,956.8536010439028,612.3311739697773,918.3,367.5
853,1324,17.64221502434163,956.8536010439028,612.3311739697773,918.3,367.5
854,1324,17.64221502434163,956.8536010439028,612.3311739697773,918.3,367.5
855,1324,17.64221502434163,956.8536010439028,612.3311739697773,918.3,367.5
856,1324,17.64221502434163,956.8536010439028,612.3311739697773,892.3199999999999,394.38
857,1324,17.64221502434163,956.8536010439028,612.3311739697773,866.3399999999999,421.26
858,1324,17.64221502434163,956.8536010439028,612.3311739697773,840.3599999999999,448.14
859,1324,17.64221502434163,956.8536010439028,612.3311739697773,814.38,475.02
860,1324,17.64221502434163,956.8536010439028,612.3311739697773,788.4,501.9
861,1324,17.64221502434163,956.8536010439028,612.3311739697773,788.4,501.9
862,1324,17.64221502434163,956.8536010439028,612.3311739697773,788.4,501.9
863,1324,17.64221502434163,956.8536010439028,612.3311739697773,788.4,501.9
864,1324,17.64221502434163,956.8536010439028,612.3311739697773,788.4,501.9
865,1324,17.64221502434163,956.8536010439028,612.3311739697773,788.4,501.9
866,1324,17.64221502434163,956.8536010439028,612.3311739697773,788.4,501.9
867,1324,17.64221502434163,956.8536010439028,612.3311739697773,788.4,501.9
868,1325,23.587448490047144,956.8536010439028,612.3311739697773,788.4,501.9
869,1326,23.587448490047144,956.8536010439028,612.3311739697773,788.4,501.9
870,1327,23.587448490047144,956.8536010439028,612.3311739697773,788.4,501.9
871,1328,23.587448490047144,956.8536010439028,612.3311739697773,788.4,501.9
872,1329,23.587448490047144,956.8536010439028,612.3311739697773,788.4,501.9
873,1330,23.587448490047144,956.8536010439028,612.3311739697773,788.4,501.9
874,1331,23.587448490047144,956.8536010439028,612.3311739697773,788.4,501.9
875,1332,23.587448490047144,956.8536010439028,612.3311739697773,788.4,501.9
876,1333,23.587448490047144,956.8536010439028,612.3311739697773,788.4,501.9
877,1334,23.587448490047144,956.8536010439028,612.3311739697773,788.4,501.9
878,1335,23.587448490047144,956.8536010439028,612.3311739697773,768.35,493.7
879,1336,23.587448490047144,956.8536010439028,612.3311739697773,748.3,485.5
880,1337,51.66023844571066,956.8536010439028,612.3311739697773,728.25,477.29999999999995
881,1338,51.66023844571066,956.8536010439028,612.3311739697773,708.2,469.09999999999997
882,1339,51.66023844571066,956.8536010439028,612.3311739697773,688.15,460.9
883,1340,51.66023844571066,956.8536010439028,612.3311739697773,668.1,452.7
884,1341,51.66023844571066,956.8536010439028,612.3311739697773,668.1,452.7
885,1342,51.66023844571066,956.8536010439028,612.3311739697773,668.1,452.7
886,1343,51.66023844571066,956.8536010439028,612.3311739697773,668.1,452.7
887,1344,51.66023844571066,956.8536010439028,612.3311739697773,668.1,452.7
888,1345,51.66023844571066,956.8536010439028,612.3311739697773,668.1,452.7
889,1346,51.66023844571066,956.8536010439028,612.3311739697773,668.1,452.7
890,1347,51.66023844571066,956.8536010439028,612.3311739697773,668.1,452.7
891,1348,51.66023844571066,956.8536010439028,612.3311739697773,668.1,452.7
892,1349,51.66023844571066,956.8536010439028,612.3311739697773,668.1,452.7
893,1350,51.66023844571066,956.8536010439028,612.3311739697773,668.1,452.7
894,1351,51.66023844571066,956.8536010439028,612.3311739697773,668.1,452.7
895,1352,51.66023844571066,956.8536010439028,612.3311739697773,668.1,452.7
896,1353,51.66023844571066,956.8536010439028,612.3311739697773,668.1,452.7
897,1354,51.66023844571066,956.8536010439028,612.3311739697773,668.1,452.7
898,1355,51.66023844571066,956.8536010439028,612.3311739697773,668.1,452.7
899,1356,51.66023844571066,956.8536010439028,612.3311739697773,668.1,452.7
900,1357,51.66023844571066,956.8536010439028,612.3311739697773,668.1,452.7
901,1358,51.66023844571066,956.8536010439028,612.3311739697773,716.1,408.36
902,1359,83.5807548856089,956.8536010439028,612.3311739697773,764.1,364.02
903,1360,129.99870501499518,956.8536010439028,612.3311739697773,812.1,319.68
904,1361,62.163697095708535,956.8536010439028,612.3311739697773,860.1,275.34000000000003
905,1362,46.99656344183739,956.8536010439028,612.3311739697773,908.1,231.0
906,1363,78.42185334092304,956.8536010439028,612.3311739697773,908.1,231.0
907,1364,125.25276665549055,956.8536010439028,612.3311739697773,908.1,231.0
908,1365,61.929979685490174,956.8536010439028,612.3311739697773,908.1,231.0
908,1366,61.929979685490174,956.8536010439028,612.3311739697773,908.1,231.0
908,1367,61.929979685490174,956.8536010439028,612.3311739697773,908.1,231.0
908,1368,61.929979685490174,956.8536010439028,612.3311739697773,908.1,231.0
908,1369,61.929979685490174,956.8536010439028,612.3311739697773,908.1,231.0
908,1370,61.929979685490174,956.8536010439028,612.3311739697773,908.1,231.0
908,1371,61.929979685490174,956.8536010439028,612.3311739697773,908.1,231.0
908,1372,61.929979685490174,956.8536010439028,612.3311739697773,908.1,231.0
908,1373,61.929979685490174,956.8536010439028,612.3311739697773,908.1,231.0
908,1374,61.929979685490174,956.8536010439028,612.3311739697773,908.1,231.0
908,1375,61.929979685490174,956.8536010439028,612.3311739697773,908.1,231.0
908,1376,61.929979685490174,956.8536010439028,612.3311739697773,908.1,231.0
908,1377,61.929979685490174,956.8536010439028,612.3311739697773,908.1,231.0
908,1378,61.929979685490174,956.8536010439028,612.3311739697773,908.1,231.0
908,1379,61.929979685490174,956.8536010439028,612.3311739697773,908.1,231.0
908,1380,61.929979685490174,956.8536010439028,612.3311739697773,908.1,231.0
908,1381,61.929979685490174,956.8536010439028,612.3311739697773,908.1,231.0
908,1382,61.929979685490174,956.8536010439028,612.3311739697773,908.1,231.0
908,1383,61.929979685490174,956.8536010439028,612.3311739697773,908.1,231.0
909,1384,61.929979685490174,956.8536010439028,612.3311739697773,908.1,231.0
910,1385,61.929979685490174,956.8536010439028,612.3311739697773,908.1,231.0
911,1386,61.929979685490174,956.8536010439028,612.3311739697773,884.0375,276.9125
912,1387,61.929979685490174,956.8536010439028,612.3311739697773,859.975,322.825
913,1388,61.929979685490174,956.8536010439028,612.3311739697773,835.9125,368.73749999999995
914,1389,61.929979685490174,956.8536010439028,612.3311739697773,811.85,414.65
915,1390,61.929979685490174,956.8536010439028,612.3311739697773,787.7875,460.5625
916,1391,61.929979685490174,956.8536010439028,612.3311739697773,763.725,506.47499999999997
917,1392,61.929979685490174,956.8536010439028,612.3311739697773,739.6625,552.3874999999999
918,1393,61.929979685490174,956.8536010439028,612.3311739697773,715.6,598.3
919,1394,61.929979685490174,956.8536010439028,612.3311739697773,715.6,598.3
920,1395,61.929979685490174,956.8536010439028,612.3311739697773,715.6,598.3
921,1396,61.929979685490174,956.8536010439028,612.3311739697773,715.6,598.3
922,1397,61.929979685490174,956.8536010439028,612.3311739697773,715.6,598.3
923,1398,91.16829259834563,956.8536010439028,612.3311739697773,715.6,598.3
924,1399,146.3137347919727,956.8536010439028,612.3311739697773,715.6,598.3
925,1400,110.78561760949366,956.8536010439028,612.3311739697773,715.6,598.3
926,1401,76.96255535801787,956.8536010439028,612.3311739697773,715.6,598.3
927,1402,48.549506311936355,956.8536010439028,612.3311739697773,715.6,598.3
928,1403,39.68516066248583,956.8536010439028,612.3311739697773,715.6,598.3
929,1403,39.68516066248583,956.8536010439028,612.3311739697773,715.6,598.3
930,1404,39.68516066248583,956.8536010439028,612.3311739697773,715.6,598.3
931,1405,39.68516066248583,956.8536010439028,612.3311739697773,715.6,598.3
932,1406,39.68516066248583,956.8536010439028,612.3311739697773,715.6,598.3
933,1407,39.68516066248583,956.8536010439028,612.3311739697773,715.6,598.3
934,1408,39.68516066248583,956.8536010439028,612.3311739697773,715.6,598.3
935,1409,39.68516066248583,956.8536010439028,612.3311739697773,715.6,598.3
936,1410,39.68516066248583,956.8536010439028,612.3311739697773,766.4,603.1999999999999
937,1411,39.68516066248583,956.8536010439028,612.3311739697773,817.2,608.0999999999999
938,1412,39.68516066248583,956.8536010439028,612.3311739697773,868.0,613.0
939,1413,39.68516066248583,956.8536010439028,612.3311739697773,918.8,617.9
940,1414,39.68516066248583,956.8536010439028,612.3311739697773,918.8,617.9
941,1415,39.68516066248583,956.8536010439028,612.3311739697773,918.8,617.9
942,1416,39.68516066248583,956.8536010439028,612.3311739697773,918.8,617.9
943,1417,39.68516066248583,956.8536010439028,612.3311739697773,918.8,617.9
944,1418,39.68516066248583,956.8536010439028,612.3311739697773,918.8,617.9
945,1419,39.68516066248583,956.8536010439028,612.3311739697773,918.8,617.9
946,1420,39.68516066248583,956.8536010439028,612.3311739697773,918.8,617.9
947,1421,39.68516066248583,956.8536010439028,612.3311739697773,918.8,617.9
948,1422,39.68516066248583,956.8536010439028,612.3311739697773,918.8,617.9
949,1423,39.68516066248583,956.8536010439028,612.3311739697773,918.8,617.9
950,1424,39.68516066248583,956.8536010439028,612.3311739697773,918.8,617.9
951,1425,39.68516066248583,956.8536010439028,612.3311739697773,918.8,617.9
952,1426,39.68516066248583,956.8536010439028,612.3311739697773,918.8,617.9
953,1427,39.68516066248583,956.8536010439028,612.3311739697773,918.8,617.9
954,1428,39.68516066248583,956.8536010439028,612.3311739697773,918.8,617.9
955,1429,39.68516066248583,956.8536010439028,612.3311739697773,918.8,617.9
956,1430,39.68516066248583,956.8536010439028,612.3311739697773,916.9166666666666,578.4333333333333
957,1431,65.06833311552771,956.8536010439028,612.3311739697773,915.0333333333333,538.9666666666667
958,1432,98.42689455661622,956.8536010439028,612.3311739697773,913.15,499.5
959,1433,58.30273177374696,956.8536010439028,612.3311739697773,911.2666666666667,460.0333333333333
960,1434,27.675139203036547,956.8536010439028,612.3311739697773,909.3833333333333,420.56666666666666
961,1434,27.675139203036547,956.8536010439028,612.3311739697773,907.5,381.1
962,1434,27.675139203036547,956.8536010439028,612.3311739697773,907.5,381.1
963,1434,27.675139203036547,956.8536010439028,612.3311739697773,907.5,381.1
964,1434,27.675139203036547,956.8536010439028,612.3311739697773,907.5,381.1
965,1434,27.675139203036547,956.8536010439028,612.3311739697773,907.5,381.1
966,1434,27.675139203036547,956.8536010439028,612.3311739697773,907.5,381.1
967,1435,161.64601662960183,956.8536010439028,612.3311739697773,907.5,381.1
968,1435,161.64601662960183,956.8536010439028,612.3311739697773,907.5,381.1
969,1435,161.64601662960183,956.8536010439028,612.3311739697773,907.5,381.1
970,1435,161.64601662960183,956.8536010439028,612.3311739697773,907.5,381.1
971,1435,161.64601662960183,956.8536010439028,612.3311739697773,907.5,381.1
972,1435,161.64601662960183,956.8536010439028,612.3311739697773,907.5,381.1
973,1435,161.64601662960183,956.8536010439028,612.3311739697773,907.5,381.1
974,1435,161.64601662960183,956.8536010439028,612.3311739697773,907.5,381.1
975,1435,161.64601662960183,956.8536010439028,612.3311739697773,907.5,381.1
976,1436,161.64601662960183,956.8536010439028,612.3311739697773,907.5,381.1
977,1437,161.64601662960183,956.8536010439028,612.3311739697773,907.5,381.1
978,1438,161.64601662960183,956.8536010439028,612.3311739697773,907.5,381.1
979,1439,161.64601662960183,956.8536010439028,612.3311739697773,907.5,381.1
980,1440,161.64601662960183,956.8536010439028,612.3311739697773,907.5,381.1
981,1441,161.64601662960183,956.8536010439028,612.3311739697773,907.5,381.1
982,1442,161.64601662960183,956.8536010439028,612.3311739697773,907.5,381.1
983,1443,161.64601662960183,956.8536010439028,612.3311739697773,907.5,381.1
984,1444,198.06058970906005,956.8536010439028,612.3311739697773,907.5,381.1
985,1445,198.06058970906005,956.8536010439028,612.3311739697773,907.5,381.1
986,1446,198.06058970906005,956.8536010439028,612.3311739697773,907.5,381.1
987,1447,198.06058970906005,956.8536010439028,612.3311739697773,907.5,381.1
988,1448,198.06058970906005,956.8536010439028,612.3311739697773,907.5,381.1
989,1449,198.06058970906005,956.8536010439028,612.3311739697773,907.5,381.1
990,1450,198.06058970906005,956.8536010439028,612.3311739697773,907.5,381.1
991,1451,198.06058970906005,956.8536010439028,612.3311739697773,907.5,381.1
992,1452,198.06058970906005,956.8536010439028,612.3311739697773,907.5,381.1
993,1453,217.88506224811616,956.8536010439028,612.3311739697773,907.5,381.1
994,1454,238.03001597662075,956.8536010439028,612.3311739697773,907.5,381.1
995,1455,258.4205132352987,956.8536010439028,612.3311739697773,907.5,381.1
996,1456,279.00272367086313,956.8536010439028,612.3311739697773,907.5,381.1
997,1457,299.7371564733423,956.8536010439028,612.3311739697773,907.5,381.1
998,1458,320.59427806136796,956.8536010439028,612.3311739697773,907.5,381.1
999,1459,320.59427806136796,956.8536010439028,612.3311739697773,907.5,381.1
1000,1460,320.59427806136796,956.8536010439028,612.3311739697773,906.75,426.425
1001,1461,320.59427806136796,956.8536010439028,612.3311739697773,906.0,471.75
1002,1462,320.59427806136796,956.8536010439028,612.3311739697773,905.25,517.075
1003,1463,320.59427806136796,956.8536010439028,612.3311739697773,904.5,562.4
1004,1464,320.59427806136796,956.8536010439028,612.3311739697773,904.5,562.4
1005,1465,320.59427806136796,956.8536010439028,612.3311739697773,904.5,562.4
1006,1466,320.59427806136796,956.8536010439028,612.3311739697773,904.5,562.4
1007,1467,320.59427806136796,956.8536010439028,612.3311739697773,904.5,562.4
1008,1468,320.59427806136796,956.8536010439028,612.3311739697773,904.5,562.4
1009,1469,320.59427806136796,956.8536010439028,612.3311739697773,904.5,562.4
1010,1470,320.59427806136796,956.8536010439028,612.3311739697773,904.5,562.4
1011,1471,320.59427806136796,956.8536010439028,612.3311739697773,904.5,562.4
1012,1472,165.8405274713153,956.8536010439028,612.3311739697773,904.5,562.4
1013,1473,165.8405274713153,956.8536010439028,612.3311739697773,904.5,562.4
1014,1474,165.8405274713153,956.8536010439028,612.3311739697773,904.5,562.4
1015,1475,165.8405274713153,956.8536010439028,612.3311739697773,904.5,562.4
1016,1476,124.0349263691049,956.8536010439028,612.3311739697773,904.5,562.4
1017,1477,108.65687537755932,956.8536010439028,612.3311739697773,904.5,562.4
1018,1478,129.49147220662692,956.8536010439028,612.3311739697773,904.5,562.4
1019,1479,118.8412573982607,956.8536010439028,612.3311739697773,904.5,562.4
1019,1480,163.9647269001014,956.8536010439028,612.3311739697773,904.5,562.4
1019,1481,163.9647269001014,956.8536010439028,612.3311739697773,904.5,562.4
1019,1482,163.9647269001014,956.8536010439028,612.3311739697773,904.5,562.4
1019,1483,163.9647269001014,956.8536010439028,612.3311739697773,904.5,562.4
1019,1484,163.9647269001014,956.8536010439028,612.3311739697773,904.5,562.4
1019,1485,163.9647269001014,956.8536010439028,612.3311739697773,904.5,562.4
1019,1486,163.9647269001014,956.8536010439028,612.3311739697773,904.5,562.4
1019,1487,163.9647269001014,956.8536010439028,612.3311739697773,904.5,562.4
1019,1488,163.9647269001014,956.8536010439028,612.3311739697773,904.5,562.4
1020,1489,163.9647269001014,956.8536010439028,612.3311739697773,904.5,562.4
1021,1490,163.9647269001014,956.8536010439028,612.3311739697773,904.5,562.4
1022,1491,163.9647269001014,956.8536010439028,612.3311739697773,904.5,562.4
1023,1492,163.9647269001014,956.8536010439028,612.3311739697773,904.5,562.4
1024,1493,163.9647269001014,956.8536010439028,612.3311739697773,904.5,562.4
1025,1494,163.9647269001014,956.8536010439028,612.3311739697773,904.5,562.4
1026,1495,163.9647269001014,956.8536010439028,612.3311739697773,904.5,562.4
1027,1496,163.9647269001014,956.8536010439028,612.3311739697773,904.5,562.4
1028,1497,163.9647269001014,956.8536010439028,612.3311739697773,904.5,562.4
1029,1498,163.9647269001014,956.8536010439028,612.3311739697773,904.5,562.4
1030,1499,163.9647269001014,956.8536010439028,612.3311739697773,904.5,562.4
1031,1500,184.62561820194955,956.8536010439028,612.3311739697773,904.5,562.4
1032,1501,184.62561820194955,956.8536010439028,612.3311739697773,904.5,562.4
1033,1502,184.62561820194955,956.8536010439028,612.3311739697773,904.5,562.4
1034,1503,184.62561820194955,956.8536010439028,612.3311739697773,904.5,562.4
1035,1504,133.27101132435013,956.8536010439028,612.3311739697773,904.5,562.4
1036,1505,82.52047713978689,956.8536010439028,612.3311739697773,904.5,562.4
1037,1506,35.10012763995472,956.8536010439028,612.3311739697773,904.5,562.4
1038,1507,32.06761447791418,956.8536010439028,612.3311739697773,904.5,562.4
1039,1508,78.73098475992253,956.8536010439028,612.3311739697773,904.5,562.4
1040,1509,129.39369053099213,956.8536010439028,612.3311739697773,904.5,562.4
1041,1510,199.34943363656794,956.8536010439028,612.3311739697773,904.5,562.4
1042,1511,226.4592725617201,956.8536010439028,612.3311739697773,904.5,562.4
1043,1512,226.4592725617201,956.8536010439028,612.3311739697773,904.5,562.4
1044,1513,226.4592725617201,956.8536010439028,612.3311739697773,904.5,562.4
1045,1514,226.4592725617201,956.8536010439028,612.3311739697773,904.5,562.4
1046,1515,226.4592725617201,956.8536010439028,612.3311739697773,904.5,562.4
1047,1516,226.4592725617201,956.8536010439028,612.3311739697773,904.5,562.4
1048,1517,226.4592725617201,956.8536010439028,612.3311739697773,904.5,562.4
1049,1518,226.4592725617201,956.8536010439028,612.3311739697773,955.0,570.1999999999999
1050,1519,226.4592725617201,956.8536010439028,612.3311739697773,1005.5,578.0
1051,1520,226.4592725617201,956.8536010439028,612.3311739697773,1056.0,585.8
1052,1521,226.4592725617201,956.8536010439028,612.3311739697773,1106.5,593.6
1053,1522,226.4592725617201,956.8536010439028,612.3311739697773,1157.0,601.4
1054,1523,226.4592725617201,956.8536010439028,612.3311739697773,1157.0,601.4
1055,1524,226.4592725617201,956.8536010439028,612.3311739697773,1157.0,601.4
1056,1525,226.4592725617201,956.8536010439028,612.3311739697773,1157.0,601.4
1057,1526,226.4592725617201,956.8536010439028,612.3311739697773,1157.0,601.4
1058,1527,226.4592725617201,956.8536010439028,612.3311739697773,1157.0,601.4
1059,1528,226.4592725617201,956.8536010439028,612.3311739697773,1157.0,601.4
1060,1529,177.70194359719056,956.8536010439028,612.3311739697773,1157.0,601.4
1061,1530,130.69605727509432,956.8536010439028,612.3311739697773,1157.0,601.4
1062,1531,88.2849818275476,956.8536010439028,612.3311739697773,1157.0,601.4
1063,1532,60.96159976022665,956.8536010439028,612.3311739697773,1157.0,601.4
1064,1532,344.9097337578678,956.8536010439028,612.3311739697773,1157.0,601.4
1065,1532,344.9097337578678,956.8536010439028,612.3311739697773,1157.0,601.4
1066,1532,344.9097337578678,956.8536010439028,612.3311739697773,1157.0,601.4
1067,1532,344.9097337578678,956.8536010439028,612.3311739697773,1157.0,601.4
1068,1532,344.9097337578678,956.8536010439028,612.3311739697773,1157.0,601.4
1069,1532,344.9097337578678,956.8536010439028,612.3311739697773,1157.0,601.4
1070,1532,344.9097337578678,956.8536010439028,612.3311739697773,1157.0,601.4
1071,1532,344.9097337578678,956.8536010439028,612.3311739697773,1157.0,601.4
1072,1532,344.9097337578678,956.8536010439028,612.3311739697773,1157.0,601.4
1073,1532,344.9097337578678,956.8536010439028,612.3311739697773,1157.0,601.4
1074,1532,344.9097337578678,956.8536010439028,612.3311739697773,1157.0,601.4
1075,1532,344.9097337578678,956.8536010439028,612.3311739697773,1157.0,601.4
1076,1532,344.9097337578678,956.8536010439028,612.3311739697773,1157.0,601.4
1077,1532,344.9097337578678,956.8536010439028,612.3311739697773,1157.0,601.4
1078,1532,344.9097337578678,956.8536010439028,612.3311739697773,1157.0,601.4
1079,1532,344.9097337578678,956.8536010439028,612.3311739697773,1087.2666666666667,597.9166666666666
1080,1533,344.9097337578678,956.8536010439028,612.3311739697773,1017.5333333333333,594.4333333333333
1081,1534,344.9097337578678,956.8536010439028,612.3311739697773,947.8,590.95
1082,1535,344.9097337578678,956.8536010439028,612.3311739697773,878.0666666666666,587.4666666666667
1083,1536,344.9097337578678,956.8536010439028,612.3311739697773,808.3333333333333,583.9833333333333
1084,1537,344.9097337578678,956.8536010439028,612.3311739697773,738.6,580.5
1085,1538,344.9097337578678,956.8536010439028,612.3311739697773,738.6,580.5
1086,1539,344.9097337578678,956.8536010439028,612.3311739697773,738.6,580.5
1087,1540,344.9097337578678,956.8536010439028,612.3311739697773,738.6,580.5
1088,1541,344.9097337578678,956.8536010439028,612.3311739697773,738.6,580.5
1089,1542,344.9097337578678,956.8536010439028,612.3311739697773,738.6,580.5
1090,1543,344.9097337578678,956.8536010439028,612.3311739697773,738.6,580.5
1091,1544,69.05494716617135,956.8536010439028,612.3311739697773,738.6,580.5
1092,1545,69.05494716617135,956.8536010439028,612.3311739697773,738.6,580.5
1093,1546,69.05494716617135,956.8536010439028,612.3311739697773,738.6,580.5
1094,1547,69.05494716617135,956.8536010439028,612.3311739697773,738.6,580.5
1095,1548,69.05494716617135,956.8536010439028,612.3311739697773,738.6,580.5
1096,1549,200.3708765487442,956.8536010439028,612.3311739697773,738.6,580.5
1097,1550,200.19927963121785,956.8536010439028,612.3311739697773,738.6,580.5
1098,1550,200.19927963121785,956.8536010439028,612.3311739697773,738.6,580.5
1099,1550,200.19927963121785,956.8536010439028,612.3311739697773,738.6,580.5
1100,1550,200.19927963121785,956.8536010439028,612.3311739697773,738.6,580.5
1101,1550,200.19927963121785,956.8536010439028,612.3311739697773,738.6,580.5
1102,1550,200.19927963121785,956.8536010439028,612.3311739697773,738.6,580.5
1103,1550,200.19927963121785,956.8536010439028,612.3311739697773,738.6,580.5
1104,1550,200.19927963121785,956.8536010439028,612.3311739697773,738.6,580.5
1105,1550,200.19927963121785,956.8536010439028,612.3311739697773,738.6,580.5
1106,1550,200.19927963121785,956.8536010439028,612.3311739697773,738.6,580.5
1107,1550,200.19927963121785,956.8536010439028,612.3311739697773,738.6,580.5
1108,1550,200.19927963121785,956.8536010439028,612.3311739697773,738.6,580.5
1109,1550,200.19927963121785,956.8536010439028,612.3311739697773,738.6,580.5
1110,1550,200.19927963121785,956.8536010439028,612.3311739697773,738.6,580.5
1111,1550,200.19927963121785,956.8536010439028,612.3311739697773,738.6,580.5
1112,1550,200.19927963121785,956.8536010439028,612.3311739697773,738.6,580.5
1113,1550,200.19927963121785,956.8536010439028,612.3311739697773,738.6,580.5
1114,1550,200.19927963121785,956.8536010439028,612.3311739697773,738.6,580.5
1115,1550,200.19927963121785,956.8536010439028,612.3311739697773,738.6,580.5
1116,1550,200.19927963121785,956.8536010439028,612.3311739697773,738.6,580.5
1117,1550,200.19927963121785,956.8536010439028,612.3311739697773,738.6,580.5
1118,1550,200.19927963121785,956.8536010439028,612.3311739697773,738.6,580.5
1119,1550,200.19927963121785,956.8536010439028,612.3311739697773,738.6,580.5
1120,1550,200.19927963121785,956.8536010439028,612.3311739697773,738.6,580.5
1121,1550,200.19927963121785,956.8536010439028,612.3311739697773,738.6,580.5
1122,1550,200.19927963121785,956.8536010439028,612.3311739697773,738.6,580.5
1123,1550,200.19927963121785,956.8536010439028,612.3311739697773,738.6,580.5
1124,1550,200.19927963121785,956.8536010439028,612.3311739697773,738.6,580.5
1125,1550,200.19927963121785,956.8536010439028,612.3311739697773,738.6,580.5
1126,1550,200.19927963121785,956.8536010439028,612.3311739697773,738.6,580.5
1127,1550,200.19927963121785,956.8536010439028,612.3311739697773,707.375,580.7
1128,1551,207.68568656806724,956.8536010439028,612.3311739697773,676.1500000000001,580.9
1129,1552,222.0568996678212,956.8536010439028,612.3311739697773,644.9250000000001,581.0999999999999
1130,1553,242.08989739219726,956.8536010439028,612.3311739697773,613.7,581.3
1131,1554,266.51097462034994,956.8536010439028,612.3311739697773,613.7,581.3
1132,1555,266.51097462034994,956.8536010439028,612.3311739697773,613.7,581.3
1133,1556,266.51097462034994,956.8536010439028,612.3311739697773,613.7,581.3
1134,1557,266.51097462034994,956.8536010439028,612.3311739697773,613.7,581.3
1135,1558,266.51097462034994,956.8536010439028,612.3311739697773,613.7,581.3
1136,1559,265.21703307296224,956.8536010439028,612.3311739697773,613.7,581.3
1137,1560,265.21703307296224,956.8536010439028,612.3311739697773,613.7,581.3
1138,1561,265.21703307296224,956.8536010439028,612.3311739697773,613.7,581.3
1139,1562,265.21703307296224,956.8536010439028,612.3311739697773,613.7,581.3
1140,1563,265.21703307296224,956.8536010439028,612.3311739697773,613.7,581.3
1141,1564,265.21703307296224,956.8536010439028,612.3311739697773,613.7,581.3
1142,1565,265.21703307296224,956.8536010439028,612.3311739697773,613.7,581.3
1143,1566,265.21703307296224,956.8536010439028,612.3311739697773,613.7,581.3
1144,1567,265.21703307296224,956.8536010439028,612.3311739697773,613.7,581.3
1145,1568,265.21703307296224,956.8536010439028,612.3311739697773,613.7,581.3
1146,1569,265.21703307296224,956.8536010439028,612.3311739697773,613.7,581.3
1147,1570,265.21703307296224,956.8536010439028,612.3311739697773,613.7,581.3
1148,1571,161.64271354019314,956.8536010439028,612.3311739697773,613.7,581.3
1149,1572,161.64271354019314,956.8536010439028,612.3311739697773,613.7,581.3
1150,1573,161.64271354019314,956.8536010439028,612.3311739697773,613.7,581.3
1151,1574,161.64271354019314,956.8536010439028,612.3311739697773,613.7,581.3
1152,1575,161.64271354019314,956.8536010439028,612.3311739697773,613.7,581.3
1153,1576,161.64271354019314,956.8536010439028,612.3311739697773,613.7,581.3
1154,1577,161.64271354019314,956.8536010439028,612.3311739697773,613.7,581.3
1155,1578,135.79208187233073,956.8536010439028,612.3311739697773,613.7,581.3
1156,1579,135.79208187233073,956.8536010439028,612.3311739697773,613.7,581.3
1157,1580,135.79208187233073,956.8536010439028,612.3311739697773,613.7,581.3
1158,1581,135.79208187233073,956.8536010439028,612.3311739697773,613.7,581.3
1159,1582,135.79208187233073,956.8536010439028,612.3311739697773,613.7,581.3
1160,1583,135.79208187233073,956.8536010439028,612.3311739697773,613.7,581.3
1161,1584,135.79208187233073,956.8536010439028,612.3311739697773,613.7,581.3
1162,1585,135.79208187233073,956.8536010439028,612.3311739697773,613.7,581.3
1163,1586,135.79208187233073,956.8536010439028,612.3311739697773,613.7,581.3
1164,1587,135.79208187233073,956.8536010439028,612.3311739697773,613.7,581.3
1165,1588,135.79208187233073,956.8536010439028,612.3311739697773,613.7,581.3
1166,1589,135.79208187233073,956.8536010439028,612.3311739697773,613.7,581.3
1167,1590,135.79208187233073,956.8536010439028,612.3311739697773,613.7,581.3
1168,1591,135.79208187233073,956.8536010439028,612.3311739697773,613.7,581.3
1169,1592,135.79208187233073,956.8536010439028,612.3311739697773,613.7,581.3
1170,1593,180.70855570621805,956.8536010439028,612.3311739697773,613.7,581.3
1171,1594,149.49633846303132,956.8536010439028,612.3311739697773,613.7,581.3
1172,1595,108.335914266963,956.8536010439028,612.3311739697773,613.7,581.3
1173,1596,72.34653879947754,956.8536010439028,612.3311739697773,613.7,581.3
1174,1597,72.34653879947754,956.8536010439028,612.3311739697773,613.7,581.3
1175,1598,72.34653879947754,956.8536010439028,612.3311739697773,613.7,581.3
1176,1599,72.34653879947754,956.8536010439028,612.3311739697773,613.7,581.3
1177,1600,72.34653879947754,956.8536010439028,612.3311739697773,613.7,581.3
1178,1601,72.34653879947754,-,-,-,-
1179,1602,72.34653879947754,-,-,-,-
1180,1603,72.34653879947754,-,-,-,-
1181,1604,72.34653879947754,-,-,-,-
1182,1605,72.34653879947754,-,-,-,-
1183,1606,72.34653879947754,-,-,-,-
1184,1607,72.34653879947754,-,-,-,-
1185,1608,72.34653879947754,-,-,-,-
1186,1609,72.34653879947754,-,-,-,-
1187,1610,72.34653879947754,-,-,-,-
1188,1611,72.34653879947754,-,-,-,-
1189,1612,72.34653879947754,-,-,-,-
1190,1613,72.34653879947754,-,-,-,-
1191,1614,72.34653879947754,-,-,-,-
1192,1615,72.34653879947754,-,-,-,-
1193,1616,72.34653879947754,-,-,-,-
1194,1617,72.34653879947754,-,-,-,-
1195,1618,72.34653879947754,-,-,-,-
1196,1619,72.34653879947754,-,-,-,-
1197,1620,72.34653879947754,-,-,-,-
1198,1621,72.34653879947754,-,-,-,-
1199,1622,72.34653879947754,-,-,-,-
1200,1623,72.34653879947754,-,-,-,-
1201,1624,72.34653879947754,-,-,-,-
1202,1625,72.34653879947754,-,-,-,-
1203,1626,72.34653879947754,-,-,-,-
1204,1627,72.34653879947754,-,-,-,-
1205,1628,72.34653879947754,-,-,-,-
1206,1629,72.34653879947754,-,-,-,-
1207,1630,72.34653879947754,-,-,-,-
1208,1631,72.34653879947754,-,-,-,-
1209,1632,72.34653879947754,-,-,-,-
1210,1633,72.34653879947754,-,-,-,-
1211,1634,72.34653879947754,-,-,-,-
1212,1635,72.34653879947754,-,-,-,-
1213,1636,72.34653879947754,-,-,-,-
1214,1637,72.34653879947754,-,-,-,-
1215,1638,72.34653879947754,-,-,-,-
1216,1639,72.34653879947754,-,-,-,-
1217,1640,72.34653879947754,-,-,-,-
1218,1641,72.34653879947754,-,-,-,-
1219,1642,72.34653879947754,-,-,-,-
1220,1643,72.34653879947754,-,-,-,-
1221,1644,72.34653879947754,-,-,-,-
1222,1645,72.34653879947754,-,-,-,-
1223,1646,72.34653879947754,-,-,-,-
1224,1647,72.34653879947754,-,-,-,-
1225,1648,72.34653879947754,-,-,-,-
1226,1649,72.34653879947754,-,-,-,-
1227,1650,72.34653879947754,-,-,-,-
1228,1651,42.17192972703055,-,-,-,-
1229,1652,59.540756104863895,-,-,-,-
1230,1653,102.63484602305486,-,-,-,-
1231,1654,150.81412930761317,-,-,-,-
1232,1655,200.44468458767062,-,-,-,-
1233,1656,200.44468458767062,-,-,-,-
1234,1657,200.44468458767062,-,-,-,-
1235,1658,200.44468458767062,-,-,-,-
1236,1659,200.44468458767062,-,-,-,-
1237,1660,200.44468458767062,-,-,-,-
1238,1661,200.44468458767062,-,-,-,-
1239,1662,200.44468458767062,-,-,-,-
1240,1663,200.44468458767062,-,-,-,-
1241,1664,200.44468458767062,-,-,-,-
1242,1665,200.44468458767062,-,-,-,-
1243,1666,200.44468458767062,-,-,-,-
1244,1667,200.44468458767062,-,-,-,-
1245,1668,200.44468458767062,-,-,-,-
1246,1669,200.44468458767062,-,-,-,-
1247,1670,200.44468458767062,-,-,-,-
1248,1671,200.44468458767062,-,-,-,-
1249,1672,200.44468458767062,-,-,-,-
1250,1673,200.44468458767062,-,-,-,-
1251,1674,200.44468458767062,-,-,-,-
1252,1675,200.44468458767062,-,-,-,-
1253,1676,200.44468458767062,-,-,-,-
1254,1677,200.44468458767062,-,-,-,-
1255,1678,200.44468458767062,-,-,-,-
1256,1679,200.44468458767062,-,-,-,-
1257,1680,200.44468458767062,-,-,-,-
1258,1681,131.2072623977756,-,-,-,-
1259,1682,63.264228519476156,-,-,-,-
1260,1683,23.21900713183144,-,-,-,-
1261,1683,23.21900713183144,-,-,-,-
1262,1683,23.21900713183144,-,-,-,-
1263,1683,23.21900713183144,-,-,-,-
1264,1683,23.21900713183144,-,-,-,-
1265,1683,23.21900713183144,-,-,-,-
1266,1683,23.21900713183144,-,-,-,-
1267,1683,23.21900713183144,-,-,-,-
1268,1683,23.21900713183144,-,-,-,-
1269,1683,23.21900713183144,-,-,-,-
1270,1683,23.21900713183144,-,-,-,-
1271,1683,23.21900713183144,-,-,-,-
1272,1683,23.21900713183144,-,-,-,-
1273,1683,23.21900713183144,-,-,-,-
1274,1683,23.21900713183144,-,-,-,-
1275,1683,23.21900713183144,-,-,-,-
1276,1683,23.21900713183144,-,-,-,-
1277,1683,23.21900713183144,-,-,-,-
1278,1683,23.21900713183144,-,-,-,-
1279,1683,23.21900713183144,-,-,-,-
1280,1683,23.21900713183144,-,-,-,-
1281,1683,23.21900713183144,-,-,-,-
1282,1683,23.21900713183144,-,-,-,-
1283,1683,23.21900713183144,-,-,-,-
1284,1683,23.21900713183144,-,-,-,-
1285,1683,23.21900713183144,-,-,-,-
1286,1683,23.21900713183144,-,-,-,-
1287,1683,23.21900713183144,-,-,-,-
1288,1683,23.21900713183144,-,-,-,-
1289,1683,23.21900713183144,-,-,-,-
1290,1683,23.21900713183144,-,-,-,-
1291,1683,23.21900713183144,-,-,-,-
1292,1683,23.21900713183144,-,-,-,-
1293,1683,23.21900713183144,-,-,-,-
1294,1683,23.21900713183144,-,-,-,-
1295,1683,23.21900713183144,-,-,-,-
1296,1683,23.21900713183144,-,-,-,-
1297,1683,23.21900713183144,-,-,-,-
1298,1683,23.21900713183144,-,-,-,-
1299,1683,23.21900713183144,-,-,-,-
1300,1683,23.21900713183144,-,-,-,-
1301,1683,23.21900713183144,-,-,-,-
1302,1683,23.21900713183144,-,-,-,-
1303,1683,23.21900713183144,-,-,-,-
1304,1683,23.21900713183144,-,-,-,-
1305,1683,23.21900713183144,-,-,-,-
1306,1683,23.21900713183144,-,-,-,-
1307,1683,23.21900713183144,-,-,-,-
1308,1683,23.21900713183144,-,-,-,-
1309,1683,23.21900713183144,-,-,-,-
1310,1683,23.21900713183144,-,-,-,-
1311,1683,23.21900713183144,-,-,-,-
1312,1683,23.21900713183144,-,-,-,-
1313,1683,23.21900713183144,-,-,-,-
1314,1683,23.21900713183144,-,-,-,-
1315,1683,23.21900713183144,-,-,-,-
1316,1683,23.21900713183144,-,-,-,-
1317,1683,23.21900713183144,-,-,-,-
1318,1683,23.21900713183144,-,-,-,-
1319,1683,23.21900713183144,-,-,-,-
1320,1683,23.21900713183144,-,-,-,-
1321,1683,23.21900713183144,-,-,-,-
1322,1683,23.21900713183144,-,-,-,-
1323,1683,23.21900713183144,-,-,-,-
1324,1683,23.21900713183144,-,-,-,-
1325,1683,23.21900713183144,-,-,-,-
1326,1683,23.21900713183144,-,-,-,-
1327,1683,23.21900713183144,-,-,-,-
1328,1683,23.21900713183144,-,-,-,-
1329,1683,23.21900713183144,-,-,-,-
1330,1683,23.21900713183144,-,-,-,-
1331,1683,23.21900713183144,-,-,-,-
1332,1683,23.21900713183144,-,-,-,-
1333,1683,23.21900713183144,-,-,-,-
1334,1683,23.21900713183144,-,-,-,-
1335,1683,23.21900713183144,-,-,-,-
1336,1683,23.21900713183144,-,-,-,-
1337,1683,23.21900713183144,-,-,-,-
1338,1683,23.21900713183144,-,-,-,-
1339,1683,23.21900713183144,-,-,-,-
1340,1683,23.21900713183144,-,-,-,-
1341,1683,23.21900713183144,-,-,-,-
1342,1683,23.21900713183144,-,-,-,-
1343,1683,23.21900713183144,-,-,-,-
1344,1683,23.21900713183144,-,-,-,-
1345,1683,23.21900713183144,-,-,-,-
1346,1683,23.21900713183144,-,-,-,-
1347,1683,23.21900713183144,-,-,-,-
1348,1683,23.21900713183144,-,-,-,-
1349,1683,23.21900713183144,-,-,-,-
1350,1683,23.21900713183144,-,-,-,-
1351,1683,23.21900713183144,-,-,-,-
1352,1683,23.21900713183144,-,-,-,-
1353,1683,23.21900713183144,-,-,-,-
1354,1683,23.21900713183144,-,-,-,-
1355,1683,23.21900713183144,-,-,-,-
1356,1683,23.21900713183144,-,-,-,-
1357,1683,23.21900713183144,-,-,-,-
1358,1683,23.21900713183144,-,-,-,-
1359,1683,23.21900713183144,-,-,-,-
1360,1683,23.21900713183144,-,-,-,-
1361,1683,23.21900713183144,-,-,-,-
1362,1683,23.21900713183144,-,-,-,-
1363,1683,23.21900713183144,-,-,-,-
1364,1683,23.21900713183144,-,-,-,-
1365,1683,23.21900713183144,-,-,-,-
1366,1683,23.21900713183144,-,-,-,-
1367,1683,23.21900713183144,-,-,-,-
1368,1683,23.21900713183144,-,-,-,-
1369,1683,23.21900713183144,-,-,-,-
1370,1683,23.21900713183144,-,-,-,-
1371,1683,23.21900713183144,-,-,-,-
1372,1683,23.21900713183144,-,-,-,-
1373,1683,23.21900713183144,-,-,-,-
1374,1683,23.21900713183144,-,-,-,-
1375,1683,23.21900713183144,-,-,-,-
1376,1683,23.21900713183144,-,-,-,-
1377,1683,23.21900713183144,-,-,-,-
1378,1683,23.21900713183144,-,-,-,-
1379,1683,23.21900713183144,-,-,-,-
1380,1683,23.21900713183144,-,-,-,-
1381,1683,23.21900713183144,-,-,-,-
1382,1683,23.21900713183144,-,-,-,-
1383,1683,23.21900713183144,-,-,-,-
1384,1683,23.21900713183144,-,-,-,-
1385,1683,23.21900713183144,-,-,-,-
1386,1683,23.21900713183144,-,-,-,-
1387,1683,23.21900713183144,-,-,-,-
1388,1683,23.21900713183144,-,-,-,-
1389,1683,23.21900713183144,-,-,-,-
1390,1683,23.21900713183144,-,-,-,-
1391,1683,23.21900713183144,-,-,-,-
1392,1683,23.21900713183144,-,-,-,-
1393,1683,23.21900713183144,-,-,-,-
1394,1683,23.21900713183144,-,-,-,-
1395,1683,23.21900713183144,-,-,-,-
1396,1683,23.21900713183144,-,-,-,-
1397,1683,23.21900713183144,-,-,-,-
1398,1683,23.21900713183144,-,-,-,-
1399,1683,23.21900713183144,-,-,-,-
1400,1683,23.21900713183144,-,-,-,-
1401,1683,23.21900713183144,-,-,-,-
1402,1683,23.21900713183144,-,-,-,-
1403,1683,23.21900713183144,-,-,-,-
1404,1683,23.21900713183144,-,-,-,-
1405,1683,23.21900713183144,-,-,-,-
1406,1683,23.21900713183144,-,-,-,-
1407,1683,23.21900713183144,-,-,-,-
1408,1683,23.21900713183144,-,-,-,-
1409,1683,23.21900713183144,-,-,-,-
1410,1683,23.21900713183144,-,-,-,-
1411,1683,23.21900713183144,-,-,-,-
1412,1683,23.21900713183144,-,-,-,-
1413,1683,23.21900713183144,-,-,-,-
1414,1683,23.21900713183144,-,-,-,-
1415,1683,23.21900713183144,-,-,-,-
1416,1683,23.21900713183144,-,-,-,-
1417,1683,23.21900713183144,-,-,-,-
1418,1683,23.21900713183144,-,-,-,-
1419,1683,23.21900713183144,-,-,-,-
1420,1683,23.21900713183144,-,-,-,-
1421,1683,23.21900713183144,-,-,-,-
1422,1683,23.21900713183144,-,-,-,-
1423,1683,23.21900713183144,-,-,-,-
1424,1683,23.21900713183144,-,-,-,-
1425,1683,23.21900713183144,-,-,-,-
1426,1683,23.21900713183144,-,-,-,-
1427,1683,23.21900713183144,-,-,-,-
1428,1683,23.21900713183144,-,-,-,-
1429,1683,23.21900713183144,-,-,-,-
1430,1683,23.21900713183144,-,-,-,-
1431,1683,23.21900713183144,-,-,-,-
1432,1683,23.21900713183144,-,-,-,-
1433,1683,23.21900713183144,-,-,-,-
1434,1683,23.21900713183144,-,-,-,-
1435,1683,23.21900713183144,-,-,-,-
1436,1683,23.21900713183144,-,-,-,-
1437,1683,23.21900713183144,-,-,-,-
1438,1683,23.21900713183144,-,-,-,-
1439,1683,23.21900713183144,-,-,-,-
1440,1683,23.21900713183144,-,-,-,-
1441,1683,23.21900713183144,-,-,-,-
1442,1683,23.21900713183144,-,-,-,-
1443,1683,23.21900713183144,-,-,-,-
1444,1683,23.21900713183144,-,-,-,-
1445,1683,23.21900713183144,-,-,-,-
1446,1683,23.21900713183144,-,-,-,-
1447,1683,23.21900713183144,-,-,-,-
1448,1683,23.21900713183144,-,-,-,-
1449,1683,23.21900713183144,-,-,-,-
1450,1683,23.21900713183144,-,-,-,-
1451,1683,23.21900713183144,-,-,-,-
1452,1683,23.21900713183144,-,-,-,-
1453,1683,23.21900713183144,-,-,-,-
1454,1683,23.21900713183144,-,-,-,-
1455,1683,23.21900713183144,-,-,-,-
1456,1683,23.21900713183144,-,-,-,-
1457,1683,23.21900713183144,-,-,-,-
1458,1683,23.21900713183144,-,-,-,-
1459,1683,23.21900713183144,-,-,-,-
1460,1683,23.21900713183144,-,-,-,-
1461,1683,23.21900713183144,-,-,-,-
1462,1683,23.21900713183144,-,-,-,-
1463,1683,23.21900713183144,-,-,-,-
1464,1683,23.21900713183144,-,-,-,-
1465,1683,23.21900713183144,-,-,-,-
1466,1683,23.21900713183144,-,-,-,-
1467,1683,23.21900713183144,-,-,-,-
1468,1683,23.21900713183144,-,-,-,-
1469,1683,23.21900713183144,-,-,-,-
1470,1683,23.21900713183144,-,-,-,-
1471,1683,23.21900713183144,-,-,-,-
1472,1683,23.21900713183144,-,-,-,-
1473,1683,23.21900713183144,-,-,-,-
1474,1683,23.21900713183144,-,-,-,-
1475,1683,23.21900713183144,-,-,-,-
1476,1683,23.21900713183144,-,-,-,-
1477,1683,23.21900713183144,-,-,-,-
1478,1683,23.21900713183144,-,-,-,-
1479,1683,23.21900713183144,-,-,-,-
1480,1683,23.21900713183144,-,-,-,-
1481,1683,23.21900713183144,-,-,-,-
1482,1683,23.21900713183144,-,-,-,-
1483,1683,23.21900713183144,-,-,-,-
1484,1683,23.21900713183144,-,-,-,-
1485,1683,23.21900713183144,-,-,-,-
1486,1683,23.21900713183144,-,-,-,-
1487,1683,23.21900713183144,-,-,-,-
1488,1683,23.21900713183144,-,-,-,-
1489,1683,23.21900713183144,-,-,-,-
1490,1683,23.21900713183144,-,-,-,-
1491,1683,23.21900713183144,-,-,-,-
1492,1683,23.21900713183144,-,-,-,-
1493,1683,23.21900713183144,-,-,-,-
1494,1683,23.21900713183144,-,-,-,-
1495,1683,23.21900713183144,-,-,-,-
1496,1683,23.21900713183144,-,-,-,-
1497,1683,23.21900713183144,-,-,-,-
1498,1683,23.21900713183144,-,-,-,-
1499,1683,23.21900713183144,-,-,-,-
1500,1683,23.21900713183144,-,-,-,-
1501,1683,23.21900713183144,-,-,-,-
1502,1683,23.21900713183144,-,-,-,-
1503,1683,23.21900713183144,-,-,-,-
1504,1683,23.21900713183144,-,-,-,-
1505,1683,23.21900713183144,-,-,-,-
1506,1683,23.21900713183144,-,-,-,-
1507,1683,23.21900713183144,-,-,-,-
1508,1683,23.21900713183144,-,-,-,-
1509,1683,23.21900713183144,-,-,-,-
1510,1683,23.21900713183144,-,-,-,-
1511,1683,23.21900713183144,-,-,-,-
1512,1683,23.21900713183144,-,-,-,-
1513,1683,23.21900713183144,-,-,-,-
1514,1683,23.21900713183144,-,-,-,-
1515,1683,23.21900713183144,-,-,-,-
1516,1683,23.21900713183144,-,-,-,-
1517,1683,23.21900713183144,-,-,-,-
1518,1683,23.21900713183144,-,-,-,-
1519,1683,23.21900713183144,-,-,-,-
1520,1683,23.21900713183144,-,-,-,-
1521,1683,23.21900713183144,-,-,-,-
1522,1683,23.21900713183144,-,-,-,-
1523,1683,23.21900713183144,-,-,-,-
1524,1683,23.21900713183144,-,-,-,-
1525,1683,23.21900713183144,-,-,-,-
1526,1683,23.21900713183144,-,-,-,-
1527,1683,23.21900713183144,-,-,-,-
1528,1683,23.21900713183144,-,-,-,-
1529,1683,23.21900713183144,-,-,-,-
1530,1683,23.21900713183144,-,-,-,-
1531,1683,23.21900713183144,-,-,-,-
1532,1683,23.21900713183144,-,-,-,-
1533,1683,23.21900713183144,-,-,-,-
1534,1683,23.21900713183144,-,-,-,-
1535,1683,23.21900713183144,-,-,-,-
1536,1683,23.21900713183144,-,-,-,-
1537,1683,23.21900713183144,-,-,-,-
1538,1683,23.21900713183144,-,-,-,-
1539,1683,23.21900713183144,-,-,-,-
1540,1683,23.21900713183144,-,-,-,-
1541,1683,23.21900713183144,-,-,-,-
1542,1683,23.21900713183144,-,-,-,-
1543,1683,23.21900713183144,-,-,-,-
1544,1683,23.21900713183144,-,-,-,-
1545,1683,23.21900713183144,-,-,-,-
1546,1683,23.21900713183144,-,-,-,-
1547,1683,23.21900713183144,-,-,-,-
1548,1683,23.21900713183144,-,-,-,-
1549,1683,23.21900713183144,-,-,-,-
1550,1683,23.21900713183144,-,-,-,-
1551,1683,23.21900713183144,-,-,-,-
1552,1683,23.21900713183144,-,-,-,-
1553,1683,23.21900713183144,-,-,-,-
1554,1683,23.21900713183144,-,-,-,-
1555,1683,23.21900713183144,-,-,-,-
1556,1683,23.21900713183144,-,-,-,-
1557,1683,23.21900713183144,-,-,-,-
1558,1683,23.21900713183144,-,-,-,-
1559,1683,23.21900713183144,-,-,-,-
1560,1683,23.21900713183144,-,-,-,-
1561,1683,23.21900713183144,-,-,-,-
1562,1683,23.21900713183144,-,-,-,-
1563,1683,23.21900713183144,-,-,-,-
1564,1683,23.21900713183144,-,-,-,-
1565,1683,23.21900713183144,-,-,-,-
1566,1683,23.21900713183144,-,-,-,-
1567,1683,23.21900713183144,-,-,-,-
1568,1683,23.21900713183144,-,-,-,-
1569,1683,23.21900713183144,-,-,-,-
1570,1683,23.21900713183144,-,-,-,-
1571,1683,23.21900713183144,-,-,-,-
1572,1683,23.21900713183144,-,-,-,-
1573,1683,23.21900713183144,-,-,-,-
1574,1683,23.21900713183144,-,-,-,-
1575,1683,23.21900713183144,-,-,-,-
1576,1683,23.21900713183144,-,-,-,-
1577,1683,23.21900713183144,-,-,-,-
1578,1683,23.21900713183144,-,-,-,-
1579,1683,23.21900713183144,-,-,-,-
1580,1683,23.21900713183144,-,-,-,-
1581,1683,23.21900713183144,-,-,-,-
1582,1683,23.21900713183144,-,-,-,-
1583,1683,23.21900713183144,-,-,-,-
1584,1683,23.21900713183144,-,-,-,-
1585,1683,23.21900713183144,-,-,-,-
1586,1683,23.21900713183144,-,-,-,-
1587,1683,23.21900713183144,-,-,-,-
1588,1683,23.21900713183144,-,-,-,-
1589,1683,23.21900713183144,-,-,-,-
1590,1683,23.21900713183144,-,-,-,-
1591,1683,23.21900713183144,-,-,-,-
1592,1683,23.21900713183144,-,-,-,-
1593,1683,23.21900713183144,-,-,-,-
1594,1683,23.21900713183144,-,-,-,-
1595,1683,23.21900713183144,-,-,-,-
1596,1683,23.21900713183144,-,-,-,-
1597,1683,23.21900713183144,-,-,-,-
1598,1683,23.21900713183144,-,-,-,-
1599,1683,23.21900713183144,-,-,-,-
1600,1683,23.21900713183144,-,-,-,-
1601,1683,23.21900713183144,-,-,-,-
1602,1683,23.21900713183144,-,-,-,-
1603,1683,23.21900713183144,-,-,-,-
1604,1683,23.21900713183144,-,-,-,-
1605,1683,23.21900713183144,-,-,-,-
1606,1683,23.21900713183144,-,-,-,-
1607,1683,23.21900713183144,-,-,-,-
1608,1683,23.21900713183144,-,-,-,-
1609,1683,23.21900713183144,-,-,-,-
1610,1683,23.21900713183144,-,-,-,-
1611,1683,23.21900713183144,-,-,-,-
1612,1683,23.21900713183144,-,-,-,-
1613,1683,23.21900713183144,-,-,-,-
1614,1683,23.21900713183144,-,-,-,-
1615,1683,23.21900713183144,-,-,-,-
1616,1683,23.21900713183144,-,-,-,-
1617,1683,23.21900713183144,-,-,-,-
1618,1683,23.21900713183144,-,-,-,-
1619,1683,23.21900713183144,-,-,-,-
1620,1683,23.21900713183144,-,-,-,-
1621,1683,23.21900713183144,-,-,-,-
1622,1683,23.21900713183144,-,-,-,-
1623,1683,23.21900713183144,-,-,-,-
1624,1683,23.21900713183144,-,-,-,-
1625,1683,23.21900713183144,-,-,-,-
1626,1683,23.21900713183144,-,-,-,-
1627,1683,23.21900713183144,-,-,-,-
1628,1683,23.21900713183144,-,-,-,-
1629,1683,23.21900713183144,-,-,-,-
1630,1683,23.21900713183144,-,-,-,-
1631,1683,23.21900713183144,-,-,-,-
1632,1683,23.21900713183144,-,-,-,-
1633,1683,23.21900713183144,-,-,-,-
1634,1683,23.21900713183144,-,-,-,-
1635,1683,23.21900713183144,-,-,-,-
1636,1683,23.21900713183144,-,-,-,-
1637,1683,23.21900713183144,-,-,-,-
1638,1683,23.21900713183144,-,-,-,-
1639,1683,23.21900713183144,-,-,-,-
1640,1683,23.21900713183144,-,-,-,-
1641,1683,23.21900713183144,-,-,-,-
1642,1683,23.21900713183144,-,-,-,-
1643,1683,23.21900713183144,-,-,-,-
1644,1683,23.21900713183144,-,-,-,-
1645,1683,23.21900713183144,-,-,-,-
1646,1683,23.21900713183144,-,-,-,-
1647,1683,23.21900713183144,-,-,-,-
1648,1683,23.21900713183144,-,-,-,-
1649,1683,23.21900713183144,-,-,-,-
1650,1683,23.21900713183144,-,-,-,-
1651,1683,23.21900713183144,-,-,-,-
1652,1683,23.21900713183144,-,-,-,-
1653,1683,23.21900713183144,-,-,-,-
1654,1683,23.21900713183144,-,-,-,-
1655,1683,23.21900713183144,-,-,-,-
1656,1683,23.21900713183144,-,-,-,-
1657,1683,23.21900713183144,-,-,-,-
1658,1683,23.21900713183144,-,-,-,-
1659,1683,23.21900713183144,-,-,-,-
1660,1683,23.21900713183144,-,-,-,-
1661,1683,23.21900713183144,-,-,-,-
1662,1683,23.21900713183144,-,-,-,-
1663,1683,23.21900713183144,-,-,-,-
1664,1683,23.21900713183144,-,-,-,-
1665,1683,23.21900713183144,-,-,-,-
1666,1683,23.21900713183144,-,-,-,-
1667,1683,23.21900713183144,-,-,-,-
1668,1683,23.21900713183144,-,-,-,-
1669,1683,23.21900713183144,-,-,-,-
1670,1683,23.21900713183144,-,-,-,-
1671,1683,23.21900713183144,-,-,-,-
1672,1683,23.21900713183144,-,-,-,-
1673,1683,23.21900713183144,-,-,-,-
1674,1683,23.21900713183144,-,-,-,-
1675,1683,23.21900713183144,-,-,-,-
1676,1683,23.21900713183144,-,-,-,-
1677,1683,23.21900713183144,-,-,-,-
1678,1683,23.21900713183144,-,-,-,-
1679,1683,23.21900713183144,-,-,-,-
1680,1683,23.21900713183144,-,-,-,-
1681,1683,23.21900713183144,-,-,-,-
1682,1683,23.21900713183144,-,-,-,-
1683,1683,23.21900713183144,-,-,-,-
1684,1684,82.61733929381509,-,-,-,-
1685,1685,151.20142191649018,-,-,-,-
1686,1686,220.56259430131237,-,-,-,-
1687,1687,220.56259430131237,-,-,-,-
1688,1688,220.56259430131237,-,-,-,-
1689,1689,220.56259430131237,-,-,-,-
1690,1690,220.56259430131237,-,-,-,-
1691,1691,220.56259430131237,-,-,-,-
1692,1692,220.56259430131237,-,-,-,-
1693,1693,220.56259430131237,-,-,-,-
1694,1694,220.56259430131237,-,-,-,-
1695,1695,220.56259430131237,-,-,-,-
1696,1696,220.56259430131237,-,-,-,-
1697,1697,220.56259430131237,-,-,-,-
1698,1698,220.56259430131237,-,-,-,-
1699,1699,220.56259430131237,-,-,-,-
1700,1700,220.56259430131237,-,-,-,-
1701,1701,220.56259430131237,-,-,-,-
1702,1702,220.56259430131237,-,-,-,-
1703,1703,220.56259430131237,-,-,-,-
1704,1704,220.56259430131237,-,-,-,-
1705,1705,220.56259430131237,-,-,-,-
1706,1706,220.56259430131237,-,-,-,-
1707,1707,220.56259430131237,-,-,-,-
1708,1708,220.56259430131237,-,-,-,-
1709,1709,220.56259430131237,-,-,-,-
1710,1710,220.56259430131237,-,-,-,-
1711,1711,220.56259430131237,-,-,-,-
1712,1712,220.56259430131237,-,-,-,-
1713,1713,220.56259430131237,-,-,-,-
1714,1714,220.56259430131237,-,-,-,-
1715,1715,220.56259430131237,-,-,-,-
1716,1716,220.56259430131237,-,-,-,-
1717,1717,220.56259430131237,-,-,-,-
1718,1718,220.56259430131237,-,-,-,-
1719,1719,220.56259430131237,-,-,-,-
1720,1720,220.56259430131237,-,-,-,-
1721,1721,220.56259430131237,-,-,-,-
1722,1722,220.56259430131237,-,-,-,-
1723,1723,220.56259430131237,-,-,-,-
1724,1724,220.56259430131237,-,-,-,-
1725,1725,220.56259430131237,-,-,-,-
1726,1726,220.56259430131237,-,-,-,-
1727,1727,220.56259430131237,-,-,-,-
1728,1728,220.56259430131237,-,-,-,-
1729,1729,251.47585081977383,-,-,-,-
1730,1730,282.4578381566582,-,-,-,-
1731,1731,313.48817900638096,-,-,-,-
1732,1732,344.5538095382789,-,-,-,-
1733,1733,344.5538095382789,-,-,-,-
1734,1734,344.5538095382789,-,-,-,-
1735,1735,344.5538095382789,-,-,-,-
1736,1736,344.5538095382789,-,-,-,-
1737,1737,344.5538095382789,-,-,-,-
1738,1738,344.5538095382789,-,-,-,-
1739,1739,344.5538095382789,-,-,-,-
1740,1740,344.5538095382789,-,-,-,-
1741,1741,344.5538095382789,-,-,-,-
1742,1742,344.5538095382789,-,-,-,-
1743,1743,344.5538095382789,-,-,-,-
1744,1744,344.5538095382789,-,-,-,-
1745,1745,344.5538095382789,-,-,-,-
1746,1746,344.5538095382789,-,-,-,-
1747,1747,344.5538095382789,-,-,-,-
1748,1748,344.5538095382789,-,-,-,-
1749,1749,344.5538095382789,-,-,-,-
1750,1750,344.5538095382789,-,-,-,-
1751,1751,344.5538095382789,-,-,-,-
1752,1752,344.5538095382789,-,-,-,-
1753,1753,344.5538095382789,-,-,-,-
1754,1754,344.5538095382789,-,-,-,-
1755,1755,344.5538095382789,-,-,-,-
1756,1756,344.5538095382789,-,-,-,-
1757,1757,344.5538095382789,-,-,-,-
1758,1758,344.5538095382789,-,-,-,-
1759,1759,344.5538095382789,-,-,-,-
1760,1760,344.5538095382789,-,-,-,-
1761,1761,344.5538095382789,-,-,-,-
1762,1762,344.5538095382789,-,-,-,-
1763,1763,344.5538095382789,-,-,-,-
1764,1764,344.5538095382789,-,-,-,-
1765,1765,344.5538095382789,-,-,-,-
1766,1766,344.5538095382789,-,-,-,-
1767,1767,344.5538095382789,-,-,-,-
1768,1768,344.5538095382789,-,-,-,-
1769,1769,344.5538095382789,-,-,-,-
1770,1770,344.5538095382789,-,-,-,-
1771,1771,344.5538095382789,-,-,-,-
1772,1772,344.5538095382789,-,-,-,-
1773,1773,344.5538095382789,-,-,-,-
1774,1774,344.5538095382789,-,-,-,-
1775,1775,344.5538095382789,-,-,-,-
1776,1776,344.5538095382789,-,-,-,-
1777,1777,344.5538095382789,-,-,-,-
1778,1778,344.5538095382789,-,-,-,-
1779,1779,344.5538095382789,-,-,-,-
