path_ref,path_query,path_distance,ref_x,ref_y,query_x,query_y
0,0,63.839855476353016,935.5176827057545,494.54530999119504,859.3,543.9
1,1,63.839855476353016,935.5176827057545,494.54530999119504,859.3,543.9
2,2,63.839855476353016,935.5176827057545,494.54530999119504,859.3,543.9
3,3,63.839855476353016,935.5176827057545,494.54530999119504,859.3,543.9
4,4,63.839855476353016,935.5176827057545,494.54530999119504,859.3,543.9
5,5,63.839855476353016,935.5176827057545,494.54530999119504,859.3,543.9
6,6,63.839855476353016,935.5176827057545,494.54530999119504,859.3,543.9
7,7,63.839855476353016,935.5176827057545,494.54530999119504,859.3,543.9
8,8,63.839855476353016,935.5176827057545,494.54530999119504,859.3,543.9
9,9,63.839855476353016,935.5176827057545,494.54530999119504,859.3,543.9
10,10,63.839855476353016,935.5176827057545,494.54530999119504,859.3,543.9
11,11,63.839855476353016,935.5176827057545,494.54530999119504,859.3,543.9
12,12,63.839855476353016,935.5176827057545,494.54530999119504,859.3,543.9
13,13,63.839855476353016,935.5176827057545,494.54530999119504,859.3,543.9
14,14,63.839855476353016,935.5176827057545,494.54530999119504,859.3,543.9
15,15,63.839855476353016,935.5176827057545,494.54530999119504,859.3,543.9
16,16,63.839855476353016,935.5176827057545,494.54530999119504,859.3,543.9
17,17,63.839855476353016,935.5176827057545,494.54530999119504,859.3,543.9
18,18,63.839855476353016,935.5176827057545,494.54530999119504,859.3,543.9
19,19,63.839855476353016,935.5176827057545,494.54530999119504,859.3,543.9
20,20,63.839855476353016,935.5176827057545,494.54530999119504,859.3,543.9
21,21,63.839855476353016,935.5176827057545,494.54530999119504,859.3,543.9
22,22,63.839855476353016,935.5176827057545,494.54530999119504,859.3,543.9
23,23,63.839855476353016,935.5176827057545,494.54530999119504,859.3,543.9
24,24,63.28303881271462,935.5176827057545,494.54530999119504,872.2958333333333,544.6083333333333
25,25,45.33801784428559,935.5176827057545,494.54530999119504,885.2916666666666,545.3166666666666
26,26,6.737025352695863,935.5176827057545,494.54530999119504,898.2874999999999,546.025
27,27,0.6889863121222176,935.5176827057545,494.54530999119504,911.2833333333333,546.7333333333333
28,28,0.727602457628075,935.5176827057545,494.54530999119504,924.2791666666667,547.4416666666666
29,29,0.8064596263809001,935.5176827057545,494.54530999119504,937.275,548.15
30,30,1.0301855505719268,935.5176827057545,494.54530999119504,950.2708333333333,548.8583333333333
31,31,1.6891966069006041,935.5176827057545,494.54530999119504,963.2666666666667,549.5666666666666
32,32,1.4915697537558454,935.5176827057545,494.54530999119504,976.2625,550.275
32,33,1.3755876074116533,936.5176827057545,501.54530999119504,989.2583333333333,550.9833333333333
32,34,1.3249845057960545,936.5176827057545,501.54530999119504,1002.2541666666666,551.6916666666666
32,35,4.0491665259207235,936.5176827057545,501.54530999119504,1015.25,552.4
32,36,50.07555856842072,936.5176827057545,501.54530999119504,1028.2458333333334,553.1083333333333
32,37,118.61510896554886,936.5176827057545,501.54530999119504,1041.2416666666668,553.8166666666666
32,38,126.57536606858338,936.5176827057545,501.54530999119504,1054.2375,554.525
32,39,126.36818720550781,936.5176827057545,501.54530999119504,1067.2333333333333,555.2333333333333
32,40,125.85914258619991,936.5176827057545,501.54530999119504,1080.2291666666667,555.9416666666666
32,41,125.43095174217656,936.5176827057545,501.54530999119504,1093.225,556.65
32,42,125.077391288072,936.5176827057545,501.54530999119504,1106.2208333333333,557.3583333333333
32,43,124.78110494607876,936.5176827057545,501.54530999119504,1119.2166666666667,558.0666666666666
32,44,124.52926041708675,936.5176827057545,501.54530999119504,1132.2125,558.775
32,45,124.31256552652235,936.5176827057545,501.54530999119504,1145.2083333333335,559.4833333333333
32,46,124.12414677636521,936.5176827057545,501.54530999119504,1158.2041666666667,560.1916666666666
32,47,123.95881198234059,936.5176827057545,501.54530999119504,1171.2,560.9
32,48,123.95881198234059,936.5176827057545,501.54530999119504,1171.2,560.9
32,49,123.95881198234059,936.5176827057545,501.54530999119504,1171.2,560.9
32,50,123.95881198234059,936.5176827057545,501.54530999119504,1171.2,560.9
32,51,123.95881198234059,936.5176827057545,501.54530999119504,1171.2,560.9
32,52,123.95881198234059,936.5176827057545,501.54530999119504,1171.2,560.9
32,53,123.95881198234059,936.5176827057545,501.54530999119504,1171.2,560.9
32,54,123.95881198234059,936.5176827057545,501.54530999119504,1171.2,560.9
32,55,123.95881198234059,936.5176827057545,501.54530999119504,1171.2,560.9
32,56,123.95881198234059,936.5176827057545,501.54530999119504,1171.2,560.9
32,57,123.95881198234059,936.5176827057545,501.54530999119504,1171.2,560.9
32,58,123.95881198234059,936.5176827057545,501.54530999119504,1171.2,560.9
32,59,123.95881198234059,936.5176827057545,501.54530999119504,1171.2,560.9
32,60,123.95881198234059,936.5176827057545,501.54530999119504,1171.2,560.9
32,61,123.95881198234059,936.5176827057545,501.54530999119504,1171.2,560.9
32,62,123.95881198234059,936.5176827057545,501.54530999119504,1171.2,560.9
32,63,123.95881198234059,936.5176827057545,501.54530999119504,1171.2,560.9
32,64,123.95881198234059,936.5176827057545,501.54530999119504,1171.2,560.9
32,65,123.95881198234059,936.5176827057545,501.54530999119504,1171.2,560.9
32,66,123.95881198234059,937.5176827057545,508.54530999119504,1171.2,560.9
32,67,123.95881198234059,937.5176827057545,508.54530999119504,1171.2,560.9
32,68,123.95881198234059,937.5176827057545,508.54530999119504,1171.2,560.9
32,69,123.95881198234059,937.5176827057545,508.54530999119504,1171.2,560.9
32,70,123.95881198234059,937.5176827057545,508.54530999119504,1171.2,560.9
32,71,123.95881198234059,937.5176827057545,508.54530999119504,1171.2,560.9
32,72,123.95881198234059,937.5176827057545,508.54530999119504,1171.2,560.9
32,73,123.95881198234059,937.5176827057545,508.54530999119504,1171.2,560.9
32,74,123.95881198234059,937.5176827057545,508.54530999119504,1171.2,560.9
32,75,123.95881198234059,937.5176827057545,508.54530999119504,1171.2,560.9
32,76,123.95881198234059,937.5176827057545,508.54530999119504,1171.2,560.9
32,77,123.95881198234059,937.5176827057545,508.54530999119504,1171.2,560.9
32,78,123.95881198234059,937.5176827057545,508.54530999119504,1171.2,560.9
32,79,123.95881198234059,937.5176827057545,508.54530999119504,1171.2,560.9
32,80,123.95881198234059,937.5176827057545,508.54530999119504,1171.2,560.9
32,81,123.95881198234059,937.5176827057545,508.54530999119504,1171.2,560.9
32,82,123.95881198234059,937.5176827057545,508.54530999119504,1171.2,560.9
32,83,123.95881198234059,937.5176827057545,508.54530999119504,1171.2,560.9
32,84,123.95881198234059,937.5176827057545,508.54530999119504,1171.2,560.9
32,85,123.95881198234059,937.5176827057545,508.54530999119504,1171.2,560.9
32,86,123.95881198234059,937.5176827057545,508.54530999119504,1171.2,560.9
32,87,123.95881198234059,937.5176827057545,508.54530999119504,1171.2,560.9
32,88,123.95881198234059,937.5176827057545,508.54530999119504,1171.2,560.9
32,89,123.95881198234059,937.5176827057545,508.54530999119504,1171.2,560.9
32,90,123.95881198234059,937.5176827057545,508.54530999119504,1171.2,560.9
32,91,123.95881198234059,937.5176827057545,508.54530999119504,1171.2,560.9
32,92,123.95881198234059,937.5176827057545,508.54530999119504,1171.2,560.9
32,93,123.95881198234059,937.5176827057545,508.54530999119504,1171.2,560.9
32,94,123.95881198234059,937.5176827057545,508.54530999119504,1171.2,560.9
32,95,123.95881198234059,937.5176827057545,508.54530999119504,1171.2,560.9
32,96,123.95881198234059,937.5176827057545,508.54530999119504,1171.2,560.9
32,97,123.95881198234059,937.5176827057545,508.54530999119504,1171.2,560.9
32,98,123.95881198234059,937.5176827057545,508.54530999119504,1171.2,560.9
32,99,123.95881198234059,937.5176827057545,508.54530999119504,1171.2,560.9
32,100,123.95881198234059,938.5176827057545,515.545309991195,1171.2,560.9
32,101,123.95881198234059,938.5176827057545,515.545309991195,1171.2,560.9
32,102,123.95881198234059,938.5176827057545,515.545309991195,1171.2,560.9
32,103,123.95881198234059,938.5176827057545,515.545309991195,1171.2,560.9
32,104,123.95881198234059,938.5176827057545,515.545309991195,1171.2,560.9
32,105,123.95881198234059,938.5176827057545,515.545309991195,1171.2,560.9
32,106,123.95881198234059,938.5176827057545,515.545309991195,1171.2,560.9
32,107,123.95881198234059,938.5176827057545,515.545309991195,1171.2,560.9
32,108,123.95881198234059,938.5176827057545,515.545309991195,1171.2,560.9
32,109,123.95881198234059,938.5176827057545,515.545309991195,1171.2,560.9
32,110,123.95881198234059,938.5176827057545,515.545309991195,1171.2,560.9
32,111,123.95881198234059,938.5176827057545,515.545309991195,1171.2,560.9
32,112,123.95881198234059,938.5176827057545,515.545309991195,1171.2,560.9
32,113,123.95881198234059,938.5176827057545,515.545309991195,1171.2,560.9
32,114,123.95881198234059,938.5176827057545,515.545309991195,1171.2,560.9
32,115,123.95881198234059,938.5176827057545,515.545309991195,1171.2,560.9
32,116,123.95881198234059,938.5176827057545,515.545309991195,1171.2,560.9
32,117,123.95881198234059,938.5176827057545,515.545309991195,1171.2,560.9
32,118,123.95881198234059,938.5176827057545,515.545309991195,1171.2,560.9
32,119,123.95881198234059,938.5176827057545,515.545309991195,1171.2,560.9
32,120,123.67863417927306,938.5176827057545,515.545309991195,1157.625,558.58125
32,121,123.3568092092572,938.5176827057545,515.545309991195,1144.05,556.2624999999999
32,122,122.98333121625832,938.5176827057545,515.545309991195,1130.4750000000001,553.94375
32,123,122.54472046553575,938.5176827057545,515.545309991195,1116.9,551.625
32,124,122.02237356203841,938.5176827057545,515.545309991195,1103.325,549.30625
32,125,121.3897670428741,938.5176827057545,515.545309991195,1089.75,546.9875
32,126,120.60497512490561,938.5176827057545,515.545309991195,1076.175,544.6687499999999
32,127,119.53326440060864,938.5176827057545,515.545309991195,1062.6,542.3499999999999
32,128,116.35491222774893,938.5176827057545,515.545309991195,1049.025,540.03125
32,129,83.67846961394399,938.5176827057545,515.545309991195,1035.45,537.7125
32,130,11.518718966878506,938.5176827057545,515.545309991195,1021.875,535.39375
33,131,0.5836390065985643,938.5176827057545,515.545309991195,1008.3,533.0749999999999
34,132,0.2312264228881499,938.5176827057545,515.545309991195,994.725,530.7562499999999
35,133,0.2013556297350489,940.5176827057545,523.545309991195,981.15,528.4375
36,134,0.13033221180775997,940.5176827057545,523.545309991195,967.575,526.11875
37,135,0.02407086665841245,940.5176827057545,523.545309991195,954.0,523.8
38,136,0.02407086665841245,940.5176827057545,523.545309991195,954.0,523.8
39,137,0.02407086665841245,940.5176827057545,523.545309991195,954.0,523.8
40,138,0.02407086665841245,940.5176827057545,523.545309991195,954.0,523.8
41,139,0.02407086665841245,940.5176827057545,523.545309991195,954.0,523.8
42,140,0.02407086665841245,940.5176827057545,523.545309991195,954.0,523.8
43,141,0.02407086665841245,940.5176827057545,523.545309991195,954.0,523.8
44,142,0.02407086665841245,940.5176827057545,523.545309991195,954.0,523.8
45,143,0.02407086665841245,940.5176827057545,523.545309991195,954.0,523.8
46,144,0.02407086665841245,940.5176827057545,523.545309991195,954.0,523.8
47,145,0.02407086665841245,940.5176827057545,523.545309991195,954.0,523.8
48,146,0.02407086665841245,940.5176827057545,523.545309991195,954.0,523.8
49,147,0.02407086665841245,940.5176827057545,523.545309991195,954.0,523.8
50,148,0.02407086665841245,940.5176827057545,523.545309991195,954.0,523.8
51,149,0.02407086665841245,940.5176827057545,523.545309991195,954.0,523.8
52,150,0.02407086665841245,940.5176827057545,523.545309991195,954.0,523.8
53,151,0.02407086665841245,940.5176827057545,523.545309991195,954.0,523.8
54,152,0.02407086665841245,940.5176827057545,523.545309991195,954.0,523.8
55,153,0.02407086665841245,940.5176827057545,523.545309991195,954.0,523.8
56,154,0.02407086665841245,940.5176827057545,523.545309991195,954.0,523.8
57,155,0.02407086665841245,940.5176827057545,523.545309991195,954.0,523.8
58,156,0.02407086665841245,940.5176827057545,523.545309991195,954.0,523.8
59,157,0.02407086665841245,940.5176827057545,523.545309991195,954.0,523.8
60,158,0.02407086665841245,940.5176827057545,523.545309991195,954.0,523.8
61,159,0.02407086665841245,940.5176827057545,523.545309991195,954.0,523.8
62,160,0.02407086665841245,940.5176827057545,523.545309991195,954.0,523.8
63,161,0.02407086665841245,940.5176827057545,523.545309991195,954.0,523.8
64,162,0.02407086665841245,940.5176827057545,523.545309991195,954.0,523.8
65,163,0.02407086665841245,940.5176827057545,523.545309991195,954.0,523.8
66,164,0.007506697095106795,940.5176827057545,523.545309991195,954.0,523.8
67,165,0.007506697095106795,940.5176827057545,523.545309991195,954.0,523.8
68,166,0.007506697095106795,940.5176827057545,523.545309991195,954.0,523.8
69,167,0.007506697095106795,940.5176827057545,523.545309991195,954.0,523.8
70,168,0.007506697095106795,940.5176827057545,523.545309991195,954.0,523.8
71,169,0.007506697095106795,940.5176827057545,523.545309991195,954.0,523.8
72,170,0.007506697095106795,940.5176827057545,523.545309991195,954.0,523.8
73,171,0.007506697095106795,940.5176827057545,523.545309991195,954.0,523.8
74,172,0.007506697095106795,940.5176827057545,523.545309991195,954.0,523.8
75,173,0.007506697095106795,940.5176827057545,523.545309991195,954.0,523.8
76,174,0.007506697095106795,940.5176827057545,523.545309991195,954.0,523.8
77,175,0.007506697095106795,940.5176827057545,523.545309991195,954.0,523.8
78,176,0.007506697095106795,940.5176827057545,523.545309991195,954.0,523.8
79,177,0.007506697095106795,940.5176827057545,523.545309991195,954.0,523.8
80,178,0.007506697095106795,940.5176827057545,523.545309991195,954.0,523.8
81,179,0.007506697095106795,940.5176827057545,523.545309991195,954.0,523.8
82,180,0.007506697095106795,940.5176827057545,523.545309991195,954.0,523.8
83,181,0.007506697095106795,940.5176827057545,523.545309991195,954.0,523.8
84,182,0.007506697095106795,940.5176827057545,523.545309991195,954.0,523.8
85,183,0.007506697095106795,940.5176827057545,523.545309991195,954.0,523.8
86,184,0.007506697095106795,940.5176827057545,523.545309991195,954.0,523.8
87,185,0.007506697095106795,940.5176827057545,523.545309991195,954.0,523.8
88,186,0.007506697095106795,940.5176827057545,523.545309991195,954.0,523.8
89,187,0.007506697095106795,940.5176827057545,523.545309991195,954.0,523.8
90,188,0.007506697095106795,940.5176827057545,523.545309991195,954.0,523.8
91,189,0.007506697095106795,940.5176827057545,523.545309991195,954.0,523.8
92,190,0.007506697095106795,940.5176827057545,523.545309991195,954.0,523.8
93,191,0.007506697095106795,940.5176827057545,523.545309991195,954.0,523.8
94,192,0.007506697095106795,940.5176827057545,523.545309991195,954.0,523.8
95,193,0.007506697095106795,940.5176827057545,523.545309991195,954.0,523.8
96,194,0.007506697095106795,940.5176827057545,523.545309991195,954.0,523.8
97,195,0.007506697095106795,940.5176827057545,523.545309991195,954.0,523.8
98,196,0.007506697095106795,940.5176827057545,523.545309991195,954.0,523.8
99,197,0.007506697095106795,940.5176827057545,523.545309991195,954.0,523.8
100,198,0.002501377904685913,940.5176827057545,523.545309991195,954.0,523.8
101,199,0.002501377904685913,940.5176827057545,523.545309991195,954.0,523.8
102,200,0.002501377904685913,940.5176827057545,523.545309991195,954.0,523.8
103,201,0.002501377904685913,940.5176827057545,523.545309991195,954.0,523.8
104,202,0.002501377904685913,940.5176827057545,523.545309991195,954.0,523.8
105,203,0.002501377904685913,940.5176827057545,523.545309991195,954.0,523.8
106,204,0.002501377904685913,940.5176827057545,523.545309991195,954.0,523.8
107,205,0.002501377904685913,940.5176827057545,523.545309991195,954.0,523.8
108,206,0.002501377904685913,940.5176827057545,523.545309991195,954.0,523.8
109,207,0.002501377904685913,940.5176827057545,523.545309991195,954.0,523.8
110,208,0.002501377904685913,940.5176827057545,523.545309991195,954.0,523.8
111,209,0.002501377904685913,940.5176827057545,523.545309991195,954.0,523.8
112,210,0.002501377904685913,940.5176827057545,523.545309991195,954.0,523.8
113,211,0.002501377904685913,940.5176827057545,523.545309991195,954.0,523.8
114,212,0.002501377904685913,940.5176827057545,523.545309991195,954.0,523.8
115,213,0.002501377904685913,940.5176827057545,523.545309991195,954.0,523.8
116,214,0.002501377904685913,940.5176827057545,523.545309991195,954.0,523.8
117,215,0.002501377904685913,940.5176827057545,523.545309991195,954.0,523.8
118,216,0.002501377904685913,940.5176827057545,523.545309991195,954.0,523.8
119,217,0.002501377904685913,940.5176827057545,523.545309991195,954.0,523.8
120,218,0.002501377904685913,940.5176827057545,523.545309991195,954.0,523.8
121,219,0.002501377904685913,940.5176827057545,523.545309991195,954.0,523.8
122,220,0.002501377904685913,940.5176827057545,523.545309991195,954.0,523.8
123,221,0.002501377904685913,940.5176827057545,523.545309991195,954.0,523.8
124,222,0.002501377904685913,940.5176827057545,523.545309991195,954.0,523.8
125,223,0.002501377904685913,940.5176827057545,523.545309991195,954.0,523.8
126,224,0.002501377904685913,940.5176827057545,523.545309991195,954.0,523.8
127,225,0.002501377904685913,940.5176827057545,523.545309991195,954.0,523.8
128,226,0.002501377904685913,940.5176827057545,523.545309991195,954.0,523.8
129,227,0.002501377904685913,940.5176827057545,523.545309991195,954.0,523.8
130,228,0.002501377904685913,940.5176827057545,523.545309991195,954.0,523.8
131,229,0.002501377904685913,940.5176827057545,523.545309991195,954.0,523.8
132,230,0.002501377904685913,940.5176827057545,523.545309991195,954.0,523.8
133,231,0.0006847069892870761,940.5176827057545,523.545309991195,954.0,523.8
134,232,0.0006847069892870761,940.5176827057545,523.545309991195,954.0,523.8
135,233,0.0006847069892870761,940.5176827057545,523.545309991195,954.0,523.8
136,234,0.0006847069892870761,940.5176827057545,523.545309991195,954.0,523.8
137,235,0.0006847069892870761,940.5176827057545,523.545309991195,954.0,523.8
138,236,0.0006847069892870761,940.5176827057545,523.545309991195,954.0,523.8
139,237,0.0006847069892870761,940.5176827057545,523.545309991195,954.0,523.8
140,238,0.0006847069892870761,940.5176827057545,523.545309991195,954.0,523.8
141,239,0.0006847069892870761,940.5176827057545,523.545309991195,954.0,523.8
142,240,0.0006847069892870761,940.5176827057545,523.545309991195,954.0,523.8
143,241,0.0006847069892870761,940.5176827057545,523.545309991195,954.0,523.8
144,242,0.0006847069892870761,940.5176827057545,523.545309991195,954.0,523.8
145,243,0.0006847069892870761,940.5176827057545,523.545309991195,954.0,523.8
146,244,0.0006847069892870761,940.5176827057545,523.545309991195,954.0,523.8
147,245,0.0006847069892870761,940.5176827057545,523.545309991195,954.0,523.8
148,246,0.0006847069892870761,940.5176827057545,523.545309991195,954.0,523.8
149,247,0.0006847069892870761,940.5176827057545,523.545309991195,954.0,523.8
150,248,0.0006847069892870761,940.5176827057545,523.545309991195,954.0,523.8
151,249,0.0006847069892870761,940.5176827057545,523.545309991195,954.0,523.8
152,250,0.0006847069892870761,940.5176827057545,523.545309991195,954.0,523.8
153,251,0.0006847069892870761,940.5176827057545,523.545309991195,954.0,523.8
154,252,0.0006847069892870761,940.5176827057545,523.545309991195,954.0,523.8
155,253,0.0006847069892870761,940.5176827057545,523.545309991195,954.0,523.8
156,254,0.0006847069892870761,940.5176827057545,523.545309991195,954.0,523.8
157,255,0.0006847069892870761,940.5176827057545,523.545309991195,954.0,523.8
158,256,0.0006847069892870761,940.5176827057545,523.545309991195,954.0,523.8
159,257,0.0006847069892870761,940.5176827057545,523.545309991195,954.0,523.8
160,258,0.0006847069892870761,940.5176827057545,523.545309991195,954.0,523.8
161,259,0.0006847069892870761,940.5176827057545,523.545309991195,954.0,523.8
162,260,0.0006847069892870761,940.5176827057545,523.545309991195,954.0,523.8
163,261,0.0006847069892870761,940.5176827057545,523.545309991195,954.0,523.8
164,262,0.0006847069892870761,940.5176827057545,523.545309991195,954.0,523.8
165,263,0.0006847069892870761,940.5176827057545,523.545309991195,954.0,523.8
166,264,0.0006847069892870761,940.5176827057545,523.545309991195,954.0,523.8
167,265,0.0006847069892870761,940.5176827057545,523.545309991195,954.0,523.8
168,266,0.0006847069892870761,940.5176827057545,523.545309991195,954.0,523.8
169,267,0.0006847069892870761,940.5176827057545,523.545309991195,954.0,523.8
170,268,0.0006847069892870761,940.5176827057545,523.545309991195,954.0,523.8
171,269,0.0006847069892870761,940.5176827057545,523.545309991195,954.0,523.8
172,270,0.0006847069892870761,940.5176827057545,523.545309991195,954.0,523.8
173,271,0.0006847069892870761,940.5176827057545,523.545309991195,954.0,523.8
174,272,0.0006847069892870761,940.5176827057545,523.545309991195,954.0,523.8
175,273,0.0006847069892870761,940.5176827057545,523.545309991195,954.0,523.8
176,274,0.0006847069892870761,940.5176827057545,523.545309991195,954.0,523.8
177,275,0.0006847069892870761,940.5176827057545,523.545309991195,954.0,523.8
178,276,0.0006847069892870761,940.5176827057545,523.545309991195,954.0,523.8
179,277,0.0006847069892870761,940.5176827057545,523.545309991195,954.0,523.8
180,278,0.0006847069892870761,940.5176827057545,523.545309991195,954.0,523.8
181,279,0.0006847069892870761,940.5176827057545,523.545309991195,954.0,523.8
182,280,0.0006847069892870761,940.5176827057545,523.545309991195,954.0,523.8
183,281,0.0006847069892870761,940.5176827057545,523.545309991195,954.0,523.8
184,282,0.0006847069892870761,940.5176827057545,523.545309991195,954.0,523.8
185,283,0.0006847069892870761,940.5176827057545,523.545309991195,954.0,523.8
186,284,0.0006847069892870761,940.5176827057545,523.545309991195,954.0,523.8
187,285,0.0006847069892870761,940.5176827057545,523.545309991195,954.0,523.8
188,286,0.0006847069892870761,940.5176827057545,523.545309991195,954.0,523.8
189,287,0.0006847069892870761,940.5176827057545,523.545309991195,954.0,523.8
190,288,0.0006847069892870761,940.5176827057545,523.545309991195,954.0,523.8
191,289,0.0006847069892870761,940.5176827057545,523.545309991195,954.0,523.8
192,290,0.0006847069892870761,940.5176827057545,523.545309991195,954.0,523.8
193,291,0.0006847069892870761,940.5176827057545,523.545309991195,954.0,523.8
194,292,0.0006847069892870761,940.5176827057545,523.545309991195,954.0,523.8
195,293,0.000637835394637443,940.5176827057545,523.545309991195,952.6125,522.025
196,294,0.0006003710622867322,940.5176827057545,523.545309991195,951.225,520.25
197,295,0.0005697852968974876,940.5176827057545,523.545309991195,949.8375,518.475
198,295,0.0005697852968974876,940.5176827057545,523.545309991195,948.45,516.7
199,295,0.0005697852968974876,940.5176827057545,523.545309991195,947.0625,514.925
200,295,0.0005697852968974876,940.5176827057545,523.545309991195,945.675,513.15
201,295,0.0005697852968974876,940.5176827057545,523.545309991195,944.2875,511.375
202,295,0.0005697852968974876,940.5176827057545,523.545309991195,942.9,509.6
203,295,0.0005697852968974876,940.5176827057545,523.545309991195,942.9,509.6
204,295,0.0005697852968974876,940.5176827057545,523.545309991195,942.9,509.6
205,295,0.0005697852968974876,940.5176827057545,523.545309991195,942.9,509.6
206,295,0.0005697852968974876,940.5176827057545,523.545309991195,942.9,509.6
207,295,0.0005697852968974876,940.5176827057545,523.545309991195,942.9,509.6
208,295,0.0005697852968974876,940.5176827057545,523.545309991195,942.9,509.6
209,295,0.0005697852968974876,940.5176827057545,523.545309991195,942.9,509.6
210,295,0.0005697852968974876,940.5176827057545,523.545309991195,942.9,509.6
211,295,0.0005697852968974876,940.5176827057545,523.545309991195,942.9,509.6
212,295,0.0005697852968974876,940.5176827057545,523.545309991195,942.9,509.6
213,295,0.0005697852968974876,940.5176827057545,523.545309991195,942.9,509.6
214,295,0.0005697852968974876,940.5176827057545,523.545309991195,942.9,509.6
215,295,0.0005697852968974876,940.5176827057545,523.545309991195,942.9,509.6
216,295,0.0005697852968974876,940.5176827057545,523.545309991195,942.9,509.6
217,295,0.0005697852968974876,940.5176827057545,523.545309991195,942.9,509.6
218,295,0.0005697852968974876,940.5176827057545,523.545309991195,942.9,509.6
219,295,0.0005697852968974876,940.5176827057545,523.545309991195,942.9,509.6
220,295,0.0005697852968974876,940.5176827057545,523.545309991195,942.9,509.6
221,295,0.0005697852968974876,940.5176827057545,523.545309991195,942.9,509.6
222,295,0.0005697852968974876,940.5176827057545,523.545309991195,942.9,509.6
223,295,0.0005697852968974876,940.5176827057545,523.545309991195,942.9,509.6
224,295,0.0005697852968974876,940.5176827057545,523.545309991195,942.9,509.6
225,295,0.0005697852968974876,940.5176827057545,523.545309991195,942.9,509.6
226,295,0.0005697852968974876,940.5176827057545,523.545309991195,942.9,509.6
227,295,0.0005697852968974876,940.5176827057545,523.545309991195,942.9,509.6
228,295,0.0005697852968974876,940.5176827057545,523.545309991195,942.9,509.6
229,295,0.0005697852968974876,940.5176827057545,523.545309991195,942.9,509.6
230,295,0.0005697852968974876,940.5176827057545,523.545309991195,942.9,509.6
231,295,0.0005697852968974876,940.5176827057545,523.545309991195,942.9,509.6
232,295,0.0005697852968974876,940.5176827057545,523.545309991195,942.9,509.6
233,295,0.0005697852968974876,940.5176827057545,523.545309991195,942.9,509.6
234,295,0.0005697852968974876,940.5176827057545,523.545309991195,942.9,509.6
235,295,0.0005697852968974876,940.5176827057545,523.545309991195,942.9,509.6
236,295,0.0005697852968974876,940.5176827057545,523.545309991195,942.9,509.6
237,295,0.0005697852968974876,940.5176827057545,523.545309991195,942.9,509.6
238,295,0.0005697852968974876,940.5176827057545,523.545309991195,942.9,509.6
239,295,0.0005697852968974876,940.5176827057545,523.545309991195,942.9,509.6
240,295,0.0005697852968974876,940.5176827057545,523.545309991195,942.9,509.6
241,295,0.0005697852968974876,940.5176827057545,523.545309991195,942.9,509.6
242,295,0.0005697852968974876,940.5176827057545,523.545309991195,942.9,509.6
243,295,0.0005697852968974876,940.5176827057545,523.545309991195,942.9,509.6
244,295,0.0005697852968974876,940.5176827057545,523.545309991195,942.9,509.6
245,295,0.0005697852968974876,940.5176827057545,523.545309991195,942.9,509.6
246,295,0.0005697852968974876,940.5176827057545,523.545309991195,942.9,509.6
247,295,0.0005697852968974876,940.5176827057545,523.545309991195,942.9,509.6
248,295,0.0005697852968974876,940.5176827057545,523.545309991195,942.9,509.6
249,295,0.0005697852968974876,940.5176827057545,523.545309991195,942.9,509.6
250,295,0.0005697852968974876,940.5176827057545,523.545309991195,942.9,509.6
251,295,0.0005697852968974876,940.5176827057545,523.545309991195,942.9,509.6
252,295,0.0005697852968974876,940.5176827057545,523.545309991195,942.9,509.6
253,295,0.0005697852968974876,940.5176827057545,523.545309991195,942.9,509.6
254,295,0.0005697852968974876,940.5176827057545,523.545309991195,942.9,509.6
255,295,0.0005697852968974876,940.5176827057545,523.545309991195,942.9,509.6
256,295,0.0005697852968974876,940.5176827057545,523.545309991195,942.9,509.6
257,295,0.0005697852968974876,940.5176827057545,523.545309991195,942.9,509.6
258,295,0.0005697852968974876,940.5176827057545,523.545309991195,942.9,509.6
259,295,0.0005697852968974876,940.5176827057545,523.545309991195,942.9,509.6
260,295,0.0005697852968974876,940.5176827057545,523.545309991195,942.9,509.6
261,295,0.0005697852968974876,940.5176827057545,523.545309991195,942.9,509.6
262,295,0.0005697852968974876,940.5176827057545,523.545309991195,942.9,509.6
263,295,0.0005697852968974876,940.5176827057545,523.545309991195,942.9,509.6
264,295,0.0005697852968974876,940.5176827057545,523.545309991195,942.9,509.6
265,295,0.0005697852968974876,940.5176827057545,523.545309991195,942.9,509.6
266,295,0.0005697852968974876,940.5176827057545,523.545309991195,942.9,509.6
267,295,0.0005697852968974876,940.5176827057545,523.545309991195,942.9,509.6
268,295,0.0005697852968974876,940.5176827057545,523.545309991195,942.9,509.6
269,295,0.0005697852968974876,940.5176827057545,523.545309991195,942.9,509.6
270,295,0.0005697852968974876,940.5176827057545,523.545309991195,942.9,509.6
271,295,0.0005697852968974876,940.5176827057545,523.545309991195,942.9,509.6
272,295,0.0005697852968974876,940.5176827057545,523.545309991195,942.9,509.6
273,295,0.0005697852968974876,940.5176827057545,523.545309991195,942.9,509.6
274,295,0.0005697852968974876,940.5176827057545,523.545309991195,942.9,509.6
275,295,0.0005697852968974876,940.5176827057545,523.545309991195,942.9,509.6
276,295,0.0005697852968974876,940.5176827057545,523.545309991195,942.9,509.6
277,295,0.0005697852968974876,940.5176827057545,523.545309991195,942.9,509.6
278,295,0.0005697852968974876,940.5176827057545,523.545309991195,942.9,509.6
279,295,0.0005697852968974876,940.5176827057545,523.545309991195,942.9,509.6
280,295,0.0005697852968974876,940.5176827057545,523.545309991195,942.9,509.6
281,295,0.0005697852968974876,940.5176827057545,523.545309991195,942.9,509.6
282,295,0.0005697852968974876,940.5176827057545,523.545309991195,942.9,509.6
283,295,0.0005697852968974876,940.5176827057545,523.545309991195,942.9,509.6
284,295,0.0005697852968974876,940.5176827057545,523.545309991195,942.9,509.6
285,295,0.0005697852968974876,940.5176827057545,523.545309991195,942.9,509.6
286,295,0.0005697852968974876,940.5176827057545,523.545309991195,942.9,509.6
287,295,0.0005697852968974876,940.5176827057545,523.545309991195,942.9,509.6
288,295,0.0005697852968974876,940.5176827057545,523.545309991195,942.9,509.6
289,295,0.0005697852968974876,940.5176827057545,523.545309991195,942.9,509.6
290,295,0.0005697852968974876,940.5176827057545,523.545309991195,942.9,509.6
291,295,0.0005697852968974876,940.5176827057545,523.545309991195,942.9,509.6
292,295,0.0005697852968974876,940.5176827057545,523.545309991195,942.9,509.6
293,295,0.0005697852968974876,940.5176827057545,523.545309991195,942.9,509.6
294,295,0.0005697852968974876,940.5176827057545,523.545309991195,942.9,509.6
295,295,0.0005697852968974876,940.5176827057545,523.545309991195,942.9,509.6
296,295,0.0005697852968974876,940.5176827057545,523.545309991195,942.9,509.6
297,295,0.0005697852968974876,940.5176827057545,523.545309991195,942.9,509.6
298,295,0.0005697852968974876,940.5176827057545,523.545309991195,942.9,509.6
299,295,0.0005697852968974876,940.5176827057545,523.545309991195,942.9,509.6
300,295,0.0005697852968974876,940.5176827057545,523.545309991195,942.9,509.6
301,295,0.0005697852968974876,940.5176827057545,523.545309991195,942.9,509.6
302,295,0.0005697852968974876,940.5176827057545,523.545309991195,942.9,509.6
303,295,0.0005697852968974876,940.5176827057545,523.545309991195,942.9,509.6
304,295,0.0005697852968974876,940.5176827057545,523.545309991195,942.9,509.6
305,295,0.0005697852968974876,940.5176827057545,523.545309991195,942.9,509.6
306,295,0.0005697852968974876,940.5176827057545,523.545309991195,942.9,509.6
307,295,0.0005697852968974876,940.5176827057545,523.545309991195,942.9,509.6
308,295,0.0005697852968974876,940.5176827057545,523.545309991195,942.9,509.6
309,295,0.0005697852968974876,940.5176827057545,523.545309991195,942.9,509.6
310,295,0.0005697852968974876,940.5176827057545,523.545309991195,942.9,509.6
311,295,0.0005697852968974876,940.5176827057545,523.545309991195,942.9,509.6
312,295,0.0005697852968974876,940.5176827057545,523.545309991195,942.9,509.6
313,295,0.0005697852968974876,940.5176827057545,523.545309991195,942.9,509.6
314,295,0.0005697852968974876,940.5176827057545,523.545309991195,942.9,509.6
315,295,0.0005697852968974876,940.5176827057545,523.545309991195,942.9,509.6
316,295,0.0005697852968974876,940.5176827057545,523.545309991195,942.9,509.6
317,295,0.0005697852968974876,940.5176827057545,523.545309991195,942.9,509.6
318,295,0.0005697852968974876,940.5176827057545,523.545309991195,942.9,509.6
319,295,0.0005697852968974876,940.5176827057545,523.545309991195,942.9,509.6
320,295,0.0005697852968974876,940.5176827057545,523.545309991195,942.9,509.6
321,295,0.0005697852968974876,940.5176827057545,523.545309991195,942.9,509.6
322,295,0.0005697852968974876,940.5176827057545,523.545309991195,942.9,509.6
323,295,0.0005697852968974876,940.5176827057545,523.545309991195,942.9,509.6
324,295,0.0005697852968974876,940.5176827057545,523.545309991195,942.9,509.6
325,295,0.0005697852968974876,940.5176827057545,523.545309991195,942.9,509.6
326,295,0.0005697852968974876,940.5176827057545,523.545309991195,942.9,509.6
327,295,0.0005697852968974876,940.5176827057545,523.545309991195,942.9,509.6
328,295,0.0005697852968974876,940.5176827057545,523.545309991195,942.9,509.6
329,295,0.0005697852968974876,940.5176827057545,523.545309991195,942.9,509.6
330,295,0.0005697852968974876,940.5176827057545,523.545309991195,942.9,509.6
331,295,0.0005697852968974876,940.5176827057545,523.545309991195,942.9,509.6
332,295,0.0005697852968974876,940.5176827057545,523.545309991195,942.9,509.6
333,295,0.0005697852968974876,940.5176827057545,523.545309991195,942.9,509.6
334,295,0.0005697852968974876,940.5176827057545,523.545309991195,942.9,509.6
335,295,0.0005697852968974876,940.5176827057545,523.545309991195,942.9,509.6
336,295,0.0005697852968974876,940.5176827057545,523.545309991195,942.9,509.6
337,295,0.0005697852968974876,940.5176827057545,523.545309991195,942.9,509.6
338,295,0.0005697852968974876,940.5176827057545,523.545309991195,942.9,509.6
339,295,0.0005697852968974876,940.5176827057545,523.545309991195,942.9,509.6
340,295,0.0005697852968974876,940.5176827057545,523.545309991195,942.9,509.6
341,295,0.0005697852968974876,940.5176827057545,523.545309991195,942.9,509.6
342,295,0.0005697852968974876,940.5176827057545,523.545309991195,942.9,509.6
343,295,0.0005697852968974876,940.5176827057545,523.545309991195,942.9,509.6
344,295,0.0005697852968974876,940.5176827057545,523.545309991195,942.9,509.6
345,295,0.0005697852968974876,940.5176827057545,523.545309991195,942.9,509.6
346,295,0.0005697852968974876,940.5176827057545,523.545309991195,942.9,509.6
347,295,0.0005697852968974876,940.5176827057545,523.545309991195,942.9,509.6
348,295,0.0005697852968974876,940.5176827057545,523.545309991195,942.9,509.6
349,295,0.0005697852968974876,940.5176827057545,523.545309991195,942.9,509.6
350,295,0.0005697852968974876,940.5176827057545,523.545309991195,942.9,509.6
351,295,0.0005697852968974876,940.5176827057545,523.545309991195,942.9,509.6
352,295,0.0005697852968974876,940.5176827057545,523.545309991195,942.9,509.6
353,295,0.0005697852968974876,940.5176827057545,523.545309991195,942.9,509.6
354,295,0.0005697852968974876,940.5176827057545,523.545309991195,942.9,509.6
355,295,0.0005697852968974876,940.5176827057545,523.545309991195,942.9,509.6
356,295,0.0005697852968974876,940.5176827057545,523.545309991195,942.9,509.6
357,295,0.0005697852968974876,940.5176827057545,523.545309991195,942.9,509.6
358,295,0.0005697852968974876,940.5176827057545,523.545309991195,942.9,509.6
359,295,0.0005697852968974876,940.5176827057545,523.545309991195,942.9,509.6
360,295,0.0005697852968974876,940.5176827057545,523.545309991195,942.9,509.6
361,295,0.0005697852968974876,940.5176827057545,523.545309991195,942.9,509.6
362,295,0.0005697852968974876,940.5176827057545,523.545309991195,942.9,509.6
363,295,0.0005697852968974876,940.5176827057545,523.545309991195,942.9,509.6
364,295,0.0005697852968974876,940.5176827057545,523.545309991195,942.9,509.6
365,295,0.0005697852968974876,940.5176827057545,523.545309991195,942.9,509.6
366,295,0.0005697852968974876,940.5176827057545,523.545309991195,942.9,509.6
367,295,0.0005697852968974876,940.5176827057545,523.545309991195,942.9,509.6
368,295,0.0005697852968974876,940.5176827057545,523.545309991195,942.9,509.6
369,295,0.0005697852968974876,940.5176827057545,523.545309991195,942.9,509.6
370,295,0.0005697852968974876,940.5176827057545,523.545309991195,942.9,509.6
371,295,0.0005697852968974876,940.5176827057545,523.545309991195,942.9,509.6
372,295,0.0005697852968974876,940.5176827057545,523.545309991195,942.9,509.6
373,295,0.0005697852968974876,940.5176827057545,523.545309991195,942.9,509.6
374,295,0.0005697852968974876,940.5176827057545,523.545309991195,942.9,509.6
375,295,0.0005697852968974876,940.5176827057545,523.545309991195,942.9,509.6
376,295,0.0005697852968974876,940.5176827057545,523.545309991195,942.9,509.6
377,295,0.0005697852968974876,940.5176827057545,523.545309991195,942.9,509.6
378,295,0.0005697852968974876,940.5176827057545,523.545309991195,942.9,509.6
379,295,0.0005697852968974876,940.5176827057545,523.545309991195,942.9,509.6
380,295,0.0005697852968974876,940.5176827057545,523.545309991195,942.9,509.6
381,295,0.0005697852968974876,940.5176827057545,523.545309991195,942.9,509.6
382,295,0.0005697852968974876,940.5176827057545,523.545309991195,942.9,509.6
383,295,0.0005697852968974876,940.5176827057545,523.545309991195,942.9,509.6
384,295,0.0005697852968974876,940.5176827057545,523.545309991195,942.9,509.6
385,295,0.0005697852968974876,940.5176827057545,523.545309991195,942.9,509.6
386,295,0.0005697852968974876,940.5176827057545,523.545309991195,942.9,509.6
387,295,0.0005697852968974876,940.5176827057545,523.545309991195,942.9,509.6
388,295,0.0005697852968974876,940.5176827057545,523.545309991195,942.9,509.6
389,295,0.0005697852968974876,940.5176827057545,523.545309991195,942.9,509.6
390,295,0.0005697852968974876,940.5176827057545,523.545309991195,942.9,509.6
391,295,0.0005697852968974876,940.5176827057545,523.545309991195,942.9,509.6
392,295,0.0005697852968974876,940.5176827057545,523.545309991195,942.9,509.6
393,295,0.0005697852968974876,940.5176827057545,523.545309991195,942.9,509.6
394,296,0.0006119824873923026,940.5176827057545,523.545309991195,942.9,509.6
395,297,0.000982046590886124,940.5176827057545,523.545309991195,942.9,509.6
396,298,0.0015853089487102574,940.5176827057545,523.545309991195,942.9,509.6
397,299,0.002571790985077208,940.5176827057545,523.545309991195,942.9,509.6
398,300,0.004189321994600863,940.5176827057545,523.545309991195,942.9,509.6
399,301,0.004189321994600863,940.5176827057545,523.545309991195,942.9,509.6
400,302,0.004189321994600863,940.5176827057545,523.545309991195,942.9,509.6
401,303,0.004189321994600863,940.5176827057545,523.545309991195,942.9,509.6
402,304,0.004189321994600863,940.5176827057545,523.545309991195,942.9,509.6
403,305,0.004189321994600863,940.5176827057545,523.545309991195,942.9,509.6
404,306,0.004189321994600863,940.5176827057545,523.545309991195,942.9,509.6
405,307,0.004189321994600863,940.5176827057545,523.545309991195,942.9,509.6
406,308,0.004189321994600863,940.5176827057545,523.545309991195,942.9,509.6
407,309,0.004189321994600863,940.5176827057545,523.545309991195,942.9,509.6
408,310,0.004189321994600863,940.5176827057545,523.545309991195,942.9,509.6
409,311,0.004189321994600863,940.5176827057545,523.545309991195,942.9,509.6
410,312,0.004189321994600863,940.5176827057545,523.545309991195,942.7516129032258,508.3758064516129
411,313,0.004189321994600863,940.5176827057545,523.545309991195,942.6032258064516,507.15161290322584
412,314,0.004189321994600863,940.5176827057545,523.545309991195,942.4548387096773,505.9274193548387
413,315,0.004189321994600863,940.5176827057545,523.545309991195,942.3064516129032,504.70322580645166
414,316,0.004189321994600863,940.5176827057545,523.545309991195,942.158064516129,503.47903225806454
415,317,0.004189321994600863,940.5176827057545,523.545309991195,942.0096774193548,502.2548387096774
416,318,0.004189321994600863,940.5176827057545,523.545309991195,941.8612903225807,501.03064516129035
417,319,0.004189321994600863,940.5176827057545,523.545309991195,941.7129032258065,499.80645161290323
418,320,0.004189321994600863,940.5176827057545,523.545309991195,941.5645161290322,498.58225806451617
419,321,0.004189321994600863,940.5176827057545,523.545309991195,941.416129032258,497.35806451612905
420,322,0.004189321994600863,940.5176827057545,523.545309991195,941.2677419354839,496.1338709677419
421,323,0.004189321994600863,940.5176827057545,523.545309991195,941.1193548387097,494.90967741935486
422,324,0.004189321994600863,940.5176827057545,523.545309991195,940.9709677419355,493.68548387096774
423,325,0.004189321994600863,940.5176827057545,523.545309991195,940.8225806451613,492.4612903225807
424,326,0.004189321994600863,940.5176827057545,523.545309991195,940.674193548387,491.23709677419356
425,327,0.004189321994600863,940.5176827057545,523.545309991195,940.5258064516129,490.01290322580644
426,328,0.004189321994600863,940.5176827057545,523.545309991195,940.3774193548387,488.7887096774194
427,329,0.004189321994600863,940.5176827057545,523.545309991195,940.2290322580645,487.56451612903226
428,330,0.004189321994600863,940.5176827057545,523.545309991195,940.0806451612904,486.3403225806452
429,331,0.004189321994600863,940.5176827057545,523.545309991195,939.9322580645161,485.1161290322581
430,332,0.004189321994600863,940.5176827057545,523.545309991195,939.7838709677419,483.89193548387095
431,333,0.004189321994600863,940.5176827057545,523.545309991195,939.6354838709677,482.6677419354839
432,334,0.004189321994600863,940.5176827057545,523.545309991195,939.4870967741936,481.44354838709677
433,335,0.004189321994600863,940.5176827057545,523.545309991195,939.3387096774194,480.2193548387097
434,336,0.004189321994600863,940.5176827057545,523.545309991195,939.1903225806452,478.9951612903226
435,337,0.004189321994600863,940.5176827057545,523.545309991195,939.0419354838709,477.77096774193546
436,338,0.004189321994600863,940.5176827057545,523.545309991195,938.8935483870968,476.5467741935484
437,339,0.004189321994600863,940.5176827057545,523.545309991195,938.7451612903226,475.3225806451613
438,340,0.004189321994600863,940.5176827057545,523.545309991195,938.5967741935484,474.0983870967742
439,341,0.004189321994600863,940.5176827057545,523.545309991195,938.4483870967742,472.8741935483871
440,342,0.004189321994600863,940.5176827057545,523.545309991195,938.3,471.65
441,343,0.004189321994600863,940.5176827057545,523.545309991195,938.1516129032258,470.4258064516129
442,344,0.004189321994600863,940.5176827057545,523.545309991195,938.0032258064516,469.2016129032258
443,345,0.004189321994600863,940.5176827057545,523.545309991195,937.8548387096774,467.97741935483873
444,346,0.004189321994600863,940.5176827057545,523.545309991195,937.7064516129033,466.7532258064516
445,347,0.004189321994600863,940.5176827057545,523.545309991195,937.5580645161291,465.5290322580645
446,348,0.004189321994600863,940.5176827057545,523.545309991195,937.4096774193548,464.3048387096774
447,349,0.004189321994600863,940.5176827057545,523.545309991195,937.2612903225806,463.0806451612903
448,350,0.004189321994600863,940.5176827057545,523.545309991195,937.1129032258065,461.85645161290324
449,351,0.004189321994600863,940.5176827057545,523.545309991195,936.9645161290323,460.6322580645161
450,352,0.004189321994600863,940.5176827057545,523.545309991195,936.8161290322581,459.408064516129
451,353,0.004189321994600863,940.5176827057545,523.545309991195,936.667741935484,458.18387096774194
452,354,0.004189321994600863,940.5176827057545,523.545309991195,936.5193548387097,456.9596774193548
453,355,0.004189321994600863,940.5176827057545,523.545309991195,936.3709677419355,455.73548387096776
454,356,0.004189321994600863,940.5176827057545,523.545309991195,936.2225806451613,454.51129032258063
455,357,0.004189321994600863,940.5176827057545,523.545309991195,936.0741935483871,453.2870967741935
456,358,0.004189321994600863,940.5176827057545,523.545309991195,935.925806451613,452.06290322580645
457,359,0.004189321994600863,940.5176827057545,523.545309991195,935.7774193548387,450.83870967741933
458,360,0.004189321994600863,940.5176827057545,523.545309991195,935.6290322580645,449.61451612903227
459,361,0.004189321994600863,940.5176827057545,523.545309991195,935.4806451612903,448.39032258064515
460,362,0.004189321994600863,940.5176827057545,523.545309991195,935.3322580645162,447.166129032258
461,363,0.004189321994600863,940.5176827057545,523.545309991195,935.183870967742,445.94193548387096
462,364,0.004189321994600863,940.5176827057545,523.545309991195,935.0354838709678,444.71774193548384
463,365,0.004189321994600863,940.5176827057545,523.545309991195,934.8870967741935,443.4935483870968
464,366,0.004189321994600863,940.5176827057545,523.545309991195,934.7387096774194,442.26935483870966
465,367,0.004189321994600863,940.5176827057545,523.545309991195,934.5903225806452,441.04516129032254
466,368,0.004189321994600863,940.5176827057545,523.545309991195,934.441935483871,439.8209677419355
467,369,0.004189321994600863,940.5176827057545,523.545309991195,934.2935483870968,438.59677419354836
468,370,0.004189321994600863,940.5176827057545,523.545309991195,934.1451612903227,437.3725806451613
469,371,0.004189321994600863,940.5176827057545,523.545309991195,933.9967741935484,436.1483870967742
470,372,0.004189321994600863,940.5176827057545,523.545309991195,933.8483870967742,434.92419354838705
471,373,0.004189321994600863,940.5176827057545,523.545309991195,933.7,433.7
472,374,0.004189321994600863,940.5176827057545,523.545309991195,933.7,433.7
473,375,0.004189321994600863,940.5176827057545,523.545309991195,933.7,433.7
474,376,0.004189321994600863,940.5176827057545,523.545309991195,933.7,433.7
475,377,0.004189321994600863,940.5176827057545,523.545309991195,933.7,433.7
476,378,0.004189321994600863,940.5176827057545,523.545309991195,933.7,433.7
477,379,0.004189321994600863,940.5176827057545,523.545309991195,933.7,433.7
478,380,0.004189321994600863,940.5176827057545,523.545309991195,933.7,433.7
479,381,0.004189321994600863,940.5176827057545,523.545309991195,933.7,433.7
480,382,0.004189321994600863,940.5176827057545,523.545309991195,933.7,433.7
481,383,0.004189321994600863,940.5176827057545,523.545309991195,933.7,433.7
482,384,0.004189321994600863,940.5176827057545,523.545309991195,933.7,433.7
483,385,0.004189321994600863,940.5176827057545,523.545309991195,933.7,433.7
484,386,0.004189321994600863,940.5176827057545,523.545309991195,933.7,433.7
485,387,0.004189321994600863,940.5176827057545,523.545309991195,933.7,433.7
486,388,0.004189321994600863,940.5176827057545,523.545309991195,933.7,433.7
487,389,0.004189321994600863,940.5176827057545,523.545309991195,933.7,433.7
488,390,0.004189321994600863,940.5176827057545,523.545309991195,933.7,433.7
489,391,0.004189321994600863,940.5176827057545,523.545309991195,933.7,433.7
490,392,0.004189321994600863,940.5176827057545,523.545309991195,933.7,433.7
491,393,0.004189321994600863,940.5176827057545,523.545309991195,933.7,433.7
492,394,0.004189321994600863,940.5176827057545,523.545309991195,933.7,433.7
493,395,0.004189321994600863,940.5176827057545,523.545309991195,933.7,433.7
494,396,0.004189321994600863,940.5176827057545,523.545309991195,933.7,433.7
495,397,0.004189321994600863,940.5176827057545,523.545309991195,933.7,433.7
496,398,0.004189321994600863,940.5176827057545,523.545309991195,933.7,433.7
497,399,0.004189321994600863,940.5176827057545,523.545309991195,933.7,433.7
498,400,0.004189321994600863,940.5176827057545,523.545309991195,933.7,433.7
499,401,0.004189321994600863,940.5176827057545,523.545309991195,933.7,433.7
500,402,0.004189321994600863,940.5176827057545,523.545309991195,933.7,433.7
501,403,0.004189321994600863,940.5176827057545,523.545309991195,933.7,433.7
502,404,0.004189321994600863,940.5176827057545,523.545309991195,933.7,433.7
503,405,0.004189321994600863,940.5176827057545,523.545309991195,933.7,433.7
504,406,0.004189321994600863,940.5176827057545,523.545309991195,933.7,433.7
505,407,0.004189321994600863,940.5176827057545,523.545309991195,933.7,433.7
506,408,0.004189321994600863,940.5176827057545,523.545309991195,933.7,433.7
507,409,0.004189321994600863,940.5176827057545,523.545309991195,933.7,433.7
508,410,0.004189321994600863,940.5176827057545,523.545309991195,933.7,433.7
509,411,0.004189321994600863,940.5176827057545,523.545309991195,933.7,433.7
510,412,0.004189321994600863,940.5176827057545,523.545309991195,933.7,433.7
511,413,0.004189321994600863,940.5176827057545,523.545309991195,933.7,433.7
512,414,0.004189321994600863,940.5176827057545,523.545309991195,933.7,433.7
513,415,0.004189321994600863,940.5176827057545,523.545309991195,933.7,433.7
514,416,0.004189321994600863,940.5176827057545,523.545309991195,933.7,433.7
515,417,0.004189321994600863,940.5176827057545,523.545309991195,933.7,433.7
516,418,0.004189321994600863,940.5176827057545,523.545309991195,933.7,433.7
517,419,0.004189321994600863,940.5176827057545,523.545309991195,933.7,433.7
518,420,0.004189321994600863,940.5176827057545,523.545309991195,933.7,433.7
519,421,0.004189321994600863,940.5176827057545,523.545309991195,933.7,433.7
520,422,0.004189321994600863,940.5176827057545,523.545309991195,933.7,433.7
521,423,0.004189321994600863,940.5176827057545,523.545309991195,933.7,433.7
522,424,0.004189321994600863,940.5176827057545,523.545309991195,933.7,433.7
523,425,0.004189321994600863,940.5176827057545,523.545309991195,933.7,433.7
524,426,0.004189321994600863,940.5176827057545,523.545309991195,933.7,433.7
525,427,0.004189321994600863,940.5176827057545,523.545309991195,933.7,433.7
526,428,0.004189321994600863,940.5176827057545,523.545309991195,933.7,433.7
527,429,0.004189321994600863,940.5176827057545,523.545309991195,933.7,433.7
528,430,0.004189321994600863,940.5176827057545,523.545309991195,933.7,433.7
529,431,0.004189321994600863,940.5176827057545,523.545309991195,933.7,433.7
530,432,0.004189321994600863,940.5176827057545,523.545309991195,933.7,433.7
531,433,0.004189321994600863,940.5176827057545,523.545309991195,933.7,433.7
532,434,0.004189321994600863,940.5176827057545,523.545309991195,933.7,433.7
533,435,0.004189321994600863,940.5176827057545,523.545309991195,933.7,433.7
534,436,0.004189321994600863,940.5176827057545,523.545309991195,933.7,433.7
535,437,0.004189321994600863,934.5176827057545,375.54530999119504,933.7,433.7
536,438,0.004189321994600863,934.5176827057545,375.54530999119504,933.7,433.7
537,439,0.004189321994600863,934.5176827057545,375.54530999119504,933.7,433.7
538,440,0.004189321994600863,934.5176827057545,375.54530999119504,933.7,433.7
539,441,0.004189321994600863,934.5176827057545,375.54530999119504,933.7,433.7
540,442,0.004189321994600863,934.5176827057545,375.54530999119504,933.7,433.7
541,443,0.004189321994600863,934.5176827057545,375.54530999119504,933.7,433.7
542,444,0.004189321994600863,934.5176827057545,375.54530999119504,933.7,433.7
543,445,0.004189321994600863,934.5176827057545,375.54530999119504,933.7,433.7
544,446,0.004189321994600863,934.5176827057545,375.54530999119504,935.325,420.73333333333335
545,447,0.004189321994600863,934.5176827057545,375.54530999119504,936.95,407.76666666666665
546,448,0.004189321994600863,934.5176827057545,375.54530999119504,938.575,394.8
547,449,0.004189321994600863,934.5176827057545,375.54530999119504,940.2,381.8333333333333
548,450,0.004189321994600863,934.5176827057545,375.54530999119504,941.825,368.8666666666667
549,451,0.004189321994600863,934.5176827057545,375.54530999119504,943.45,355.9
550,452,0.004189321994600863,934.5176827057545,375.54530999119504,945.075,342.93333333333334
551,453,0.004189321994600863,934.5176827057545,375.54530999119504,946.7,329.9666666666667
552,454,0.004189321994600863,934.5176827057545,375.54530999119504,948.325,317.0
553,455,0.004189321994600863,934.5176827057545,375.54530999119504,949.95,304.03333333333336
554,456,0.004189321994600863,934.5176827057545,375.54530999119504,951.575,291.0666666666667
555,457,0.004189321994600863,934.5176827057545,375.54530999119504,953.2,278.1
556,458,0.004189321994600863,934.5176827057545,375.54530999119504,953.2,278.1
557,459,0.004189321994600863,934.5176827057545,375.54530999119504,953.2,278.1
558,460,0.004189321994600863,934.5176827057545,375.54530999119504,953.2,278.1
559,461,0.004189321994600863,934.5176827057545,375.54530999119504,953.2,278.1
560,462,0.004189321994600863,934.5176827057545,375.54530999119504,953.2,278.1
561,463,0.004189321994600863,934.5176827057545,375.54530999119504,953.2,278.1
562,464,0.004189321994600863,934.5176827057545,375.54530999119504,953.2,278.1
563,465,0.004189321994600863,934.5176827057545,375.54530999119504,953.2,278.1
564,466,0.004189321994600863,934.5176827057545,375.54530999119504,953.2,278.1
565,467,0.004189321994600863,934.5176827057545,375.54530999119504,953.2,278.1
566,468,0.004189321994600863,934.5176827057545,375.54530999119504,953.2,278.1
567,469,0.004189321994600863,934.5176827057545,375.54530999119504,953.2,278.1
568,470,0.004189321994600863,934.5176827057545,375.54530999119504,953.2,278.1
569,471,0.004189321994600863,927.5176827057545,226.54530999119504,953.2,278.1
570,472,0.004189321994600863,927.5176827057545,226.54530999119504,953.2,278.1
571,473,0.004189321994600863,927.5176827057545,226.54530999119504,953.2,278.1
572,474,0.004189321994600863,927.5176827057545,226.54530999119504,953.2,278.1
573,475,0.004189321994600863,927.5176827057545,226.54530999119504,953.2,278.1
574,476,0.004189321994600863,927.5176827057545,226.54530999119504,953.2,278.1
575,477,0.004189321994600863,927.5176827057545,226.54530999119504,953.2,278.1
576,478,0.004189321994600863,927.5176827057545,226.54530999119504,953.2,278.1
577,479,0.004189321994600863,927.5176827057545,226.54530999119504,953.2,278.1
578,480,0.004189321994600863,927.5176827057545,226.54530999119504,953.2,278.1
579,481,0.004189321994600863,927.5176827057545,226.54530999119504,953.2,278.1
580,482,0.004189321994600863,927.5176827057545,226.54530999119504,953.2,278.1
581,483,0.004189321994600863,927.5176827057545,226.54530999119504,953.2,278.1
582,484,0.004189321994600863,927.5176827057545,226.54530999119504,953.2,278.1
583,485,0.004189321994600863,927.5176827057545,226.54530999119504,953.2,278.1
584,486,0.004189321994600863,927.5176827057545,226.54530999119504,953.2,278.1
585,487,0.004189321994600863,927.5176827057545,226.54530999119504,953.2,278.1
586,488,0.004189321994600863,927.5176827057545,226.54530999119504,953.2,278.1
587,489,0.004189321994600863,927.5176827057545,226.54530999119504,953.2,278.1
588,490,0.004189321994600863,927.5176827057545,226.54530999119504,953.2,278.1
589,491,0.004189321994600863,927.5176827057545,226.54530999119504,953.2,278.1
590,492,0.004189321994600863,927.5176827057545,226.54530999119504,953.2,278.1
591,493,0.004189321994600863,927.5176827057545,226.54530999119504,953.2,278.1
592,494,0.004189321994600863,927.5176827057545,226.54530999119504,953.2,278.1
593,495,0.004189321994600863,927.5176827057545,226.54530999119504,953.2,278.1
594,496,0.004189321994600863,927.5176827057545,226.54530999119504,953.2,278.1
595,497,0.004189321994600863,927.5176827057545,226.54530999119504,953.2,278.1
596,498,0.004189321994600863,927.5176827057545,226.54530999119504,953.2,278.1
597,499,0.004189321994600863,927.5176827057545,226.54530999119504,953.2,278.1
598,500,0.004189321994600863,927.5176827057545,226.54530999119504,953.2,278.1
599,501,0.004189321994600863,927.5176827057545,226.54530999119504,953.2,278.1
600,502,0.004189321994600863,927.5176827057545,226.54530999119504,953.2,278.1
601,503,0.004189321994600863,927.5176827057545,226.54530999119504,953.2,278.1
602,504,0.004189321994600863,927.5176827057545,226.54530999119504,953.2,278.1
603,505,0.004189321994600863,927.5176827057545,226.54530999119504,953.2,278.1
604,506,0.004189321994600863,927.5176827057545,226.54530999119504,953.2,278.1
605,507,0.004189321994600863,927.5176827057545,226.54530999119504,953.2,278.1
606,508,0.005661843845965756,927.5176827057545,226.54530999119504,953.2,278.1
607,509,0.007636419258692818,927.5176827057545,226.54530999119504,953.2,278.1
608,510,0.010282100753928141,927.5176827057545,226.54530999119504,953.2,278.1
609,511,0.013824419443318314,927.5176827057545,226.54530999119504,953.2,278.1
610,512,0.018564118501448575,927.5176827057545,226.54530999119504,953.2,278.1
611,513,0.024902034554207,927.5176827057545,226.54530999119504,953.2,278.1
612,514,0.03337210199971814,927.5176827057545,226.54530999119504,953.2,278.1
613,515,0.04468505872154777,927.5176827057545,226.54530999119504,953.2,278.1
614,516,0.059786195768478836,927.5176827057545,226.54530999119504,953.2,278.1
615,517,0.07993144217466921,927.5176827057545,226.54530999119504,953.2,278.1
616,518,0.10678721940769358,927.5176827057545,226.54530999119504,953.2,278.1
617,519,0.14256081506474189,927.5176827057545,226.54530999119504,953.2,278.1
618,520,0.19016942063898526,927.5176827057545,226.54530999119504,953.2,278.1
619,521,0.25345723037975054,927.5176827057545,226.54530999119504,953.2,278.1
620,522,0.33747064862325477,927.5176827057545,226.54530999119504,953.2,278.1
621,523,0.4488008410298776,927.5176827057545,226.54530999119504,953.2,278.1
622,524,0.5959990838986375,927.5176827057545,226.54530999119504,953.2,278.1
623,525,0.790061139431053,927.5176827057545,226.54530999119504,953.2,278.1
624,526,1.0449584376946863,927.5176827057545,226.54530999119504,953.2,278.1
625,527,1.3781609914626363,927.5176827057545,226.54530999119504,953.2,278.1
626,528,1.8110437814798157,927.5176827057545,226.54530999119504,953.2,278.1
627,529,2.3689907204435787,927.5176827057545,226.54530999119504,953.2,278.1
628,530,3.0809121101248778,927.5176827057545,226.54530999119504,953.2,278.1
629,531,3.977795969264894,927.5176827057545,226.54530999119504,953.2,278.1
630,532,5.089878601611285,927.5176827057545,226.54530999119504,953.2,278.1
631,533,6.442147057120471,927.5176827057545,226.54530999119504,953.2,278.1
632,534,8.048299271732636,927.5176827057545,226.54530999119504,953.2,278.1
633,535,9.384036452455849,927.5176827057545,226.54530999119504,953.2,278.1
634,536,9.184567199038337,927.5176827057545,226.54530999119504,953.2,278.1
635,537,8.991945813956379,946.5176827057545,394.54530999119504,953.2,278.1
635,538,8.80582975110895,946.5176827057545,394.54530999119504,953.2,278.1
635,539,8.625898666945059,946.5176827057545,394.54530999119504,953.2,278.1
635,540,8.45185267192832,946.5176827057545,394.54530999119504,953.2,278.1
635,541,8.283410742622895,946.5176827057545,394.54530999119504,953.2,278.1
635,542,8.120309277671653,946.5176827057545,394.54530999119504,953.2,278.1
635,543,7.962300782874959,946.5176827057545,394.54530999119504,953.2,278.1
635,544,7.809152672263237,946.5176827057545,394.54530999119504,953.2,278.1
635,545,7.660646173539035,946.5176827057545,394.54530999119504,953.2,278.1
635,546,7.516575327559241,946.5176827057545,394.54530999119504,953.2,278.1
635,547,7.376746072665243,946.5176827057545,394.54530999119504,953.2,278.1
635,548,7.240975405671667,946.5176827057545,394.54530999119504,953.2,278.1
635,549,7.109090612203369,946.5176827057545,394.54530999119504,953.2,278.1
635,550,6.980928559851364,946.5176827057545,394.54530999119504,953.2,278.1
635,551,6.856335048298978,946.5176827057545,394.54530999119504,953.2,278.1
635,552,6.735164211184379,946.5176827057545,394.54530999119504,953.2,278.1
635,553,6.617277964995769,946.5176827057545,394.54530999119504,953.2,278.1
635,554,6.50254550077999,946.5176827057545,394.54530999119504,953.2,278.1
635,555,6.390842814863608,946.5176827057545,394.54530999119504,953.2,278.1
635,556,6.282052275165784,946.5176827057545,394.54530999119504,953.2,278.1
635,557,6.176062220018035,946.5176827057545,394.54530999119504,953.2,278.1
635,558,6.072766586702384,946.5176827057545,394.54530999119504,953.2,278.1
635,559,5.972064567192256,946.5176827057545,394.54530999119504,953.2,278.1
635,560,5.873860288814475,946.5176827057545,394.54530999119504,953.2,278.1
635,561,5.778062517767198,946.5176827057545,394.54530999119504,953.2,278.1
635,562,5.684584383622737,946.5176827057545,394.54530999119504,953.2,278.1
635,563,5.593343123109949,946.5176827057545,394.54530999119504,953.2,278.1
635,564,5.504259841634381,946.5176827057545,394.54530999119504,953.2,278.1
635,565,5.417259291125087,946.5176827057545,394.54530999119504,953.2,278.1
635,566,5.332269662929355,946.5176827057545,394.54530999119504,953.2,278.1
635,567,5.249222394585429,946.5176827057545,394.54530999119504,953.2,278.1
635,568,5.168051989403833,946.5176827057545,394.54530999119504,953.2,278.1
635,569,5.0886958478888955,946.5176827057545,394.54530999119504,953.2,278.1
635,570,5.0886958478888955,946.5176827057545,394.54530999119504,953.2,278.1
635,571,5.0886958478888955,965.5176827057545,562.545309991195,953.2,278.1
635,572,5.0886958478888955,965.5176827057545,562.545309991195,953.2,278.1
635,573,5.0886958478888955,965.5176827057545,562.545309991195,953.2,278.1
635,574,5.0886958478888955,965.5176827057545,562.545309991195,953.2,278.1
635,575,5.0886958478888955,965.5176827057545,562.545309991195,953.2,278.1
635,576,5.0886958478888955,965.5176827057545,562.545309991195,953.2,278.1
635,577,5.0886958478888955,965.5176827057545,562.545309991195,953.2,278.1
635,578,5.0886958478888955,965.5176827057545,562.545309991195,953.2,278.1
635,579,5.0886958478888955,965.5176827057545,562.545309991195,953.2,278.1
635,580,5.0886958478888955,965.5176827057545,562.545309991195,953.2,278.1
635,581,5.0886958478888955,965.5176827057545,562.545309991195,953.2,278.1
635,582,5.0886958478888955,965.5176827057545,562.545309991195,953.2,278.1
635,583,5.0886958478888955,965.5176827057545,562.545309991195,953.2,278.1
635,584,5.0886958478888955,965.5176827057545,562.545309991195,953.2,278.1
635,585,5.0886958478888955,965.5176827057545,562.545309991195,953.2,278.1
635,586,5.0886958478888955,965.5176827057545,562.545309991195,953.2,278.1
635,587,5.0886958478888955,965.5176827057545,562.545309991195,953.2,278.1
635,588,5.0886958478888955,965.5176827057545,562.545309991195,953.2,278.1
635,589,5.0886958478888955,965.5176827057545,562.545309991195,953.2,278.1
635,590,5.0886958478888955,965.5176827057545,562.545309991195,953.2,278.1
635,591,5.0886958478888955,965.5176827057545,562.545309991195,953.2,278.1
635,592,5.0886958478888955,965.5176827057545,562.545309991195,953.2,278.1
635,593,5.0886958478888955,965.5176827057545,562.545309991195,953.2,278.1
635,594,5.0886958478888955,965.5176827057545,562.545309991195,953.2,278.1
635,595,5.0886958478888955,965.5176827057545,562.545309991195,953.2,278.1
635,596,5.0886958478888955,965.5176827057545,562.545309991195,953.2,278.1
635,597,5.0886958478888955,965.5176827057545,562.545309991195,953.2,278.1
635,598,5.0886958478888955,965.5176827057545,562.545309991195,953.2,278.1
635,599,5.0886958478888955,965.5176827057545,562.545309991195,953.2,278.1
635,600,5.0886958478888955,965.5176827057545,562.545309991195,953.2,278.1
635,601,5.0886958478888955,965.5176827057545,562.545309991195,953.2,278.1
635,602,5.0886958478888955,965.5176827057545,562.545309991195,953.2,278.1
635,603,5.0886958478888955,965.5176827057545,562.545309991195,953.2,278.1
635,604,5.0886958478888955,984.5176827057545,731.545309991195,953.2,278.1
635,605,5.0886958478888955,984.5176827057545,731.545309991195,953.2,278.1
635,606,5.0886958478888955,984.5176827057545,731.545309991195,953.2,278.1
635,607,5.0886958478888955,984.5176827057545,731.545309991195,953.2,278.1
635,608,5.0886958478888955,984.5176827057545,731.545309991195,953.2,278.1
635,609,5.0886958478888955,984.5176827057545,731.545309991195,953.2,278.1
635,610,5.0886958478888955,984.5176827057545,731.545309991195,953.2,278.1
635,611,5.0886958478888955,984.5176827057545,731.545309991195,953.2,278.1
635,612,5.0886958478888955,984.5176827057545,731.545309991195,953.2,278.1
635,613,5.0886958478888955,984.5176827057545,731.545309991195,953.2,278.1
635,614,5.0886958478888955,984.5176827057545,731.545309991195,953.2,278.1
635,615,5.0886958478888955,984.5176827057545,731.545309991195,953.2,278.1
635,616,5.0886958478888955,984.5176827057545,731.545309991195,953.2,278.1
635,617,5.0886958478888955,984.5176827057545,731.545309991195,953.2,278.1
635,618,5.0886958478888955,984.5176827057545,731.545309991195,953.2,278.1
635,619,5.0886958478888955,984.5176827057545,731.545309991195,953.2,278.1
635,620,5.0886958478888955,984.5176827057545,731.545309991195,953.2,278.1
635,621,5.0886958478888955,984.5176827057545,731.545309991195,953.2,278.1
635,622,5.0886958478888955,984.5176827057545,731.545309991195,953.2,278.1
635,623,5.0886958478888955,984.5176827057545,731.545309991195,953.2,278.1
636,624,5.0886958478888955,984.5176827057545,731.545309991195,953.2,278.1
637,625,5.0886958478888955,984.5176827057545,731.545309991195,953.2,278.1
638,626,5.0886958478888955,984.5176827057545,731.545309991195,953.2,278.1
639,627,5.0886958478888955,984.5176827057545,731.545309991195,953.2,278.1
640,628,5.0886958478888955,984.5176827057545,731.545309991195,953.2,278.1
641,629,5.0886958478888955,984.5176827057545,731.545309991195,953.2,278.1
642,630,5.0886958478888955,984.5176827057545,731.545309991195,953.2,278.1
643,631,5.0886958478888955,984.5176827057545,731.545309991195,953.2,278.1
644,632,5.0886958478888955,984.5176827057545,731.545309991195,953.2,278.1
645,633,5.0886958478888955,984.5176827057545,731.545309991195,953.2,278.1
646,634,5.0886958478888955,984.5176827057545,731.545309991195,953.2,278.1
647,635,5.0886958478888955,984.5176827057545,731.545309991195,953.2,278.1
648,636,5.0886958478888955,984.5176827057545,731.545309991195,953.2,278.1
649,637,5.0886958478888955,975.5176827057545,731.545309991195,953.2,278.1
650,638,5.0886958478888955,975.5176827057545,731.545309991195,953.2,278.1
651,639,5.0886958478888955,975.5176827057545,731.545309991195,953.2,278.1
652,640,5.0886958478888955,975.5176827057545,731.545309991195,953.2,278.1
653,641,5.0886958478888955,975.5176827057545,731.545309991195,953.2,278.1
654,642,2.881015187190383,975.5176827057545,731.545309991195,953.2,278.1
655,643,1.080096265892227,975.5176827057545,731.545309991195,953.2,278.1
656,644,0.4142402849493829,975.5176827057545,731.545309991195,953.2,278.1
657,644,0.4142402849493829,975.5176827057545,731.545309991195,953.2,278.1
658,644,0.4142402849493829,975.5176827057545,731.545309991195,953.2,278.1
659,644,0.4142402849493829,975.5176827057545,731.545309991195,953.2,278.1
660,644,0.4142402849493829,975.5176827057545,731.545309991195,953.2,278.1
661,644,0.4142402849493829,975.5176827057545,731.545309991195,953.2,278.1
662,644,0.4142402849493829,975.5176827057545,731.545309991195,953.2,278.1
663,644,0.4142402849493829,975.5176827057545,731.545309991195,953.2,278.1
664,644,0.4142402849493829,975.5176827057545,731.545309991195,953.2,278.1
665,644,0.4142402849493829,975.5176827057545,731.545309991195,953.2,278.1
666,644,0.4142402849493829,975.5176827057545,731.545309991195,953.2,278.1
667,645,1.2191559101361948,975.5176827057545,731.545309991195,953.2,278.1
668,646,0.14603824269056442,975.5176827057545,731.545309991195,953.2,278.1
669,646,0.14603824269056442,975.5176827057545,731.545309991195,953.2,278.1
670,646,0.14603824269056442,975.5176827057545,731.545309991195,953.2,278.1
671,646,0.14603824269056442,975.5176827057545,731.545309991195,953.2,278.1
672,646,0.14603824269056442,975.5176827057545,731.545309991195,953.2,278.1
673,646,0.14603824269056442,975.5176827057545,731.545309991195,953.2,278.1
674,646,0.14603824269056442,975.5176827057545,731.545309991195,953.2,278.1
675,646,0.14603824269056442,975.5176827057545,731.545309991195,953.2,278.1
676,646,0.14603824269056442,975.5176827057545,731.545309991195,953.2,278.1
677,646,0.14603824269056442,975.5176827057545,731.545309991195,953.2,278.1
678,646,0.14603824269056442,975.5176827057545,731.545309991195,953.2,278.1
679,646,0.14603824269056442,975.5176827057545,731.545309991195,953.2,278.1
680,646,0.14603824269056442,975.5176827057545,731.545309991195,953.2,278.1
681,646,0.14603824269056442,975.5176827057545,731.545309991195,953.2,278.1
682,646,0.14603824269056442,975.5176827057545,731.545309991195,953.2,278.1
683,646,0.14603824269056442,975.5176827057545,731.545309991195,953.2,278.1
684,646,0.14603824269056442,975.5176827057545,731.545309991195,953.2,278.1
685,646,0.14603824269056442,975.5176827057545,731.545309991195,953.2,278.1
686,646,0.14603824269056442,975.5176827057545,731.545309991195,953.2,278.1
687,646,0.14603824269056442,975.5176827057545,731.545309991195,953.2,278.1
688,646,0.14603824269056442,975.5176827057545,731.545309991195,953.2,278.1
689,646,0.14603824269056442,975.5176827057545,731.545309991195,953.2,278.1
690,646,0.14603824269056442,975.5176827057545,731.545309991195,953.2,278.1
691,647,0.77936444453741,975.5176827057545,731.545309991195,953.2,278.1
692,648,1.5851902982242603,975.5176827057545,731.545309991195,953.2,278.1
693,649,2.2929442639732596,975.5176827057545,731.545309991195,953.2,278.1
694,650,2.919321295492668,975.5176827057545,731.545309991195,958.1222222222223,279.5444444444445
695,651,3.4774663118616487,975.5176827057545,731.545309991195,963.0444444444445,280.98888888888894
696,652,3.977861706354414,975.5176827057545,731.545309991195,967.9666666666667,282.43333333333334
697,653,4.428963583291841,975.5176827057545,731.545309991195,972.8888888888889,283.8777777777778
698,654,4.428963583291841,975.5176827057545,731.545309991195,977.8111111111111,285.32222222222225
699,655,4.428963583291841,975.5176827057545,731.545309991195,982.7333333333333,286.7666666666667
700,656,4.428963583291841,975.5176827057545,731.545309991195,987.6555555555556,288.2111111111111
701,657,4.428963583291841,975.5176827057545,731.545309991195,992.5777777777778,289.65555555555557
702,658,4.428963583291841,975.5176827057545,731.545309991195,997.5,291.1
703,659,4.428963583291841,975.5176827057545,731.545309991195,997.5,291.1
704,660,4.428963583291841,975.5176827057545,731.545309991195,997.5,291.1
705,661,4.428963583291841,975.5176827057545,731.545309991195,997.5,291.1
706,662,4.428963583291841,975.5176827057545,731.545309991195,997.5,291.1
707,663,4.428963583291841,975.5176827057545,731.545309991195,997.5,291.1
708,664,4.428963583291841,975.5176827057545,731.545309991195,997.5,291.1
709,665,4.428963583291841,975.5176827057545,731.545309991195,997.5,291.1
710,666,4.428963583291841,975.5176827057545,731.545309991195,997.5,291.1
711,667,4.428963583291841,975.5176827057545,731.545309991195,997.5,291.1
712,668,4.428963583291841,975.5176827057545,731.545309991195,997.5,291.1
713,669,4.428963583291841,975.5176827057545,731.545309991195,997.5,291.1
714,670,4.428963583291841,975.5176827057545,731.545309991195,997.5,291.1
715,671,4.428963583291841,975.5176827057545,731.545309991195,997.5,291.1
716,672,4.428963583291841,993.5176827057545,504.54530999119504,997.5,291.1
717,673,4.428963583291841,993.5176827057545,504.54530999119504,997.5,291.1
718,674,4.428963583291841,993.5176827057545,504.54530999119504,997.5,291.1
719,675,4.428963583291841,993.5176827057545,504.54530999119504,997.5,291.1
720,676,4.428963583291841,993.5176827057545,504.54530999119504,997.5,291.1
721,677,4.428963583291841,993.5176827057545,504.54530999119504,997.5,291.1
722,678,4.428963583291841,993.5176827057545,504.54530999119504,997.5,291.1
723,679,4.428963583291841,993.5176827057545,504.54530999119504,997.5,291.1
724,680,4.428963583291841,993.5176827057545,504.54530999119504,997.5,291.1
725,681,4.428963583291841,993.5176827057545,504.54530999119504,997.5,291.1
726,682,4.428963583291841,993.5176827057545,504.54530999119504,997.5,291.1
727,683,4.428963583291841,993.5176827057545,504.54530999119504,997.5,291.1
728,684,4.428963583291841,993.5176827057545,504.54530999119504,997.5,291.1
729,685,4.428963583291841,993.5176827057545,504.54530999119504,997.5,291.1
730,686,4.428963583291841,993.5176827057545,504.54530999119504,997.5,291.1
731,687,4.428963583291841,993.5176827057545,504.54530999119504,997.5,291.1
732,688,4.428963583291841,993.5176827057545,504.54530999119504,997.5,291.1
733,689,3.8083627463597107,993.5176827057545,504.54530999119504,997.5,291.1
734,690,3.8083627463597107,993.5176827057545,504.54530999119504,997.5,291.1
735,691,3.8083627463597107,993.5176827057545,504.54530999119504,997.5,291.1
736,692,3.8083627463597107,993.5176827057545,504.54530999119504,997.5,291.1
737,693,3.8083627463597107,993.5176827057545,504.54530999119504,997.5,291.1
738,694,3.8083627463597107,993.5176827057545,504.54530999119504,997.5,291.1
739,695,3.8083627463597107,993.5176827057545,504.54530999119504,997.5,291.1
740,696,3.8083627463597107,993.5176827057545,504.54530999119504,997.5,291.1
741,697,3.8083627463597107,993.5176827057545,504.54530999119504,997.5,291.1
742,698,3.8083627463597107,993.5176827057545,504.54530999119504,997.5,291.1
743,699,3.8083627463597107,993.5176827057545,504.54530999119504,997.5,291.1
744,700,3.8083627463597107,993.5176827057545,504.54530999119504,997.5,291.1
745,701,3.8083627463597107,993.5176827057545,504.54530999119504,997.5,291.1
746,702,3.8083627463597107,993.5176827057545,504.54530999119504,997.5,291.1
747,703,3.8083627463597107,993.5176827057545,504.54530999119504,997.5,291.1
748,704,3.8083627463597107,993.5176827057545,504.54530999119504,997.5,291.1
749,705,3.8083627463597107,1010.5176827057545,277.54530999119504,997.5,291.1
750,706,3.8083627463597107,1010.5176827057545,277.54530999119504,997.5,291.1
751,707,3.8083627463597107,1010.5176827057545,277.54530999119504,997.5,291.1
752,708,3.8083627463597107,1010.5176827057545,277.54530999119504,997.5,291.1
753,709,3.8083627463597107,1010.5176827057545,277.54530999119504,997.5,291.1
754,710,3.8083627463597107,1010.5176827057545,277.54530999119504,997.5,291.1
755,711,3.8083627463597107,1010.5176827057545,277.54530999119504,997.5,291.1
756,712,3.8083627463597107,1010.5176827057545,277.54530999119504,997.5,291.1
757,713,3.8083627463597107,1010.5176827057545,277.54530999119504,997.5,291.1
758,714,3.8083627463597107,1010.5176827057545,277.54530999119504,997.5,291.1
759,715,3.8083627463597107,1010.5176827057545,277.54530999119504,997.5,291.1
760,716,3.8083627463597107,1010.5176827057545,277.54530999119504,997.5,291.1
761,717,3.8083627463597107,1010.5176827057545,277.54530999119504,997.5,291.1
762,718,3.8083627463597107,1010.5176827057545,277.54530999119504,997.5,291.1
763,719,3.8083627463597107,1010.5176827057545,277.54530999119504,997.5,291.1
764,720,3.8083627463597107,1010.5176827057545,277.54530999119504,997.5,291.1
765,721,3.8083627463597107,1010.5176827057545,277.54530999119504,997.5,291.1
766,722,3.8083627463597107,1010.5176827057545,277.54530999119504,997.5,291.1
766,723,3.8083627463597107,1010.5176827057545,277.54530999119504,997.5,291.1
766,724,3.8083627463597107,1010.5176827057545,277.54530999119504,997.5,291.1
766,725,3.8083627463597107,1010.5176827057545,277.54530999119504,997.5,291.1
766,726,3.8083627463597107,1010.5176827057545,277.54530999119504,997.5,291.1
766,727,3.8083627463597107,1010.5176827057545,277.54530999119504,997.5,291.1
766,728,3.8083627463597107,1010.5176827057545,277.54530999119504,997.5,291.1
766,729,3.8083627463597107,1010.5176827057545,277.54530999119504,997.5,291.1
766,730,3.8083627463597107,1010.5176827057545,277.54530999119504,997.5,291.1
766,731,3.8083627463597107,1010.5176827057545,277.54530999119504,997.5,291.1
766,732,3.8083627463597107,1010.5176827057545,277.54530999119504,997.5,291.1
766,733,3.8083627463597107,1010.5176827057545,277.54530999119504,997.5,291.1
766,734,3.8083627463597107,1010.5176827057545,277.54530999119504,997.5,291.1
766,735,3.8083627463597107,1010.5176827057545,277.54530999119504,997.5,291.1
766,736,3.8083627463597107,1010.5176827057545,277.54530999119504,997.5,291.1
766,737,3.8083627463597107,1010.5176827057545,277.54530999119504,997.5,291.1
766,738,3.8083627463597107,1010.5176827057545,277.54530999119504,997.5,291.1
766,739,3.8083627463597107,1010.5176827057545,277.54530999119504,997.5,291.1
766,740,3.8083627463597107,1010.5176827057545,277.54530999119504,997.5,291.1
766,741,3.8083627463597107,1010.5176827057545,277.54530999119504,997.5,291.1
766,742,3.8083627463597107,1010.5176827057545,277.54530999119504,997.5,291.1
766,743,3.8083627463597107,1010.5176827057545,277.54530999119504,997.5,291.1
766,744,3.8083627463597107,1010.5176827057545,277.54530999119504,997.5,291.1
766,745,3.8083627463597107,1010.5176827057545,277.54530999119504,997.5,291.1
766,746,3.8083627463597107,1010.5176827057545,277.54530999119504,997.5,291.1
766,747,3.8083627463597107,1010.5176827057545,277.54530999119504,997.5,291.1
766,748,3.8083627463597107,1010.5176827057545,277.54530999119504,997.5,291.1
766,749,3.8083627463597107,1010.5176827057545,277.54530999119504,997.5,291.1
766,750,3.8083627463597107,1010.5176827057545,277.54530999119504,997.5,291.1
766,751,3.8083627463597107,1010.5176827057545,277.54530999119504,997.5,291.1
766,752,3.8083627463597107,1010.5176827057545,277.54530999119504,997.5,291.1
766,753,3.8083627463597107,1010.5176827057545,277.54530999119504,997.5,291.1
766,754,3.8083627463597107,1010.5176827057545,277.54530999119504,997.5,291.1
766,755,3.8083627463597107,1010.5176827057545,277.54530999119504,997.5,291.1
766,756,3.8083627463597107,1010.5176827057545,277.54530999119504,997.5,291.1
766,757,3.8083627463597107,1010.5176827057545,277.54530999119504,997.5,291.1
766,758,3.8083627463597107,1010.5176827057545,277.54530999119504,997.5,291.1
766,759,3.8083627463597107,1010.5176827057545,277.54530999119504,997.5,291.1
766,760,3.8083627463597107,1010.5176827057545,277.54530999119504,997.5,291.1
766,761,3.8083627463597107,1010.5176827057545,277.54530999119504,997.5,291.1
766,762,3.8083627463597107,1010.5176827057545,277.54530999119504,997.5,291.1
766,763,3.8083627463597107,1010.5176827057545,277.54530999119504,997.5,291.1
766,764,3.8083627463597107,1010.5176827057545,277.54530999119504,997.5,291.1
766,765,3.8083627463597107,1010.5176827057545,277.54530999119504,997.5,291.1
766,766,3.8083627463597107,1010.5176827057545,277.54530999119504,997.5,291.1
766,767,3.8083627463597107,1010.5176827057545,277.54530999119504,997.5,291.1
766,768,3.8083627463597107,1010.5176827057545,277.54530999119504,997.5,291.1
766,769,3.8083627463597107,1010.5176827057545,277.54530999119504,997.5,291.1
766,770,3.8083627463597107,1010.5176827057545,277.54530999119504,997.5,291.1
766,771,3.8083627463597107,1010.5176827057545,277.54530999119504,997.5,291.1
766,772,3.8083627463597107,1010.5176827057545,277.54530999119504,997.5,291.1
766,773,3.8083627463597107,1010.5176827057545,277.54530999119504,997.5,291.1
766,774,3.8083627463597107,1010.5176827057545,277.54530999119504,997.5,291.1
766,775,3.8083627463597107,1010.5176827057545,277.54530999119504,997.5,291.1
766,776,3.8083627463597107,1010.5176827057545,277.54530999119504,997.5,291.1
766,777,3.8083627463597107,1010.5176827057545,277.54530999119504,997.5,291.1
766,778,3.8083627463597107,1010.5176827057545,277.54530999119504,997.5,291.1
766,779,3.8083627463597107,1010.5176827057545,277.54530999119504,997.5,291.1
766,780,3.8083627463597107,1010.5176827057545,277.54530999119504,997.5,291.1
766,781,3.8083627463597107,1010.5176827057545,277.54530999119504,997.5,291.1
766,782,3.8083627463597107,1010.5176827057545,277.54530999119504,997.5,291.1
766,783,3.8083627463597107,1010.5176827057545,277.54530999119504,997.5,291.1
766,784,3.8083627463597107,1010.5176827057545,277.54530999119504,997.5,291.1
766,785,3.8083627463597107,1010.5176827057545,277.54530999119504,997.5,291.1
766,786,3.8083627463597107,1010.5176827057545,277.54530999119504,997.5,291.1
766,787,3.8083627463597107,1010.5176827057545,277.54530999119504,997.5,291.1
766,788,3.8083627463597107,1010.5176827057545,277.54530999119504,997.5,291.1
766,789,3.8083627463597107,1010.5176827057545,277.54530999119504,997.5,291.1
766,790,3.8083627463597107,1010.5176827057545,277.54530999119504,997.5,291.1
766,791,3.8083627463597107,1010.5176827057545,277.54530999119504,997.5,291.1
766,792,3.8083627463597107,1010.5176827057545,277.54530999119504,997.5,291.1
766,793,3.8083627463597107,1010.5176827057545,277.54530999119504,997.5,291.1
766,794,3.8083627463597107,1010.5176827057545,277.54530999119504,997.5,291.1
766,795,3.8083627463597107,1010.5176827057545,277.54530999119504,997.5,291.1
766,796,3.8083627463597107,1010.5176827057545,277.54530999119504,997.5,291.1
766,797,3.8083627463597107,1010.5176827057545,277.54530999119504,997.5,291.1
766,798,3.8083627463597107,1010.5176827057545,277.54530999119504,997.5,291.1
766,799,3.8083627463597107,1010.5176827057545,277.54530999119504,997.5,291.1
766,800,3.8083627463597107,1010.5176827057545,277.54530999119504,997.5,291.1
766,801,3.8083627463597107,1010.5176827057545,277.54530999119504,997.5,291.1
766,802,3.8083627463597107,1010.5176827057545,277.54530999119504,997.5,291.1
766,803,3.8083627463597107,1010.5176827057545,277.54530999119504,997.5,291.1
766,804,3.8083627463597107,1010.5176827057545,277.54530999119504,997.5,291.1
766,805,3.8083627463597107,1010.5176827057545,277.54530999119504,997.5,291.1
766,806,3.8083627463597107,1010.5176827057545,277.54530999119504,997.5,291.1
766,807,3.8083627463597107,1010.5176827057545,277.54530999119504,997.5,291.1
766,808,3.8083627463597107,1010.5176827057545,277.54530999119504,997.5,291.1
766,809,3.8083627463597107,1010.5176827057545,277.54530999119504,997.5,291.1
766,810,3.8083627463597107,1010.5176827057545,277.54530999119504,997.5,291.1
766,811,3.8083627463597107,1010.5176827057545,277.54530999119504,997.5,291.1
766,812,3.8083627463597107,1010.5176827057545,277.54530999119504,997.5,291.1
766,813,3.8083627463597107,1010.5176827057545,277.54530999119504,997.5,291.1
766,814,3.8083627463597107,1010.5176827057545,277.54530999119504,997.5,291.1
766,815,3.8083627463597107,1010.5176827057545,277.54530999119504,997.5,291.1
766,816,3.8083627463597107,1010.5176827057545,277.54530999119504,997.5,291.1
766,817,3.8083627463597107,1010.5176827057545,277.54530999119504,997.5,291.1
766,818,3.8083627463597107,1010.5176827057545,277.54530999119504,997.5,291.1
766,819,3.8083627463597107,1010.5176827057545,277.54530999119504,997.5,291.1
766,820,3.8083627463597107,1010.5176827057545,277.54530999119504,997.5,291.1
766,821,3.8083627463597107,1010.5176827057545,277.54530999119504,997.5,291.1
766,822,3.8083627463597107,1010.5176827057545,277.54530999119504,997.5,291.1
766,823,3.8083627463597107,1010.5176827057545,277.54530999119504,997.5,291.1
766,824,3.8083627463597107,1010.5176827057545,277.54530999119504,997.5,291.1
766,825,3.8083627463597107,1010.5176827057545,277.54530999119504,997.5,291.1
766,826,3.8083627463597107,1010.5176827057545,277.54530999119504,997.5,291.1
766,827,3.8083627463597107,1010.5176827057545,277.54530999119504,997.5,291.1
766,828,3.8083627463597107,1010.5176827057545,277.54530999119504,997.5,291.1
766,829,3.8083627463597107,1010.5176827057545,277.54530999119504,997.5,291.1
766,830,3.8083627463597107,1010.5176827057545,277.54530999119504,997.5,291.1
766,831,3.8083627463597107,1010.5176827057545,277.54530999119504,997.5,291.1
766,832,3.8083627463597107,1010.5176827057545,277.54530999119504,997.5,291.1
766,833,3.8083627463597107,1010.5176827057545,277.54530999119504,997.5,291.1
766,834,3.8083627463597107,1010.5176827057545,277.54530999119504,997.5,291.1
766,835,3.8083627463597107,1010.5176827057545,277.54530999119504,997.5,291.1
766,836,3.8083627463597107,1010.5176827057545,277.54530999119504,997.5,291.1
766,837,3.8083627463597107,1010.5176827057545,277.54530999119504,997.5,291.1
766,838,3.8083627463597107,1262.5176827057544,274.54530999119504,997.5,291.1
766,839,3.8083627463597107,1262.5176827057544,274.54530999119504,997.5,291.1
766,840,3.8083627463597107,1262.5176827057544,274.54530999119504,997.5,291.1
766,841,3.8083627463597107,1262.5176827057544,274.54530999119504,997.5,291.1
766,842,3.8083627463597107,1262.5176827057544,274.54530999119504,997.5,291.1
766,843,3.8083627463597107,1262.5176827057544,274.54530999119504,997.5,291.1
766,844,3.8083627463597107,1262.5176827057544,274.54530999119504,997.5,291.1
766,845,3.8083627463597107,1262.5176827057544,274.54530999119504,997.5,291.1
766,846,3.8083627463597107,1262.5176827057544,274.54530999119504,997.5,291.1
766,847,3.8083627463597107,1262.5176827057544,274.54530999119504,997.5,291.1
766,848,3.8083627463597107,1262.5176827057544,274.54530999119504,997.5,291.1
766,849,3.8083627463597107,1262.5176827057544,274.54530999119504,997.5,291.1
766,850,3.8083627463597107,1262.5176827057544,274.54530999119504,997.5,291.1
766,851,3.8083627463597107,1262.5176827057544,274.54530999119504,997.5,291.1
766,852,3.8083627463597107,1262.5176827057544,274.54530999119504,997.5,291.1
766,853,3.8083627463597107,1262.5176827057544,274.54530999119504,997.5,291.1
766,854,3.8083627463597107,1262.5176827057544,274.54530999119504,997.5,291.1
766,855,3.8083627463597107,1262.5176827057544,274.54530999119504,997.5,291.1
766,856,3.8083627463597107,1262.5176827057544,274.54530999119504,997.5,291.1
766,857,3.8083627463597107,1262.5176827057544,274.54530999119504,997.5,291.1
766,858,3.8083627463597107,1262.5176827057544,274.54530999119504,997.5,291.1
766,859,3.8083627463597107,1262.5176827057544,274.54530999119504,997.5,291.1
766,860,3.8083627463597107,1262.5176827057544,274.54530999119504,997.5,291.1
766,861,3.8083627463597107,1262.5176827057544,274.54530999119504,997.5,291.1
766,862,3.8083627463597107,1262.5176827057544,274.54530999119504,997.5,291.1
766,863,3.8083627463597107,1262.5176827057544,274.54530999119504,997.5,291.1
766,864,3.8083627463597107,1262.5176827057544,274.54530999119504,997.5,291.1
766,865,3.8083627463597107,1262.5176827057544,274.54530999119504,997.5,291.1
766,866,3.8083627463597107,1262.5176827057544,274.54530999119504,997.5,291.1
766,867,3.8083627463597107,1262.5176827057544,274.54530999119504,997.5,291.1
766,868,3.8083627463597107,1262.5176827057544,274.54530999119504,997.5,291.1
766,869,3.8083627463597107,1262.5176827057544,274.54530999119504,997.5,291.1
766,870,3.8083627463597107,1262.5176827057544,274.54530999119504,997.5,291.1
766,871,3.8083627463597107,1262.5176827057544,274.54530999119504,997.5,291.1
766,872,3.8083627463597107,1262.5176827057544,274.54530999119504,997.5,291.1
766,873,3.8083627463597107,1262.5176827057544,274.54530999119504,997.5,291.1
766,874,3.8083627463597107,1262.5176827057544,274.54530999119504,997.5,291.1
766,875,3.8083627463597107,1262.5176827057544,274.54530999119504,997.5,291.1
766,876,3.8083627463597107,1262.5176827057544,274.54530999119504,997.5,291.1
766,877,3.8083627463597107,1262.5176827057544,274.54530999119504,997.5,291.1
766,878,4.882590501014438,1262.5176827057544,274.54530999119504,997.5,291.1
766,879,5.969092164734976,1262.5176827057544,274.54530999119504,997.5,291.1
766,880,7.067284905920071,1262.5176827057544,274.54530999119504,997.5,291.1
767,881,163.3670123514724,1262.5176827057544,274.54530999119504,997.5,291.1
768,882,162.24737261632873,1262.5176827057544,274.54530999119504,997.5,291.1
769,883,161.118067237999,1262.5176827057544,274.54530999119504,997.5,291.1
770,884,159.979858735723,1262.5176827057544,274.54530999119504,997.5,291.1
771,885,158.83354976727566,1262.5176827057544,274.54530999119504,997.5,291.1
772,886,157.67998035707006,1262.5176827057544,274.54530999119504,997.5,291.1
773,887,157.67998035707006,1262.5176827057544,274.54530999119504,997.5,291.1
774,888,157.67998035707006,1262.5176827057544,274.54530999119504,997.5,291.1
775,889,157.67998035707006,1262.5176827057544,274.54530999119504,997.5,291.1
776,890,157.67998035707006,1262.5176827057544,274.54530999119504,997.5,291.1
777,891,157.67998035707006,1262.5176827057544,274.54530999119504,997.5,291.1
778,892,157.67998035707006,1262.5176827057544,274.54530999119504,997.5,291.1
779,893,157.67998035707006,1262.5176827057544,274.54530999119504,997.5,291.1
780,894,157.67998035707006,1262.5176827057544,274.54530999119504,997.5,291.1
781,895,157.67998035707006,1262.5176827057544,274.54530999119504,997.5,291.1
782,896,157.67998035707006,1262.5176827057544,274.54530999119504,997.5,291.1
783,897,157.67998035707006,1262.5176827057544,274.54530999119504,997.5,291.1
784,898,157.67998035707006,1262.5176827057544,274.54530999119504,997.5,291.1
785,899,157.67998035707006,1262.5176827057544,274.54530999119504,997.5,291.1
786,900,157.67998035707006,1262.5176827057544,274.54530999119504,997.5,291.1
787,901,157.67998035707006,1262.5176827057544,274.54530999119504,997.5,291.1
788,902,157.67998035707006,1262.5176827057544,274.54530999119504,997.5,291.1
789,903,157.67998035707006,1262.5176827057544,274.54530999119504,997.5,291.1
790,904,157.67998035707006,1262.5176827057544,274.54530999119504,997.5,291.1
791,905,157.67998035707006,1113.5176827057544,422.54530999119504,997.5,291.1
792,906,157.67998035707006,1113.5176827057544,422.54530999119504,997.5,291.1
793,907,157.67998035707006,1113.5176827057544,422.54530999119504,997.5,291.1
794,908,157.67998035707006,1113.5176827057544,422.54530999119504,997.5,291.1
795,909,157.67998035707006,1113.5176827057544,422.54530999119504,997.5,291.1
796,910,157.67998035707006,1113.5176827057544,422.54530999119504,997.5,291.1
797,911,157.67998035707006,1113.5176827057544,422.54530999119504,997.5,291.1
798,912,157.67998035707006,1113.5176827057544,422.54530999119504,997.5,291.1
799,913,157.67998035707006,1113.5176827057544,422.54530999119504,997.5,291.1
800,914,164.13792958465447,1113.5176827057544,422.54530999119504,997.5,291.1
801,915,164.13792958465447,1113.5176827057544,422.54530999119504,997.5,291.1
802,916,164.13792958465447,1113.5176827057544,422.54530999119504,997.5,291.1
803,917,164.13792958465447,1113.5176827057544,422.54530999119504,997.5,291.1
804,918,164.13792958465447,1113.5176827057544,422.54530999119504,997.5,291.1
805,919,164.13792958465447,1113.5176827057544,422.54530999119504,997.5,291.1
806,920,164.13792958465447,1113.5176827057544,422.54530999119504,997.5,291.1
807,921,164.13792958465447,1113.5176827057544,422.54530999119504,997.5,291.1
808,922,164.13792958465447,1113.5176827057544,422.54530999119504,997.5,291.1
809,923,164.13792958465447,1113.5176827057544,422.54530999119504,997.5,291.1
810,924,164.13792958465447,1113.5176827057544,422.54530999119504,997.5,291.1
811,925,164.13792958465447,1113.5176827057544,422.54530999119504,997.5,291.1
812,926,164.13792958465447,1113.5176827057544,422.54530999119504,997.5,291.1
813,927,164.13792958465447,1113.5176827057544,422.54530999119504,997.5,291.1
814,928,164.13792958465447,1113.5176827057544,422.54530999119504,997.5,291.1
815,929,164.13792958465447,1113.5176827057544,422.54530999119504,997.5,291.1
816,930,164.13792958465447,1113.5176827057544,422.54530999119504,997.5,291.1
817,931,164.13792958465447,1113.5176827057544,422.54530999119504,997.5,291.1
818,932,164.13792958465447,1113.5176827057544,422.54530999119504,997.5,291.1
819,933,164.13792958465447,1113.5176827057544,422.54530999119504,997.5,291.1
820,934,164.13792958465447,1113.5176827057544,422.54530999119504,997.5,291.1
821,935,164.13792958465447,1113.5176827057544,422.54530999119504,997.5,291.1
822,936,164.13792958465447,1113.5176827057544,422.54530999119504,997.5,291.1
823,937,164.13792958465447,1113.5176827057544,422.54530999119504,997.5,291.1
824,938,164.13792958465447,963.5176827057545,570.545309991195,997.5,291.1
825,939,164.13792958465447,963.5176827057545,570.545309991195,997.5,291.1
826,940,164.13792958465447,963.5176827057545,570.545309991195,997.5,291.1
827,941,164.13792958465447,963.5176827057545,570.545309991195,997.5,291.1
828,942,164.13792958465447,963.5176827057545,570.545309991195,996.93,303.94500000000005
829,943,164.13792958465447,963.5176827057545,570.545309991195,996.36,316.79
830,944,164.13792958465447,963.5176827057545,570.545309991195,995.79,329.635
831,945,164.13792958465447,963.5176827057545,570.545309991195,995.22,342.48
832,946,164.13792958465447,963.5176827057545,570.545309991195,994.65,355.32500000000005
833,947,166.8004966554512,963.5176827057545,570.545309991195,994.08,368.17
834,948,166.8004966554512,963.5176827057545,570.545309991195,993.51,381.015
835,949,166.8004966554512,963.5176827057545,570.545309991195,992.94,393.86
836,950,166.8004966554512,963.5176827057545,570.545309991195,992.37,406.70500000000004
837,951,166.8004966554512,963.5176827057545,570.545309991195,991.8,419.55
838,952,166.8004966554512,963.5176827057545,570.545309991195,991.23,432.395
839,953,166.8004966554512,963.5176827057545,570.545309991195,990.66,445.24
840,954,166.8004966554512,963.5176827057545,570.545309991195,990.09,458.08500000000004
841,955,166.8004966554512,963.5176827057545,570.545309991195,989.52,470.93
842,956,166.8004966554512,963.5176827057545,570.545309991195,988.95,483.775
843,957,166.8004966554512,963.5176827057545,570.545309991195,988.38,496.62
844,958,166.8004966554512,963.5176827057545,570.545309991195,987.8100000000001,509.46500000000003
845,959,166.8004966554512,963.5176827057545,570.545309991195,987.24,522.31
846,960,166.8004966554512,963.5176827057545,570.545309991195,986.6700000000001,535.155
847,961,166.8004966554512,963.5176827057545,570.545309991195,986.1,548.0
848,962,166.8004966554512,963.5176827057545,570.545309991195,986.1,548.0
849,963,166.8004966554512,963.5176827057545,570.545309991195,986.1,548.0
850,964,166.8004966554512,963.5176827057545,570.545309991195,986.1,548.0
851,965,166.8004966554512,963.5176827057545,570.545309991195,986.1,548.0
852,966,166.8004966554512,963.5176827057545,570.545309991195,986.1,548.0
853,967,166.8004966554512,963.5176827057545,570.545309991195,986.1,548.0
854,968,166.8004966554512,963.5176827057545,570.545309991195,986.1,548.0
855,969,166.8004966554512,963.5176827057545,570.545309991195,986.1,548.0
856,970,166.8004966554512,963.5176827057545,570.545309991195,986.1,548.0
857,971,166.8004966554512,963.5176827057545,570.545309991195,986.1,548.0
858,972,166.8004966554512,814.5176827057545,718.545309991195,986.1,548.0
859,973,166.8004966554512,814.5176827057545,718.545309991195,986.1,548.0
860,974,166.8004966554512,814.5176827057545,718.545309991195,986.1,548.0
861,975,166.8004966554512,814.5176827057545,718.545309991195,986.1,548.0
862,976,166.8004966554512,814.5176827057545,718.545309991195,986.1,548.0
863,977,166.8004966554512,814.5176827057545,718.545309991195,986.1,548.0
864,978,166.8004966554512,814.5176827057545,718.545309991195,986.1,548.0
865,979,166.8004966554512,814.5176827057545,718.545309991195,986.1,548.0
866,980,166.8004966554512,814.5176827057545,718.545309991195,986.1,548.0
867,981,166.8004966554512,814.5176827057545,718.545309991195,986.1,548.0
868,982,166.8004966554512,814.5176827057545,718.545309991195,986.1,548.0
869,983,166.8004966554512,814.5176827057545,718.545309991195,986.1,548.0
870,984,166.8004966554512,814.5176827057545,718.545309991195,986.1,548.0
871,985,166.8004966554512,814.5176827057545,718.545309991195,986.1,548.0
872,986,166.8004966554512,814.5176827057545,718.545309991195,986.1,548.0
873,987,166.8004966554512,814.5176827057545,718.545309991195,986.1,548.0
874,988,166.8004966554512,814.5176827057545,718.545309991195,986.1,548.0
875,989,166.8004966554512,814.5176827057545,718.545309991195,986.1,548.0
876,990,166.8004966554512,814.5176827057545,718.545309991195,986.1,548.0
877,991,166.8004966554512,814.5176827057545,718.545309991195,986.1,548.0
878,992,166.8004966554512,814.5176827057545,718.545309991195,986.1,548.0
879,993,166.8004966554512,814.5176827057545,718.545309991195,986.1,548.0
880,994,166.8004966554512,814.5176827057545,718.545309991195,986.1,548.0
881,995,166.8004966554512,814.5176827057545,718.545309991195,986.1,548.0
882,996,166.8004966554512,814.5176827057545,718.545309991195,986.1,548.0
883,997,166.8004966554512,814.5176827057545,718.545309991195,986.1,548.0
884,998,166.8004966554512,814.5176827057545,718.545309991195,986.1,548.0
885,999,166.8004966554512,814.5176827057545,718.545309991195,986.1,548.0
886,1000,166.8004966554512,814.5176827057545,718.545309991195,986.1,548.0
887,1001,166.8004966554512,814.5176827057545,718.545309991195,986.1,548.0
888,1002,166.8004966554512,814.5176827057545,718.545309991195,986.1,548.0
889,1003,166.8004966554512,814.5176827057545,718.545309991195,986.1,548.0
890,1004,166.8004966554512,814.5176827057545,718.545309991195,986.1,548.0
891,1005,166.8004966554512,871.5176827057545,705.545309991195,986.1,548.0
892,1006,166.8004966554512,871.5176827057545,705.545309991195,986.1,548.0
893,1007,166.8004966554512,871.5176827057545,705.545309991195,986.1,548.0
894,1008,166.8004966554512,871.5176827057545,705.545309991195,986.1,548.0
895,1009,166.8004966554512,871.5176827057545,705.545309991195,986.1,548.0
896,1010,166.8004966554512,871.5176827057545,705.545309991195,986.1,548.0
897,1011,166.8004966554512,871.5176827057545,705.545309991195,986.1,548.0
898,1012,166.8004966554512,871.5176827057545,705.545309991195,986.1,548.0
899,1013,166.8004966554512,871.5176827057545,705.545309991195,986.1,548.0
900,1014,34.82343026759891,871.5176827057545,705.545309991195,986.1,548.0
901,1015,34.82343026759891,871.5176827057545,705.545309991195,986.1,548.0
902,1016,34.82343026759891,871.5176827057545,705.545309991195,986.1,548.0
903,1017,34.82343026759891,871.5176827057545,705.545309991195,986.1,548.0
904,1018,34.82343026759891,871.5176827057545,705.545309991195,986.1,548.0
905,1019,34.82343026759891,871.5176827057545,705.545309991195,986.1,548.0
906,1020,34.82343026759891,871.5176827057545,705.545309991195,986.1,548.0
907,1021,34.82343026759891,871.5176827057545,705.545309991195,986.1,548.0
908,1022,34.82343026759891,871.5176827057545,705.545309991195,986.1,548.0
909,1023,34.82343026759891,871.5176827057545,705.545309991195,986.1,548.0
910,1024,34.82343026759891,871.5176827057545,705.545309991195,986.1,548.0
911,1025,34.82343026759891,871.5176827057545,705.545309991195,986.1,548.0
912,1026,34.82343026759891,871.5176827057545,705.545309991195,986.1,548.0
913,1027,34.82343026759891,871.5176827057545,705.545309991195,986.1,548.0
914,1028,34.82343026759891,871.5176827057545,705.545309991195,986.1,548.0
915,1029,34.82343026759891,871.5176827057545,705.545309991195,986.1,548.0
916,1030,34.82343026759891,871.5176827057545,705.545309991195,986.1,548.0
917,1031,34.82343026759891,871.5176827057545,705.545309991195,986.1,548.0
918,1032,34.82343026759891,871.5176827057545,705.545309991195,986.1,548.0
919,1033,34.82343026759891,871.5176827057545,705.545309991195,986.1,548.0
920,1034,34.82343026759891,871.5176827057545,705.545309991195,986.1,548.0
921,1035,34.82343026759891,871.5176827057545,705.545309991195,986.1,548.0
922,1036,34.82343026759891,871.5176827057545,705.545309991195,986.1,548.0
923,1037,34.82343026759891,871.5176827057545,705.545309991195,986.1,548.0
924,1038,34.82343026759891,929.5176827057545,693.545309991195,986.1,548.0
925,1039,34.82343026759891,929.5176827057545,693.545309991195,986.1,548.0
926,1040,34.82343026759891,929.5176827057545,693.545309991195,986.1,548.0
927,1041,34.82343026759891,929.5176827057545,693.545309991195,986.1,548.0
928,1042,34.82343026759891,929.5176827057545,693.545309991195,986.1,548.0
929,1043,34.82343026759891,929.5176827057545,693.545309991195,986.1,548.0
930,1044,34.82343026759891,929.5176827057545,693.545309991195,986.1,548.0
931,1045,34.82343026759891,929.5176827057545,693.545309991195,986.1,548.0
932,1046,34.82343026759891,929.5176827057545,693.545309991195,986.1,548.0
933,1047,2.327223674853353,929.5176827057545,693.545309991195,986.1,548.0
934,1048,2.327223674853353,929.5176827057545,693.545309991195,986.1,548.0
935,1049,2.327223674853353,929.5176827057545,693.545309991195,986.1,548.0
936,1050,2.327223674853353,929.5176827057545,693.545309991195,986.1,548.0
937,1051,2.327223674853353,929.5176827057545,693.545309991195,986.1,548.0
938,1052,2.327223674853353,929.5176827057545,693.545309991195,986.1,548.0
939,1053,2.327223674853353,929.5176827057545,693.545309991195,986.1,548.0
940,1054,2.327223674853353,929.5176827057545,693.545309991195,986.1,548.0
941,1055,2.327223674853353,929.5176827057545,693.545309991195,986.1,548.0
942,1056,2.327223674853353,929.5176827057545,693.545309991195,986.1,548.0
943,1057,2.327223674853353,929.5176827057545,693.545309991195,986.1,548.0
944,1058,2.327223674853353,929.5176827057545,693.545309991195,986.1,548.0
945,1059,2.327223674853353,929.5176827057545,693.545309991195,986.1,548.0
946,1060,2.327223674853353,929.5176827057545,693.545309991195,986.1,548.0
947,1061,2.327223674853353,929.5176827057545,693.545309991195,986.1,548.0
948,1062,2.327223674853353,929.5176827057545,693.545309991195,986.1,548.0
949,1063,2.327223674853353,929.5176827057545,693.545309991195,986.1,548.0
950,1064,2.327223674853353,929.5176827057545,693.545309991195,986.1,548.0
951,1065,2.327223674853353,929.5176827057545,693.545309991195,986.1,548.0
952,1066,2.327223674853353,929.5176827057545,693.545309991195,986.1,548.0
953,1067,2.327223674853353,929.5176827057545,693.545309991195,986.1,548.0
954,1068,2.327223674853353,929.5176827057545,693.545309991195,986.1,548.0
955,1069,2.327223674853353,929.5176827057545,693.545309991195,986.1,548.0
956,1070,2.327223674853353,929.5176827057545,693.545309991195,986.1,548.0
957,1071,2.327223674853353,929.5176827057545,693.545309991195,986.1,548.0
958,1072,2.327223674853353,929.5176827057545,693.545309991195,986.1,548.0
959,1073,2.327223674853353,929.5176827057545,693.545309991195,986.1,548.0
960,1074,2.327223674853353,929.5176827057545,693.545309991195,986.1,548.0
961,1075,2.327223674853353,929.5176827057545,693.545309991195,986.1,548.0
962,1076,2.327223674853353,929.5176827057545,693.545309991195,986.1,548.0
963,1077,2.327223674853353,929.5176827057545,693.545309991195,986.1,548.0
964,1078,2.327223674853353,929.5176827057545,693.545309991195,986.1,548.0
965,1079,2.327223674853353,929.5176827057545,693.545309991195,986.1,548.0
966,1080,2.327223674853353,929.5176827057545,693.545309991195,986.1,548.0
967,1081,2.327223674853353,929.5176827057545,693.545309991195,986.1,548.0
968,1082,2.327223674853353,929.5176827057545,693.545309991195,986.1,548.0
969,1083,2.327223674853353,929.5176827057545,693.545309991195,990.152,538.156
970,1084,2.327223674853353,929.5176827057545,693.545309991195,994.2040000000001,528.312
971,1085,2.327223674853353,929.5176827057545,693.545309991195,998.2560000000001,518.468
972,1086,2.327223674853353,929.5176827057545,693.545309991195,1002.308,508.624
973,1087,2.327223674853353,929.5176827057545,693.545309991195,1006.36,498.78
974,1088,2.327223674853353,929.5176827057545,693.545309991195,1010.412,488.936
975,1089,2.327223674853353,929.5176827057545,693.545309991195,1014.464,479.092
976,1090,2.327223674853353,929.5176827057545,693.545309991195,1018.5160000000001,469.248
977,1091,2.327223674853353,929.5176827057545,693.545309991195,1022.5680000000001,459.404
978,1092,2.327223674853353,929.5176827057545,693.545309991195,1026.6200000000001,449.56
979,1093,2.327223674853353,929.5176827057545,693.545309991195,1030.672,439.716
980,1094,2.327223674853353,929.5176827057545,693.545309991195,1034.7240000000002,429.87199999999996
981,1095,2.327223674853353,929.5176827057545,693.545309991195,1038.776,420.028
982,1096,2.327223674853353,929.5176827057545,693.545309991195,1042.828,410.18399999999997
983,1097,2.327223674853353,929.5176827057545,693.545309991195,1046.88,400.34
984,1098,2.327223674853353,929.5176827057545,693.545309991195,1050.932,390.496
985,1099,2.327223674853353,929.5176827057545,693.545309991195,1054.9840000000002,380.652
986,1100,2.327223674853353,929.5176827057545,693.545309991195,1059.036,370.808
987,1101,2.327223674853353,929.5176827057545,693.545309991195,1063.0880000000002,360.96399999999994
988,1102,2.327223674853353,929.5176827057545,693.545309991195,1067.14,351.12
989,1103,2.327223674853353,929.5176827057545,693.545309991195,1071.192,341.27599999999995
990,1104,2.327223674853353,929.5176827057545,693.545309991195,1075.2440000000001,331.43199999999996
991,1105,2.327223674853353,1124.5176827057544,264.54530999119504,1079.296,321.58799999999997
992,1106,2.327223674853353,1124.5176827057544,264.54530999119504,1083.3480000000002,311.74399999999997
993,1107,2.327223674853353,1124.5176827057544,264.54530999119504,1087.4,301.9
994,1108,2.327223674853353,1124.5176827057544,264.54530999119504,1087.4,301.9
995,1109,2.327223674853353,1124.5176827057544,264.54530999119504,1087.4,301.9
996,1110,2.327223674853353,1124.5176827057544,264.54530999119504,1087.4,301.9
997,1111,2.327223674853353,1124.5176827057544,264.54530999119504,1087.4,301.9
998,1112,2.327223674853353,1124.5176827057544,264.54530999119504,1087.4,301.9
999,1113,2.327223674853353,1124.5176827057544,264.54530999119504,1087.4,301.9
1000,1114,2.327223674853353,1124.5176827057544,264.54530999119504,1087.4,301.9
1001,1115,2.327223674853353,1124.5176827057544,264.54530999119504,1087.4,301.9
1002,1116,2.327223674853353,1124.5176827057544,264.54530999119504,1087.4,301.9
1003,1117,2.327223674853353,1124.5176827057544,264.54530999119504,1087.4,301.9
1004,1118,2.327223674853353,1124.5176827057544,264.54530999119504,1087.4,301.9
1005,1119,2.327223674853353,1124.5176827057544,264.54530999119504,1087.4,301.9
1006,1120,2.327223674853353,1124.5176827057544,264.54530999119504,1087.4,301.9
1007,1121,2.327223674853353,1124.5176827057544,264.54530999119504,1087.4,301.9
1008,1122,2.327223674853353,1124.5176827057544,264.54530999119504,1087.4,301.9
1009,1123,2.327223674853353,1124.5176827057544,264.54530999119504,1087.4,301.9
1010,1124,2.327223674853353,1124.5176827057544,264.54530999119504,1087.4,301.9
1011,1125,2.327223674853353,1124.5176827057544,264.54530999119504,1087.4,301.9
1012,1126,2.327223674853353,1124.5176827057544,264.54530999119504,1087.4,301.9
1013,1127,2.327223674853353,1124.5176827057544,264.54530999119504,1087.4,301.9
1014,1128,2.327223674853353,1124.5176827057544,264.54530999119504,1087.4,301.9
1015,1129,2.327223674853353,1124.5176827057544,264.54530999119504,1087.4,301.9
1016,1130,2.327223674853353,1124.5176827057544,264.54530999119504,1087.4,301.9
1017,1131,2.327223674853353,1124.5176827057544,264.54530999119504,1087.4,301.9
1018,1132,2.327223674853353,1124.5176827057544,264.54530999119504,1087.4,301.9
1019,1133,2.327223674853353,1124.5176827057544,264.54530999119504,1087.4,301.9
1020,1134,2.327223674853353,1124.5176827057544,264.54530999119504,1087.4,301.9
1021,1135,2.327223674853353,1124.5176827057544,264.54530999119504,1087.4,301.9
1022,1136,2.327223674853353,1124.5176827057544,264.54530999119504,1087.4,301.9
1023,1137,2.327223674853353,1124.5176827057544,264.54530999119504,1087.4,301.9
1024,1138,2.327223674853353,1124.5176827057544,264.54530999119504,1087.4,301.9
1025,1139,2.327223674853353,1124.5176827057544,264.54530999119504,1087.4,301.9
1026,1140,2.327223674853353,1124.5176827057544,264.54530999119504,1087.4,301.9
1027,1141,2.327223674853353,1124.5176827057544,264.54530999119504,1087.4,301.9
1028,1142,2.327223674853353,1124.5176827057544,264.54530999119504,1087.4,301.9
1029,1143,2.327223674853353,1124.5176827057544,264.54530999119504,1087.4,301.9
1030,1144,2.327223674853353,1124.5176827057544,264.54530999119504,1087.4,301.9
1031,1145,2.327223674853353,1124.5176827057544,264.54530999119504,1087.4,301.9
1032,1146,2.327223674853353,1124.5176827057544,264.54530999119504,1087.4,301.9
1033,1147,2.327223674853353,1124.5176827057544,264.54530999119504,1087.4,301.9
1034,1148,2.327223674853353,1124.5176827057544,264.54530999119504,1087.4,301.9
1035,1149,2.327223674853353,1124.5176827057544,264.54530999119504,1087.4,301.9
1036,1150,2.327223674853353,1124.5176827057544,264.54530999119504,1087.4,301.9
1037,1151,2.327223674853353,1124.5176827057544,264.54530999119504,1087.4,301.9
1038,1152,2.327223674853353,1124.5176827057544,264.54530999119504,1087.4,301.9
1039,1153,2.327223674853353,1124.5176827057544,264.54530999119504,1087.4,301.9
1040,1154,2.327223674853353,1124.5176827057544,264.54530999119504,1087.4,301.9
1041,1155,2.327223674853353,1124.5176827057544,264.54530999119504,1087.4,301.9
1042,1156,2.327223674853353,1124.5176827057544,264.54530999119504,1087.4,301.9
1043,1157,2.327223674853353,1124.5176827057544,264.54530999119504,1087.4,301.9
1044,1158,2.327223674853353,1124.5176827057544,264.54530999119504,1087.4,301.9
1045,1159,2.327223674853353,1124.5176827057544,264.54530999119504,1087.4,301.9
1046,1160,2.327223674853353,1124.5176827057544,264.54530999119504,1087.4,301.9
1047,1161,2.327223674853353,1124.5176827057544,264.54530999119504,1087.4,301.9
1048,1162,2.327223674853353,1124.5176827057544,264.54530999119504,1087.4,301.9
1049,1163,2.327223674853353,1124.5176827057544,264.54530999119504,1087.4,301.9
1050,1164,2.327223674853353,1124.5176827057544,264.54530999119504,1087.4,301.9
1051,1165,2.327223674853353,1124.5176827057544,264.54530999119504,1087.4,301.9
1052,1166,2.327223674853353,1124.5176827057544,264.54530999119504,1087.4,301.9
1053,1167,2.327223674853353,1124.5176827057544,264.54530999119504,1087.4,301.9
1054,1168,2.327223674853353,1124.5176827057544,264.54530999119504,1087.4,301.9
1055,1169,2.327223674853353,1124.5176827057544,264.54530999119504,1087.4,301.9
1056,1170,2.0034780031238895,1124.5176827057544,264.54530999119504,1087.4,301.9
1057,1171,1.6431459833803619,1124.5176827057544,264.54530999119504,1087.4,301.9
1058,1172,1.2396883129939047,1124.5176827057544,264.54530999119504,1087.4,301.9
1059,1173,0.7849183817961115,1124.5176827057544,264.54530999119504,1087.4,301.9
1060,1174,0.2684525199142566,1124.5176827057544,264.54530999119504,1087.4,301.9
1061,1175,0.32307372986307964,1124.5176827057544,264.54530999119504,1087.4,301.9
1062,1176,1.0071471228847662,1124.5176827057544,264.54530999119504,1087.4,301.9
1063,1177,1.8070798109211954,1124.5176827057544,264.54530999119504,1087.4,301.9
1064,1178,2.7546200867958226,1124.5176827057544,264.54530999119504,1087.4,301.9
1065,1179,3.8940790314204476,1124.5176827057544,264.54530999119504,1077.3666666666668,295.4916666666667
1065,1180,5.289083990838555,1124.5176827057544,264.54530999119504,1067.3333333333335,289.0833333333333
1065,1181,7.034075426110186,1124.5176827057544,264.54530999119504,1057.3000000000002,282.67499999999995
1065,1182,9.274766560763958,1124.5176827057544,264.54530999119504,1047.2666666666667,276.26666666666665
1065,1183,12.246367871257537,1124.5176827057544,264.54530999119504,1037.2333333333333,269.85833333333335
1066,1184,21.48980286841557,1124.5176827057544,264.54530999119504,1027.2,263.45
1067,1185,15.540082990325978,1124.5176827057544,264.54530999119504,1017.1666666666667,257.04166666666663
1068,1186,6.407591213405724,1124.5176827057544,264.54530999119504,1007.1333333333333,250.63333333333333
1069,1186,6.407591213405724,1124.5176827057544,264.54530999119504,997.1,244.225
1070,1186,6.407591213405724,1124.5176827057544,264.54530999119504,987.0666666666667,237.81666666666666
1071,1186,6.407591213405724,1124.5176827057544,264.54530999119504,977.0333333333333,231.40833333333333
1072,1186,6.407591213405724,1124.5176827057544,264.54530999119504,967.0,225.0
1073,1186,6.407591213405724,1124.5176827057544,264.54530999119504,967.0,225.0
1074,1186,6.407591213405724,1124.5176827057544,264.54530999119504,967.0,225.0
1075,1186,6.407591213405724,1124.5176827057544,264.54530999119504,967.0,225.0
1076,1186,6.407591213405724,1124.5176827057544,264.54530999119504,967.0,225.0
1077,1186,6.407591213405724,1124.5176827057544,264.54530999119504,967.0,225.0
1078,1186,6.407591213405724,1124.5176827057544,264.54530999119504,967.0,225.0
1079,1186,6.407591213405724,1124.5176827057544,264.54530999119504,967.0,225.0
1080,1186,6.407591213405724,1124.5176827057544,264.54530999119504,967.0,225.0
1081,1186,6.407591213405724,1124.5176827057544,264.54530999119504,967.0,225.0
1082,1186,6.407591213405724,1124.5176827057544,264.54530999119504,967.0,225.0
1083,1186,6.407591213405724,1124.5176827057544,264.54530999119504,967.0,225.0
1084,1186,6.407591213405724,1124.5176827057544,264.54530999119504,967.0,225.0
1085,1186,6.407591213405724,1124.5176827057544,264.54530999119504,967.0,225.0
1086,1186,6.407591213405724,1124.5176827057544,264.54530999119504,967.0,225.0
1087,1186,6.407591213405724,1124.5176827057544,264.54530999119504,967.0,225.0
1088,1186,6.407591213405724,1124.5176827057544,264.54530999119504,967.0,225.0
1089,1186,6.407591213405724,1124.5176827057544,264.54530999119504,967.0,225.0
1090,1186,6.407591213405724,1124.5176827057544,264.54530999119504,967.0,225.0
1091,1186,6.407591213405724,1124.5176827057544,264.54530999119504,967.0,225.0
1092,1186,6.407591213405724,1124.5176827057544,264.54530999119504,967.0,225.0
1093,1186,6.407591213405724,1124.5176827057544,264.54530999119504,967.0,225.0
1094,1186,6.407591213405724,1124.5176827057544,264.54530999119504,967.0,225.0
1095,1186,6.407591213405724,1124.5176827057544,264.54530999119504,967.0,225.0
1096,1186,6.407591213405724,1124.5176827057544,264.54530999119504,967.0,225.0
1097,1186,6.407591213405724,1124.5176827057544,264.54530999119504,967.0,225.0
1098,1186,6.407591213405724,1124.5176827057544,264.54530999119504,967.0,225.0
1099,1186,6.407591213405724,1124.5176827057544,264.54530999119504,967.0,225.0
1100,1186,6.407591213405724,1124.5176827057544,264.54530999119504,967.0,225.0
1101,1186,6.407591213405724,1124.5176827057544,264.54530999119504,967.0,225.0
1102,1186,6.407591213405724,1124.5176827057544,264.54530999119504,967.0,225.0
1103,1186,6.407591213405724,1124.5176827057544,264.54530999119504,967.0,225.0
1104,1186,6.407591213405724,1124.5176827057544,264.54530999119504,967.0,225.0
1105,1186,6.407591213405724,1124.5176827057544,264.54530999119504,967.0,225.0
1106,1186,6.407591213405724,1124.5176827057544,264.54530999119504,967.0,225.0
1107,1186,6.407591213405724,1124.5176827057544,264.54530999119504,967.0,225.0
1108,1186,6.407591213405724,1124.5176827057544,264.54530999119504,967.0,225.0
1109,1186,6.407591213405724,1124.5176827057544,264.54530999119504,967.0,225.0
1110,1186,6.407591213405724,1124.5176827057544,264.54530999119504,967.0,225.0
1111,1186,6.407591213405724,1124.5176827057544,264.54530999119504,967.0,225.0
1112,1186,6.407591213405724,1124.5176827057544,264.54530999119504,967.0,225.0
1113,1186,6.407591213405724,1124.5176827057544,264.54530999119504,967.0,225.0
1114,1186,6.407591213405724,1124.5176827057544,264.54530999119504,967.0,225.0
1115,1186,6.407591213405724,1124.5176827057544,264.54530999119504,967.0,225.0
1116,1186,6.407591213405724,1124.5176827057544,264.54530999119504,967.0,225.0
1117,1186,6.407591213405724,1124.5176827057544,264.54530999119504,967.0,225.0
1118,1186,6.407591213405724,1124.5176827057544,264.54530999119504,967.0,225.0
1119,1186,6.407591213405724,1124.5176827057544,264.54530999119504,967.0,225.0
1120,1186,6.407591213405724,1124.5176827057544,264.54530999119504,967.0,225.0
1121,1186,6.407591213405724,1060.5176827057544,258.54530999119504,967.0,225.0
1122,1186,6.407591213405724,1060.5176827057544,258.54530999119504,967.0,225.0
1123,1186,6.407591213405724,1060.5176827057544,258.54530999119504,967.0,225.0
1124,1186,6.407591213405724,1060.5176827057544,258.54530999119504,967.0,225.0
1125,1186,6.407591213405724,1060.5176827057544,258.54530999119504,967.0,225.0
1126,1186,6.407591213405724,1060.5176827057544,258.54530999119504,967.0,225.0
1127,1186,6.407591213405724,1060.5176827057544,258.54530999119504,967.0,225.0
1128,1186,6.407591213405724,1060.5176827057544,258.54530999119504,967.0,225.0
1129,1186,6.407591213405724,1060.5176827057544,258.54530999119504,967.0,225.0
1130,1186,6.407591213405724,1060.5176827057544,258.54530999119504,967.0,225.0
1131,1186,6.407591213405724,1060.5176827057544,258.54530999119504,967.0,225.0
1132,1186,6.407591213405724,1060.5176827057544,258.54530999119504,967.0,225.0
1133,1187,4.419002262397355,1060.5176827057544,258.54530999119504,967.0,225.0
1134,1187,4.419002262397355,1060.5176827057544,258.54530999119504,967.0,225.0
1135,1187,4.419002262397355,1060.5176827057544,258.54530999119504,967.0,225.0
1136,1187,4.419002262397355,1060.5176827057544,258.54530999119504,967.0,225.0
1137,1187,4.419002262397355,1060.5176827057544,258.54530999119504,967.0,225.0
1138,1187,4.419002262397355,1060.5176827057544,258.54530999119504,967.0,225.0
1139,1187,4.419002262397355,1060.5176827057544,258.54530999119504,967.0,225.0
1140,1187,4.419002262397355,1060.5176827057544,258.54530999119504,967.0,225.0
1141,1187,4.419002262397355,1060.5176827057544,258.54530999119504,967.0,225.0
1142,1187,4.419002262397355,1060.5176827057544,258.54530999119504,967.0,225.0
1143,1187,4.419002262397355,1060.5176827057544,258.54530999119504,967.0,225.0
1144,1187,4.419002262397355,1060.5176827057544,258.54530999119504,967.0,225.0
1145,1187,4.419002262397355,1060.5176827057544,258.54530999119504,967.0,225.0
1146,1187,4.419002262397355,1060.5176827057544,258.54530999119504,967.0,225.0
1147,1187,4.419002262397355,1060.5176827057544,258.54530999119504,967.0,225.0
1148,1187,4.419002262397355,1060.5176827057544,258.54530999119504,967.0,225.0
1149,1187,4.419002262397355,1060.5176827057544,258.54530999119504,967.0,225.0
1150,1187,4.419002262397355,1060.5176827057544,258.54530999119504,967.0,225.0
1151,1187,4.419002262397355,1060.5176827057544,258.54530999119504,967.0,225.0
1152,1187,4.419002262397355,1060.5176827057544,258.54530999119504,967.0,225.0
1153,1187,4.419002262397355,1060.5176827057544,258.54530999119504,967.0,225.0
1154,1187,4.419002262397355,996.5176827057545,251.54530999119504,967.0,225.0
1155,1187,4.419002262397355,996.5176827057545,251.54530999119504,967.0,225.0
1156,1187,4.419002262397355,996.5176827057545,251.54530999119504,967.0,225.0
1157,1187,4.419002262397355,996.5176827057545,251.54530999119504,967.0,225.0
1158,1187,4.419002262397355,996.5176827057545,251.54530999119504,967.0,225.0
1159,1187,4.419002262397355,996.5176827057545,251.54530999119504,967.0,225.0
1160,1187,4.419002262397355,996.5176827057545,251.54530999119504,967.0,225.0
1161,1187,4.419002262397355,996.5176827057545,251.54530999119504,967.0,225.0
1162,1187,4.419002262397355,996.5176827057545,251.54530999119504,967.0,225.0
1163,1187,4.419002262397355,996.5176827057545,251.54530999119504,967.0,225.0
1164,1187,4.419002262397355,996.5176827057545,251.54530999119504,967.0,225.0
1165,1187,4.419002262397355,996.5176827057545,251.54530999119504,967.0,225.0
1166,1188,0.007354670603823177,996.5176827057545,251.54530999119504,967.0,225.0
1167,1189,0.005209533251356929,996.5176827057545,251.54530999119504,967.0,225.0
1168,1190,0.005209533251356929,996.5176827057545,251.54530999119504,967.0,225.0
1169,1191,0.005209533251356929,996.5176827057545,251.54530999119504,967.0,225.0
1170,1192,0.005209533251356929,996.5176827057545,251.54530999119504,967.0,225.0
1171,1193,0.005209533251356929,996.5176827057545,251.54530999119504,967.0,225.0
1172,1194,0.005209533251356929,996.5176827057545,251.54530999119504,967.0,225.0
1173,1195,0.005209533251356929,996.5176827057545,251.54530999119504,967.0,225.0
1174,1196,0.005209533251356929,996.5176827057545,251.54530999119504,967.0,225.0
1175,1197,0.005209533251356929,996.5176827057545,251.54530999119504,967.0,225.0
1176,1198,0.005209533251356929,996.5176827057545,251.54530999119504,967.0,225.0
1177,1199,0.005209533251356929,996.5176827057545,251.54530999119504,967.0,225.0
1178,1200,0.005209533251356929,996.5176827057545,251.54530999119504,967.0,225.0
1179,1201,0.005209533251356929,996.5176827057545,251.54530999119504,967.0,225.0
1180,1202,0.005209533251356929,996.5176827057545,251.54530999119504,967.0,225.0
1181,1203,0.005209533251356929,996.5176827057545,251.54530999119504,967.0,225.0
1182,1204,0.005209533251356929,996.5176827057545,251.54530999119504,967.0,225.0
1183,1205,0.005209533251356929,996.5176827057545,251.54530999119504,967.0,225.0
1184,1206,0.005209533251356929,996.5176827057545,251.54530999119504,967.0,225.0
1185,1207,0.005209533251356929,996.5176827057545,251.54530999119504,967.0,225.0
1186,1208,0.005209533251356929,996.5176827057545,251.54530999119504,967.0,225.0
1187,1209,0.005209533251356929,990.5176827057545,247.54530999119504,967.0,225.0
1188,1210,0.005209533251356929,990.5176827057545,247.54530999119504,967.0,225.0
1189,1211,0.005209533251356929,990.5176827057545,247.54530999119504,967.0,225.0
1190,1212,0.005209533251356929,990.5176827057545,247.54530999119504,967.0,225.0
1191,1213,0.005209533251356929,990.5176827057545,247.54530999119504,967.0,225.0
1192,1214,0.005209533251356929,990.5176827057545,247.54530999119504,967.0,225.0
1193,1215,0.005209533251356929,990.5176827057545,247.54530999119504,967.0,225.0
1194,1216,0.005209533251356929,990.5176827057545,247.54530999119504,967.0,225.0
1195,1217,0.005209533251356929,990.5176827057545,247.54530999119504,967.0,225.0
1196,1218,0.005209533251356929,990.5176827057545,247.54530999119504,967.0,225.0
1197,1219,0.005209533251356929,990.5176827057545,247.54530999119504,967.0,225.0
1198,1220,0.005209533251356929,990.5176827057545,247.54530999119504,967.0,225.0
1199,1221,0.005209533251356929,990.5176827057545,247.54530999119504,967.0,225.0
1200,1222,112.13283740070459,990.5176827057545,247.54530999119504,967.0,225.0
1201,1223,112.13283740070459,990.5176827057545,247.54530999119504,967.0,225.0
1202,1224,112.13283740070459,990.5176827057545,247.54530999119504,967.0,225.0
1203,1225,112.13283740070459,990.5176827057545,247.54530999119504,967.0,225.0
1204,1226,112.13283740070459,990.5176827057545,247.54530999119504,967.0,225.0
1205,1227,112.13283740070459,990.5176827057545,247.54530999119504,967.0,225.0
1206,1228,112.13283740070459,990.5176827057545,247.54530999119504,967.0,225.0
1207,1229,112.13283740070459,990.5176827057545,247.54530999119504,967.0,225.0
1208,1230,112.13283740070459,990.5176827057545,247.54530999119504,967.0,225.0
1209,1231,112.13283740070459,990.5176827057545,247.54530999119504,967.0,225.0
1210,1232,112.13283740070459,990.5176827057545,247.54530999119504,967.0,225.0
1211,1233,112.13283740070459,990.5176827057545,247.54530999119504,967.0,225.0
1212,1234,112.13283740070459,990.5176827057545,247.54530999119504,967.0,225.0
1213,1235,112.13283740070459,990.5176827057545,247.54530999119504,967.0,225.0
1214,1236,112.13283740070459,990.5176827057545,247.54530999119504,967.0,225.0
1215,1237,112.13283740070459,990.5176827057545,247.54530999119504,967.0,225.0
1216,1238,112.13283740070459,990.5176827057545,247.54530999119504,967.0,225.0
1217,1239,112.13283740070459,990.5176827057545,247.54530999119504,967.0,225.0
1218,1240,112.13283740070459,990.5176827057545,247.54530999119504,967.0,225.0
1219,1241,112.13283740070459,990.5176827057545,247.54530999119504,967.0,225.0
1220,1242,112.13283740070459,984.5176827057545,243.54530999119504,967.0,225.0
1221,1243,112.13283740070459,984.5176827057545,243.54530999119504,967.0,225.0
1222,1244,112.13283740070459,984.5176827057545,243.54530999119504,967.0,225.0
1223,1245,112.13283740070459,984.5176827057545,243.54530999119504,967.0,225.0
1224,1246,112.13283740070459,984.5176827057545,243.54530999119504,967.0,225.0
1225,1247,112.13283740070459,984.5176827057545,243.54530999119504,967.0,225.0
1226,1248,112.13283740070459,984.5176827057545,243.54530999119504,967.0,225.0
1227,1249,112.13283740070459,984.5176827057545,243.54530999119504,967.0,225.0
1228,1250,112.13283740070459,984.5176827057545,243.54530999119504,967.0,225.0
1229,1251,112.13283740070459,984.5176827057545,243.54530999119504,967.0,225.0
1230,1252,112.13283740070459,984.5176827057545,243.54530999119504,967.0,225.0
1231,1253,112.13283740070459,984.5176827057545,243.54530999119504,967.0,225.0
1232,1254,112.13283740070459,984.5176827057545,243.54530999119504,967.0,225.0
1233,1255,101.08305484031875,984.5176827057545,243.54530999119504,967.0,225.0
1234,1256,101.08305484031875,984.5176827057545,243.54530999119504,967.0,225.0
1235,1257,101.08305484031875,984.5176827057545,243.54530999119504,967.0,225.0
1236,1258,101.08305484031875,984.5176827057545,243.54530999119504,967.0,225.0
1237,1259,101.08305484031875,984.5176827057545,243.54530999119504,967.0,225.0
1238,1260,101.08305484031875,984.5176827057545,243.54530999119504,967.0,225.0
1239,1261,101.08305484031875,984.5176827057545,243.54530999119504,967.0,225.0
1240,1262,101.08305484031875,984.5176827057545,243.54530999119504,967.0,225.0
1241,1263,101.08305484031875,984.5176827057545,243.54530999119504,967.0,225.0
1242,1264,101.08305484031875,984.5176827057545,243.54530999119504,967.0,225.0
1243,1265,101.08305484031875,984.5176827057545,243.54530999119504,967.0,225.0
1244,1266,101.08305484031875,984.5176827057545,243.54530999119504,967.0,225.0
1245,1267,101.08305484031875,984.5176827057545,243.54530999119504,967.0,225.0
1246,1268,101.08305484031875,984.5176827057545,243.54530999119504,955.8428571428572,241.54642857142858
1247,1269,101.08305484031875,984.5176827057545,243.54530999119504,944.6857142857143,258.09285714285716
1248,1270,101.08305484031875,984.5176827057545,243.54530999119504,933.5285714285715,274.63928571428573
1249,1271,101.08305484031875,984.5176827057545,243.54530999119504,922.3714285714286,291.1857142857143
1250,1272,101.08305484031875,984.5176827057545,243.54530999119504,911.2142857142857,307.7321428571429
1251,1273,101.08305484031875,984.5176827057545,243.54530999119504,900.0571428571428,324.2785714285714
1252,1274,101.08305484031875,984.5176827057545,243.54530999119504,888.9,340.825
1253,1275,101.08305484031875,984.5176827057545,243.54530999119504,877.7428571428571,357.37142857142857
1254,1276,101.08305484031875,978.5176827057545,239.54530999119504,866.5857142857143,373.91785714285714
1255,1277,101.08305484031875,978.5176827057545,239.54530999119504,855.4285714285714,390.4642857142857
1256,1278,101.08305484031875,978.5176827057545,239.54530999119504,844.2714285714286,407.01071428571424
1257,1279,101.08305484031875,978.5176827057545,239.54530999119504,833.1142857142858,423.5571428571428
1258,1280,101.08305484031875,978.5176827057545,239.54530999119504,821.9571428571428,440.1035714285714
1259,1281,101.08305484031875,978.5176827057545,239.54530999119504,810.8,456.65
1260,1282,101.08305484031875,978.5176827057545,239.54530999119504,799.6428571428571,473.19642857142856
1261,1283,101.08305484031875,978.5176827057545,239.54530999119504,788.4857142857143,489.74285714285713
1262,1284,101.08305484031875,978.5176827057545,239.54530999119504,777.3285714285714,506.2892857142857
1263,1285,101.08305484031875,978.5176827057545,239.54530999119504,766.1714285714286,522.8357142857143
1264,1286,101.08305484031875,978.5176827057545,239.54530999119504,755.0142857142857,539.3821428571429
1265,1287,101.08305484031875,978.5176827057545,239.54530999119504,743.8571428571429,555.9285714285714
1266,1288,84.1875486597254,978.5176827057545,239.54530999119504,732.7,572.4749999999999
1267,1289,84.1875486597254,978.5176827057545,239.54530999119504,721.5428571428572,589.0214285714285
1268,1290,84.1875486597254,978.5176827057545,239.54530999119504,710.3857142857144,605.5678571428571
1269,1291,84.1875486597254,978.5176827057545,239.54530999119504,699.2285714285715,622.1142857142856
1270,1292,84.1875486597254,978.5176827057545,239.54530999119504,688.0714285714287,638.6607142857142
1271,1293,84.1875486597254,978.5176827057545,239.54530999119504,676.9142857142857,655.2071428571428
1272,1294,84.1875486597254,978.5176827057545,239.54530999119504,665.7571428571429,671.7535714285714
1273,1295,84.1875486597254,978.5176827057545,239.54530999119504,654.6,688.3
1274,1296,84.1875486597254,978.5176827057545,239.54530999119504,654.6,688.3
1275,1297,84.1875486597254,978.5176827057545,239.54530999119504,654.6,688.3
1276,1298,84.1875486597254,978.5176827057545,239.54530999119504,654.6,688.3
1277,1299,84.1875486597254,978.5176827057545,239.54530999119504,654.6,688.3
1278,1300,84.1875486597254,978.5176827057545,239.54530999119504,654.6,688.3
1279,1301,84.1875486597254,978.5176827057545,239.54530999119504,654.6,688.3
1280,1302,84.1875486597254,978.5176827057545,239.54530999119504,654.6,688.3
1281,1303,84.1875486597254,978.5176827057545,239.54530999119504,654.6,688.3
1282,1304,84.1875486597254,978.5176827057545,239.54530999119504,654.6,688.3
1283,1305,84.1875486597254,978.5176827057545,239.54530999119504,654.6,688.3
1284,1306,84.1875486597254,978.5176827057545,239.54530999119504,654.6,688.3
1285,1307,84.1875486597254,978.5176827057545,239.54530999119504,654.6,688.3
1286,1308,84.1875486597254,978.5176827057545,239.54530999119504,654.6,688.3
1287,1309,84.1875486597254,973.5176827057545,235.54530999119504,654.6,688.3
1288,1310,84.1875486597254,973.5176827057545,235.54530999119504,654.6,688.3
1289,1310,84.1875486597254,973.5176827057545,235.54530999119504,654.6,688.3
1290,1310,84.1875486597254,973.5176827057545,235.54530999119504,654.6,688.3
1291,1310,84.1875486597254,973.5176827057545,235.54530999119504,654.6,688.3
1292,1310,84.1875486597254,973.5176827057545,235.54530999119504,654.6,688.3
1293,1310,84.1875486597254,973.5176827057545,235.54530999119504,654.6,688.3
1294,1310,84.1875486597254,973.5176827057545,235.54530999119504,654.6,688.3
1295,1310,84.1875486597254,973.5176827057545,235.54530999119504,654.6,688.3
1296,1310,84.1875486597254,973.5176827057545,235.54530999119504,654.6,688.3
1297,1310,84.1875486597254,973.5176827057545,235.54530999119504,654.6,688.3
1298,1310,84.1875486597254,973.5176827057545,235.54530999119504,654.6,688.3
1299,1310,84.1875486597254,973.5176827057545,235.54530999119504,654.6,688.3
1300,1310,84.1875486597254,973.5176827057545,235.54530999119504,654.6,688.3
1301,1310,84.1875486597254,973.5176827057545,235.54530999119504,654.6,688.3
1302,1310,84.1875486597254,973.5176827057545,235.54530999119504,654.6,688.3
1303,1310,84.1875486597254,973.5176827057545,235.54530999119504,654.6,688.3
1304,1310,84.1875486597254,973.5176827057545,235.54530999119504,654.6,688.3
1305,1310,84.1875486597254,973.5176827057545,235.54530999119504,654.6,688.3
1306,1310,84.1875486597254,973.5176827057545,235.54530999119504,654.6,688.3
1307,1310,84.1875486597254,973.5176827057545,235.54530999119504,654.6,688.3
1308,1310,84.1875486597254,973.5176827057545,235.54530999119504,654.6,688.3
1309,1310,84.1875486597254,973.5176827057545,235.54530999119504,654.6,688.3
1310,1310,84.1875486597254,973.5176827057545,235.54530999119504,654.6,688.3
1311,1310,84.1875486597254,973.5176827057545,235.54530999119504,654.6,688.3
1312,1310,84.1875486597254,973.5176827057545,235.54530999119504,654.6,688.3
1313,1310,84.1875486597254,973.5176827057545,235.54530999119504,654.6,688.3
1314,1310,84.1875486597254,973.5176827057545,235.54530999119504,654.6,688.3
1315,1310,84.1875486597254,973.5176827057545,235.54530999119504,654.6,688.3
1316,1310,84.1875486597254,973.5176827057545,235.54530999119504,654.6,688.3
1317,1310,84.1875486597254,973.5176827057545,235.54530999119504,654.6,688.3
1318,1310,84.1875486597254,973.5176827057545,235.54530999119504,654.6,688.3
1319,1310,84.1875486597254,973.5176827057545,235.54530999119504,654.6,688.3
1320,1310,84.1875486597254,973.5176827057545,235.54530999119504,654.6,688.3
1321,1310,84.1875486597254,867.5176827057545,634.545309991195,654.6,688.3
1322,1310,84.1875486597254,867.5176827057545,634.545309991195,654.6,688.3
1323,1310,84.1875486597254,867.5176827057545,634.545309991195,654.6,688.3
1324,1310,84.1875486597254,867.5176827057545,634.545309991195,654.6,688.3
1325,1310,84.1875486597254,867.5176827057545,634.545309991195,654.6,688.3
1326,1310,84.1875486597254,867.5176827057545,634.545309991195,654.6,688.3
1327,1310,84.1875486597254,867.5176827057545,634.545309991195,654.6,688.3
1328,1310,84.1875486597254,867.5176827057545,634.545309991195,654.6,688.3
1329,1310,84.1875486597254,867.5176827057545,634.545309991195,654.6,688.3
1330,1310,84.1875486597254,867.5176827057545,634.545309991195,654.6,688.3
1331,1311,104.7282211727378,867.5176827057545,634.545309991195,654.6,688.3
1332,1312,120.09459058642273,867.5176827057545,634.545309991195,654.6,688.3
1333,1313,29.779334580018094,867.5176827057545,634.545309991195,654.6,688.3
1334,1314,22.59090638628609,867.5176827057545,634.545309991195,654.6,688.3
1335,1315,17.510666804150812,867.5176827057545,634.545309991195,654.6,688.3
1336,1316,13.783746511568902,867.5176827057545,634.545309991195,654.6,688.3
1337,1317,10.954993332570362,867.5176827057545,634.545309991195,654.6,688.3
1338,1318,8.744594251720082,867.5176827057545,634.545309991195,654.6,688.3
1339,1319,6.974653753551302,867.5176827057545,634.545309991195,654.6,688.3
1340,1320,5.528015298862063,867.5176827057545,634.545309991195,654.6,688.3
1341,1321,4.324941372053153,867.5176827057545,634.545309991195,654.6,688.3
1342,1322,3.309535131734462,867.5176827057545,634.545309991195,654.6,688.3
1343,1323,2.441574744049749,867.5176827057545,634.545309991195,654.6,688.3
1344,1324,1.6914431568109336,867.5176827057545,634.545309991195,654.6,688.3
1345,1325,1.0368841530366668,867.5176827057545,634.545309991195,654.6,688.3
1346,1326,0.46086915780867144,867.5176827057545,634.545309991195,654.6,688.3
1347,1327,0.049840854083768586,867.5176827057545,634.545309991195,654.6,688.3
1348,1327,0.049840854083768586,867.5176827057545,634.545309991195,654.6,688.3
1349,1327,0.049840854083768586,867.5176827057545,634.545309991195,654.6,688.3
1350,1327,0.049840854083768586,867.5176827057545,634.545309991195,654.6,688.3
1351,1327,0.049840854083768586,867.5176827057545,634.545309991195,654.6,688.3
1352,1327,0.049840854083768586,867.5176827057545,634.545309991195,654.6,688.3
1353,1327,0.049840854083768586,867.5176827057545,634.545309991195,654.6,688.3
1354,1327,0.049840854083768586,867.5176827057545,634.545309991195,668.2590909090909,688.2318181818181
1355,1327,0.049840854083768586,867.5176827057545,634.545309991195,681.9181818181819,688.1636363636363
1356,1327,0.049840854083768586,867.5176827057545,634.545309991195,695.5772727272728,688.0954545454545
1357,1327,0.049840854083768586,867.5176827057545,634.545309991195,709.2363636363636,688.0272727272727
1358,1327,0.049840854083768586,867.5176827057545,634.545309991195,722.8954545454545,687.9590909090908
1359,1327,0.049840854083768586,867.5176827057545,634.545309991195,736.5545454545455,687.8909090909091
1360,1327,0.049840854083768586,867.5176827057545,634.545309991195,750.2136363636364,687.8227272727272
1361,1327,0.049840854083768586,867.5176827057545,634.545309991195,763.8727272727273,687.7545454545455
1362,1327,0.049840854083768586,867.5176827057545,634.545309991195,777.5318181818182,687.6863636363636
1363,1327,0.049840854083768586,867.5176827057545,634.545309991195,791.1909090909091,687.6181818181818
1364,1327,0.049840854083768586,867.5176827057545,634.545309991195,804.85,687.55
1365,1327,0.049840854083768586,867.5176827057545,634.545309991195,818.5090909090909,687.4818181818181
1366,1327,0.049840854083768586,867.5176827057545,634.545309991195,832.1681818181819,687.4136363636363
1367,1327,0.049840854083768586,867.5176827057545,634.545309991195,845.8272727272728,687.3454545454545
1368,1327,0.049840854083768586,867.5176827057545,634.545309991195,859.4863636363636,687.2772727272727
1369,1327,0.049840854083768586,867.5176827057545,634.545309991195,873.1454545454545,687.2090909090908
1370,1327,0.049840854083768586,867.5176827057545,634.545309991195,886.8045454545454,687.1409090909091
1371,1327,0.049840854083768586,867.5176827057545,634.545309991195,900.4636363636364,687.0727272727272
1372,1327,0.049840854083768586,867.5176827057545,634.545309991195,914.1227272727273,687.0045454545455
1373,1327,0.049840854083768586,867.5176827057545,634.545309991195,927.7818181818182,686.9363636363636
1374,1327,0.049840854083768586,867.5176827057545,634.545309991195,941.4409090909091,686.8681818181818
1375,1327,0.049840854083768586,867.5176827057545,634.545309991195,955.1,686.8
1376,1327,0.049840854083768586,867.5176827057545,634.545309991195,955.1,686.8
1377,1327,0.049840854083768586,867.5176827057545,634.545309991195,955.1,686.8
1378,1327,0.049840854083768586,867.5176827057545,634.545309991195,955.1,686.8
1379,1327,0.049840854083768586,867.5176827057545,634.545309991195,955.1,686.8
1380,1327,0.049840854083768586,867.5176827057545,634.545309991195,955.1,686.8
1381,1327,0.049840854083768586,867.5176827057545,634.545309991195,955.1,686.8
1382,1327,0.049840854083768586,867.5176827057545,634.545309991195,955.1,686.8
1383,1327,0.049840854083768586,867.5176827057545,634.545309991195,955.1,686.8
1384,1327,0.049840854083768586,867.5176827057545,634.545309991195,955.1,686.8
1385,1327,0.049840854083768586,867.5176827057545,634.545309991195,955.1,686.8
1386,1327,0.049840854083768586,867.5176827057545,634.545309991195,955.1,686.8
1387,1327,0.049840854083768586,867.5176827057545,634.545309991195,955.1,686.8
1388,1327,0.049840854083768586,867.5176827057545,634.545309991195,955.1,686.8
1389,1327,0.049840854083768586,867.5176827057545,634.545309991195,955.1,686.8
1390,1327,0.049840854083768586,867.5176827057545,634.545309991195,955.1,686.8
1391,1327,0.049840854083768586,867.5176827057545,634.545309991195,955.1,686.8
1392,1327,0.049840854083768586,867.5176827057545,634.545309991195,955.1,686.8
1393,1327,0.049840854083768586,867.5176827057545,634.545309991195,955.1,686.8
1394,1327,0.049840854083768586,867.5176827057545,634.545309991195,955.1,686.8
1395,1327,0.049840854083768586,867.5176827057545,634.545309991195,955.1,686.8
1396,1328,0.5056868884027016,867.5176827057545,634.545309991195,955.1,686.8
1397,1329,0.9150096008595824,867.5176827057545,634.545309991195,955.1,686.8
1398,1330,1.284549312113658,867.5176827057545,634.545309991195,955.1,686.8
1399,1331,1.6198103987514734,867.5176827057545,634.545309991195,955.1,686.8
1400,1332,1.9253309134986125,867.5176827057545,634.545309991195,955.1,686.8
1401,1333,2.204884869877974,867.5176827057545,634.545309991195,955.1,686.8
1402,1334,2.461635948477994,867.5176827057545,634.545309991195,955.1,686.8
1403,1335,2.698255661898021,867.5176827057545,634.545309991195,955.1,686.8
1404,1336,2.698255661898021,867.5176827057545,634.545309991195,955.1,686.8
1405,1337,2.698255661898021,867.5176827057545,634.545309991195,955.1,686.8
1406,1338,2.698255661898021,867.5176827057545,634.545309991195,955.1,686.8
1407,1339,2.698255661898021,867.5176827057545,634.545309991195,955.1,686.8
1408,1340,2.698255661898021,867.5176827057545,634.545309991195,955.1,686.8
1409,1341,2.698255661898021,867.5176827057545,634.545309991195,955.1,686.8
1410,1342,2.698255661898021,867.5176827057545,634.545309991195,955.1,686.8
1411,1343,2.698255661898021,867.5176827057545,634.545309991195,955.1,686.8
1412,1344,2.698255661898021,867.5176827057545,634.545309991195,955.1,686.8
1413,1345,2.698255661898021,867.5176827057545,634.545309991195,955.1,686.8
1414,1346,2.698255661898021,867.5176827057545,634.545309991195,955.1,686.8
1415,1347,2.698255661898021,867.5176827057545,634.545309991195,955.1,686.8
1416,1348,2.698255661898021,867.5176827057545,634.545309991195,955.1,686.8
1417,1349,2.698255661898021,867.5176827057545,634.545309991195,955.1,686.8
1418,1350,2.698255661898021,867.5176827057545,634.545309991195,955.1,686.8
1419,1351,2.698255661898021,867.5176827057545,634.545309991195,955.1,686.8
1420,1352,2.698255661898021,929.5176827057545,694.545309991195,955.1,686.8
1421,1353,2.698255661898021,929.5176827057545,694.545309991195,955.1,686.8
1422,1354,2.698255661898021,929.5176827057545,694.545309991195,955.1,686.8
1423,1355,2.698255661898021,929.5176827057545,694.545309991195,955.1,686.8
1424,1356,2.698255661898021,929.5176827057545,694.545309991195,955.1,686.8
1425,1357,2.698255661898021,929.5176827057545,694.545309991195,955.1,686.8
1426,1358,2.698255661898021,929.5176827057545,694.545309991195,955.1,686.8
1427,1359,2.698255661898021,929.5176827057545,694.545309991195,955.1,686.8
1428,1360,2.698255661898021,929.5176827057545,694.545309991195,955.1,686.8
1429,1361,2.698255661898021,929.5176827057545,694.545309991195,955.1,686.8
1430,1362,2.698255661898021,929.5176827057545,694.545309991195,955.1,686.8
1431,1363,2.698255661898021,929.5176827057545,694.545309991195,955.1,686.8
1432,1364,2.698255661898021,929.5176827057545,694.545309991195,955.1,686.8
1433,1365,2.698255661898021,929.5176827057545,694.545309991195,955.1,686.8
1434,1366,2.698255661898021,929.5176827057545,694.545309991195,955.1,686.8
1435,1367,2.698255661898021,929.5176827057545,694.545309991195,955.1,686.8
1436,1368,2.698255661898021,929.5176827057545,694.545309991195,955.1,686.8
1437,1369,2.698255661898021,929.5176827057545,694.545309991195,955.1,686.8
1438,1370,2.698255661898021,929.5176827057545,694.545309991195,955.1,686.8
1439,1371,2.698255661898021,929.5176827057545,694.545309991195,955.1,686.8
1440,1372,2.698255661898021,929.5176827057545,694.545309991195,955.1,686.8
1441,1373,2.698255661898021,929.5176827057545,694.545309991195,955.1,686.8
1442,1374,2.698255661898021,929.5176827057545,694.545309991195,955.1,686.8
1443,1375,2.698255661898021,929.5176827057545,694.545309991195,955.1,686.8
1444,1376,2.698255661898021,929.5176827057545,694.545309991195,955.1,686.8
1445,1377,2.698255661898021,929.5176827057545,694.545309991195,955.1,686.8
1446,1378,2.698255661898021,929.5176827057545,694.545309991195,955.1,686.8
1447,1379,2.698255661898021,929.5176827057545,694.545309991195,955.1,686.8
1448,1380,2.698255661898021,929.5176827057545,694.545309991195,955.1,686.8
1449,1381,2.698255661898021,929.5176827057545,694.545309991195,955.1,686.8
1450,1382,2.698255661898021,929.5176827057545,694.545309991195,955.1,686.8
1451,1383,2.698255661898021,929.5176827057545,694.545309991195,955.1,686.8
1452,1384,2.698255661898021,929.5176827057545,694.545309991195,955.1,686.8
1453,1385,2.698255661898021,929.5176827057545,694.545309991195,955.1,686.8
1454,1386,2.698255661898021,929.5176827057545,694.545309991195,955.1,686.8
1455,1387,2.698255661898021,929.5176827057545,694.545309991195,955.1,686.8
1456,1388,2.698255661898021,929.5176827057545,694.545309991195,955.1,686.8
1457,1389,2.698255661898021,929.5176827057545,694.545309991195,955.1,686.8
1458,1390,2.698255661898021,929.5176827057545,694.545309991195,955.1,686.8
1459,1391,2.698255661898021,929.5176827057545,694.545309991195,955.1,686.8
1460,1392,2.698255661898021,929.5176827057545,694.545309991195,955.1,686.8
1461,1393,2.698255661898021,929.5176827057545,694.545309991195,955.1,686.8
1462,1394,2.698255661898021,929.5176827057545,694.545309991195,955.1,686.8
1463,1395,2.698255661898021,929.5176827057545,694.545309991195,955.1,686.8
1464,1396,2.698255661898021,929.5176827057545,694.545309991195,955.1,686.8
1465,1397,2.698255661898021,929.5176827057545,694.545309991195,955.1,686.8
1466,1398,2.698255661898021,929.5176827057545,694.545309991195,955.1,686.8
1466,1399,2.698255661898021,929.5176827057545,694.545309991195,955.1,686.8
1466,1400,2.698255661898021,929.5176827057545,694.545309991195,955.1,686.8
1466,1401,2.698255661898021,929.5176827057545,694.545309991195,955.1,686.8
1466,1402,2.698255661898021,929.5176827057545,694.545309991195,955.1,686.8
1466,1403,2.698255661898021,929.5176827057545,694.545309991195,955.1,686.8
1466,1404,2.698255661898021,929.5176827057545,694.545309991195,955.1,686.8
1466,1405,2.698255661898021,929.5176827057545,694.545309991195,955.1,686.8
1466,1406,2.698255661898021,929.5176827057545,694.545309991195,955.1,686.8
1467,1407,5.9880235348064845,929.5176827057545,694.545309991195,955.1,686.8
1468,1408,3.5060470678941584,929.5176827057545,694.545309991195,955.1,686.8
1469,1409,1.0591704503647525,929.5176827057545,694.545309991195,955.1,686.8
1470,1409,1.0591704503647525,929.5176827057545,694.545309991195,955.1,686.8
1471,1409,1.0591704503647525,929.5176827057545,694.545309991195,955.1,686.8
1472,1409,1.0591704503647525,929.5176827057545,694.545309991195,955.1,686.8
1473,1409,1.0591704503647525,929.5176827057545,694.545309991195,955.1,686.8
1474,1409,1.0591704503647525,929.5176827057545,694.545309991195,955.1,686.8
1475,1409,1.0591704503647525,929.5176827057545,694.545309991195,955.1,686.8
1476,1409,1.0591704503647525,929.5176827057545,694.545309991195,955.1,686.8
1477,1409,1.0591704503647525,929.5176827057545,694.545309991195,955.1,686.8
1478,1409,1.0591704503647525,929.5176827057545,694.545309991195,955.1,686.8
1479,1409,1.0591704503647525,871.5176827057545,693.545309991195,938.7428571428571,684.0
1480,1409,1.0591704503647525,871.5176827057545,693.545309991195,922.3857142857144,681.1999999999999
1481,1409,1.0591704503647525,871.5176827057545,693.545309991195,906.0285714285715,678.4
1482,1409,1.0591704503647525,871.5176827057545,693.545309991195,889.6714285714286,675.6
1483,1409,1.0591704503647525,871.5176827057545,693.545309991195,873.3142857142857,672.8
1484,1409,1.0591704503647525,871.5176827057545,693.545309991195,856.9571428571429,670.0
1485,1409,1.0591704503647525,871.5176827057545,693.545309991195,840.6,667.2
1486,1409,1.0591704503647525,871.5176827057545,693.545309991195,824.2428571428571,664.4
1487,1409,1.0591704503647525,871.5176827057545,693.545309991195,807.8857142857144,661.6
1488,1409,1.0591704503647525,871.5176827057545,693.545309991195,791.5285714285715,658.8
1489,1409,1.0591704503647525,871.5176827057545,693.545309991195,775.1714285714286,656.0
1490,1409,1.0591704503647525,871.5176827057545,693.545309991195,758.8142857142857,653.2
1491,1409,1.0591704503647525,871.5176827057545,693.545309991195,742.4571428571429,650.4
1492,1409,1.0591704503647525,871.5176827057545,693.545309991195,726.1,647.6
1493,1409,1.0591704503647525,871.5176827057545,693.545309991195,726.1,647.6
1494,1409,1.0591704503647525,871.5176827057545,693.545309991195,726.1,647.6
1495,1409,1.0591704503647525,871.5176827057545,693.545309991195,726.1,647.6
1496,1409,1.0591704503647525,871.5176827057545,693.545309991195,726.1,647.6
1497,1410,1.3446379349335449,871.5176827057545,693.545309991195,726.1,647.6
1498,1411,3.698290328788556,871.5176827057545,693.545309991195,726.1,647.6
1499,1412,5.995664818793907,871.5176827057545,693.545309991195,726.1,647.6
1500,1413,4.206713069264434,871.5176827057545,693.545309991195,726.1,647.6
1501,1414,2.0362179295278504,871.5176827057545,693.545309991195,726.1,647.6
1502,1415,0.06567542975893119,871.5176827057545,693.545309991195,726.1,647.6
1503,1415,0.06567542975893119,871.5176827057545,693.545309991195,726.1,647.6
1504,1415,0.06567542975893119,871.5176827057545,693.545309991195,726.1,647.6
1505,1415,0.06567542975893119,871.5176827057545,693.545309991195,726.1,647.6
1506,1415,0.06567542975893119,871.5176827057545,693.545309991195,726.1,647.6
1507,1415,0.06567542975893119,871.5176827057545,693.545309991195,726.1,647.6
1508,1415,0.06567542975893119,871.5176827057545,693.545309991195,726.1,647.6
1509,1415,0.06567542975893119,871.5176827057545,693.545309991195,726.1,647.6
1510,1415,0.06567542975893119,871.5176827057545,693.545309991195,726.1,647.6
1511,1415,0.06567542975893119,871.5176827057545,693.545309991195,726.1,647.6
1512,1415,0.06567542975893119,871.5176827057545,693.545309991195,726.1,647.6
1513,1415,0.06567542975893119,812.5176827057545,692.545309991195,726.1,647.6
1514,1415,0.06567542975893119,812.5176827057545,692.545309991195,726.1,647.6
1515,1415,0.06567542975893119,812.5176827057545,692.545309991195,726.1,647.6
1516,1415,0.06567542975893119,812.5176827057545,692.545309991195,726.1,647.6
1517,1415,0.06567542975893119,812.5176827057545,692.545309991195,726.1,647.6
1518,1415,0.06567542975893119,812.5176827057545,692.545309991195,726.1,647.6
1519,1415,0.06567542975893119,812.5176827057545,692.545309991195,726.1,647.6
1520,1415,0.06567542975893119,812.5176827057545,692.545309991195,726.1,647.6
1521,1415,0.06567542975893119,812.5176827057545,692.545309991195,726.1,647.6
1522,1415,0.06567542975893119,812.5176827057545,692.545309991195,726.1,647.6
1523,1415,0.06567542975893119,812.5176827057545,692.545309991195,726.1,647.6
1524,1415,0.06567542975893119,812.5176827057545,692.545309991195,726.1,647.6
1525,1415,0.06567542975893119,812.5176827057545,692.545309991195,726.1,647.6
1526,1415,0.06567542975893119,812.5176827057545,692.545309991195,726.1,647.6
1527,1415,0.06567542975893119,812.5176827057545,692.545309991195,726.1,647.6
1528,1415,0.06567542975893119,812.5176827057545,692.545309991195,726.1,647.6
1529,1415,0.06567542975893119,812.5176827057545,692.545309991195,726.1,647.6
1530,1415,0.06567542975893119,812.5176827057545,692.545309991195,726.1,647.6
1531,1415,0.06567542975893119,812.5176827057545,692.545309991195,726.1,647.6
1532,1415,0.06567542975893119,812.5176827057545,692.545309991195,726.1,647.6
1533,1416,0.838917029989338,812.5176827057545,692.545309991195,726.1,647.6
1534,1416,0.838917029989338,812.5176827057545,692.545309991195,726.1,647.6
1535,1416,0.838917029989338,812.5176827057545,692.545309991195,726.1,647.6
1536,1416,0.838917029989338,812.5176827057545,692.545309991195,726.1,647.6
1537,1416,0.838917029989338,812.5176827057545,692.545309991195,726.1,647.6
1538,1416,0.838917029989338,812.5176827057545,692.545309991195,726.1,647.6
1539,1416,0.838917029989338,812.5176827057545,692.545309991195,726.1,647.6
1540,1416,0.838917029989338,812.5176827057545,692.545309991195,726.1,647.6
1541,1416,0.838917029989338,812.5176827057545,692.545309991195,726.1,647.6
1542,1416,0.838917029989338,812.5176827057545,692.545309991195,726.1,647.6
1543,1416,0.838917029989338,812.5176827057545,692.545309991195,726.1,647.6
1544,1416,0.838917029989338,812.5176827057545,692.545309991195,726.1,647.6
1545,1416,0.838917029989338,812.5176827057545,692.545309991195,726.1,647.6
1546,1416,0.838917029989338,812.5176827057545,692.545309991195,726.1,647.6
1547,1416,0.838917029989338,812.5176827057545,692.545309991195,726.1,647.6
1548,1416,0.838917029989338,812.5176827057545,692.545309991195,726.1,647.6
1549,1416,0.838917029989338,812.5176827057545,692.545309991195,726.1,647.6
1550,1416,0.838917029989338,812.5176827057545,692.545309991195,726.1,647.6
1551,1416,0.838917029989338,812.5176827057545,692.545309991195,726.1,647.6
1552,1416,0.838917029989338,812.5176827057545,692.545309991195,726.1,647.6
1553,1416,0.838917029989338,812.5176827057545,692.545309991195,726.1,647.6
1554,1416,0.838917029989338,754.5176827057545,691.545309991195,726.1,647.6
1555,1416,0.838917029989338,754.5176827057545,691.545309991195,726.1,647.6
1556,1416,0.838917029989338,754.5176827057545,691.545309991195,726.1,647.6
1557,1417,2.7979122275445345,754.5176827057545,691.545309991195,726.1,647.6
1558,1418,4.6842312478453385,754.5176827057545,691.545309991195,726.1,647.6
1559,1419,4.6842312478453385,754.5176827057545,691.545309991195,726.1,647.6
1560,1420,4.6842312478453385,754.5176827057545,691.545309991195,726.1,647.6
1561,1421,4.6842312478453385,754.5176827057545,691.545309991195,726.1,647.6
1562,1422,4.6842312478453385,754.5176827057545,691.545309991195,726.1,647.6
1563,1423,4.6842312478453385,754.5176827057545,691.545309991195,726.1,647.6
1564,1424,4.6842312478453385,754.5176827057545,691.545309991195,726.1,647.6
1565,1425,4.6842312478453385,754.5176827057545,691.545309991195,726.1,647.6
1566,1426,3.454741608758214,754.5176827057545,691.545309991195,726.1,647.6
1567,1427,3.454741608758214,754.5176827057545,691.545309991195,726.1,647.6
1568,1428,3.454741608758214,754.5176827057545,691.545309991195,726.1,647.6
1569,1429,3.454741608758214,754.5176827057545,691.545309991195,726.1,647.6
1570,1430,3.454741608758214,754.5176827057545,691.545309991195,726.1,647.6
1571,1431,3.454741608758214,754.5176827057545,691.545309991195,726.1,647.6
1572,1432,3.454741608758214,754.5176827057545,691.545309991195,726.1,647.6
1573,1433,3.454741608758214,754.5176827057545,691.545309991195,726.1,647.6
1574,1434,3.454741608758214,754.5176827057545,691.545309991195,726.1,647.6
1575,1435,3.454741608758214,754.5176827057545,691.545309991195,726.1,647.6
1576,1436,3.454741608758214,754.5176827057545,691.545309991195,726.1,647.6
1577,1437,3.454741608758214,754.5176827057545,691.545309991195,726.1,647.6
1578,1438,3.454741608758214,754.5176827057545,691.545309991195,726.1,647.6
1579,1439,3.454741608758214,696.5176827057545,691.545309991195,726.1,647.6
1580,1440,3.454741608758214,696.5176827057545,691.545309991195,726.1,647.6
1581,1441,3.454741608758214,696.5176827057545,691.545309991195,726.1,647.6
1582,1442,3.454741608758214,696.5176827057545,691.545309991195,726.1,647.6
1583,1443,3.454741608758214,696.5176827057545,691.545309991195,726.1,647.6
1584,1444,3.454741608758214,696.5176827057545,691.545309991195,726.1,647.6
1585,1445,3.454741608758214,696.5176827057545,691.545309991195,726.1,647.6
1586,1446,3.454741608758214,696.5176827057545,691.545309991195,726.1,647.6
1587,1447,3.454741608758214,696.5176827057545,691.545309991195,726.1,647.6
1588,1448,3.454741608758214,696.5176827057545,691.545309991195,726.1,647.6
1589,1449,3.454741608758214,696.5176827057545,691.545309991195,726.1,647.6
1590,1450,3.454741608758214,696.5176827057545,691.545309991195,726.1,647.6
1591,1451,3.454741608758214,696.5176827057545,691.545309991195,726.1,647.6
1592,1452,3.454741608758214,696.5176827057545,691.545309991195,726.1,647.6
1593,1453,3.454741608758214,696.5176827057545,691.545309991195,726.1,647.6
1594,1454,3.454741608758214,696.5176827057545,691.545309991195,726.1,647.6
1595,1455,3.454741608758214,696.5176827057545,691.545309991195,726.1,647.6
1596,1456,3.454741608758214,696.5176827057545,691.545309991195,726.1,647.6
1597,1457,3.454741608758214,696.5176827057545,691.545309991195,726.1,647.6
1598,1458,3.454741608758214,696.5176827057545,691.545309991195,726.1,647.6
1599,1459,3.454741608758214,696.5176827057545,691.545309991195,726.1,647.6
1600,1460,2.2537737223235266,696.5176827057545,691.545309991195,726.1,647.6
1601,1461,2.2537737223235266,696.5176827057545,691.545309991195,726.1,647.6
1602,1462,2.2537737223235266,696.5176827057545,691.545309991195,726.1,647.6
1603,1463,2.2537737223235266,696.5176827057545,691.545309991195,726.1,647.6
1604,1464,2.2537737223235266,696.5176827057545,691.545309991195,726.1,647.6
1605,1465,2.2537737223235266,696.5176827057545,691.545309991195,726.1,647.6
1606,1466,2.2537737223235266,696.5176827057545,691.545309991195,726.1,647.6
1607,1467,2.2537737223235266,696.5176827057545,691.545309991195,726.1,647.6
1608,1468,2.2537737223235266,696.5176827057545,691.545309991195,726.1,647.6
1609,1469,2.2537737223235266,696.5176827057545,691.545309991195,726.1,647.6
1610,1470,2.2537737223235266,696.5176827057545,691.545309991195,726.1,647.6
1611,1471,2.2537737223235266,696.5176827057545,691.545309991195,726.1,647.6
1612,1472,2.2537737223235266,696.5176827057545,691.545309991195,726.1,647.6
1613,1473,2.2537737223235266,696.5176827057545,691.545309991195,726.1,647.6
1614,1474,2.2537737223235266,696.5176827057545,691.545309991195,726.1,647.6
1615,1475,2.2537737223235266,696.5176827057545,691.545309991195,726.1,647.6
1616,1476,2.2537737223235266,696.5176827057545,691.545309991195,726.1,647.6
1617,1477,2.2537737223235266,696.5176827057545,691.545309991195,726.1,647.6
1618,1478,2.2537737223235266,696.5176827057545,691.545309991195,726.1,647.6
1619,1479,2.2537737223235266,696.5176827057545,691.545309991195,726.1,647.6
1620,1480,2.2537737223235266,696.5176827057545,691.545309991195,726.1,647.6
1621,1481,2.2537737223235266,696.5176827057545,691.545309991195,726.1,647.6
1622,1482,2.2537737223235266,696.5176827057545,691.545309991195,742.8000000000001,648.2062500000001
1623,1483,2.2537737223235266,696.5176827057545,691.545309991195,759.5,648.8125
1624,1484,2.2537737223235266,696.5176827057545,691.545309991195,776.2,649.41875
1625,1485,2.2537737223235266,696.5176827057545,691.545309991195,792.9,650.025
1626,1486,2.2537737223235266,696.5176827057545,691.545309991195,809.6,650.63125
1627,1487,2.2537737223235266,696.5176827057545,691.545309991195,826.3,651.2375
1628,1488,2.2537737223235266,696.5176827057545,691.545309991195,843.0,651.84375
1629,1489,2.2537737223235266,696.5176827057545,691.545309991195,859.7,652.45
1630,1490,2.2537737223235266,696.5176827057545,691.545309991195,876.4,653.05625
1631,1491,2.2537737223235266,696.5176827057545,691.545309991195,893.0999999999999,653.6625
1632,1492,2.2537737223235266,696.5176827057545,691.545309991195,909.8,654.26875
1633,1493,1.2692130749307136,696.5176827057545,691.545309991195,926.5,654.875
1634,1494,1.2692130749307136,696.5176827057545,691.545309991195,943.1999999999999,655.4812499999999
1635,1495,1.2692130749307136,696.5176827057545,691.545309991195,959.9,656.0875
1636,1496,1.2692130749307136,696.5176827057545,691.545309991195,976.5999999999999,656.6937499999999
1637,1497,1.2692130749307136,696.5176827057545,691.545309991195,993.3,657.3
1638,1498,1.2692130749307136,696.5176827057545,691.545309991195,993.3,657.3
1639,1499,1.2692130749307136,696.5176827057545,691.545309991195,993.3,657.3
1640,1500,1.2692130749307136,696.5176827057545,691.545309991195,993.3,657.3
1641,1501,1.2692130749307136,696.5176827057545,691.545309991195,993.3,657.3
1642,1502,1.2692130749307136,696.5176827057545,691.545309991195,993.3,657.3
1643,1503,1.2692130749307136,696.5176827057545,691.545309991195,993.3,657.3
1644,1504,1.2692130749307136,696.5176827057545,691.545309991195,993.3,657.3
1645,1505,1.2692130749307136,696.5176827057545,691.545309991195,993.3,657.3
1646,1506,1.2692130749307136,975.5176827057545,681.545309991195,993.3,657.3
1647,1507,1.2692130749307136,975.5176827057545,681.545309991195,993.3,657.3
1648,1508,1.2692130749307136,975.5176827057545,681.545309991195,993.3,657.3
1649,1509,1.2692130749307136,975.5176827057545,681.545309991195,993.3,657.3
1650,1510,1.2692130749307136,975.5176827057545,681.545309991195,993.3,657.3
1651,1511,1.2692130749307136,975.5176827057545,681.545309991195,993.3,657.3
1652,1512,1.2692130749307136,975.5176827057545,681.545309991195,993.3,657.3
1653,1513,1.2692130749307136,975.5176827057545,681.545309991195,993.3,657.3
1654,1514,1.2692130749307136,975.5176827057545,681.545309991195,993.3,657.3
1655,1515,1.2692130749307136,975.5176827057545,681.545309991195,993.3,657.3
1656,1516,1.2692130749307136,975.5176827057545,681.545309991195,993.3,657.3
1657,1517,1.2692130749307136,975.5176827057545,681.545309991195,993.3,657.3
1658,1518,1.2692130749307136,975.5176827057545,681.545309991195,993.3,657.3
1659,1519,1.2692130749307136,975.5176827057545,681.545309991195,993.3,657.3
1660,1520,1.2692130749307136,975.5176827057545,681.545309991195,993.3,657.3
1661,1521,1.2692130749307136,975.5176827057545,681.545309991195,993.3,657.3
1662,1522,1.2692130749307136,975.5176827057545,681.545309991195,993.3,657.3
1663,1523,1.2692130749307136,975.5176827057545,681.545309991195,993.3,657.3
1664,1524,1.2692130749307136,975.5176827057545,681.545309991195,993.3,657.3
1665,1525,1.2692130749307136,975.5176827057545,681.545309991195,993.3,657.3
1666,1526,1.2692130749307136,975.5176827057545,681.545309991195,993.3,657.3
1666,1527,1.2692130749307136,975.5176827057545,681.545309991195,993.3,657.3
1666,1528,1.2692130749307136,975.5176827057545,681.545309991195,993.3,657.3
1666,1529,1.2692130749307136,975.5176827057545,681.545309991195,993.3,657.3
1666,1530,1.2692130749307136,975.5176827057545,681.545309991195,993.3,657.3
1666,1531,1.2692130749307136,975.5176827057545,681.545309991195,993.3,657.3
1666,1532,1.2692130749307136,975.5176827057545,681.545309991195,993.3,657.3
1666,1533,1.2692130749307136,975.5176827057545,681.545309991195,993.3,657.3
1666,1534,1.2692130749307136,975.5176827057545,681.545309991195,993.3,657.3
1666,1535,1.2692130749307136,975.5176827057545,681.545309991195,993.3,657.3
1666,1536,1.2692130749307136,975.5176827057545,681.545309991195,993.3,657.3
1666,1537,1.2692130749307136,975.5176827057545,681.545309991195,993.3,657.3
1666,1538,1.2692130749307136,975.5176827057545,681.545309991195,993.3,657.3
1666,1539,1.2692130749307136,975.5176827057545,681.545309991195,993.3,657.3
1666,1540,1.2692130749307136,975.5176827057545,681.545309991195,993.3,657.3
1666,1541,1.2692130749307136,975.5176827057545,681.545309991195,993.3,657.3
1666,1542,1.2692130749307136,975.5176827057545,681.545309991195,993.3,657.3
1666,1543,1.2692130749307136,975.5176827057545,681.545309991195,993.3,657.3
1666,1544,1.2692130749307136,975.5176827057545,681.545309991195,993.3,657.3
1666,1545,1.2692130749307136,975.5176827057545,681.545309991195,993.3,657.3
1666,1546,1.2692130749307136,975.5176827057545,681.545309991195,993.3,657.3
1666,1547,1.2692130749307136,975.5176827057545,681.545309991195,993.3,657.3
1666,1548,1.2692130749307136,975.5176827057545,681.545309991195,993.3,657.3
1666,1549,1.2692130749307136,975.5176827057545,681.545309991195,993.3,657.3
1666,1550,1.2692130749307136,975.5176827057545,681.545309991195,993.3,657.3
1666,1551,1.2692130749307136,975.5176827057545,681.545309991195,993.3,657.3
1666,1552,1.2692130749307136,975.5176827057545,681.545309991195,993.3,657.3
1666,1553,1.2692130749307136,975.5176827057545,681.545309991195,993.3,657.3
1666,1554,1.2692130749307136,975.5176827057545,681.545309991195,993.3,657.3
1666,1555,1.2692130749307136,975.5176827057545,681.545309991195,993.3,657.3
1666,1556,1.2692130749307136,975.5176827057545,681.545309991195,993.3,657.3
1666,1557,1.2692130749307136,975.5176827057545,681.545309991195,993.3,657.3
1666,1558,1.2692130749307136,975.5176827057545,681.545309991195,993.3,657.3
1666,1559,1.2692130749307136,975.5176827057545,681.545309991195,993.3,657.3
1666,1560,1.2692130749307136,975.5176827057545,681.545309991195,993.3,657.3
1666,1561,1.2692130749307136,975.5176827057545,681.545309991195,993.3,657.3
1666,1562,1.2692130749307136,975.5176827057545,681.545309991195,993.3,657.3
1666,1563,1.2692130749307136,975.5176827057545,681.545309991195,993.3,657.3
1666,1564,1.2692130749307136,975.5176827057545,681.545309991195,993.3,657.3
1666,1565,1.2692130749307136,975.5176827057545,681.545309991195,993.3,657.3
1666,1566,1.2692130749307136,975.5176827057545,681.545309991195,993.3,657.3
1666,1567,1.2692130749307136,975.5176827057545,681.545309991195,993.3,657.3
1666,1568,1.2692130749307136,975.5176827057545,681.545309991195,993.3,657.3
1666,1569,1.2692130749307136,975.5176827057545,681.545309991195,993.3,657.3
1666,1570,1.2692130749307136,975.5176827057545,681.545309991195,993.3,657.3
1666,1571,1.2692130749307136,975.5176827057545,681.545309991195,993.3,657.3
1666,1572,1.2692130749307136,978.5176827057545,680.545309991195,993.3,657.3
1666,1573,1.2692130749307136,978.5176827057545,680.545309991195,993.3,657.3
1666,1574,1.2692130749307136,978.5176827057545,680.545309991195,993.3,657.3
1666,1575,1.2692130749307136,978.5176827057545,680.545309991195,993.3,657.3
1666,1576,1.2692130749307136,978.5176827057545,680.545309991195,993.3,657.3
1666,1577,1.2692130749307136,978.5176827057545,680.545309991195,993.3,657.3
1666,1578,1.2692130749307136,978.5176827057545,680.545309991195,993.3,657.3
1666,1579,1.2692130749307136,978.5176827057545,680.545309991195,993.3,657.3
1666,1580,1.2692130749307136,978.5176827057545,680.545309991195,993.3,657.3
1666,1581,1.2692130749307136,978.5176827057545,680.545309991195,993.3,657.3
1666,1582,1.2692130749307136,978.5176827057545,680.545309991195,993.3,657.3
1666,1583,1.2692130749307136,978.5176827057545,680.545309991195,993.3,657.3
1666,1584,1.2692130749307136,978.5176827057545,680.545309991195,993.3,657.3
1666,1585,1.2692130749307136,978.5176827057545,680.545309991195,993.3,657.3
1666,1586,1.2692130749307136,978.5176827057545,680.545309991195,993.3,657.3
1666,1587,1.2692130749307136,978.5176827057545,680.545309991195,993.3,657.3
1666,1588,1.2692130749307136,978.5176827057545,680.545309991195,994.2346153846154,642.0
1666,1589,1.2692130749307136,978.5176827057545,680.545309991195,995.1692307692307,626.6999999999999
1666,1590,1.2692130749307136,978.5176827057545,680.545309991195,996.1038461538461,611.4
1666,1591,1.2692130749307136,978.5176827057545,680.545309991195,997.0384615384615,596.0999999999999
1666,1592,3.340261149287229,978.5176827057545,680.545309991195,997.9730769230769,580.8
1666,1593,5.651714949643376,978.5176827057545,680.545309991195,998.9076923076923,565.5
1666,1594,8.239016627130963,978.5176827057545,680.545309991195,999.8423076923077,550.1999999999999
1666,1595,11.14200640180844,978.5176827057545,680.545309991195,1000.776923076923,534.9
1666,1596,14.404258236052883,978.5176827057545,680.545309991195,1001.7115384615385,519.5999999999999
1666,1597,18.071344178028937,978.5176827057545,680.545309991195,1002.6461538461539,504.29999999999995
1666,1598,22.18741068742874,978.5176827057545,680.545309991195,1003.5807692307692,489.0
1666,1599,26.789366370945878,978.5176827057545,680.545309991195,1004.5153846153846,473.69999999999993
1666,1600,31.898183206223013,978.5176827057545,680.545309991195,1005.45,458.4
1666,1601,37.507620932546374,978.5176827057545,680.545309991195,1006.3846153846154,443.09999999999997
1666,1602,43.57235134398914,978.5176827057545,680.545309991195,1007.3192307692308,427.79999999999995
1666,1603,49.99968037028815,978.5176827057545,680.545309991195,1008.2538461538461,412.5
1666,1604,56.650396657714914,978.5176827057545,680.545309991195,1009.1884615384615,397.2
1666,1605,63.35250385108464,978.5176827057545,680.545309991195,1010.123076923077,381.9
1667,1606,68.24821119703637,980.5176827057545,679.545309991195,1011.0576923076923,366.59999999999997
1668,1607,61.9636187797197,980.5176827057545,679.545309991195,1011.9923076923077,351.29999999999995
1669,1608,56.087863294760275,980.5176827057545,679.545309991195,1012.9269230769231,336.0
1670,1609,50.6925378846395,980.5176827057545,679.545309991195,1013.8615384615384,320.7
1671,1610,45.80466810135029,980.5176827057545,679.545309991195,1014.7961538461539,305.4
1672,1611,41.417197478833664,980.5176827057545,679.545309991195,1015.7307692307693,290.09999999999997
1673,1612,37.50098610230372,980.5176827057545,679.545309991195,1016.6653846153846,274.79999999999995
1674,1613,34.01509301391372,980.5176827057545,679.545309991195,1017.6,259.5
1675,1614,30.914195633445154,980.5176827057545,679.545309991195,1017.6,259.5
1676,1615,28.153283061345586,980.5176827057545,679.545309991195,1017.6,259.5
1677,1616,25.690262859168513,980.5176827057545,679.545309991195,1017.6,259.5
1678,1617,23.487165631485574,980.5176827057545,679.545309991195,1017.6,259.5
1679,1618,21.510494752693216,980.5176827057545,679.545309991195,1017.6,259.5
1680,1619,19.73110115601511,980.5176827057545,679.545309991195,1017.6,259.5
1681,1620,19.73110115601511,980.5176827057545,679.545309991195,1017.6,259.5
1682,1621,19.73110115601511,980.5176827057545,679.545309991195,1017.6,259.5
1683,1622,19.73110115601511,980.5176827057545,679.545309991195,1017.6,259.5
1684,1623,19.73110115601511,980.5176827057545,679.545309991195,1017.6,259.5
1685,1624,19.73110115601511,980.5176827057545,679.545309991195,1017.6,259.5
1686,1625,19.73110115601511,980.5176827057545,679.545309991195,1017.6,259.5
1687,1626,19.73110115601511,980.5176827057545,679.545309991195,1017.6,259.5
1688,1627,19.73110115601511,980.5176827057545,679.545309991195,1017.6,259.5
1689,1628,19.73110115601511,980.5176827057545,679.545309991195,1017.6,259.5
1690,1629,19.73110115601511,980.5176827057545,679.545309991195,1017.6,259.5
1691,1630,19.73110115601511,980.5176827057545,679.545309991195,1017.6,259.5
1692,1631,19.73110115601511,980.5176827057545,679.545309991195,1017.6,259.5
1693,1632,19.73110115601511,980.5176827057545,679.545309991195,1017.6,259.5
1694,1633,19.73110115601511,980.5176827057545,679.545309991195,1017.6,259.5
1695,1634,19.73110115601511,980.5176827057545,679.545309991195,1017.6,259.5
1696,1635,19.73110115601511,980.5176827057545,679.545309991195,1017.6,259.5
1697,1636,19.73110115601511,980.5176827057545,679.545309991195,1017.6,259.5
1698,1637,19.73110115601511,980.5176827057545,679.545309991195,1017.6,259.5
1699,1638,19.73110115601511,980.5176827057545,679.545309991195,1017.6,259.5
1700,1639,19.73110115601511,980.5176827057545,679.545309991195,1017.6,259.5
1701,1640,19.73110115601511,980.5176827057545,679.545309991195,1017.6,259.5
1702,1641,19.73110115601511,980.5176827057545,679.545309991195,1017.6,259.5
1703,1642,19.73110115601511,980.5176827057545,679.545309991195,1017.6,259.5
1704,1643,19.73110115601511,980.5176827057545,679.545309991195,1017.6,259.5
1705,1644,19.73110115601511,980.5176827057545,679.545309991195,1017.6,259.5
1706,1645,19.73110115601511,980.5176827057545,679.545309991195,1017.6,259.5
1707,1646,19.73110115601511,980.5176827057545,679.545309991195,1017.6,259.5
1708,1647,19.73110115601511,983.5176827057545,678.545309991195,1017.6,259.5
1709,1648,19.73110115601511,983.5176827057545,678.545309991195,1017.6,259.5
1710,1649,19.73110115601511,983.5176827057545,678.545309991195,1017.6,259.5
1711,1650,19.73110115601511,983.5176827057545,678.545309991195,1017.6,259.5
1712,1651,19.73110115601511,983.5176827057545,678.545309991195,1017.6,259.5
1713,1652,19.73110115601511,983.5176827057545,678.545309991195,1017.6,259.5
1714,1653,19.73110115601511,983.5176827057545,678.545309991195,1017.6,259.5
1715,1654,19.73110115601511,983.5176827057545,678.545309991195,1017.6,259.5
1716,1655,19.73110115601511,983.5176827057545,678.545309991195,1017.6,259.5
1717,1656,19.73110115601511,983.5176827057545,678.545309991195,1017.6,259.5
1718,1657,19.73110115601511,983.5176827057545,678.545309991195,1017.6,259.5
1719,1658,19.73110115601511,983.5176827057545,678.545309991195,1017.6,259.5
1720,1659,19.73110115601511,983.5176827057545,678.545309991195,1017.6,259.5
1721,1660,19.73110115601511,983.5176827057545,678.545309991195,1017.6,259.5
1722,1661,19.73110115601511,983.5176827057545,678.545309991195,1017.6,259.5
1723,1662,19.73110115601511,983.5176827057545,678.545309991195,1017.6,259.5
1724,1663,19.73110115601511,983.5176827057545,678.545309991195,1017.6,259.5
1725,1664,19.73110115601511,983.5176827057545,678.545309991195,1017.6,259.5
1726,1665,19.73110115601511,983.5176827057545,678.545309991195,1017.6,259.5
1727,1666,19.73110115601511,983.5176827057545,678.545309991195,1017.6,259.5
1728,1667,19.73110115601511,983.5176827057545,678.545309991195,1017.6,259.5
1729,1668,19.73110115601511,983.5176827057545,678.545309991195,1017.6,259.5
1730,1669,19.73110115601511,983.5176827057545,678.545309991195,1017.6,259.5
1731,1670,19.73110115601511,983.5176827057545,678.545309991195,1017.6,259.5
1732,1671,19.73110115601511,983.5176827057545,678.545309991195,1017.6,259.5
1733,1672,19.73110115601511,986.5176827057545,677.545309991195,1017.6,259.5
1734,1673,19.73110115601511,986.5176827057545,677.545309991195,1017.6,259.5
1735,1674,19.73110115601511,986.5176827057545,677.545309991195,1017.6,259.5
1736,1675,19.73110115601511,986.5176827057545,677.545309991195,1017.6,259.5
1737,1676,19.73110115601511,986.5176827057545,677.545309991195,1017.6,259.5
1738,1677,19.73110115601511,986.5176827057545,677.545309991195,1017.6,259.5
1739,1678,19.73110115601511,986.5176827057545,677.545309991195,1017.6,259.5
1740,1679,19.73110115601511,986.5176827057545,677.545309991195,1017.6,259.5
1741,1680,19.73110115601511,986.5176827057545,677.545309991195,1017.6,259.5
1742,1681,19.73110115601511,986.5176827057545,677.545309991195,1017.6,259.5
1743,1682,19.73110115601511,986.5176827057545,677.545309991195,1017.6,259.5
1744,1683,19.73110115601511,986.5176827057545,677.545309991195,1017.6,259.5
1745,1684,19.73110115601511,986.5176827057545,677.545309991195,1017.6,259.5
1746,1685,19.73110115601511,986.5176827057545,677.545309991195,1017.6,259.5
1747,1686,19.73110115601511,986.5176827057545,677.545309991195,1017.6,259.5
1748,1687,19.73110115601511,986.5176827057545,677.545309991195,1017.6,259.5
1749,1688,19.73110115601511,986.5176827057545,677.545309991195,1017.6,259.5
1750,1689,19.73110115601511,986.5176827057545,677.545309991195,1017.6,259.5
1751,1690,19.73110115601511,986.5176827057545,677.545309991195,1017.6,259.5
1752,1691,19.73110115601511,986.5176827057545,677.545309991195,1017.6,259.5
1753,1692,19.73110115601511,986.5176827057545,677.545309991195,1017.6,259.5
1754,1693,19.73110115601511,986.5176827057545,677.545309991195,1017.6,259.5
1755,1694,19.73110115601511,986.5176827057545,677.545309991195,1017.6,259.5
1756,1695,19.73110115601511,986.5176827057545,677.545309991195,1017.6,259.5
1757,1696,19.73110115601511,986.5176827057545,677.545309991195,1017.6,259.5
1758,1697,19.73110115601511,986.5176827057545,677.545309991195,1017.6,259.5
1759,1698,19.73110115601511,986.5176827057545,677.545309991195,1017.6,259.5
1760,1699,19.73110115601511,986.5176827057545,677.545309991195,1017.6,259.5
1761,1700,18.69711832337729,986.5176827057545,677.545309991195,1017.6,259.5
1762,1701,17.583015897386552,986.5176827057545,677.545309991195,1017.6,259.5
1763,1702,16.380055337044045,986.5176827057545,677.545309991195,1017.6,259.5
1764,1703,15.078363332908745,986.5176827057545,677.545309991195,1017.6,259.5
1765,1704,13.666789230971075,986.5176827057545,677.545309991195,1017.6,259.5
1765,1705,12.132757213319323,986.5176827057545,677.545309991195,1017.6,259.5
1765,1706,10.462122053396829,986.5176827057545,677.545309991195,1017.6,259.5
1765,1707,8.63904354744991,986.5176827057545,677.545309991195,1017.6,259.5
1765,1708,6.64590409406791,986.5176827057545,677.545309991195,1017.6,259.5
1765,1709,4.463307382838453,986.5176827057545,677.545309991195,1017.6,259.5
1766,1710,35.28051734952609,986.5176827057545,677.545309991195,1017.6,259.5
1767,1711,32.654601953376115,986.5176827057545,677.545309991195,1017.6,259.5
1768,1711,32.654601953376115,986.5176827057545,677.545309991195,1017.6,259.5
1769,1711,32.654601953376115,986.5176827057545,677.545309991195,1017.6,259.5
1770,1711,32.654601953376115,986.5176827057545,677.545309991195,1017.6,259.5
1771,1711,32.654601953376115,986.5176827057545,677.545309991195,1017.6,259.5
1772,1711,32.654601953376115,986.5176827057545,677.545309991195,1017.6,259.5
1773,1711,32.654601953376115,986.5176827057545,677.545309991195,1017.6,259.5
1774,1711,32.654601953376115,986.5176827057545,677.545309991195,1017.6,259.5
1775,1711,32.654601953376115,986.5176827057545,677.545309991195,1017.6,259.5
1776,1711,32.654601953376115,986.5176827057545,677.545309991195,1017.6,259.5
1777,1711,32.654601953376115,986.5176827057545,677.545309991195,1017.6,259.5
1778,1711,32.654601953376115,986.5176827057545,677.545309991195,1017.6,259.5
1779,1711,32.654601953376115,986.5176827057545,677.545309991195,1017.6,259.5
1780,1711,32.654601953376115,986.5176827057545,677.545309991195,1017.6,259.5
1781,1711,32.654601953376115,986.5176827057545,677.545309991195,1017.6,259.5
1782,1711,32.654601953376115,986.5176827057545,677.545309991195,1017.6,259.5
1783,1711,32.654601953376115,986.5176827057545,677.545309991195,1017.6,259.5
1784,1711,32.654601953376115,986.5176827057545,677.545309991195,1017.6,259.5
1785,1711,32.654601953376115,986.5176827057545,677.545309991195,1017.6,259.5
1786,1711,32.654601953376115,986.5176827057545,677.545309991195,1017.6,259.5
1787,1711,32.654601953376115,986.5176827057545,677.545309991195,1017.6,259.5
1788,1711,32.654601953376115,986.5176827057545,677.545309991195,1017.6,259.5
1789,1711,32.654601953376115,986.5176827057545,677.545309991195,1017.6,259.5
1790,1711,32.654601953376115,986.5176827057545,677.545309991195,1017.6,259.5
1791,1711,32.654601953376115,986.5176827057545,677.545309991195,1017.6,259.5
1792,1711,32.654601953376115,986.5176827057545,677.545309991195,1017.6,259.5
1793,1711,32.654601953376115,986.5176827057545,677.545309991195,1012.8666666666667,259.5416666666667
1794,1711,32.654601953376115,986.5176827057545,677.545309991195,1008.1333333333333,259.5833333333333
1795,1711,32.654601953376115,986.5176827057545,677.545309991195,1003.4,259.625
1796,1711,32.654601953376115,986.5176827057545,677.545309991195,998.6666666666666,259.6666666666667
1797,1711,32.654601953376115,986.5176827057545,677.545309991195,993.9333333333333,259.7083333333333
1798,1711,32.654601953376115,986.5176827057545,677.545309991195,989.2,259.75
1799,1711,32.654601953376115,986.5176827057545,677.545309991195,984.4666666666667,259.7916666666667
1800,1711,32.654601953376115,986.5176827057545,677.545309991195,979.7333333333333,259.8333333333333
1801,1711,32.654601953376115,986.5176827057545,677.545309991195,975.0,259.875
1802,1711,32.654601953376115,986.5176827057545,677.545309991195,970.2666666666667,259.9166666666667
1803,1711,32.654601953376115,986.5176827057545,677.545309991195,965.5333333333333,259.9583333333333
1804,1711,32.654601953376115,986.5176827057545,677.545309991195,960.8,260.0
1805,1711,32.654601953376115,986.5176827057545,677.545309991195,960.8,260.0
1806,1711,32.654601953376115,986.5176827057545,677.545309991195,960.8,260.0
1807,1711,32.654601953376115,986.5176827057545,677.545309991195,960.8,260.0
1808,1711,32.654601953376115,986.5176827057545,677.545309991195,960.8,260.0
1809,1711,32.654601953376115,986.5176827057545,677.545309991195,960.8,260.0
1810,1711,32.654601953376115,986.5176827057545,677.545309991195,960.8,260.0
1811,1711,32.654601953376115,986.5176827057545,677.545309991195,960.8,260.0
1812,1711,32.654601953376115,986.5176827057545,677.545309991195,960.8,260.0
1813,1711,32.654601953376115,986.5176827057545,677.545309991195,960.8,260.0
1814,1711,32.654601953376115,986.5176827057545,677.545309991195,960.8,260.0
1815,1711,32.654601953376115,986.5176827057545,677.545309991195,960.8,260.0
1816,1711,32.654601953376115,986.5176827057545,677.545309991195,960.8,260.0
1817,1711,32.654601953376115,986.5176827057545,677.545309991195,960.8,260.0
1818,1711,32.654601953376115,986.5176827057545,677.545309991195,960.8,260.0
1819,1711,32.654601953376115,986.5176827057545,677.545309991195,960.8,260.0
1820,1711,32.654601953376115,986.5176827057545,677.545309991195,960.8,260.0
1821,1711,32.654601953376115,986.5176827057545,677.545309991195,960.8,260.0
1822,1711,32.654601953376115,986.5176827057545,677.545309991195,960.8,260.0
1823,1711,32.654601953376115,986.5176827057545,677.545309991195,960.8,260.0
1824,1711,32.654601953376115,986.5176827057545,677.545309991195,960.8,260.0
1825,1711,32.654601953376115,986.5176827057545,677.545309991195,960.8,260.0
1826,1711,32.654601953376115,986.5176827057545,677.545309991195,960.8,260.0
1827,1711,32.654601953376115,986.5176827057545,677.545309991195,960.8,260.0
1828,1711,32.654601953376115,986.5176827057545,677.545309991195,960.8,260.0
1829,1711,32.654601953376115,986.5176827057545,677.545309991195,960.8,260.0
1830,1711,32.654601953376115,986.5176827057545,677.545309991195,960.8,260.0
1831,1711,32.654601953376115,986.5176827057545,677.545309991195,960.8,260.0
1832,1711,32.654601953376115,986.5176827057545,677.545309991195,960.8,260.0
1833,1711,13.85911840589806,986.5176827057545,677.545309991195,960.8,260.0
1834,1711,13.85911840589806,986.5176827057545,677.545309991195,960.8,260.0
1835,1711,13.85911840589806,986.5176827057545,677.545309991195,960.8,260.0
1836,1711,13.85911840589806,972.5176827057545,473.54530999119504,960.8,260.0
1837,1711,13.85911840589806,972.5176827057545,473.54530999119504,960.8,260.0
1838,1711,13.85911840589806,972.5176827057545,473.54530999119504,960.8,260.0
1839,1711,13.85911840589806,972.5176827057545,473.54530999119504,960.8,260.0
1840,1711,13.85911840589806,972.5176827057545,473.54530999119504,960.8,260.0
1841,1711,13.85911840589806,972.5176827057545,473.54530999119504,960.8,260.0
1842,1711,13.85911840589806,972.5176827057545,473.54530999119504,960.8,260.0
1843,1711,13.85911840589806,972.5176827057545,473.54530999119504,960.8,260.0
1844,1711,13.85911840589806,972.5176827057545,473.54530999119504,960.8,260.0
1845,1711,13.85911840589806,972.5176827057545,473.54530999119504,960.8,260.0
1846,1711,13.85911840589806,972.5176827057545,473.54530999119504,960.8,260.0
1847,1711,13.85911840589806,972.5176827057545,473.54530999119504,960.8,260.0
1848,1711,13.85911840589806,972.5176827057545,473.54530999119504,960.8,260.0
1849,1711,13.85911840589806,972.5176827057545,473.54530999119504,960.8,260.0
1850,1711,13.85911840589806,972.5176827057545,473.54530999119504,960.8,260.0
1851,1711,13.85911840589806,972.5176827057545,473.54530999119504,960.8,260.0
1852,1711,13.85911840589806,972.5176827057545,473.54530999119504,960.8,260.0
1853,1711,13.85911840589806,972.5176827057545,473.54530999119504,960.8,260.0
1854,1711,13.85911840589806,972.5176827057545,473.54530999119504,960.8,260.0
1855,1711,13.85911840589806,972.5176827057545,473.54530999119504,960.8,260.0
1856,1711,13.85911840589806,972.5176827057545,473.54530999119504,960.8,260.0
1857,1711,13.85911840589806,972.5176827057545,473.54530999119504,960.8,260.0
1858,1711,13.85911840589806,972.5176827057545,473.54530999119504,960.8,260.0
1859,1711,13.85911840589806,972.5176827057545,473.54530999119504,960.8,260.0
1860,1711,13.85911840589806,972.5176827057545,473.54530999119504,960.8,260.0
1861,1711,13.85911840589806,972.5176827057545,473.54530999119504,960.8,260.0
1862,1711,13.85911840589806,972.5176827057545,473.54530999119504,960.8,260.0
1863,1711,13.85911840589806,972.5176827057545,473.54530999119504,960.8,260.0
1864,1711,13.85911840589806,972.5176827057545,473.54530999119504,960.8,260.0
1865,1711,13.85911840589806,972.5176827057545,473.54530999119504,960.8,260.0
1866,1711,13.85911840589806,972.5176827057545,473.54530999119504,960.8,260.0
1867,1711,0.22089181836887928,972.5176827057545,473.54530999119504,960.8,260.0
1868,1711,0.22089181836887928,972.5176827057545,473.54530999119504,960.8,260.0
1869,1711,0.22089181836887928,972.5176827057545,473.54530999119504,960.8,260.0
1870,1711,0.22089181836887928,957.5176827057545,269.54530999119504,960.8,260.0
1871,1711,0.22089181836887928,957.5176827057545,269.54530999119504,960.8,260.0
1872,1711,0.22089181836887928,957.5176827057545,269.54530999119504,960.8,260.0
1873,1711,0.22089181836887928,957.5176827057545,269.54530999119504,960.8,260.0
1874,1711,0.22089181836887928,957.5176827057545,269.54530999119504,960.8,260.0
1875,1711,0.22089181836887928,957.5176827057545,269.54530999119504,960.8,260.0
1876,1711,0.22089181836887928,957.5176827057545,269.54530999119504,960.8,260.0
1877,1711,0.22089181836887928,957.5176827057545,269.54530999119504,971.828,274.844
1878,1711,0.22089181836887928,957.5176827057545,269.54530999119504,982.856,289.688
1879,1711,0.22089181836887928,957.5176827057545,269.54530999119504,993.884,304.532
1880,1711,0.22089181836887928,957.5176827057545,269.54530999119504,1004.9119999999999,319.376
1881,1711,0.22089181836887928,957.5176827057545,269.54530999119504,1015.9399999999999,334.22
1882,1711,0.22089181836887928,957.5176827057545,269.54530999119504,1026.9679999999998,349.064
1883,1711,0.22089181836887928,957.5176827057545,269.54530999119504,1037.9959999999999,363.908
1884,1711,0.22089181836887928,957.5176827057545,269.54530999119504,1049.024,378.752
1885,1711,0.22089181836887928,957.5176827057545,269.54530999119504,1060.052,393.596
1886,1711,0.22089181836887928,957.5176827057545,269.54530999119504,1071.08,408.44
1887,1711,0.22089181836887928,957.5176827057545,269.54530999119504,1082.108,423.284
1888,1711,0.22089181836887928,957.5176827057545,269.54530999119504,1093.136,438.12800000000004
1889,1711,0.22089181836887928,957.5176827057545,269.54530999119504,1104.164,452.972
1890,1711,0.22089181836887928,957.5176827057545,269.54530999119504,1115.192,467.81600000000003
1891,1711,0.22089181836887928,957.5176827057545,269.54530999119504,1126.22,482.66
1892,1711,0.22089181836887928,957.5176827057545,269.54530999119504,1137.248,497.504
1893,1711,0.22089181836887928,957.5176827057545,269.54530999119504,1148.276,512.348
1894,1711,0.22089181836887928,957.5176827057545,269.54530999119504,1159.304,527.192
1895,1711,0.22089181836887928,957.5176827057545,269.54530999119504,1170.3319999999999,542.0360000000001
1896,1711,0.22089181836887928,957.5176827057545,269.54530999119504,1181.3600000000001,556.88
1897,1711,0.22089181836887928,957.5176827057545,269.54530999119504,1192.388,571.724
1898,1711,0.22089181836887928,957.5176827057545,269.54530999119504,1203.416,586.568
1899,1711,0.22089181836887928,957.5176827057545,269.54530999119504,1214.444,601.412
1900,1711,0.22089181836887928,957.5176827057545,269.54530999119504,1225.472,616.2560000000001
1901,1711,0.22089181836887928,957.5176827057545,269.54530999119504,1236.5,631.1
1902,1711,0.22089181836887928,957.5176827057545,269.54530999119504,1236.5,631.1
1903,1711,0.22089181836887928,957.5176827057545,269.54530999119504,1236.5,631.1
1904,1711,0.22089181836887928,957.5176827057545,269.54530999119504,1236.5,631.1
1905,1711,0.22089181836887928,957.5176827057545,269.54530999119504,1236.5,631.1
1906,1711,0.22089181836887928,957.5176827057545,269.54530999119504,1236.5,631.1
1907,1711,0.22089181836887928,957.5176827057545,269.54530999119504,1236.5,631.1
1908,1711,9.778517380794158,957.5176827057545,269.54530999119504,1236.5,631.1
1909,1711,9.778517380794158,957.5176827057545,269.54530999119504,1236.5,631.1
1910,1711,9.778517380794158,957.5176827057545,269.54530999119504,1236.5,631.1
1911,1711,9.778517380794158,957.5176827057545,269.54530999119504,1236.5,631.1
1912,1711,9.778517380794158,957.5176827057545,269.54530999119504,1236.5,631.1
1913,1711,9.778517380794158,957.5176827057545,269.54530999119504,1236.5,631.1
1914,1711,9.778517380794158,957.5176827057545,269.54530999119504,1236.5,631.1
1915,1711,9.778517380794158,957.5176827057545,269.54530999119504,1236.5,631.1
1916,1711,9.778517380794158,957.5176827057545,269.54530999119504,1236.5,631.1
1917,1711,9.778517380794158,957.5176827057545,269.54530999119504,1236.5,631.1
1918,1711,9.778517380794158,957.5176827057545,269.54530999119504,1236.5,631.1
1919,1711,9.778517380794158,957.5176827057545,269.54530999119504,1236.5,631.1
1920,1711,9.778517380794158,957.5176827057545,269.54530999119504,1236.5,631.1
1921,1711,9.778517380794158,957.5176827057545,269.54530999119504,1236.5,631.1
1922,1711,9.778517380794158,957.5176827057545,269.54530999119504,1236.5,631.1
1923,1711,9.778517380794158,957.5176827057545,269.54530999119504,1236.5,631.1
1924,1711,9.778517380794158,957.5176827057545,269.54530999119504,1236.5,631.1
1925,1711,9.778517380794158,957.5176827057545,269.54530999119504,1236.5,631.1
1926,1711,9.778517380794158,957.5176827057545,269.54530999119504,1236.5,631.1
1927,1711,9.778517380794158,957.5176827057545,269.54530999119504,1236.5,631.1
1928,1711,9.778517380794158,1185.5176827057544,669.545309991195,1236.5,631.1
1929,1711,9.778517380794158,1185.5176827057544,669.545309991195,1236.5,631.1
1930,1711,9.778517380794158,1185.5176827057544,669.545309991195,1236.5,631.1
1931,1711,9.778517380794158,1185.5176827057544,669.545309991195,1236.5,631.1
1932,1711,9.778517380794158,1185.5176827057544,669.545309991195,1236.5,631.1
1933,1711,16.281746492792788,1185.5176827057544,669.545309991195,1236.5,631.1
1934,1711,16.281746492792788,1185.5176827057544,669.545309991195,1236.5,631.1
1935,1711,16.281746492792788,1185.5176827057544,669.545309991195,1236.5,631.1
1936,1711,16.281746492792788,1185.5176827057544,669.545309991195,1236.5,631.1
1937,1711,16.281746492792788,1185.5176827057544,669.545309991195,1236.5,631.1
1938,1711,16.281746492792788,1185.5176827057544,669.545309991195,1236.5,631.1
1939,1711,16.281746492792788,1185.5176827057544,669.545309991195,1236.5,631.1
1940,1711,16.281746492792788,1185.5176827057544,669.545309991195,1236.5,631.1
1941,1711,16.281746492792788,1185.5176827057544,669.545309991195,1236.5,631.1
1942,1711,16.281746492792788,1185.5176827057544,669.545309991195,1236.5,631.1
1943,1711,16.281746492792788,1185.5176827057544,669.545309991195,1236.5,631.1
1944,1711,16.281746492792788,1185.5176827057544,669.545309991195,1236.5,631.1
1945,1711,16.281746492792788,1185.5176827057544,669.545309991195,1236.5,631.1
1946,1711,16.281746492792788,1185.5176827057544,669.545309991195,1236.5,631.1
1947,1711,16.281746492792788,1185.5176827057544,669.545309991195,1236.5,631.1
1948,1711,16.281746492792788,1185.5176827057544,669.545309991195,1236.5,631.1
1949,1711,16.281746492792788,1185.5176827057544,669.545309991195,1236.5,631.1
1950,1711,16.281746492792788,1185.5176827057544,669.545309991195,1236.5,631.1
1951,1711,16.281746492792788,1185.5176827057544,669.545309991195,1236.5,631.1
1952,1711,16.281746492792788,1185.5176827057544,669.545309991195,1236.5,631.1
1953,1711,16.281746492792788,1185.5176827057544,669.545309991195,1236.5,631.1
1954,1711,16.281746492792788,1185.5176827057544,669.545309991195,1236.5,631.1
1955,1711,16.281746492792788,1185.5176827057544,669.545309991195,1236.5,631.1
1956,1711,16.281746492792788,1185.5176827057544,669.545309991195,1236.5,631.1
1957,1711,16.281746492792788,1185.5176827057544,669.545309991195,1236.5,631.1
1958,1711,16.281746492792788,1185.5176827057544,669.545309991195,1236.5,631.1
1959,1711,16.281746492792788,1185.5176827057544,669.545309991195,1236.5,631.1
1960,1711,16.281746492792788,1185.5176827057544,669.545309991195,1236.5,631.1
1961,1711,16.281746492792788,1185.5176827057544,669.545309991195,1236.5,631.1
1962,1711,16.281746492792788,1185.5176827057544,669.545309991195,1236.5,631.1
1963,1711,16.281746492792788,1185.5176827057544,669.545309991195,1236.5,631.1
1964,1711,16.281746492792788,1185.5176827057544,669.545309991195,1236.5,631.1
1965,1711,16.281746492792788,1185.5176827057544,669.545309991195,1236.5,631.1
1966,1711,16.281746492792788,1185.5176827057544,669.545309991195,1236.5,631.1
1967,1711,16.281746492792788,1185.5176827057544,669.545309991195,1236.5,631.1
1968,1711,16.281746492792788,1185.5176827057544,669.545309991195,1236.5,631.1
1969,1711,16.281746492792788,1185.5176827057544,669.545309991195,1236.5,631.1
1970,1711,16.281746492792788,1185.5176827057544,669.545309991195,1236.5,631.1
1971,1711,16.281746492792788,1185.5176827057544,669.545309991195,1236.5,631.1
1972,1711,16.281746492792788,1185.5176827057544,669.545309991195,1236.5,631.1
1973,1711,16.281746492792788,1185.5176827057544,669.545309991195,1236.5,631.1
1974,1711,16.281746492792788,1185.5176827057544,669.545309991195,1236.5,631.1
1975,1711,16.281746492792788,1185.5176827057544,669.545309991195,1236.5,631.1
1976,1711,16.281746492792788,1185.5176827057544,669.545309991195,1236.5,631.1
1977,1711,16.281746492792788,1185.5176827057544,669.545309991195,1236.5,631.1
1978,1711,16.281746492792788,1185.5176827057544,669.545309991195,1236.5,631.1
1979,1711,16.281746492792788,1185.5176827057544,669.545309991195,1236.5,631.1
1980,1711,16.281746492792788,1185.5176827057544,669.545309991195,1236.5,631.1
1981,1711,16.281746492792788,1185.5176827057544,669.545309991195,1236.5,631.1
1982,1711,16.281746492792788,1185.5176827057544,669.545309991195,1236.5,631.1
1983,1711,16.281746492792788,1185.5176827057544,669.545309991195,1236.5,631.1
1984,1711,16.281746492792788,1185.5176827057544,669.545309991195,1236.5,631.1
1985,1711,16.281746492792788,1185.5176827057544,669.545309991195,1236.5,631.1
1986,1711,16.281746492792788,1185.5176827057544,669.545309991195,1236.5,631.1
1987,1711,16.281746492792788,1185.5176827057544,669.545309991195,1236.5,631.1
1988,1711,16.281746492792788,1185.5176827057544,669.545309991195,1236.5,631.1
1989,1711,16.281746492792788,1185.5176827057544,669.545309991195,1236.5,631.1
1990,1711,16.281746492792788,1185.5176827057544,669.545309991195,1236.5,631.1
1991,1711,16.281746492792788,1185.5176827057544,669.545309991195,1236.5,631.1
1992,1711,16.281746492792788,1185.5176827057544,669.545309991195,1236.5,631.1
1993,1711,16.281746492792788,1185.5176827057544,669.545309991195,1236.5,631.1
1994,1711,16.281746492792788,1185.5176827057544,669.545309991195,1236.5,631.1
1995,1712,19.163418949034266,1185.5176827057544,669.545309991195,1236.5,631.1
1996,1713,22.323249882375844,1185.5176827057544,669.545309991195,1236.5,631.1
1997,1714,25.781361960466736,1185.5176827057544,669.545309991195,1236.5,631.1
1998,1715,29.55312904517328,1185.5176827057544,669.545309991195,1236.5,631.1
1999,1716,33.64596115415619,1185.5176827057544,669.545309991195,1236.5,631.1
2000,1717,28.294925165445754,1185.5176827057544,669.545309991195,1236.5,631.1
2001,1718,23.588511874704707,1185.5176827057544,669.545309991195,1236.5,631.1
2002,1719,18.623690669049296,1185.5176827057544,669.545309991195,1236.5,631.1
2003,1720,13.4584241971918,1185.5176827057544,669.545309991195,1236.5,631.1
2004,1721,8.168131129660914,1185.5176827057544,669.545309991195,1236.5,631.1
2005,1722,8.168131129660914,1185.5176827057544,669.545309991195,1236.5,631.1
2006,1723,8.168131129660914,1185.5176827057544,669.545309991195,1236.5,631.1
2007,1724,8.168131129660914,1185.5176827057544,669.545309991195,1236.5,631.1
2008,1725,8.168131129660914,1185.5176827057544,669.545309991195,1236.5,631.1
2009,1726,8.168131129660914,1185.5176827057544,669.545309991195,1236.5,631.1
2010,1727,8.168131129660914,1185.5176827057544,669.545309991195,1236.5,631.1
2011,1728,8.168131129660914,1185.5176827057544,669.545309991195,1236.5,631.1
2012,1729,8.168131129660914,1185.5176827057544,669.545309991195,1236.5,631.1
2013,1730,8.168131129660914,1185.5176827057544,669.545309991195,1236.5,631.1
2014,1731,8.168131129660914,1185.5176827057544,669.545309991195,1236.5,631.1
2015,1732,8.168131129660914,1185.5176827057544,669.545309991195,1236.5,631.1
2016,1733,8.168131129660914,1185.5176827057544,669.545309991195,1236.5,631.1
2017,1734,8.168131129660914,1185.5176827057544,669.545309991195,1236.5,631.1
2018,1735,8.168131129660914,1185.5176827057544,669.545309991195,1236.5,631.1
2019,1736,8.168131129660914,1185.5176827057544,669.545309991195,1236.5,631.1
2020,1737,8.168131129660914,1185.5176827057544,669.545309991195,1236.5,631.1
2021,1738,8.168131129660914,1185.5176827057544,669.545309991195,1236.5,631.1
2022,1739,8.168131129660914,1185.5176827057544,669.545309991195,1236.5,631.1
2023,1740,8.168131129660914,1185.5176827057544,669.545309991195,1236.5,631.1
2024,1741,8.168131129660914,1185.5176827057544,669.545309991195,1236.5,631.1
2025,1742,8.168131129660914,1185.5176827057544,669.545309991195,1236.5,631.1
2026,1743,8.168131129660914,1185.5176827057544,669.545309991195,1236.5,631.1
2027,1744,8.168131129660914,1185.5176827057544,669.545309991195,1236.5,631.1
2028,1745,8.168131129660914,1139.5176827057544,684.545309991195,1236.5,631.1
2029,1746,8.168131129660914,1139.5176827057544,684.545309991195,1236.5,631.1
2030,1747,8.168131129660914,1139.5176827057544,684.545309991195,1236.5,631.1
2031,1748,8.168131129660914,1139.5176827057544,684.545309991195,1238.4833333333333,617.5791666666667
2032,1749,8.168131129660914,1139.5176827057544,684.545309991195,1240.4666666666667,604.0583333333334
2033,1750,8.168131129660914,1139.5176827057544,684.545309991195,1242.45,590.5375
2034,1751,8.168131129660914,1139.5176827057544,684.545309991195,1244.4333333333334,577.0166666666667
2035,1752,8.168131129660914,1139.5176827057544,684.545309991195,1246.4166666666667,563.4958333333334
2036,1753,8.168131129660914,1139.5176827057544,684.545309991195,1248.4,549.975
2037,1754,8.168131129660914,1139.5176827057544,684.545309991195,1250.3833333333332,536.4541666666667
2038,1755,8.168131129660914,1139.5176827057544,684.545309991195,1252.3666666666666,522.9333333333334
2039,1756,8.168131129660914,1139.5176827057544,684.545309991195,1254.35,509.4125
2040,1757,8.168131129660914,1139.5176827057544,684.545309991195,1256.3333333333333,495.89166666666665
2041,1758,8.168131129660914,1139.5176827057544,684.545309991195,1258.3166666666666,482.37083333333334
2042,1759,8.168131129660914,1139.5176827057544,684.545309991195,1260.3,468.85
2043,1760,8.168131129660914,1139.5176827057544,684.545309991195,1262.2833333333333,455.32916666666665
2044,1761,8.168131129660914,1139.5176827057544,684.545309991195,1264.2666666666667,441.80833333333334
2045,1762,8.168131129660914,1139.5176827057544,684.545309991195,1266.25,428.2875
2046,1763,8.168131129660914,1139.5176827057544,684.545309991195,1268.2333333333333,414.76666666666665
2047,1764,8.168131129660914,1139.5176827057544,684.545309991195,1270.2166666666667,401.24583333333334
2048,1765,8.168131129660914,1139.5176827057544,684.545309991195,1272.1999999999998,387.725
2049,1766,8.168131129660914,1139.5176827057544,684.545309991195,1274.1833333333332,374.20416666666665
2050,1767,8.168131129660914,1139.5176827057544,684.545309991195,1276.1666666666665,360.68333333333334
2051,1768,8.168131129660914,1139.5176827057544,684.545309991195,1278.1499999999999,347.1625
2052,1769,8.168131129660914,1139.5176827057544,684.545309991195,1280.1333333333332,333.64166666666665
2053,1770,8.168131129660914,1139.5176827057544,684.545309991195,1282.1166666666666,320.12083333333334
2054,1771,8.168131129660914,1139.5176827057544,684.545309991195,1284.1,306.6
2055,1772,8.168131129660914,1139.5176827057544,684.545309991195,1284.1,306.6
2056,1773,8.168131129660914,1139.5176827057544,684.545309991195,1284.1,306.6
2057,1774,8.168131129660914,1139.5176827057544,684.545309991195,1284.1,306.6
2058,1775,8.168131129660914,1139.5176827057544,684.545309991195,1284.1,306.6
2059,1776,8.168131129660914,1139.5176827057544,684.545309991195,1284.1,306.6
2060,1777,8.168131129660914,1139.5176827057544,684.545309991195,1284.1,306.6
2061,1778,8.168131129660914,1139.5176827057544,684.545309991195,1284.1,306.6
2062,1779,8.168131129660914,1093.5176827057544,699.545309991195,1284.1,306.6
2063,1780,8.168131129660914,1093.5176827057544,699.545309991195,1284.1,306.6
2064,1781,8.168131129660914,1093.5176827057544,699.545309991195,1284.1,306.6
2065,1782,8.168131129660914,1093.5176827057544,699.545309991195,1284.1,306.6
2066,1783,9.417578367598221,1093.5176827057544,699.545309991195,1284.1,306.6
2067,1784,9.417578367598221,1093.5176827057544,699.545309991195,1284.1,306.6
2068,1785,9.417578367598221,1093.5176827057544,699.545309991195,1284.1,306.6
2069,1786,9.417578367598221,1093.5176827057544,699.545309991195,1284.1,306.6
2070,1787,9.417578367598221,1093.5176827057544,699.545309991195,1284.1,306.6
2071,1788,9.417578367598221,1093.5176827057544,699.545309991195,1284.1,306.6
2072,1789,9.417578367598221,1093.5176827057544,699.545309991195,1284.1,306.6
2073,1790,9.417578367598221,1093.5176827057544,699.545309991195,1284.1,306.6
2074,1791,9.417578367598221,1093.5176827057544,699.545309991195,1284.1,306.6
2075,1792,9.417578367598221,1093.5176827057544,699.545309991195,1284.1,306.6
2076,1793,9.417578367598221,1093.5176827057544,699.545309991195,1284.1,306.6
2077,1794,9.417578367598221,1093.5176827057544,699.545309991195,1284.1,306.6
2078,1795,9.417578367598221,1093.5176827057544,699.545309991195,1284.1,306.6
2079,1796,9.417578367598221,1093.5176827057544,699.545309991195,1284.1,306.6
2080,1797,9.417578367598221,1093.5176827057544,699.545309991195,1284.1,306.6
2081,1798,9.417578367598221,1093.5176827057544,699.545309991195,1284.1,306.6
2082,1799,9.417578367598221,1093.5176827057544,699.545309991195,1284.1,306.6
2083,1800,9.417578367598221,1093.5176827057544,699.545309991195,1284.1,306.6
2084,1801,9.417578367598221,1093.5176827057544,699.545309991195,1284.1,306.6
2085,1802,9.417578367598221,1093.5176827057544,699.545309991195,1284.1,306.6
2086,1803,9.417578367598221,1093.5176827057544,699.545309991195,1284.1,306.6
2087,1804,9.417578367598221,1093.5176827057544,699.545309991195,1284.1,306.6
2088,1805,9.417578367598221,1093.5176827057544,699.545309991195,1284.1,306.6
2089,1806,9.417578367598221,1093.5176827057544,699.545309991195,1284.1,306.6
2090,1807,9.417578367598221,1093.5176827057544,699.545309991195,1284.1,306.6
2091,1808,9.417578367598221,1093.5176827057544,699.545309991195,1284.1,306.6
2092,1809,9.417578367598221,1093.5176827057544,699.545309991195,1284.1,306.6
2093,1810,9.417578367598221,1093.5176827057544,699.545309991195,1284.1,306.6
2094,1811,9.417578367598221,1093.5176827057544,699.545309991195,1284.1,306.6
2095,1812,9.417578367598221,1047.5176827057544,714.545309991195,1284.1,306.6
2096,1813,9.417578367598221,1047.5176827057544,714.545309991195,1284.1,306.6
2097,1814,9.417578367598221,1047.5176827057544,714.545309991195,1284.1,306.6
2098,1815,9.417578367598221,1047.5176827057544,714.545309991195,1284.1,306.6
2099,1816,9.417578367598221,1047.5176827057544,714.545309991195,1284.1,306.6
2100,1817,10.276155832916901,1047.5176827057544,714.545309991195,1284.1,306.6
2101,1818,10.276155832916901,1047.5176827057544,714.545309991195,1284.1,306.6
2102,1819,10.276155832916901,1047.5176827057544,714.545309991195,1284.1,306.6
2103,1820,10.276155832916901,1047.5176827057544,714.545309991195,1284.1,306.6
2104,1821,10.276155832916901,1047.5176827057544,714.545309991195,1284.1,306.6
2105,1822,10.276155832916901,1047.5176827057544,714.545309991195,1284.1,306.6
2106,1823,10.276155832916901,1047.5176827057544,714.545309991195,1284.1,306.6
2107,1824,10.276155832916901,1047.5176827057544,714.545309991195,1284.1,306.6
2108,1825,10.276155832916901,1047.5176827057544,714.545309991195,1284.1,306.6
2109,1826,10.276155832916901,1047.5176827057544,714.545309991195,1284.1,306.6
2110,1827,10.276155832916901,1047.5176827057544,714.545309991195,1284.1,306.6
2111,1828,10.276155832916901,1047.5176827057544,714.545309991195,1284.1,306.6
2112,1829,10.276155832916901,1047.5176827057544,714.545309991195,1284.1,306.6
2113,1830,10.276155832916901,1047.5176827057544,714.545309991195,1284.1,306.6
2114,1831,10.276155832916901,1047.5176827057544,714.545309991195,1284.1,306.6
2115,1832,10.276155832916901,1047.5176827057544,714.545309991195,1284.1,306.6
2116,1832,10.276155832916901,1047.5176827057544,714.545309991195,1284.1,306.6
2117,1832,10.276155832916901,1047.5176827057544,714.545309991195,1284.1,306.6
2118,1832,10.276155832916901,1047.5176827057544,714.545309991195,1284.1,306.6
2119,1832,10.276155832916901,1047.5176827057544,714.545309991195,1284.1,306.6
2120,1832,10.276155832916901,1047.5176827057544,714.545309991195,1284.1,306.6
2121,1832,10.276155832916901,1047.5176827057544,714.545309991195,1284.1,306.6
2122,1832,10.276155832916901,1047.5176827057544,714.545309991195,1284.1,306.6
2123,1832,10.276155832916901,1047.5176827057544,714.545309991195,1284.1,306.6
2124,1832,10.276155832916901,1047.5176827057544,714.545309991195,1284.1,306.6
2125,1832,10.276155832916901,1047.5176827057544,714.545309991195,1284.1,306.6
2126,1832,10.276155832916901,1047.5176827057544,714.545309991195,1284.1,306.6
2127,1832,10.276155832916901,1047.5176827057544,714.545309991195,1284.1,306.6
2128,1832,10.276155832916901,1002.5176827057545,729.545309991195,1284.1,306.6
2129,1832,10.276155832916901,1002.5176827057545,729.545309991195,1284.1,306.6
2130,1832,10.276155832916901,1002.5176827057545,729.545309991195,1284.1,306.6
2131,1832,10.276155832916901,1002.5176827057545,729.545309991195,1284.1,306.6
2132,1832,10.276155832916901,1002.5176827057545,729.545309991195,1284.1,306.6
2133,1832,10.276155832916901,1002.5176827057545,729.545309991195,1284.1,306.6
2134,1832,10.276155832916901,1002.5176827057545,729.545309991195,1284.1,306.6
2135,1832,10.276155832916901,1002.5176827057545,729.545309991195,1284.1,306.6
2136,1832,10.276155832916901,1002.5176827057545,729.545309991195,1284.1,306.6
2137,1832,10.276155832916901,1002.5176827057545,729.545309991195,1284.1,306.6
2138,1832,10.276155832916901,1002.5176827057545,729.545309991195,1284.1,306.6
2139,1832,10.276155832916901,1002.5176827057545,729.545309991195,1284.1,306.6
2140,1832,10.276155832916901,1002.5176827057545,729.545309991195,1284.1,306.6
2141,1832,11.54572015123653,1002.5176827057545,729.545309991195,1284.1,306.6
2142,1832,11.54572015123653,1002.5176827057545,729.545309991195,1284.1,306.6
2143,1832,11.54572015123653,1002.5176827057545,729.545309991195,1284.1,306.6
2144,1832,11.54572015123653,1002.5176827057545,729.545309991195,1284.1,306.6
2145,1832,11.54572015123653,1002.5176827057545,729.545309991195,1284.1,306.6
2146,1832,11.54572015123653,1002.5176827057545,729.545309991195,1284.1,306.6
2147,1832,11.54572015123653,1002.5176827057545,729.545309991195,1284.1,306.6
2148,1832,11.54572015123653,1002.5176827057545,729.545309991195,1284.1,306.6
2149,1832,11.54572015123653,1002.5176827057545,729.545309991195,1284.1,306.6
2150,1832,11.54572015123653,1002.5176827057545,729.545309991195,1284.1,306.6
2151,1832,11.54572015123653,1002.5176827057545,729.545309991195,1284.1,306.6
2152,1832,11.54572015123653,1002.5176827057545,729.545309991195,1284.1,306.6
2153,1832,11.54572015123653,1002.5176827057545,729.545309991195,1284.1,306.6
2154,1832,11.54572015123653,1002.5176827057545,729.545309991195,1284.1,306.6
2155,1832,11.54572015123653,1002.5176827057545,729.545309991195,1284.1,306.6
2156,1832,11.54572015123653,1002.5176827057545,729.545309991195,1284.1,306.6
2157,1832,11.54572015123653,1002.5176827057545,729.545309991195,1284.1,306.6
2158,1832,11.54572015123653,1002.5176827057545,729.545309991195,1284.1,306.6
2159,1832,11.54572015123653,1002.5176827057545,729.545309991195,1284.1,306.6
2160,1832,11.54572015123653,1002.5176827057545,729.545309991195,1284.1,306.6
2161,1832,11.54572015123653,1002.5176827057545,729.545309991195,1284.1,306.6
2162,1832,11.54572015123653,1002.5176827057545,729.545309991195,1284.1,306.6
2163,1832,11.54572015123653,1002.5176827057545,729.545309991195,1284.1,306.6
2164,1832,11.54572015123653,1002.5176827057545,729.545309991195,1284.1,306.6
2165,1832,11.54572015123653,1002.5176827057545,729.545309991195,1284.1,306.6
2166,1832,12.824054030310844,1002.5176827057545,729.545309991195,1284.1,306.6
2167,1832,12.824054030310844,1002.5176827057545,729.545309991195,1284.1,306.6
2168,1832,12.824054030310844,1002.5176827057545,729.545309991195,1284.1,306.6
2169,1832,12.824054030310844,1002.5176827057545,729.545309991195,1284.1,306.6
2170,1832,12.824054030310844,1002.5176827057545,729.545309991195,1284.1,306.6
2171,1832,12.824054030310844,1002.5176827057545,729.545309991195,1284.1,306.6
2172,1832,12.824054030310844,1002.5176827057545,729.545309991195,1284.1,306.6
2173,1832,12.824054030310844,1002.5176827057545,729.545309991195,1284.1,306.6
2174,1832,12.824054030310844,1002.5176827057545,729.545309991195,1284.1,306.6
2175,1832,12.824054030310844,1002.5176827057545,729.545309991195,1284.1,306.6
2176,1832,12.824054030310844,1002.5176827057545,729.545309991195,1284.1,306.6
2177,1832,12.824054030310844,1002.5176827057545,729.545309991195,1284.1,306.6
2178,1832,12.824054030310844,1002.5176827057545,729.545309991195,1284.1,306.6
2179,1832,12.824054030310844,1002.5176827057545,729.545309991195,1284.1,306.6
2180,1832,12.824054030310844,1002.5176827057545,729.545309991195,1284.1,306.6
2181,1832,12.824054030310844,1002.5176827057545,729.545309991195,1284.1,306.6
2182,1832,12.824054030310844,1002.5176827057545,729.545309991195,1284.1,306.6
2183,1832,12.824054030310844,1002.5176827057545,729.545309991195,1284.1,306.6
2184,1832,12.824054030310844,1002.5176827057545,729.545309991195,1284.1,306.6
2185,1832,12.824054030310844,1002.5176827057545,729.545309991195,1284.1,306.6
2186,1832,12.824054030310844,1002.5176827057545,729.545309991195,1284.1,306.6
2187,1832,12.824054030310844,1002.5176827057545,729.545309991195,1284.1,306.6
2188,1832,12.824054030310844,1002.5176827057545,729.545309991195,1284.1,306.6
2189,1832,12.824054030310844,1002.5176827057545,729.545309991195,1284.1,306.6
2190,1832,12.824054030310844,1002.5176827057545,729.545309991195,1284.1,306.6
2191,1832,12.824054030310844,1002.5176827057545,729.545309991195,1284.1,306.6
2192,1832,12.824054030310844,1002.5176827057545,729.545309991195,1284.1,306.6
2193,1832,12.824054030310844,1002.5176827057545,729.545309991195,1284.1,306.6
2194,1832,12.824054030310844,1002.5176827057545,729.545309991195,1284.1,306.6
2195,1832,12.824054030310844,705.5176827057545,699.545309991195,1284.1,306.6
2196,1832,12.824054030310844,705.5176827057545,699.545309991195,1284.1,306.6
2197,1832,12.824054030310844,705.5176827057545,699.545309991195,1284.1,306.6
2198,1832,12.824054030310844,705.5176827057545,699.545309991195,1284.1,306.6
2199,1832,12.824054030310844,705.5176827057545,699.545309991195,1284.1,306.6
2200,1832,12.824054030310844,705.5176827057545,699.545309991195,1284.1,306.6
2201,1832,12.824054030310844,705.5176827057545,699.545309991195,1284.1,306.6
2202,1832,12.824054030310844,705.5176827057545,699.545309991195,1284.1,306.6
2203,1832,12.824054030310844,705.5176827057545,699.545309991195,1284.1,306.6
2204,1832,12.824054030310844,705.5176827057545,699.545309991195,1284.1,306.6
2205,1832,12.824054030310844,705.5176827057545,699.545309991195,1284.1,306.6
2206,1832,12.824054030310844,705.5176827057545,699.545309991195,1269.2624999999998,305.8916666666667
2207,1832,12.824054030310844,705.5176827057545,699.545309991195,1254.425,305.18333333333334
2208,1832,12.824054030310844,705.5176827057545,699.545309991195,1239.5874999999999,304.475
2209,1832,12.824054030310844,705.5176827057545,699.545309991195,1224.75,303.7666666666667
2210,1832,12.824054030310844,705.5176827057545,699.545309991195,1209.9125,303.05833333333334
2211,1832,12.824054030310844,705.5176827057545,699.545309991195,1195.0749999999998,302.35
2212,1832,12.824054030310844,705.5176827057545,699.545309991195,1180.2375,301.6416666666667
2213,1832,12.824054030310844,705.5176827057545,699.545309991195,1165.3999999999999,300.93333333333334
2214,1832,12.824054030310844,705.5176827057545,699.545309991195,1150.5625,300.225
2215,1832,12.824054030310844,705.5176827057545,699.545309991195,1135.725,299.5166666666667
2216,1832,12.824054030310844,705.5176827057545,699.545309991195,1120.8874999999998,298.80833333333334
2217,1832,12.824054030310844,705.5176827057545,699.545309991195,1106.05,298.1
2218,1832,12.824054030310844,705.5176827057545,699.545309991195,1091.2124999999999,297.3916666666667
2219,1832,12.824054030310844,705.5176827057545,699.545309991195,1076.375,296.68333333333334
2220,1832,12.824054030310844,705.5176827057545,699.545309991195,1061.5375,295.975
2221,1832,12.824054030310844,705.5176827057545,699.545309991195,1046.7,295.2666666666667
2222,1832,12.824054030310844,705.5176827057545,699.545309991195,1031.8625,294.55833333333334
2223,1832,12.824054030310844,705.5176827057545,699.545309991195,1017.025,293.85
2224,1832,12.824054030310844,705.5176827057545,699.545309991195,1002.1875,293.1416666666667
2225,1832,12.824054030310844,705.5176827057545,699.545309991195,987.3499999999999,292.43333333333334
2226,1832,12.824054030310844,705.5176827057545,699.545309991195,972.5125,291.725
2227,1832,12.824054030310844,705.5176827057545,699.545309991195,957.675,291.0166666666667
2228,1832,12.824054030310844,705.5176827057545,699.545309991195,942.8375,290.30833333333334
2229,1832,12.824054030310844,705.5176827057545,699.545309991195,928.0,289.6
2230,1832,12.824054030310844,705.5176827057545,699.545309991195,928.0,289.6
2231,1832,12.824054030310844,705.5176827057545,699.545309991195,928.0,289.6
2232,1832,12.824054030310844,705.5176827057545,699.545309991195,928.0,289.6
2233,1832,12.824054030310844,705.5176827057545,699.545309991195,928.0,289.6
2234,1832,12.824054030310844,705.5176827057545,699.545309991195,928.0,289.6
2235,1832,12.824054030310844,705.5176827057545,699.545309991195,928.0,289.6
2236,1832,12.824054030310844,705.5176827057545,699.545309991195,928.0,289.6
2237,1832,12.824054030310844,705.5176827057545,699.545309991195,928.0,289.6
2238,1832,12.824054030310844,705.5176827057545,699.545309991195,928.0,289.6
2239,1832,12.824054030310844,705.5176827057545,699.545309991195,928.0,289.6
2240,1832,12.824054030310844,705.5176827057545,699.545309991195,928.0,289.6
2241,1832,12.824054030310844,705.5176827057545,699.545309991195,928.0,289.6
2242,1832,12.824054030310844,705.5176827057545,699.545309991195,928.0,289.6
2243,1832,12.824054030310844,705.5176827057545,699.545309991195,928.0,289.6
2244,1832,12.824054030310844,705.5176827057545,699.545309991195,928.0,289.6
2245,1832,12.824054030310844,705.5176827057545,699.545309991195,928.0,289.6
2246,1832,12.824054030310844,705.5176827057545,699.545309991195,928.0,289.6
2247,1832,12.824054030310844,705.5176827057545,699.545309991195,928.0,289.6
2248,1832,12.824054030310844,705.5176827057545,699.545309991195,928.0,289.6
2249,1832,12.824054030310844,705.5176827057545,699.545309991195,928.0,289.6
2250,1832,12.824054030310844,705.5176827057545,699.545309991195,928.0,289.6
2251,1832,12.824054030310844,705.5176827057545,699.545309991195,928.0,289.6
2252,1832,12.824054030310844,705.5176827057545,699.545309991195,928.0,289.6
2253,1832,12.824054030310844,705.5176827057545,699.545309991195,928.0,289.6
2254,1832,12.824054030310844,705.5176827057545,699.545309991195,928.0,289.6
2255,1832,12.824054030310844,705.5176827057545,699.545309991195,928.0,289.6
2256,1832,12.824054030310844,705.5176827057545,699.545309991195,928.0,289.6
2257,1832,12.824054030310844,705.5176827057545,699.545309991195,928.0,289.6
2258,1832,12.824054030310844,705.5176827057545,699.545309991195,928.0,289.6
2259,1832,12.824054030310844,705.5176827057545,699.545309991195,928.0,289.6
2260,1832,12.824054030310844,705.5176827057545,699.545309991195,928.0,289.6
2261,1832,12.824054030310844,705.5176827057545,699.545309991195,928.0,289.6
2262,1832,12.824054030310844,705.5176827057545,699.545309991195,928.0,289.6
2263,1832,12.824054030310844,705.5176827057545,699.545309991195,928.0,289.6
2264,1832,12.824054030310844,705.5176827057545,699.545309991195,928.0,289.6
2265,1832,12.824054030310844,705.5176827057545,699.545309991195,928.0,289.6
2266,1832,12.824054030310844,705.5176827057545,699.545309991195,928.0,289.6
2267,1832,12.824054030310844,705.5176827057545,699.545309991195,928.0,289.6
2268,1832,12.824054030310844,705.5176827057545,699.545309991195,928.0,289.6
2269,1832,12.824054030310844,705.5176827057545,699.545309991195,928.0,289.6
2270,1832,12.824054030310844,705.5176827057545,699.545309991195,928.0,289.6
2271,1832,12.824054030310844,705.5176827057545,699.545309991195,928.0,289.6
2272,1832,12.824054030310844,705.5176827057545,699.545309991195,928.0,289.6
2273,1832,12.824054030310844,705.5176827057545,699.545309991195,928.0,289.6
2274,1832,171.24426763169146,705.5176827057545,699.545309991195,928.0,289.6
2275,1832,171.24426763169146,705.5176827057545,699.545309991195,928.0,289.6
2276,1832,171.24426763169146,705.5176827057545,699.545309991195,928.0,289.6
2277,1832,171.24426763169146,705.5176827057545,699.545309991195,928.0,289.6
2278,1832,171.24426763169146,705.5176827057545,699.545309991195,928.0,289.6
2279,1832,171.24426763169146,705.5176827057545,699.545309991195,928.0,289.6
2280,1832,171.24426763169146,705.5176827057545,699.545309991195,928.0,289.6
2281,1832,171.24426763169146,705.5176827057545,699.545309991195,928.0,289.6
2282,1832,171.24426763169146,705.5176827057545,699.545309991195,928.0,289.6
2283,1832,171.24426763169146,705.5176827057545,699.545309991195,928.0,289.6
2284,1832,171.24426763169146,705.5176827057545,699.545309991195,928.0,289.6
2285,1832,171.24426763169146,705.5176827057545,699.545309991195,928.0,289.6
2286,1832,171.24426763169146,705.5176827057545,699.545309991195,928.0,289.6
2287,1832,171.24426763169146,705.5176827057545,699.545309991195,928.0,289.6
2288,1832,171.24426763169146,705.5176827057545,699.545309991195,928.0,289.6
2289,1832,171.24426763169146,705.5176827057545,699.545309991195,928.0,289.6
2290,1832,171.24426763169146,705.5176827057545,699.545309991195,928.0,289.6
2291,1832,171.24426763169146,705.5176827057545,699.545309991195,928.0,289.6
2292,1832,171.24426763169146,705.5176827057545,699.545309991195,928.0,289.6
2293,1832,171.24426763169146,705.5176827057545,699.545309991195,928.0,289.6
2294,1832,171.24426763169146,705.5176827057545,699.545309991195,928.0,289.6
2295,1832,171.24426763169146,705.5176827057545,699.545309991195,928.0,289.6
2296,1832,171.24426763169146,705.5176827057545,699.545309991195,928.0,289.6
2297,1832,171.24426763169146,705.5176827057545,699.545309991195,928.0,289.6
2298,1832,171.24426763169146,705.5176827057545,699.545309991195,928.0,289.6
2299,1832,171.24426763169146,705.5176827057545,699.545309991195,928.0,289.6
2300,1832,171.24426763169146,705.5176827057545,699.545309991195,928.0,289.6
2301,1832,171.24426763169146,705.5176827057545,699.545309991195,928.0,289.6
2302,1832,171.24426763169146,705.5176827057545,699.545309991195,928.0,289.6
2303,1832,171.24426763169146,705.5176827057545,699.545309991195,928.0,289.6
2304,1832,171.24426763169146,705.5176827057545,699.545309991195,928.0,289.6
2305,1832,171.24426763169146,705.5176827057545,699.545309991195,928.0,289.6
2306,1832,171.24426763169146,705.5176827057545,699.545309991195,928.0,289.6
2307,1832,171.24426763169146,705.5176827057545,699.545309991195,928.0,289.6
2308,1832,177.5623847454251,705.5176827057545,699.545309991195,928.0,289.6
2309,1832,177.5623847454251,705.5176827057545,699.545309991195,928.0,289.6
2310,1832,177.5623847454251,705.5176827057545,699.545309991195,928.0,289.6
2311,1832,177.5623847454251,705.5176827057545,699.545309991195,928.0,289.6
2312,1832,177.5623847454251,705.5176827057545,699.545309991195,928.0,289.6
2313,1832,177.5623847454251,705.5176827057545,699.545309991195,928.0,289.6
2314,1832,177.5623847454251,705.5176827057545,699.545309991195,928.0,289.6
2315,1832,177.5623847454251,705.5176827057545,699.545309991195,928.0,289.6
2316,1832,177.5623847454251,705.5176827057545,699.545309991195,928.0,289.6
2317,1832,177.5623847454251,705.5176827057545,699.545309991195,928.0,289.6
2318,1832,177.5623847454251,705.5176827057545,699.545309991195,928.0,289.6
2319,1832,177.5623847454251,705.5176827057545,699.545309991195,928.0,289.6
2320,1832,177.5623847454251,705.5176827057545,699.545309991195,928.0,289.6
2321,1832,177.5623847454251,705.5176827057545,699.545309991195,928.0,289.6
2322,1832,177.5623847454251,705.5176827057545,699.545309991195,928.0,289.6
2323,1832,177.5623847454251,705.5176827057545,699.545309991195,928.0,289.6
2324,1832,177.5623847454251,705.5176827057545,699.545309991195,928.0,289.6
2325,1832,177.5623847454251,705.5176827057545,699.545309991195,928.0,289.6
2326,1832,177.5623847454251,705.5176827057545,699.545309991195,928.0,289.6
2327,1832,177.5623847454251,705.5176827057545,699.545309991195,928.0,289.6
2328,1832,177.5623847454251,705.5176827057545,699.545309991195,928.0,289.6
2329,1832,177.5623847454251,705.5176827057545,699.545309991195,928.0,289.6
2330,1832,177.5623847454251,705.5176827057545,699.545309991195,928.0,289.6
2331,1832,177.5623847454251,705.5176827057545,699.545309991195,928.0,289.6
2332,1832,177.5623847454251,705.5176827057545,699.545309991195,928.0,289.6
2333,1832,177.5623847454251,705.5176827057545,699.545309991195,928.0,289.6
2334,1832,177.5623847454251,705.5176827057545,699.545309991195,928.0,289.6
2335,1832,177.5623847454251,705.5176827057545,699.545309991195,928.0,289.6
2336,1832,177.5623847454251,797.5176827057545,703.545309991195,928.0,289.6
2337,1832,177.5623847454251,797.5176827057545,703.545309991195,928.0,289.6
2338,1832,177.5623847454251,797.5176827057545,703.545309991195,928.0,289.6
2339,1832,177.5623847454251,797.5176827057545,703.545309991195,928.0,289.6
2340,1832,177.5623847454251,797.5176827057545,703.545309991195,928.0,289.6
2341,1832,177.5623847454251,797.5176827057545,703.545309991195,928.0,289.6
2342,1832,177.5623847454251,797.5176827057545,703.545309991195,928.0,289.6
2343,1832,177.5623847454251,797.5176827057545,703.545309991195,928.0,289.6
2344,1832,177.5623847454251,797.5176827057545,703.545309991195,928.0,289.6
2345,1832,177.5623847454251,797.5176827057545,703.545309991195,928.0,289.6
2346,1832,177.5623847454251,797.5176827057545,703.545309991195,928.0,289.6
2347,1832,177.5623847454251,797.5176827057545,703.545309991195,928.0,289.6
2348,1832,177.5623847454251,797.5176827057545,703.545309991195,928.0,289.6
2349,1832,177.5623847454251,797.5176827057545,703.545309991195,928.0,289.6
2350,1832,177.5623847454251,797.5176827057545,703.545309991195,928.0,289.6
2351,1832,177.5623847454251,797.5176827057545,703.545309991195,928.0,289.6
2352,1832,177.5623847454251,797.5176827057545,703.545309991195,928.0,289.6
2353,1832,177.5623847454251,797.5176827057545,703.545309991195,928.0,289.6
2354,1832,177.5623847454251,797.5176827057545,703.545309991195,928.0,289.6
2355,1832,177.5623847454251,797.5176827057545,703.545309991195,928.0,289.6
2356,1832,177.5623847454251,797.5176827057545,703.545309991195,928.0,289.6
2357,1832,177.5623847454251,797.5176827057545,703.545309991195,928.0,289.6
2358,1832,177.5623847454251,797.5176827057545,703.545309991195,928.0,289.6
2359,1832,177.5623847454251,797.5176827057545,703.545309991195,928.0,289.6
2360,1832,177.5623847454251,797.5176827057545,703.545309991195,928.0,289.6
2361,1832,177.5623847454251,889.5176827057545,707.545309991195,928.0,289.6
2362,1832,177.5623847454251,889.5176827057545,707.545309991195,928.0,289.6
2363,1832,177.5623847454251,889.5176827057545,707.545309991195,928.0,289.6
2364,1832,177.5623847454251,889.5176827057545,707.545309991195,928.0,289.6
2365,1832,177.5623847454251,889.5176827057545,707.545309991195,928.0,289.6
2366,1832,62.03717268681814,889.5176827057545,707.545309991195,928.0,289.6
2367,1832,62.03717268681814,889.5176827057545,707.545309991195,928.0,289.6
2368,1832,62.03717268681814,889.5176827057545,707.545309991195,928.0,289.6
2369,1832,62.03717268681814,889.5176827057545,707.545309991195,928.0,289.6
2370,1832,62.03717268681814,889.5176827057545,707.545309991195,928.0,289.6
2371,1832,62.03717268681814,889.5176827057545,707.545309991195,928.0,289.6
2372,1832,62.03717268681814,889.5176827057545,707.545309991195,928.0,289.6
2373,1832,62.03717268681814,889.5176827057545,707.545309991195,928.0,289.6
2374,1832,62.03717268681814,889.5176827057545,707.545309991195,928.0,289.6
2375,1832,62.03717268681814,889.5176827057545,707.545309991195,928.0,289.6
2376,1832,62.03717268681814,889.5176827057545,707.545309991195,928.0,289.6
2377,1832,62.03717268681814,889.5176827057545,707.545309991195,928.0,289.6
2378,1832,62.03717268681814,889.5176827057545,707.545309991195,928.0,289.6
2379,1832,62.03717268681814,889.5176827057545,707.545309991195,928.0,289.6
2380,1832,62.03717268681814,889.5176827057545,707.545309991195,928.0,289.6
2381,1832,62.03717268681814,889.5176827057545,707.545309991195,928.0,289.6
2382,1832,62.03717268681814,889.5176827057545,707.545309991195,928.0,289.6
2383,1832,62.03717268681814,889.5176827057545,707.545309991195,928.0,289.6
2384,1832,62.03717268681814,889.5176827057545,707.545309991195,928.0,289.6
2385,1832,62.03717268681814,889.5176827057545,707.545309991195,928.0,289.6
2386,1832,62.03717268681814,889.5176827057545,707.545309991195,928.0,289.6
2387,1832,62.03717268681814,889.5176827057545,707.545309991195,928.0,289.6
2388,1832,62.03717268681814,889.5176827057545,707.545309991195,928.0,289.6
2389,1832,62.03717268681814,889.5176827057545,707.545309991195,928.0,289.6
2390,1832,62.03717268681814,889.5176827057545,707.545309991195,928.0,289.6
2391,1832,62.03717268681814,889.5176827057545,707.545309991195,928.0,289.6
2392,1832,62.03717268681814,889.5176827057545,707.545309991195,928.0,289.6
2393,1832,62.03717268681814,889.5176827057545,707.545309991195,928.892,304.952
2394,1832,62.03717268681814,889.5176827057545,707.545309991195,929.784,320.30400000000003
2395,1832,62.03717268681814,982.5176827057545,712.545309991195,930.676,335.656
2396,1832,62.03717268681814,982.5176827057545,712.545309991195,931.568,351.00800000000004
2397,1832,62.03717268681814,982.5176827057545,712.545309991195,932.46,366.36
2398,1832,62.03717268681814,982.5176827057545,712.545309991195,933.352,381.712
2399,1832,62.03717268681814,982.5176827057545,712.545309991195,934.244,397.064
2400,1832,62.03717268681814,982.5176827057545,712.545309991195,935.136,412.416
2401,1832,62.03717268681814,982.5176827057545,712.545309991195,936.028,427.76800000000003
2402,1832,62.03717268681814,982.5176827057545,712.545309991195,936.92,443.12
2403,1832,62.03717268681814,982.5176827057545,712.545309991195,937.812,458.472
2404,1832,62.03717268681814,982.5176827057545,712.545309991195,938.704,473.824
2405,1832,62.03717268681814,982.5176827057545,712.545309991195,939.596,489.17600000000004
2406,1832,62.03717268681814,982.5176827057545,712.545309991195,940.4879999999999,504.528
2407,1832,62.03717268681814,982.5176827057545,712.545309991195,941.38,519.88
2408,1832,62.03717268681814,982.5176827057545,712.545309991195,942.2719999999999,535.232
2409,1832,62.03717268681814,982.5176827057545,712.545309991195,943.164,550.5840000000001
2410,1832,62.03717268681814,982.5176827057545,712.545309991195,944.0559999999999,565.9359999999999
2411,1832,62.03717268681814,982.5176827057545,712.545309991195,944.948,581.288
2412,1832,62.03717268681814,982.5176827057545,712.545309991195,945.8399999999999,596.64
2413,1832,62.03717268681814,982.5176827057545,712.545309991195,946.732,611.992
2414,1832,62.03717268681814,982.5176827057545,712.545309991195,947.6239999999999,627.344
2415,1832,62.03717268681814,982.5176827057545,712.545309991195,948.516,642.6959999999999
2416,1832,62.03717268681814,982.5176827057545,712.545309991195,949.4079999999999,658.048
2417,1832,62.03717268681814,982.5176827057545,712.545309991195,950.3,673.4
2418,1832,62.03717268681814,982.5176827057545,712.545309991195,950.3,673.4
2419,1832,62.03717268681814,982.5176827057545,712.545309991195,950.3,673.4
2420,1832,62.03717268681814,982.5176827057545,712.545309991195,950.3,673.4
2421,1832,62.03717268681814,982.5176827057545,712.545309991195,950.3,673.4
2422,1832,62.03717268681814,982.5176827057545,712.545309991195,950.3,673.4
2423,1832,62.03717268681814,982.5176827057545,712.545309991195,950.3,673.4
2424,1832,62.03717268681814,982.5176827057545,712.545309991195,950.3,673.4
2425,1832,62.03717268681814,982.5176827057545,712.545309991195,950.3,673.4
2426,1832,62.03717268681814,982.5176827057545,712.545309991195,950.3,673.4
2427,1832,62.03717268681814,982.5176827057545,712.545309991195,950.3,673.4
2428,1832,62.03717268681814,982.5176827057545,712.545309991195,950.3,673.4
2429,1832,62.03717268681814,982.5176827057545,712.545309991195,950.3,673.4
2430,1832,62.03717268681814,982.5176827057545,712.545309991195,950.3,673.4
2431,1832,62.03717268681814,982.5176827057545,712.545309991195,950.3,673.4
2432,1832,62.03717268681814,982.5176827057545,712.545309991195,950.3,673.4
2433,1832,62.03717268681814,982.5176827057545,712.545309991195,950.3,673.4
2434,1832,62.03717268681814,982.5176827057545,712.545309991195,950.3,673.4
2435,1832,62.03717268681814,982.5176827057545,712.545309991195,950.3,673.4
2436,1832,62.03717268681814,982.5176827057545,712.545309991195,950.3,673.4
2437,1832,62.03717268681814,982.5176827057545,712.545309991195,950.3,673.4
2438,1832,62.03717268681814,982.5176827057545,712.545309991195,950.3,673.4
2439,1832,62.03717268681814,982.5176827057545,712.545309991195,950.3,673.4
2440,1832,62.03717268681814,982.5176827057545,712.545309991195,950.3,673.4
2441,1832,62.03717268681814,982.5176827057545,712.545309991195,950.3,673.4
2442,1832,62.03717268681814,982.5176827057545,712.545309991195,950.3,673.4
2443,1832,62.03717268681814,982.5176827057545,712.545309991195,950.3,673.4
2444,1832,62.03717268681814,982.5176827057545,712.545309991195,950.3,673.4
2445,1832,62.03717268681814,982.5176827057545,712.545309991195,950.3,673.4
2446,1832,62.03717268681814,982.5176827057545,712.545309991195,950.3,673.4
2447,1832,62.03717268681814,982.5176827057545,712.545309991195,950.3,673.4
2448,1832,62.03717268681814,982.5176827057545,712.545309991195,950.3,673.4
2449,1832,62.03717268681814,982.5176827057545,712.545309991195,950.3,673.4
2450,1832,62.03717268681814,982.5176827057545,712.545309991195,950.3,673.4
2451,1832,62.03717268681814,982.5176827057545,712.545309991195,950.3,673.4
2452,1832,62.03717268681814,982.5176827057545,712.545309991195,950.3,673.4
2453,1832,62.03717268681814,982.5176827057545,712.545309991195,950.3,673.4
2454,1832,62.03717268681814,982.5176827057545,712.545309991195,950.3,673.4
2455,1832,62.03717268681814,982.5176827057545,712.545309991195,950.3,673.4
2456,1832,62.03717268681814,982.5176827057545,712.545309991195,950.3,673.4
2457,1832,62.03717268681814,982.5176827057545,712.545309991195,950.3,673.4
2458,1832,62.03717268681814,982.5176827057545,712.545309991195,950.3,673.4
2459,1832,62.03717268681814,982.5176827057545,712.545309991195,950.3,673.4
2460,1832,62.03717268681814,982.5176827057545,712.545309991195,950.3,673.4
2461,1832,62.03717268681814,982.5176827057545,712.545309991195,950.3,673.4
2462,1832,62.03717268681814,982.5176827057545,712.545309991195,950.3,673.4
2463,1832,62.03717268681814,982.5176827057545,712.545309991195,950.3,673.4
2464,1832,62.03717268681814,982.5176827057545,712.545309991195,950.3,673.4
2465,1832,62.03717268681814,982.5176827057545,712.545309991195,950.3,673.4
2466,1832,53.07118478029024,982.5176827057545,712.545309991195,950.3,673.4
2467,1832,53.07118478029024,982.5176827057545,712.545309991195,950.3,673.4
2468,1832,53.07118478029024,982.5176827057545,712.545309991195,950.3,673.4
2469,1832,53.07118478029024,982.5176827057545,712.545309991195,950.3,673.4
2470,1832,53.07118478029024,982.5176827057545,712.545309991195,950.3,673.4
2471,1832,53.07118478029024,982.5176827057545,712.545309991195,950.3,673.4
2472,1832,53.07118478029024,982.5176827057545,712.545309991195,950.3,673.4
2473,1832,53.07118478029024,982.5176827057545,712.545309991195,950.3,673.4
2474,1832,53.07118478029024,982.5176827057545,712.545309991195,950.3,673.4
2475,1832,53.07118478029024,982.5176827057545,712.545309991195,950.3,673.4
2476,1832,53.07118478029024,982.5176827057545,712.545309991195,950.3,673.4
2477,1832,53.07118478029024,982.5176827057545,712.545309991195,950.3,673.4
2478,1832,53.07118478029024,982.5176827057545,712.545309991195,950.3,673.4
2479,1832,53.07118478029024,982.5176827057545,712.545309991195,950.3,673.4
2480,1832,53.07118478029024,982.5176827057545,712.545309991195,950.3,673.4
2481,1832,53.07118478029024,982.5176827057545,712.545309991195,950.3,673.4
2482,1832,53.07118478029024,982.5176827057545,712.545309991195,950.3,673.4
2483,1832,53.07118478029024,982.5176827057545,712.545309991195,950.3,673.4
2484,1832,53.07118478029024,982.5176827057545,712.545309991195,950.3,673.4
2485,1832,53.07118478029024,982.5176827057545,712.545309991195,950.3,673.4
2486,1832,53.07118478029024,982.5176827057545,712.545309991195,950.3,673.4
2487,1832,53.07118478029024,982.5176827057545,712.545309991195,950.3,673.4
2488,1832,53.07118478029024,982.5176827057545,712.545309991195,950.3,673.4
2489,1832,53.07118478029024,982.5176827057545,712.545309991195,950.3,673.4
2490,1832,53.07118478029024,982.5176827057545,712.545309991195,950.3,673.4
2491,1832,53.07118478029024,982.5176827057545,712.545309991195,950.3,673.4
2492,1832,53.07118478029024,982.5176827057545,712.545309991195,950.3,673.4
2493,1832,53.07118478029024,982.5176827057545,712.545309991195,950.3,673.4
2494,1832,53.07118478029024,982.5176827057545,712.545309991195,950.3,673.4
2495,1832,53.07118478029024,982.5176827057545,712.545309991195,950.3,673.4
2496,1832,53.07118478029024,982.5176827057545,712.545309991195,950.3,673.4
2497,1832,53.07118478029024,982.5176827057545,712.545309991195,950.3,673.4
2498,1832,53.07118478029024,982.5176827057545,712.545309991195,950.3,673.4
2499,1832,53.07118478029024,982.5176827057545,712.545309991195,950.3,673.4
2500,1832,41.83649192027117,982.5176827057545,712.545309991195,950.3,673.4
2501,1832,41.83649192027117,982.5176827057545,712.545309991195,950.3,673.4
2502,1832,41.83649192027117,982.5176827057545,712.545309991195,950.3,673.4
2503,1832,41.83649192027117,982.5176827057545,712.545309991195,950.3,673.4
2504,1832,41.83649192027117,982.5176827057545,712.545309991195,950.3,673.4
2505,1832,41.83649192027117,982.5176827057545,712.545309991195,950.3,673.4
2506,1832,41.83649192027117,982.5176827057545,712.545309991195,950.3,673.4
2507,1832,41.83649192027117,982.5176827057545,712.545309991195,950.3,673.4
2508,1832,41.83649192027117,982.5176827057545,712.545309991195,950.3,673.4
2509,1832,41.83649192027117,982.5176827057545,712.545309991195,950.3,673.4
2510,1832,41.83649192027117,982.5176827057545,712.545309991195,950.3,673.4
2511,1832,41.83649192027117,982.5176827057545,712.545309991195,950.3,673.4
2512,1832,41.83649192027117,982.5176827057545,712.545309991195,950.3,673.4
2513,1832,41.83649192027117,982.5176827057545,712.545309991195,950.3,673.4
2514,1832,41.83649192027117,982.5176827057545,712.545309991195,950.3,673.4
2515,1832,41.83649192027117,982.5176827057545,712.545309991195,950.3,673.4
2516,1832,41.83649192027117,982.5176827057545,712.545309991195,950.3,673.4
2517,1832,41.83649192027117,982.5176827057545,712.545309991195,950.3,673.4
2518,1832,41.83649192027117,982.5176827057545,712.545309991195,950.3,673.4
2519,1832,41.83649192027117,982.5176827057545,712.545309991195,950.3,673.4
2520,1832,41.83649192027117,982.5176827057545,712.545309991195,950.3,673.4
2521,1832,41.83649192027117,982.5176827057545,712.545309991195,950.3,673.4
2522,1832,41.83649192027117,982.5176827057545,712.545309991195,950.3,673.4
2523,1832,41.83649192027117,982.5176827057545,712.545309991195,950.3,673.4
2524,1832,41.83649192027117,982.5176827057545,712.545309991195,950.3,673.4
2525,1832,41.83649192027117,982.5176827057545,712.545309991195,950.3,673.4
2526,1832,41.83649192027117,982.5176827057545,712.545309991195,950.3,673.4
2527,1832,41.83649192027117,982.5176827057545,712.545309991195,950.3,673.4
2528,1832,41.83649192027117,982.5176827057545,712.545309991195,950.3,673.4
2529,1832,41.83649192027117,982.5176827057545,712.545309991195,950.3,673.4
2530,1832,41.83649192027117,982.5176827057545,712.545309991195,950.3,673.4
2531,1832,41.83649192027117,982.5176827057545,712.545309991195,950.3,673.4
2532,1832,41.83649192027117,982.5176827057545,712.545309991195,950.3,673.4
2533,1832,28.541112284009532,982.5176827057545,712.545309991195,950.3,673.4
2534,1832,28.541112284009532,982.5176827057545,712.545309991195,934.71875,674.3249999999999
2535,1832,28.541112284009532,982.5176827057545,712.545309991195,919.1374999999999,675.25
2536,1832,28.541112284009532,982.5176827057545,712.545309991195,903.55625,676.175
2537,1832,28.541112284009532,923.5176827057545,714.545309991195,887.9749999999999,677.1
2538,1832,28.541112284009532,923.5176827057545,714.545309991195,872.39375,678.025
2539,1832,28.541112284009532,923.5176827057545,714.545309991195,856.8125,678.95
2540,1832,28.541112284009532,923.5176827057545,714.545309991195,841.2312499999999,679.875
2541,1832,28.541112284009532,923.5176827057545,714.545309991195,825.65,680.8
2542,1832,28.541112284009532,923.5176827057545,714.545309991195,810.0687499999999,681.725
2543,1832,28.541112284009532,923.5176827057545,714.545309991195,794.4875,682.65
2544,1832,28.541112284009532,923.5176827057545,714.545309991195,778.90625,683.575
2545,1832,28.541112284009532,923.5176827057545,714.545309991195,763.325,684.5
2546,1832,28.541112284009532,923.5176827057545,714.545309991195,747.74375,685.4250000000001
2547,1832,28.541112284009532,923.5176827057545,714.545309991195,732.1625,686.35
2548,1832,28.541112284009532,923.5176827057545,714.545309991195,716.58125,687.2750000000001
2549,1832,28.541112284009532,923.5176827057545,714.545309991195,701.0,688.2
2550,1832,28.541112284009532,923.5176827057545,714.545309991195,701.0,688.2
2551,1832,28.541112284009532,923.5176827057545,714.545309991195,701.0,688.2
2552,1832,28.541112284009532,923.5176827057545,714.545309991195,701.0,688.2
2553,1832,28.541112284009532,923.5176827057545,714.545309991195,701.0,688.2
2554,1832,28.541112284009532,923.5176827057545,714.545309991195,701.0,688.2
2555,1832,28.541112284009532,923.5176827057545,714.545309991195,701.0,688.2
2556,1832,28.541112284009532,923.5176827057545,714.545309991195,701.0,688.2
2557,1832,28.541112284009532,923.5176827057545,714.545309991195,701.0,688.2
2558,1832,28.541112284009532,923.5176827057545,714.545309991195,701.0,688.2
2559,1832,28.541112284009532,923.5176827057545,714.545309991195,701.0,688.2
2560,1832,28.541112284009532,923.5176827057545,714.545309991195,701.0,688.2
2561,1832,28.541112284009532,923.5176827057545,714.545309991195,701.0,688.2
2562,1832,28.541112284009532,864.5176827057545,716.545309991195,701.0,688.2
2563,1832,28.541112284009532,864.5176827057545,716.545309991195,701.0,688.2
2564,1832,28.541112284009532,864.5176827057545,716.545309991195,701.0,688.2
2565,1832,28.541112284009532,864.5176827057545,716.545309991195,701.0,688.2
2566,1832,14.554723171759054,864.5176827057545,716.545309991195,701.0,688.2
2567,1832,14.554723171759054,864.5176827057545,716.545309991195,701.0,688.2
2568,1832,14.554723171759054,864.5176827057545,716.545309991195,701.0,688.2
2569,1832,14.554723171759054,864.5176827057545,716.545309991195,701.0,688.2
2570,1832,14.554723171759054,864.5176827057545,716.545309991195,701.0,688.2
2571,1832,14.554723171759054,864.5176827057545,716.545309991195,701.0,688.2
2572,1832,14.554723171759054,864.5176827057545,716.545309991195,701.0,688.2
2573,1832,14.554723171759054,864.5176827057545,716.545309991195,701.0,688.2
2574,1832,14.554723171759054,864.5176827057545,716.545309991195,701.0,688.2
2575,1832,14.554723171759054,864.5176827057545,716.545309991195,701.0,688.2
2576,1832,14.554723171759054,864.5176827057545,716.545309991195,701.0,688.2
2577,1832,14.554723171759054,864.5176827057545,716.545309991195,701.0,688.2
2578,1832,14.554723171759054,864.5176827057545,716.545309991195,701.0,688.2
2579,1832,14.554723171759054,864.5176827057545,716.545309991195,701.0,688.2
2580,1832,14.554723171759054,864.5176827057545,716.545309991195,701.0,688.2
2581,1832,14.554723171759054,864.5176827057545,716.545309991195,701.0,688.2
2582,1832,14.554723171759054,864.5176827057545,716.545309991195,701.0,688.2
2583,1832,14.554723171759054,864.5176827057545,716.545309991195,701.0,688.2
2584,1832,14.554723171759054,864.5176827057545,716.545309991195,701.0,688.2
2585,1832,14.554723171759054,864.5176827057545,716.545309991195,701.0,688.2
2586,1832,14.554723171759054,864.5176827057545,716.545309991195,701.0,688.2
2587,1832,14.554723171759054,864.5176827057545,716.545309991195,701.0,688.2
2588,1832,14.554723171759054,864.5176827057545,716.545309991195,701.0,688.2
2589,1832,14.554723171759054,864.5176827057545,716.545309991195,701.0,688.2
2590,1832,14.554723171759054,864.5176827057545,716.545309991195,701.0,688.2
2591,1832,14.554723171759054,864.5176827057545,716.545309991195,701.0,688.2
2592,1832,14.554723171759054,864.5176827057545,716.545309991195,701.0,688.2
2593,1832,14.554723171759054,864.5176827057545,716.545309991195,701.0,688.2
2594,1832,14.554723171759054,864.5176827057545,716.545309991195,701.0,688.2
2595,1832,14.554723171759054,806.5176827057545,718.545309991195,701.0,688.2
2596,1832,14.554723171759054,806.5176827057545,718.545309991195,701.0,688.2
2597,1832,14.554723171759054,806.5176827057545,718.545309991195,701.0,688.2
2598,1832,14.554723171759054,806.5176827057545,718.545309991195,701.0,688.2
2599,1832,14.554723171759054,806.5176827057545,718.545309991195,701.0,688.2
2600,1832,14.554723171759054,806.5176827057545,718.545309991195,701.0,688.2
2601,1832,14.554723171759054,806.5176827057545,718.545309991195,701.0,688.2
2602,1832,14.554723171759054,806.5176827057545,718.545309991195,701.0,688.2
2603,1832,14.554723171759054,806.5176827057545,718.545309991195,701.0,688.2
2604,1832,14.554723171759054,806.5176827057545,718.545309991195,701.0,688.2
2605,1832,14.554723171759054,806.5176827057545,718.545309991195,701.0,688.2
2606,1832,14.554723171759054,806.5176827057545,718.545309991195,701.0,688.2
2607,1832,14.554723171759054,806.5176827057545,718.545309991195,701.0,688.2
2608,1832,14.554723171759054,806.5176827057545,718.545309991195,701.0,688.2
2609,1832,14.554723171759054,806.5176827057545,718.545309991195,701.0,688.2
2610,1832,14.554723171759054,806.5176827057545,718.545309991195,701.0,688.2
2611,1832,14.554723171759054,806.5176827057545,718.545309991195,701.0,688.2
2612,1832,14.554723171759054,806.5176827057545,718.545309991195,701.0,688.2
2613,1832,14.554723171759054,806.5176827057545,718.545309991195,701.0,688.2
2614,1832,14.554723171759054,806.5176827057545,718.545309991195,701.0,688.2
2615,1832,14.554723171759054,806.5176827057545,718.545309991195,701.0,688.2
2616,1832,14.554723171759054,806.5176827057545,718.545309991195,701.0,688.2
2617,1832,14.554723171759054,806.5176827057545,718.545309991195,701.0,688.2
2618,1832,14.554723171759054,806.5176827057545,718.545309991195,701.0,688.2
2619,1832,14.554723171759054,806.5176827057545,718.545309991195,701.0,688.2
2620,1832,14.554723171759054,806.5176827057545,718.545309991195,701.0,688.2
2621,1832,14.554723171759054,806.5176827057545,718.545309991195,701.0,688.2
2622,1832,14.554723171759054,806.5176827057545,718.545309991195,701.0,688.2
2623,1832,14.554723171759054,806.5176827057545,718.545309991195,701.0,688.2
2624,1832,14.554723171759054,806.5176827057545,718.545309991195,701.0,688.2
2625,1832,14.554723171759054,806.5176827057545,718.545309991195,701.0,688.2
2626,1832,14.554723171759054,806.5176827057545,718.545309991195,701.0,688.2
2627,1832,14.554723171759054,806.5176827057545,718.545309991195,701.0,688.2
2628,1832,14.554723171759054,748.5176827057545,720.545309991195,701.0,688.2
2629,1832,14.554723171759054,748.5176827057545,720.545309991195,701.0,688.2
2630,1832,14.554723171759054,748.5176827057545,720.545309991195,701.0,688.2
2631,1832,14.554723171759054,748.5176827057545,720.545309991195,701.0,688.2
2632,1833,21.040274229100326,748.5176827057545,720.545309991195,701.0,688.2
2633,1834,42.998105374984064,748.5176827057545,720.545309991195,701.0,688.2
2634,1835,36.61058788013276,748.5176827057545,720.545309991195,701.0,688.2
2635,1835,36.61058788013276,748.5176827057545,720.545309991195,701.0,688.2
2636,1835,36.61058788013276,748.5176827057545,720.545309991195,701.0,688.2
2637,1835,36.61058788013276,748.5176827057545,720.545309991195,701.0,688.2
2638,1835,36.61058788013276,748.5176827057545,720.545309991195,701.0,688.2
2639,1835,36.61058788013276,748.5176827057545,720.545309991195,701.0,688.2
2640,1835,36.61058788013276,748.5176827057545,720.545309991195,701.0,688.2
2641,1835,36.61058788013276,748.5176827057545,720.545309991195,701.0,688.2
2642,1835,36.61058788013276,748.5176827057545,720.545309991195,701.0,688.2
2643,1835,36.61058788013276,748.5176827057545,720.545309991195,701.0,688.2
2644,1835,36.61058788013276,748.5176827057545,720.545309991195,701.0,688.2
2645,1835,36.61058788013276,748.5176827057545,720.545309991195,701.0,688.2
2646,1835,36.61058788013276,748.5176827057545,720.545309991195,701.0,688.2
2647,1835,36.61058788013276,748.5176827057545,720.545309991195,701.0,688.2
2648,1835,36.61058788013276,748.5176827057545,720.545309991195,701.0,688.2
2649,1835,36.61058788013276,748.5176827057545,720.545309991195,701.0,688.2
2650,1835,36.61058788013276,748.5176827057545,720.545309991195,701.0,688.2
2651,1835,36.61058788013276,748.5176827057545,720.545309991195,701.0,688.2
2652,1835,36.61058788013276,748.5176827057545,720.545309991195,701.0,688.2
2653,1835,36.61058788013276,748.5176827057545,720.545309991195,701.0,688.2
2654,1835,36.61058788013276,748.5176827057545,720.545309991195,701.0,688.2
2655,1835,36.61058788013276,748.5176827057545,720.545309991195,701.0,688.2
2656,1835,36.61058788013276,748.5176827057545,720.545309991195,701.0,688.2
2657,1835,36.61058788013276,748.5176827057545,720.545309991195,701.0,688.2
2658,1835,36.61058788013276,748.5176827057545,720.545309991195,701.0,688.2
2659,1835,36.61058788013276,748.5176827057545,720.545309991195,701.0,688.2
2660,1835,36.61058788013276,748.5176827057545,720.545309991195,701.0,688.2
2661,1835,36.61058788013276,748.5176827057545,720.545309991195,701.0,688.2
2662,1835,36.61058788013276,748.5176827057545,720.545309991195,701.0,688.2
2663,1835,36.61058788013276,748.5176827057545,720.545309991195,701.0,688.2
2664,1835,36.61058788013276,748.5176827057545,720.545309991195,701.0,688.2
2665,1835,36.61058788013276,748.5176827057545,720.545309991195,701.0,688.2
2666,1835,36.61058788013276,748.5176827057545,720.545309991195,701.0,688.2
2667,1835,36.61058788013276,748.5176827057545,720.545309991195,701.0,688.2
2668,1835,36.61058788013276,748.5176827057545,720.545309991195,701.0,688.2
2669,1835,36.61058788013276,748.5176827057545,720.545309991195,701.0,688.2
2670,1835,36.61058788013276,748.5176827057545,720.545309991195,701.0,688.2
2671,1835,36.61058788013276,748.5176827057545,720.545309991195,701.0,688.2
2672,1835,36.61058788013276,748.5176827057545,720.545309991195,701.0,688.2
2673,1835,36.61058788013276,748.5176827057545,720.545309991195,701.0,688.2
2674,1835,36.61058788013276,748.5176827057545,720.545309991195,701.0,688.2
2675,1835,36.61058788013276,748.5176827057545,720.545309991195,701.0,688.2
2676,1835,36.61058788013276,748.5176827057545,720.545309991195,701.0,688.2
2677,1835,36.61058788013276,748.5176827057545,720.545309991195,701.0,688.2
2678,1835,36.61058788013276,748.5176827057545,720.545309991195,701.0,688.2
2679,1835,36.61058788013276,748.5176827057545,720.545309991195,701.0,688.2
2680,1835,36.61058788013276,748.5176827057545,720.545309991195,701.0,688.2
2681,1835,36.61058788013276,748.5176827057545,720.545309991195,701.0,688.2
2682,1835,36.61058788013276,748.5176827057545,720.545309991195,701.0,688.2
2683,1835,36.61058788013276,748.5176827057545,720.545309991195,701.0,688.2
2684,1835,36.61058788013276,748.5176827057545,720.545309991195,701.0,688.2
2685,1835,36.61058788013276,748.5176827057545,720.545309991195,701.0,688.2
2686,1835,36.61058788013276,748.5176827057545,720.545309991195,701.0,688.2
2687,1835,36.61058788013276,748.5176827057545,720.545309991195,701.0,688.2
2688,1835,36.61058788013276,748.5176827057545,720.545309991195,701.0,688.2
2689,1835,36.61058788013276,748.5176827057545,720.545309991195,701.0,688.2
2690,1835,36.61058788013276,748.5176827057545,720.545309991195,701.0,688.2
2691,1835,36.61058788013276,748.5176827057545,720.545309991195,701.0,688.2
2692,1835,36.61058788013276,748.5176827057545,720.545309991195,711.2458333333333,674.975
2693,1835,36.61058788013276,748.5176827057545,720.545309991195,721.4916666666667,661.75
2694,1835,36.61058788013276,748.5176827057545,720.545309991195,731.7375,648.5250000000001
2695,1835,36.61058788013276,748.5176827057545,720.545309991195,741.9833333333333,635.3000000000001
2696,1835,36.61058788013276,748.5176827057545,720.545309991195,752.2291666666666,622.075
2697,1835,36.61058788013276,748.5176827057545,720.545309991195,762.475,608.85
2698,1835,36.61058788013276,748.5176827057545,720.545309991195,772.7208333333333,595.625
2699,1835,36.61058788013276,748.5176827057545,720.545309991195,782.9666666666667,582.4000000000001
2700,1835,36.61058788013276,748.5176827057545,720.545309991195,793.2125,569.1750000000001
2701,1835,36.61058788013276,748.5176827057545,720.545309991195,803.4583333333333,555.95
2702,1835,36.61058788013276,748.5176827057545,720.545309991195,813.7041666666667,542.725
2703,1835,36.61058788013276,748.5176827057545,720.545309991195,823.95,529.5
2704,1835,36.61058788013276,748.5176827057545,720.545309991195,834.1958333333333,516.2750000000001
2705,1835,36.61058788013276,748.5176827057545,720.545309991195,844.4416666666666,503.05
2706,1835,36.61058788013276,748.5176827057545,720.545309991195,854.6875,489.82500000000005
2707,1835,36.61058788013276,748.5176827057545,720.545309991195,864.9333333333333,476.6
2708,1835,36.61058788013276,748.5176827057545,720.545309991195,875.1791666666667,463.375
2709,1835,36.61058788013276,748.5176827057545,720.545309991195,885.425,450.15000000000003
2710,1835,36.61058788013276,748.5176827057545,720.545309991195,895.6708333333333,436.925
2711,1835,36.61058788013276,748.5176827057545,720.545309991195,905.9166666666666,423.70000000000005
2712,1835,36.61058788013276,748.5176827057545,720.545309991195,916.1624999999999,410.475
2713,1835,36.61058788013276,748.5176827057545,720.545309991195,926.4083333333333,397.25
2714,1835,36.61058788013276,748.5176827057545,720.545309991195,936.6541666666667,384.02500000000003
2715,1835,36.61058788013276,748.5176827057545,720.545309991195,946.9,370.8
2716,1835,36.61058788013276,748.5176827057545,720.545309991195,946.9,370.8
2717,1835,36.61058788013276,748.5176827057545,720.545309991195,946.9,370.8
2718,1835,36.61058788013276,748.5176827057545,720.545309991195,946.9,370.8
2719,1835,36.61058788013276,748.5176827057545,720.545309991195,946.9,370.8
2720,1835,36.61058788013276,748.5176827057545,720.545309991195,946.9,370.8
2721,1835,36.61058788013276,748.5176827057545,720.545309991195,946.9,370.8
2722,1835,36.61058788013276,748.5176827057545,720.545309991195,946.9,370.8
2723,1835,36.61058788013276,748.5176827057545,720.545309991195,946.9,370.8
2724,1835,36.61058788013276,748.5176827057545,720.545309991195,946.9,370.8
2725,1835,36.61058788013276,748.5176827057545,720.545309991195,946.9,370.8
2726,1835,36.61058788013276,748.5176827057545,720.545309991195,946.9,370.8
2727,1835,36.61058788013276,748.5176827057545,720.545309991195,946.9,370.8
2728,1835,36.61058788013276,958.5176827057545,663.545309991195,946.9,370.8
2729,1835,36.61058788013276,958.5176827057545,663.545309991195,946.9,370.8
2730,1835,36.61058788013276,958.5176827057545,663.545309991195,946.9,370.8
2731,1835,36.61058788013276,958.5176827057545,663.545309991195,946.9,370.8
2732,1835,36.61058788013276,958.5176827057545,663.545309991195,946.9,370.8
2733,1835,36.61058788013276,958.5176827057545,663.545309991195,946.9,370.8
2734,1835,36.61058788013276,958.5176827057545,663.545309991195,946.9,370.8
2735,1835,36.61058788013276,958.5176827057545,663.545309991195,946.9,370.8
2736,1835,36.61058788013276,958.5176827057545,663.545309991195,946.9,370.8
2737,1835,36.61058788013276,958.5176827057545,663.545309991195,946.9,370.8
2738,1835,36.61058788013276,958.5176827057545,663.545309991195,946.9,370.8
2739,1835,36.61058788013276,958.5176827057545,663.545309991195,946.9,370.8
2740,1835,36.61058788013276,958.5176827057545,663.545309991195,946.9,370.8
2741,1835,36.61058788013276,958.5176827057545,663.545309991195,946.9,370.8
2742,1835,36.61058788013276,958.5176827057545,663.545309991195,946.9,370.8
2743,1835,36.61058788013276,958.5176827057545,663.545309991195,946.9,370.8
2744,1835,36.61058788013276,958.5176827057545,663.545309991195,946.9,370.8
2745,1835,36.61058788013276,958.5176827057545,663.545309991195,946.9,370.8
2746,1835,36.61058788013276,958.5176827057545,663.545309991195,946.9,370.8
2747,1835,36.61058788013276,958.5176827057545,663.545309991195,946.9,370.8
2748,1835,36.61058788013276,958.5176827057545,663.545309991195,946.9,370.8
2749,1835,36.61058788013276,958.5176827057545,663.545309991195,946.9,370.8
2750,1835,36.61058788013276,958.5176827057545,663.545309991195,946.9,370.8
2751,1835,36.61058788013276,958.5176827057545,663.545309991195,946.9,370.8
2752,1835,36.61058788013276,958.5176827057545,663.545309991195,946.9,370.8
2753,1835,36.61058788013276,958.5176827057545,663.545309991195,946.9,370.8
2754,1835,36.61058788013276,958.5176827057545,663.545309991195,946.9,370.8
2755,1835,36.61058788013276,958.5176827057545,663.545309991195,946.9,370.8
2756,1835,36.61058788013276,958.5176827057545,663.545309991195,946.9,370.8
2757,1835,36.61058788013276,958.5176827057545,663.545309991195,946.9,370.8
2758,1835,36.61058788013276,958.5176827057545,663.545309991195,946.9,370.8
2759,1835,36.61058788013276,958.5176827057545,663.545309991195,946.9,370.8
2760,1835,36.61058788013276,958.5176827057545,663.545309991195,946.9,370.8
2761,1835,36.61058788013276,958.5176827057545,663.545309991195,946.9,370.8
2762,1835,36.61058788013276,958.5176827057545,663.545309991195,946.9,370.8
2763,1835,36.61058788013276,958.5176827057545,663.545309991195,946.9,370.8
2764,1835,36.61058788013276,958.5176827057545,663.545309991195,946.9,370.8
2765,1835,36.61058788013276,958.5176827057545,663.545309991195,946.9,370.8
2766,1835,36.61058788013276,958.5176827057545,663.545309991195,946.9,370.8
2767,1835,36.61058788013276,958.5176827057545,663.545309991195,946.9,370.8
2768,1835,36.61058788013276,958.5176827057545,663.545309991195,946.9,370.8
2769,1835,36.61058788013276,958.5176827057545,663.545309991195,946.9,370.8
2770,1835,36.61058788013276,958.5176827057545,663.545309991195,946.9,370.8
2771,1835,36.61058788013276,958.5176827057545,663.545309991195,946.9,370.8
2772,1835,36.61058788013276,958.5176827057545,663.545309991195,946.9,370.8
2773,1835,36.61058788013276,958.5176827057545,663.545309991195,946.9,370.8
2774,1835,23.50905041762056,958.5176827057545,663.545309991195,946.9,370.8
2775,1835,23.50905041762056,958.5176827057545,663.545309991195,946.9,370.8
2776,1835,23.50905041762056,958.5176827057545,663.545309991195,946.9,370.8
2777,1835,23.50905041762056,958.5176827057545,663.545309991195,946.9,370.8
2778,1835,23.50905041762056,958.5176827057545,663.545309991195,946.9,370.8
2779,1835,23.50905041762056,958.5176827057545,663.545309991195,946.9,370.8
2780,1835,23.50905041762056,958.5176827057545,663.545309991195,946.9,370.8
2781,1835,23.50905041762056,958.5176827057545,663.545309991195,946.9,370.8
2782,1835,23.50905041762056,958.5176827057545,663.545309991195,946.9,370.8
2783,1835,23.50905041762056,958.5176827057545,663.545309991195,946.9,370.8
2784,1835,23.50905041762056,958.5176827057545,663.545309991195,946.9,370.8
2785,1835,23.50905041762056,958.5176827057545,663.545309991195,946.9,370.8
2786,1835,23.50905041762056,958.5176827057545,663.545309991195,946.9,370.8
2787,1835,23.50905041762056,958.5176827057545,663.545309991195,946.9,370.8
2788,1835,23.50905041762056,958.5176827057545,663.545309991195,946.9,370.8
2789,1835,23.50905041762056,958.5176827057545,663.545309991195,946.9,370.8
2790,1835,23.50905041762056,958.5176827057545,663.545309991195,946.9,370.8
2791,1835,23.50905041762056,958.5176827057545,663.545309991195,946.9,370.8
2792,1835,23.50905041762056,958.5176827057545,663.545309991195,946.9,370.8
2793,1835,23.50905041762056,958.5176827057545,663.545309991195,950.4,360.90000000000003
2794,1835,23.50905041762056,958.5176827057545,663.545309991195,953.9,351.0
2795,1835,23.50905041762056,958.5176827057545,663.545309991195,957.4,341.1
2796,1835,23.50905041762056,958.5176827057545,663.545309991195,960.9,331.2
2797,1835,23.50905041762056,958.5176827057545,663.545309991195,964.4,321.3
2798,1835,23.50905041762056,958.5176827057545,663.545309991195,967.9,311.4
2799,1835,1.5111886663637408,958.5176827057545,663.545309991195,971.4,301.5
2800,1835,1.5111886663637408,958.5176827057545,663.545309991195,974.9,291.6
2801,1835,1.5111886663637408,958.5176827057545,663.545309991195,978.4,281.7
2802,1835,1.5111886663637408,958.5176827057545,663.545309991195,981.9,271.8
2803,1835,1.5111886663637408,958.5176827057545,663.545309991195,985.4,261.9
2804,1835,1.5111886663637408,958.5176827057545,663.545309991195,988.9,252.0
2805,1835,1.5111886663637408,958.5176827057545,663.545309991195,988.9,252.0
2806,1835,1.5111886663637408,958.5176827057545,663.545309991195,988.9,252.0
2807,1835,1.5111886663637408,958.5176827057545,663.545309991195,988.9,252.0
2808,1835,1.5111886663637408,958.5176827057545,663.545309991195,988.9,252.0
2809,1835,1.5111886663637408,958.5176827057545,663.545309991195,988.9,252.0
2810,1835,1.5111886663637408,958.5176827057545,663.545309991195,988.9,252.0
2811,1835,1.5111886663637408,958.5176827057545,663.545309991195,988.9,252.0
2812,1835,1.5111886663637408,958.5176827057545,663.545309991195,988.9,252.0
2813,1835,1.5111886663637408,958.5176827057545,663.545309991195,988.9,252.0
2814,1835,1.5111886663637408,958.5176827057545,663.545309991195,988.9,252.0
2815,1835,1.5111886663637408,958.5176827057545,663.545309991195,988.9,252.0
2816,1835,1.5111886663637408,958.5176827057545,663.545309991195,988.9,252.0
2817,1835,1.5111886663637408,958.5176827057545,663.545309991195,988.9,252.0
2818,1835,1.5111886663637408,958.5176827057545,663.545309991195,988.9,252.0
2819,1835,1.5111886663637408,958.5176827057545,663.545309991195,988.9,252.0
2820,1835,1.5111886663637408,958.5176827057545,663.545309991195,988.9,252.0
2821,1835,1.5111886663637408,958.5176827057545,663.545309991195,988.9,252.0
2822,1835,1.5111886663637408,958.5176827057545,663.545309991195,988.9,252.0
2823,1835,1.5111886663637408,958.5176827057545,663.545309991195,988.9,252.0
2824,1835,1.5111886663637408,958.5176827057545,663.545309991195,988.9,252.0
2825,1835,1.5111886663637408,958.5176827057545,663.545309991195,988.9,252.0
2826,1835,1.5111886663637408,958.5176827057545,663.545309991195,988.9,252.0
2827,1835,1.5111886663637408,958.5176827057545,663.545309991195,988.9,252.0
2828,1835,1.5111886663637408,958.5176827057545,663.545309991195,988.9,252.0
2829,1835,1.5111886663637408,958.5176827057545,663.545309991195,988.9,252.0
2830,1835,1.5111886663637408,958.5176827057545,663.545309991195,988.9,252.0
2831,1835,1.5111886663637408,958.5176827057545,663.545309991195,988.9,252.0
2832,1835,1.5111886663637408,958.5176827057545,663.545309991195,988.9,252.0
2833,1835,28.73939274783952,958.5176827057545,663.545309991195,988.9,252.0
2834,1835,28.73939274783952,958.5176827057545,663.545309991195,988.9,252.0
2835,1835,28.73939274783952,958.5176827057545,663.545309991195,988.9,252.0
2836,1835,28.73939274783952,958.5176827057545,663.545309991195,988.9,252.0
2837,1835,28.73939274783952,958.5176827057545,663.545309991195,988.9,252.0
2838,1835,28.73939274783952,958.5176827057545,663.545309991195,988.9,252.0
2839,1835,28.73939274783952,958.5176827057545,663.545309991195,988.9,252.0
2840,1835,28.73939274783952,958.5176827057545,663.545309991195,988.9,252.0
2841,1835,28.73939274783952,958.5176827057545,663.545309991195,988.9,252.0
2842,1835,28.73939274783952,958.5176827057545,663.545309991195,988.9,252.0
2843,1835,28.73939274783952,958.5176827057545,663.545309991195,988.9,252.0
2844,1835,28.73939274783952,958.5176827057545,663.545309991195,988.9,252.0
2845,1835,28.73939274783952,958.5176827057545,663.545309991195,988.9,252.0
2846,1835,28.73939274783952,958.5176827057545,663.545309991195,988.9,252.0
2847,1835,28.73939274783952,958.5176827057545,663.545309991195,988.9,252.0
2848,1835,28.73939274783952,958.5176827057545,663.545309991195,988.9,252.0
2849,1835,28.73939274783952,958.5176827057545,663.545309991195,988.9,252.0
2850,1835,28.73939274783952,958.5176827057545,663.545309991195,988.9,252.0
2851,1835,28.73939274783952,958.5176827057545,663.545309991195,988.9,252.0
2852,1835,28.73939274783952,958.5176827057545,663.545309991195,988.9,252.0
2853,1835,28.73939274783952,958.5176827057545,663.545309991195,988.9,252.0
2854,1835,28.73939274783952,958.5176827057545,663.545309991195,988.9,252.0
2855,1835,28.73939274783952,958.5176827057545,663.545309991195,988.9,252.0
2856,1835,28.73939274783952,958.5176827057545,663.545309991195,988.9,252.0
2857,1835,28.73939274783952,958.5176827057545,663.545309991195,988.9,252.0
2858,1835,28.73939274783952,958.5176827057545,663.545309991195,988.9,252.0
2859,1835,28.73939274783952,958.5176827057545,663.545309991195,988.9,252.0
2860,1835,28.73939274783952,958.5176827057545,663.545309991195,988.9,252.0
2861,1835,28.73939274783952,958.5176827057545,663.545309991195,988.9,252.0
2862,1835,28.73939274783952,958.5176827057545,663.545309991195,988.9,252.0
2863,1835,28.73939274783952,958.5176827057545,663.545309991195,988.9,252.0
2864,1835,28.73939274783952,958.5176827057545,663.545309991195,988.9,252.0
2865,1835,28.73939274783952,958.5176827057545,663.545309991195,988.9,252.0
2866,1835,28.73939274783952,958.5176827057545,663.545309991195,988.9,252.0
2867,1835,28.73939274783952,958.5176827057545,663.545309991195,988.9,252.0
2868,1835,28.73939274783952,958.5176827057545,663.545309991195,988.9,252.0
2869,1835,28.73939274783952,958.5176827057545,663.545309991195,988.9,252.0
2870,1835,28.73939274783952,958.5176827057545,663.545309991195,988.9,252.0
2871,1835,28.73939274783952,958.5176827057545,663.545309991195,988.9,252.0
2872,1835,28.73939274783952,958.5176827057545,663.545309991195,988.9,252.0
2873,1835,28.73939274783952,958.5176827057545,663.545309991195,988.9,252.0
2874,1835,28.73939274783952,958.5176827057545,663.545309991195,988.9,252.0
2875,1835,28.73939274783952,958.5176827057545,663.545309991195,988.9,252.0
2876,1835,28.73939274783952,958.5176827057545,663.545309991195,988.9,252.0
2877,1835,28.73939274783952,958.5176827057545,663.545309991195,988.9,252.0
2878,1835,28.73939274783952,958.5176827057545,663.545309991195,988.9,252.0
2879,1835,28.73939274783952,958.5176827057545,663.545309991195,988.9,252.0
2880,1835,28.73939274783952,958.5176827057545,663.545309991195,988.9,252.0
2881,1835,28.73939274783952,958.5176827057545,663.545309991195,988.9,252.0
2882,1835,28.73939274783952,958.5176827057545,663.545309991195,988.9,252.0
2883,1835,28.73939274783952,958.5176827057545,663.545309991195,988.9,252.0
2884,1835,28.73939274783952,958.5176827057545,663.545309991195,988.9,252.0
2885,1835,28.73939274783952,958.5176827057545,663.545309991195,988.9,252.0
2886,1835,28.73939274783952,958.5176827057545,663.545309991195,988.9,252.0
2887,1835,28.73939274783952,958.5176827057545,663.545309991195,988.9,252.0
2888,1835,28.73939274783952,958.5176827057545,663.545309991195,988.9,252.0
2889,1835,28.73939274783952,958.5176827057545,663.545309991195,988.9,252.0
2890,1835,28.73939274783952,958.5176827057545,663.545309991195,988.9,252.0
2891,1835,28.73939274783952,958.5176827057545,663.545309991195,988.9,252.0
2892,1835,28.73939274783952,958.5176827057545,663.545309991195,988.9,252.0
2893,1835,28.73939274783952,958.5176827057545,663.545309991195,988.9,252.0
2894,1835,28.73939274783952,958.5176827057545,663.545309991195,988.9,252.0
2895,1835,28.73939274783952,965.5176827057545,457.54530999119504,988.9,252.0
2896,1835,28.73939274783952,965.5176827057545,457.54530999119504,988.9,252.0
2897,1835,28.73939274783952,965.5176827057545,457.54530999119504,988.9,252.0
2898,1835,28.73939274783952,965.5176827057545,457.54530999119504,988.9,252.0
2899,1835,28.73939274783952,965.5176827057545,457.54530999119504,988.9,252.0
2900,1835,28.73939274783952,965.5176827057545,457.54530999119504,988.9,252.0
2901,1835,28.73939274783952,965.5176827057545,457.54530999119504,988.9,252.0
2902,1835,28.73939274783952,965.5176827057545,457.54530999119504,988.9,252.0
2903,1835,28.73939274783952,965.5176827057545,457.54530999119504,988.9,252.0
2904,1835,28.73939274783952,965.5176827057545,457.54530999119504,988.9,252.0
2905,1835,28.73939274783952,965.5176827057545,457.54530999119504,988.9,252.0
2906,1835,28.73939274783952,965.5176827057545,457.54530999119504,988.9,252.0
2907,1835,28.73939274783952,965.5176827057545,457.54530999119504,988.9,252.0
2908,1835,28.73939274783952,965.5176827057545,457.54530999119504,988.9,252.0
2909,1835,28.73939274783952,965.5176827057545,457.54530999119504,988.9,252.0
2910,1835,28.73939274783952,965.5176827057545,457.54530999119504,988.9,252.0
2911,1835,28.73939274783952,965.5176827057545,457.54530999119504,988.9,252.0
2912,1835,28.73939274783952,965.5176827057545,457.54530999119504,988.9,252.0
2913,1835,28.73939274783952,965.5176827057545,457.54530999119504,988.9,252.0
2914,1835,28.73939274783952,965.5176827057545,457.54530999119504,988.9,252.0
2915,1835,28.73939274783952,965.5176827057545,457.54530999119504,988.9,252.0
2916,1835,28.73939274783952,965.5176827057545,457.54530999119504,988.9,252.0
2917,1835,28.73939274783952,965.5176827057545,457.54530999119504,988.9,252.0
2918,1835,28.73939274783952,965.5176827057545,457.54530999119504,988.9,252.0
2919,1835,28.73939274783952,965.5176827057545,457.54530999119504,988.9,252.0
2920,1835,28.73939274783952,965.5176827057545,457.54530999119504,988.9,252.0
2921,1835,28.73939274783952,965.5176827057545,457.54530999119504,988.9,252.0
2922,1835,28.73939274783952,965.5176827057545,457.54530999119504,988.9,252.0
2923,1835,28.73939274783952,965.5176827057545,457.54530999119504,988.9,252.0
2924,1835,28.73939274783952,965.5176827057545,457.54530999119504,988.9,252.0
2925,1835,28.73939274783952,965.5176827057545,457.54530999119504,988.9,252.0
2926,1835,28.73939274783952,965.5176827057545,457.54530999119504,988.9,252.0
2927,1835,28.73939274783952,965.5176827057545,457.54530999119504,988.9,252.0
2928,1835,28.73939274783952,972.5176827057545,250.54530999119504,988.9,252.0
2929,1835,28.73939274783952,972.5176827057545,250.54530999119504,988.9,252.0
2930,1835,28.73939274783952,972.5176827057545,250.54530999119504,988.9,252.0
2931,1835,28.73939274783952,972.5176827057545,250.54530999119504,988.9,252.0
2932,1835,28.73939274783952,972.5176827057545,250.54530999119504,988.9,252.0
2933,1835,28.73939274783952,972.5176827057545,250.54530999119504,988.9,252.0
2934,1835,28.73939274783952,972.5176827057545,250.54530999119504,988.9,252.0
2935,1835,28.73939274783952,972.5176827057545,250.54530999119504,988.9,252.0
2936,1835,28.73939274783952,972.5176827057545,250.54530999119504,988.9,252.0
2937,1835,28.73939274783952,972.5176827057545,250.54530999119504,988.9,252.0
2938,1835,28.73939274783952,972.5176827057545,250.54530999119504,988.9,252.0
2939,1835,28.73939274783952,972.5176827057545,250.54530999119504,988.9,252.0
2940,1835,28.73939274783952,972.5176827057545,250.54530999119504,988.9,252.0
2941,1835,28.73939274783952,972.5176827057545,250.54530999119504,988.9,252.0
2942,1835,28.73939274783952,972.5176827057545,250.54530999119504,988.9,252.0
2943,1835,28.73939274783952,972.5176827057545,250.54530999119504,988.9,252.0
2944,1835,28.73939274783952,972.5176827057545,250.54530999119504,988.9,252.0
2945,1835,28.73939274783952,972.5176827057545,250.54530999119504,988.9,252.0
2946,1835,28.73939274783952,972.5176827057545,250.54530999119504,988.9,252.0
2947,1835,28.73939274783952,972.5176827057545,250.54530999119504,988.9,252.0
2948,1835,28.73939274783952,972.5176827057545,250.54530999119504,988.9,252.0
2949,1835,28.73939274783952,972.5176827057545,250.54530999119504,988.9,252.0
2950,1835,28.73939274783952,972.5176827057545,250.54530999119504,988.9,252.0
2951,1835,28.73939274783952,972.5176827057545,250.54530999119504,988.9,252.0
2952,1835,28.73939274783952,972.5176827057545,250.54530999119504,988.9,252.0
2953,1835,28.73939274783952,972.5176827057545,250.54530999119504,988.9,252.0
2954,1835,28.73939274783952,972.5176827057545,250.54530999119504,988.9,252.0
2955,1835,28.73939274783952,972.5176827057545,250.54530999119504,988.9,252.0
2956,1835,28.73939274783952,972.5176827057545,250.54530999119504,988.9,252.0
2957,1835,28.73939274783952,972.5176827057545,250.54530999119504,988.9,252.0
2958,1835,28.73939274783952,972.5176827057545,250.54530999119504,988.9,252.0
2959,1835,28.73939274783952,972.5176827057545,250.54530999119504,988.9,252.0
2960,1835,28.73939274783952,972.5176827057545,250.54530999119504,988.9,252.0
2961,1835,28.73939274783952,972.5176827057545,250.54530999119504,988.9,252.0
2962,1835,28.73939274783952,972.5176827057545,250.54530999119504,988.9,252.0
2963,1835,28.73939274783952,972.5176827057545,250.54530999119504,988.9,252.0
2964,1835,28.73939274783952,972.5176827057545,250.54530999119504,988.9,252.0
2965,1835,28.73939274783952,972.5176827057545,250.54530999119504,988.9,252.0
2966,1835,28.73939274783952,972.5176827057545,250.54530999119504,988.9,252.0
2967,1835,28.73939274783952,972.5176827057545,250.54530999119504,988.9,252.0
2968,1835,28.73939274783952,972.5176827057545,250.54530999119504,988.9,252.0
2969,1835,28.73939274783952,972.5176827057545,250.54530999119504,988.9,252.0
2970,1835,28.73939274783952,972.5176827057545,250.54530999119504,988.9,252.0
2971,1835,28.73939274783952,972.5176827057545,250.54530999119504,988.9,252.0
2972,1835,28.73939274783952,972.5176827057545,250.54530999119504,988.9,252.0
2973,1835,28.73939274783952,972.5176827057545,250.54530999119504,988.9,252.0
2974,1835,28.73939274783952,972.5176827057545,250.54530999119504,988.9,252.0
2975,1835,9.498510264250058,972.5176827057545,250.54530999119504,988.9,252.0
2976,1835,9.498510264250058,972.5176827057545,250.54530999119504,988.9,252.0
2977,1835,9.498510264250058,972.5176827057545,250.54530999119504,988.9,252.0
2978,1835,9.498510264250058,972.5176827057545,250.54530999119504,988.9,252.0
2979,1835,9.498510264250058,972.5176827057545,250.54530999119504,988.9,252.0
2980,1835,9.498510264250058,972.5176827057545,250.54530999119504,988.9,252.0
2981,1835,9.498510264250058,972.5176827057545,250.54530999119504,988.9,252.0
2982,1835,9.498510264250058,972.5176827057545,250.54530999119504,988.9,252.0
2983,1835,9.498510264250058,972.5176827057545,250.54530999119504,988.9,252.0
2984,1835,9.498510264250058,972.5176827057545,250.54530999119504,988.9,252.0
2985,1835,9.498510264250058,972.5176827057545,250.54530999119504,988.9,252.0
2986,1835,9.498510264250058,972.5176827057545,250.54530999119504,988.9,252.0
2987,1835,9.498510264250058,972.5176827057545,250.54530999119504,988.9,252.0
2988,1835,9.498510264250058,972.5176827057545,250.54530999119504,988.9,252.0
2989,1835,9.498510264250058,972.5176827057545,250.54530999119504,988.9,252.0
2990,1835,9.498510264250058,972.5176827057545,250.54530999119504,988.9,252.0
2991,1835,9.498510264250058,972.5176827057545,250.54530999119504,988.9,252.0
2992,1835,9.498510264250058,972.5176827057545,250.54530999119504,988.9,252.0
2993,1835,9.498510264250058,972.5176827057545,250.54530999119504,988.9,252.0
2994,1835,9.498510264250058,972.5176827057545,250.54530999119504,988.9,252.0
2995,1835,9.498510264250058,972.5176827057545,250.54530999119504,988.9,252.0
2996,1835,9.498510264250058,972.5176827057545,250.54530999119504,988.9,252.0
2997,1835,9.498510264250058,972.5176827057545,250.54530999119504,988.9,252.0
2998,1835,9.498510264250058,972.5176827057545,250.54530999119504,988.9,252.0
2999,1835,9.498510264250058,972.5176827057545,250.54530999119504,988.9,252.0
3000,1836,0.9927938608411117,972.5176827057545,250.54530999119504,988.9,252.0
3001,1836,0.9927938608411117,972.5176827057545,250.54530999119504,988.9,252.0
3002,1836,0.9927938608411117,972.5176827057545,250.54530999119504,988.9,252.0
3003,1836,0.9927938608411117,972.5176827057545,250.54530999119504,988.9,252.0
3004,1836,0.9927938608411117,972.5176827057545,250.54530999119504,988.9,252.0
3005,1836,0.9927938608411117,972.5176827057545,250.54530999119504,988.9,252.0
3006,1836,0.9927938608411117,972.5176827057545,250.54530999119504,988.9,252.0
3007,1836,0.9927938608411117,972.5176827057545,250.54530999119504,988.9,252.0
3008,1836,0.9927938608411117,972.5176827057545,250.54530999119504,988.9,252.0
3009,1836,0.9927938608411117,972.5176827057545,250.54530999119504,988.9,252.0
3010,1836,0.9927938608411117,972.5176827057545,250.54530999119504,988.9,252.0
3011,1836,0.9927938608411117,972.5176827057545,250.54530999119504,988.9,252.0
3012,1836,0.9927938608411117,972.5176827057545,250.54530999119504,988.9,252.0
3013,1836,0.9927938608411117,972.5176827057545,250.54530999119504,988.9,252.0
3014,1836,0.9927938608411117,972.5176827057545,250.54530999119504,988.9,252.0
3015,1836,0.9927938608411117,972.5176827057545,250.54530999119504,988.9,252.0
3016,1836,0.9927938608411117,972.5176827057545,250.54530999119504,988.9,252.0
3017,1836,0.9927938608411117,972.5176827057545,250.54530999119504,988.9,252.0
3018,1836,0.9927938608411117,972.5176827057545,250.54530999119504,988.9,252.0
3019,1836,0.9927938608411117,972.5176827057545,250.54530999119504,988.9,252.0
3020,1836,0.9927938608411117,972.5176827057545,250.54530999119504,988.9,252.0
3021,1836,0.9927938608411117,972.5176827057545,250.54530999119504,988.9,252.0
3022,1836,0.9927938608411117,972.5176827057545,250.54530999119504,988.9,252.0
3023,1836,0.9927938608411117,972.5176827057545,250.54530999119504,988.9,252.0
3024,1836,0.9927938608411117,972.5176827057545,250.54530999119504,988.9,252.0
3025,1836,0.9927938608411117,972.5176827057545,250.54530999119504,988.9,252.0
3026,1836,0.9927938608411117,972.5176827057545,250.54530999119504,988.9,252.0
3027,1836,0.9927938608411117,972.5176827057545,250.54530999119504,988.9,252.0
3028,1836,0.9927938608411117,972.5176827057545,250.54530999119504,988.9,252.0
3029,1836,0.9927938608411117,972.5176827057545,250.54530999119504,988.9,252.0
3030,1836,0.9927938608411117,972.5176827057545,250.54530999119504,988.9,252.0
3031,1836,0.9927938608411117,972.5176827057545,250.54530999119504,988.9,252.0
3032,1836,0.9927938608411117,972.5176827057545,250.54530999119504,988.9,252.0
3033,1836,13.269844523630685,972.5176827057545,250.54530999119504,988.9,252.0
3034,1836,13.269844523630685,972.5176827057545,250.54530999119504,988.9,252.0
3035,1836,13.269844523630685,972.5176827057545,250.54530999119504,988.9,252.0
3036,1836,13.269844523630685,972.5176827057545,250.54530999119504,976.6083333333333,265.9708333333333
3037,1836,13.269844523630685,972.5176827057545,250.54530999119504,964.3166666666666,279.94166666666666
3038,1836,13.269844523630685,972.5176827057545,250.54530999119504,952.025,293.9125
3039,1836,13.269844523630685,972.5176827057545,250.54530999119504,939.7333333333333,307.8833333333333
3040,1836,13.269844523630685,972.5176827057545,250.54530999119504,927.4416666666666,321.85416666666663
3041,1836,13.269844523630685,972.5176827057545,250.54530999119504,915.15,335.825
3042,1836,13.269844523630685,972.5176827057545,250.54530999119504,902.8583333333333,349.79583333333335
3043,1836,13.269844523630685,972.5176827057545,250.54530999119504,890.5666666666666,363.76666666666665
3044,1836,13.269844523630685,972.5176827057545,250.54530999119504,878.275,377.73749999999995
3045,1836,13.269844523630685,972.5176827057545,250.54530999119504,865.9833333333333,391.7083333333333
3046,1836,13.269844523630685,972.5176827057545,250.54530999119504,853.6916666666666,405.6791666666667
3047,1836,13.269844523630685,972.5176827057545,250.54530999119504,841.4,419.65
3048,1836,13.269844523630685,972.5176827057545,250.54530999119504,829.1083333333333,433.6208333333333
3049,1836,13.269844523630685,972.5176827057545,250.54530999119504,816.8166666666666,447.59166666666664
3050,1836,13.269844523630685,972.5176827057545,250.54530999119504,804.525,461.5625
3051,1836,13.269844523630685,972.5176827057545,250.54530999119504,792.2333333333333,475.5333333333333
3052,1836,13.269844523630685,972.5176827057545,250.54530999119504,779.9416666666666,489.5041666666666
3053,1836,13.269844523630685,972.5176827057545,250.54530999119504,767.65,503.47499999999997
3054,1836,13.269844523630685,972.5176827057545,250.54530999119504,755.3583333333333,517.4458333333333
3055,1836,13.269844523630685,972.5176827057545,250.54530999119504,743.0666666666666,531.4166666666666
3056,1836,13.269844523630685,972.5176827057545,250.54530999119504,730.775,545.3874999999999
3057,1836,13.269844523630685,972.5176827057545,250.54530999119504,718.4833333333333,559.3583333333333
3058,1836,13.269844523630685,972.5176827057545,250.54530999119504,706.1916666666666,573.3291666666667
3059,1836,13.269844523630685,972.5176827057545,250.54530999119504,693.9,587.3
3060,1836,13.269844523630685,972.5176827057545,250.54530999119504,693.9,587.3
3061,1836,13.269844523630685,972.5176827057545,250.54530999119504,693.9,587.3
3062,1836,13.269844523630685,972.5176827057545,250.54530999119504,693.9,587.3
3063,1836,13.269844523630685,972.5176827057545,250.54530999119504,693.9,587.3
3064,1836,13.269844523630685,972.5176827057545,250.54530999119504,693.9,587.3
3065,1836,13.269844523630685,972.5176827057545,250.54530999119504,693.9,587.3
3066,1836,22.098777254243416,972.5176827057545,250.54530999119504,693.9,587.3
3067,1836,22.098777254243416,972.5176827057545,250.54530999119504,693.9,587.3
3068,1836,22.098777254243416,972.5176827057545,250.54530999119504,693.9,587.3
3069,1836,22.098777254243416,972.5176827057545,250.54530999119504,693.9,587.3
3070,1836,22.098777254243416,972.5176827057545,250.54530999119504,693.9,587.3
3071,1836,22.098777254243416,972.5176827057545,250.54530999119504,693.9,587.3
3072,1836,22.098777254243416,972.5176827057545,250.54530999119504,693.9,587.3
3073,1836,22.098777254243416,972.5176827057545,250.54530999119504,693.9,587.3
3074,1836,22.098777254243416,972.5176827057545,250.54530999119504,693.9,587.3
3075,1836,22.098777254243416,972.5176827057545,250.54530999119504,693.9,587.3
3076,1836,22.098777254243416,972.5176827057545,250.54530999119504,693.9,587.3
3077,1836,22.098777254243416,972.5176827057545,250.54530999119504,693.9,587.3
3078,1836,22.098777254243416,972.5176827057545,250.54530999119504,693.9,587.3
3079,1836,22.098777254243416,972.5176827057545,250.54530999119504,693.9,587.3
3080,1836,22.098777254243416,972.5176827057545,250.54530999119504,693.9,587.3
3081,1836,22.098777254243416,972.5176827057545,250.54530999119504,693.9,587.3
3082,1836,22.098777254243416,972.5176827057545,250.54530999119504,693.9,587.3
3083,1836,22.098777254243416,972.5176827057545,250.54530999119504,693.9,587.3
3084,1836,22.098777254243416,972.5176827057545,250.54530999119504,693.9,587.3
3085,1836,22.098777254243416,972.5176827057545,250.54530999119504,693.9,587.3
3086,1836,22.098777254243416,972.5176827057545,250.54530999119504,693.9,587.3
3087,1836,22.098777254243416,972.5176827057545,250.54530999119504,693.9,587.3
3088,1836,22.098777254243416,972.5176827057545,250.54530999119504,693.9,587.3
3089,1836,22.098777254243416,972.5176827057545,250.54530999119504,693.9,587.3
3090,1836,22.098777254243416,972.5176827057545,250.54530999119504,693.9,587.3
3091,1836,22.098777254243416,972.5176827057545,250.54530999119504,693.9,587.3
3092,1836,22.098777254243416,972.5176827057545,250.54530999119504,693.9,587.3
3093,1836,22.098777254243416,972.5176827057545,250.54530999119504,693.9,587.3
3094,1836,22.098777254243416,972.5176827057545,250.54530999119504,693.9,587.3
3095,1836,22.098777254243416,909.5176827057545,342.54530999119504,693.9,587.3
3096,1836,22.098777254243416,909.5176827057545,342.54530999119504,693.9,587.3
3097,1836,22.098777254243416,909.5176827057545,342.54530999119504,693.9,587.3
3098,1836,22.098777254243416,909.5176827057545,342.54530999119504,693.9,587.3
3099,1836,22.098777254243416,909.5176827057545,342.54530999119504,693.9,587.3
3100,1836,22.098777254243416,909.5176827057545,342.54530999119504,693.9,587.3
3101,1836,22.098777254243416,909.5176827057545,342.54530999119504,693.9,587.3
3102,1836,22.098777254243416,909.5176827057545,342.54530999119504,693.9,587.3
3103,1836,22.098777254243416,909.5176827057545,342.54530999119504,693.9,587.3
3104,1836,22.098777254243416,909.5176827057545,342.54530999119504,693.9,587.3
3105,1836,22.098777254243416,909.5176827057545,342.54530999119504,693.9,587.3
3106,1836,22.098777254243416,909.5176827057545,342.54530999119504,693.9,587.3
3107,1836,22.098777254243416,909.5176827057545,342.54530999119504,693.9,587.3
3108,1836,22.098777254243416,909.5176827057545,342.54530999119504,693.9,587.3
3109,1836,22.098777254243416,909.5176827057545,342.54530999119504,693.9,587.3
3110,1836,22.098777254243416,909.5176827057545,342.54530999119504,693.9,587.3
3111,1836,22.098777254243416,909.5176827057545,342.54530999119504,693.9,587.3
3112,1836,22.098777254243416,909.5176827057545,342.54530999119504,693.9,587.3
3113,1836,22.098777254243416,909.5176827057545,342.54530999119504,693.9,587.3
3114,1836,22.098777254243416,909.5176827057545,342.54530999119504,693.9,587.3
3115,1836,22.098777254243416,909.5176827057545,342.54530999119504,693.9,587.3
3116,1836,22.098777254243416,909.5176827057545,342.54530999119504,693.9,587.3
3117,1836,22.098777254243416,909.5176827057545,342.54530999119504,693.9,587.3
3118,1836,22.098777254243416,909.5176827057545,342.54530999119504,693.9,587.3
3119,1836,22.098777254243416,909.5176827057545,342.54530999119504,693.9,587.3
3120,1836,22.098777254243416,909.5176827057545,342.54530999119504,693.9,587.3
3121,1836,22.098777254243416,909.5176827057545,342.54530999119504,693.9,587.3
3122,1836,22.098777254243416,909.5176827057545,342.54530999119504,693.9,587.3
3123,1836,22.098777254243416,909.5176827057545,342.54530999119504,693.9,587.3
3124,1836,22.098777254243416,909.5176827057545,342.54530999119504,693.9,587.3
3125,1836,22.098777254243416,909.5176827057545,342.54530999119504,693.9,587.3
3126,1836,22.098777254243416,909.5176827057545,342.54530999119504,693.9,587.3
3127,1836,22.098777254243416,909.5176827057545,342.54530999119504,693.9,587.3
3128,1836,22.098777254243416,845.5176827057545,433.54530999119504,693.9,587.3
3129,1836,22.098777254243416,845.5176827057545,433.54530999119504,693.9,587.3
3130,1836,22.098777254243416,845.5176827057545,433.54530999119504,693.9,587.3
3131,1836,22.098777254243416,845.5176827057545,433.54530999119504,693.9,587.3
3132,1836,22.098777254243416,845.5176827057545,433.54530999119504,693.9,587.3
3133,1836,22.098777254243416,845.5176827057545,433.54530999119504,693.9,587.3
3134,1836,22.098777254243416,845.5176827057545,433.54530999119504,693.9,587.3
3135,1836,22.098777254243416,845.5176827057545,433.54530999119504,693.9,587.3
3136,1836,22.098777254243416,845.5176827057545,433.54530999119504,693.9,587.3
3137,1836,22.098777254243416,845.5176827057545,433.54530999119504,693.9,587.3
3138,1836,22.098777254243416,845.5176827057545,433.54530999119504,693.9,587.3
3139,1836,22.098777254243416,845.5176827057545,433.54530999119504,693.9,587.3
3140,1836,22.098777254243416,845.5176827057545,433.54530999119504,693.9,587.3
3141,1836,22.098777254243416,845.5176827057545,433.54530999119504,693.9,587.3
3142,1836,22.098777254243416,845.5176827057545,433.54530999119504,693.9,587.3
3143,1836,22.098777254243416,845.5176827057545,433.54530999119504,693.9,587.3
3144,1836,22.098777254243416,845.5176827057545,433.54530999119504,693.9,587.3
3145,1836,22.098777254243416,845.5176827057545,433.54530999119504,693.9,587.3
3146,1836,22.098777254243416,845.5176827057545,433.54530999119504,693.9,587.3
3147,1836,22.098777254243416,845.5176827057545,433.54530999119504,693.9,587.3
3148,1836,22.098777254243416,845.5176827057545,433.54530999119504,693.9,587.3
3149,1836,22.098777254243416,845.5176827057545,433.54530999119504,693.9,587.3
3150,1836,22.098777254243416,845.5176827057545,433.54530999119504,693.9,587.3
3151,1836,22.098777254243416,845.5176827057545,433.54530999119504,693.9,587.3
3152,1836,22.098777254243416,845.5176827057545,433.54530999119504,693.9,587.3
3153,1836,22.098777254243416,845.5176827057545,433.54530999119504,693.9,587.3
3154,1836,22.098777254243416,845.5176827057545,433.54530999119504,693.9,587.3
3155,1836,22.098777254243416,845.5176827057545,433.54530999119504,693.9,587.3
3156,1836,22.098777254243416,845.5176827057545,433.54530999119504,693.9,587.3
3157,1836,22.098777254243416,845.5176827057545,433.54530999119504,693.9,587.3
3158,1836,22.098777254243416,845.5176827057545,433.54530999119504,693.9,587.3
3159,1836,22.098777254243416,845.5176827057545,433.54530999119504,693.9,587.3
3160,1836,22.098777254243416,845.5176827057545,433.54530999119504,693.9,587.3
3161,1836,22.098777254243416,845.5176827057545,433.54530999119504,693.9,587.3
3162,1836,22.098777254243416,781.5176827057545,525.545309991195,693.9,587.3
3163,1836,22.098777254243416,781.5176827057545,525.545309991195,693.9,587.3
3164,1836,22.098777254243416,781.5176827057545,525.545309991195,693.9,587.3
3165,1836,22.098777254243416,781.5176827057545,525.545309991195,693.9,587.3
3166,1836,26.72597794598055,781.5176827057545,525.545309991195,693.9,587.3
3167,1836,26.72597794598055,781.5176827057545,525.545309991195,693.9,587.3
3168,1836,26.72597794598055,781.5176827057545,525.545309991195,693.9,587.3
3169,1836,26.72597794598055,781.5176827057545,525.545309991195,693.9,587.3
3170,1836,26.72597794598055,781.5176827057545,525.545309991195,693.0,594.04
3171,1836,26.72597794598055,781.5176827057545,525.545309991195,692.1,600.78
3172,1836,26.72597794598055,781.5176827057545,525.545309991195,691.1999999999999,607.52
3173,1836,26.72597794598055,781.5176827057545,525.545309991195,690.3,614.26
3174,1836,26.72597794598055,781.5176827057545,525.545309991195,689.4,621.0
3175,1836,26.72597794598055,781.5176827057545,525.545309991195,688.5,627.74
3176,1836,26.72597794598055,781.5176827057545,525.545309991195,687.6,634.48
3177,1836,26.72597794598055,781.5176827057545,525.545309991195,686.6999999999999,641.2199999999999
3178,1836,26.72597794598055,781.5176827057545,525.545309991195,685.8,647.9599999999999
3179,1836,26.72597794598055,781.5176827057545,525.545309991195,684.9,654.6999999999999
3180,1836,26.72597794598055,781.5176827057545,525.545309991195,684.0,661.4399999999999
3181,1836,26.72597794598055,781.5176827057545,525.545309991195,683.1,668.18
3182,1836,26.72597794598055,781.5176827057545,525.545309991195,682.1999999999999,674.92
3183,1836,26.72597794598055,781.5176827057545,525.545309991195,681.3,681.66
3184,1836,26.72597794598055,781.5176827057545,525.545309991195,680.4,688.4
3185,1836,26.72597794598055,781.5176827057545,525.545309991195,680.4,688.4
3186,1836,26.72597794598055,781.5176827057545,525.545309991195,680.4,688.4
3187,1836,26.72597794598055,781.5176827057545,525.545309991195,680.4,688.4
3188,1836,26.72597794598055,781.5176827057545,525.545309991195,680.4,688.4
3189,1836,26.72597794598055,781.5176827057545,525.545309991195,680.4,688.4
3190,1836,26.72597794598055,781.5176827057545,525.545309991195,680.4,688.4
3191,1836,26.72597794598055,781.5176827057545,525.545309991195,680.4,688.4
3192,1836,26.72597794598055,781.5176827057545,525.545309991195,680.4,688.4
3193,1836,26.72597794598055,781.5176827057545,525.545309991195,680.4,688.4
3194,1836,26.72597794598055,781.5176827057545,525.545309991195,680.4,688.4
3195,1836,26.72597794598055,717.5176827057545,617.545309991195,680.4,688.4
3196,1836,26.72597794598055,717.5176827057545,617.545309991195,680.4,688.4
3197,1836,26.72597794598055,717.5176827057545,617.545309991195,680.4,688.4
3198,1836,26.72597794598055,717.5176827057545,617.545309991195,680.4,688.4
3199,1836,26.72597794598055,717.5176827057545,617.545309991195,680.4,688.4
3200,1836,26.72597794598055,717.5176827057545,617.545309991195,680.4,688.4
3201,1836,26.72597794598055,717.5176827057545,617.545309991195,680.4,688.4
3202,1836,26.72597794598055,717.5176827057545,617.545309991195,680.4,688.4
3203,1836,26.72597794598055,717.5176827057545,617.545309991195,680.4,688.4
3204,1836,26.72597794598055,717.5176827057545,617.545309991195,680.4,688.4
3205,1836,26.72597794598055,717.5176827057545,617.545309991195,680.4,688.4
3206,1836,26.72597794598055,717.5176827057545,617.545309991195,680.4,688.4
3207,1836,26.72597794598055,717.5176827057545,617.545309991195,680.4,688.4
3208,1836,26.72597794598055,717.5176827057545,617.545309991195,680.4,688.4
3209,1836,26.72597794598055,717.5176827057545,617.545309991195,680.4,688.4
3210,1836,26.72597794598055,717.5176827057545,617.545309991195,680.4,688.4
3211,1836,26.72597794598055,717.5176827057545,617.545309991195,680.4,688.4
3212,1836,26.72597794598055,717.5176827057545,617.545309991195,680.4,688.4
3213,1836,26.72597794598055,717.5176827057545,617.545309991195,680.4,688.4
3214,1836,26.72597794598055,717.5176827057545,617.545309991195,680.4,688.4
3215,1836,26.72597794598055,717.5176827057545,617.545309991195,680.4,688.4
3216,1836,26.72597794598055,717.5176827057545,617.545309991195,680.4,688.4
3217,1836,26.72597794598055,717.5176827057545,617.545309991195,680.4,688.4
3218,1836,26.72597794598055,717.5176827057545,617.545309991195,680.4,688.4
3219,1836,26.72597794598055,717.5176827057545,617.545309991195,680.4,688.4
3220,1836,26.72597794598055,717.5176827057545,617.545309991195,680.4,688.4
3221,1836,26.72597794598055,717.5176827057545,617.545309991195,680.4,688.4
3222,1836,26.72597794598055,717.5176827057545,617.545309991195,680.4,688.4
3223,1836,26.72597794598055,717.5176827057545,617.545309991195,680.4,688.4
3224,1836,26.72597794598055,717.5176827057545,617.545309991195,680.4,688.4
3225,1836,26.72597794598055,717.5176827057545,617.545309991195,680.4,688.4
3226,1836,26.72597794598055,717.5176827057545,617.545309991195,680.4,688.4
3227,1836,26.72597794598055,717.5176827057545,617.545309991195,680.4,688.4
3228,1836,26.72597794598055,654.5176827057545,709.545309991195,680.4,688.4
3229,1836,26.72597794598055,654.5176827057545,709.545309991195,680.4,688.4
3230,1836,26.72597794598055,654.5176827057545,709.545309991195,680.4,688.4
3231,1836,26.72597794598055,654.5176827057545,709.545309991195,680.4,688.4
3232,1836,26.72597794598055,654.5176827057545,709.545309991195,680.4,688.4
3233,1836,26.72597794598055,654.5176827057545,709.545309991195,680.4,688.4
3234,1836,26.72597794598055,654.5176827057545,709.545309991195,680.4,688.4
3235,1836,26.72597794598055,654.5176827057545,709.545309991195,680.4,688.4
3236,1836,26.72597794598055,654.5176827057545,709.545309991195,680.4,688.4
3237,1836,26.72597794598055,654.5176827057545,709.545309991195,680.4,688.4
3238,1836,26.72597794598055,654.5176827057545,709.545309991195,680.4,688.4
3239,1836,26.72597794598055,654.5176827057545,709.545309991195,680.4,688.4
3240,1836,26.72597794598055,654.5176827057545,709.545309991195,680.4,688.4
3241,1836,26.72597794598055,654.5176827057545,709.545309991195,680.4,688.4
3242,1836,26.72597794598055,654.5176827057545,709.545309991195,680.4,688.4
3243,1836,26.72597794598055,654.5176827057545,709.545309991195,680.4,688.4
3244,1836,26.72597794598055,654.5176827057545,709.545309991195,680.4,688.4
3245,1836,26.72597794598055,654.5176827057545,709.545309991195,680.4,688.4
3246,1836,26.72597794598055,654.5176827057545,709.545309991195,680.4,688.4
3247,1836,26.72597794598055,654.5176827057545,709.545309991195,680.4,688.4
3248,1836,26.72597794598055,654.5176827057545,709.545309991195,680.4,688.4
3249,1836,26.72597794598055,654.5176827057545,709.545309991195,680.4,688.4
3250,1836,26.72597794598055,654.5176827057545,709.545309991195,680.4,688.4
3251,1836,26.72597794598055,654.5176827057545,709.545309991195,680.4,688.4
3252,1836,26.72597794598055,654.5176827057545,709.545309991195,680.4,688.4
3253,1836,26.72597794598055,654.5176827057545,709.545309991195,680.4,688.4
3254,1836,26.72597794598055,654.5176827057545,709.545309991195,680.4,688.4
3255,1836,26.72597794598055,654.5176827057545,709.545309991195,680.4,688.4
3256,1836,26.72597794598055,654.5176827057545,709.545309991195,680.4,688.4
3257,1836,26.72597794598055,654.5176827057545,709.545309991195,680.4,688.4
3258,1836,26.72597794598055,654.5176827057545,709.545309991195,680.4,688.4
3259,1836,26.72597794598055,654.5176827057545,709.545309991195,680.4,688.4
3260,1836,26.72597794598055,654.5176827057545,709.545309991195,680.4,688.4
3261,1836,26.72597794598055,654.5176827057545,709.545309991195,680.4,688.4
3262,1836,26.72597794598055,654.5176827057545,709.545309991195,680.4,688.4
3263,1836,26.72597794598055,654.5176827057545,709.545309991195,680.4,688.4
3264,1836,26.72597794598055,654.5176827057545,709.545309991195,680.4,688.4
3265,1836,26.72597794598055,654.5176827057545,709.545309991195,680.4,688.4
3266,1836,26.72597794598055,654.5176827057545,709.545309991195,680.4,688.4
3267,1836,26.72597794598055,654.5176827057545,709.545309991195,680.4,688.4
3268,1836,26.72597794598055,654.5176827057545,709.545309991195,680.4,688.4
3269,1836,26.72597794598055,654.5176827057545,709.545309991195,680.4,688.4
3270,1836,26.72597794598055,654.5176827057545,709.545309991195,680.4,688.4
3271,1836,26.72597794598055,654.5176827057545,709.545309991195,680.4,688.4
3272,1836,26.72597794598055,654.5176827057545,709.545309991195,680.4,688.4
3273,1836,26.72597794598055,654.5176827057545,709.545309991195,680.4,688.4
3274,1836,26.72597794598055,654.5176827057545,709.545309991195,680.4,688.4
3275,1836,26.72597794598055,654.5176827057545,709.545309991195,680.4,688.4
3276,1836,26.72597794598055,654.5176827057545,709.545309991195,680.4,688.4
3277,1836,26.72597794598055,654.5176827057545,709.545309991195,680.4,688.4
3278,1836,26.72597794598055,654.5176827057545,709.545309991195,680.4,688.4
3279,1836,26.72597794598055,654.5176827057545,709.545309991195,680.4,688.4
3280,1836,26.72597794598055,654.5176827057545,709.545309991195,680.4,688.4
3281,1836,26.72597794598055,654.5176827057545,709.545309991195,680.4,688.4
3282,1836,26.72597794598055,654.5176827057545,709.545309991195,680.4,688.4
3283,1836,26.72597794598055,654.5176827057545,709.545309991195,680.4,688.4
3284,1836,26.72597794598055,654.5176827057545,709.545309991195,680.4,688.4
3285,1836,26.72597794598055,654.5176827057545,709.545309991195,680.4,688.4
3286,1836,26.72597794598055,654.5176827057545,709.545309991195,680.4,688.4
3287,1836,26.72597794598055,654.5176827057545,709.545309991195,680.4,688.4
3288,1836,26.72597794598055,654.5176827057545,709.545309991195,680.4,688.4
3289,1836,26.72597794598055,654.5176827057545,709.545309991195,680.4,688.4
3290,1836,26.72597794598055,654.5176827057545,709.545309991195,680.4,688.4
3291,1836,26.72597794598055,654.5176827057545,709.545309991195,680.4,688.4
3292,1836,26.72597794598055,654.5176827057545,709.545309991195,698.5391304347826,689.295652173913
3293,1836,26.72597794598055,654.5176827057545,709.545309991195,716.6782608695652,690.1913043478261
3294,1836,26.72597794598055,654.5176827057545,709.545309991195,734.8173913043478,691.0869565217391
3295,1836,26.72597794598055,654.5176827057545,709.545309991195,752.9565217391304,691.9826086956522
3296,1836,26.72597794598055,654.5176827057545,709.545309991195,771.095652173913,692.8782608695652
3297,1836,26.72597794598055,654.5176827057545,709.545309991195,789.2347826086956,693.7739130434783
3298,1836,26.72597794598055,654.5176827057545,709.545309991195,807.3739130434782,694.6695652173913
3299,1836,26.72597794598055,654.5176827057545,709.545309991195,825.5130434782608,695.5652173913044
3300,1836,26.72597794598055,654.5176827057545,709.545309991195,843.6521739130434,696.4608695652174
3301,1836,26.72597794598055,654.5176827057545,709.545309991195,861.791304347826,697.3565217391305
3302,1836,26.72597794598055,654.5176827057545,709.545309991195,879.9304347826086,698.2521739130435
3303,1836,26.72597794598055,654.5176827057545,709.545309991195,898.0695652173913,699.1478260869565
3304,1836,26.72597794598055,654.5176827057545,709.545309991195,916.2086956521739,700.0434782608695
3305,1836,26.72597794598055,654.5176827057545,709.545309991195,934.3478260869565,700.9391304347826
3306,1836,26.72597794598055,654.5176827057545,709.545309991195,952.4869565217391,701.8347826086956
3307,1836,26.72597794598055,654.5176827057545,709.545309991195,970.6260869565217,702.7304347826087
3308,1836,26.72597794598055,654.5176827057545,709.545309991195,988.7652173913043,703.6260869565217
3309,1836,26.72597794598055,654.5176827057545,709.545309991195,1006.9043478260869,704.5217391304348
3310,1836,26.72597794598055,654.5176827057545,709.545309991195,1025.0434782608695,705.4173913043478
3311,1836,26.72597794598055,654.5176827057545,709.545309991195,1043.182608695652,706.3130434782609
3312,1836,26.72597794598055,654.5176827057545,709.545309991195,1061.3217391304347,707.2086956521739
3313,1836,26.72597794598055,654.5176827057545,709.545309991195,1079.4608695652173,708.104347826087
3314,1836,26.72597794598055,654.5176827057545,709.545309991195,1097.6,709.0
3315,1836,26.72597794598055,654.5176827057545,709.545309991195,1097.6,709.0
3316,1836,26.72597794598055,654.5176827057545,709.545309991195,1097.6,709.0
3317,1836,26.72597794598055,654.5176827057545,709.545309991195,1097.6,709.0
3318,1836,26.72597794598055,654.5176827057545,709.545309991195,1097.6,709.0
3319,1836,26.72597794598055,654.5176827057545,709.545309991195,1097.6,709.0
3320,1836,26.72597794598055,654.5176827057545,709.545309991195,1097.6,709.0
3321,1836,26.72597794598055,654.5176827057545,709.545309991195,1097.6,709.0
3322,1836,26.72597794598055,654.5176827057545,709.545309991195,1097.6,709.0
3323,1836,26.72597794598055,654.5176827057545,709.545309991195,1097.6,709.0
3324,1836,26.72597794598055,654.5176827057545,709.545309991195,1097.6,709.0
3325,1836,26.72597794598055,654.5176827057545,709.545309991195,1097.6,709.0
3326,1836,26.72597794598055,654.5176827057545,709.545309991195,1097.6,709.0
3327,1836,26.72597794598055,654.5176827057545,709.545309991195,1097.6,709.0
3328,1836,26.72597794598055,654.5176827057545,709.545309991195,1097.6,709.0
3329,1836,26.72597794598055,654.5176827057545,709.545309991195,1097.6,709.0
3330,1837,32.44723770951178,654.5176827057545,709.545309991195,1097.6,709.0
3331,1838,37.71424704957011,654.5176827057545,709.545309991195,1097.6,709.0
3332,1839,42.50091738373047,654.5176827057545,709.545309991195,1097.6,709.0
3333,1840,136.32874085320117,654.5176827057545,709.545309991195,1097.6,709.0
3334,1841,132.46720069233953,654.5176827057545,709.545309991195,1097.6,709.0
3335,1842,129.018513214182,654.5176827057545,709.545309991195,1097.6,709.0
3336,1843,125.94113235101933,654.5176827057545,709.545309991195,1097.6,709.0
3337,1844,123.193297180902,654.5176827057545,709.545309991195,1097.6,709.0
3338,1845,120.735562430429,654.5176827057545,709.545309991195,1097.6,709.0
3339,1846,118.53204049587158,654.5176827057545,709.545309991195,1097.6,709.0
3340,1847,118.53204049587158,654.5176827057545,709.545309991195,1097.6,709.0
3341,1848,118.53204049587158,654.5176827057545,709.545309991195,1097.6,709.0
3342,1849,118.53204049587158,654.5176827057545,709.545309991195,1097.6,709.0
3343,1850,118.53204049587158,654.5176827057545,709.545309991195,1097.6,709.0
3344,1851,118.53204049587158,654.5176827057545,709.545309991195,1097.6,709.0
3345,1852,118.53204049587158,654.5176827057545,709.545309991195,1097.6,709.0
3346,1853,118.53204049587158,654.5176827057545,709.545309991195,1097.6,709.0
3347,1854,118.53204049587158,654.5176827057545,709.545309991195,1097.6,709.0
3348,1855,118.53204049587158,654.5176827057545,709.545309991195,1097.6,709.0
3349,1856,118.53204049587158,654.5176827057545,709.545309991195,1097.6,709.0
3350,1857,118.53204049587158,654.5176827057545,709.545309991195,1097.6,709.0
3351,1858,118.53204049587158,654.5176827057545,709.545309991195,1097.6,709.0
3352,1859,118.53204049587158,654.5176827057545,709.545309991195,1097.6,709.0
3353,1860,118.53204049587158,654.5176827057545,709.545309991195,1097.6,709.0
3354,1861,118.53204049587158,654.5176827057545,709.545309991195,1097.6,709.0
3355,1862,118.53204049587158,654.5176827057545,709.545309991195,1097.6,709.0
3356,1863,118.53204049587158,654.5176827057545,709.545309991195,1097.6,709.0
3357,1864,118.53204049587158,654.5176827057545,709.545309991195,1097.6,709.0
3358,1865,118.53204049587158,654.5176827057545,709.545309991195,1097.6,709.0
3359,1866,118.53204049587158,654.5176827057545,709.545309991195,1097.6,709.0
3360,1867,118.53204049587158,654.5176827057545,709.545309991195,1097.6,709.0
3361,1868,118.53204049587158,654.5176827057545,709.545309991195,1097.6,709.0
3362,1869,118.53204049587158,654.5176827057545,709.545309991195,1097.6,709.0
3363,1870,118.53204049587158,654.5176827057545,709.545309991195,1097.6,709.0
3364,1871,118.53204049587158,654.5176827057545,709.545309991195,1097.6,709.0
3365,1872,118.53204049587158,654.5176827057545,709.545309991195,1097.6,709.0
3366,1873,117.17989882907561,654.5176827057545,709.545309991195,1097.6,709.0
3367,1874,117.17989882907561,654.5176827057545,709.545309991195,1097.6,709.0
3368,1875,117.17989882907561,654.5176827057545,709.545309991195,1097.6,709.0
3369,1876,117.17989882907561,654.5176827057545,709.545309991195,1097.6,709.0
3370,1877,117.17989882907561,1005.5176827057545,686.545309991195,1097.6,709.0
3371,1878,117.17989882907561,1005.5176827057545,686.545309991195,1097.6,709.0
3372,1879,117.17989882907561,1005.5176827057545,686.545309991195,1097.6,709.0
3373,1880,117.17989882907561,1005.5176827057545,686.545309991195,1097.6,709.0
3374,1881,117.17989882907561,1005.5176827057545,686.545309991195,1097.6,709.0
3375,1882,117.17989882907561,1005.5176827057545,686.545309991195,1097.6,709.0
3376,1883,117.17989882907561,1005.5176827057545,686.545309991195,1097.6,709.0
3377,1884,117.17989882907561,1005.5176827057545,686.545309991195,1097.6,709.0
3378,1885,117.17989882907561,1005.5176827057545,686.545309991195,1097.6,709.0
3379,1886,117.17989882907561,1005.5176827057545,686.545309991195,1097.6,709.0
3380,1887,117.17989882907561,1005.5176827057545,686.545309991195,1097.6,709.0
3381,1888,117.17989882907561,1005.5176827057545,686.545309991195,1097.6,709.0
3382,1889,117.17989882907561,1005.5176827057545,686.545309991195,1097.6,709.0
3383,1890,117.17989882907561,1005.5176827057545,686.545309991195,1097.6,709.0
3384,1891,117.17989882907561,1005.5176827057545,686.545309991195,1097.6,709.0
3385,1892,117.17989882907561,1005.5176827057545,686.545309991195,1097.6,709.0
3386,1893,117.17989882907561,1005.5176827057545,686.545309991195,1097.6,709.0
3387,1894,117.17989882907561,1005.5176827057545,686.545309991195,1097.6,709.0
3388,1895,117.17989882907561,1005.5176827057545,686.545309991195,1097.6,709.0
3389,1896,117.17989882907561,1005.5176827057545,686.545309991195,1097.6,709.0
3390,1897,117.17989882907561,1005.5176827057545,686.545309991195,1097.6,709.0
3391,1898,117.17989882907561,1005.5176827057545,686.545309991195,1097.6,709.0
3392,1899,117.17989882907561,1005.5176827057545,686.545309991195,1097.6,709.0
3393,1900,117.17989882907561,1005.5176827057545,686.545309991195,1097.6,709.0
3394,1901,117.17989882907561,1005.5176827057545,686.545309991195,1097.6,709.0
3395,1902,117.17989882907561,1005.5176827057545,686.545309991195,1097.6,709.0
3396,1903,117.17989882907561,1005.5176827057545,686.545309991195,1097.6,709.0
3397,1904,117.17989882907561,1005.5176827057545,686.545309991195,1097.6,709.0
3398,1905,117.17989882907561,1005.5176827057545,686.545309991195,1097.6,709.0
3399,1906,117.17989882907561,1005.5176827057545,686.545309991195,1097.6,709.0
3400,1907,117.17989882907561,1005.5176827057545,686.545309991195,1097.6,709.0
3401,1908,117.17989882907561,1005.5176827057545,686.545309991195,1097.6,709.0
3402,1909,117.17989882907561,1005.5176827057545,686.545309991195,1097.6,709.0
3403,1910,117.17989882907561,1005.5176827057545,686.545309991195,1097.6,709.0
3404,1911,117.17989882907561,1005.5176827057545,686.545309991195,1097.6,709.0
3405,1912,117.17989882907561,1005.5176827057545,686.545309991195,1097.6,709.0
3406,1913,117.17989882907561,1005.5176827057545,686.545309991195,1097.6,709.0
3407,1914,117.17989882907561,1005.5176827057545,686.545309991195,1088.3692307692306,706.6923076923077
3408,1915,117.17989882907561,1005.5176827057545,686.545309991195,1079.1384615384616,704.3846153846154
3409,1916,117.17989882907561,1005.5176827057545,686.545309991195,1069.9076923076923,702.0769230769231
3410,1917,117.17989882907561,1005.5176827057545,686.545309991195,1060.676923076923,699.7692307692307
3411,1918,117.17989882907561,1005.5176827057545,686.545309991195,1051.4461538461537,697.4615384615385
3412,1919,117.17989882907561,1005.5176827057545,686.545309991195,1042.2153846153847,695.1538461538462
3413,1920,117.17989882907561,1005.5176827057545,686.545309991195,1032.9846153846154,692.8461538461538
3414,1921,117.17989882907561,1005.5176827057545,686.545309991195,1023.7538461538461,690.5384615384615
3415,1922,117.17989882907561,1005.5176827057545,686.545309991195,1014.5230769230769,688.2307692307693
3416,1923,117.17989882907561,1005.5176827057545,686.545309991195,1005.2923076923076,685.9230769230769
3417,1924,117.17989882907561,1005.5176827057545,686.545309991195,996.0615384615385,683.6153846153846
3418,1925,117.17989882907561,1005.5176827057545,686.545309991195,986.8307692307692,681.3076923076923
3419,1926,117.17989882907561,1005.5176827057545,686.545309991195,977.6,679.0
3420,1927,117.17989882907561,1005.5176827057545,686.545309991195,977.6,679.0
3421,1928,117.17989882907561,1005.5176827057545,686.545309991195,977.6,679.0
3422,1929,117.17989882907561,1005.5176827057545,686.545309991195,977.6,679.0
3423,1930,117.17989882907561,1005.5176827057545,686.545309991195,977.6,679.0
3424,1931,117.17989882907561,1005.5176827057545,686.545309991195,977.6,679.0
3425,1932,117.17989882907561,1005.5176827057545,686.545309991195,977.6,679.0
3426,1933,117.17989882907561,1005.5176827057545,686.545309991195,977.6,679.0
3427,1934,117.17989882907561,1005.5176827057545,686.545309991195,977.6,679.0
3428,1935,117.17989882907561,958.5176827057545,712.545309991195,977.6,679.0
3429,1936,117.17989882907561,958.5176827057545,712.545309991195,977.6,679.0
3430,1937,117.17989882907561,958.5176827057545,712.545309991195,977.6,679.0
3431,1938,117.17989882907561,958.5176827057545,712.545309991195,977.6,679.0
3432,1939,117.17989882907561,958.5176827057545,712.545309991195,977.6,679.0
3433,1940,117.17989882907561,958.5176827057545,712.545309991195,977.6,679.0
3434,1941,117.17989882907561,958.5176827057545,712.545309991195,977.6,679.0
3435,1942,117.17989882907561,958.5176827057545,712.545309991195,977.6,679.0
3436,1943,117.17989882907561,958.5176827057545,712.545309991195,977.6,679.0
3437,1944,117.17989882907561,958.5176827057545,712.545309991195,977.6,679.0
3438,1945,117.17989882907561,958.5176827057545,712.545309991195,977.6,679.0
3439,1946,117.17989882907561,958.5176827057545,712.545309991195,977.6,679.0
3440,1947,117.17989882907561,958.5176827057545,712.545309991195,977.6,679.0
3441,1948,117.17989882907561,958.5176827057545,712.545309991195,977.6,679.0
3442,1949,117.17989882907561,958.5176827057545,712.545309991195,977.6,679.0
3443,1950,117.17989882907561,958.5176827057545,712.545309991195,977.6,679.0
3444,1951,117.17989882907561,958.5176827057545,712.545309991195,977.6,679.0
3445,1952,117.17989882907561,958.5176827057545,712.545309991195,977.6,679.0
3446,1953,117.17989882907561,958.5176827057545,712.545309991195,977.6,679.0
3447,1954,117.17989882907561,958.5176827057545,712.545309991195,977.6,679.0
3448,1955,117.17989882907561,958.5176827057545,712.545309991195,977.6,679.0
3449,1956,117.17989882907561,958.5176827057545,712.545309991195,977.6,679.0
3450,1957,117.17989882907561,958.5176827057545,712.545309991195,977.6,679.0
3451,1958,117.17989882907561,958.5176827057545,712.545309991195,977.6,679.0
3452,1959,117.17989882907561,958.5176827057545,712.545309991195,977.6,679.0
3453,1960,117.17989882907561,958.5176827057545,712.545309991195,977.6,679.0
3454,1961,117.17989882907561,958.5176827057545,712.545309991195,977.6,679.0
3455,1962,117.17989882907561,958.5176827057545,712.545309991195,977.6,679.0
3456,1963,117.17989882907561,958.5176827057545,712.545309991195,977.6,679.0
3457,1964,117.17989882907561,958.5176827057545,712.545309991195,977.6,679.0
3458,1965,117.17989882907561,958.5176827057545,712.545309991195,977.6,679.0
3459,1966,117.17989882907561,958.5176827057545,712.545309991195,977.6,679.0
3460,1967,117.17989882907561,958.5176827057545,712.545309991195,977.6,679.0
3461,1968,117.17989882907561,958.5176827057545,712.545309991195,977.6,679.0
3462,1969,117.17989882907561,910.5176827057545,738.545309991195,977.6,679.0
3463,1970,117.17989882907561,910.5176827057545,738.545309991195,977.6,679.0
3464,1971,117.17989882907561,910.5176827057545,738.545309991195,977.6,679.0
3465,1972,117.17989882907561,910.5176827057545,738.545309991195,977.6,679.0
3466,1973,117.17989882907561,910.5176827057545,738.545309991195,977.6,679.0
3467,1974,117.17989882907561,910.5176827057545,738.545309991195,977.6,679.0
3468,1975,117.17989882907561,910.5176827057545,738.545309991195,977.6,679.0
3469,1975,117.17989882907561,910.5176827057545,738.545309991195,977.6,679.0
3470,1975,117.17989882907561,910.5176827057545,738.545309991195,977.6,679.0
3471,1975,117.17989882907561,910.5176827057545,738.545309991195,977.6,679.0
3472,1975,117.17989882907561,910.5176827057545,738.545309991195,977.6,679.0
3473,1975,117.17989882907561,910.5176827057545,738.545309991195,977.6,679.0
3474,1975,117.17989882907561,910.5176827057545,738.545309991195,977.6,679.0
3475,1975,117.17989882907561,910.5176827057545,738.545309991195,977.6,679.0
3476,1975,117.17989882907561,910.5176827057545,738.545309991195,977.6,679.0
3477,1975,117.17989882907561,910.5176827057545,738.545309991195,977.6,679.0
3478,1975,117.17989882907561,910.5176827057545,738.545309991195,977.6,679.0
3479,1975,117.17989882907561,910.5176827057545,738.545309991195,977.6,679.0
3480,1975,117.17989882907561,910.5176827057545,738.545309991195,979.0727272727273,661.7590909090909
3481,1975,117.17989882907561,910.5176827057545,738.545309991195,980.5454545454546,644.5181818181818
3482,1975,117.17989882907561,910.5176827057545,738.545309991195,982.0181818181818,627.2772727272727
3483,1975,117.17989882907561,910.5176827057545,738.545309991195,983.4909090909091,610.0363636363636
3484,1975,117.17989882907561,910.5176827057545,738.545309991195,984.9636363636364,592.7954545454545
3485,1975,117.17989882907561,910.5176827057545,738.545309991195,986.4363636363637,575.5545454545454
3486,1975,117.17989882907561,910.5176827057545,738.545309991195,987.9090909090909,558.3136363636363
3487,1975,117.17989882907561,910.5176827057545,738.545309991195,989.3818181818182,541.0727272727272
3488,1975,117.17989882907561,910.5176827057545,738.545309991195,990.8545454545455,523.8318181818181
3489,1975,117.17989882907561,910.5176827057545,738.545309991195,992.3272727272728,506.59090909090907
3490,1975,117.17989882907561,910.5176827057545,738.545309991195,993.8,489.35
3491,1975,117.17989882907561,910.5176827057545,738.545309991195,995.2727272727273,472.1090909090909
3492,1975,117.17989882907561,910.5176827057545,738.545309991195,996.7454545454545,454.8681818181818
3493,1975,117.17989882907561,910.5176827057545,738.545309991195,998.2181818181818,437.6272727272727
3494,1975,117.17989882907561,910.5176827057545,738.545309991195,999.6909090909091,420.3863636363636
3495,1975,117.17989882907561,862.5176827057545,764.545309991195,1001.1636363636363,403.1454545454545
3496,1975,117.17989882907561,862.5176827057545,764.545309991195,1002.6363636363636,385.9045454545454
3497,1975,117.17989882907561,862.5176827057545,764.545309991195,1004.1090909090909,368.66363636363633
3498,1975,117.17989882907561,862.5176827057545,764.545309991195,1005.5818181818182,351.42272727272723
3499,1975,117.17989882907561,862.5176827057545,764.545309991195,1007.0545454545454,334.18181818181813
3500,1975,117.17989882907561,862.5176827057545,764.545309991195,1008.5272727272727,316.9409090909091
3501,1975,117.17989882907561,862.5176827057545,764.545309991195,1010.0,299.7
3502,1975,117.17989882907561,862.5176827057545,764.545309991195,1010.0,299.7
3503,1975,117.17989882907561,862.5176827057545,764.545309991195,1010.0,299.7
3504,1975,117.17989882907561,862.5176827057545,764.545309991195,1010.0,299.7
3505,1975,117.17989882907561,862.5176827057545,764.545309991195,1010.0,299.7
3506,1975,117.17989882907561,862.5176827057545,764.545309991195,1010.0,299.7
3507,1975,117.17989882907561,862.5176827057545,764.545309991195,1010.0,299.7
3508,1975,117.17989882907561,862.5176827057545,764.545309991195,1010.0,299.7
3509,1975,117.17989882907561,862.5176827057545,764.545309991195,1010.0,299.7
3510,1975,117.17989882907561,862.5176827057545,764.545309991195,1010.0,299.7
3511,1975,117.17989882907561,862.5176827057545,764.545309991195,1010.0,299.7
3512,1975,117.17989882907561,862.5176827057545,764.545309991195,1010.0,299.7
3513,1975,117.17989882907561,862.5176827057545,764.545309991195,1010.0,299.7
3514,1975,117.17989882907561,862.5176827057545,764.545309991195,1010.0,299.7
3515,1975,117.17989882907561,862.5176827057545,764.545309991195,1010.0,299.7
3516,1975,117.17989882907561,862.5176827057545,764.545309991195,1010.0,299.7
3517,1975,117.17989882907561,862.5176827057545,764.545309991195,1010.0,299.7
3518,1975,117.17989882907561,862.5176827057545,764.545309991195,1010.0,299.7
3519,1975,117.17989882907561,862.5176827057545,764.545309991195,1010.0,299.7
3520,1975,117.17989882907561,862.5176827057545,764.545309991195,1010.0,299.7
3521,1975,117.17989882907561,862.5176827057545,764.545309991195,1010.0,299.7
3522,1975,117.17989882907561,862.5176827057545,764.545309991195,1010.0,299.7
3523,1975,117.17989882907561,862.5176827057545,764.545309991195,1010.0,299.7
3524,1975,117.17989882907561,862.5176827057545,764.545309991195,1010.0,299.7
3525,1975,117.17989882907561,862.5176827057545,764.545309991195,1010.0,299.7
3526,1975,117.17989882907561,862.5176827057545,764.545309991195,1010.0,299.7
3527,1975,117.17989882907561,862.5176827057545,764.545309991195,1010.0,299.7
3528,1975,117.17989882907561,815.5176827057545,790.545309991195,1010.0,299.7
3529,1975,117.17989882907561,815.5176827057545,790.545309991195,1010.0,299.7
3530,1975,117.17989882907561,815.5176827057545,790.545309991195,1010.0,299.7
3531,1975,117.17989882907561,815.5176827057545,790.545309991195,1010.0,299.7
3532,1975,117.17989882907561,815.5176827057545,790.545309991195,1010.0,299.7
3533,1975,100.36230431281325,815.5176827057545,790.545309991195,1010.0,299.7
3534,1975,100.36230431281325,815.5176827057545,790.545309991195,1010.0,299.7
3535,1975,100.36230431281325,815.5176827057545,790.545309991195,1010.0,299.7
3536,1975,100.36230431281325,815.5176827057545,790.545309991195,1010.0,299.7
3537,1975,100.36230431281325,815.5176827057545,790.545309991195,1010.0,299.7
3538,1975,100.36230431281325,815.5176827057545,790.545309991195,1010.0,299.7
3539,1975,100.36230431281325,815.5176827057545,790.545309991195,1010.0,299.7
3540,1975,100.36230431281325,815.5176827057545,790.545309991195,1010.0,299.7
3541,1975,100.36230431281325,815.5176827057545,790.545309991195,1010.0,299.7
3542,1975,100.36230431281325,815.5176827057545,790.545309991195,1010.0,299.7
3543,1975,100.36230431281325,815.5176827057545,790.545309991195,1010.0,299.7
3544,1975,100.36230431281325,815.5176827057545,790.545309991195,1010.0,299.7
3545,1975,100.36230431281325,815.5176827057545,790.545309991195,1010.0,299.7
3546,1975,100.36230431281325,815.5176827057545,790.545309991195,1010.0,299.7
3547,1975,100.36230431281325,815.5176827057545,790.545309991195,1010.0,299.7
3548,1975,100.36230431281325,815.5176827057545,790.545309991195,1010.0,299.7
3549,1975,100.36230431281325,815.5176827057545,790.545309991195,1010.0,299.7
3550,1975,100.36230431281325,815.5176827057545,790.545309991195,1010.0,299.7
3551,1975,100.36230431281325,815.5176827057545,790.545309991195,1010.0,299.7
3552,1975,100.36230431281325,815.5176827057545,790.545309991195,1010.0,299.7
3553,1975,100.36230431281325,815.5176827057545,790.545309991195,1010.0,299.7
3554,1975,100.36230431281325,815.5176827057545,790.545309991195,1010.0,299.7
3555,1975,100.36230431281325,815.5176827057545,790.545309991195,1010.0,299.7
3556,1975,100.36230431281325,815.5176827057545,790.545309991195,1010.0,299.7
3557,1975,100.36230431281325,815.5176827057545,790.545309991195,1010.0,299.7
3558,1975,100.36230431281325,815.5176827057545,790.545309991195,1010.0,299.7
3559,1975,100.36230431281325,815.5176827057545,790.545309991195,1010.0,299.7
3560,1975,100.36230431281325,815.5176827057545,790.545309991195,1010.0,299.7
3561,1975,100.36230431281325,815.5176827057545,790.545309991195,1010.0,299.7
3562,1975,100.36230431281325,699.5176827057545,696.545309991195,1010.0,299.7
3563,1975,100.36230431281325,699.5176827057545,696.545309991195,1010.0,299.7
3564,1975,100.36230431281325,699.5176827057545,696.545309991195,1010.0,299.7
3565,1975,100.36230431281325,699.5176827057545,696.545309991195,1010.0,299.7
3566,1975,67.62274736718523,699.5176827057545,696.545309991195,1010.0,299.7
3567,1975,67.62274736718523,699.5176827057545,696.545309991195,1010.0,299.7
3568,1975,67.62274736718523,699.5176827057545,696.545309991195,1010.0,299.7
3569,1975,67.62274736718523,699.5176827057545,696.545309991195,1010.0,299.7
3570,1975,67.62274736718523,699.5176827057545,696.545309991195,1010.0,299.7
3571,1975,67.62274736718523,699.5176827057545,696.545309991195,1010.0,299.7
3572,1975,67.62274736718523,699.5176827057545,696.545309991195,1010.0,299.7
3573,1975,67.62274736718523,699.5176827057545,696.545309991195,1010.0,299.7
3574,1975,67.62274736718523,699.5176827057545,696.545309991195,1010.0,299.7
3575,1975,67.62274736718523,699.5176827057545,696.545309991195,1010.0,299.7
3576,1975,67.62274736718523,699.5176827057545,696.545309991195,1010.0,299.7
3577,1975,67.62274736718523,699.5176827057545,696.545309991195,1010.0,299.7
3578,1975,67.62274736718523,699.5176827057545,696.545309991195,1010.0,299.7
3579,1975,67.62274736718523,699.5176827057545,696.545309991195,1010.0,299.7
3580,1975,67.62274736718523,699.5176827057545,696.545309991195,1010.0,299.7
3581,1975,67.62274736718523,699.5176827057545,696.545309991195,1010.0,299.7
3582,1975,67.62274736718523,699.5176827057545,696.545309991195,1010.0,299.7
3583,1975,67.62274736718523,699.5176827057545,696.545309991195,1010.0,299.7
3584,1975,67.62274736718523,699.5176827057545,696.545309991195,1010.0,299.7
3585,1975,67.62274736718523,699.5176827057545,696.545309991195,1010.0,299.7
3586,1975,67.62274736718523,699.5176827057545,696.545309991195,1010.0,299.7
3587,1975,67.62274736718523,699.5176827057545,696.545309991195,1010.0,299.7
3588,1975,67.62274736718523,699.5176827057545,696.545309991195,1010.0,299.7
3589,1975,67.62274736718523,699.5176827057545,696.545309991195,1010.0,299.7
3590,1975,67.62274736718523,699.5176827057545,696.545309991195,1010.0,299.7
3591,1975,67.62274736718523,699.5176827057545,696.545309991195,1010.0,299.7
3592,1975,67.62274736718523,699.5176827057545,696.545309991195,1010.0,299.7
3593,1975,67.62274736718523,699.5176827057545,696.545309991195,1010.0,299.7
3594,1975,67.62274736718523,699.5176827057545,696.545309991195,1010.0,299.7
3595,1975,67.62274736718523,699.5176827057545,696.545309991195,1010.0,299.7
3596,1975,67.62274736718523,699.5176827057545,696.545309991195,1010.0,299.7
3597,1975,67.62274736718523,699.5176827057545,696.545309991195,1010.0,299.7
3598,1975,67.62274736718523,699.5176827057545,696.545309991195,1025.9333333333334,298.2444444444444
3599,1975,67.62274736718523,699.5176827057545,696.545309991195,1041.8666666666666,296.7888888888889
3600,1975,29.33373311217468,699.5176827057545,696.545309991195,1057.8,295.3333333333333
3601,1975,29.33373311217468,699.5176827057545,696.545309991195,1073.7333333333333,293.8777777777778
3602,1975,29.33373311217468,699.5176827057545,696.545309991195,1089.6666666666667,292.4222222222222
3603,1975,29.33373311217468,699.5176827057545,696.545309991195,1105.6,290.96666666666664
3604,1975,29.33373311217468,699.5176827057545,696.545309991195,1121.5333333333333,289.5111111111111
3605,1975,29.33373311217468,699.5176827057545,696.545309991195,1137.4666666666667,288.05555555555554
3606,1975,29.33373311217468,699.5176827057545,696.545309991195,1153.4,286.6
3607,1975,29.33373311217468,699.5176827057545,696.545309991195,1169.3333333333333,285.14444444444445
3608,1975,29.33373311217468,699.5176827057545,696.545309991195,1185.2666666666667,283.68888888888887
3609,1975,29.33373311217468,699.5176827057545,696.545309991195,1201.2,282.23333333333335
3610,1975,29.33373311217468,699.5176827057545,696.545309991195,1217.1333333333332,280.77777777777777
3611,1975,29.33373311217468,699.5176827057545,696.545309991195,1233.0666666666666,279.3222222222222
3612,1975,29.33373311217468,699.5176827057545,696.545309991195,1249.0,277.8666666666667
3613,1975,29.33373311217468,699.5176827057545,696.545309991195,1264.9333333333334,276.4111111111111
3614,1975,29.33373311217468,699.5176827057545,696.545309991195,1280.8666666666666,274.9555555555556
3615,1975,29.33373311217468,699.5176827057545,696.545309991195,1296.8,273.5
3616,1975,29.33373311217468,699.5176827057545,696.545309991195,1296.8,273.5
3617,1975,29.33373311217468,699.5176827057545,696.545309991195,1296.8,273.5
3618,1975,29.33373311217468,699.5176827057545,696.545309991195,1296.8,273.5
3619,1975,29.33373311217468,699.5176827057545,696.545309991195,1296.8,273.5
3620,1975,29.33373311217468,699.5176827057545,696.545309991195,1296.8,273.5
3621,1975,29.33373311217468,699.5176827057545,696.545309991195,1296.8,273.5
3622,1975,29.33373311217468,699.5176827057545,696.545309991195,1296.8,273.5
3623,1975,29.33373311217468,699.5176827057545,696.545309991195,1296.8,273.5
3624,1975,29.33373311217468,699.5176827057545,696.545309991195,1296.8,273.5
3625,1975,29.33373311217468,699.5176827057545,696.545309991195,1296.8,273.5
3626,1975,29.33373311217468,699.5176827057545,696.545309991195,1296.8,273.5
3627,1975,29.33373311217468,699.5176827057545,696.545309991195,1296.8,273.5
3628,1975,29.33373311217468,964.5176827057545,660.545309991195,1296.8,273.5
3629,1975,29.33373311217468,964.5176827057545,660.545309991195,1296.8,273.5
3630,1975,29.33373311217468,964.5176827057545,660.545309991195,1296.8,273.5
3631,1975,29.33373311217468,964.5176827057545,660.545309991195,1296.8,273.5
3632,1975,29.33373311217468,964.5176827057545,660.545309991195,1296.8,273.5
3633,1975,6.9694816975910046,964.5176827057545,660.545309991195,1296.8,273.5
3634,1975,6.9694816975910046,964.5176827057545,660.545309991195,1296.8,273.5
3635,1975,6.9694816975910046,964.5176827057545,660.545309991195,1296.8,273.5
3636,1975,6.9694816975910046,964.5176827057545,660.545309991195,1296.8,273.5
3637,1975,6.9694816975910046,964.5176827057545,660.545309991195,1296.8,273.5
3638,1975,6.9694816975910046,964.5176827057545,660.545309991195,1296.8,273.5
3639,1975,6.9694816975910046,964.5176827057545,660.545309991195,1296.8,273.5
3640,1975,6.9694816975910046,964.5176827057545,660.545309991195,1296.8,273.5
3641,1975,6.9694816975910046,964.5176827057545,660.545309991195,1296.8,273.5
3642,1975,6.9694816975910046,964.5176827057545,660.545309991195,1296.8,273.5
3643,1975,6.9694816975910046,964.5176827057545,660.545309991195,1296.8,273.5
3644,1975,6.9694816975910046,964.5176827057545,660.545309991195,1296.8,273.5
3645,1975,6.9694816975910046,964.5176827057545,660.545309991195,1296.8,273.5
3646,1975,6.9694816975910046,964.5176827057545,660.545309991195,1296.8,273.5
3647,1975,6.9694816975910046,964.5176827057545,660.545309991195,1296.8,273.5
3648,1975,6.9694816975910046,964.5176827057545,660.545309991195,1296.8,273.5
3649,1975,6.9694816975910046,964.5176827057545,660.545309991195,1296.8,273.5
3650,1975,6.9694816975910046,964.5176827057545,660.545309991195,1296.8,273.5
3651,1975,6.9694816975910046,964.5176827057545,660.545309991195,1296.8,273.5
3652,1975,6.9694816975910046,964.5176827057545,660.545309991195,1296.8,273.5
3653,1975,6.9694816975910046,964.5176827057545,660.545309991195,1296.8,273.5
3654,1975,6.9694816975910046,964.5176827057545,660.545309991195,1296.8,273.5
3655,1975,6.9694816975910046,964.5176827057545,660.545309991195,1296.8,273.5
3656,1975,6.9694816975910046,964.5176827057545,660.545309991195,1296.8,273.5
3657,1975,6.9694816975910046,964.5176827057545,660.545309991195,1296.8,273.5
3658,1975,6.9694816975910046,964.5176827057545,660.545309991195,1296.8,273.5
3659,1975,6.9694816975910046,964.5176827057545,660.545309991195,1296.8,273.5
3660,1975,6.9694816975910046,964.5176827057545,660.545309991195,1296.8,273.5
3661,1975,6.9694816975910046,964.5176827057545,660.545309991195,1296.8,273.5
3662,1975,6.9694816975910046,964.5176827057545,660.545309991195,1296.8,273.5
3663,1975,6.9694816975910046,964.5176827057545,660.545309991195,1296.8,273.5
3664,1975,6.9694816975910046,964.5176827057545,660.545309991195,1296.8,273.5
3665,1976,8.747734644468967,964.5176827057545,660.545309991195,1296.8,273.5
3666,1977,0.5417131501173182,964.5176827057545,660.545309991195,1296.8,273.5
3667,1977,0.5417131501173182,964.5176827057545,660.545309991195,1296.8,273.5
3668,1977,0.5417131501173182,964.5176827057545,660.545309991195,1296.8,273.5
3669,1977,0.5417131501173182,964.5176827057545,660.545309991195,1296.8,273.5
3670,1977,0.5417131501173182,964.5176827057545,660.545309991195,1296.8,273.5
3671,1977,0.5417131501173182,964.5176827057545,660.545309991195,1296.8,273.5
3672,1977,0.5417131501173182,964.5176827057545,660.545309991195,1296.8,273.5
3673,1977,0.5417131501173182,964.5176827057545,660.545309991195,1296.8,273.5
3674,1977,0.5417131501173182,964.5176827057545,660.545309991195,1296.8,273.5
3675,1977,0.5417131501173182,964.5176827057545,660.545309991195,1296.8,273.5
3676,1977,0.5417131501173182,964.5176827057545,660.545309991195,1296.8,273.5
3677,1977,0.5417131501173182,964.5176827057545,660.545309991195,1296.8,273.5
3678,1977,0.5417131501173182,964.5176827057545,660.545309991195,1296.8,273.5
3679,1977,0.5417131501173182,964.5176827057545,660.545309991195,1296.8,273.5
3680,1977,0.5417131501173182,964.5176827057545,660.545309991195,1296.8,273.5
3681,1977,0.5417131501173182,964.5176827057545,660.545309991195,1296.8,273.5
3682,1977,0.5417131501173182,964.5176827057545,660.545309991195,1296.8,273.5
3683,1977,0.5417131501173182,964.5176827057545,660.545309991195,1296.8,273.5
3684,1977,0.5417131501173182,964.5176827057545,660.545309991195,1296.8,273.5
3685,1977,0.5417131501173182,964.5176827057545,660.545309991195,1296.8,273.5
3686,1977,0.5417131501173182,964.5176827057545,660.545309991195,1296.8,273.5
3687,1977,0.5417131501173182,964.5176827057545,660.545309991195,1296.8,273.5
3688,1977,0.5417131501173182,964.5176827057545,660.545309991195,1296.8,273.5
3689,1977,0.5417131501173182,964.5176827057545,660.545309991195,1296.8,273.5
3690,1977,0.5417131501173182,964.5176827057545,660.545309991195,1296.8,273.5
3691,1977,0.5417131501173182,964.5176827057545,660.545309991195,1296.8,273.5
3692,1977,0.5417131501173182,964.5176827057545,660.545309991195,1296.8,273.5
3693,1977,0.5417131501173182,964.5176827057545,660.545309991195,1296.8,273.5
3694,1977,0.5417131501173182,964.5176827057545,660.545309991195,1296.8,273.5
3695,1977,0.5417131501173182,1260.5176827057544,706.545309991195,1296.8,273.5
3696,1977,0.5417131501173182,1260.5176827057544,706.545309991195,1296.8,273.5
3697,1977,0.5417131501173182,1260.5176827057544,706.545309991195,1296.8,273.5
3698,1977,0.5417131501173182,1260.5176827057544,706.545309991195,1283.9466666666667,285.04
3699,1977,0.5417131501173182,1260.5176827057544,706.545309991195,1271.0933333333332,296.58
3700,1977,0.5417131501173182,1260.5176827057544,706.545309991195,1258.24,308.12
3701,1977,0.5417131501173182,1260.5176827057544,706.545309991195,1245.3866666666665,319.66
3702,1977,0.5417131501173182,1260.5176827057544,706.545309991195,1232.5333333333333,331.2
3703,1977,0.5417131501173182,1260.5176827057544,706.545309991195,1219.68,342.74
3704,1977,0.5417131501173182,1260.5176827057544,706.545309991195,1206.8266666666666,354.28
3705,1977,0.5417131501173182,1260.5176827057544,706.545309991195,1193.9733333333334,365.82
3706,1977,0.5417131501173182,1260.5176827057544,706.545309991195,1181.12,377.36
3707,1977,0.5417131501173182,1260.5176827057544,706.545309991195,1168.2666666666667,388.9
3708,1977,0.5417131501173182,1260.5176827057544,706.545309991195,1155.4133333333334,400.44
3709,1977,0.5417131501173182,1260.5176827057544,706.545309991195,1142.56,411.98
3710,1977,0.5417131501173182,1260.5176827057544,706.545309991195,1129.7066666666667,423.52
3711,1977,0.5417131501173182,1260.5176827057544,706.545309991195,1116.8533333333332,435.06
3712,1977,0.5417131501173182,1260.5176827057544,706.545309991195,1104.0,446.6
3713,1977,0.5417131501173182,1260.5176827057544,706.545309991195,1091.1466666666668,458.14
3714,1977,0.5417131501173182,1260.5176827057544,706.545309991195,1078.2933333333333,469.68
3715,1977,0.5417131501173182,1260.5176827057544,706.545309991195,1065.44,481.22
3716,1977,0.5417131501173182,1260.5176827057544,706.545309991195,1052.5866666666666,492.76
3717,1977,0.5417131501173182,1260.5176827057544,706.545309991195,1039.7333333333333,504.3
3718,1977,0.5417131501173182,1260.5176827057544,706.545309991195,1026.88,515.84
3719,1977,0.5417131501173182,1260.5176827057544,706.545309991195,1014.0266666666666,527.38
3720,1977,0.5417131501173182,1260.5176827057544,706.545309991195,1001.1733333333334,538.9200000000001
3721,1977,0.5417131501173182,1260.5176827057544,706.545309991195,988.32,550.46
3722,1977,0.5417131501173182,1260.5176827057544,706.545309991195,975.4666666666667,562.0
3723,1977,0.5417131501173182,1260.5176827057544,706.545309991195,962.6133333333335,573.54
3724,1977,0.5417131501173182,1260.5176827057544,706.545309991195,949.76,585.08
3725,1977,0.5417131501173182,1260.5176827057544,706.545309991195,936.9066666666668,596.62
3726,1977,0.5417131501173182,1260.5176827057544,706.545309991195,924.0533333333334,608.1600000000001
3727,1977,0.5417131501173182,1260.5176827057544,706.545309991195,911.2,619.7
3728,1977,0.5417131501173182,1260.5176827057544,706.545309991195,911.2,619.7
3729,1977,0.5417131501173182,1260.5176827057544,706.545309991195,911.2,619.7
3730,1977,0.5417131501173182,1260.5176827057544,706.545309991195,911.2,619.7
3731,1977,0.5417131501173182,1260.5176827057544,706.545309991195,911.2,619.7
3732,1977,0.5417131501173182,1260.5176827057544,706.545309991195,911.2,619.7
3733,1977,0.5417131501173182,1260.5176827057544,706.545309991195,911.2,619.7
3734,1977,0.5417131501173182,1260.5176827057544,706.545309991195,911.2,619.7
3735,1977,0.5417131501173182,1260.5176827057544,706.545309991195,911.2,619.7
3736,1977,0.5417131501173182,1260.5176827057544,706.545309991195,911.2,619.7
3737,1977,0.5417131501173182,1260.5176827057544,706.545309991195,911.2,619.7
3738,1977,0.5417131501173182,1260.5176827057544,706.545309991195,911.2,619.7
3739,1977,0.5417131501173182,1260.5176827057544,706.545309991195,911.2,619.7
3740,1977,0.5417131501173182,1260.5176827057544,706.545309991195,911.2,619.7
3741,1977,0.5417131501173182,1260.5176827057544,706.545309991195,911.2,619.7
3742,1977,0.5417131501173182,1260.5176827057544,706.545309991195,911.2,619.7
3743,1977,0.5417131501173182,1260.5176827057544,706.545309991195,911.2,619.7
3744,1977,0.5417131501173182,1260.5176827057544,706.545309991195,911.2,619.7
3745,1977,0.5417131501173182,1260.5176827057544,706.545309991195,911.2,619.7
3746,1977,0.5417131501173182,1260.5176827057544,706.545309991195,911.2,619.7
3747,1977,0.5417131501173182,1260.5176827057544,706.545309991195,911.2,619.7
3748,1977,0.5417131501173182,1260.5176827057544,706.545309991195,911.2,619.7
3749,1977,0.5417131501173182,1260.5176827057544,706.545309991195,911.2,619.7
3750,1977,0.5417131501173182,1260.5176827057544,706.545309991195,911.2,619.7
3751,1977,0.5417131501173182,1260.5176827057544,706.545309991195,911.2,619.7
3752,1977,0.5417131501173182,1260.5176827057544,706.545309991195,911.2,619.7
3753,1977,0.5417131501173182,1260.5176827057544,706.545309991195,911.2,619.7
3754,1977,0.5417131501173182,1260.5176827057544,706.545309991195,911.2,619.7
3755,1977,0.5417131501173182,1260.5176827057544,706.545309991195,911.2,619.7
3756,1977,0.5417131501173182,1260.5176827057544,706.545309991195,911.2,619.7
3757,1977,0.5417131501173182,1260.5176827057544,706.545309991195,911.2,619.7
3758,1977,0.5417131501173182,1260.5176827057544,706.545309991195,911.2,619.7
3759,1977,0.5417131501173182,1260.5176827057544,706.545309991195,911.2,619.7
3760,1977,0.5417131501173182,1260.5176827057544,706.545309991195,911.2,619.7
3761,1977,0.5417131501173182,1260.5176827057544,706.545309991195,911.2,619.7
3762,1977,0.5417131501173182,1260.5176827057544,706.545309991195,911.2,619.7
3763,1977,0.5417131501173182,1260.5176827057544,706.545309991195,911.2,619.7
3764,1977,0.5417131501173182,1260.5176827057544,706.545309991195,911.2,619.7
3765,1977,0.5417131501173182,1260.5176827057544,706.545309991195,911.2,619.7
3766,1977,0.5417131501173182,1260.5176827057544,706.545309991195,911.2,619.7
3767,1977,0.5417131501173182,1260.5176827057544,706.545309991195,911.2,619.7
3768,1977,0.5417131501173182,1260.5176827057544,706.545309991195,911.2,619.7
3769,1977,0.5417131501173182,1260.5176827057544,706.545309991195,911.2,619.7
3770,1977,0.5417131501173182,1260.5176827057544,706.545309991195,911.2,619.7
3771,1977,0.5417131501173182,1260.5176827057544,706.545309991195,911.2,619.7
3772,1977,0.5417131501173182,1260.5176827057544,706.545309991195,911.2,619.7
3773,1977,0.5417131501173182,1260.5176827057544,706.545309991195,911.2,619.7
3774,1977,0.5417131501173182,1260.5176827057544,706.545309991195,911.2,619.7
3775,1977,0.5417131501173182,1260.5176827057544,706.545309991195,911.2,619.7
3776,1977,0.5417131501173182,1260.5176827057544,706.545309991195,911.2,619.7
3777,1977,0.5417131501173182,1260.5176827057544,706.545309991195,911.2,619.7
3778,1977,0.5417131501173182,1260.5176827057544,706.545309991195,911.2,619.7
3779,1977,0.5417131501173182,1260.5176827057544,706.545309991195,911.2,619.7
3780,1977,0.5417131501173182,1260.5176827057544,706.545309991195,911.2,619.7
3781,1977,0.5417131501173182,1260.5176827057544,706.545309991195,911.2,619.7
3782,1977,0.5417131501173182,1260.5176827057544,706.545309991195,911.2,619.7
3783,1977,0.5417131501173182,1260.5176827057544,706.545309991195,911.2,619.7
3784,1977,0.5417131501173182,1260.5176827057544,706.545309991195,911.2,619.7
3785,1977,0.5417131501173182,1260.5176827057544,706.545309991195,911.2,619.7
3786,1977,0.5417131501173182,1260.5176827057544,706.545309991195,911.2,619.7
3787,1977,0.5417131501173182,1260.5176827057544,706.545309991195,911.2,619.7
3788,1977,0.5417131501173182,1260.5176827057544,706.545309991195,911.2,619.7
3789,1977,0.5417131501173182,1260.5176827057544,706.545309991195,911.2,619.7
3790,1977,0.5417131501173182,1260.5176827057544,706.545309991195,911.2,619.7
3791,1977,0.5417131501173182,1260.5176827057544,706.545309991195,911.2,619.7
3792,1977,0.5417131501173182,1260.5176827057544,706.545309991195,911.2,619.7
3793,1977,0.5417131501173182,1260.5176827057544,706.545309991195,911.2,619.7
3794,1977,0.5417131501173182,1260.5176827057544,706.545309991195,911.2,619.7
3795,1977,0.5417131501173182,1104.5176827057544,692.545309991195,911.2,619.7
3796,1977,0.5417131501173182,1104.5176827057544,692.545309991195,911.2,619.7
3797,1977,0.5417131501173182,1104.5176827057544,692.545309991195,911.2,619.7
3798,1977,0.5417131501173182,1104.5176827057544,692.545309991195,911.2,619.7
3799,1977,0.5417131501173182,1104.5176827057544,692.545309991195,911.2,619.7
3800,1977,0.5417131501173182,1104.5176827057544,692.545309991195,911.2,619.7
3801,1977,0.5417131501173182,1104.5176827057544,692.545309991195,911.2,619.7
3802,1977,0.5417131501173182,1104.5176827057544,692.545309991195,911.2,619.7
3803,1978,1.735288224232218,1104.5176827057544,692.545309991195,911.2,619.7
3804,1979,4.331777434748513,1104.5176827057544,692.545309991195,911.2,619.7
3805,1980,7.306809757598417,1104.5176827057544,692.545309991195,911.2,619.7
3806,1981,10.729577474711016,1104.5176827057544,692.545309991195,911.2,619.7
3807,1982,14.678593339098319,1104.5176827057544,692.545309991195,911.2,619.7
3808,1983,58.9864764169348,1104.5176827057544,692.545309991195,911.2,619.7
3809,1984,53.73630260328505,1104.5176827057544,692.545309991195,911.2,619.7
3810,1985,47.735459578306404,1104.5176827057544,692.545309991195,911.2,619.7
3811,1986,40.971661657224466,1104.5176827057544,692.545309991195,911.2,619.7
3812,1986,40.971661657224466,1104.5176827057544,692.545309991195,911.2,619.7
3813,1986,40.971661657224466,1104.5176827057544,692.545309991195,911.2,619.7
3814,1986,40.971661657224466,1104.5176827057544,692.545309991195,911.2,619.7
3815,1986,40.971661657224466,1104.5176827057544,692.545309991195,911.2,619.7
3816,1986,40.971661657224466,1104.5176827057544,692.545309991195,911.2,619.7
3817,1986,40.971661657224466,1104.5176827057544,692.545309991195,911.2,619.7
3818,1986,40.971661657224466,1104.5176827057544,692.545309991195,911.2,619.7
3819,1986,40.971661657224466,1104.5176827057544,692.545309991195,911.2,619.7
3820,1986,40.971661657224466,1104.5176827057544,692.545309991195,911.2,619.7
3821,1986,40.971661657224466,1104.5176827057544,692.545309991195,911.2,619.7
3822,1986,40.971661657224466,1104.5176827057544,692.545309991195,911.2,619.7
3823,1986,40.971661657224466,1104.5176827057544,692.545309991195,911.2,619.7
3824,1986,40.971661657224466,1104.5176827057544,692.545309991195,911.2,619.7
3825,1986,40.971661657224466,1104.5176827057544,692.545309991195,911.2,619.7
3826,1986,40.971661657224466,1104.5176827057544,692.545309991195,911.2,619.7
3827,1986,40.971661657224466,1104.5176827057544,692.545309991195,911.2,619.7
3828,1986,40.971661657224466,947.5176827057545,679.545309991195,911.2,619.7
3829,1986,40.971661657224466,947.5176827057545,679.545309991195,911.2,619.7
3830,1986,40.971661657224466,947.5176827057545,679.545309991195,911.2,619.7
3831,1986,40.971661657224466,947.5176827057545,679.545309991195,911.2,619.7
3832,1986,40.971661657224466,947.5176827057545,679.545309991195,911.2,619.7
3833,1986,40.971661657224466,947.5176827057545,679.545309991195,911.2,619.7
3834,1986,40.971661657224466,947.5176827057545,679.545309991195,911.2,619.7
3835,1986,40.971661657224466,947.5176827057545,679.545309991195,911.2,619.7
3836,1986,40.971661657224466,947.5176827057545,679.545309991195,911.2,619.7
3837,1986,40.971661657224466,947.5176827057545,679.545309991195,911.2,619.7
3838,1986,40.971661657224466,947.5176827057545,679.545309991195,911.2,619.7
3839,1986,40.971661657224466,947.5176827057545,679.545309991195,911.2,619.7
3840,1986,40.971661657224466,947.5176827057545,679.545309991195,911.2,619.7
3841,1986,40.971661657224466,947.5176827057545,679.545309991195,911.2,619.7
3842,1986,40.971661657224466,947.5176827057545,679.545309991195,911.2,619.7
3843,1986,40.971661657224466,947.5176827057545,679.545309991195,895.3142857142858,620.3857142857144
3844,1986,40.971661657224466,947.5176827057545,679.545309991195,879.4285714285714,621.0714285714286
3845,1986,40.971661657224466,947.5176827057545,679.545309991195,863.5428571428572,621.7571428571429
3846,1986,40.971661657224466,947.5176827057545,679.545309991195,847.6571428571428,622.4428571428572
3847,1986,40.971661657224466,947.5176827057545,679.545309991195,831.7714285714286,623.1285714285715
3848,1986,40.971661657224466,947.5176827057545,679.545309991195,815.8857142857144,623.8142857142857
3849,1986,40.971661657224466,947.5176827057545,679.545309991195,800.0,624.5
3850,1986,40.971661657224466,947.5176827057545,679.545309991195,784.1142857142858,625.1857142857143
3851,1986,40.971661657224466,947.5176827057545,679.545309991195,768.2285714285714,625.8714285714285
3852,1986,40.971661657224466,947.5176827057545,679.545309991195,752.3428571428572,626.5571428571428
3853,1986,40.971661657224466,947.5176827057545,679.545309991195,736.4571428571428,627.2428571428571
3854,1986,40.971661657224466,947.5176827057545,679.545309991195,720.5714285714286,627.9285714285714
3855,1986,40.971661657224466,947.5176827057545,679.545309991195,704.6857142857143,628.6142857142856
3856,1986,40.971661657224466,947.5176827057545,679.545309991195,688.8,629.3
3857,1986,40.971661657224466,947.5176827057545,679.545309991195,688.8,629.3
3858,1986,40.971661657224466,947.5176827057545,679.545309991195,688.8,629.3
3859,1986,40.971661657224466,947.5176827057545,679.545309991195,688.8,629.3
3860,1986,40.971661657224466,947.5176827057545,679.545309991195,688.8,629.3
3861,1986,40.971661657224466,947.5176827057545,679.545309991195,688.8,629.3
3862,1986,40.971661657224466,948.5176827057545,682.545309991195,688.8,629.3
3863,1986,40.971661657224466,948.5176827057545,682.545309991195,688.8,629.3
3864,1986,40.971661657224466,948.5176827057545,682.545309991195,688.8,629.3
3865,1986,40.971661657224466,948.5176827057545,682.545309991195,688.8,629.3
3866,1986,23.224405136495673,948.5176827057545,682.545309991195,688.8,629.3
3867,1986,23.224405136495673,948.5176827057545,682.545309991195,688.8,629.3
3868,1986,23.224405136495673,948.5176827057545,682.545309991195,688.8,629.3
3869,1986,23.224405136495673,948.5176827057545,682.545309991195,688.8,629.3
3870,1986,23.224405136495673,948.5176827057545,682.545309991195,688.8,629.3
3871,1986,23.224405136495673,948.5176827057545,682.545309991195,688.8,629.3
3872,1986,23.224405136495673,948.5176827057545,682.545309991195,688.8,629.3
3873,1986,23.224405136495673,948.5176827057545,682.545309991195,688.8,629.3
3874,1986,23.224405136495673,948.5176827057545,682.545309991195,688.8,629.3
3875,1986,23.224405136495673,948.5176827057545,682.545309991195,688.8,629.3
3876,1986,23.224405136495673,948.5176827057545,682.545309991195,688.8,629.3
3877,1986,23.224405136495673,948.5176827057545,682.545309991195,688.8,629.3
3878,1986,23.224405136495673,948.5176827057545,682.545309991195,688.8,629.3
3879,1986,23.224405136495673,948.5176827057545,682.545309991195,688.8,629.3
3880,1986,23.224405136495673,948.5176827057545,682.545309991195,688.8,629.3
3881,1986,23.224405136495673,948.5176827057545,682.545309991195,688.8,629.3
3882,1986,23.224405136495673,948.5176827057545,682.545309991195,688.8,629.3
3883,1986,23.224405136495673,948.5176827057545,682.545309991195,688.8,629.3
3884,1986,23.224405136495673,948.5176827057545,682.545309991195,688.8,629.3
3885,1986,23.224405136495673,948.5176827057545,682.545309991195,688.8,629.3
3886,1986,23.224405136495673,948.5176827057545,682.545309991195,688.8,629.3
3887,1986,23.224405136495673,948.5176827057545,682.545309991195,688.8,629.3
3888,1986,23.224405136495673,948.5176827057545,682.545309991195,688.8,629.3
3889,1986,23.224405136495673,948.5176827057545,682.545309991195,688.8,629.3
3890,1986,23.224405136495673,948.5176827057545,682.545309991195,688.8,629.3
3891,1986,23.224405136495673,948.5176827057545,682.545309991195,688.8,629.3
3892,1986,23.224405136495673,948.5176827057545,682.545309991195,688.8,629.3
3893,1986,23.224405136495673,948.5176827057545,682.545309991195,688.8,629.3
3894,1986,23.224405136495673,948.5176827057545,682.545309991195,688.8,629.3
3895,1986,23.224405136495673,949.5176827057545,686.545309991195,688.8,629.3
3896,1986,23.224405136495673,949.5176827057545,686.545309991195,688.8,629.3
3897,1986,23.224405136495673,949.5176827057545,686.545309991195,688.8,629.3
3898,1986,23.224405136495673,949.5176827057545,686.545309991195,688.8,629.3
3899,1986,23.224405136495673,949.5176827057545,686.545309991195,688.8,629.3
3900,1986,9.722208353496745,949.5176827057545,686.545309991195,688.8,629.3
3901,1986,9.722208353496745,949.5176827057545,686.545309991195,688.8,629.3
3902,1986,9.722208353496745,949.5176827057545,686.545309991195,688.8,629.3
3903,1986,9.722208353496745,949.5176827057545,686.545309991195,688.8,629.3
3904,1986,9.722208353496745,949.5176827057545,686.545309991195,688.8,629.3
3905,1986,9.722208353496745,949.5176827057545,686.545309991195,688.8,629.3
3906,1986,9.722208353496745,949.5176827057545,686.545309991195,688.8,629.3
3907,1986,9.722208353496745,949.5176827057545,686.545309991195,688.8,629.3
3908,1986,9.722208353496745,949.5176827057545,686.545309991195,688.8,629.3
3909,1986,9.722208353496745,949.5176827057545,686.545309991195,688.8,629.3
3910,1986,9.722208353496745,949.5176827057545,686.545309991195,688.8,629.3
3911,1986,9.722208353496745,949.5176827057545,686.545309991195,688.8,629.3
3912,1986,9.722208353496745,949.5176827057545,686.545309991195,688.8,629.3
3913,1986,9.722208353496745,949.5176827057545,686.545309991195,688.8,629.3
3914,1986,9.722208353496745,949.5176827057545,686.545309991195,688.8,629.3
3915,1986,9.722208353496745,949.5176827057545,686.545309991195,688.8,629.3
3916,1986,9.722208353496745,949.5176827057545,686.545309991195,688.8,629.3
3917,1986,9.722208353496745,949.5176827057545,686.545309991195,688.8,629.3
3918,1986,9.722208353496745,949.5176827057545,686.545309991195,688.8,629.3
3919,1986,9.722208353496745,949.5176827057545,686.545309991195,688.8,629.3
3920,1986,9.722208353496745,949.5176827057545,686.545309991195,688.8,629.3
3921,1986,9.722208353496745,949.5176827057545,686.545309991195,688.8,629.3
3922,1986,9.722208353496745,949.5176827057545,686.545309991195,688.8,629.3
3923,1986,9.722208353496745,949.5176827057545,686.545309991195,688.8,629.3
3924,1986,9.722208353496745,949.5176827057545,686.545309991195,688.8,629.3
3925,1986,9.722208353496745,949.5176827057545,686.545309991195,688.8,629.3
3926,1986,9.722208353496745,949.5176827057545,686.545309991195,688.8,629.3
3927,1986,9.722208353496745,949.5176827057545,686.545309991195,688.8,629.3
3928,1986,9.722208353496745,950.5176827057545,690.545309991195,688.8,629.3
3929,1986,9.722208353496745,950.5176827057545,690.545309991195,688.8,629.3
3930,1986,9.722208353496745,950.5176827057545,690.545309991195,688.8,629.3
3931,1986,9.722208353496745,950.5176827057545,690.545309991195,688.8,629.3
3932,1986,9.722208353496745,950.5176827057545,690.545309991195,688.8,629.3
3933,1986,0.24940436596076465,950.5176827057545,690.545309991195,688.8,629.3
3934,1986,0.24940436596076465,950.5176827057545,690.545309991195,688.8,629.3
3935,1986,0.24940436596076465,950.5176827057545,690.545309991195,688.8,629.3
3936,1986,0.24940436596076465,950.5176827057545,690.545309991195,688.8,629.3
3937,1986,0.24940436596076465,950.5176827057545,690.545309991195,688.8,629.3
3938,1986,0.24940436596076465,950.5176827057545,690.545309991195,688.8,629.3
3939,1986,0.24940436596076465,950.5176827057545,690.545309991195,688.8,629.3
3940,1986,0.24940436596076465,950.5176827057545,690.545309991195,688.8,629.3
3941,1986,0.24940436596076465,950.5176827057545,690.545309991195,688.8,629.3
3942,1986,0.24940436596076465,950.5176827057545,690.545309991195,688.8,629.3
3943,1986,0.24940436596076465,950.5176827057545,690.545309991195,688.8,629.3
3944,1986,0.24940436596076465,950.5176827057545,690.545309991195,688.8,629.3
3945,1986,0.24940436596076465,950.5176827057545,690.545309991195,688.8,629.3
3946,1986,0.24940436596076465,950.5176827057545,690.545309991195,688.8,629.3
3947,1986,0.24940436596076465,950.5176827057545,690.545309991195,688.8,629.3
3948,1986,0.24940436596076465,950.5176827057545,690.545309991195,688.8,629.3
3949,1986,0.24940436596076465,950.5176827057545,690.545309991195,688.8,629.3
3950,1986,0.24940436596076465,950.5176827057545,690.545309991195,688.8,629.3
3951,1986,0.24940436596076465,950.5176827057545,690.545309991195,688.8,629.3
3952,1986,0.24940436596076465,950.5176827057545,690.545309991195,688.8,629.3
3953,1986,0.24940436596076465,950.5176827057545,690.545309991195,688.8,629.3
3954,1986,0.24940436596076465,950.5176827057545,690.545309991195,688.8,629.3
3955,1986,0.24940436596076465,950.5176827057545,690.545309991195,688.8,629.3
3956,1986,0.24940436596076465,950.5176827057545,690.545309991195,688.8,629.3
3957,1986,0.24940436596076465,950.5176827057545,690.545309991195,688.8,629.3
3958,1986,0.24940436596076465,950.5176827057545,690.545309991195,688.8,629.3
3959,1986,0.24940436596076465,950.5176827057545,690.545309991195,688.8,629.3
3960,1986,0.24940436596076465,950.5176827057545,690.545309991195,688.8,629.3
3961,1986,0.24940436596076465,950.5176827057545,690.545309991195,688.8,629.3
3962,1986,0.24940436596076465,952.5176827057545,694.545309991195,688.8,629.3
3963,1986,0.24940436596076465,952.5176827057545,694.545309991195,688.8,629.3
3964,1986,0.24940436596076465,952.5176827057545,694.545309991195,699.3499999999999,617.2406249999999
3965,1986,0.24940436596076465,952.5176827057545,694.545309991195,709.9,605.18125
3966,1986,6.254205011420189,952.5176827057545,694.545309991195,720.4499999999999,593.1218749999999
3967,1986,6.254205011420189,952.5176827057545,694.545309991195,731.0,581.0625
3968,1986,6.254205011420189,952.5176827057545,694.545309991195,741.55,569.003125
3969,1986,6.254205011420189,952.5176827057545,694.545309991195,752.1,556.9437499999999
3970,1986,6.254205011420189,952.5176827057545,694.545309991195,762.65,544.884375
3971,1986,6.254205011420189,952.5176827057545,694.545309991195,773.2,532.8249999999999
3972,1986,6.254205011420189,952.5176827057545,694.545309991195,783.75,520.765625
3973,1986,6.254205011420189,952.5176827057545,694.545309991195,794.3,508.70624999999995
3974,1986,6.254205011420189,952.5176827057545,694.545309991195,804.85,496.64687499999997
3975,1986,6.254205011420189,952.5176827057545,694.545309991195,815.4,484.5875
3976,1986,6.254205011420189,952.5176827057545,694.545309991195,825.95,472.52812499999993
3977,1986,6.254205011420189,952.5176827057545,694.545309991195,836.5,460.46875
3978,1986,6.254205011420189,952.5176827057545,694.545309991195,847.05,448.40937499999995
3979,1986,6.254205011420189,952.5176827057545,694.545309991195,857.6,436.34999999999997
3980,1986,6.254205011420189,952.5176827057545,694.545309991195,868.1500000000001,424.290625
3981,1986,6.254205011420189,952.5176827057545,694.545309991195,878.7,412.23124999999993
3982,1986,6.254205011420189,952.5176827057545,694.545309991195,889.25,400.171875
3983,1986,6.254205011420189,952.5176827057545,694.545309991195,899.8000000000001,388.11249999999995
3984,1986,6.254205011420189,952.5176827057545,694.545309991195,910.35,376.05312499999997
3985,1986,6.254205011420189,952.5176827057545,694.545309991195,920.9000000000001,363.99375
3986,1986,6.254205011420189,952.5176827057545,694.545309991195,931.45,351.934375
3987,1986,6.254205011420189,952.5176827057545,694.545309991195,942.0,339.875
3988,1986,6.254205011420189,952.5176827057545,694.545309991195,952.5500000000001,327.81562499999995
3989,1986,6.254205011420189,952.5176827057545,694.545309991195,963.1000000000001,315.75624999999997
3990,1986,6.254205011420189,952.5176827057545,694.545309991195,973.6500000000001,303.696875
3991,1986,6.254205011420189,952.5176827057545,694.545309991195,984.2,291.6375
3992,1986,6.254205011420189,952.5176827057545,694.545309991195,994.75,279.578125
3993,1986,6.254205011420189,952.5176827057545,694.545309991195,1005.3000000000001,267.51874999999995
3994,1986,6.254205011420189,952.5176827057545,694.545309991195,1015.8500000000001,255.45937499999997
3995,1986,6.254205011420189,952.5176827057545,694.545309991195,1026.4,243.4
3996,1986,6.254205011420189,952.5176827057545,694.545309991195,1026.4,243.4
3997,1986,6.254205011420189,952.5176827057545,694.545309991195,1026.4,243.4
3998,1986,6.254205011420189,952.5176827057545,694.545309991195,1026.4,243.4
3999,1986,6.254205011420189,952.5176827057545,694.545309991195,1026.4,243.4
4000,1986,35.27825550200848,952.5176827057545,694.545309991195,1026.4,243.4
4001,1986,35.27825550200848,952.5176827057545,694.545309991195,1026.4,243.4
4002,1986,35.27825550200848,952.5176827057545,694.545309991195,1026.4,243.4
4003,1986,35.27825550200848,952.5176827057545,694.545309991195,1026.4,243.4
4004,1986,35.27825550200848,952.5176827057545,694.545309991195,1026.4,243.4
4005,1986,35.27825550200848,952.5176827057545,694.545309991195,1026.4,243.4
4006,1986,35.27825550200848,952.5176827057545,694.545309991195,1026.4,243.4
4007,1986,35.27825550200848,952.5176827057545,694.545309991195,1026.4,243.4
4008,1986,35.27825550200848,952.5176827057545,694.545309991195,1026.4,243.4
4009,1986,35.27825550200848,952.5176827057545,694.545309991195,1026.4,243.4
4010,1986,35.27825550200848,952.5176827057545,694.545309991195,1026.4,243.4
4011,1986,35.27825550200848,952.5176827057545,694.545309991195,1026.4,243.4
4012,1986,35.27825550200848,952.5176827057545,694.545309991195,1026.4,243.4
4013,1986,35.27825550200848,952.5176827057545,694.545309991195,1026.4,243.4
4014,1986,35.27825550200848,952.5176827057545,694.545309991195,1026.4,243.4
4015,1986,35.27825550200848,952.5176827057545,694.545309991195,1026.4,243.4
4016,1986,35.27825550200848,952.5176827057545,694.545309991195,1026.4,243.4
4017,1986,35.27825550200848,952.5176827057545,694.545309991195,1026.4,243.4
4018,1986,35.27825550200848,952.5176827057545,694.545309991195,1026.4,243.4
4019,1986,35.27825550200848,952.5176827057545,694.545309991195,1026.4,243.4
4020,1986,35.27825550200848,952.5176827057545,694.545309991195,1026.4,243.4
4021,1986,35.27825550200848,952.5176827057545,694.545309991195,1026.4,243.4
4022,1986,35.27825550200848,952.5176827057545,694.545309991195,1026.4,243.4
4023,1986,35.27825550200848,952.5176827057545,694.545309991195,1026.4,243.4
4024,1986,35.27825550200848,952.5176827057545,694.545309991195,1026.4,243.4
4025,1986,35.27825550200848,952.5176827057545,694.545309991195,1026.4,243.4
4026,1986,35.27825550200848,952.5176827057545,694.545309991195,1026.4,243.4
4027,1986,35.27825550200848,952.5176827057545,694.545309991195,1026.4,243.4
4028,1986,35.27825550200848,952.5176827057545,694.545309991195,1026.4,243.4
4029,1986,35.27825550200848,952.5176827057545,694.545309991195,1026.4,243.4
4030,1986,35.27825550200848,952.5176827057545,694.545309991195,1026.4,243.4
4031,1986,35.27825550200848,952.5176827057545,694.545309991195,1026.4,243.4
4032,1986,35.27825550200848,952.5176827057545,694.545309991195,1026.4,243.4
4033,1986,35.27825550200848,952.5176827057545,694.545309991195,1026.4,243.4
4034,1986,35.27825550200848,952.5176827057545,694.545309991195,1026.4,243.4
4035,1986,35.27825550200848,952.5176827057545,694.545309991195,1026.4,243.4
4036,1986,35.27825550200848,952.5176827057545,694.545309991195,1026.4,243.4
4037,1986,35.27825550200848,952.5176827057545,694.545309991195,1026.4,243.4
4038,1986,35.27825550200848,952.5176827057545,694.545309991195,1026.4,243.4
4039,1986,35.27825550200848,952.5176827057545,694.545309991195,1026.4,243.4
4040,1986,35.27825550200848,952.5176827057545,694.545309991195,1026.4,243.4
4041,1986,35.27825550200848,952.5176827057545,694.545309991195,1026.4,243.4
4042,1986,35.27825550200848,952.5176827057545,694.545309991195,1026.4,243.4
4043,1986,35.27825550200848,952.5176827057545,694.545309991195,1026.4,243.4
4044,1986,35.27825550200848,952.5176827057545,694.545309991195,1026.4,243.4
4045,1986,35.27825550200848,952.5176827057545,694.545309991195,1026.4,243.4
4046,1986,35.27825550200848,952.5176827057545,694.545309991195,1026.4,243.4
4047,1986,35.27825550200848,952.5176827057545,694.545309991195,1026.4,243.4
4048,1986,35.27825550200848,952.5176827057545,694.545309991195,1026.4,243.4
4049,1986,35.27825550200848,952.5176827057545,694.545309991195,1026.4,243.4
4050,1986,35.27825550200848,952.5176827057545,694.545309991195,1026.4,243.4
4051,1986,35.27825550200848,952.5176827057545,694.545309991195,1026.4,243.4
4052,1986,35.27825550200848,952.5176827057545,694.545309991195,1026.4,243.4
4053,1986,35.27825550200848,952.5176827057545,694.545309991195,1026.4,243.4
4054,1986,35.27825550200848,952.5176827057545,694.545309991195,1026.4,243.4
4055,1986,35.27825550200848,952.5176827057545,694.545309991195,1026.4,243.4
4056,1986,35.27825550200848,952.5176827057545,694.545309991195,1026.4,243.4
4057,1986,35.27825550200848,952.5176827057545,694.545309991195,1026.4,243.4
4058,1986,35.27825550200848,952.5176827057545,694.545309991195,1026.4,243.4
4059,1986,35.27825550200848,952.5176827057545,694.545309991195,1026.4,243.4
4060,1986,35.27825550200848,952.5176827057545,694.545309991195,1026.4,243.4
4061,1986,35.27825550200848,952.5176827057545,694.545309991195,1026.4,243.4
4062,1986,35.27825550200848,974.5176827057545,481.54530999119504,1026.4,243.4
4063,1986,35.27825550200848,974.5176827057545,481.54530999119504,1026.4,243.4
4064,1986,35.27825550200848,974.5176827057545,481.54530999119504,1026.4,243.4
4065,1987,42.73705950904376,974.5176827057545,481.54530999119504,1026.4,243.4
4066,1988,10.42337532922432,974.5176827057545,481.54530999119504,1026.4,243.4
4067,1989,2.1956038352119136,974.5176827057545,481.54530999119504,1026.4,243.4
4068,1989,2.1956038352119136,974.5176827057545,481.54530999119504,1026.4,243.4
4069,1989,2.1956038352119136,974.5176827057545,481.54530999119504,1026.4,243.4
4070,1989,2.1956038352119136,974.5176827057545,481.54530999119504,1026.4,243.4
4071,1989,2.1956038352119136,974.5176827057545,481.54530999119504,1026.4,243.4
4072,1989,2.1956038352119136,974.5176827057545,481.54530999119504,1026.4,243.4
4073,1989,2.1956038352119136,974.5176827057545,481.54530999119504,1026.4,243.4
4074,1989,2.1956038352119136,974.5176827057545,481.54530999119504,1026.4,243.4
4075,1989,2.1956038352119136,974.5176827057545,481.54530999119504,1026.4,243.4
4076,1989,2.1956038352119136,974.5176827057545,481.54530999119504,1026.4,243.4
4077,1989,2.1956038352119136,974.5176827057545,481.54530999119504,1026.4,243.4
4078,1989,2.1956038352119136,974.5176827057545,481.54530999119504,1026.4,243.4
4079,1989,2.1956038352119136,974.5176827057545,481.54530999119504,1026.4,243.4
4080,1989,2.1956038352119136,974.5176827057545,481.54530999119504,1026.4,243.4
4081,1989,2.1956038352119136,974.5176827057545,481.54530999119504,1026.4,243.4
4082,1989,2.1956038352119136,974.5176827057545,481.54530999119504,1026.4,243.4
4083,1989,2.1956038352119136,974.5176827057545,481.54530999119504,1026.4,243.4
4084,1989,2.1956038352119136,974.5176827057545,481.54530999119504,1026.4,243.4
4085,1989,2.1956038352119136,974.5176827057545,481.54530999119504,1026.4,243.4
4086,1989,2.1956038352119136,974.5176827057545,481.54530999119504,1036.3954545454546,243.71363636363637
4087,1989,2.1956038352119136,974.5176827057545,481.54530999119504,1046.3909090909092,244.02727272727273
4088,1989,2.1956038352119136,974.5176827057545,481.54530999119504,1056.3863636363637,244.3409090909091
4089,1989,2.1956038352119136,974.5176827057545,481.54530999119504,1066.3818181818183,244.65454545454546
4090,1989,2.1956038352119136,974.5176827057545,481.54530999119504,1076.3772727272728,244.96818181818182
4091,1989,2.1956038352119136,974.5176827057545,481.54530999119504,1086.3727272727274,245.28181818181818
4092,1989,2.1956038352119136,974.5176827057545,481.54530999119504,1096.368181818182,245.59545454545454
4093,1989,2.1956038352119136,974.5176827057545,481.54530999119504,1106.3636363636365,245.9090909090909
4094,1989,2.1956038352119136,974.5176827057545,481.54530999119504,1116.359090909091,246.22272727272727
4095,1989,2.1956038352119136,995.5176827057545,268.54530999119504,1126.3545454545456,246.53636363636363
4096,1989,2.1956038352119136,995.5176827057545,268.54530999119504,1136.35,246.85000000000002
4097,1989,2.1956038352119136,995.5176827057545,268.54530999119504,1146.3454545454545,247.16363636363639
4098,1990,5.949821607553693,995.5176827057545,268.54530999119504,1156.340909090909,247.47727272727275
4099,1991,13.702195866637036,995.5176827057545,268.54530999119504,1166.3363636363636,247.7909090909091
4100,1992,13.702195866637036,995.5176827057545,268.54530999119504,1176.331818181818,248.10454545454547
4101,1993,13.702195866637036,995.5176827057545,268.54530999119504,1186.3272727272727,248.41818181818184
4102,1994,13.702195866637036,995.5176827057545,268.54530999119504,1196.3227272727272,248.7318181818182
4103,1995,13.702195866637036,995.5176827057545,268.54530999119504,1206.3181818181818,249.04545454545456
4104,1996,13.702195866637036,995.5176827057545,268.54530999119504,1216.3136363636363,249.35909090909092
4105,1997,13.702195866637036,995.5176827057545,268.54530999119504,1226.3090909090909,249.6727272727273
4106,1998,13.702195866637036,995.5176827057545,268.54530999119504,1236.3045454545454,249.98636363636365
4107,1999,13.702195866637036,995.5176827057545,268.54530999119504,1246.3,250.3
4108,2000,13.702195866637036,995.5176827057545,268.54530999119504,1246.3,250.3
4109,2001,13.702195866637036,995.5176827057545,268.54530999119504,1246.3,250.3
4110,2002,13.702195866637036,995.5176827057545,268.54530999119504,1246.3,250.3
4111,2003,13.702195866637036,995.5176827057545,268.54530999119504,1246.3,250.3
4112,2004,13.702195866637036,995.5176827057545,268.54530999119504,1246.3,250.3
4113,2005,13.702195866637036,995.5176827057545,268.54530999119504,1246.3,250.3
4114,2006,13.702195866637036,995.5176827057545,268.54530999119504,1246.3,250.3
4115,2007,13.702195866637036,995.5176827057545,268.54530999119504,1246.3,250.3
4116,2008,13.702195866637036,995.5176827057545,268.54530999119504,1246.3,250.3
4117,2009,13.702195866637036,995.5176827057545,268.54530999119504,1246.3,250.3
4118,2010,13.702195866637036,995.5176827057545,268.54530999119504,1246.3,250.3
4119,2011,13.702195866637036,995.5176827057545,268.54530999119504,1246.3,250.3
4120,2012,13.702195866637036,995.5176827057545,268.54530999119504,1246.3,250.3
4121,2013,13.702195866637036,995.5176827057545,268.54530999119504,1246.3,250.3
4122,2014,13.702195866637036,995.5176827057545,268.54530999119504,1246.3,250.3
4123,2015,13.702195866637036,995.5176827057545,268.54530999119504,1246.3,250.3
4124,2016,13.702195866637036,995.5176827057545,268.54530999119504,1246.3,250.3
4125,2017,13.702195866637036,995.5176827057545,268.54530999119504,1246.3,250.3
4126,2018,13.702195866637036,995.5176827057545,268.54530999119504,1246.3,250.3
4127,2019,13.702195866637036,995.5176827057545,268.54530999119504,1246.3,250.3
4128,2020,13.702195866637036,995.5176827057545,268.54530999119504,1246.3,250.3
4129,2021,13.702195866637036,995.5176827057545,268.54530999119504,1246.3,250.3
4130,2022,13.702195866637036,995.5176827057545,268.54530999119504,1246.3,250.3
4131,2023,13.702195866637036,995.5176827057545,268.54530999119504,1246.3,250.3
4132,2024,13.702195866637036,995.5176827057545,268.54530999119504,1246.3,250.3
4133,2025,45.156431839932985,995.5176827057545,268.54530999119504,1246.3,250.3
4134,2026,45.156431839932985,995.5176827057545,268.54530999119504,1246.3,250.3
4135,2027,45.156431839932985,995.5176827057545,268.54530999119504,1246.3,250.3
4136,2028,45.156431839932985,995.5176827057545,268.54530999119504,1246.3,250.3
4137,2029,45.156431839932985,995.5176827057545,268.54530999119504,1246.3,250.3
4138,2030,45.156431839932985,995.5176827057545,268.54530999119504,1246.3,250.3
4139,2031,45.156431839932985,995.5176827057545,268.54530999119504,1246.3,250.3
4140,2032,45.156431839932985,995.5176827057545,268.54530999119504,1246.3,250.3
4141,2033,45.156431839932985,995.5176827057545,268.54530999119504,1246.3,250.3
4142,2034,45.156431839932985,995.5176827057545,268.54530999119504,1246.3,250.3
4143,2035,45.156431839932985,995.5176827057545,268.54530999119504,1246.3,250.3
4144,2036,45.156431839932985,995.5176827057545,268.54530999119504,1246.3,250.3
4145,2037,45.156431839932985,995.5176827057545,268.54530999119504,1246.3,250.3
4146,2038,45.156431839932985,995.5176827057545,268.54530999119504,1246.3,250.3
4147,2039,45.156431839932985,995.5176827057545,268.54530999119504,1246.3,250.3
4148,2040,45.156431839932985,995.5176827057545,268.54530999119504,1246.3,250.3
4149,2041,45.156431839932985,995.5176827057545,268.54530999119504,1246.3,250.3
4150,2042,45.156431839932985,995.5176827057545,268.54530999119504,1246.3,250.3
4151,2043,45.156431839932985,995.5176827057545,268.54530999119504,1246.3,250.3
4152,2044,45.156431839932985,995.5176827057545,268.54530999119504,1246.3,250.3
4153,2045,45.156431839932985,995.5176827057545,268.54530999119504,1246.3,250.3
4154,2046,45.156431839932985,995.5176827057545,268.54530999119504,1246.3,250.3
4155,2047,45.156431839932985,995.5176827057545,268.54530999119504,1246.3,250.3
4156,2048,45.156431839932985,995.5176827057545,268.54530999119504,1246.3,250.3
4157,2049,45.156431839932985,995.5176827057545,268.54530999119504,1246.3,250.3
4158,2050,45.156431839932985,995.5176827057545,268.54530999119504,1246.3,250.3
4159,2051,45.156431839932985,995.5176827057545,268.54530999119504,1246.3,250.3
4160,2052,45.156431839932985,995.5176827057545,268.54530999119504,1246.3,250.3
4161,2053,45.156431839932985,1270.5176827057544,238.54530999119504,1246.3,250.3
4162,2054,45.156431839932985,1270.5176827057544,238.54530999119504,1246.3,250.3
4163,2055,45.156431839932985,1270.5176827057544,238.54530999119504,1246.3,250.3
4164,2056,45.156431839932985,1270.5176827057544,238.54530999119504,1246.3,250.3
4165,2057,45.156431839932985,1270.5176827057544,238.54530999119504,1246.3,250.3
4166,2058,45.156431839932985,1270.5176827057544,238.54530999119504,1246.3,250.3
4167,2059,45.156431839932985,1270.5176827057544,238.54530999119504,1246.3,250.3
4168,2060,45.156431839932985,1270.5176827057544,238.54530999119504,1246.3,250.3
4169,2061,45.156431839932985,1270.5176827057544,238.54530999119504,1246.3,250.3
4170,2062,45.156431839932985,1270.5176827057544,238.54530999119504,1246.3,250.3
4171,2063,45.156431839932985,1270.5176827057544,238.54530999119504,1246.3,250.3
4172,2064,45.156431839932985,1270.5176827057544,238.54530999119504,1246.3,250.3
4173,2065,45.156431839932985,1270.5176827057544,238.54530999119504,1246.3,250.3
4174,2066,45.156431839932985,1270.5176827057544,238.54530999119504,1246.3,250.3
4175,2067,45.156431839932985,1270.5176827057544,238.54530999119504,1246.3,250.3
4176,2068,45.156431839932985,1270.5176827057544,238.54530999119504,1246.3,250.3
4177,2069,45.156431839932985,1270.5176827057544,238.54530999119504,1246.3,250.3
4178,2070,45.156431839932985,1270.5176827057544,238.54530999119504,1246.3,250.3
4179,2071,45.156431839932985,1270.5176827057544,238.54530999119504,1246.3,250.3
4180,2072,45.156431839932985,1270.5176827057544,238.54530999119504,1246.3,250.3
4181,2073,45.156431839932985,1270.5176827057544,238.54530999119504,1246.3,250.3
4182,2074,45.156431839932985,1270.5176827057544,238.54530999119504,1246.3,250.3
4183,2075,45.156431839932985,1270.5176827057544,238.54530999119504,1246.3,250.3
4184,2076,45.156431839932985,1270.5176827057544,238.54530999119504,1246.3,250.3
4185,2077,45.156431839932985,1270.5176827057544,238.54530999119504,1246.3,250.3
4186,2077,45.156431839932985,1270.5176827057544,238.54530999119504,1246.3,250.3
4187,2077,45.156431839932985,1270.5176827057544,238.54530999119504,1246.3,250.3
4188,2077,45.156431839932985,1270.5176827057544,238.54530999119504,1246.3,250.3
4189,2077,45.156431839932985,1270.5176827057544,238.54530999119504,1246.3,250.3
4190,2077,45.156431839932985,1270.5176827057544,238.54530999119504,1246.3,250.3
4191,2077,45.156431839932985,1270.5176827057544,238.54530999119504,1246.3,250.3
4192,2077,45.156431839932985,1270.5176827057544,238.54530999119504,1246.3,250.3
4193,2077,45.156431839932985,1270.5176827057544,238.54530999119504,1246.3,250.3
4194,2077,45.156431839932985,1270.5176827057544,238.54530999119504,1246.3,250.3
4195,2077,45.156431839932985,1270.5176827057544,238.54530999119504,1246.3,250.3
4196,2077,45.156431839932985,1270.5176827057544,238.54530999119504,1246.3,250.3
4197,2077,45.156431839932985,1270.5176827057544,238.54530999119504,1246.3,250.3
4198,2077,45.156431839932985,1270.5176827057544,238.54530999119504,1246.3,250.3
4199,2077,45.156431839932985,1270.5176827057544,238.54530999119504,1246.3,250.3
4200,2077,45.156431839932985,1270.5176827057544,238.54530999119504,1246.3,250.3
4201,2077,45.156431839932985,1270.5176827057544,238.54530999119504,1246.3,250.3
4202,2077,45.156431839932985,1270.5176827057544,238.54530999119504,1246.3,250.3
4203,2077,45.156431839932985,1270.5176827057544,238.54530999119504,1246.3,250.3
4204,2077,45.156431839932985,1270.5176827057544,238.54530999119504,1246.3,250.3
4205,2077,45.156431839932985,1270.5176827057544,238.54530999119504,1246.3,250.3
4206,2077,45.156431839932985,1270.5176827057544,238.54530999119504,1246.3,250.3
4207,2077,45.156431839932985,1270.5176827057544,238.54530999119504,1246.3,250.3
4208,2077,45.156431839932985,1270.5176827057544,238.54530999119504,1246.3,250.3
4209,2077,45.156431839932985,1270.5176827057544,238.54530999119504,1246.3,250.3
4210,2077,45.156431839932985,1270.5176827057544,238.54530999119504,1246.3,250.3
4211,2077,45.156431839932985,1270.5176827057544,238.54530999119504,1246.3,250.3
4212,2077,45.156431839932985,1270.5176827057544,238.54530999119504,1246.3,250.3
4213,2077,45.156431839932985,1270.5176827057544,238.54530999119504,1246.3,250.3
4214,2077,45.156431839932985,1270.5176827057544,238.54530999119504,1246.3,250.3
4215,2077,45.156431839932985,1270.5176827057544,238.54530999119504,1246.3,250.3
4216,2077,45.156431839932985,1270.5176827057544,238.54530999119504,1246.3,250.3
4217,2077,45.156431839932985,1270.5176827057544,238.54530999119504,1246.3,250.3
4218,2077,45.156431839932985,1270.5176827057544,238.54530999119504,1246.3,250.3
4219,2077,45.156431839932985,1270.5176827057544,238.54530999119504,1246.3,250.3
4220,2077,45.156431839932985,1270.5176827057544,238.54530999119504,1246.3,250.3
4221,2077,45.156431839932985,1270.5176827057544,238.54530999119504,1246.3,250.3
4222,2077,45.156431839932985,1270.5176827057544,238.54530999119504,1246.3,250.3
4223,2077,45.156431839932985,1270.5176827057544,238.54530999119504,1246.3,250.3
4224,2077,45.156431839932985,1270.5176827057544,238.54530999119504,1246.3,250.3
4225,2077,45.156431839932985,1270.5176827057544,238.54530999119504,1246.3,250.3
4226,2077,45.156431839932985,1270.5176827057544,238.54530999119504,1246.3,250.3
4227,2077,45.156431839932985,1270.5176827057544,238.54530999119504,1246.3,250.3
4228,2077,45.156431839932985,1270.5176827057544,238.54530999119504,1246.3,250.3
4229,2077,45.156431839932985,1270.5176827057544,238.54530999119504,1246.3,250.3
4230,2077,45.156431839932985,1270.5176827057544,238.54530999119504,1246.3,250.3
4231,2077,45.156431839932985,1270.5176827057544,238.54530999119504,1246.3,250.3
4232,2077,45.156431839932985,1270.5176827057544,238.54530999119504,1246.3,250.3
4233,2077,27.603474867246504,1270.5176827057544,238.54530999119504,1246.3,250.3
4234,2077,27.603474867246504,1270.5176827057544,238.54530999119504,1246.3,250.3
4235,2077,27.603474867246504,1270.5176827057544,238.54530999119504,1234.4759999999999,265.368
4236,2077,27.603474867246504,1270.5176827057544,238.54530999119504,1222.652,280.43600000000004
4237,2077,27.603474867246504,1270.5176827057544,238.54530999119504,1210.828,295.504
4238,2077,27.603474867246504,1270.5176827057544,238.54530999119504,1199.004,310.572
4239,2077,27.603474867246504,1270.5176827057544,238.54530999119504,1187.18,325.64
4240,2077,27.603474867246504,1270.5176827057544,238.54530999119504,1175.356,340.708
4241,2077,27.603474867246504,1270.5176827057544,238.54530999119504,1163.532,355.776
4242,2077,27.603474867246504,1270.5176827057544,238.54530999119504,1151.708,370.844
4243,2077,27.603474867246504,1270.5176827057544,238.54530999119504,1139.884,385.91200000000003
4244,2077,27.603474867246504,1270.5176827057544,238.54530999119504,1128.06,400.98
4245,2077,27.603474867246504,1270.5176827057544,238.54530999119504,1116.2359999999999,416.048
4246,2077,27.603474867246504,1270.5176827057544,238.54530999119504,1104.412,431.116
4247,2077,27.603474867246504,1270.5176827057544,238.54530999119504,1092.588,446.18399999999997
4248,2077,27.603474867246504,1270.5176827057544,238.54530999119504,1080.7640000000001,461.252
4249,2077,27.603474867246504,1270.5176827057544,238.54530999119504,1068.94,476.32
4250,2077,27.603474867246504,1270.5176827057544,238.54530999119504,1057.116,491.38800000000003
4251,2077,27.603474867246504,1270.5176827057544,238.54530999119504,1045.292,506.456
4252,2077,27.603474867246504,1270.5176827057544,238.54530999119504,1033.468,521.524
4253,2077,27.603474867246504,1270.5176827057544,238.54530999119504,1021.644,536.592
4254,2077,27.603474867246504,1270.5176827057544,238.54530999119504,1009.82,551.6600000000001
4255,2077,27.603474867246504,1270.5176827057544,238.54530999119504,997.9960000000001,566.7280000000001
4256,2077,27.603474867246504,1270.5176827057544,238.54530999119504,986.172,581.796
4257,2077,27.603474867246504,1270.5176827057544,238.54530999119504,974.348,596.864
4258,2077,27.603474867246504,1270.5176827057544,238.54530999119504,962.5240000000001,611.932
4259,2077,27.603474867246504,1270.5176827057544,238.54530999119504,950.7,627.0
4260,2077,27.603474867246504,1270.5176827057544,238.54530999119504,950.7,627.0
4261,2077,27.603474867246504,1270.5176827057544,238.54530999119504,950.7,627.0
4262,2077,27.603474867246504,1106.5176827057544,436.54530999119504,950.7,627.0
4263,2077,27.603474867246504,1106.5176827057544,436.54530999119504,950.7,627.0
4264,2077,27.603474867246504,1106.5176827057544,436.54530999119504,950.7,627.0
4265,2077,27.603474867246504,1106.5176827057544,436.54530999119504,950.7,627.0
4266,2077,20.960076555184763,1106.5176827057544,436.54530999119504,950.7,627.0
4267,2077,20.960076555184763,1106.5176827057544,436.54530999119504,950.7,627.0
4268,2077,20.960076555184763,1106.5176827057544,436.54530999119504,950.7,627.0
4269,2077,20.960076555184763,1106.5176827057544,436.54530999119504,950.7,627.0
4270,2077,20.960076555184763,1106.5176827057544,436.54530999119504,950.7,627.0
4271,2077,20.960076555184763,1106.5176827057544,436.54530999119504,950.7,627.0
4272,2077,20.960076555184763,1106.5176827057544,436.54530999119504,950.7,627.0
4273,2077,20.960076555184763,1106.5176827057544,436.54530999119504,950.7,627.0
4274,2077,20.960076555184763,1106.5176827057544,436.54530999119504,950.7,627.0
4275,2077,20.960076555184763,1106.5176827057544,436.54530999119504,950.7,627.0
4276,2077,20.960076555184763,1106.5176827057544,436.54530999119504,950.7,627.0
4277,2077,20.960076555184763,1106.5176827057544,436.54530999119504,950.7,627.0
4278,2077,20.960076555184763,1106.5176827057544,436.54530999119504,950.7,627.0
4279,2077,20.960076555184763,1106.5176827057544,436.54530999119504,950.7,627.0
4280,2077,20.960076555184763,1106.5176827057544,436.54530999119504,950.7,627.0
4281,2077,20.960076555184763,1106.5176827057544,436.54530999119504,950.7,627.0
4282,2077,20.960076555184763,1106.5176827057544,436.54530999119504,950.7,627.0
4283,2077,20.960076555184763,1106.5176827057544,436.54530999119504,950.7,627.0
4284,2077,20.960076555184763,1106.5176827057544,436.54530999119504,950.7,627.0
4285,2077,20.960076555184763,1106.5176827057544,436.54530999119504,950.7,627.0
4286,2077,20.960076555184763,1106.5176827057544,436.54530999119504,950.7,627.0
4287,2077,20.960076555184763,1106.5176827057544,436.54530999119504,950.7,627.0
4288,2077,20.960076555184763,1106.5176827057544,436.54530999119504,950.7,627.0
4289,2077,20.960076555184763,1106.5176827057544,436.54530999119504,950.7,627.0
4290,2077,20.960076555184763,1106.5176827057544,436.54530999119504,950.7,627.0
4291,2077,20.960076555184763,1106.5176827057544,436.54530999119504,950.7,627.0
4292,2077,20.960076555184763,1106.5176827057544,436.54530999119504,950.7,627.0
4293,2077,20.960076555184763,1106.5176827057544,436.54530999119504,950.7,627.0
4294,2077,20.960076555184763,1106.5176827057544,436.54530999119504,950.7,627.0
4295,2077,20.960076555184763,942.5176827057545,634.545309991195,950.7,627.0
4296,2077,20.960076555184763,942.5176827057545,634.545309991195,950.7,627.0
4297,2077,20.960076555184763,942.5176827057545,634.545309991195,950.7,627.0
4298,2077,20.960076555184763,942.5176827057545,634.545309991195,950.7,627.0
4299,2077,20.960076555184763,942.5176827057545,634.545309991195,950.7,627.0
4300,2077,20.453927632535343,942.5176827057545,634.545309991195,950.7,627.0
4301,2077,20.453927632535343,942.5176827057545,634.545309991195,950.7,627.0
4302,2077,20.453927632535343,942.5176827057545,634.545309991195,950.7,627.0
4303,2077,20.453927632535343,942.5176827057545,634.545309991195,950.7,627.0
4304,2077,20.453927632535343,942.5176827057545,634.545309991195,950.7,627.0
4305,2077,20.453927632535343,942.5176827057545,634.545309991195,950.7,627.0
4306,2077,20.453927632535343,942.5176827057545,634.545309991195,950.7,627.0
4307,2077,20.453927632535343,942.5176827057545,634.545309991195,950.7,627.0
4308,2077,20.453927632535343,942.5176827057545,634.545309991195,950.7,627.0
4309,2077,20.453927632535343,942.5176827057545,634.545309991195,950.7,627.0
4310,2077,20.453927632535343,942.5176827057545,634.545309991195,950.7,627.0
4311,2077,20.453927632535343,942.5176827057545,634.545309991195,950.7,627.0
4312,2077,20.453927632535343,942.5176827057545,634.545309991195,950.7,627.0
4313,2077,20.453927632535343,942.5176827057545,634.545309991195,950.7,627.0
4314,2077,20.453927632535343,942.5176827057545,634.545309991195,950.7,627.0
4315,2077,20.453927632535343,942.5176827057545,634.545309991195,950.7,627.0
4316,2077,20.453927632535343,942.5176827057545,634.545309991195,950.7,627.0
4317,2077,20.453927632535343,942.5176827057545,634.545309991195,950.7,627.0
4318,2077,20.453927632535343,942.5176827057545,634.545309991195,950.7,627.0
4319,2077,20.453927632535343,942.5176827057545,634.545309991195,950.7,627.0
4320,2077,20.453927632535343,942.5176827057545,634.545309991195,950.7,627.0
4321,2077,20.453927632535343,942.5176827057545,634.545309991195,950.7,627.0
4322,2077,20.453927632535343,942.5176827057545,634.545309991195,950.7,627.0
4323,2077,20.453927632535343,942.5176827057545,634.545309991195,950.7,627.0
4324,2077,20.453927632535343,942.5176827057545,634.545309991195,950.7,627.0
4325,2077,20.453927632535343,942.5176827057545,634.545309991195,950.7,627.0
4326,2077,20.453927632535343,942.5176827057545,634.545309991195,950.7,627.0
4327,2077,20.453927632535343,942.5176827057545,634.545309991195,950.7,627.0
4328,2077,20.453927632535343,942.5176827057545,634.545309991195,950.7,627.0
4329,2077,20.453927632535343,942.5176827057545,634.545309991195,950.7,627.0
4330,2077,20.453927632535343,942.5176827057545,634.545309991195,950.7,627.0
4331,2077,20.453927632535343,942.5176827057545,634.545309991195,950.7,627.0
4332,2077,20.453927632535343,942.5176827057545,634.545309991195,950.7,627.0
4333,2077,19.939951314944338,942.5176827057545,634.545309991195,950.7,627.0
4334,2077,19.939951314944338,942.5176827057545,634.545309991195,950.7,627.0
4335,2077,19.939951314944338,942.5176827057545,634.545309991195,950.7,627.0
4336,2077,19.939951314944338,942.5176827057545,634.545309991195,950.7,627.0
4337,2077,19.939951314944338,942.5176827057545,634.545309991195,950.7,627.0
4338,2077,19.939951314944338,942.5176827057545,634.545309991195,950.7,627.0
4339,2077,19.939951314944338,942.5176827057545,634.545309991195,950.7,627.0
4340,2077,19.939951314944338,942.5176827057545,634.545309991195,950.7,627.0
4341,2077,19.939951314944338,942.5176827057545,634.545309991195,950.7,627.0
4342,2077,19.939951314944338,942.5176827057545,634.545309991195,950.7,627.0
4343,2077,19.939951314944338,942.5176827057545,634.545309991195,950.7,627.0
4344,2077,19.939951314944338,942.5176827057545,634.545309991195,950.7,627.0
4345,2077,19.939951314944338,942.5176827057545,634.545309991195,950.7,627.0
4346,2077,19.939951314944338,942.5176827057545,634.545309991195,950.7,627.0
4347,2077,19.939951314944338,942.5176827057545,634.545309991195,950.7,627.0
4348,2077,19.939951314944338,942.5176827057545,634.545309991195,950.7,627.0
4349,2077,19.939951314944338,942.5176827057545,634.545309991195,950.7,627.0
4350,2077,19.939951314944338,942.5176827057545,634.545309991195,950.7,627.0
4351,2077,19.939951314944338,942.5176827057545,634.545309991195,950.7,627.0
4352,2077,19.939951314944338,942.5176827057545,634.545309991195,950.7,627.0
4353,2077,19.939951314944338,942.5176827057545,634.545309991195,950.7,627.0
4354,2077,19.939951314944338,942.5176827057545,634.545309991195,950.7,627.0
4355,2077,19.939951314944338,942.5176827057545,634.545309991195,950.7,627.0
4356,2077,19.939951314944338,942.5176827057545,634.545309991195,950.7,627.0
4357,2077,19.939951314944338,942.5176827057545,634.545309991195,950.7,627.0
4358,2077,19.939951314944338,942.5176827057545,634.545309991195,950.7,627.0
4359,2077,19.939951314944338,942.5176827057545,634.545309991195,950.7,627.0
4360,2077,19.939951314944338,942.5176827057545,634.545309991195,950.7,627.0
4361,2077,19.939951314944338,942.5176827057545,634.545309991195,950.7,627.0
4362,2077,19.939951314944338,942.5176827057545,634.545309991195,950.7,627.0
4363,2077,19.939951314944338,942.5176827057545,634.545309991195,950.7,627.0
4364,2077,19.939951314944338,942.5176827057545,634.545309991195,953.4625000000001,628.125
4365,2077,19.939951314944338,942.5176827057545,634.545309991195,956.225,629.25
4366,2077,19.452677301201387,942.5176827057545,634.545309991195,958.9875000000001,630.375
4367,2077,19.452677301201387,942.5176827057545,634.545309991195,961.75,631.5
4368,2077,19.452677301201387,942.5176827057545,634.545309991195,964.5125,632.625
4369,2077,19.452677301201387,942.5176827057545,634.545309991195,967.275,633.75
4370,2077,19.452677301201387,942.5176827057545,634.545309991195,970.0375,634.875
4371,2077,19.452677301201387,942.5176827057545,634.545309991195,972.8,636.0
4372,2077,19.452677301201387,942.5176827057545,634.545309991195,975.5625,637.125
4373,2077,19.452677301201387,942.5176827057545,634.545309991195,978.325,638.25
4374,2077,19.452677301201387,942.5176827057545,634.545309991195,981.0875,639.375
4375,2077,19.452677301201387,942.5176827057545,634.545309991195,983.85,640.5
4376,2077,19.452677301201387,942.5176827057545,634.545309991195,986.6125,641.625
4377,2077,19.452677301201387,942.5176827057545,634.545309991195,989.375,642.75
4378,2077,19.452677301201387,942.5176827057545,634.545309991195,992.1374999999999,643.875
4379,2077,19.452677301201387,942.5176827057545,634.545309991195,994.9,645.0
4380,2077,19.452677301201387,942.5176827057545,634.545309991195,994.9,645.0
4381,2077,19.452677301201387,942.5176827057545,634.545309991195,994.9,645.0
4382,2077,19.452677301201387,942.5176827057545,634.545309991195,994.9,645.0
4383,2077,19.452677301201387,942.5176827057545,634.545309991195,994.9,645.0
4384,2077,19.452677301201387,942.5176827057545,634.545309991195,994.9,645.0
4385,2077,19.452677301201387,942.5176827057545,634.545309991195,994.9,645.0
4386,2078,19.452677301201387,942.5176827057545,634.545309991195,994.9,645.0
4387,2079,19.452677301201387,942.5176827057545,634.545309991195,994.9,645.0
4388,2080,19.452677301201387,942.5176827057545,634.545309991195,994.9,645.0
4389,2081,19.452677301201387,942.5176827057545,634.545309991195,994.9,645.0
4390,2081,19.452677301201387,942.5176827057545,634.545309991195,994.9,645.0
4391,2081,19.452677301201387,942.5176827057545,634.545309991195,994.9,645.0
4392,2081,19.452677301201387,942.5176827057545,634.545309991195,994.9,645.0
4393,2081,19.452677301201387,942.5176827057545,634.545309991195,994.9,645.0
4394,2081,19.452677301201387,942.5176827057545,634.545309991195,994.9,645.0
4395,2081,19.452677301201387,944.5176827057545,537.545309991195,994.9,645.0
4396,2081,19.452677301201387,944.5176827057545,537.545309991195,994.9,645.0
4397,2081,19.452677301201387,944.5176827057545,537.545309991195,994.9,645.0
4398,2081,19.452677301201387,944.5176827057545,537.545309991195,994.9,645.0
4399,2081,19.452677301201387,944.5176827057545,537.545309991195,994.9,645.0
4400,2081,18.620392856659194,944.5176827057545,537.545309991195,994.9,645.0
4401,2081,18.620392856659194,944.5176827057545,537.545309991195,994.9,645.0
4402,2081,18.620392856659194,944.5176827057545,537.545309991195,994.9,645.0
4403,2081,18.620392856659194,944.5176827057545,537.545309991195,994.9,645.0
4404,2081,18.620392856659194,944.5176827057545,537.545309991195,994.9,645.0
4405,2081,18.620392856659194,944.5176827057545,537.545309991195,994.9,645.0
4406,2081,18.620392856659194,944.5176827057545,537.545309991195,994.9,645.0
4407,2081,18.620392856659194,944.5176827057545,537.545309991195,994.9,645.0
4408,2081,18.620392856659194,944.5176827057545,537.545309991195,994.9,645.0
4409,2081,18.620392856659194,944.5176827057545,537.545309991195,994.9,645.0
4410,2081,18.620392856659194,944.5176827057545,537.545309991195,994.9,645.0
4411,2081,18.620392856659194,944.5176827057545,537.545309991195,994.9,645.0
4412,2081,18.620392856659194,944.5176827057545,537.545309991195,994.9,645.0
4413,2081,18.620392856659194,944.5176827057545,537.545309991195,994.9,645.0
4414,2081,18.620392856659194,944.5176827057545,537.545309991195,994.9,645.0
4415,2081,18.620392856659194,944.5176827057545,537.545309991195,994.9,645.0
4416,2081,18.620392856659194,944.5176827057545,537.545309991195,994.9,645.0
4417,2081,18.620392856659194,944.5176827057545,537.545309991195,994.9,645.0
4418,2081,18.620392856659194,944.5176827057545,537.545309991195,994.9,645.0
4419,2081,18.620392856659194,944.5176827057545,537.545309991195,994.9,645.0
4420,2081,18.620392856659194,944.5176827057545,537.545309991195,994.9,645.0
4421,2081,18.620392856659194,944.5176827057545,537.545309991195,994.9,645.0
4422,2081,18.620392856659194,944.5176827057545,537.545309991195,1002.0344827586207,631.648275862069
4423,2081,18.620392856659194,944.5176827057545,537.545309991195,1009.1689655172413,618.2965517241379
4424,2081,18.620392856659194,944.5176827057545,537.545309991195,1016.303448275862,604.9448275862069
4425,2081,18.620392856659194,944.5176827057545,537.545309991195,1023.4379310344827,591.5931034482759
4426,2081,18.620392856659194,944.5176827057545,537.545309991195,1030.5724137931034,578.2413793103449
4427,2081,18.620392856659194,944.5176827057545,537.545309991195,1037.7068965517242,564.8896551724138
4428,2081,18.620392856659194,945.5176827057545,441.54530999119504,1044.8413793103448,551.5379310344828
4429,2081,18.620392856659194,945.5176827057545,441.54530999119504,1051.9758620689654,538.1862068965518
4430,2081,18.620392856659194,945.5176827057545,441.54530999119504,1059.1103448275862,524.8344827586207
4431,2081,18.620392856659194,945.5176827057545,441.54530999119504,1066.2448275862068,511.48275862068965
4432,2081,18.620392856659194,945.5176827057545,441.54530999119504,1073.3793103448274,498.13103448275865
4433,2081,18.620392856659194,945.5176827057545,441.54530999119504,1080.5137931034483,484.7793103448276
4434,2081,18.620392856659194,945.5176827057545,441.54530999119504,1087.6482758620689,471.42758620689654
4435,2081,18.620392856659194,945.5176827057545,441.54530999119504,1094.7827586206897,458.07586206896553
4436,2081,18.620392856659194,945.5176827057545,441.54530999119504,1101.9172413793103,444.7241379310345
4437,2081,18.620392856659194,945.5176827057545,441.54530999119504,1109.051724137931,431.3724137931034
4438,2081,18.620392856659194,945.5176827057545,441.54530999119504,1116.1862068965518,418.0206896551724
4439,2081,18.620392856659194,945.5176827057545,441.54530999119504,1123.3206896551724,404.6689655172414
4440,2081,18.620392856659194,945.5176827057545,441.54530999119504,1130.455172413793,391.3172413793103
4441,2081,18.620392856659194,945.5176827057545,441.54530999119504,1137.5896551724138,377.9655172413793
4442,2081,18.620392856659194,945.5176827057545,441.54530999119504,1144.7241379310344,364.6137931034483
4443,2081,18.620392856659194,945.5176827057545,441.54530999119504,1151.8586206896553,351.26206896551724
4444,2081,18.620392856659194,945.5176827057545,441.54530999119504,1158.9931034482759,337.9103448275862
4445,2081,18.620392856659194,945.5176827057545,441.54530999119504,1166.1275862068965,324.5586206896552
4446,2081,18.620392856659194,945.5176827057545,441.54530999119504,1173.2620689655173,311.2068965517241
4447,2081,18.620392856659194,945.5176827057545,441.54530999119504,1180.396551724138,297.8551724137931
4448,2081,18.620392856659194,945.5176827057545,441.54530999119504,1187.5310344827585,284.50344827586207
4449,2081,18.620392856659194,945.5176827057545,441.54530999119504,1194.6655172413793,271.151724137931
4450,2081,18.620392856659194,945.5176827057545,441.54530999119504,1201.8,257.8
4451,2081,18.620392856659194,945.5176827057545,441.54530999119504,1201.8,257.8
4452,2081,18.620392856659194,945.5176827057545,441.54530999119504,1201.8,257.8
4453,2081,18.620392856659194,945.5176827057545,441.54530999119504,1201.8,257.8
4454,2081,18.620392856659194,945.5176827057545,441.54530999119504,1201.8,257.8
4455,2081,18.620392856659194,945.5176827057545,441.54530999119504,1201.8,257.8
4456,2081,18.620392856659194,945.5176827057545,441.54530999119504,1201.8,257.8
4457,2081,18.620392856659194,945.5176827057545,441.54530999119504,1201.8,257.8
4458,2081,18.620392856659194,945.5176827057545,441.54530999119504,1201.8,257.8
4459,2081,18.620392856659194,945.5176827057545,441.54530999119504,1201.8,257.8
4460,2081,18.620392856659194,945.5176827057545,441.54530999119504,1201.8,257.8
4461,2081,18.620392856659194,945.5176827057545,441.54530999119504,1201.8,257.8
4462,2081,18.620392856659194,947.5176827057545,345.54530999119504,1201.8,257.8
4463,2081,18.620392856659194,947.5176827057545,345.54530999119504,1201.8,257.8
4464,2081,18.620392856659194,947.5176827057545,345.54530999119504,1201.8,257.8
4465,2081,18.620392856659194,947.5176827057545,345.54530999119504,1201.8,257.8
4466,2081,18.620392856659194,947.5176827057545,345.54530999119504,1201.8,257.8
4467,2081,18.620392856659194,947.5176827057545,345.54530999119504,1201.8,257.8
4468,2081,18.620392856659194,947.5176827057545,345.54530999119504,1201.8,257.8
4469,2081,18.620392856659194,947.5176827057545,345.54530999119504,1201.8,257.8
4470,2081,18.620392856659194,947.5176827057545,345.54530999119504,1201.8,257.8
4471,2081,18.620392856659194,947.5176827057545,345.54530999119504,1201.8,257.8
4472,2081,18.620392856659194,947.5176827057545,345.54530999119504,1201.8,257.8
4473,2081,18.620392856659194,947.5176827057545,345.54530999119504,1201.8,257.8
4474,2081,18.620392856659194,947.5176827057545,345.54530999119504,1201.8,257.8
4475,2081,18.620392856659194,947.5176827057545,345.54530999119504,1201.8,257.8
4476,2081,18.620392856659194,947.5176827057545,345.54530999119504,1201.8,257.8
4477,2081,18.620392856659194,947.5176827057545,345.54530999119504,1201.8,257.8
4478,2081,18.620392856659194,947.5176827057545,345.54530999119504,1201.8,257.8
4479,2081,18.620392856659194,947.5176827057545,345.54530999119504,1201.8,257.8
4480,2081,18.620392856659194,947.5176827057545,345.54530999119504,1201.8,257.8
4481,2081,18.620392856659194,947.5176827057545,345.54530999119504,1201.8,257.8
4482,2081,18.620392856659194,947.5176827057545,345.54530999119504,1201.8,257.8
4483,2081,18.620392856659194,947.5176827057545,345.54530999119504,1201.8,257.8
4484,2081,18.620392856659194,947.5176827057545,345.54530999119504,1201.8,257.8
4485,2081,18.620392856659194,947.5176827057545,345.54530999119504,1201.8,257.8
4486,2081,18.620392856659194,947.5176827057545,345.54530999119504,1201.8,257.8
4487,2081,18.620392856659194,947.5176827057545,345.54530999119504,1201.8,257.8
4488,2081,18.620392856659194,947.5176827057545,345.54530999119504,1201.8,257.8
4489,2081,18.620392856659194,947.5176827057545,345.54530999119504,1201.8,257.8
4490,2081,18.620392856659194,947.5176827057545,345.54530999119504,1201.8,257.8
4491,2081,18.620392856659194,947.5176827057545,345.54530999119504,1201.8,257.8
4492,2081,18.620392856659194,947.5176827057545,345.54530999119504,1201.8,257.8
4493,2081,18.620392856659194,947.5176827057545,345.54530999119504,1201.8,257.8
4494,2081,18.620392856659194,947.5176827057545,345.54530999119504,1201.8,257.8
4495,2081,18.620392856659194,949.5176827057545,249.54530999119504,1201.8,257.8
4496,2082,21.32528987747561,949.5176827057545,249.54530999119504,1201.8,257.8
4497,2083,24.85139332833578,949.5176827057545,249.54530999119504,1201.8,257.8
4498,2084,29.59553404937443,949.5176827057545,249.54530999119504,1201.8,257.8
4499,2085,36.205488582403156,949.5176827057545,249.54530999119504,1201.8,257.8
4500,2086,8.450369182898418,949.5176827057545,249.54530999119504,1201.8,257.8
4501,2087,7.502108579348837,949.5176827057545,249.54530999119504,1201.8,257.8
4502,2088,6.206083905767991,949.5176827057545,249.54530999119504,1201.8,257.8
4503,2089,4.731044151126181,949.5176827057545,249.54530999119504,1201.8,257.8
4504,2090,3.431441752045311,949.5176827057545,249.54530999119504,1201.8,257.8
4505,2091,2.4792798761711237,949.5176827057545,249.54530999119504,1201.8,257.8
4506,2092,7.058807229094265,949.5176827057545,249.54530999119504,1201.8,257.8
4507,2093,17.446276954754854,949.5176827057545,249.54530999119504,1201.8,257.8
4508,2094,15.077026048989744,949.5176827057545,249.54530999119504,1201.8,257.8
4509,2095,11.629352271387388,949.5176827057545,249.54530999119504,1201.8,257.8
4510,2096,8.919367197574472,949.5176827057545,249.54530999119504,1187.411111111111,256.9277777777778
4511,2097,6.782067684013197,949.5176827057545,249.54530999119504,1173.0222222222221,256.05555555555554
4512,2098,5.058970823815235,949.5176827057545,249.54530999119504,1158.6333333333332,255.18333333333334
4513,2099,3.6427286427903645,949.5176827057545,249.54530999119504,1144.2444444444443,254.31111111111113
4514,2100,2.4594269061232628,949.5176827057545,249.54530999119504,1129.8555555555556,253.4388888888889
4515,2101,1.456764683446533,949.5176827057545,249.54530999119504,1115.4666666666667,252.56666666666666
4516,2102,0.5968070762575572,949.5176827057545,249.54530999119504,1101.0777777777778,251.69444444444446
4517,2103,0.1485707371445519,949.5176827057545,249.54530999119504,1086.6888888888889,250.82222222222222
4518,2104,0.8006292833093016,949.5176827057545,249.54530999119504,1072.3,249.95
4519,2105,1.3757197497149756,949.5176827057545,249.54530999119504,1057.911111111111,249.07777777777778
4520,2106,1.886612533672471,949.5176827057545,249.54530999119504,1043.5222222222221,248.20555555555555
4521,2107,2.3434197386003377,949.5176827057545,249.54530999119504,1029.1333333333332,247.33333333333334
4522,2108,2.3434197386003377,949.5176827057545,249.54530999119504,1014.7444444444444,246.4611111111111
4523,2109,2.3434197386003377,949.5176827057545,249.54530999119504,1000.3555555555555,245.5888888888889
4524,2110,2.3434197386003377,949.5176827057545,249.54530999119504,985.9666666666666,244.71666666666667
4525,2111,2.3434197386003377,949.5176827057545,249.54530999119504,971.5777777777778,243.84444444444443
4526,2112,2.3434197386003377,949.5176827057545,249.54530999119504,957.1888888888889,242.97222222222223
4527,2113,2.3434197386003377,949.5176827057545,249.54530999119504,942.8,242.1
4528,2114,2.3434197386003377,949.5176827057545,249.54530999119504,942.8,242.1
4529,2115,2.3434197386003377,949.5176827057545,249.54530999119504,942.8,242.1
4530,2116,2.3434197386003377,949.5176827057545,249.54530999119504,942.8,242.1
4531,2117,2.3434197386003377,949.5176827057545,249.54530999119504,942.8,242.1
4532,2118,2.3434197386003377,949.5176827057545,249.54530999119504,942.8,242.1
4532,2119,2.3434197386003377,949.5176827057545,249.54530999119504,942.8,242.1
4532,2120,2.3434197386003377,949.5176827057545,249.54530999119504,942.8,242.1
4532,2121,2.3434197386003377,949.5176827057545,249.54530999119504,942.8,242.1
4532,2122,2.3434197386003377,949.5176827057545,249.54530999119504,942.8,242.1
4532,2123,2.3434197386003377,949.5176827057545,249.54530999119504,942.8,242.1
4532,2124,2.3434197386003377,949.5176827057545,249.54530999119504,942.8,242.1
4532,2125,2.3434197386003377,949.5176827057545,249.54530999119504,942.8,242.1
4532,2126,2.3434197386003377,949.5176827057545,249.54530999119504,942.8,242.1
4532,2127,2.3434197386003377,949.5176827057545,249.54530999119504,942.8,242.1
4532,2128,2.3434197386003377,949.5176827057545,249.54530999119504,942.8,242.1
4532,2129,2.3434197386003377,949.5176827057545,249.54530999119504,942.8,242.1
4532,2130,2.3434197386003377,949.5176827057545,249.54530999119504,942.8,242.1
4532,2131,2.3434197386003377,949.5176827057545,249.54530999119504,942.8,242.1
4532,2132,2.3434197386003377,949.5176827057545,249.54530999119504,942.8,242.1
4532,2133,2.3434197386003377,949.5176827057545,249.54530999119504,942.8,242.1
4532,2134,2.3434197386003377,949.5176827057545,249.54530999119504,942.8,242.1
4532,2135,2.3434197386003377,949.5176827057545,249.54530999119504,942.8,242.1
4532,2136,2.3434197386003377,949.5176827057545,249.54530999119504,942.8,242.1
4532,2137,2.3434197386003377,949.5176827057545,249.54530999119504,942.8,242.1
4532,2138,2.3434197386003377,949.5176827057545,249.54530999119504,942.8,242.1
4532,2139,2.3434197386003377,949.5176827057545,249.54530999119504,942.8,242.1
4532,2140,2.3434197386003377,949.5176827057545,249.54530999119504,942.8,242.1
4532,2141,2.3434197386003377,949.5176827057545,249.54530999119504,942.8,242.1
4532,2142,2.3434197386003377,949.5176827057545,249.54530999119504,942.8,242.1
4532,2143,2.3434197386003377,949.5176827057545,249.54530999119504,942.8,242.1
4532,2144,2.3434197386003377,949.5176827057545,249.54530999119504,942.8,242.1
4532,2145,2.3434197386003377,949.5176827057545,249.54530999119504,942.8,242.1
4532,2146,2.3434197386003377,949.5176827057545,249.54530999119504,942.8,242.1
4532,2147,2.3434197386003377,949.5176827057545,249.54530999119504,942.8,242.1
4532,2148,2.3434197386003377,949.5176827057545,249.54530999119504,942.8,242.1
4532,2149,2.3434197386003377,949.5176827057545,249.54530999119504,942.8,242.1
4532,2150,2.3434197386003377,949.5176827057545,249.54530999119504,942.8,242.1
4532,2151,2.3434197386003377,949.5176827057545,249.54530999119504,942.8,242.1
4532,2152,2.3434197386003377,949.5176827057545,249.54530999119504,942.8,242.1
4532,2153,2.3434197386003377,949.5176827057545,249.54530999119504,942.8,242.1
4532,2154,2.3434197386003377,949.5176827057545,249.54530999119504,942.8,242.1
4532,2155,2.3434197386003377,949.5176827057545,249.54530999119504,942.8,242.1
4532,2156,2.3434197386003377,949.5176827057545,249.54530999119504,942.8,242.1
4532,2157,2.3434197386003377,949.5176827057545,249.54530999119504,942.8,242.1
4532,2158,2.3434197386003377,949.5176827057545,249.54530999119504,942.8,242.1
4532,2159,2.3434197386003377,949.5176827057545,249.54530999119504,942.8,242.1
4532,2160,2.3434197386003377,949.5176827057545,249.54530999119504,942.8,242.1
4532,2161,2.3434197386003377,949.5176827057545,249.54530999119504,942.8,242.1
4532,2162,2.3434197386003377,949.5176827057545,249.54530999119504,942.8,242.1
4532,2163,2.3434197386003377,949.5176827057545,249.54530999119504,942.8,242.1
4532,2164,2.3434197386003377,949.5176827057545,249.54530999119504,942.8,242.1
4532,2165,2.3434197386003377,949.5176827057545,249.54530999119504,942.8,242.1
4532,2166,2.3434197386003377,949.5176827057545,249.54530999119504,942.8,242.1
4532,2167,2.3434197386003377,949.5176827057545,249.54530999119504,942.8,242.1
4532,2168,2.3434197386003377,949.5176827057545,249.54530999119504,942.8,242.1
4532,2169,2.3434197386003377,949.5176827057545,249.54530999119504,942.8,242.1
4532,2170,2.3434197386003377,949.5176827057545,249.54530999119504,942.8,242.1
4532,2171,2.3434197386003377,949.5176827057545,249.54530999119504,942.8,242.1
4532,2172,2.3434197386003377,949.5176827057545,249.54530999119504,942.8,242.1
4532,2173,2.3434197386003377,949.5176827057545,249.54530999119504,942.8,242.1
4532,2174,2.3434197386003377,949.5176827057545,249.54530999119504,942.8,242.1
4532,2175,2.3434197386003377,949.5176827057545,249.54530999119504,942.8,242.1
4532,2176,2.3434197386003377,949.5176827057545,249.54530999119504,942.8,242.1
4532,2177,2.3434197386003377,949.5176827057545,249.54530999119504,942.8,242.1
4532,2178,2.3434197386003377,949.5176827057545,249.54530999119504,942.8,242.1
4532,2179,2.3434197386003377,949.5176827057545,249.54530999119504,942.8,242.1
4532,2180,2.3434197386003377,949.5176827057545,249.54530999119504,942.8,242.1
4532,2181,2.3434197386003377,949.5176827057545,249.54530999119504,942.8,242.1
4532,2182,2.3434197386003377,949.5176827057545,249.54530999119504,942.8,242.1
4532,2183,2.3434197386003377,949.5176827057545,249.54530999119504,942.8,242.1
4532,2184,2.3434197386003377,949.5176827057545,249.54530999119504,942.8,242.1
4532,2185,2.3434197386003377,949.5176827057545,249.54530999119504,942.8,242.1
4532,2186,2.3434197386003377,949.5176827057545,249.54530999119504,942.8,242.1
4532,2187,2.3434197386003377,949.5176827057545,249.54530999119504,942.8,242.1
4532,2188,2.3434197386003377,949.5176827057545,249.54530999119504,942.8,242.1
4532,2189,2.3434197386003377,949.5176827057545,249.54530999119504,942.8,242.1
4532,2190,2.3434197386003377,949.5176827057545,249.54530999119504,942.8,242.1
4532,2191,2.3434197386003377,949.5176827057545,249.54530999119504,942.8,242.1
4532,2192,2.3434197386003377,949.5176827057545,249.54530999119504,942.8,242.1
4532,2193,2.3434197386003377,949.5176827057545,249.54530999119504,942.8,242.1
4532,2194,2.3434197386003377,949.5176827057545,249.54530999119504,942.8,242.1
4532,2195,2.3434197386003377,949.5176827057545,249.54530999119504,942.8,242.1
4532,2196,2.3434197386003377,949.5176827057545,249.54530999119504,942.8,242.1
4532,2197,2.3434197386003377,949.5176827057545,249.54530999119504,942.8,242.1
4532,2198,2.3434197386003377,949.5176827057545,249.54530999119504,942.8,242.1
4532,2199,2.3434197386003377,949.5176827057545,249.54530999119504,942.8,242.1
4532,2200,2.3434197386003377,949.5176827057545,249.54530999119504,942.8,242.1
4532,2201,2.3434197386003377,949.5176827057545,249.54530999119504,942.8,242.1
4532,2202,2.3434197386003377,949.5176827057545,249.54530999119504,942.8,242.1
4532,2203,2.3434197386003377,949.5176827057545,249.54530999119504,942.8,242.1
4532,2204,2.3434197386003377,949.5176827057545,249.54530999119504,942.8,242.1
4532,2205,2.3434197386003377,949.5176827057545,249.54530999119504,942.8,242.1
4532,2206,2.3434197386003377,949.5176827057545,249.54530999119504,942.8,242.1
4532,2207,2.3434197386003377,949.5176827057545,249.54530999119504,942.8,242.1
4532,2208,2.3434197386003377,949.5176827057545,249.54530999119504,942.8,242.1
4532,2209,2.3434197386003377,949.5176827057545,249.54530999119504,942.8,242.1
4532,2210,2.3434197386003377,949.5176827057545,249.54530999119504,942.8,242.1
4532,2211,2.3434197386003377,949.5176827057545,249.54530999119504,942.8,242.1
4532,2212,2.3434197386003377,949.5176827057545,249.54530999119504,942.8,242.1
4532,2213,2.3434197386003377,949.5176827057545,249.54530999119504,942.8,242.1
4532,2214,2.3434197386003377,933.5176827057545,439.54530999119504,942.8,242.1
4532,2215,2.3434197386003377,933.5176827057545,439.54530999119504,942.8,242.1
4532,2216,2.3434197386003377,933.5176827057545,439.54530999119504,942.8,242.1
4532,2217,2.3434197386003377,933.5176827057545,439.54530999119504,942.8,242.1
4532,2218,2.3434197386003377,933.5176827057545,439.54530999119504,942.8,242.1
4532,2219,2.3434197386003377,933.5176827057545,439.54530999119504,942.8,242.1
4532,2220,2.3434197386003377,933.5176827057545,439.54530999119504,942.8,242.1
4532,2221,2.3434197386003377,933.5176827057545,439.54530999119504,942.8,242.1
4532,2222,2.3434197386003377,933.5176827057545,439.54530999119504,942.8,242.1
4532,2223,2.3434197386003377,933.5176827057545,439.54530999119504,934.6387096774193,255.19032258064516
4532,2224,2.3434197386003377,933.5176827057545,439.54530999119504,926.4774193548386,268.2806451612903
4532,2225,2.3434197386003377,933.5176827057545,439.54530999119504,918.316129032258,281.3709677419355
4532,2226,2.3434197386003377,933.5176827057545,439.54530999119504,910.1548387096774,294.4612903225806
4532,2227,2.3434197386003377,933.5176827057545,439.54530999119504,901.9935483870968,307.55161290322576
4532,2228,2.3434197386003377,933.5176827057545,439.54530999119504,893.832258064516,320.64193548387095
4532,2229,2.3434197386003377,933.5176827057545,439.54530999119504,885.6709677419354,333.7322580645161
4532,2230,2.3434197386003377,933.5176827057545,439.54530999119504,877.5096774193548,346.8225806451613
4533,2231,3.22069855857535,933.5176827057545,439.54530999119504,869.3483870967741,359.9129032258064
4534,2232,2.2855156164880355,933.5176827057545,439.54530999119504,861.1870967741935,373.0032258064516
4535,2233,1.344783223494867,933.5176827057545,439.54530999119504,853.0258064516129,386.09354838709675
4536,2234,0.39896330939053004,933.5176827057545,439.54530999119504,844.8645161290322,399.1838709677419
4537,2235,0.5514661065712835,933.5176827057545,439.54530999119504,836.7032258064515,412.2741935483871
4538,2236,1.5060121980027836,933.5176827057545,439.54530999119504,828.5419354838709,425.3645161290322
4539,2237,2.4641687288967193,933.5176827057545,439.54530999119504,820.3806451612902,438.45483870967735
4540,2238,3.4254175576757753,933.5176827057545,439.54530999119504,812.2193548387096,451.54516129032254
4541,2239,4.3892302375396275,933.5176827057545,439.54530999119504,804.058064516129,464.63548387096773
4542,2240,5.355069701484169,933.5176827057545,439.54530999119504,795.8967741935484,477.72580645161287
4543,2241,6.322392019058912,933.5176827057545,439.54530999119504,787.7354838709676,490.816129032258
4544,2242,7.290648210852516,933.5176827057545,439.54530999119504,779.574193548387,503.9064516129032
4545,2243,7.290648210852516,933.5176827057545,439.54530999119504,771.4129032258064,516.9967741935484
4546,2244,7.290648210852516,933.5176827057545,439.54530999119504,763.2516129032258,530.0870967741935
4547,2245,7.290648210852516,933.5176827057545,439.54530999119504,755.0903225806451,543.1774193548387
4548,2246,7.290648210852516,933.5176827057545,439.54530999119504,746.9290322580645,556.2677419354839
4549,2247,7.290648210852516,933.5176827057545,439.54530999119504,738.7677419354839,569.3580645161289
4550,2248,7.290648210852516,918.5176827057545,629.545309991195,730.6064516129031,582.4483870967741
4551,2249,7.290648210852516,918.5176827057545,629.545309991195,722.4451612903225,595.5387096774193
4552,2250,7.290648210852516,918.5176827057545,629.545309991195,714.2838709677419,608.6290322580644
4553,2251,7.290648210852516,918.5176827057545,629.545309991195,706.1225806451612,621.7193548387096
4554,2252,7.290648210852516,918.5176827057545,629.545309991195,697.9612903225806,634.8096774193548
4555,2253,7.290648210852516,918.5176827057545,629.545309991195,689.8,647.9
4556,2254,7.290648210852516,918.5176827057545,629.545309991195,689.8,647.9
4557,2255,7.290648210852516,918.5176827057545,629.545309991195,689.8,647.9
4558,2256,7.290648210852516,918.5176827057545,629.545309991195,689.8,647.9
4559,2257,7.290648210852516,918.5176827057545,629.545309991195,689.8,647.9
4560,2258,7.290648210852516,918.5176827057545,629.545309991195,689.8,647.9
4561,2259,7.290648210852516,918.5176827057545,629.545309991195,689.8,647.9
4562,2260,7.290648210852516,918.5176827057545,629.545309991195,689.8,647.9
4563,2261,7.290648210852516,918.5176827057545,629.545309991195,689.8,647.9
4564,2262,7.290648210852516,918.5176827057545,629.545309991195,689.8,647.9
4565,2263,7.290648210852516,918.5176827057545,629.545309991195,689.8,647.9
4566,2264,7.290648210852516,918.5176827057545,629.545309991195,689.8,647.9
4567,2265,7.290648210852516,918.5176827057545,629.545309991195,689.8,647.9
4568,2266,7.290648210852516,918.5176827057545,629.545309991195,689.8,647.9
4569,2267,7.290648210852516,918.5176827057545,629.545309991195,689.8,647.9
4570,2268,7.290648210852516,918.5176827057545,629.545309991195,689.8,647.9
4571,2269,7.290648210852516,918.5176827057545,629.545309991195,689.8,647.9
4572,2270,7.290648210852516,918.5176827057545,629.545309991195,689.8,647.9
4573,2271,7.290648210852516,918.5176827057545,629.545309991195,689.8,647.9
4574,2272,7.290648210852516,918.5176827057545,629.545309991195,689.8,647.9
4575,2273,7.290648210852516,918.5176827057545,629.545309991195,689.8,647.9
4576,2274,7.290648210852516,918.5176827057545,629.545309991195,689.8,647.9
4577,2275,7.290648210852516,918.5176827057545,629.545309991195,689.8,647.9
4578,2276,7.290648210852516,918.5176827057545,629.545309991195,689.8,647.9
4579,2277,7.290648210852516,918.5176827057545,629.545309991195,689.8,647.9
4580,2278,7.290648210852516,918.5176827057545,629.545309991195,689.8,647.9
4581,2279,7.290648210852516,918.5176827057545,629.545309991195,689.8,647.9
4582,2280,7.290648210852516,918.5176827057545,629.545309991195,689.8,647.9
4583,2281,7.290648210852516,918.5176827057545,629.545309991195,689.8,647.9
4584,2282,7.290648210852516,918.5176827057545,629.545309991195,689.8,647.9
4585,2283,7.290648210852516,918.5176827057545,629.545309991195,689.8,647.9
4586,2284,7.290648210852516,918.5176827057545,629.545309991195,689.8,647.9
4587,2285,7.290648210852516,918.5176827057545,629.545309991195,689.8,647.9
4588,2286,7.290648210852516,918.5176827057545,629.545309991195,689.8,647.9
4589,2287,7.290648210852516,918.5176827057545,629.545309991195,689.8,647.9
4590,2288,7.290648210852516,918.5176827057545,629.545309991195,689.8,647.9
4591,2289,7.290648210852516,918.5176827057545,629.545309991195,689.8,647.9
4592,2290,7.290648210852516,918.5176827057545,629.545309991195,689.8,647.9
4593,2291,7.290648210852516,918.5176827057545,629.545309991195,689.8,647.9
4594,2292,7.290648210852516,918.5176827057545,629.545309991195,689.8,647.9
4595,2293,7.290648210852516,918.5176827057545,629.545309991195,689.8,647.9
4596,2294,7.290648210852516,918.5176827057545,629.545309991195,689.8,647.9
4597,2295,7.290648210852516,918.5176827057545,629.545309991195,689.8,647.9
4598,2296,7.290648210852516,918.5176827057545,629.545309991195,689.8,647.9
4598,2297,7.290648210852516,918.5176827057545,629.545309991195,689.8,647.9
4598,2298,7.290648210852516,918.5176827057545,629.545309991195,689.8,647.9
4598,2299,7.290648210852516,918.5176827057545,629.545309991195,689.8,647.9
4598,2300,7.290648210852516,918.5176827057545,629.545309991195,689.8,647.9
4598,2301,7.290648210852516,918.5176827057545,629.545309991195,689.8,647.9
4598,2302,7.290648210852516,918.5176827057545,629.545309991195,689.8,647.9
4598,2303,7.290648210852516,918.5176827057545,629.545309991195,689.8,647.9
4598,2304,7.290648210852516,918.5176827057545,629.545309991195,689.8,647.9
4598,2305,7.290648210852516,918.5176827057545,629.545309991195,689.8,647.9
4598,2306,7.290648210852516,918.5176827057545,629.545309991195,689.8,647.9
4598,2307,7.290648210852516,918.5176827057545,629.545309991195,689.8,647.9
4598,2308,7.290648210852516,918.5176827057545,629.545309991195,689.8,647.9
4598,2309,7.290648210852516,918.5176827057545,629.545309991195,689.8,647.9
4598,2310,7.290648210852516,918.5176827057545,629.545309991195,689.8,647.9
4598,2311,7.290648210852516,918.5176827057545,629.545309991195,689.8,647.9
4598,2312,7.290648210852516,918.5176827057545,629.545309991195,689.8,647.9
4598,2313,7.290648210852516,918.5176827057545,629.545309991195,689.8,647.9
4598,2314,7.290648210852516,933.5176827057545,645.545309991195,689.8,647.9
4598,2315,4.900210115767555,933.5176827057545,645.545309991195,689.8,647.9
4598,2316,2.2371372320064347,933.5176827057545,645.545309991195,689.8,647.9
4598,2317,0.7343369827818944,933.5176827057545,645.545309991195,689.8,647.9
4598,2318,4.052018908783713,933.5176827057545,645.545309991195,689.8,647.9
4598,2319,7.753638853935225,933.5176827057545,645.545309991195,689.8,647.9
4598,2320,11.873220815749063,933.5176827057545,645.545309991195,689.8,647.9
4598,2321,16.4355229398109,933.5176827057545,645.545309991195,689.8,647.9
4599,2322,16.945647776668462,933.5176827057545,645.545309991195,689.8,647.9
4600,2323,11.499889179779597,933.5176827057545,645.545309991195,689.8,647.9
4601,2324,5.673066612761282,933.5176827057545,645.545309991195,689.8,647.9
4602,2325,0.4449053286312012,933.5176827057545,645.545309991195,689.8,647.9
4603,2325,0.4449053286312012,933.5176827057545,645.545309991195,689.8,647.9
4604,2325,0.4449053286312012,933.5176827057545,645.545309991195,689.8,647.9
4605,2325,0.4449053286312012,933.5176827057545,645.545309991195,689.8,647.9
4606,2325,0.4449053286312012,933.5176827057545,645.545309991195,689.8,647.9
4607,2325,0.4449053286312012,933.5176827057545,645.545309991195,689.8,647.9
4608,2325,0.4449053286312012,933.5176827057545,645.545309991195,689.8,647.9
4609,2325,0.4449053286312012,933.5176827057545,645.545309991195,689.8,647.9
4610,2325,0.4449053286312012,933.5176827057545,645.545309991195,689.8,647.9
4611,2325,0.4449053286312012,933.5176827057545,645.545309991195,689.8,647.9
4612,2325,0.4449053286312012,933.5176827057545,645.545309991195,689.8,647.9
4613,2325,0.4449053286312012,933.5176827057545,645.545309991195,689.8,647.9
4614,2325,0.4449053286312012,933.5176827057545,645.545309991195,689.8,647.9
4615,2325,0.4449053286312012,933.5176827057545,645.545309991195,689.8,647.9
4616,2325,0.4449053286312012,933.5176827057545,645.545309991195,689.8,647.9
4617,2325,0.4449053286312012,933.5176827057545,645.545309991195,689.8,647.9
4618,2325,0.4449053286312012,933.5176827057545,645.545309991195,689.8,647.9
4619,2325,0.4449053286312012,933.5176827057545,645.545309991195,689.8,647.9
4620,2325,0.4449053286312012,933.5176827057545,645.545309991195,689.8,647.9
4621,2325,0.4449053286312012,933.5176827057545,645.545309991195,689.8,647.9
4622,2325,0.4449053286312012,933.5176827057545,645.545309991195,689.8,647.9
4623,2325,0.4449053286312012,933.5176827057545,645.545309991195,689.8,647.9
4624,2325,0.4449053286312012,933.5176827057545,645.545309991195,689.8,647.9
4625,2325,0.4449053286312012,933.5176827057545,645.545309991195,689.8,647.9
4626,2325,0.4449053286312012,933.5176827057545,645.545309991195,689.8,647.9
4627,2325,0.4449053286312012,933.5176827057545,645.545309991195,689.8,647.9
4628,2325,0.4449053286312012,933.5176827057545,645.545309991195,689.8,647.9
4629,2325,0.4449053286312012,933.5176827057545,645.545309991195,689.8,647.9
4630,2325,0.4449053286312012,933.5176827057545,645.545309991195,689.8,647.9
4631,2325,0.4449053286312012,933.5176827057545,645.545309991195,689.8,647.9
4632,2325,0.4449053286312012,933.5176827057545,645.545309991195,689.8,647.9
4633,2325,0.4449053286312012,948.5176827057545,661.545309991195,689.8,647.9
4634,2325,0.4449053286312012,948.5176827057545,661.545309991195,689.8,647.9
4635,2325,0.4449053286312012,948.5176827057545,661.545309991195,689.8,647.9
4636,2325,0.4449053286312012,948.5176827057545,661.545309991195,689.8,647.9
4637,2325,0.4449053286312012,948.5176827057545,661.545309991195,689.8,647.9
4638,2325,0.4449053286312012,948.5176827057545,661.545309991195,689.8,647.9
4639,2325,0.4449053286312012,948.5176827057545,661.545309991195,689.8,647.9
4640,2325,0.4449053286312012,948.5176827057545,661.545309991195,689.8,647.9
4641,2325,0.4449053286312012,948.5176827057545,661.545309991195,689.8,647.9
4642,2325,0.4449053286312012,948.5176827057545,661.545309991195,689.8,647.9
4643,2325,0.4449053286312012,948.5176827057545,661.545309991195,689.8,647.9
4644,2325,0.4449053286312012,948.5176827057545,661.545309991195,689.8,647.9
4645,2325,0.4449053286312012,948.5176827057545,661.545309991195,689.8,647.9
4646,2325,0.4449053286312012,948.5176827057545,661.545309991195,689.8,647.9
4647,2325,0.4449053286312012,948.5176827057545,661.545309991195,689.8,647.9
4648,2325,0.4449053286312012,948.5176827057545,661.545309991195,689.8,647.9
4649,2325,0.4449053286312012,948.5176827057545,661.545309991195,689.8,647.9
4650,2325,0.4449053286312012,948.5176827057545,661.545309991195,689.8,647.9
4651,2325,0.4449053286312012,948.5176827057545,661.545309991195,689.8,647.9
4652,2325,0.4449053286312012,948.5176827057545,661.545309991195,689.8,647.9
4653,2325,0.4449053286312012,948.5176827057545,661.545309991195,699.5807692307692,634.2423076923077
4654,2325,0.4449053286312012,948.5176827057545,661.545309991195,709.3615384615384,620.5846153846154
4655,2325,0.4449053286312012,948.5176827057545,661.545309991195,719.1423076923077,606.926923076923
4656,2325,0.4449053286312012,948.5176827057545,661.545309991195,728.9230769230769,593.2692307692307
4657,2325,0.4449053286312012,948.5176827057545,661.545309991195,738.7038461538461,579.6115384615384
4658,2326,6.7293200587140385,964.5176827057545,677.545309991195,748.4846153846154,565.9538461538461
4659,2327,13.033269824912983,964.5176827057545,677.545309991195,758.2653846153846,552.2961538461539
4660,2328,19.207127819437122,964.5176827057545,677.545309991195,768.0461538461539,538.6384615384616
4661,2329,25.11892438549317,964.5176827057545,677.545309991195,777.8269230769231,524.9807692307693
4662,2330,30.669110524727586,964.5176827057545,677.545309991195,787.6076923076923,511.3230769230769
4663,2331,35.79627388683681,964.5176827057545,677.545309991195,797.3884615384616,497.6653846153846
4664,2332,40.47456229893665,964.5176827057545,677.545309991195,807.1692307692308,484.0076923076923
4665,2333,44.706143391559586,964.5176827057545,677.545309991195,816.95,470.35
4666,2334,48.512241626900504,964.5176827057545,677.545309991195,826.7307692307693,456.6923076923077
4667,2335,51.92511294691472,964.5176827057545,677.545309991195,836.5115384615385,443.0346153846154
4668,2336,54.981952581516694,964.5176827057545,677.545309991195,846.2923076923078,429.37692307692305
4669,2337,57.72080172162273,964.5176827057545,677.545309991195,856.073076923077,415.71923076923076
4670,2338,60.178087491740015,964.5176827057545,677.545309991195,865.8538461538462,402.0615384615385
4671,2339,62.3873311600096,964.5176827057545,677.545309991195,875.6346153846155,388.40384615384613
4672,2340,62.3873311600096,964.5176827057545,677.545309991195,885.4153846153847,374.74615384615385
4673,2341,62.3873311600096,964.5176827057545,677.545309991195,895.1961538461538,361.08846153846156
4674,2342,62.3873311600096,964.5176827057545,677.545309991195,904.9769230769231,347.4307692307692
4675,2343,62.3873311600096,964.5176827057545,677.545309991195,914.7576923076923,333.7730769230769
4676,2344,62.3873311600096,964.5176827057545,677.545309991195,924.5384615384615,320.11538461538464
4677,2345,62.3873311600096,964.5176827057545,677.545309991195,934.3192307692308,306.4576923076923
4678,2346,62.3873311600096,964.5176827057545,677.545309991195,944.1,292.8
4679,2347,62.3873311600096,964.5176827057545,677.545309991195,944.1,292.8
4680,2348,62.3873311600096,964.5176827057545,677.545309991195,944.1,292.8
4681,2349,62.3873311600096,964.5176827057545,677.545309991195,944.1,292.8
4682,2350,62.3873311600096,964.5176827057545,677.545309991195,944.1,292.8
4683,2351,62.3873311600096,964.5176827057545,677.545309991195,944.1,292.8
4684,2352,62.3873311600096,964.5176827057545,677.545309991195,944.1,292.8
4685,2353,62.3873311600096,964.5176827057545,677.545309991195,944.1,292.8
4686,2354,62.3873311600096,964.5176827057545,677.545309991195,944.1,292.8
4687,2355,62.3873311600096,964.5176827057545,677.545309991195,944.1,292.8
4688,2356,62.3873311600096,964.5176827057545,677.545309991195,944.1,292.8
4689,2357,62.3873311600096,964.5176827057545,677.545309991195,944.1,292.8
4690,2358,62.3873311600096,964.5176827057545,677.545309991195,944.1,292.8
4691,2359,62.3873311600096,980.5176827057545,693.545309991195,944.1,292.8
4692,2360,62.3873311600096,980.5176827057545,693.545309991195,944.1,292.8
4693,2361,62.3873311600096,980.5176827057545,693.545309991195,944.1,292.8
4694,2362,62.3873311600096,980.5176827057545,693.545309991195,944.1,292.8
4695,2363,62.3873311600096,980.5176827057545,693.545309991195,944.1,292.8
4696,2364,62.3873311600096,980.5176827057545,693.545309991195,944.1,292.8
4697,2365,62.3873311600096,980.5176827057545,693.545309991195,944.1,292.8
4698,2366,62.3873311600096,980.5176827057545,693.545309991195,944.1,292.8
4699,2367,62.3873311600096,980.5176827057545,693.545309991195,944.1,292.8
4700,2368,53.461327797081665,980.5176827057545,693.545309991195,944.1,292.8
4701,2369,53.461327797081665,980.5176827057545,693.545309991195,944.1,292.8
4702,2370,53.461327797081665,980.5176827057545,693.545309991195,944.1,292.8
4703,2371,53.461327797081665,980.5176827057545,693.545309991195,944.1,292.8
4704,2372,53.461327797081665,980.5176827057545,693.545309991195,944.1,292.8
4705,2373,53.461327797081665,980.5176827057545,693.545309991195,944.1,292.8
4706,2374,53.461327797081665,980.5176827057545,693.545309991195,944.1,292.8
4707,2375,53.461327797081665,980.5176827057545,693.545309991195,944.1,292.8
4708,2376,53.461327797081665,980.5176827057545,693.545309991195,944.1,292.8
4709,2377,53.461327797081665,980.5176827057545,693.545309991195,944.1,292.8
4710,2378,53.461327797081665,980.5176827057545,693.545309991195,944.1,292.8
4711,2379,53.461327797081665,980.5176827057545,693.545309991195,944.1,292.8
4712,2380,53.461327797081665,980.5176827057545,693.545309991195,944.1,292.8
4713,2381,53.461327797081665,980.5176827057545,693.545309991195,944.1,292.8
4714,2382,53.461327797081665,980.5176827057545,693.545309991195,944.1,292.8
4715,2383,53.461327797081665,980.5176827057545,693.545309991195,944.1,292.8
4716,2384,53.461327797081665,980.5176827057545,693.545309991195,944.1,292.8
4717,2385,53.461327797081665,980.5176827057545,693.545309991195,944.1,292.8
4718,2386,53.461327797081665,980.5176827057545,693.545309991195,944.1,292.8
4719,2387,53.461327797081665,980.5176827057545,693.545309991195,944.1,292.8
4720,2388,53.461327797081665,980.5176827057545,693.545309991195,944.1,292.8
4721,2389,53.461327797081665,980.5176827057545,693.545309991195,944.1,292.8
4722,2390,53.461327797081665,980.5176827057545,693.545309991195,944.1,292.8
4723,2391,53.461327797081665,980.5176827057545,693.545309991195,944.1,292.8
4724,2392,53.461327797081665,980.5176827057545,693.545309991195,944.1,292.8
4725,2393,53.461327797081665,1109.5176827057544,462.54530999119504,944.1,292.8
4726,2394,53.461327797081665,1109.5176827057544,462.54530999119504,944.1,292.8
4727,2395,53.461327797081665,1109.5176827057544,462.54530999119504,944.1,292.8
4728,2396,53.461327797081665,1109.5176827057544,462.54530999119504,944.1,292.8
4729,2397,53.461327797081665,1109.5176827057544,462.54530999119504,944.1,292.8
4730,2398,53.461327797081665,1109.5176827057544,462.54530999119504,944.1,292.8
4731,2399,53.461327797081665,1109.5176827057544,462.54530999119504,944.1,292.8
4732,2400,53.461327797081665,1109.5176827057544,462.54530999119504,944.1,292.8
4732,2401,53.461327797081665,1109.5176827057544,462.54530999119504,944.1,292.8
4732,2402,53.461327797081665,1109.5176827057544,462.54530999119504,944.1,292.8
4732,2403,53.461327797081665,1109.5176827057544,462.54530999119504,944.1,292.8
4732,2404,53.461327797081665,1109.5176827057544,462.54530999119504,944.1,292.8
4732,2405,53.461327797081665,1109.5176827057544,462.54530999119504,944.1,292.8
4732,2406,53.461327797081665,1109.5176827057544,462.54530999119504,944.1,292.8
4732,2407,53.461327797081665,1109.5176827057544,462.54530999119504,944.1,292.8
4732,2408,53.461327797081665,1109.5176827057544,462.54530999119504,944.1,292.8
4732,2409,53.461327797081665,1109.5176827057544,462.54530999119504,944.1,292.8
4732,2410,53.461327797081665,1109.5176827057544,462.54530999119504,944.1,292.8
4732,2411,53.461327797081665,1109.5176827057544,462.54530999119504,944.1,292.8
4732,2412,53.461327797081665,1109.5176827057544,462.54530999119504,944.1,292.8
4732,2413,53.461327797081665,1109.5176827057544,462.54530999119504,944.1,292.8
4732,2414,53.461327797081665,1109.5176827057544,462.54530999119504,944.1,292.8
4732,2415,53.461327797081665,1109.5176827057544,462.54530999119504,944.1,292.8
4732,2416,53.461327797081665,1109.5176827057544,462.54530999119504,944.1,292.8
4732,2417,53.461327797081665,1109.5176827057544,462.54530999119504,944.1,292.8
4732,2418,53.461327797081665,1109.5176827057544,462.54530999119504,944.1,292.8
4732,2419,53.461327797081665,1109.5176827057544,462.54530999119504,944.1,292.8
4732,2420,53.461327797081665,1109.5176827057544,462.54530999119504,944.1,292.8
4732,2421,53.461327797081665,1109.5176827057544,462.54530999119504,944.1,292.8
4732,2422,53.461327797081665,1109.5176827057544,462.54530999119504,944.1,292.8
4732,2423,53.461327797081665,1109.5176827057544,462.54530999119504,944.1,292.8
4732,2424,53.461327797081665,1109.5176827057544,462.54530999119504,944.1,292.8
4732,2425,53.461327797081665,1109.5176827057544,462.54530999119504,944.1,292.8
4732,2426,53.461327797081665,1239.5176827057544,230.54530999119504,944.1,292.8
4732,2427,53.461327797081665,1239.5176827057544,230.54530999119504,944.1,292.8
4732,2428,53.461327797081665,1239.5176827057544,230.54530999119504,944.1,292.8
4732,2429,53.461327797081665,1239.5176827057544,230.54530999119504,944.1,292.8
4732,2430,53.461327797081665,1239.5176827057544,230.54530999119504,944.1,292.8
4732,2431,53.461327797081665,1239.5176827057544,230.54530999119504,944.1,292.8
4732,2432,53.461327797081665,1239.5176827057544,230.54530999119504,944.1,292.8
4732,2433,53.461327797081665,1239.5176827057544,230.54530999119504,944.1,292.8
4732,2434,53.461327797081665,1239.5176827057544,230.54530999119504,944.1,292.8
4732,2435,53.461327797081665,1239.5176827057544,230.54530999119504,944.1,292.8
4732,2436,53.461327797081665,1239.5176827057544,230.54530999119504,944.1,292.8
4732,2437,53.461327797081665,1239.5176827057544,230.54530999119504,944.1,292.8
4732,2438,53.461327797081665,1239.5176827057544,230.54530999119504,944.1,292.8
4732,2439,53.461327797081665,1239.5176827057544,230.54530999119504,944.1,292.8
4732,2440,53.461327797081665,1239.5176827057544,230.54530999119504,944.1,292.8
4732,2441,53.461327797081665,1239.5176827057544,230.54530999119504,944.1,292.8
4732,2442,53.461327797081665,1239.5176827057544,230.54530999119504,944.1,292.8
4732,2443,53.461327797081665,1239.5176827057544,230.54530999119504,944.1,292.8
4732,2444,53.461327797081665,1239.5176827057544,230.54530999119504,944.1,292.8
4732,2445,53.461327797081665,1239.5176827057544,230.54530999119504,944.1,292.8
4732,2446,53.461327797081665,1239.5176827057544,230.54530999119504,944.1,292.8
4732,2447,53.461327797081665,1239.5176827057544,230.54530999119504,944.1,292.8
4732,2448,53.461327797081665,1239.5176827057544,230.54530999119504,944.1,292.8
4732,2449,53.461327797081665,1239.5176827057544,230.54530999119504,944.1,292.8
4732,2450,53.461327797081665,1239.5176827057544,230.54530999119504,944.1,292.8
4732,2451,53.461327797081665,1239.5176827057544,230.54530999119504,944.1,292.8
4732,2452,53.461327797081665,1239.5176827057544,230.54530999119504,944.1,292.8
4732,2453,53.461327797081665,1239.5176827057544,230.54530999119504,944.1,292.8
4732,2454,53.461327797081665,1239.5176827057544,230.54530999119504,944.1,292.8
4732,2455,53.461327797081665,1239.5176827057544,230.54530999119504,944.1,292.8
4732,2456,53.461327797081665,1239.5176827057544,230.54530999119504,944.1,292.8
4732,2457,53.461327797081665,1239.5176827057544,230.54530999119504,944.1,292.8
4732,2458,53.461327797081665,1239.5176827057544,230.54530999119504,944.1,292.8
4732,2459,53.461327797081665,1239.5176827057544,230.54530999119504,944.1,292.8
4732,2460,53.461327797081665,1239.5176827057544,230.54530999119504,944.1,292.8
4732,2461,53.461327797081665,1239.5176827057544,230.54530999119504,944.1,292.8
4732,2462,53.461327797081665,1239.5176827057544,230.54530999119504,944.1,292.8
4732,2463,53.461327797081665,1239.5176827057544,230.54530999119504,944.1,292.8
4732,2464,53.461327797081665,1239.5176827057544,230.54530999119504,944.1,292.8
4732,2465,53.461327797081665,1239.5176827057544,230.54530999119504,944.1,292.8
4732,2466,53.461327797081665,1239.5176827057544,230.54530999119504,944.1,292.8
4732,2467,53.461327797081665,1239.5176827057544,230.54530999119504,944.1,292.8
4732,2468,53.461327797081665,1239.5176827057544,230.54530999119504,944.1,292.8
4732,2469,50.79217398742898,1239.5176827057544,230.54530999119504,944.1,292.8
4732,2470,48.09115552237245,1239.5176827057544,230.54530999119504,944.1,292.8
4732,2471,45.369866822679235,1239.5176827057544,230.54530999119504,944.1,292.8
4732,2472,42.64043959140671,1239.5176827057544,230.54530999119504,944.1,292.8
4732,2473,39.91522463313591,1239.5176827057544,230.54530999119504,948.0272727272727,290.9636363636364
4732,2474,37.20645910889128,1239.5176827057544,230.54530999119504,951.9545454545455,289.1272727272727
4732,2475,34.525941368311294,1239.5176827057544,230.54530999119504,955.8818181818182,287.2909090909091
4732,2476,31.884734572311704,1239.5176827057544,230.54530999119504,959.8090909090909,285.4545454545455
4732,2477,29.292916864654494,1239.5176827057544,230.54530999119504,963.7363636363636,283.6181818181818
4732,2478,26.759390519835357,1239.5176827057544,230.54530999119504,967.6636363636363,281.7818181818182
4732,2479,24.29175623436603,1239.5176827057544,230.54530999119504,971.5909090909091,279.94545454545454
4732,2480,21.896252545187206,1239.5176827057544,230.54530999119504,975.5181818181818,278.1090909090909
4732,2481,19.577755097264717,1239.5176827057544,230.54530999119504,979.4454545454545,276.2727272727273
4732,2482,17.339826681587656,1239.5176827057544,230.54530999119504,983.3727272727273,274.43636363636364
4732,2483,15.184806816531895,1239.5176827057544,230.54530999119504,987.3,272.6
4732,2484,13.113929041010643,1239.5176827057544,230.54530999119504,987.3,272.6
4732,2485,11.127454717161891,1239.5176827057544,230.54530999119504,987.3,272.6
4732,2486,9.224813604653601,1239.5176827057544,230.54530999119504,987.3,272.6
4732,2487,7.4047433740262925,1239.5176827057544,230.54530999119504,987.3,272.6
4732,2488,5.665422244714489,1239.5176827057544,230.54530999119504,987.3,272.6
4732,2489,4.00459082941584,1239.5176827057544,230.54530999119504,987.3,272.6
4732,2490,2.4196608990842874,1239.5176827057544,230.54530999119504,987.3,272.6
4732,2491,0.9078100896502876,1239.5176827057544,230.54530999119504,987.3,272.6
4732,2492,0.5339374524724124,1239.5176827057544,230.54530999119504,987.3,272.6
4732,2493,0.5339374524724124,1239.5176827057544,230.54530999119504,987.3,272.6
4732,2494,0.5339374524724124,1239.5176827057544,230.54530999119504,987.3,272.6
4732,2495,0.5339374524724124,1239.5176827057544,230.54530999119504,987.3,272.6
4732,2496,0.5339374524724124,1239.5176827057544,230.54530999119504,987.3,272.6
4732,2497,0.5339374524724124,1239.5176827057544,230.54530999119504,987.3,272.6
4732,2498,0.5339374524724124,1239.5176827057544,230.54530999119504,987.3,272.6
4732,2499,0.5339374524724124,1239.5176827057544,230.54530999119504,987.3,272.6
4732,2500,0.5339374524724124,1239.5176827057544,230.54530999119504,987.3,272.6
4732,2501,0.5339374524724124,1239.5176827057544,230.54530999119504,987.3,272.6
4732,2502,0.5339374524724124,1239.5176827057544,230.54530999119504,987.3,272.6
4732,2503,0.5339374524724124,1239.5176827057544,230.54530999119504,987.3,272.6
4732,2504,0.5339374524724124,1239.5176827057544,230.54530999119504,987.3,272.6
4732,2505,0.5339374524724124,1239.5176827057544,230.54530999119504,987.3,272.6
4732,2506,0.5339374524724124,1239.5176827057544,230.54530999119504,987.3,272.6
4732,2507,0.5339374524724124,1239.5176827057544,230.54530999119504,987.3,272.6
4732,2508,0.5339374524724124,1239.5176827057544,230.54530999119504,987.3,272.6
4732,2509,0.5339374524724124,1239.5176827057544,230.54530999119504,987.3,272.6
4732,2510,0.5339374524724124,1239.5176827057544,230.54530999119504,987.3,272.6
4732,2511,0.5339374524724124,1239.5176827057544,230.54530999119504,987.3,272.6
4732,2512,0.5339374524724124,1239.5176827057544,230.54530999119504,987.3,272.6
4732,2513,0.5339374524724124,1239.5176827057544,230.54530999119504,987.3,272.6
4732,2514,0.5339374524724124,1239.5176827057544,230.54530999119504,987.3,272.6
4732,2515,0.5339374524724124,1239.5176827057544,230.54530999119504,987.3,272.6
4732,2516,0.5339374524724124,1239.5176827057544,230.54530999119504,987.3,272.6
4732,2517,0.5339374524724124,1239.5176827057544,230.54530999119504,987.3,272.6
4732,2518,0.5339374524724124,1239.5176827057544,230.54530999119504,987.3,272.6
4732,2519,0.5339374524724124,1239.5176827057544,230.54530999119504,987.3,272.6
4732,2520,0.5339374524724124,1239.5176827057544,230.54530999119504,987.3,272.6
4732,2521,0.5339374524724124,1239.5176827057544,230.54530999119504,987.3,272.6
4732,2522,0.5339374524724124,1239.5176827057544,230.54530999119504,987.3,272.6
4732,2523,0.5339374524724124,1239.5176827057544,230.54530999119504,987.3,272.6
4732,2524,0.5339374524724124,1239.5176827057544,230.54530999119504,987.3,272.6
4732,2525,0.5339374524724124,1239.5176827057544,230.54530999119504,987.3,272.6
4732,2526,0.5339374524724124,1239.5176827057544,230.54530999119504,987.3,272.6
4732,2527,0.5339374524724124,1239.5176827057544,230.54530999119504,987.3,272.6
4732,2528,0.5339374524724124,1239.5176827057544,230.54530999119504,987.3,272.6
4732,2529,0.5339374524724124,1239.5176827057544,230.54530999119504,987.3,272.6
4732,2530,0.5339374524724124,1239.5176827057544,230.54530999119504,987.3,272.6
4732,2531,0.5339374524724124,1239.5176827057544,230.54530999119504,987.3,272.6
4732,2532,0.5339374524724124,1239.5176827057544,230.54530999119504,987.3,272.6
4732,2533,0.5339374524724124,1239.5176827057544,230.54530999119504,987.3,272.6
4732,2534,0.5339374524724124,1195.5176827057544,431.54530999119504,987.3,272.6
4732,2535,0.5339374524724124,1195.5176827057544,431.54530999119504,987.3,272.6
4732,2536,0.5339374524724124,1195.5176827057544,431.54530999119504,987.3,272.6
4732,2537,0.5339374524724124,1195.5176827057544,431.54530999119504,987.3,272.6
4732,2538,0.5339374524724124,1195.5176827057544,431.54530999119504,987.3,272.6
4732,2539,0.5339374524724124,1195.5176827057544,431.54530999119504,987.3,272.6
4732,2540,0.5339374524724124,1195.5176827057544,431.54530999119504,987.3,272.6
4732,2541,0.5339374524724124,1195.5176827057544,431.54530999119504,987.3,272.6
4732,2542,0.5339374524724124,1195.5176827057544,431.54530999119504,987.3,272.6
4732,2543,0.5339374524724124,1195.5176827057544,431.54530999119504,987.3,272.6
4732,2544,0.5339374524724124,1195.5176827057544,431.54530999119504,987.3,272.6
4732,2545,0.5339374524724124,1195.5176827057544,431.54530999119504,987.3,272.6
4732,2546,0.5339374524724124,1195.5176827057544,431.54530999119504,987.3,272.6
4732,2547,0.5339374524724124,1195.5176827057544,431.54530999119504,987.3,272.6
4732,2548,0.5339374524724124,1195.5176827057544,431.54530999119504,987.3,272.6
4732,2549,0.5339374524724124,1195.5176827057544,431.54530999119504,987.3,272.6
4732,2550,0.5339374524724124,1195.5176827057544,431.54530999119504,987.3,272.6
4732,2551,0.5339374524724124,1195.5176827057544,431.54530999119504,987.3,272.6
4732,2552,0.5339374524724124,1195.5176827057544,431.54530999119504,987.3,272.6
4732,2553,0.5339374524724124,1195.5176827057544,431.54530999119504,987.3,272.6
4732,2554,0.5339374524724124,1195.5176827057544,431.54530999119504,987.3,272.6
4732,2555,0.5339374524724124,1195.5176827057544,431.54530999119504,987.3,272.6
4732,2556,0.5339374524724124,1195.5176827057544,431.54530999119504,987.3,272.6
4732,2557,0.5339374524724124,1195.5176827057544,431.54530999119504,987.3,272.6
4732,2558,0.5339374524724124,1195.5176827057544,431.54530999119504,987.3,272.6
4732,2559,0.5339374524724124,1151.5176827057544,632.545309991195,987.3,272.6
4732,2560,0.5339374524724124,1151.5176827057544,632.545309991195,987.3,272.6
4732,2561,0.5339374524724124,1151.5176827057544,632.545309991195,987.3,272.6
4732,2562,0.5339374524724124,1151.5176827057544,632.545309991195,987.3,272.6
4732,2563,0.5339374524724124,1151.5176827057544,632.545309991195,987.3,272.6
4732,2564,0.5339374524724124,1151.5176827057544,632.545309991195,987.3,272.6
4732,2565,0.5339374524724124,1151.5176827057544,632.545309991195,987.3,272.6
4732,2566,0.5339374524724124,1151.5176827057544,632.545309991195,987.3,272.6
4732,2567,0.5339374524724124,1151.5176827057544,632.545309991195,987.3,272.6
4732,2568,0.5339374524724124,1151.5176827057544,632.545309991195,987.3,272.6
4732,2569,0.5339374524724124,1151.5176827057544,632.545309991195,987.3,272.6
4732,2570,0.5339374524724124,1151.5176827057544,632.545309991195,987.3,272.6
4732,2571,0.5339374524724124,1151.5176827057544,632.545309991195,987.3,272.6
4732,2572,0.5339374524724124,1151.5176827057544,632.545309991195,987.3,272.6
4732,2573,0.5339374524724124,1151.5176827057544,632.545309991195,987.3,272.6
4732,2574,0.5339374524724124,1151.5176827057544,632.545309991195,987.3,272.6
4732,2575,0.5339374524724124,1151.5176827057544,632.545309991195,987.3,272.6
4732,2576,0.5339374524724124,1151.5176827057544,632.545309991195,987.3,272.6
4732,2577,0.5339374524724124,1151.5176827057544,632.545309991195,987.3,272.6
4732,2578,0.5339374524724124,1151.5176827057544,632.545309991195,987.3,272.6
4732,2579,0.5339374524724124,1151.5176827057544,632.545309991195,987.3,272.6
4732,2580,0.5339374524724124,1151.5176827057544,632.545309991195,987.3,272.6
4732,2581,0.5339374524724124,1151.5176827057544,632.545309991195,987.3,272.6
4732,2582,0.5339374524724124,1151.5176827057544,632.545309991195,987.3,272.6
4732,2583,0.5339374524724124,1151.5176827057544,632.545309991195,987.3,272.6
4732,2584,0.5339374524724124,1151.5176827057544,632.545309991195,987.3,272.6
4732,2585,0.5339374524724124,1151.5176827057544,632.545309991195,987.3,272.6
4732,2586,0.5339374524724124,1151.5176827057544,632.545309991195,987.3,272.6
4732,2587,0.5339374524724124,1151.5176827057544,632.545309991195,987.3,272.6
4732,2588,0.5339374524724124,1151.5176827057544,632.545309991195,987.3,272.6
4732,2589,0.5339374524724124,1151.5176827057544,632.545309991195,987.3,272.6
4732,2590,0.5339374524724124,1151.5176827057544,632.545309991195,987.3,272.6
4732,2591,0.5339374524724124,1151.5176827057544,632.545309991195,987.3,272.6
4732,2592,0.5339374524724124,1151.5176827057544,632.545309991195,987.3,272.6
4732,2593,0.5339374524724124,905.5176827057545,663.545309991195,987.3,272.6
4732,2594,0.5339374524724124,905.5176827057545,663.545309991195,987.3,272.6
4732,2595,0.5339374524724124,905.5176827057545,663.545309991195,987.3,272.6
4732,2596,0.5339374524724124,905.5176827057545,663.545309991195,987.3,272.6
4732,2597,0.5339374524724124,905.5176827057545,663.545309991195,987.3,272.6
4732,2598,0.5339374524724124,905.5176827057545,663.545309991195,987.3,272.6
4732,2599,0.5339374524724124,905.5176827057545,663.545309991195,987.3,272.6
4732,2600,0.5339374524724124,905.5176827057545,663.545309991195,987.3,272.6
4732,2601,0.5339374524724124,905.5176827057545,663.545309991195,987.3,272.6
4732,2602,0.5339374524724124,905.5176827057545,663.545309991195,987.3,272.6
4732,2603,0.5339374524724124,905.5176827057545,663.545309991195,987.3,272.6
4732,2604,0.5339374524724124,905.5176827057545,663.545309991195,987.3,272.6
4732,2605,0.5339374524724124,905.5176827057545,663.545309991195,987.3,272.6
4732,2606,0.5339374524724124,905.5176827057545,663.545309991195,987.3,272.6
4732,2607,0.5339374524724124,905.5176827057545,663.545309991195,987.3,272.6
4732,2608,0.5339374524724124,905.5176827057545,663.545309991195,987.3,272.6
4732,2609,0.5339374524724124,905.5176827057545,663.545309991195,987.3,272.6
4732,2610,0.5339374524724124,905.5176827057545,663.545309991195,987.3,272.6
4732,2611,0.5339374524724124,905.5176827057545,663.545309991195,987.3,272.6
4732,2612,0.5339374524724124,905.5176827057545,663.545309991195,987.3,272.6
4732,2613,0.5339374524724124,905.5176827057545,663.545309991195,987.3,272.6
4732,2614,0.5339374524724124,905.5176827057545,663.545309991195,987.3,272.6
4732,2615,0.5339374524724124,905.5176827057545,663.545309991195,987.3,272.6
4732,2616,0.5339374524724124,905.5176827057545,663.545309991195,987.3,272.6
4732,2617,0.5339374524724124,905.5176827057545,663.545309991195,987.3,272.6
4732,2618,0.5339374524724124,905.5176827057545,663.545309991195,987.3,272.6
4732,2619,0.5339374524724124,905.5176827057545,663.545309991195,987.3,272.6
4732,2620,0.5339374524724124,905.5176827057545,663.545309991195,987.3,272.6
4732,2621,0.5339374524724124,905.5176827057545,663.545309991195,988.9,270.68
4732,2622,0.5339374524724124,905.5176827057545,663.545309991195,990.5,268.76
4732,2623,0.5339374524724124,905.5176827057545,663.545309991195,992.0999999999999,266.84000000000003
4732,2624,0.5339374524724124,905.5176827057545,663.545309991195,993.6999999999999,264.92
4732,2625,0.5339374524724124,905.5176827057545,663.545309991195,995.3,263.0
4732,2626,0.5339374524724124,659.5176827057545,694.545309991195,995.3,263.0
4732,2627,0.5339374524724124,659.5176827057545,694.545309991195,995.3,263.0
4732,2628,0.5339374524724124,659.5176827057545,694.545309991195,995.3,263.0
4732,2629,0.5339374524724124,659.5176827057545,694.545309991195,995.3,263.0
4732,2630,0.5339374524724124,659.5176827057545,694.545309991195,995.3,263.0
4732,2631,0.5339374524724124,659.5176827057545,694.545309991195,995.3,263.0
4732,2632,0.5339374524724124,659.5176827057545,694.545309991195,995.3,263.0
4732,2633,0.5339374524724124,659.5176827057545,694.545309991195,995.3,263.0
4732,2634,0.5339374524724124,659.5176827057545,694.545309991195,995.3,263.0
4732,2635,0.5339374524724124,659.5176827057545,694.545309991195,995.3,263.0
4732,2636,0.5339374524724124,659.5176827057545,694.545309991195,995.3,263.0
4732,2637,0.5339374524724124,659.5176827057545,694.545309991195,995.3,263.0
4732,2638,0.5339374524724124,659.5176827057545,694.545309991195,995.3,263.0
4732,2639,0.5339374524724124,659.5176827057545,694.545309991195,995.3,263.0
4732,2640,0.5339374524724124,659.5176827057545,694.545309991195,995.3,263.0
4732,2641,0.5339374524724124,659.5176827057545,694.545309991195,995.3,263.0
4732,2642,0.5339374524724124,659.5176827057545,694.545309991195,995.3,263.0
4732,2643,0.5339374524724124,659.5176827057545,694.545309991195,995.3,263.0
4732,2644,1.8997855277198672,659.5176827057545,694.545309991195,995.3,263.0
4732,2645,3.348336695344719,659.5176827057545,694.545309991195,995.3,263.0
4732,2646,4.885307397271506,659.5176827057545,694.545309991195,995.3,263.0
4732,2647,6.516622234403027,659.5176827057545,694.545309991195,995.3,263.0
4732,2648,8.248341297163769,659.5176827057545,694.545309991195,995.3,263.0
4732,2649,10.086557182689342,659.5176827057545,694.545309991195,995.3,263.0
4732,2650,12.037255013676106,659.5176827057545,694.545309991195,995.3,263.0
4732,2651,14.106128688902594,659.5176827057545,694.545309991195,995.3,263.0
4732,2652,16.298347325539595,659.5176827057545,694.545309991195,995.3,263.0
4732,2653,18.618267839786583,659.5176827057545,694.545309991195,995.3,263.0
4732,2654,21.06909335728529,659.5176827057545,694.545309991195,995.3,263.0
4732,2655,23.652483116797036,659.5176827057545,694.545309991195,995.3,263.0
4732,2656,26.368127989946576,659.5176827057545,694.545309991195,995.3,263.0
4732,2657,29.213316476569005,659.5176827057545,694.545309991195,995.3,263.0
4732,2658,32.182528057009094,659.5176827057545,694.545309991195,995.3,263.0
4732,2659,35.26710205657231,659.5176827057545,694.545309991195,995.3,263.0
4732,2660,38.455037610409875,659.5176827057545,694.545309991195,995.3,263.0
4732,2661,41.73098019875319,659.5176827057545,694.545309991195,995.3,263.0
4732,2662,45.07643926286553,659.5176827057545,694.545309991195,995.3,263.0
4732,2663,48.470258245875236,659.5176827057545,694.545309991195,995.3,263.0
4732,2664,51.8893250259954,659.5176827057545,694.545309991195,995.3,263.0
4732,2665,55.30947302067181,659.5176827057545,694.545309991195,995.3,263.0
4732,2666,58.70648997317364,659.5176827057545,694.545309991195,995.3,263.0
4732,2667,62.05713147929042,659.5176827057545,694.545309991195,995.3,263.0
4732,2668,62.05713147929042,659.5176827057545,694.545309991195,995.3,263.0
4732,2669,62.05713147929042,659.5176827057545,694.545309991195,995.3,263.0
4732,2670,62.05713147929042,659.5176827057545,694.545309991195,995.3,263.0
4732,2671,62.05713147929042,659.5176827057545,694.545309991195,995.3,263.0
4732,2672,62.05713147929042,659.5176827057545,694.545309991195,995.3,263.0
4732,2673,62.05713147929042,659.5176827057545,694.545309991195,995.3,263.0
4732,2674,62.05713147929042,659.5176827057545,694.545309991195,995.3,263.0
4732,2675,62.05713147929042,659.5176827057545,694.545309991195,995.3,263.0
4732,2676,62.05713147929042,659.5176827057545,694.545309991195,995.3,263.0
4732,2677,62.05713147929042,659.5176827057545,694.545309991195,995.3,263.0
4732,2678,62.05713147929042,659.5176827057545,694.545309991195,995.3,263.0
4732,2679,62.05713147929042,659.5176827057545,694.545309991195,995.3,263.0
4732,2680,62.05713147929042,659.5176827057545,694.545309991195,995.3,263.0
4732,2681,62.05713147929042,659.5176827057545,694.545309991195,995.3,263.0
4732,2682,62.05713147929042,659.5176827057545,694.545309991195,995.3,263.0
4732,2683,62.05713147929042,659.5176827057545,694.545309991195,995.3,263.0
4732,2684,62.05713147929042,659.5176827057545,694.545309991195,995.3,263.0
4732,2685,62.05713147929042,659.5176827057545,694.545309991195,995.3,263.0
4732,2686,62.05713147929042,659.5176827057545,694.545309991195,995.3,263.0
4732,2687,62.05713147929042,659.5176827057545,694.545309991195,995.3,263.0
4732,2688,62.05713147929042,659.5176827057545,694.545309991195,995.3,263.0
4732,2689,62.05713147929042,659.5176827057545,694.545309991195,995.3,263.0
4732,2690,62.05713147929042,659.5176827057545,694.545309991195,995.3,263.0
4732,2691,62.05713147929042,659.5176827057545,694.545309991195,995.3,263.0
4732,2692,62.05713147929042,659.5176827057545,694.545309991195,995.3,263.0
4732,2693,62.05713147929042,734.5176827057545,690.545309991195,995.3,263.0
4732,2694,62.05713147929042,734.5176827057545,690.545309991195,995.3,263.0
4732,2695,62.05713147929042,734.5176827057545,690.545309991195,995.3,263.0
4732,2696,62.05713147929042,734.5176827057545,690.545309991195,995.3,263.0
4732,2697,62.05713147929042,734.5176827057545,690.545309991195,995.3,263.0
4732,2698,62.05713147929042,734.5176827057545,690.545309991195,995.3,263.0
4732,2699,62.05713147929042,734.5176827057545,690.545309991195,995.3,263.0
4732,2700,62.05713147929042,734.5176827057545,690.545309991195,995.3,263.0
4732,2701,62.05713147929042,734.5176827057545,690.545309991195,995.3,263.0
4732,2702,62.05713147929042,734.5176827057545,690.545309991195,995.3,263.0
4732,2703,62.05713147929042,734.5176827057545,690.545309991195,995.3,263.0
4732,2704,62.05713147929042,734.5176827057545,690.545309991195,995.3,263.0
4732,2705,62.05713147929042,734.5176827057545,690.545309991195,995.3,263.0
4732,2706,62.05713147929042,734.5176827057545,690.545309991195,995.3,263.0
4732,2707,62.05713147929042,734.5176827057545,690.545309991195,995.3,263.0
4732,2708,62.05713147929042,734.5176827057545,690.545309991195,995.3,263.0
4732,2709,62.05713147929042,734.5176827057545,690.545309991195,995.3,263.0
4732,2710,62.05713147929042,734.5176827057545,690.545309991195,995.3,263.0
4732,2711,62.05713147929042,734.5176827057545,690.545309991195,995.3,263.0
4732,2712,62.05713147929042,734.5176827057545,690.545309991195,995.3,263.0
4732,2713,62.05713147929042,734.5176827057545,690.545309991195,995.3,263.0
4732,2714,62.05713147929042,734.5176827057545,690.545309991195,995.3,263.0
4732,2715,62.05713147929042,734.5176827057545,690.545309991195,995.3,263.0
4732,2716,62.05713147929042,734.5176827057545,690.545309991195,995.3,263.0
4732,2717,62.05713147929042,734.5176827057545,690.545309991195,995.3,263.0
4732,2718,62.05713147929042,734.5176827057545,690.545309991195,995.3,263.0
4732,2719,62.05713147929042,734.5176827057545,690.545309991195,995.3,263.0
4732,2720,62.05713147929042,734.5176827057545,690.545309991195,995.3,263.0
4732,2721,62.05713147929042,734.5176827057545,690.545309991195,995.3,263.0
4732,2722,62.05713147929042,734.5176827057545,690.545309991195,995.3,263.0
4732,2723,62.05713147929042,734.5176827057545,690.545309991195,995.3,263.0
4732,2724,62.05713147929042,734.5176827057545,690.545309991195,995.3,263.0
4732,2725,62.05713147929042,734.5176827057545,690.545309991195,995.3,263.0
4732,2726,62.05713147929042,809.5176827057545,685.545309991195,995.3,263.0
4732,2727,62.05713147929042,809.5176827057545,685.545309991195,995.3,263.0
4732,2728,62.05713147929042,809.5176827057545,685.545309991195,995.3,263.0
4732,2729,62.05713147929042,809.5176827057545,685.545309991195,995.3,263.0
4732,2730,62.05713147929042,809.5176827057545,685.545309991195,995.3,263.0
4732,2731,62.05713147929042,809.5176827057545,685.545309991195,995.3,263.0
4732,2732,62.05713147929042,809.5176827057545,685.545309991195,995.3,263.0
4732,2733,62.05713147929042,809.5176827057545,685.545309991195,995.3,263.0
4732,2734,62.05713147929042,809.5176827057545,685.545309991195,995.3,263.0
4732,2735,62.05713147929042,809.5176827057545,685.545309991195,995.3,263.0
4732,2736,62.05713147929042,809.5176827057545,685.545309991195,995.3,263.0
4732,2737,62.05713147929042,809.5176827057545,685.545309991195,995.3,263.0
4732,2738,62.05713147929042,809.5176827057545,685.545309991195,995.3,263.0
4732,2739,62.05713147929042,809.5176827057545,685.545309991195,995.3,263.0
4732,2740,62.05713147929042,809.5176827057545,685.545309991195,995.3,263.0
4732,2741,62.05713147929042,809.5176827057545,685.545309991195,995.3,263.0
4732,2742,62.05713147929042,809.5176827057545,685.545309991195,995.3,263.0
4732,2743,62.05713147929042,809.5176827057545,685.545309991195,995.3,263.0
4732,2744,62.05713147929042,809.5176827057545,685.545309991195,995.3,263.0
4732,2745,62.05713147929042,809.5176827057545,685.545309991195,995.3,263.0
4732,2746,62.05713147929042,809.5176827057545,685.545309991195,995.3,263.0
4732,2747,62.05713147929042,809.5176827057545,685.545309991195,995.3,263.0
4732,2748,62.05713147929042,809.5176827057545,685.545309991195,995.3,263.0
4732,2749,62.05713147929042,809.5176827057545,685.545309991195,995.3,263.0
4732,2750,62.05713147929042,809.5176827057545,685.545309991195,995.3,263.0
4732,2751,62.05713147929042,809.5176827057545,685.545309991195,995.3,263.0
4732,2752,62.05713147929042,809.5176827057545,685.545309991195,995.3,263.0
4732,2753,62.05713147929042,809.5176827057545,685.545309991195,995.3,263.0
4732,2754,62.05713147929042,809.5176827057545,685.545309991195,995.3,263.0
4732,2755,62.05713147929042,809.5176827057545,685.545309991195,995.3,263.0
4732,2756,62.05713147929042,809.5176827057545,685.545309991195,995.3,263.0
4732,2757,62.05713147929042,809.5176827057545,685.545309991195,995.3,263.0
4732,2758,62.05713147929042,809.5176827057545,685.545309991195,995.3,263.0
4732,2759,62.05713147929042,885.5176827057545,680.545309991195,995.3,263.0
4732,2760,62.05713147929042,885.5176827057545,680.545309991195,995.3,263.0
4732,2761,62.05713147929042,885.5176827057545,680.545309991195,995.3,263.0
4732,2762,62.05713147929042,885.5176827057545,680.545309991195,995.3,263.0
4732,2763,62.05713147929042,885.5176827057545,680.545309991195,995.3,263.0
4732,2764,62.05713147929042,885.5176827057545,680.545309991195,995.3,263.0
4732,2765,62.05713147929042,885.5176827057545,680.545309991195,995.3,263.0
4732,2766,62.05713147929042,885.5176827057545,680.545309991195,995.3,263.0
4732,2767,62.05713147929042,885.5176827057545,680.545309991195,995.3,263.0
4732,2768,62.05713147929042,885.5176827057545,680.545309991195,995.3,263.0
4732,2769,62.05713147929042,885.5176827057545,680.545309991195,995.3,263.0
4732,2770,62.05713147929042,885.5176827057545,680.545309991195,995.3,263.0
4732,2771,62.05713147929042,885.5176827057545,680.545309991195,995.3,263.0
4732,2772,62.05713147929042,885.5176827057545,680.545309991195,995.3,263.0
4732,2773,62.05713147929042,885.5176827057545,680.545309991195,995.3,263.0
4732,2774,62.05713147929042,885.5176827057545,680.545309991195,995.3,263.0
4732,2775,62.05713147929042,885.5176827057545,680.545309991195,995.3,263.0
4732,2776,62.05713147929042,885.5176827057545,680.545309991195,995.3,263.0
4732,2777,62.05713147929042,885.5176827057545,680.545309991195,995.3,263.0
4732,2778,62.05713147929042,885.5176827057545,680.545309991195,995.3,263.0
4732,2779,62.05713147929042,885.5176827057545,680.545309991195,995.3,263.0
4732,2780,62.05713147929042,885.5176827057545,680.545309991195,995.3,263.0
4732,2781,62.05713147929042,885.5176827057545,680.545309991195,995.3,263.0
4732,2782,62.05713147929042,885.5176827057545,680.545309991195,995.3,263.0
4732,2783,62.05713147929042,885.5176827057545,680.545309991195,995.3,263.0
4732,2784,62.05713147929042,885.5176827057545,680.545309991195,995.3,263.0
4732,2785,62.05713147929042,885.5176827057545,680.545309991195,995.3,263.0
4732,2786,62.05713147929042,885.5176827057545,680.545309991195,995.3,263.0
4732,2787,62.05713147929042,885.5176827057545,680.545309991195,995.3,263.0
4732,2788,62.05713147929042,885.5176827057545,680.545309991195,995.3,263.0
4732,2789,62.05713147929042,885.5176827057545,680.545309991195,995.3,263.0
4732,2790,62.05713147929042,885.5176827057545,680.545309991195,995.3,263.0
4732,2791,62.05713147929042,885.5176827057545,680.545309991195,995.3,263.0
4732,2792,62.05713147929042,961.5176827057545,676.545309991195,995.3,263.0
4732,2793,62.05713147929042,961.5176827057545,676.545309991195,995.3,263.0
4732,2794,62.05713147929042,961.5176827057545,676.545309991195,995.3,263.0
4732,2795,62.05713147929042,961.5176827057545,676.545309991195,995.3,263.0
4732,2796,62.05713147929042,961.5176827057545,676.545309991195,995.3,263.0
4732,2797,62.05713147929042,961.5176827057545,676.545309991195,995.3,263.0
4732,2798,62.05713147929042,961.5176827057545,676.545309991195,995.3,263.0
4732,2799,62.05713147929042,961.5176827057545,676.545309991195,995.3,263.0
4732,2800,62.05713147929042,961.5176827057545,676.545309991195,995.3,263.0
4732,2801,62.05713147929042,961.5176827057545,676.545309991195,995.3,263.0
4732,2802,62.05713147929042,961.5176827057545,676.545309991195,995.3,263.0
4732,2803,62.05713147929042,961.5176827057545,676.545309991195,995.3,263.0
4732,2804,62.05713147929042,961.5176827057545,676.545309991195,995.3,263.0
4732,2805,62.05713147929042,961.5176827057545,676.545309991195,995.3,263.0
4732,2806,62.05713147929042,961.5176827057545,676.545309991195,995.3,263.0
4732,2807,62.05713147929042,961.5176827057545,676.545309991195,995.3,263.0
4732,2808,62.05713147929042,961.5176827057545,676.545309991195,995.3,263.0
4732,2809,62.05713147929042,961.5176827057545,676.545309991195,995.3,263.0
4732,2810,62.05713147929042,961.5176827057545,676.545309991195,991.6285714285714,263.15714285714284
4732,2811,62.05713147929042,961.5176827057545,676.545309991195,987.9571428571428,263.31428571428575
4732,2812,62.05713147929042,961.5176827057545,676.545309991195,984.2857142857142,263.4714285714286
4732,2813,62.05713147929042,961.5176827057545,676.545309991195,980.6142857142858,263.62857142857143
4732,2814,62.05713147929042,961.5176827057545,676.545309991195,976.9428571428572,263.7857142857143
4732,2815,62.05713147929042,961.5176827057545,676.545309991195,973.2714285714286,263.9428571428572
4732,2816,62.05713147929042,961.5176827057545,676.545309991195,969.6,264.1
4732,2817,62.05713147929042,961.5176827057545,676.545309991195,969.6,264.1
4732,2818,62.05713147929042,961.5176827057545,676.545309991195,969.6,264.1
4732,2819,62.05713147929042,961.5176827057545,676.545309991195,969.6,264.1
4732,2820,62.05713147929042,961.5176827057545,676.545309991195,969.6,264.1
4732,2821,62.05713147929042,961.5176827057545,676.545309991195,969.6,264.1
4732,2822,62.05713147929042,961.5176827057545,676.545309991195,969.6,264.1
4732,2823,62.05713147929042,961.5176827057545,676.545309991195,969.6,264.1
4732,2824,62.05713147929042,961.5176827057545,676.545309991195,969.6,264.1
4732,2825,62.05713147929042,961.5176827057545,676.545309991195,969.6,264.1
4732,2826,62.05713147929042,970.5176827057545,433.54530999119504,969.6,264.1
4732,2827,62.05713147929042,970.5176827057545,433.54530999119504,969.6,264.1
4732,2828,62.05713147929042,970.5176827057545,433.54530999119504,969.6,264.1
4732,2829,62.05713147929042,970.5176827057545,433.54530999119504,969.6,264.1
4732,2830,62.05713147929042,970.5176827057545,433.54530999119504,969.6,264.1
4732,2831,62.31359716024478,970.5176827057545,433.54530999119504,969.6,264.1
4732,2832,62.605535008518075,970.5176827057545,433.54530999119504,969.6,264.1
4732,2833,62.94083221815498,970.5176827057545,433.54530999119504,969.6,264.1
4732,2834,63.32989436223419,970.5176827057545,433.54530999119504,969.6,264.1
4732,2835,63.7867340851524,970.5176827057545,433.54530999119504,969.6,264.1
4732,2836,64.33067550617235,970.5176827057545,433.54530999119504,969.6,264.1
4732,2837,64.98912057910866,970.5176827057545,433.54530999119504,969.6,264.1
4732,2838,65.80223334460142,970.5176827057545,433.54530999119504,969.6,264.1
4732,2839,66.83128146190215,970.5176827057545,433.54530999119504,969.6,264.1
4732,2840,68.17442199213441,970.5176827057545,433.54530999119504,969.6,264.1
4732,2841,69.99889206448931,970.5176827057545,433.54530999119504,969.6,264.1
4732,2842,72.61307921293303,970.5176827057545,433.54530999119504,969.6,264.1
4732,2843,76.6481400814252,970.5176827057545,433.54530999119504,969.6,264.1
4732,2844,83.58823196098233,970.5176827057545,433.54530999119504,969.6,264.1
4732,2845,97.55709605234428,970.5176827057545,433.54530999119504,969.6,264.1
4733,2846,94.27166751347012,970.5176827057545,433.54530999119504,969.6,264.1
4734,2847,47.21501113805734,970.5176827057545,433.54530999119504,969.6,264.1
4735,2848,21.036437198896635,970.5176827057545,433.54530999119504,969.6,264.1
4736,2849,9.522801894699564,970.5176827057545,433.54530999119504,969.6,264.1
4737,2850,3.548533965660147,970.5176827057545,433.54530999119504,969.6,264.1
4738,2851,0.03375299461404341,970.5176827057545,433.54530999119504,969.6,264.1
4739,2852,2.4036987311556923,970.5176827057545,433.54530999119504,969.6,264.1
4740,2853,4.093093557507021,970.5176827057545,433.54530999119504,969.6,264.1
4741,2854,5.348899663336749,970.5176827057545,433.54530999119504,969.6,264.1
4742,2855,6.317330490344003,970.5176827057545,433.54530999119504,969.6,264.1
4743,2856,6.317330490344003,970.5176827057545,433.54530999119504,969.6,264.1
4744,2857,6.317330490344003,970.5176827057545,433.54530999119504,969.6,264.1
4745,2858,6.317330490344003,970.5176827057545,433.54530999119504,969.6,264.1
4746,2859,6.317330490344003,980.5176827057545,190.54530999119504,969.6,264.1
4747,2860,6.317330490344003,980.5176827057545,190.54530999119504,969.6,264.1
4748,2861,6.317330490344003,980.5176827057545,190.54530999119504,969.6,264.1
4749,2862,6.317330490344003,980.5176827057545,190.54530999119504,969.6,264.1
4750,2863,6.317330490344003,980.5176827057545,190.54530999119504,969.6,264.1
4751,2864,6.317330490344003,980.5176827057545,190.54530999119504,969.6,264.1
4752,2865,6.317330490344003,980.5176827057545,190.54530999119504,969.6,264.1
4753,2866,6.317330490344003,980.5176827057545,190.54530999119504,969.6,264.1
4754,2867,6.317330490344003,980.5176827057545,190.54530999119504,969.6,264.1
4755,2868,6.317330490344003,980.5176827057545,190.54530999119504,969.6,264.1
4756,2869,6.317330490344003,980.5176827057545,190.54530999119504,969.6,264.1
4757,2870,6.317330490344003,980.5176827057545,190.54530999119504,969.6,264.1
4758,2871,6.317330490344003,980.5176827057545,190.54530999119504,969.6,264.1
4759,2872,6.317330490344003,980.5176827057545,190.54530999119504,969.6,264.1
4760,2873,6.317330490344003,980.5176827057545,190.54530999119504,969.6,264.1
4761,2874,6.317330490344003,980.5176827057545,190.54530999119504,969.6,264.1
4762,2875,6.317330490344003,980.5176827057545,190.54530999119504,969.6,264.1
4763,2876,6.317330490344003,980.5176827057545,190.54530999119504,969.6,264.1
4764,2877,6.317330490344003,980.5176827057545,190.54530999119504,969.6,264.1
4765,2878,6.317330490344003,980.5176827057545,190.54530999119504,969.6,264.1
4766,2879,6.317330490344003,980.5176827057545,190.54530999119504,969.6,264.1
4767,2880,6.317330490344003,980.5176827057545,190.54530999119504,969.6,264.1
4768,2881,6.317330490344003,980.5176827057545,190.54530999119504,969.6,264.1
4769,2882,6.317330490344003,980.5176827057545,190.54530999119504,969.6,264.1
4770,2883,6.317330490344003,980.5176827057545,190.54530999119504,969.6,264.1
4771,2884,6.317330490344003,980.5176827057545,190.54530999119504,969.6,264.1
4772,2885,6.317330490344003,980.5176827057545,190.54530999119504,969.6,264.1
4773,2886,6.317330490344003,980.5176827057545,190.54530999119504,969.6,264.1
4774,2887,6.317330490344003,980.5176827057545,190.54530999119504,969.6,264.1
4775,2888,6.317330490344003,980.5176827057545,190.54530999119504,969.6,264.1
4776,2889,6.317330490344003,980.5176827057545,190.54530999119504,969.6,264.1
4777,2890,6.317330490344003,980.5176827057545,190.54530999119504,969.6,264.1
4778,2891,6.317330490344003,980.5176827057545,190.54530999119504,969.6,264.1
4779,2892,6.317330490344003,980.5176827057545,190.54530999119504,969.6,264.1
4780,2893,6.317330490344003,980.5176827057545,190.54530999119504,969.6,264.1
4781,2894,6.317330490344003,980.5176827057545,190.54530999119504,969.6,264.1
4782,2895,6.317330490344003,980.5176827057545,190.54530999119504,969.6,264.1
4783,2896,6.317330490344003,980.5176827057545,190.54530999119504,969.6,264.1
4784,2897,6.317330490344003,980.5176827057545,190.54530999119504,969.6,264.1
4785,2898,6.317330490344003,980.5176827057545,190.54530999119504,969.6,264.1
4786,2899,6.317330490344003,980.5176827057545,190.54530999119504,969.6,264.1
4787,2900,6.317330490344003,980.5176827057545,190.54530999119504,969.6,264.1
4788,2901,6.317330490344003,980.5176827057545,190.54530999119504,969.6,264.1
4789,2902,6.317330490344003,980.5176827057545,190.54530999119504,969.6,264.1
4790,2903,6.317330490344003,980.5176827057545,190.54530999119504,969.6,264.1
4791,2904,6.317330490344003,980.5176827057545,190.54530999119504,969.6,264.1
4792,2905,6.317330490344003,980.5176827057545,190.54530999119504,969.6,264.1
4793,2906,6.317330490344003,980.5176827057545,190.54530999119504,969.6,264.1
4794,2907,6.317330490344003,980.5176827057545,190.54530999119504,969.6,264.1
4795,2908,6.317330490344003,980.5176827057545,190.54530999119504,969.6,264.1
4796,2909,6.317330490344003,980.5176827057545,190.54530999119504,969.6,264.1
4797,2910,6.317330490344003,980.5176827057545,190.54530999119504,969.6,264.1
4798,2911,6.317330490344003,980.5176827057545,190.54530999119504,969.6,264.1
4799,2912,6.317330490344003,980.5176827057545,190.54530999119504,969.6,264.1
4800,2913,6.317330490344003,980.5176827057545,190.54530999119504,969.6,264.1
4801,2914,6.317330490344003,980.5176827057545,190.54530999119504,969.6,264.1
4802,2915,6.317330490344003,980.5176827057545,190.54530999119504,969.6,264.1
4803,2916,6.317330490344003,980.5176827057545,190.54530999119504,969.6,264.1
4804,2917,6.317330490344003,980.5176827057545,190.54530999119504,969.6,264.1
4805,2918,6.317330490344003,980.5176827057545,190.54530999119504,969.6,264.1
4806,2919,6.317330490344003,980.5176827057545,190.54530999119504,969.6,264.1
4807,2920,6.317330490344003,980.5176827057545,190.54530999119504,969.6,264.1
4808,2921,6.317330490344003,980.5176827057545,190.54530999119504,969.6,264.1
4809,2922,6.317330490344003,980.5176827057545,190.54530999119504,969.6,264.1
4810,2923,6.317330490344003,980.5176827057545,190.54530999119504,969.6,264.1
4811,2924,6.317330490344003,980.5176827057545,190.54530999119504,969.6,264.1
4812,2925,6.317330490344003,980.5176827057545,190.54530999119504,969.6,264.1
4813,2926,6.317330490344003,980.5176827057545,190.54530999119504,969.6,264.1
4814,2927,6.317330490344003,980.5176827057545,190.54530999119504,969.6,264.1
4815,2928,6.317330490344003,980.5176827057545,190.54530999119504,969.6,264.1
4816,2929,6.317330490344003,980.5176827057545,190.54530999119504,969.6,264.1
4817,2930,6.317330490344003,980.5176827057545,190.54530999119504,969.6,264.1
4818,2931,6.317330490344003,980.5176827057545,190.54530999119504,969.6,264.1
4819,2932,6.317330490344003,980.5176827057545,190.54530999119504,969.6,264.1
4820,2933,6.317330490344003,980.5176827057545,190.54530999119504,969.6,264.1
4821,2934,6.317330490344003,980.5176827057545,190.54530999119504,969.6,264.1
4822,2935,6.317330490344003,980.5176827057545,190.54530999119504,969.6,264.1
4823,2936,6.317330490344003,980.5176827057545,190.54530999119504,969.6,264.1
4824,2937,6.317330490344003,980.5176827057545,190.54530999119504,969.6,264.1
4825,2938,6.317330490344003,980.5176827057545,190.54530999119504,969.6,264.1
4826,2939,6.317330490344003,980.5176827057545,190.54530999119504,969.6,264.1
4827,2940,6.317330490344003,980.5176827057545,190.54530999119504,969.6,264.1
4828,2941,6.317330490344003,980.5176827057545,190.54530999119504,969.6,264.1
4829,2942,6.317330490344003,980.5176827057545,190.54530999119504,969.6,264.1
4830,2943,6.317330490344003,980.5176827057545,190.54530999119504,969.6,264.1
4831,2944,6.317330490344003,980.5176827057545,190.54530999119504,969.6,264.1
4832,2945,6.317330490344003,980.5176827057545,190.54530999119504,969.6,264.1
4832,2946,6.317330490344003,980.5176827057545,190.54530999119504,969.6,264.1
4832,2947,6.317330490344003,980.5176827057545,190.54530999119504,969.6,264.1
4832,2948,6.317330490344003,980.5176827057545,190.54530999119504,969.6,264.1
4832,2949,6.317330490344003,980.5176827057545,190.54530999119504,969.6,264.1
4832,2950,6.317330490344003,980.5176827057545,190.54530999119504,969.6,264.1
4832,2951,6.317330490344003,980.5176827057545,190.54530999119504,969.6,264.1
4832,2952,6.317330490344003,980.5176827057545,190.54530999119504,969.6,264.1
4832,2953,6.317330490344003,980.5176827057545,190.54530999119504,969.6,264.1
4832,2954,6.317330490344003,980.5176827057545,190.54530999119504,969.6,264.1
4832,2955,6.317330490344003,980.5176827057545,190.54530999119504,969.6,264.1
4832,2956,6.317330490344003,980.5176827057545,190.54530999119504,969.6,264.1
4832,2957,6.317330490344003,980.5176827057545,190.54530999119504,969.6,264.1
4832,2958,6.317330490344003,980.5176827057545,190.54530999119504,969.6,264.1
4832,2959,6.317330490344003,970.5176827057545,212.54530999119504,969.6,264.1
4832,2960,6.317330490344003,970.5176827057545,212.54530999119504,969.6,264.1
4832,2961,6.317330490344003,970.5176827057545,212.54530999119504,969.6,264.1
4832,2962,6.317330490344003,970.5176827057545,212.54530999119504,969.6,264.1
4832,2963,6.317330490344003,970.5176827057545,212.54530999119504,969.6,264.1
4832,2964,6.317330490344003,970.5176827057545,212.54530999119504,969.6,264.1
4832,2965,6.317330490344003,970.5176827057545,212.54530999119504,969.6,264.1
4832,2966,6.317330490344003,970.5176827057545,212.54530999119504,969.6,264.1
4832,2967,6.317330490344003,970.5176827057545,212.54530999119504,969.6,264.1
4832,2968,6.317330490344003,970.5176827057545,212.54530999119504,969.6,264.1
4832,2969,6.317330490344003,970.5176827057545,212.54530999119504,969.6,264.1
4832,2970,6.317330490344003,970.5176827057545,212.54530999119504,969.6,264.1
4832,2971,6.317330490344003,970.5176827057545,212.54530999119504,969.6,264.1
4832,2972,0.18272530251046343,970.5176827057545,212.54530999119504,969.6,264.1
4832,2973,6.334715817168842,970.5176827057545,212.54530999119504,969.4526315789474,277.2578947368421
4832,2974,12.037524501712241,970.5176827057545,212.54530999119504,969.3052631578947,290.41578947368424
4832,2975,17.238832888411807,970.5176827057545,212.54530999119504,969.1578947368421,303.5736842105263
4832,2976,21.927624369301906,970.5176827057545,212.54530999119504,969.0105263157894,316.73157894736846
4832,2977,26.122238779415476,970.5176827057545,212.54530999119504,968.8631578947369,329.88947368421054
4832,2978,29.858598389343612,970.5176827057545,212.54530999119504,968.7157894736843,343.0473684210526
4832,2979,33.1809327945458,970.5176827057545,212.54530999119504,968.5684210526316,356.20526315789476
4832,2980,36.13549074804715,970.5176827057545,212.54530999119504,968.421052631579,369.36315789473684
4832,2981,38.76678724512327,970.5176827057545,212.54530999119504,968.2736842105263,382.521052631579
4832,2982,41.11566703328648,970.5176827057545,212.54530999119504,968.1263157894737,395.67894736842106
4832,2983,43.218531361119034,970.5176827057545,212.54530999119504,967.978947368421,408.83684210526314
4833,2984,43.4256974004628,970.5176827057545,212.54530999119504,967.8315789473684,421.9947368421053
4834,2985,41.72354893130706,970.5176827057545,212.54530999119504,967.6842105263157,435.1526315789474
4835,2986,40.18422527385588,970.5176827057545,212.54530999119504,967.5368421052631,448.3105263157895
4836,2987,38.78736340614582,970.5176827057545,212.54530999119504,967.3894736842105,461.4684210526316
4837,2988,38.78736340614582,970.5176827057545,212.54530999119504,967.2421052631579,474.62631578947367
4838,2989,38.78736340614582,970.5176827057545,212.54530999119504,967.0947368421052,487.7842105263158
4839,2990,38.78736340614582,970.5176827057545,212.54530999119504,966.9473684210526,500.94210526315794
4840,2991,38.78736340614582,970.5176827057545,212.54530999119504,966.8,514.1
4841,2992,38.78736340614582,970.5176827057545,212.54530999119504,966.8,514.1
4841,2993,38.78736340614582,970.5176827057545,212.54530999119504,966.8,514.1
4841,2994,38.78736340614582,970.5176827057545,212.54530999119504,966.8,514.1
4841,2995,38.78736340614582,970.5176827057545,212.54530999119504,966.8,514.1
4841,2996,38.78736340614582,970.5176827057545,212.54530999119504,966.8,514.1
4841,2997,38.78736340614582,970.5176827057545,212.54530999119504,966.8,514.1
4841,2998,38.78736340614582,970.5176827057545,212.54530999119504,966.8,514.1
4841,2999,38.78736340614582,970.5176827057545,212.54530999119504,966.8,514.1
4841,3000,38.78736340614582,970.5176827057545,212.54530999119504,966.8,514.1
4841,3001,38.78736340614582,961.5176827057545,234.54530999119504,966.8,514.1
4841,3002,38.78736340614582,961.5176827057545,234.54530999119504,966.8,514.1
4841,3003,38.78736340614582,961.5176827057545,234.54530999119504,966.8,514.1
4841,3004,38.78736340614582,961.5176827057545,234.54530999119504,966.8,514.1
4841,3005,38.78736340614582,961.5176827057545,234.54530999119504,966.8,514.1
4841,3006,38.78736340614582,961.5176827057545,234.54530999119504,966.8,514.1
4841,3007,38.78736340614582,961.5176827057545,234.54530999119504,966.8,514.1
4841,3008,38.78736340614582,961.5176827057545,234.54530999119504,966.8,514.1
4841,3009,38.78736340614582,961.5176827057545,234.54530999119504,966.8,514.1
4841,3010,38.78736340614582,961.5176827057545,234.54530999119504,966.8,514.1
4841,3011,38.78736340614582,961.5176827057545,234.54530999119504,966.8,514.1
4841,3012,38.78736340614582,961.5176827057545,234.54530999119504,966.8,514.1
4841,3013,38.78736340614582,961.5176827057545,234.54530999119504,966.8,514.1
4841,3014,38.78736340614582,961.5176827057545,234.54530999119504,966.8,514.1
4841,3015,38.78736340614582,961.5176827057545,234.54530999119504,966.8,514.1
4841,3016,38.78736340614582,961.5176827057545,234.54530999119504,966.8,514.1
4841,3017,38.78736340614582,961.5176827057545,234.54530999119504,966.8,514.1
4841,3018,38.78736340614582,961.5176827057545,234.54530999119504,966.8,514.1
4841,3019,38.78736340614582,961.5176827057545,234.54530999119504,966.8,514.1
4841,3020,38.78736340614582,961.5176827057545,234.54530999119504,966.8,514.1
4841,3021,38.78736340614582,961.5176827057545,234.54530999119504,966.8,514.1
4841,3022,38.78736340614582,961.5176827057545,234.54530999119504,966.8,514.1
4841,3023,38.78736340614582,961.5176827057545,234.54530999119504,966.8,514.1
4841,3024,38.78736340614582,961.5176827057545,234.54530999119504,966.8,514.1
4841,3025,38.78736340614582,961.5176827057545,234.54530999119504,966.8,514.1
4841,3026,38.78736340614582,957.5176827057545,339.54530999119504,966.8,514.1
4841,3027,38.78736340614582,957.5176827057545,339.54530999119504,966.8,514.1
4841,3028,38.78736340614582,957.5176827057545,339.54530999119504,966.8,514.1
4841,3029,38.78736340614582,957.5176827057545,339.54530999119504,966.8,514.1
4841,3030,38.78736340614582,957.5176827057545,339.54530999119504,966.8,514.1
4841,3031,38.78736340614582,957.5176827057545,339.54530999119504,966.8,514.1
4841,3032,38.78736340614582,957.5176827057545,339.54530999119504,966.8,514.1
4841,3033,38.78736340614582,957.5176827057545,339.54530999119504,966.8,514.1
4841,3034,38.78736340614582,957.5176827057545,339.54530999119504,966.8,514.1
4841,3035,38.78736340614582,957.5176827057545,339.54530999119504,966.8,514.1
4841,3036,38.78736340614582,957.5176827057545,339.54530999119504,966.8,514.1
4841,3037,38.78736340614582,957.5176827057545,339.54530999119504,966.8,514.1
4841,3038,38.78736340614582,957.5176827057545,339.54530999119504,966.8,514.1
4841,3039,38.78736340614582,957.5176827057545,339.54530999119504,966.8,514.1
4841,3040,38.78736340614582,957.5176827057545,339.54530999119504,966.8,514.1
4841,3041,38.78736340614582,957.5176827057545,339.54530999119504,966.8,514.1
4841,3042,38.78736340614582,957.5176827057545,339.54530999119504,966.8,514.1
4841,3043,38.78736340614582,957.5176827057545,339.54530999119504,966.8,514.1
4841,3044,38.78736340614582,957.5176827057545,339.54530999119504,966.8,514.1
4841,3045,38.78736340614582,957.5176827057545,339.54530999119504,966.8,514.1
4841,3046,38.78736340614582,957.5176827057545,339.54530999119504,966.8,514.1
4841,3047,38.78736340614582,957.5176827057545,339.54530999119504,966.8,514.1
4841,3048,38.78736340614582,957.5176827057545,339.54530999119504,966.8,514.1
4841,3049,38.78736340614582,957.5176827057545,339.54530999119504,966.8,514.1
4841,3050,38.78736340614582,957.5176827057545,339.54530999119504,966.8,514.1
4841,3051,38.78736340614582,957.5176827057545,339.54530999119504,966.8,514.1
4841,3052,38.78736340614582,957.5176827057545,339.54530999119504,966.8,514.1
4841,3053,38.78736340614582,957.5176827057545,339.54530999119504,966.8,514.1
4841,3054,38.78736340614582,957.5176827057545,339.54530999119504,966.8,514.1
4841,3055,38.78736340614582,957.5176827057545,339.54530999119504,966.8,514.1
4841,3056,38.78736340614582,957.5176827057545,339.54530999119504,966.8,514.1
4841,3057,38.78736340614582,957.5176827057545,339.54530999119504,966.8,514.1
4841,3058,38.78736340614582,957.5176827057545,339.54530999119504,966.8,514.1
4841,3059,38.78736340614582,953.5176827057545,444.54530999119504,966.8,514.1
4841,3060,38.78736340614582,953.5176827057545,444.54530999119504,966.8,514.1
4841,3061,38.78736340614582,953.5176827057545,444.54530999119504,966.8,514.1
4841,3062,38.78736340614582,953.5176827057545,444.54530999119504,966.8,514.1
4841,3063,38.78736340614582,953.5176827057545,444.54530999119504,966.8,514.1
4841,3064,38.78736340614582,953.5176827057545,444.54530999119504,966.8,514.1
4841,3065,38.78736340614582,953.5176827057545,444.54530999119504,966.8,514.1
4841,3066,38.78736340614582,953.5176827057545,444.54530999119504,966.8,514.1
4841,3067,38.78736340614582,953.5176827057545,444.54530999119504,966.8,514.1
4841,3068,38.78736340614582,953.5176827057545,444.54530999119504,966.8,514.1
4841,3069,38.78736340614582,953.5176827057545,444.54530999119504,966.8,514.1
4841,3070,38.78736340614582,953.5176827057545,444.54530999119504,966.8,514.1
4841,3071,38.78736340614582,953.5176827057545,444.54530999119504,966.8,514.1
4841,3072,38.78736340614582,953.5176827057545,444.54530999119504,966.8,514.1
4841,3073,38.78736340614582,953.5176827057545,444.54530999119504,966.8,514.1
4841,3074,38.78736340614582,953.5176827057545,444.54530999119504,966.8,514.1
4841,3075,38.78736340614582,953.5176827057545,444.54530999119504,966.8,514.1
4841,3076,38.78736340614582,953.5176827057545,444.54530999119504,966.8,514.1
4841,3077,38.78736340614582,953.5176827057545,444.54530999119504,966.8,514.1
4841,3078,38.78736340614582,953.5176827057545,444.54530999119504,966.8,514.1
4841,3079,38.78736340614582,953.5176827057545,444.54530999119504,966.8,514.1
4841,3080,38.78736340614582,953.5176827057545,444.54530999119504,966.8,514.1
4841,3081,38.78736340614582,953.5176827057545,444.54530999119504,966.8,514.1
4841,3082,38.78736340614582,953.5176827057545,444.54530999119504,966.8,514.1
4841,3083,38.78736340614582,953.5176827057545,444.54530999119504,966.8,514.1
4841,3084,38.78736340614582,953.5176827057545,444.54530999119504,966.8,514.1
4841,3085,38.78736340614582,953.5176827057545,444.54530999119504,966.8,514.1
4841,3086,38.78736340614582,953.5176827057545,444.54530999119504,966.8,514.1
4841,3087,38.78736340614582,953.5176827057545,444.54530999119504,966.8,514.1
4841,3088,38.78736340614582,953.5176827057545,444.54530999119504,966.8,514.1
4841,3089,38.78736340614582,953.5176827057545,444.54530999119504,966.8,514.1
4841,3090,38.78736340614582,953.5176827057545,444.54530999119504,966.8,514.1
4841,3091,38.78736340614582,953.5176827057545,444.54530999119504,966.8,514.1
4841,3092,38.78736340614582,949.5176827057545,550.545309991195,966.8,514.1
4841,3093,38.78736340614582,949.5176827057545,550.545309991195,966.8,514.1
4841,3094,38.78736340614582,949.5176827057545,550.545309991195,966.8,514.1
4841,3095,38.78736340614582,949.5176827057545,550.545309991195,966.8,514.1
4841,3096,38.78736340614582,949.5176827057545,550.545309991195,966.8,514.1
4841,3097,38.78736340614582,949.5176827057545,550.545309991195,966.8,514.1
4841,3098,38.78736340614582,949.5176827057545,550.545309991195,966.8,514.1
4841,3099,38.78736340614582,949.5176827057545,550.545309991195,966.8,514.1
4841,3100,38.78736340614582,949.5176827057545,550.545309991195,966.8,514.1
4841,3101,38.78736340614582,949.5176827057545,550.545309991195,966.8,514.1
4841,3102,38.78736340614582,949.5176827057545,550.545309991195,966.8,514.1
4841,3103,38.78736340614582,949.5176827057545,550.545309991195,966.8,514.1
4841,3104,38.78736340614582,949.5176827057545,550.545309991195,966.8,514.1
4841,3105,38.78736340614582,949.5176827057545,550.545309991195,966.8,514.1
4841,3106,38.78736340614582,949.5176827057545,550.545309991195,966.8,514.1
4841,3107,38.78736340614582,949.5176827057545,550.545309991195,966.8,514.1
4841,3108,38.78736340614582,949.5176827057545,550.545309991195,966.8,514.1
4841,3109,38.78736340614582,949.5176827057545,550.545309991195,966.8,514.1
4841,3110,38.78736340614582,949.5176827057545,550.545309991195,966.8,514.1
4841,3111,38.78736340614582,949.5176827057545,550.545309991195,966.8,514.1
4841,3112,38.78736340614582,949.5176827057545,550.545309991195,966.8,514.1
4841,3113,38.78736340614582,949.5176827057545,550.545309991195,966.8,514.1
4841,3114,38.78736340614582,949.5176827057545,550.545309991195,966.8,514.1
4841,3115,38.78736340614582,949.5176827057545,550.545309991195,966.8,514.1
4841,3116,38.78736340614582,949.5176827057545,550.545309991195,966.8,514.1
4841,3117,38.78736340614582,949.5176827057545,550.545309991195,966.8,514.1
4841,3118,38.78736340614582,949.5176827057545,550.545309991195,966.8,514.1
4841,3119,38.78736340614582,949.5176827057545,550.545309991195,966.8,514.1
4841,3120,38.78736340614582,949.5176827057545,550.545309991195,966.8,514.1
4841,3121,38.78736340614582,949.5176827057545,550.545309991195,966.8,514.1
4841,3122,38.78736340614582,949.5176827057545,550.545309991195,966.8,514.1
4841,3123,38.78736340614582,949.5176827057545,550.545309991195,966.8,514.1
4841,3124,38.78736340614582,949.5176827057545,550.545309991195,966.8,514.1
4841,3125,38.78736340614582,949.5176827057545,550.545309991195,966.8,514.1
4842,3126,38.78736340614582,945.5176827057545,656.545309991195,966.8,514.1
4843,3127,38.78736340614582,945.5176827057545,656.545309991195,966.8,514.1
4844,3128,38.78736340614582,945.5176827057545,656.545309991195,966.8,514.1
4845,3129,38.78736340614582,945.5176827057545,656.545309991195,966.8,514.1
4846,3130,37.49357387800889,945.5176827057545,656.545309991195,966.8,514.1
4847,3131,36.051831156017826,945.5176827057545,656.545309991195,966.8,514.1
4848,3132,34.43739878463915,945.5176827057545,656.545309991195,966.8,514.1
4849,3133,32.620363180711976,945.5176827057545,656.545309991195,966.8,514.1
4850,3134,30.5644770285705,945.5176827057545,656.545309991195,966.8,514.1
4851,3135,28.225828888518745,945.5176827057545,656.545309991195,966.8,514.1
4852,3136,25.551427676430873,945.5176827057545,656.545309991195,966.8,514.1
4853,3137,22.477940863290964,945.5176827057545,656.545309991195,966.8,514.1
4854,3138,18.931114965848167,945.5176827057545,656.545309991195,966.8,514.1
4855,3139,14.826918908038621,945.5176827057545,656.545309991195,966.8,514.1
4856,3140,10.076244394673855,945.5176827057545,656.545309991195,966.8,514.1
4857,3141,4.5959417018887825,945.5176827057545,656.545309991195,966.8,514.1
4858,3142,1.6706519110395532,945.5176827057545,656.545309991195,966.8,514.1
4859,3142,1.6706519110395532,945.5176827057545,656.545309991195,966.8,514.1
4860,3142,1.6706519110395532,945.5176827057545,656.545309991195,966.8,514.1
4861,3142,1.6706519110395532,945.5176827057545,656.545309991195,966.8,514.1
4862,3143,8.722555456667127,945.5176827057545,656.545309991195,966.8,514.1
4863,3144,16.465361930439467,945.5176827057545,656.545309991195,966.8,514.1
4864,3145,24.68900587722779,945.5176827057545,656.545309991195,966.8,514.1
4865,3146,33.083137686436146,945.5176827057545,656.545309991195,966.8,514.1
4866,3147,31.323651176706047,945.5176827057545,656.545309991195,966.8,514.1
4867,3148,23.60011194764965,945.5176827057545,656.545309991195,966.8,514.1
4868,3149,16.57196330276063,945.5176827057545,656.545309991195,966.8,514.1
4869,3150,10.330307167529552,945.5176827057545,656.545309991195,966.8,514.1
4870,3151,4.873838776809638,945.5176827057545,656.545309991195,966.8,514.1
4871,3152,0.1446662401086237,945.5176827057545,656.545309991195,966.8,514.1
4872,3152,0.1446662401086237,945.5176827057545,656.545309991195,966.8,514.1
4873,3152,0.1446662401086237,945.5176827057545,656.545309991195,966.8,514.1
4874,3152,0.1446662401086237,945.5176827057545,656.545309991195,966.8,514.1
4875,3152,0.1446662401086237,945.5176827057545,656.545309991195,966.8,514.1
4876,3152,0.1446662401086237,945.5176827057545,656.545309991195,966.8,514.1
4877,3152,0.1446662401086237,945.5176827057545,656.545309991195,966.8,514.1
4878,3152,0.1446662401086237,945.5176827057545,656.545309991195,966.8,514.1
4879,3152,0.1446662401086237,945.5176827057545,656.545309991195,966.8,514.1
4880,3152,0.1446662401086237,945.5176827057545,656.545309991195,966.8,514.1
4881,3152,0.1446662401086237,945.5176827057545,656.545309991195,957.4368421052632,523.4
4882,3152,0.1446662401086237,945.5176827057545,656.545309991195,948.0736842105263,532.7
4883,3152,0.1446662401086237,945.5176827057545,656.545309991195,938.7105263157895,542.0
4884,3152,0.1446662401086237,945.5176827057545,656.545309991195,929.3473684210526,551.3
4885,3152,0.1446662401086237,945.5176827057545,656.545309991195,919.9842105263158,560.6
4886,3152,0.1446662401086237,945.5176827057545,656.545309991195,910.6210526315789,569.9
4887,3152,0.1446662401086237,945.5176827057545,656.545309991195,901.2578947368421,579.2
4888,3152,0.1446662401086237,945.5176827057545,656.545309991195,891.8947368421052,588.5
4889,3152,0.1446662401086237,945.5176827057545,656.545309991195,882.5315789473684,597.8
4890,3152,0.1446662401086237,945.5176827057545,656.545309991195,873.1684210526315,607.1
4891,3152,0.1446662401086237,945.5176827057545,656.545309991195,863.8052631578947,616.4
4892,3152,0.1446662401086237,945.5176827057545,656.545309991195,854.4421052631578,625.7
4893,3152,0.1446662401086237,945.5176827057545,656.545309991195,845.078947368421,635.0
4894,3152,0.1446662401086237,945.5176827057545,656.545309991195,835.7157894736843,644.3
4895,3152,0.1446662401086237,945.5176827057545,656.545309991195,826.3526315789474,653.5999999999999
4896,3152,0.1446662401086237,945.5176827057545,656.545309991195,816.9894736842105,662.9
4897,3152,0.1446662401086237,945.5176827057545,656.545309991195,807.6263157894737,672.2
4898,3152,0.1446662401086237,945.5176827057545,656.545309991195,798.2631578947369,681.5
4899,3152,0.1446662401086237,945.5176827057545,656.545309991195,788.9,690.8
4900,3153,0.7543321343799224,945.5176827057545,656.545309991195,788.9,690.8
4901,3154,0.7543321343799224,945.5176827057545,656.545309991195,788.9,690.8
4902,3155,0.7543321343799224,945.5176827057545,656.545309991195,788.9,690.8
4903,3156,0.7543321343799224,945.5176827057545,656.545309991195,788.9,690.8
4904,3157,0.7543321343799224,945.5176827057545,656.545309991195,788.9,690.8
4905,3158,0.7543321343799224,945.5176827057545,656.545309991195,788.9,690.8
4906,3159,0.7543321343799224,945.5176827057545,656.545309991195,788.9,690.8
4907,3160,0.7543321343799224,945.5176827057545,656.545309991195,788.9,690.8
4908,3161,0.7543321343799224,945.5176827057545,656.545309991195,788.9,690.8
4909,3162,0.7543321343799224,945.5176827057545,656.545309991195,788.9,690.8
4910,3163,0.7543321343799224,945.5176827057545,656.545309991195,788.9,690.8
4911,3164,0.7543321343799224,945.5176827057545,656.545309991195,788.9,690.8
4912,3165,0.7543321343799224,945.5176827057545,656.545309991195,788.9,690.8
4913,3166,0.7543321343799224,945.5176827057545,656.545309991195,788.9,690.8
4914,3167,0.7543321343799224,945.5176827057545,656.545309991195,788.9,690.8
4915,3168,0.7543321343799224,945.5176827057545,656.545309991195,788.9,690.8
4916,3169,0.7543321343799224,945.5176827057545,656.545309991195,788.9,690.8
4917,3170,0.7543321343799224,945.5176827057545,656.545309991195,788.9,690.8
4918,3171,0.7543321343799224,945.5176827057545,656.545309991195,788.9,690.8
4919,3172,0.7543321343799224,945.5176827057545,656.545309991195,788.9,690.8
4920,3173,0.7543321343799224,945.5176827057545,656.545309991195,788.9,690.8
4921,3174,0.7543321343799224,945.5176827057545,656.545309991195,788.9,690.8
4922,3175,0.7543321343799224,945.5176827057545,656.545309991195,788.9,690.8
4923,3176,0.7543321343799224,945.5176827057545,656.545309991195,788.9,690.8
4924,3177,0.7543321343799224,945.5176827057545,656.545309991195,788.9,690.8
4925,3178,0.7543321343799224,945.5176827057545,656.545309991195,788.9,690.8
4926,3179,0.7543321343799224,945.5176827057545,656.545309991195,788.9,690.8
4927,3180,0.7543321343799224,945.5176827057545,656.545309991195,788.9,690.8
4928,3181,0.7543321343799224,945.5176827057545,656.545309991195,788.9,690.8
4929,3182,0.7543321343799224,945.5176827057545,656.545309991195,788.9,690.8
4930,3183,0.7543321343799224,945.5176827057545,656.545309991195,788.9,690.8
4931,3184,0.7543321343799224,945.5176827057545,656.545309991195,788.9,690.8
4932,3185,0.7543321343799224,945.5176827057545,656.545309991195,788.9,690.8
4932,3186,0.7543321343799224,945.5176827057545,656.545309991195,788.9,690.8
4932,3187,0.7543321343799224,945.5176827057545,656.545309991195,788.9,690.8
4932,3188,0.7543321343799224,945.5176827057545,656.545309991195,788.9,690.8
4932,3189,0.7543321343799224,945.5176827057545,656.545309991195,788.9,690.8
4932,3190,0.7543321343799224,945.5176827057545,656.545309991195,788.9,690.8
4932,3191,0.7543321343799224,945.5176827057545,656.545309991195,788.9,690.8
4932,3192,0.7543321343799224,945.5176827057545,656.545309991195,788.9,690.8
4932,3193,0.7543321343799224,945.5176827057545,656.545309991195,788.9,690.8
4932,3194,0.7543321343799224,914.5176827057545,664.545309991195,788.9,690.8
4932,3195,0.7543321343799224,914.5176827057545,664.545309991195,788.9,690.8
4932,3196,0.7543321343799224,914.5176827057545,664.545309991195,788.9,690.8
4932,3197,0.7543321343799224,914.5176827057545,664.545309991195,788.9,690.8
4932,3198,0.7543321343799224,914.5176827057545,664.545309991195,788.9,690.8
4932,3199,0.7543321343799224,914.5176827057545,664.545309991195,788.9,690.8
4932,3200,0.7543321343799224,914.5176827057545,664.545309991195,788.9,690.8
4932,3201,0.7543321343799224,914.5176827057545,664.545309991195,788.9,690.8
4932,3202,0.7543321343799224,914.5176827057545,664.545309991195,788.9,690.8
4932,3203,0.7543321343799224,914.5176827057545,664.545309991195,788.9,690.8
4932,3204,0.7543321343799224,914.5176827057545,664.545309991195,788.9,690.8
4932,3205,0.7543321343799224,914.5176827057545,664.545309991195,788.9,690.8
4932,3206,0.7543321343799224,914.5176827057545,664.545309991195,788.9,690.8
4932,3207,0.7543321343799224,914.5176827057545,664.545309991195,788.9,690.8
4932,3208,0.7543321343799224,914.5176827057545,664.545309991195,788.9,690.8
4932,3209,0.7543321343799224,914.5176827057545,664.545309991195,788.9,690.8
4932,3210,0.7543321343799224,914.5176827057545,664.545309991195,788.9,690.8
4932,3211,0.7543321343799224,914.5176827057545,664.545309991195,788.9,690.8
4932,3212,0.7543321343799224,914.5176827057545,664.545309991195,788.9,690.8
4932,3213,0.7543321343799224,914.5176827057545,664.545309991195,788.9,690.8
4932,3214,0.7543321343799224,914.5176827057545,664.545309991195,788.9,690.8
4932,3215,0.7543321343799224,914.5176827057545,664.545309991195,788.9,690.8
4932,3216,0.7543321343799224,914.5176827057545,664.545309991195,788.9,690.8
4932,3217,0.7543321343799224,914.5176827057545,664.545309991195,788.9,690.8
4932,3218,0.7543321343799224,914.5176827057545,664.545309991195,788.9,690.8
4932,3219,0.7543321343799224,914.5176827057545,664.545309991195,788.9,690.8
4932,3220,0.7543321343799224,914.5176827057545,664.545309991195,788.9,690.8
4932,3221,0.7543321343799224,914.5176827057545,664.545309991195,788.9,690.8
4932,3222,0.7543321343799224,914.5176827057545,664.545309991195,788.9,690.8
4932,3223,0.7543321343799224,914.5176827057545,664.545309991195,788.9,690.8
4932,3224,0.7543321343799224,914.5176827057545,664.545309991195,788.9,690.8
4932,3225,0.7543321343799224,914.5176827057545,664.545309991195,788.9,690.8
4932,3226,0.7543321343799224,914.5176827057545,664.545309991195,788.9,690.8
4932,3227,0.7543321343799224,914.5176827057545,664.545309991195,788.9,690.8
4932,3228,0.7543321343799224,882.5176827057545,673.545309991195,788.9,690.8
4932,3229,0.7543321343799224,882.5176827057545,673.545309991195,788.9,690.8
4932,3230,0.7543321343799224,882.5176827057545,673.545309991195,788.9,690.8
4932,3231,0.6046622861907731,882.5176827057545,673.545309991195,788.9,690.8
4933,3232,0.2182825430911178,882.5176827057545,673.545309991195,788.9,690.8
4934,3233,1.317947919741589,882.5176827057545,673.545309991195,788.9,690.8
4935,3234,2.3138327399918683,882.5176827057545,673.545309991195,788.9,690.8
4936,3235,3.219441370568496,882.5176827057545,673.545309991195,788.9,690.8
4937,3236,4.046119909747757,882.5176827057545,673.545309991195,788.9,690.8
4938,3237,4.8034530526961285,882.5176827057545,673.545309991195,788.9,690.8
4939,3238,5.499580736359992,882.5176827057545,673.545309991195,788.9,690.8
4940,3239,6.141451693247874,882.5176827057545,673.545309991195,788.9,690.8
4941,3240,6.735027356954134,882.5176827057545,673.545309991195,788.9,690.8
4942,3241,7.285446611259142,882.5176827057545,673.545309991195,788.9,690.8
4943,3242,7.797159556094137,882.5176827057545,673.545309991195,788.9,690.8
4944,3243,7.797159556094137,882.5176827057545,673.545309991195,788.9,690.8
4945,3244,7.797159556094137,882.5176827057545,673.545309991195,788.9,690.8
4946,3245,7.797159556094137,882.5176827057545,673.545309991195,788.9,690.8
4947,3246,7.797159556094137,882.5176827057545,673.545309991195,788.9,690.8
4948,3247,7.797159556094137,882.5176827057545,673.545309991195,788.9,690.8
4949,3248,7.797159556094137,882.5176827057545,673.545309991195,788.9,690.8
4950,3249,7.797159556094137,882.5176827057545,673.545309991195,788.9,690.8
4951,3250,7.797159556094137,882.5176827057545,673.545309991195,788.9,690.8
4952,3251,7.797159556094137,882.5176827057545,673.545309991195,788.9,690.8
4953,3252,7.797159556094137,882.5176827057545,673.545309991195,788.9,690.8
4954,3253,7.797159556094137,882.5176827057545,673.545309991195,788.9,690.8
4955,3254,7.797159556094137,882.5176827057545,673.545309991195,788.9,690.8
4956,3255,7.797159556094137,882.5176827057545,673.545309991195,788.9,690.8
4957,3256,7.797159556094137,882.5176827057545,673.545309991195,788.9,690.8
4958,3257,7.797159556094137,882.5176827057545,673.545309991195,788.9,690.8
4959,3258,7.797159556094137,882.5176827057545,673.545309991195,788.9,690.8
4960,3259,7.797159556094137,882.5176827057545,673.545309991195,788.9,690.8
4961,3260,7.797159556094137,882.5176827057545,673.545309991195,788.9,690.8
4962,3261,7.797159556094137,851.5176827057545,682.545309991195,788.9,690.8
4963,3262,7.797159556094137,851.5176827057545,682.545309991195,788.9,690.8
4964,3263,7.797159556094137,851.5176827057545,682.545309991195,788.9,690.8
4965,3264,7.797159556094137,851.5176827057545,682.545309991195,788.9,690.8
4966,3265,7.797159556094137,851.5176827057545,682.545309991195,788.9,690.8
4967,3266,7.797159556094137,851.5176827057545,682.545309991195,788.9,690.8
4968,3267,7.797159556094137,851.5176827057545,682.545309991195,788.9,690.8
4969,3268,7.797159556094137,851.5176827057545,682.545309991195,788.9,690.8
4970,3269,7.797159556094137,851.5176827057545,682.545309991195,788.9,690.8
4971,3270,7.797159556094137,851.5176827057545,682.545309991195,788.9,690.8
4972,3271,7.797159556094137,851.5176827057545,682.545309991195,788.9,690.8
4973,3272,7.797159556094137,851.5176827057545,682.545309991195,788.9,690.8
4974,3273,7.797159556094137,851.5176827057545,682.545309991195,788.9,690.8
4975,3274,7.797159556094137,851.5176827057545,682.545309991195,788.9,690.8
4976,3275,7.797159556094137,851.5176827057545,682.545309991195,788.9,690.8
4977,3276,7.797159556094137,851.5176827057545,682.545309991195,788.9,690.8
4978,3277,7.797159556094137,851.5176827057545,682.545309991195,788.9,690.8
4979,3278,7.797159556094137,851.5176827057545,682.545309991195,788.9,690.8
4980,3279,7.797159556094137,851.5176827057545,682.545309991195,788.9,690.8
4981,3280,7.797159556094137,851.5176827057545,682.545309991195,788.9,690.8
4982,3281,7.797159556094137,851.5176827057545,682.545309991195,788.9,690.8
4983,3282,7.797159556094137,851.5176827057545,682.545309991195,788.9,690.8
4984,3283,7.797159556094137,851.5176827057545,682.545309991195,788.9,690.8
4985,3284,7.797159556094137,851.5176827057545,682.545309991195,788.9,690.8
4986,3285,7.797159556094137,851.5176827057545,682.545309991195,788.9,690.8
4987,3286,7.797159556094137,851.5176827057545,682.545309991195,788.9,690.8
4988,3287,7.797159556094137,851.5176827057545,682.545309991195,788.9,690.8
4989,3288,7.797159556094137,851.5176827057545,682.545309991195,788.9,690.8
4990,3289,7.797159556094137,851.5176827057545,682.545309991195,788.9,690.8
4991,3290,7.797159556094137,851.5176827057545,682.545309991195,788.9,690.8
4992,3291,7.797159556094137,851.5176827057545,682.545309991195,788.9,690.8
4993,3292,7.797159556094137,851.5176827057545,682.545309991195,788.9,690.8
4994,3293,7.797159556094137,851.5176827057545,682.545309991195,788.9,690.8
4995,3294,7.797159556094137,820.5176827057545,691.545309991195,788.9,690.8
4996,3295,7.797159556094137,820.5176827057545,691.545309991195,788.9,690.8
4997,3296,7.797159556094137,820.5176827057545,691.545309991195,788.9,690.8
4998,3297,7.797159556094137,820.5176827057545,691.545309991195,788.9,690.8
4999,3298,7.797159556094137,820.5176827057545,691.545309991195,788.9,690.8
5000,3299,7.797159556094137,820.5176827057545,691.545309991195,788.9,690.8
5001,3300,7.797159556094137,820.5176827057545,691.545309991195,788.9,690.8
5002,3301,7.797159556094137,820.5176827057545,691.545309991195,788.9,690.8
5003,3302,7.797159556094137,820.5176827057545,691.545309991195,788.9,690.8
5004,3303,7.797159556094137,820.5176827057545,691.545309991195,788.9,690.8
5005,3304,7.797159556094137,820.5176827057545,691.545309991195,788.9,690.8
5006,3305,7.797159556094137,820.5176827057545,691.545309991195,788.9,690.8
5007,3306,7.797159556094137,820.5176827057545,691.545309991195,788.9,690.8
5008,3307,7.797159556094137,820.5176827057545,691.545309991195,788.9,690.8
5009,3308,7.797159556094137,820.5176827057545,691.545309991195,788.9,690.8
5010,3309,7.797159556094137,820.5176827057545,691.545309991195,788.9,690.8
5011,3310,7.797159556094137,820.5176827057545,691.545309991195,788.9,690.8
5012,3311,7.797159556094137,820.5176827057545,691.545309991195,788.9,690.8
5013,3312,7.797159556094137,820.5176827057545,691.545309991195,788.9,690.8
5014,3313,7.797159556094137,820.5176827057545,691.545309991195,788.9,690.8
5015,3314,7.797159556094137,820.5176827057545,691.545309991195,788.9,690.8
5016,3315,7.797159556094137,820.5176827057545,691.545309991195,788.9,690.8
5017,3316,7.797159556094137,820.5176827057545,691.545309991195,788.9,690.8
5018,3317,7.797159556094137,820.5176827057545,691.545309991195,788.9,690.8
5019,3318,7.797159556094137,820.5176827057545,691.545309991195,799.4923076923077,690.3153846153846
5020,3319,7.797159556094137,820.5176827057545,691.545309991195,810.0846153846154,689.8307692307692
5021,3320,7.797159556094137,820.5176827057545,691.545309991195,820.6769230769231,689.3461538461538
5022,3321,7.797159556094137,820.5176827057545,691.545309991195,831.2692307692307,688.8615384615384
5023,3322,7.797159556094137,820.5176827057545,691.545309991195,841.8615384615384,688.376923076923
5024,3323,7.797159556094137,820.5176827057545,691.545309991195,852.4538461538461,687.8923076923077
5025,3324,7.797159556094137,820.5176827057545,691.545309991195,863.0461538461539,687.4076923076923
5026,3325,7.797159556094137,820.5176827057545,691.545309991195,873.6384615384616,686.9230769230769
5027,3326,7.797159556094137,820.5176827057545,691.545309991195,884.2307692307693,686.4384615384615
5028,3327,7.797159556094137,820.5176827057545,691.545309991195,894.823076923077,685.9538461538461
5029,3328,7.797159556094137,820.5176827057545,691.545309991195,905.4153846153846,685.4692307692308
5030,3329,7.797159556094137,820.5176827057545,691.545309991195,916.0076923076923,684.9846153846154
5031,3330,7.797159556094137,820.5176827057545,691.545309991195,926.6,684.5
5032,3331,7.797159556094137,820.5176827057545,691.545309991195,926.6,684.5
5033,3332,7.797159556094137,820.5176827057545,691.545309991195,926.6,684.5
5034,3333,7.797159556094137,820.5176827057545,691.545309991195,926.6,684.5
5035,3334,7.797159556094137,820.5176827057545,691.545309991195,926.6,684.5
5036,3335,7.797159556094137,820.5176827057545,691.545309991195,926.6,684.5
5037,3336,7.797159556094137,820.5176827057545,691.545309991195,926.6,684.5
5038,3337,7.797159556094137,820.5176827057545,691.545309991195,926.6,684.5
5039,3338,7.797159556094137,820.5176827057545,691.545309991195,926.6,684.5
5040,3339,7.797159556094137,820.5176827057545,691.545309991195,926.6,684.5
5041,3340,7.797159556094137,820.5176827057545,691.545309991195,926.6,684.5
5042,3341,7.797159556094137,820.5176827057545,691.545309991195,926.6,684.5
5043,3342,7.797159556094137,820.5176827057545,691.545309991195,926.6,684.5
5044,3343,7.797159556094137,820.5176827057545,691.545309991195,926.6,684.5
5045,3344,7.797159556094137,820.5176827057545,691.545309991195,926.6,684.5
5046,3345,7.797159556094137,820.5176827057545,691.545309991195,926.6,684.5
5047,3346,7.797159556094137,820.5176827057545,691.545309991195,926.6,684.5
5048,3347,7.797159556094137,820.5176827057545,691.545309991195,926.6,684.5
5049,3348,7.797159556094137,820.5176827057545,691.545309991195,926.6,684.5
5050,3349,7.797159556094137,820.5176827057545,691.545309991195,926.6,684.5
5051,3350,7.797159556094137,820.5176827057545,691.545309991195,926.6,684.5
5052,3351,7.797159556094137,820.5176827057545,691.545309991195,926.6,684.5
5053,3352,7.797159556094137,820.5176827057545,691.545309991195,926.6,684.5
5054,3353,7.797159556094137,820.5176827057545,691.545309991195,926.6,684.5
5055,3354,7.797159556094137,820.5176827057545,691.545309991195,926.6,684.5
5056,3355,7.797159556094137,820.5176827057545,691.545309991195,926.6,684.5
5057,3356,7.797159556094137,820.5176827057545,691.545309991195,926.6,684.5
5058,3357,7.797159556094137,820.5176827057545,691.545309991195,926.6,684.5
5059,3358,7.797159556094137,820.5176827057545,691.545309991195,926.6,684.5
5060,3359,7.797159556094137,820.5176827057545,691.545309991195,926.6,684.5
5061,3360,7.797159556094137,820.5176827057545,691.545309991195,926.6,684.5
5062,3361,7.797159556094137,820.5176827057545,691.545309991195,926.6,684.5
5063,3362,7.797159556094137,820.5176827057545,691.545309991195,926.6,684.5
5064,3363,7.797159556094137,820.5176827057545,691.545309991195,926.6,684.5
5065,3364,7.797159556094137,820.5176827057545,691.545309991195,926.6,684.5
5065,3365,7.797159556094137,820.5176827057545,691.545309991195,926.6,684.5
5065,3366,7.797159556094137,820.5176827057545,691.545309991195,926.6,684.5
5065,3367,7.797159556094137,820.5176827057545,691.545309991195,926.6,684.5
5065,3368,7.797159556094137,820.5176827057545,691.545309991195,926.6,684.5
5065,3369,7.797159556094137,820.5176827057545,691.545309991195,926.6,684.5
5065,3370,7.797159556094137,820.5176827057545,691.545309991195,926.6,684.5
5065,3371,7.797159556094137,820.5176827057545,691.545309991195,926.6,684.5
5065,3372,7.797159556094137,820.5176827057545,691.545309991195,926.6,684.5
5065,3373,7.797159556094137,820.5176827057545,691.545309991195,926.6,684.5
5065,3374,7.797159556094137,820.5176827057545,691.545309991195,926.6,684.5
5065,3375,7.797159556094137,820.5176827057545,691.545309991195,926.6,684.5
5065,3376,7.797159556094137,820.5176827057545,691.545309991195,926.6,684.5
5065,3377,7.797159556094137,820.5176827057545,691.545309991195,926.6,684.5
5065,3378,7.797159556094137,820.5176827057545,691.545309991195,926.6,684.5
5065,3379,7.797159556094137,820.5176827057545,691.545309991195,926.6,684.5
5065,3380,7.797159556094137,820.5176827057545,691.545309991195,926.6,684.5
5065,3381,7.797159556094137,820.5176827057545,691.545309991195,926.6,684.5
5065,3382,7.797159556094137,820.5176827057545,691.545309991195,926.6,684.5
5065,3383,7.797159556094137,820.5176827057545,691.545309991195,926.6,684.5
5065,3384,7.797159556094137,820.5176827057545,691.545309991195,926.6,684.5
5065,3385,7.797159556094137,820.5176827057545,691.545309991195,926.6,684.5
5065,3386,7.797159556094137,820.5176827057545,691.545309991195,926.6,684.5
5065,3387,7.797159556094137,820.5176827057545,691.545309991195,926.6,684.5
5065,3388,7.797159556094137,820.5176827057545,691.545309991195,926.6,684.5
5065,3389,7.797159556094137,820.5176827057545,691.545309991195,926.6,684.5
5065,3390,7.797159556094137,820.5176827057545,691.545309991195,926.6,684.5
5065,3391,7.797159556094137,820.5176827057545,691.545309991195,926.6,684.5
5065,3392,7.797159556094137,820.5176827057545,691.545309991195,926.6,684.5
5065,3393,7.797159556094137,820.5176827057545,691.545309991195,926.6,684.5
5065,3394,7.797159556094137,820.5176827057545,691.545309991195,926.6,684.5
5065,3395,7.797159556094137,936.5176827057545,660.545309991195,926.6,684.5
5065,3396,7.797159556094137,936.5176827057545,660.545309991195,926.6,684.5
5065,3397,7.797159556094137,936.5176827057545,660.545309991195,926.6,684.5
5065,3398,7.797159556094137,936.5176827057545,660.545309991195,926.6,684.5
5065,3399,7.797159556094137,936.5176827057545,660.545309991195,926.6,684.5
5065,3400,7.797159556094137,936.5176827057545,660.545309991195,926.6,684.5
5065,3401,7.797159556094137,936.5176827057545,660.545309991195,926.6,684.5
5065,3402,7.797159556094137,936.5176827057545,660.545309991195,926.6,684.5
5065,3403,7.797159556094137,936.5176827057545,660.545309991195,926.6,684.5
5065,3404,7.797159556094137,936.5176827057545,660.545309991195,926.6,684.5
5065,3405,7.797159556094137,936.5176827057545,660.545309991195,926.6,684.5
5065,3406,7.797159556094137,936.5176827057545,660.545309991195,926.6,684.5
5065,3407,7.797159556094137,936.5176827057545,660.545309991195,926.6,684.5
5065,3408,7.797159556094137,936.5176827057545,660.545309991195,926.6,684.5
5065,3409,7.797159556094137,936.5176827057545,660.545309991195,926.6,684.5
5065,3410,7.797159556094137,936.5176827057545,660.545309991195,911.5615384615385,684.6692307692308
5065,3411,7.797159556094137,936.5176827057545,660.545309991195,896.5230769230769,684.8384615384615
5065,3412,7.797159556094137,936.5176827057545,660.545309991195,881.4846153846154,685.0076923076923
5065,3413,7.797159556094137,936.5176827057545,660.545309991195,866.4461538461538,685.1769230769231
5065,3414,7.797159556094137,936.5176827057545,660.545309991195,851.4076923076923,685.3461538461538
5065,3415,7.797159556094137,936.5176827057545,660.545309991195,836.3692307692309,685.5153846153846
5065,3416,7.797159556094137,936.5176827057545,660.545309991195,821.3307692307692,685.6846153846154
5065,3417,7.797159556094137,936.5176827057545,660.545309991195,806.2923076923078,685.8538461538462
5065,3418,7.797159556094137,936.5176827057545,660.545309991195,791.2538461538462,686.0230769230769
5065,3419,7.797159556094137,936.5176827057545,660.545309991195,776.2153846153847,686.1923076923077
5065,3420,7.797159556094137,936.5176827057545,660.545309991195,761.1769230769231,686.3615384615385
5065,3421,7.797159556094137,936.5176827057545,660.545309991195,746.1384615384616,686.5307692307692
5065,3422,7.797159556094137,936.5176827057545,660.545309991195,731.1,686.7
5065,3423,7.797159556094137,936.5176827057545,660.545309991195,731.1,686.7
5065,3424,7.797159556094137,936.5176827057545,660.545309991195,731.1,686.7
5065,3425,7.797159556094137,936.5176827057545,660.545309991195,731.1,686.7
5065,3426,7.797159556094137,936.5176827057545,660.545309991195,731.1,686.7
5065,3427,7.797159556094137,936.5176827057545,660.545309991195,731.1,686.7
5065,3428,7.797159556094137,936.5176827057545,660.545309991195,731.1,686.7
5065,3429,7.797159556094137,936.5176827057545,660.545309991195,731.1,686.7
5065,3430,7.797159556094137,936.5176827057545,660.545309991195,731.1,686.7
5065,3431,7.797159556094137,936.5176827057545,660.545309991195,731.1,686.7
5065,3432,7.797159556094137,936.5176827057545,660.545309991195,731.1,686.7
5065,3433,7.797159556094137,936.5176827057545,660.545309991195,731.1,686.7
5065,3434,7.797159556094137,936.5176827057545,660.545309991195,731.1,686.7
5065,3435,7.797159556094137,936.5176827057545,660.545309991195,731.1,686.7
5065,3436,7.797159556094137,936.5176827057545,660.545309991195,731.1,686.7
5065,3437,7.797159556094137,936.5176827057545,660.545309991195,731.1,686.7
5065,3438,7.797159556094137,936.5176827057545,660.545309991195,731.1,686.7
5065,3439,7.797159556094137,936.5176827057545,660.545309991195,731.1,686.7
5065,3440,7.797159556094137,936.5176827057545,660.545309991195,731.1,686.7
5065,3441,7.797159556094137,936.5176827057545,660.545309991195,731.1,686.7
5065,3442,7.797159556094137,936.5176827057545,660.545309991195,731.1,686.7
5065,3443,7.797159556094137,936.5176827057545,660.545309991195,731.1,686.7
5065,3444,7.797159556094137,936.5176827057545,660.545309991195,731.1,686.7
5065,3445,7.797159556094137,936.5176827057545,660.545309991195,731.1,686.7
5065,3446,7.797159556094137,936.5176827057545,660.545309991195,731.1,686.7
5065,3447,7.797159556094137,936.5176827057545,660.545309991195,731.1,686.7
5065,3448,7.797159556094137,936.5176827057545,660.545309991195,731.1,686.7
5065,3449,7.797159556094137,936.5176827057545,660.545309991195,731.1,686.7
5065,3450,7.797159556094137,936.5176827057545,660.545309991195,731.1,686.7
5065,3451,7.797159556094137,936.5176827057545,660.545309991195,731.1,686.7
5065,3452,7.797159556094137,936.5176827057545,660.545309991195,731.1,686.7
5065,3453,7.797159556094137,936.5176827057545,660.545309991195,731.1,686.7
5065,3454,7.797159556094137,936.5176827057545,660.545309991195,731.1,686.7
5065,3455,7.797159556094137,936.5176827057545,660.545309991195,731.1,686.7
5065,3456,7.797159556094137,936.5176827057545,660.545309991195,731.1,686.7
5065,3457,7.797159556094137,936.5176827057545,660.545309991195,731.1,686.7
5065,3458,7.797159556094137,936.5176827057545,660.545309991195,731.1,686.7
5065,3459,7.797159556094137,936.5176827057545,660.545309991195,731.1,686.7
5065,3460,7.797159556094137,936.5176827057545,660.545309991195,731.1,686.7
5065,3461,7.797159556094137,936.5176827057545,660.545309991195,731.1,686.7
5065,3462,7.797159556094137,654.5176827057545,670.545309991195,731.1,686.7
5065,3463,7.797159556094137,654.5176827057545,670.545309991195,731.1,686.7
5065,3464,7.797159556094137,654.5176827057545,670.545309991195,731.1,686.7
5065,3465,7.797159556094137,654.5176827057545,670.545309991195,731.1,686.7
5065,3466,7.797159556094137,654.5176827057545,670.545309991195,731.1,686.7
5065,3467,7.797159556094137,654.5176827057545,670.545309991195,731.1,686.7
5065,3468,7.797159556094137,654.5176827057545,670.545309991195,731.1,686.7
5065,3469,7.797159556094137,654.5176827057545,670.545309991195,731.1,686.7
5065,3470,7.797159556094137,654.5176827057545,670.545309991195,731.1,686.7
5065,3471,7.797159556094137,654.5176827057545,670.545309991195,731.1,686.7
5065,3472,7.797159556094137,654.5176827057545,670.545309991195,731.1,686.7
5065,3473,7.797159556094137,654.5176827057545,670.545309991195,731.1,686.7
5065,3474,5.535204174220695,654.5176827057545,670.545309991195,731.1,686.7
5065,3475,3.017825849730136,654.5176827057545,670.545309991195,731.1,686.7
5065,3476,0.21072511475563427,654.5176827057545,670.545309991195,731.1,686.7
5065,3477,2.9231085402783097,654.5176827057545,670.545309991195,731.1,686.7
5066,3478,6.279810751006361,654.5176827057545,670.545309991195,731.1,686.7
5067,3479,2.3794807733757386,654.5176827057545,670.545309991195,731.1,686.7
5068,3480,1.952902748429425,654.5176827057545,670.545309991195,731.1,686.7
5069,3480,1.952902748429425,654.5176827057545,670.545309991195,731.1,686.7
5070,3480,1.952902748429425,654.5176827057545,670.545309991195,731.1,686.7
5071,3480,1.952902748429425,654.5176827057545,670.545309991195,731.1,686.7
5072,3480,1.952902748429425,654.5176827057545,670.545309991195,731.1,686.7
5073,3480,1.952902748429425,654.5176827057545,670.545309991195,731.1,686.7
5074,3480,1.952902748429425,654.5176827057545,670.545309991195,731.1,686.7
5075,3480,1.952902748429425,654.5176827057545,670.545309991195,731.1,686.7
5076,3480,1.952902748429425,654.5176827057545,670.545309991195,731.1,686.7
5077,3480,1.952902748429425,654.5176827057545,670.545309991195,731.1,686.7
5078,3480,1.952902748429425,654.5176827057545,670.545309991195,731.1,686.7
5079,3480,1.952902748429425,654.5176827057545,670.545309991195,731.1,686.7
5080,3480,1.952902748429425,654.5176827057545,670.545309991195,731.1,686.7
5081,3480,1.952902748429425,654.5176827057545,670.545309991195,731.1,686.7
5082,3480,1.952902748429425,654.5176827057545,670.545309991195,731.1,686.7
5083,3480,1.952902748429425,654.5176827057545,670.545309991195,731.1,686.7
5084,3480,1.952902748429425,654.5176827057545,670.545309991195,731.1,686.7
5085,3480,1.952902748429425,654.5176827057545,670.545309991195,731.1,686.7
5086,3480,1.952902748429425,654.5176827057545,670.545309991195,731.1,686.7
5087,3480,1.952902748429425,654.5176827057545,670.545309991195,731.1,686.7
5088,3481,6.735145634175002,654.5176827057545,670.545309991195,731.1,686.7
5089,3482,11.963967774921992,654.5176827057545,670.545309991195,731.1,686.7
5090,3483,17.606065557121468,654.5176827057545,670.545309991195,731.1,686.7
5091,3484,23.591319193386678,654.5176827057545,670.545309991195,731.1,686.7
5092,3485,29.811827049306764,654.5176827057545,670.545309991195,731.1,686.7
5093,3486,36.129751360705306,654.5176827057545,670.545309991195,731.1,686.7
5094,3487,42.3938576638479,654.5176827057545,670.545309991195,731.1,686.7
5095,3488,48.46038612852148,654.5176827057545,670.545309991195,731.1,686.7
5096,3489,54.21147362038586,654.5176827057545,670.545309991195,731.1,686.7
5097,3490,59.56573503046822,654.5176827057545,670.545309991195,731.1,686.7
5098,3491,64.47965126307334,654.5176827057545,670.545309991195,731.1,686.7
5099,3492,68.94208227333598,654.5176827057545,670.545309991195,731.1,686.7
5100,3493,67.4096530815623,654.5176827057545,670.545309991195,731.1,686.7
5101,3494,63.797449768211735,654.5176827057545,670.545309991195,731.1,686.7
5102,3495,60.5611878402184,654.5176827057545,670.545309991195,731.1,686.7
5103,3496,57.66276716494492,654.5176827057545,670.545309991195,731.1,686.7
5104,3497,55.064624289881074,654.5176827057545,670.545309991195,731.1,686.7
5105,3498,55.064624289881074,654.5176827057545,670.545309991195,731.1,686.7
5106,3499,55.064624289881074,654.5176827057545,670.545309991195,731.1,686.7
5107,3500,55.064624289881074,654.5176827057545,670.545309991195,731.1,686.7
5108,3501,55.064624289881074,654.5176827057545,670.545309991195,731.1,686.7
5109,3502,55.064624289881074,654.5176827057545,670.545309991195,731.1,686.7
5110,3503,55.064624289881074,654.5176827057545,670.545309991195,731.1,686.7
5111,3504,55.064624289881074,654.5176827057545,670.545309991195,731.1,686.7
5112,3505,55.064624289881074,654.5176827057545,670.545309991195,731.1,686.7
5113,3506,55.064624289881074,654.5176827057545,670.545309991195,731.1,686.7
5114,3507,55.064624289881074,654.5176827057545,670.545309991195,731.1,686.7
5115,3508,55.064624289881074,654.5176827057545,670.545309991195,731.1,686.7
5116,3509,55.064624289881074,654.5176827057545,670.545309991195,731.1,686.7
5117,3510,55.064624289881074,654.5176827057545,670.545309991195,731.1,686.7
5117,3511,55.064624289881074,654.5176827057545,670.545309991195,731.1,686.7
5117,3512,55.064624289881074,654.5176827057545,670.545309991195,731.1,686.7
5117,3513,55.064624289881074,654.5176827057545,670.545309991195,731.1,686.7
5117,3514,55.064624289881074,654.5176827057545,670.545309991195,731.1,686.7
5117,3515,55.064624289881074,654.5176827057545,670.545309991195,731.1,686.7
5117,3516,55.064624289881074,654.5176827057545,670.545309991195,731.1,686.7
5117,3517,55.064624289881074,654.5176827057545,670.545309991195,731.1,686.7
5117,3518,55.064624289881074,654.5176827057545,670.545309991195,731.1,686.7
5117,3519,55.064624289881074,654.5176827057545,670.545309991195,731.1,686.7
5117,3520,55.064624289881074,654.5176827057545,670.545309991195,731.1,686.7
5117,3521,55.064624289881074,654.5176827057545,670.545309991195,731.1,686.7
5118,3522,55.064624289881074,654.5176827057545,670.545309991195,731.1,686.7
5119,3523,55.064624289881074,654.5176827057545,670.545309991195,731.1,686.7
5120,3524,55.064624289881074,654.5176827057545,670.545309991195,731.1,686.7
5121,3525,55.064624289881074,654.5176827057545,670.545309991195,731.1,686.7
5122,3526,55.064624289881074,654.5176827057545,670.545309991195,731.1,686.7
5123,3527,55.064624289881074,654.5176827057545,670.545309991195,731.1,686.7
5124,3528,55.064624289881074,654.5176827057545,670.545309991195,731.1,686.7
5125,3529,55.064624289881074,654.5176827057545,670.545309991195,731.1,686.7
5126,3530,55.064624289881074,654.5176827057545,670.545309991195,731.1,686.7
5127,3531,55.064624289881074,654.5176827057545,670.545309991195,731.1,686.7
5128,3532,55.064624289881074,654.5176827057545,670.545309991195,731.1,686.7
5129,3533,55.064624289881074,654.5176827057545,670.545309991195,731.1,686.7
5130,3534,55.064624289881074,654.5176827057545,670.545309991195,731.1,686.7
5131,3535,55.064624289881074,654.5176827057545,670.545309991195,731.1,686.7
5132,3536,55.064624289881074,654.5176827057545,670.545309991195,731.1,686.7
5133,3537,55.064624289881074,654.5176827057545,670.545309991195,731.1,686.7
5134,3538,55.064624289881074,654.5176827057545,670.545309991195,731.1,686.7
5135,3539,55.064624289881074,654.5176827057545,670.545309991195,731.1,686.7
5136,3540,55.064624289881074,654.5176827057545,670.545309991195,731.1,686.7
5137,3541,55.064624289881074,654.5176827057545,670.545309991195,731.1,686.7
5138,3542,55.064624289881074,654.5176827057545,670.545309991195,731.1,686.7
5139,3543,55.064624289881074,654.5176827057545,670.545309991195,731.1,686.7
5140,3544,55.064624289881074,654.5176827057545,670.545309991195,731.1,686.7
5141,3545,55.064624289881074,654.5176827057545,670.545309991195,731.1,686.7
5142,3546,55.064624289881074,654.5176827057545,670.545309991195,731.1,686.7
5143,3547,55.064624289881074,654.5176827057545,670.545309991195,731.1,686.7
5144,3548,55.064624289881074,654.5176827057545,670.545309991195,731.1,686.7
5145,3549,55.064624289881074,654.5176827057545,670.545309991195,731.1,686.7
5146,3550,55.064624289881074,654.5176827057545,670.545309991195,731.1,686.7
5147,3551,55.064624289881074,654.5176827057545,670.545309991195,731.1,686.7
5148,3552,55.064624289881074,654.5176827057545,670.545309991195,731.1,686.7
5149,3553,55.064624289881074,654.5176827057545,670.545309991195,731.1,686.7
5150,3554,55.064624289881074,654.5176827057545,670.545309991195,744.22,685.5200000000001
5151,3555,55.064624289881074,654.5176827057545,670.545309991195,757.34,684.34
5152,3556,55.064624289881074,654.5176827057545,670.545309991195,770.46,683.1600000000001
5153,3557,55.064624289881074,654.5176827057545,670.545309991195,783.58,681.98
5154,3558,55.064624289881074,654.5176827057545,670.545309991195,796.7,680.8000000000001
5155,3559,55.064624289881074,654.5176827057545,670.545309991195,809.82,679.62
5156,3560,55.064624289881074,654.5176827057545,670.545309991195,822.94,678.44
5157,3561,55.064624289881074,654.5176827057545,670.545309991195,836.06,677.26
5158,3562,55.064624289881074,654.5176827057545,670.545309991195,849.1800000000001,676.08
5159,3563,55.064624289881074,654.5176827057545,670.545309991195,862.3,674.9
5160,3564,55.064624289881074,654.5176827057545,670.545309991195,875.42,673.72
5161,3565,55.064624289881074,654.5176827057545,670.545309991195,888.54,672.54
5162,3566,55.064624289881074,654.5176827057545,670.545309991195,901.66,671.36
5163,3567,55.064624289881074,654.5176827057545,670.545309991195,914.78,670.18
5164,3568,55.064624289881074,654.5176827057545,670.545309991195,927.9,669.0
5165,3569,55.064624289881074,654.5176827057545,670.545309991195,927.9,669.0
5165,3570,55.064624289881074,654.5176827057545,670.545309991195,927.9,669.0
5165,3571,55.064624289881074,654.5176827057545,670.545309991195,927.9,669.0
5165,3572,55.064624289881074,654.5176827057545,670.545309991195,927.9,669.0
5165,3573,55.064624289881074,654.5176827057545,670.545309991195,927.9,669.0
5165,3574,55.064624289881074,654.5176827057545,670.545309991195,927.9,669.0
5165,3575,55.064624289881074,654.5176827057545,670.545309991195,927.9,669.0
5165,3576,55.064624289881074,654.5176827057545,670.545309991195,927.9,669.0
5165,3577,55.064624289881074,654.5176827057545,670.545309991195,927.9,669.0
5165,3578,55.064624289881074,654.5176827057545,670.545309991195,927.9,669.0
5165,3579,55.064624289881074,654.5176827057545,670.545309991195,927.9,669.0
5165,3580,55.064624289881074,654.5176827057545,670.545309991195,927.9,669.0
5165,3581,55.064624289881074,654.5176827057545,670.545309991195,927.9,669.0
5165,3582,55.064624289881074,654.5176827057545,670.545309991195,927.9,669.0
5165,3583,55.064624289881074,654.5176827057545,670.545309991195,927.9,669.0
5165,3584,55.064624289881074,654.5176827057545,670.545309991195,927.9,669.0
5165,3585,55.064624289881074,654.5176827057545,670.545309991195,927.9,669.0
5165,3586,55.064624289881074,654.5176827057545,670.545309991195,927.9,669.0
5165,3587,55.064624289881074,654.5176827057545,670.545309991195,927.9,669.0
5165,3588,55.064624289881074,654.5176827057545,670.545309991195,927.9,669.0
5165,3589,55.064624289881074,654.5176827057545,670.545309991195,927.9,669.0
5165,3590,55.064624289881074,654.5176827057545,670.545309991195,927.9,669.0
5165,3591,55.064624289881074,654.5176827057545,670.545309991195,927.9,669.0
5165,3592,55.064624289881074,654.5176827057545,670.545309991195,927.9,669.0
5165,3593,55.064624289881074,654.5176827057545,670.545309991195,927.9,669.0
5165,3594,55.064624289881074,654.5176827057545,670.545309991195,927.9,669.0
5165,3595,55.064624289881074,654.5176827057545,670.545309991195,927.9,669.0
5165,3596,55.064624289881074,654.5176827057545,670.545309991195,927.9,669.0
5165,3597,55.064624289881074,654.5176827057545,670.545309991195,927.9,669.0
5165,3598,55.064624289881074,654.5176827057545,670.545309991195,927.9,669.0
5165,3599,55.064624289881074,654.5176827057545,670.545309991195,927.9,669.0
5165,3600,55.064624289881074,654.5176827057545,670.545309991195,927.9,669.0
5165,3601,55.064624289881074,654.5176827057545,670.545309991195,927.9,669.0
5165,3602,55.064624289881074,654.5176827057545,670.545309991195,927.9,669.0
5165,3603,55.064624289881074,654.5176827057545,670.545309991195,927.9,669.0
5165,3604,55.064624289881074,654.5176827057545,670.545309991195,927.9,669.0
5165,3605,55.064624289881074,654.5176827057545,670.545309991195,927.9,669.0
5165,3606,55.064624289881074,654.5176827057545,670.545309991195,927.9,669.0
5165,3607,55.064624289881074,654.5176827057545,670.545309991195,927.9,669.0
5165,3608,53.70190344841464,654.5176827057545,670.545309991195,927.9,669.0
5165,3609,52.36119729866088,654.5176827057545,670.545309991195,927.9,669.0
5165,3610,51.043408388238106,654.5176827057545,670.545309991195,927.9,669.0
5165,3611,49.74931183124566,654.5176827057545,670.545309991195,927.9,669.0
5165,3612,48.47955855708216,654.5176827057545,670.545309991195,927.9,669.0
5165,3613,47.23467970300017,654.5176827057545,670.545309991195,927.9,669.0
5165,3614,46.01509195629072,654.5176827057545,670.545309991195,927.9,669.0
5165,3615,44.82110365407072,654.5176827057545,670.545309991195,927.9,669.0
5165,3616,43.652921456215765,654.5176827057545,670.545309991195,927.9,669.0
5165,3617,42.510657418868036,654.5176827057545,670.545309991195,927.9,669.0
5165,3618,41.39433631098762,654.5176827057545,670.545309991195,927.9,669.0
5165,3619,40.30390303352391,654.5176827057545,670.545309991195,927.9,669.0
5165,3620,39.23923001898544,654.5176827057545,670.545309991195,927.9,669.0
5165,3621,38.200124507659936,654.5176827057545,670.545309991195,927.9,669.0
5165,3622,37.1863356148068,654.5176827057545,670.545309991195,927.9,669.0
5165,3623,37.1863356148068,654.5176827057545,670.545309991195,927.9,669.0
5165,3624,37.1863356148068,654.5176827057545,670.545309991195,927.9,669.0
5165,3625,37.1863356148068,654.5176827057545,670.545309991195,927.9,669.0
5165,3626,37.1863356148068,654.5176827057545,670.545309991195,927.9,669.0
5165,3627,37.1863356148068,654.5176827057545,670.545309991195,927.9,669.0
5165,3628,37.1863356148068,654.5176827057545,670.545309991195,927.9,669.0
5165,3629,37.1863356148068,654.5176827057545,670.545309991195,927.9,669.0
5165,3630,37.1863356148068,654.5176827057545,670.545309991195,927.9,669.0
5165,3631,37.1863356148068,654.5176827057545,670.545309991195,927.9,669.0
5165,3632,37.1863356148068,654.5176827057545,670.545309991195,927.9,669.0
5165,3633,37.1863356148068,654.5176827057545,670.545309991195,927.9,669.0
5165,3634,37.1863356148068,654.5176827057545,670.545309991195,927.9,669.0
5165,3635,37.1863356148068,654.5176827057545,670.545309991195,927.9,669.0
5165,3636,37.1863356148068,654.5176827057545,670.545309991195,927.9,669.0
5165,3637,37.1863356148068,654.5176827057545,670.545309991195,927.9,669.0
5165,3638,37.1863356148068,654.5176827057545,670.545309991195,927.9,669.0
5165,3639,37.1863356148068,654.5176827057545,670.545309991195,927.9,669.0
5165,3640,37.1863356148068,654.5176827057545,670.545309991195,927.9,669.0
5165,3641,37.1863356148068,654.5176827057545,670.545309991195,927.9,669.0
5165,3642,37.1863356148068,654.5176827057545,670.545309991195,927.9,669.0
5165,3643,37.1863356148068,654.5176827057545,670.545309991195,927.9,669.0
5165,3644,37.1863356148068,654.5176827057545,670.545309991195,927.9,669.0
5165,3645,37.1863356148068,654.5176827057545,670.545309991195,927.9,669.0
5165,3646,37.1863356148068,654.5176827057545,670.545309991195,927.9,669.0
5165,3647,37.1863356148068,654.5176827057545,670.545309991195,927.9,669.0
5165,3648,37.1863356148068,654.5176827057545,670.545309991195,927.9,669.0
5165,3649,37.1863356148068,654.5176827057545,670.545309991195,927.9,669.0
5165,3650,37.1863356148068,654.5176827057545,670.545309991195,927.9,669.0
5165,3651,37.1863356148068,654.5176827057545,670.545309991195,927.9,669.0
5165,3652,37.1863356148068,654.5176827057545,670.545309991195,927.9,669.0
5165,3653,37.1863356148068,654.5176827057545,670.545309991195,927.9,669.0
5165,3654,37.1863356148068,654.5176827057545,670.545309991195,927.9,669.0
5165,3655,37.1863356148068,654.5176827057545,670.545309991195,927.9,669.0
5165,3656,37.1863356148068,654.5176827057545,670.545309991195,927.9,669.0
5165,3657,37.1863356148068,654.5176827057545,670.545309991195,927.9,669.0
5165,3658,37.1863356148068,654.5176827057545,670.545309991195,927.9,669.0
5165,3659,37.1863356148068,654.5176827057545,670.545309991195,927.9,669.0
5165,3660,37.1863356148068,654.5176827057545,670.545309991195,927.9,669.0
5165,3661,37.1863356148068,654.5176827057545,670.545309991195,927.9,669.0
5165,3662,37.1863356148068,654.5176827057545,670.545309991195,927.9,669.0
5165,3663,37.1863356148068,654.5176827057545,670.545309991195,927.9,669.0
5165,3664,37.1863356148068,654.5176827057545,670.545309991195,927.9,669.0
5165,3665,37.1863356148068,654.5176827057545,670.545309991195,927.9,669.0
5165,3666,37.1863356148068,654.5176827057545,670.545309991195,927.9,669.0
5165,3667,37.1863356148068,654.5176827057545,670.545309991195,927.9,669.0
5165,3668,37.1863356148068,654.5176827057545,670.545309991195,927.9,669.0
5165,3669,37.1863356148068,654.5176827057545,670.545309991195,927.9,669.0
5165,3670,37.1863356148068,654.5176827057545,670.545309991195,927.9,669.0
5165,3671,37.1863356148068,654.5176827057545,670.545309991195,927.9,669.0
5165,3672,37.1863356148068,654.5176827057545,670.545309991195,927.9,669.0
5165,3673,37.1863356148068,654.5176827057545,670.545309991195,927.9,669.0
5165,3674,37.1863356148068,654.5176827057545,670.545309991195,927.9,669.0
5165,3675,37.1863356148068,654.5176827057545,670.545309991195,927.9,669.0
5165,3676,37.1863356148068,654.5176827057545,670.545309991195,927.9,669.0
5165,3677,37.1863356148068,654.5176827057545,670.545309991195,927.9,669.0
5165,3678,37.1863356148068,654.5176827057545,670.545309991195,927.9,669.0
5165,3679,37.1863356148068,654.5176827057545,670.545309991195,927.9,669.0
5165,3680,37.1863356148068,654.5176827057545,670.545309991195,927.9,669.0
5165,3681,37.1863356148068,654.5176827057545,670.545309991195,927.9,669.0
5165,3682,37.1863356148068,654.5176827057545,670.545309991195,927.9,669.0
5165,3683,37.1863356148068,654.5176827057545,670.545309991195,927.9,669.0
5165,3684,37.1863356148068,654.5176827057545,670.545309991195,927.9,669.0
5165,3685,37.1863356148068,654.5176827057545,670.545309991195,927.9,669.0
5165,3686,37.1863356148068,654.5176827057545,670.545309991195,927.9,669.0
5165,3687,37.1863356148068,654.5176827057545,670.545309991195,927.9,669.0
5165,3688,37.1863356148068,654.5176827057545,670.545309991195,927.9,669.0
5165,3689,37.1863356148068,654.5176827057545,670.545309991195,927.9,669.0
5165,3690,37.1863356148068,654.5176827057545,670.545309991195,927.9,669.0
5165,3691,37.1863356148068,654.5176827057545,670.545309991195,927.9,669.0
5165,3692,37.1863356148068,654.5176827057545,670.545309991195,927.9,669.0
5165,3693,37.1863356148068,654.5176827057545,670.545309991195,927.9,669.0
5165,3694,37.1863356148068,654.5176827057545,670.545309991195,927.9,669.0
5165,3695,37.1863356148068,654.5176827057545,670.545309991195,927.9,669.0
5165,3696,37.1863356148068,654.5176827057545,670.545309991195,927.9,669.0
5165,3697,37.1863356148068,654.5176827057545,670.545309991195,927.9,669.0
5165,3698,37.1863356148068,654.5176827057545,670.545309991195,927.9,669.0
5165,3699,37.1863356148068,654.5176827057545,670.545309991195,927.9,669.0
5165,3700,37.1863356148068,654.5176827057545,670.545309991195,927.9,669.0
5165,3701,37.1863356148068,654.5176827057545,670.545309991195,927.9,669.0
5165,3702,37.1863356148068,654.5176827057545,670.545309991195,927.9,669.0
5165,3703,37.1863356148068,654.5176827057545,670.545309991195,927.9,669.0
5165,3704,37.1863356148068,654.5176827057545,670.545309991195,927.9,669.0
5165,3705,37.1863356148068,654.5176827057545,670.545309991195,927.9,669.0
5165,3706,37.1863356148068,654.5176827057545,670.545309991195,927.9,669.0
5165,3707,37.1863356148068,654.5176827057545,670.545309991195,927.9,669.0
5165,3708,37.1863356148068,654.5176827057545,670.545309991195,927.9,669.0
5165,3709,37.1863356148068,654.5176827057545,670.545309991195,927.9,669.0
5165,3710,37.1863356148068,654.5176827057545,670.545309991195,927.9,669.0
5165,3711,37.1863356148068,654.5176827057545,670.545309991195,927.9,669.0
5165,3712,37.1863356148068,654.5176827057545,670.545309991195,927.9,669.0
5165,3713,37.1863356148068,654.5176827057545,670.545309991195,927.9,669.0
5165,3714,37.1863356148068,654.5176827057545,670.545309991195,927.9,669.0
5165,3715,37.1863356148068,654.5176827057545,670.545309991195,927.9,669.0
5165,3716,37.1863356148068,654.5176827057545,670.545309991195,927.9,669.0
5165,3717,37.1863356148068,654.5176827057545,670.545309991195,927.9,669.0
5165,3718,37.1863356148068,654.5176827057545,670.545309991195,927.9,669.0
5165,3719,37.1863356148068,654.5176827057545,670.545309991195,927.9,669.0
5165,3720,37.1863356148068,654.5176827057545,670.545309991195,927.9,669.0
5165,3721,37.1863356148068,654.5176827057545,670.545309991195,927.9,669.0
5165,3722,37.1863356148068,654.5176827057545,670.545309991195,927.9,669.0
5165,3723,37.1863356148068,654.5176827057545,670.545309991195,927.9,669.0
5165,3724,37.1863356148068,654.5176827057545,670.545309991195,927.9,669.0
5165,3725,37.1863356148068,654.5176827057545,670.545309991195,927.9,669.0
5165,3726,37.1863356148068,654.5176827057545,670.545309991195,927.9,669.0
5165,3727,37.1863356148068,654.5176827057545,670.545309991195,927.9,669.0
5165,3728,37.1863356148068,654.5176827057545,670.545309991195,927.9,669.0
5165,3729,37.1863356148068,654.5176827057545,670.545309991195,927.9,669.0
5166,3730,46.18810961962841,654.5176827057545,670.545309991195,927.9,669.0
5167,3731,44.229600741119995,654.5176827057545,670.545309991195,927.9,669.0
5168,3732,42.05496766618802,654.5176827057545,670.545309991195,927.9,669.0
5169,3733,39.6337715228768,654.5176827057545,670.545309991195,927.9,669.0
5170,3734,36.9318488713979,654.5176827057545,670.545309991195,927.9,669.0
5171,3735,33.91171820764608,654.5176827057545,670.545309991195,927.9,669.0
5172,3736,30.533719455927297,654.5176827057545,670.545309991195,927.9,669.0
5173,3737,26.75831237584937,654.5176827057545,670.545309991195,914.2461538461538,668.6615384615385
5174,3738,22.550046871063753,654.5176827057545,670.545309991195,900.5923076923077,668.3230769230769
5175,3739,17.883663221539166,654.5176827057545,670.545309991195,886.9384615384615,667.9846153846154
5176,3740,12.752394516335217,654.5176827057545,670.545309991195,873.2846153846153,667.6461538461539
5177,3741,7.177616197332325,654.5176827057545,670.545309991195,859.6307692307691,667.3076923076923
5178,3742,1.2175092313725289,654.5176827057545,670.545309991195,845.9769230769231,666.9692307692308
5179,3742,1.2175092313725289,654.5176827057545,670.545309991195,832.3230769230769,666.6307692307693
5180,3742,1.2175092313725289,654.5176827057545,670.545309991195,818.6692307692308,666.2923076923078
5181,3742,1.2175092313725289,654.5176827057545,670.545309991195,805.0153846153846,665.9538461538461
5182,3742,1.2175092313725289,654.5176827057545,670.545309991195,791.3615384615384,665.6153846153846
5183,3742,1.2175092313725289,654.5176827057545,670.545309991195,777.7076923076922,665.2769230769231
5184,3742,1.2175092313725289,654.5176827057545,670.545309991195,764.0538461538462,664.9384615384615
5185,3742,1.2175092313725289,654.5176827057545,670.545309991195,750.4,664.6
5186,3742,1.2175092313725289,654.5176827057545,670.545309991195,750.4,664.6
5187,3742,1.2175092313725289,654.5176827057545,670.545309991195,750.4,664.6
5188,3742,1.2175092313725289,654.5176827057545,670.545309991195,750.4,664.6
5189,3742,1.2175092313725289,654.5176827057545,670.545309991195,750.4,664.6
5190,3742,1.2175092313725289,654.5176827057545,670.545309991195,750.4,664.6
5191,3742,1.2175092313725289,654.5176827057545,670.545309991195,750.4,664.6
5192,3742,1.2175092313725289,654.5176827057545,670.545309991195,750.4,664.6
5193,3742,1.2175092313725289,654.5176827057545,670.545309991195,750.4,664.6
5194,3742,1.2175092313725289,654.5176827057545,670.545309991195,750.4,664.6
5195,3742,1.2175092313725289,654.5176827057545,670.545309991195,750.4,664.6
5196,3742,1.2175092313725289,654.5176827057545,670.545309991195,750.4,664.6
5197,3742,1.2175092313725289,654.5176827057545,670.545309991195,750.4,664.6
5198,3742,1.2175092313725289,654.5176827057545,670.545309991195,750.4,664.6
5199,3742,1.2175092313725289,654.5176827057545,670.545309991195,750.4,664.6
5200,3742,1.2175092313725289,654.5176827057545,670.545309991195,750.4,664.6
5201,3742,1.2175092313725289,654.5176827057545,670.545309991195,750.4,664.6
5202,3742,1.2175092313725289,654.5176827057545,670.545309991195,750.4,664.6
5203,3742,1.2175092313725289,654.5176827057545,670.545309991195,750.4,664.6
5204,3742,1.2175092313725289,654.5176827057545,670.545309991195,750.4,664.6
5205,3742,1.2175092313725289,654.5176827057545,670.545309991195,750.4,664.6
5206,3742,1.2175092313725289,654.5176827057545,670.545309991195,750.4,664.6
5207,3742,1.2175092313725289,654.5176827057545,670.545309991195,750.4,664.6
5208,3743,3.6595414712323,654.5176827057545,670.545309991195,750.4,664.6
5209,3744,2.738684112339831,654.5176827057545,670.545309991195,750.4,664.6
5210,3744,2.738684112339831,654.5176827057545,670.545309991195,750.4,664.6
5211,3744,2.738684112339831,654.5176827057545,670.545309991195,750.4,664.6
5212,3744,2.738684112339831,654.5176827057545,670.545309991195,750.4,664.6
5213,3744,2.738684112339831,654.5176827057545,670.545309991195,750.4,664.6
5214,3744,2.738684112339831,654.5176827057545,670.545309991195,750.4,664.6
5215,3744,2.738684112339831,654.5176827057545,670.545309991195,750.4,664.6
5216,3744,2.738684112339831,654.5176827057545,670.545309991195,750.4,664.6
5217,3744,2.738684112339831,654.5176827057545,670.545309991195,750.4,664.6
5218,3744,2.738684112339831,654.5176827057545,670.545309991195,750.4,664.6
5219,3744,2.738684112339831,654.5176827057545,670.545309991195,750.4,664.6
5220,3744,2.738684112339831,654.5176827057545,670.545309991195,750.4,664.6
5221,3744,2.738684112339831,654.5176827057545,670.545309991195,750.4,664.6
5222,3744,2.738684112339831,654.5176827057545,670.545309991195,750.4,664.6
5223,3744,2.738684112339831,654.5176827057545,670.545309991195,750.4,664.6
5224,3744,2.738684112339831,654.5176827057545,670.545309991195,750.4,664.6
5225,3744,2.738684112339831,654.5176827057545,670.545309991195,750.4,664.6
5226,3744,2.738684112339831,654.5176827057545,670.545309991195,750.4,664.6
5227,3744,2.738684112339831,654.5176827057545,670.545309991195,750.4,664.6
5228,3744,2.738684112339831,654.5176827057545,670.545309991195,750.4,664.6
5229,3744,2.738684112339831,654.5176827057545,670.545309991195,750.4,664.6
5230,3744,2.738684112339831,654.5176827057545,670.545309991195,750.4,664.6
5231,3744,2.738684112339831,654.5176827057545,670.545309991195,750.4,664.6
5232,3744,2.738684112339831,654.5176827057545,670.545309991195,750.4,664.6
5233,3745,1.8548297708508878,654.5176827057545,670.545309991195,750.4,664.6
5234,3745,1.8548297708508878,654.5176827057545,670.545309991195,750.4,664.6
5235,3745,1.8548297708508878,654.5176827057545,670.545309991195,750.4,664.6
5236,3745,1.8548297708508878,654.5176827057545,670.545309991195,750.4,664.6
5237,3745,1.8548297708508878,654.5176827057545,670.545309991195,750.4,664.6
5238,3746,8.089423062891397,654.5176827057545,670.545309991195,750.4,664.6
5239,3747,14.031386773469704,654.5176827057545,670.545309991195,750.4,664.6
5240,3748,19.583953614968568,654.5176827057545,670.545309991195,750.4,664.6
5241,3749,24.691033900644005,654.5176827057545,670.545309991195,750.4,664.6
5242,3750,29.33296972048534,654.5176827057545,670.545309991195,750.4,664.6
5243,3751,33.5177354141368,654.5176827057545,670.545309991195,750.4,664.6
5244,3752,37.27131523746146,654.5176827057545,670.545309991195,750.4,664.6
5245,3753,37.27131523746146,677.5176827057545,664.545309991195,750.4,664.6
5246,3754,37.27131523746146,677.5176827057545,664.545309991195,750.4,664.6
5247,3755,37.27131523746146,677.5176827057545,664.545309991195,750.4,664.6
5248,3756,37.27131523746146,677.5176827057545,664.545309991195,750.4,664.6
5249,3757,37.27131523746146,677.5176827057545,664.545309991195,750.4,664.6
5250,3758,37.27131523746146,677.5176827057545,664.545309991195,750.4,664.6
5251,3759,37.27131523746146,677.5176827057545,664.545309991195,750.4,664.6
5252,3760,37.27131523746146,677.5176827057545,664.545309991195,750.4,664.6
5253,3761,37.27131523746146,677.5176827057545,664.545309991195,750.4,664.6
5254,3762,37.27131523746146,677.5176827057545,664.545309991195,750.4,664.6
5255,3763,37.27131523746146,677.5176827057545,664.545309991195,750.4,664.6
5256,3764,37.27131523746146,677.5176827057545,664.545309991195,750.4,664.6
5257,3765,37.27131523746146,677.5176827057545,664.545309991195,750.4,664.6
5258,3766,37.27131523746146,677.5176827057545,664.545309991195,750.4,664.6
5259,3767,37.27131523746146,677.5176827057545,664.545309991195,750.4,664.6
5260,3768,37.27131523746146,677.5176827057545,664.545309991195,750.4,664.6
5261,3769,37.27131523746146,677.5176827057545,664.545309991195,750.4,664.6
5262,3770,37.27131523746146,677.5176827057545,664.545309991195,750.4,664.6
5263,3771,37.27131523746146,677.5176827057545,664.545309991195,750.4,664.6
5264,3772,37.27131523746146,677.5176827057545,664.545309991195,750.4,664.6
5265,3773,37.27131523746146,677.5176827057545,664.545309991195,750.4,664.6
5266,3774,31.541389739005425,677.5176827057545,664.545309991195,750.4,664.6
5267,3775,31.541389739005425,677.5176827057545,664.545309991195,750.4,664.6
5268,3776,31.541389739005425,677.5176827057545,664.545309991195,750.4,664.6
5269,3777,31.541389739005425,677.5176827057545,664.545309991195,750.4,664.6
5270,3778,31.541389739005425,677.5176827057545,664.545309991195,750.4,664.6
5271,3779,31.541389739005425,677.5176827057545,664.545309991195,750.4,664.6
5272,3780,31.541389739005425,677.5176827057545,664.545309991195,743.5083333333333,664.9083333333333
5273,3781,31.541389739005425,677.5176827057545,664.545309991195,736.6166666666667,665.2166666666667
5274,3782,31.541389739005425,677.5176827057545,664.545309991195,729.725,665.525
5275,3783,31.541389739005425,677.5176827057545,664.545309991195,722.8333333333334,665.8333333333334
5276,3784,31.541389739005425,677.5176827057545,664.545309991195,715.9416666666667,666.1416666666667
5277,3785,31.541389739005425,677.5176827057545,664.545309991195,709.05,666.45
5278,3786,31.541389739005425,677.5176827057545,664.545309991195,702.1583333333333,666.7583333333333
5279,3787,31.541389739005425,701.5176827057545,658.545309991195,695.2666666666667,667.0666666666666
5280,3788,31.541389739005425,701.5176827057545,658.545309991195,688.375,667.375
5281,3789,31.541389739005425,701.5176827057545,658.545309991195,681.4833333333333,667.6833333333333
5282,3790,31.541389739005425,701.5176827057545,658.545309991195,674.5916666666667,667.9916666666667
5283,3791,31.541389739005425,701.5176827057545,658.545309991195,667.7,668.3
5284,3792,31.541389739005425,701.5176827057545,658.545309991195,667.7,668.3
5285,3793,31.541389739005425,701.5176827057545,658.545309991195,667.7,668.3
5286,3794,31.541389739005425,701.5176827057545,658.545309991195,667.7,668.3
5287,3795,31.541389739005425,701.5176827057545,658.545309991195,667.7,668.3
5288,3796,31.541389739005425,701.5176827057545,658.545309991195,667.7,668.3
5289,3797,31.541389739005425,701.5176827057545,658.545309991195,667.7,668.3
5290,3798,31.541389739005425,701.5176827057545,658.545309991195,667.7,668.3
5291,3799,31.541389739005425,701.5176827057545,658.545309991195,667.7,668.3
5292,3800,31.541389739005425,701.5176827057545,658.545309991195,667.7,668.3
5293,3801,31.541389739005425,701.5176827057545,658.545309991195,667.7,668.3
5294,3802,31.541389739005425,701.5176827057545,658.545309991195,667.7,668.3
5295,3803,31.541389739005425,701.5176827057545,658.545309991195,667.7,668.3
5296,3804,31.541389739005425,701.5176827057545,658.545309991195,667.7,668.3
5297,3805,31.541389739005425,701.5176827057545,658.545309991195,667.7,668.3
5298,3806,31.541389739005425,701.5176827057545,658.545309991195,667.7,668.3
5299,3807,31.541389739005425,701.5176827057545,658.545309991195,667.7,668.3
5299,3808,31.541389739005425,701.5176827057545,658.545309991195,667.7,668.3
5299,3809,31.541389739005425,701.5176827057545,658.545309991195,667.7,668.3
5299,3810,31.541389739005425,701.5176827057545,658.545309991195,667.7,668.3
5299,3811,31.541389739005425,701.5176827057545,658.545309991195,667.7,668.3
5299,3812,31.541389739005425,701.5176827057545,658.545309991195,667.7,668.3
5299,3813,31.541389739005425,701.5176827057545,658.545309991195,667.7,668.3
5299,3814,31.541389739005425,701.5176827057545,658.545309991195,667.7,668.3
5299,3815,31.541389739005425,701.5176827057545,658.545309991195,667.7,668.3
5299,3816,31.541389739005425,701.5176827057545,658.545309991195,667.7,668.3
5299,3817,31.541389739005425,701.5176827057545,658.545309991195,667.7,668.3
5299,3818,31.541389739005425,701.5176827057545,658.545309991195,667.7,668.3
5299,3819,31.541389739005425,701.5176827057545,658.545309991195,667.7,668.3
5299,3820,31.541389739005425,701.5176827057545,658.545309991195,667.7,668.3
5299,3821,31.541389739005425,701.5176827057545,658.545309991195,667.7,668.3
5299,3822,31.541389739005425,701.5176827057545,658.545309991195,667.7,668.3
5299,3823,31.541389739005425,701.5176827057545,658.545309991195,667.7,668.3
5299,3824,31.541389739005425,701.5176827057545,658.545309991195,667.7,668.3
5299,3825,31.541389739005425,701.5176827057545,658.545309991195,667.7,668.3
5299,3826,31.541389739005425,701.5176827057545,658.545309991195,667.7,668.3
5299,3827,31.541389739005425,701.5176827057545,658.545309991195,667.7,668.3
5299,3828,31.541389739005425,701.5176827057545,658.545309991195,667.7,668.3
5299,3829,31.541389739005425,701.5176827057545,658.545309991195,667.7,668.3
5299,3830,31.541389739005425,701.5176827057545,658.545309991195,667.7,668.3
5299,3831,31.541389739005425,701.5176827057545,658.545309991195,667.7,668.3
5299,3832,31.541389739005425,701.5176827057545,658.545309991195,667.7,668.3
5299,3833,31.541389739005425,701.5176827057545,658.545309991195,667.7,668.3
5299,3834,31.541389739005425,701.5176827057545,658.545309991195,667.7,668.3
5299,3835,31.541389739005425,701.5176827057545,658.545309991195,667.7,668.3
5299,3836,31.541389739005425,701.5176827057545,658.545309991195,667.7,668.3
5299,3837,31.541389739005425,701.5176827057545,658.545309991195,667.7,668.3
5299,3838,31.541389739005425,701.5176827057545,658.545309991195,667.7,668.3
5299,3839,31.541389739005425,701.5176827057545,658.545309991195,667.7,668.3
5299,3840,31.541389739005425,701.5176827057545,658.545309991195,667.7,668.3
5299,3841,31.541389739005425,701.5176827057545,658.545309991195,667.7,668.3
5299,3842,31.541389739005425,701.5176827057545,658.545309991195,667.7,668.3
5299,3843,31.541389739005425,701.5176827057545,658.545309991195,667.7,668.3
5299,3844,31.541389739005425,701.5176827057545,658.545309991195,667.7,668.3
5299,3845,29.988624713629928,701.5176827057545,658.545309991195,667.7,668.3
5299,3846,28.321752444353653,701.5176827057545,658.545309991195,667.7,668.3
5299,3847,26.530870281651097,701.5176827057545,658.545309991195,667.7,668.3
5299,3848,24.605522246296257,701.5176827057545,658.545309991195,667.7,668.3
5299,3849,22.534845018784097,701.5176827057545,658.545309991195,667.7,668.3
5299,3850,20.30780035128723,701.5176827057545,658.545309991195,667.7,668.3
5299,3851,17.913519457824425,701.5176827057545,658.545309991195,667.7,668.3
5299,3852,15.341786305110487,701.5176827057545,658.545309991195,667.7,668.3
5299,3853,12.583683867478616,701.5176827057545,658.545309991195,667.7,668.3
5299,3854,9.63241732583814,701.5176827057545,658.545309991195,667.7,668.3
5299,3855,6.484307236454267,701.5176827057545,658.545309991195,667.7,668.3
5299,3856,3.1399111886881856,701.5176827057545,658.545309991195,667.7,668.3
5299,3857,0.39481580129870836,701.5176827057545,658.545309991195,667.7,668.3
5299,3858,0.39481580129870836,701.5176827057545,658.545309991195,667.7,668.3
5299,3859,0.39481580129870836,701.5176827057545,658.545309991195,667.7,668.3
5299,3860,0.39481580129870836,701.5176827057545,658.545309991195,667.7,668.3
5299,3861,0.39481580129870836,701.5176827057545,658.545309991195,667.7,668.3
5299,3862,0.39481580129870836,701.5176827057545,658.545309991195,667.7,668.3
5299,3863,0.39481580129870836,701.5176827057545,658.545309991195,667.7,668.3
5299,3864,0.39481580129870836,701.5176827057545,658.545309991195,667.7,668.3
5299,3865,0.39481580129870836,701.5176827057545,658.545309991195,667.7,668.3
5299,3866,0.39481580129870836,701.5176827057545,658.545309991195,667.7,668.3
5299,3867,0.39481580129870836,701.5176827057545,658.545309991195,667.7,668.3
5299,3868,0.39481580129870836,701.5176827057545,658.545309991195,667.7,668.3
5299,3869,0.39481580129870836,701.5176827057545,658.545309991195,667.7,668.3
5299,3870,0.39481580129870836,701.5176827057545,658.545309991195,667.7,668.3
5299,3871,0.39481580129870836,701.5176827057545,658.545309991195,667.7,668.3
5299,3872,0.39481580129870836,701.5176827057545,658.545309991195,667.7,668.3
5299,3873,0.39481580129870836,701.5176827057545,658.545309991195,667.7,668.3
5299,3874,0.39481580129870836,701.5176827057545,658.545309991195,667.7,668.3
5299,3875,0.39481580129870836,701.5176827057545,658.545309991195,667.7,668.3
5299,3876,0.39481580129870836,701.5176827057545,658.545309991195,667.7,668.3
5299,3877,0.39481580129870836,701.5176827057545,658.545309991195,667.7,668.3
5299,3878,0.39481580129870836,701.5176827057545,658.545309991195,667.7,668.3
5299,3879,0.39481580129870836,701.5176827057545,658.545309991195,667.7,668.3
5299,3880,0.39481580129870836,701.5176827057545,658.545309991195,667.7,668.3
5299,3881,0.39481580129870836,701.5176827057545,658.545309991195,667.7,668.3
5299,3882,0.39481580129870836,701.5176827057545,658.545309991195,667.7,668.3
5299,3883,0.39481580129870836,701.5176827057545,658.545309991195,667.7,668.3
5299,3884,0.39481580129870836,701.5176827057545,658.545309991195,667.7,668.3
5299,3885,0.39481580129870836,701.5176827057545,658.545309991195,667.7,668.3
5299,3886,0.39481580129870836,701.5176827057545,658.545309991195,667.7,668.3
5299,3887,0.39481580129870836,701.5176827057545,658.545309991195,667.7,668.3
5299,3888,0.39481580129870836,701.5176827057545,658.545309991195,667.7,668.3
5299,3889,0.39481580129870836,701.5176827057545,658.545309991195,667.7,668.3
5299,3890,0.39481580129870836,701.5176827057545,658.545309991195,667.7,668.3
5299,3891,0.39481580129870836,701.5176827057545,658.545309991195,667.7,668.3
5299,3892,0.39481580129870836,701.5176827057545,658.545309991195,667.7,668.3
5299,3893,0.39481580129870836,701.5176827057545,658.545309991195,667.7,668.3
5299,3894,0.39481580129870836,701.5176827057545,658.545309991195,667.7,668.3
5299,3895,0.39481580129870836,701.5176827057545,658.545309991195,667.7,668.3
5299,3896,0.39481580129870836,701.5176827057545,658.545309991195,667.7,668.3
5299,3897,0.39481580129870836,701.5176827057545,658.545309991195,667.7,668.3
5299,3898,0.39481580129870836,701.5176827057545,658.545309991195,667.7,668.3
5299,3899,0.39481580129870836,701.5176827057545,658.545309991195,667.7,668.3
5299,3900,0.39481580129870836,701.5176827057545,658.545309991195,667.7,668.3
5299,3901,0.39481580129870836,701.5176827057545,658.545309991195,667.7,668.3
5299,3902,0.39481580129870836,701.5176827057545,658.545309991195,667.7,668.3
5299,3903,0.39481580129870836,701.5176827057545,658.545309991195,667.7,668.3
5299,3904,0.39481580129870836,701.5176827057545,658.545309991195,667.7,668.3
5299,3905,0.39481580129870836,701.5176827057545,658.545309991195,667.7,668.3
5299,3906,0.39481580129870836,701.5176827057545,658.545309991195,667.7,668.3
5299,3907,0.39481580129870836,701.5176827057545,658.545309991195,667.7,668.3
5299,3908,0.39481580129870836,701.5176827057545,658.545309991195,667.7,668.3
5299,3909,0.39481580129870836,701.5176827057545,658.545309991195,667.7,668.3
5299,3910,0.39481580129870836,701.5176827057545,658.545309991195,667.7,668.3
5299,3911,0.39481580129870836,701.5176827057545,658.545309991195,667.7,668.3
5299,3912,0.39481580129870836,701.5176827057545,658.545309991195,667.7,668.3
5299,3913,0.39481580129870836,701.5176827057545,658.545309991195,667.7,668.3
5299,3914,0.39481580129870836,701.5176827057545,658.545309991195,667.7,668.3
5299,3915,0.39481580129870836,701.5176827057545,658.545309991195,667.7,668.3
5299,3916,0.39481580129870836,701.5176827057545,658.545309991195,667.7,668.3
5299,3917,0.39481580129870836,701.5176827057545,658.545309991195,667.7,668.3
5299,3918,1.291514691300852,701.5176827057545,658.545309991195,667.7,668.3
5299,3919,3.5098770687495198,901.5176827057545,657.545309991195,667.7,668.3
5299,3920,6.547915988272733,901.5176827057545,657.545309991195,680.8818181818182,669.0
5299,3921,10.930844880611742,901.5176827057545,657.545309991195,694.0636363636364,669.6999999999999
5299,3922,17.69537784214439,901.5176827057545,657.545309991195,707.2454545454545,670.4
5299,3923,29.02128848415157,901.5176827057545,657.545309991195,720.4272727272728,671.1
5299,3924,49.11642583949836,901.5176827057545,657.545309991195,733.6090909090909,671.8
5300,3925,29.47645990507716,901.5176827057545,657.545309991195,746.7909090909092,672.5
5301,3926,0.2695958469679421,901.5176827057545,657.545309991195,759.9727272727273,673.1999999999999
5302,3926,0.2695958469679421,901.5176827057545,657.545309991195,773.1545454545455,673.9
5303,3926,0.2695958469679421,901.5176827057545,657.545309991195,786.3363636363637,674.6
5304,3926,0.2695958469679421,901.5176827057545,657.545309991195,799.5181818181818,675.3
5305,3926,0.2695958469679421,901.5176827057545,657.545309991195,812.7,676.0
5306,3926,0.2695958469679421,901.5176827057545,657.545309991195,825.8818181818183,676.7
5307,3926,0.2695958469679421,901.5176827057545,657.545309991195,839.0636363636364,677.4
5308,3926,0.2695958469679421,901.5176827057545,657.545309991195,852.2454545454545,678.1
5309,3926,0.2695958469679421,901.5176827057545,657.545309991195,865.4272727272728,678.8000000000001
5310,3926,0.2695958469679421,901.5176827057545,657.545309991195,878.6090909090909,679.5
5311,3926,0.2695958469679421,901.5176827057545,657.545309991195,891.7909090909092,680.2
5312,3926,0.2695958469679421,901.5176827057545,657.545309991195,904.9727272727273,680.9
5313,3926,0.2695958469679421,901.5176827057545,657.545309991195,918.1545454545455,681.6
5314,3926,0.2695958469679421,901.5176827057545,657.545309991195,931.3363636363637,682.3000000000001
5315,3926,0.2695958469679421,901.5176827057545,657.545309991195,944.5181818181818,683.0
5316,3926,0.2695958469679421,901.5176827057545,657.545309991195,957.7,683.7
5317,3926,0.2695958469679421,901.5176827057545,657.545309991195,957.7,683.7
5318,3926,0.2695958469679421,901.5176827057545,657.545309991195,957.7,683.7
5319,3926,0.2695958469679421,901.5176827057545,657.545309991195,957.7,683.7
5320,3926,0.2695958469679421,901.5176827057545,657.545309991195,957.7,683.7
5321,3926,0.2695958469679421,901.5176827057545,657.545309991195,957.7,683.7
5322,3926,0.2695958469679421,901.5176827057545,657.545309991195,957.7,683.7
5323,3926,0.2695958469679421,901.5176827057545,657.545309991195,957.7,683.7
5324,3926,0.2695958469679421,901.5176827057545,657.545309991195,957.7,683.7
5325,3926,0.2695958469679421,901.5176827057545,657.545309991195,957.7,683.7
5326,3926,0.2695958469679421,901.5176827057545,657.545309991195,957.7,683.7
5327,3926,0.2695958469679421,901.5176827057545,657.545309991195,957.7,683.7
5328,3926,0.2695958469679421,901.5176827057545,657.545309991195,957.7,683.7
5329,3926,0.2695958469679421,901.5176827057545,657.545309991195,957.7,683.7
5330,3926,0.2695958469679421,901.5176827057545,657.545309991195,957.7,683.7
5331,3927,18.557301642535595,901.5176827057545,657.545309991195,957.7,683.7
5332,3928,28.898310158890506,901.5176827057545,657.545309991195,957.7,683.7
5333,3929,14.636068071425251,901.5176827057545,657.545309991195,957.7,683.7
5334,3930,18.743723129045225,901.5176827057545,657.545309991195,957.7,683.7
5335,3931,21.618401132820374,901.5176827057545,657.545309991195,957.7,683.7
5336,3932,23.733020404564616,901.5176827057545,657.545309991195,957.7,683.7
5337,3933,25.349766230087102,901.5176827057545,657.545309991195,957.7,683.7
5338,3934,26.624076336959444,901.5176827057545,657.545309991195,957.7,683.7
5339,3935,27.653382482288183,901.5176827057545,657.545309991195,957.7,683.7
5340,3936,28.501636069560472,901.5176827057545,657.545309991195,957.7,683.7
5341,3937,29.212454131083934,901.5176827057545,657.545309991195,957.7,683.7
5342,3938,29.816560371058102,901.5176827057545,657.545309991195,957.7,683.7
5343,3939,30.336198390451187,901.5176827057545,657.545309991195,957.7,683.7
5344,3940,30.336198390451187,901.5176827057545,657.545309991195,957.7,683.7
5345,3941,30.336198390451187,901.5176827057545,657.545309991195,957.7,683.7
5346,3942,30.336198390451187,901.5176827057545,657.545309991195,957.7,683.7
5347,3943,30.336198390451187,901.5176827057545,657.545309991195,957.7,683.7
5348,3944,30.336198390451187,901.5176827057545,657.545309991195,957.7,683.7
5349,3945,30.336198390451187,901.5176827057545,657.545309991195,957.7,683.7
5350,3946,30.336198390451187,901.5176827057545,657.545309991195,957.7,683.7
5351,3947,30.336198390451187,901.5176827057545,657.545309991195,957.7,683.7
5352,3948,30.336198390451187,901.5176827057545,657.545309991195,957.7,683.7
5353,3949,30.336198390451187,901.5176827057545,657.545309991195,957.7,683.7
5354,3950,30.336198390451187,901.5176827057545,657.545309991195,957.7,683.7
5355,3951,30.336198390451187,901.5176827057545,657.545309991195,957.7,683.7
5356,3952,30.336198390451187,901.5176827057545,657.545309991195,957.7,683.7
5357,3953,30.336198390451187,901.5176827057545,657.545309991195,957.7,683.7
5358,3954,30.336198390451187,901.5176827057545,657.545309991195,957.7,683.7
5359,3955,30.336198390451187,901.5176827057545,657.545309991195,957.7,683.7
5360,3956,30.336198390451187,901.5176827057545,657.545309991195,957.7,683.7
5361,3957,30.336198390451187,901.5176827057545,657.545309991195,957.7,683.7
5362,3958,30.336198390451187,901.5176827057545,657.545309991195,957.7,683.7
5363,3959,30.336198390451187,901.5176827057545,657.545309991195,957.7,683.7
5364,3960,30.336198390451187,901.5176827057545,657.545309991195,957.7,683.7
5365,3961,30.336198390451187,901.5176827057545,657.545309991195,957.7,683.7
5366,3962,30.336198390451187,901.5176827057545,657.545309991195,957.7,683.7
5367,3963,30.336198390451187,901.5176827057545,657.545309991195,957.7,683.7
5368,3964,30.336198390451187,901.5176827057545,657.545309991195,957.7,683.7
5369,3965,30.336198390451187,901.5176827057545,657.545309991195,957.7,683.7
5370,3966,30.336198390451187,901.5176827057545,657.545309991195,957.7,683.7
5371,3967,30.336198390451187,901.5176827057545,657.545309991195,957.7,683.7
5372,3968,30.336198390451187,901.5176827057545,657.545309991195,957.7,683.7
5373,3969,30.336198390451187,901.5176827057545,657.545309991195,957.7,683.7
5374,3970,30.336198390451187,901.5176827057545,657.545309991195,957.7,683.7
5375,3971,30.336198390451187,901.5176827057545,657.545309991195,957.7,683.7
5376,3972,30.336198390451187,901.5176827057545,657.545309991195,957.7,683.7
5377,3973,30.336198390451187,901.5176827057545,657.545309991195,957.7,683.7
5378,3974,30.336198390451187,901.5176827057545,657.545309991195,957.7,683.7
5379,3975,30.336198390451187,901.5176827057545,657.545309991195,957.7,683.7
5380,3976,30.336198390451187,901.5176827057545,657.545309991195,957.7,683.7
5381,3977,30.336198390451187,901.5176827057545,657.545309991195,957.7,683.7
5382,3978,30.336198390451187,901.5176827057545,657.545309991195,957.7,683.7
5383,3979,30.336198390451187,901.5176827057545,657.545309991195,957.7,683.7
5384,3980,30.336198390451187,901.5176827057545,657.545309991195,957.7,683.7
5385,3981,30.336198390451187,901.5176827057545,657.545309991195,957.7,683.7
5386,3982,30.336198390451187,901.5176827057545,657.545309991195,957.7,683.7
5387,3983,30.336198390451187,901.5176827057545,657.545309991195,957.7,683.7
5388,3984,30.336198390451187,901.5176827057545,657.545309991195,957.7,683.7
5389,3985,30.336198390451187,901.5176827057545,657.545309991195,957.7,683.7
5390,3986,30.336198390451187,901.5176827057545,657.545309991195,957.7,683.7
5391,3987,30.336198390451187,901.5176827057545,657.545309991195,957.7,683.7
5392,3988,30.336198390451187,901.5176827057545,657.545309991195,957.7,683.7
5393,3989,30.336198390451187,901.5176827057545,657.545309991195,957.7,683.7
5394,3990,30.336198390451187,901.5176827057545,657.545309991195,957.7,683.7
5395,3991,30.336198390451187,901.5176827057545,657.545309991195,957.7,683.7
5396,3992,30.336198390451187,901.5176827057545,657.545309991195,957.7,683.7
5397,3993,30.336198390451187,901.5176827057545,657.545309991195,957.7,683.7
5398,3994,30.336198390451187,901.5176827057545,657.545309991195,957.7,683.7
5399,3995,30.336198390451187,901.5176827057545,657.545309991195,957.7,683.7
5400,3996,30.336198390451187,901.5176827057545,657.545309991195,957.7,683.7
5401,3997,30.336198390451187,901.5176827057545,657.545309991195,957.7,683.7
5402,3998,30.336198390451187,901.5176827057545,657.545309991195,957.7,683.7
5403,3999,30.336198390451187,901.5176827057545,657.545309991195,957.7,683.7
5404,4000,30.336198390451187,901.5176827057545,657.545309991195,957.7,683.7
5405,4001,30.336198390451187,901.5176827057545,657.545309991195,957.7,683.7
5406,4002,30.336198390451187,901.5176827057545,657.545309991195,957.7,683.7
5407,4003,30.336198390451187,901.5176827057545,657.545309991195,957.7,683.7
5408,4004,30.336198390451187,901.5176827057545,657.545309991195,957.7,683.7
5409,4005,30.336198390451187,901.5176827057545,657.545309991195,957.7,683.7
5410,4006,30.336198390451187,901.5176827057545,657.545309991195,957.7,683.7
5411,4007,30.336198390451187,901.5176827057545,657.545309991195,957.7,683.7
5412,4008,30.336198390451187,901.5176827057545,657.545309991195,957.7,683.7
5413,4009,30.336198390451187,901.5176827057545,657.545309991195,957.7,683.7
5414,4010,30.336198390451187,901.5176827057545,657.545309991195,957.7,683.7
5415,4011,30.336198390451187,901.5176827057545,657.545309991195,957.7,683.7
5416,4012,30.336198390451187,901.5176827057545,657.545309991195,957.7,683.7
5417,4013,30.336198390451187,901.5176827057545,657.545309991195,957.7,683.7
5418,4014,30.336198390451187,901.5176827057545,657.545309991195,957.7,683.7
5419,4015,30.336198390451187,901.5176827057545,657.545309991195,957.7,683.7
5420,4016,30.336198390451187,901.5176827057545,657.545309991195,957.7,683.7
5421,4017,30.336198390451187,901.5176827057545,657.545309991195,957.7,683.7
5422,4018,30.336198390451187,901.5176827057545,657.545309991195,957.7,683.7
5423,4019,30.336198390451187,901.5176827057545,657.545309991195,957.7,683.7
5424,4020,30.336198390451187,901.5176827057545,657.545309991195,957.7,683.7
5425,4021,30.336198390451187,901.5176827057545,657.545309991195,957.7,683.7
5426,4022,30.336198390451187,901.5176827057545,657.545309991195,957.7,683.7
5427,4023,30.336198390451187,901.5176827057545,657.545309991195,957.7,683.7
5428,4024,30.336198390451187,901.5176827057545,657.545309991195,957.7,683.7
5429,4025,30.336198390451187,901.5176827057545,657.545309991195,957.7,683.7
5430,4026,30.336198390451187,901.5176827057545,657.545309991195,957.7,683.7
5431,4027,30.336198390451187,901.5176827057545,657.545309991195,957.7,683.7
5432,4028,30.336198390451187,901.5176827057545,657.545309991195,957.7,683.7
5433,4029,30.336198390451187,901.5176827057545,657.545309991195,957.7,683.7
5434,4030,30.336198390451187,901.5176827057545,657.545309991195,957.7,683.7
5435,4031,30.336198390451187,901.5176827057545,657.545309991195,957.7,683.7
5436,4032,30.336198390451187,901.5176827057545,657.545309991195,957.7,683.7
5437,4033,30.336198390451187,901.5176827057545,657.545309991195,957.7,683.7
5438,4034,30.336198390451187,901.5176827057545,657.545309991195,957.7,683.7
5439,4035,30.336198390451187,901.5176827057545,657.545309991195,957.7,683.7
5440,4036,26.835085619432448,901.5176827057545,657.545309991195,957.7,683.7
5440,4037,23.4865890107409,901.5176827057545,657.545309991195,957.7,683.7
5440,4038,20.302254660057592,901.5176827057545,657.545309991195,957.7,683.7
5440,4039,17.28849685749134,901.5176827057545,657.545309991195,957.7,683.7
5440,4040,14.447303735777984,901.5176827057545,657.545309991195,957.7,683.7
5440,4041,11.777056612869277,901.5176827057545,657.545309991195,957.7,683.7
5440,4042,9.27335762669071,901.5176827057545,657.545309991195,957.7,683.7
5440,4043,6.929794039997349,901.5176827057545,657.545309991195,957.7,683.7
5440,4044,4.738599212821139,901.5176827057545,657.545309991195,957.7,683.7
5440,4045,2.691195055278874,901.5176827057545,657.545309991195,957.7,683.7
5440,4046,0.778617633067356,901.5176827057545,657.545309991195,957.7,683.7
5440,4047,1.0081625930687403,901.5176827057545,657.545309991195,957.7,683.7
5440,4048,2.6780099186088178,901.5176827057545,657.545309991195,957.7,683.7
5440,4049,4.239464993609828,901.5176827057545,657.545309991195,957.7,683.7
5440,4050,5.700643008611301,901.5176827057545,657.545309991195,957.7,683.7
5440,4051,7.069174688448534,901.5176827057545,657.545309991195,957.7,683.7
5440,4052,8.352178710984836,901.5176827057545,657.545309991195,957.7,683.7
5440,4053,9.5562564913765,901.5176827057545,657.545309991195,957.7,683.7
5440,4054,9.5562564913765,901.5176827057545,657.545309991195,957.7,683.7
5440,4055,9.5562564913765,901.5176827057545,657.545309991195,957.7,683.7
5440,4056,9.5562564913765,901.5176827057545,657.545309991195,957.7,683.7
5440,4057,9.5562564913765,901.5176827057545,657.545309991195,957.7,683.7
5440,4058,9.5562564913765,1207.5176827057544,679.545309991195,958.7391304347826,667.6652173913044
5440,4059,9.5562564913765,1207.5176827057544,679.545309991195,959.7782608695653,651.6304347826087
5440,4060,9.5562564913765,1207.5176827057544,679.545309991195,960.8173913043479,635.5956521739131
5440,4061,9.5562564913765,1207.5176827057544,679.545309991195,961.8565217391305,619.5608695652174
5440,4062,9.5562564913765,1207.5176827057544,679.545309991195,962.895652173913,603.5260869565218
5440,4063,9.5562564913765,1207.5176827057544,679.545309991195,963.9347826086957,587.4913043478261
5440,4064,9.5562564913765,1207.5176827057544,679.545309991195,964.9739130434783,571.4565217391305
5440,4065,9.5562564913765,1207.5176827057544,679.545309991195,966.0130434782609,555.4217391304348
5440,4066,9.5562564913765,1207.5176827057544,679.545309991195,967.0521739130435,539.3869565217392
5440,4067,9.5562564913765,1207.5176827057544,679.545309991195,968.0913043478262,523.3521739130435
5440,4068,9.5562564913765,1207.5176827057544,679.545309991195,969.1304347826087,507.3173913043479
5440,4069,9.5562564913765,1207.5176827057544,679.545309991195,970.1695652173913,491.2826086956522
5440,4070,9.5562564913765,1207.5176827057544,679.545309991195,971.2086956521739,475.24782608695654
5440,4071,9.5562564913765,1207.5176827057544,679.545309991195,972.2478260869566,459.2130434782609
5440,4072,9.5562564913765,1207.5176827057544,679.545309991195,973.2869565217392,443.17826086956524
5440,4073,9.5562564913765,1207.5176827057544,679.545309991195,974.3260869565217,427.1434782608696
5440,4074,9.5562564913765,1207.5176827057544,679.545309991195,975.3652173913043,411.10869565217394
5440,4075,9.5562564913765,1207.5176827057544,679.545309991195,976.404347826087,395.0739130434783
5440,4076,9.5562564913765,1207.5176827057544,679.545309991195,977.4434782608696,379.03913043478263
5440,4077,9.5562564913765,1207.5176827057544,679.545309991195,978.4826086956522,363.004347826087
5440,4078,9.5562564913765,1207.5176827057544,679.545309991195,979.5217391304348,346.96956521739133
5440,4079,9.5562564913765,1207.5176827057544,679.545309991195,980.5608695652174,330.9347826086957
5440,4080,9.5562564913765,1207.5176827057544,679.545309991195,981.6,314.9
5440,4081,9.5562564913765,1207.5176827057544,679.545309991195,981.6,314.9
5440,4082,9.5562564913765,1207.5176827057544,679.545309991195,981.6,314.9
5440,4083,9.5562564913765,1207.5176827057544,679.545309991195,981.6,314.9
5440,4084,9.5562564913765,1207.5176827057544,679.545309991195,981.6,314.9
5440,4085,9.5562564913765,1207.5176827057544,679.545309991195,981.6,314.9
5440,4086,9.5562564913765,1207.5176827057544,679.545309991195,981.6,314.9
5440,4087,9.5562564913765,1207.5176827057544,679.545309991195,981.6,314.9
5440,4088,9.5562564913765,1207.5176827057544,679.545309991195,981.6,314.9
5440,4089,9.5562564913765,1207.5176827057544,679.545309991195,981.6,314.9
5440,4090,9.5562564913765,1207.5176827057544,679.545309991195,981.6,314.9
5440,4091,9.5562564913765,1207.5176827057544,679.545309991195,981.6,314.9
5440,4092,9.5562564913765,1207.5176827057544,679.545309991195,981.6,314.9
5440,4093,9.5562564913765,1207.5176827057544,679.545309991195,981.6,314.9
5440,4094,9.5562564913765,1207.5176827057544,679.545309991195,981.6,314.9
5440,4095,9.5562564913765,1207.5176827057544,679.545309991195,981.6,314.9
5440,4096,9.5562564913765,1207.5176827057544,679.545309991195,981.6,314.9
5440,4097,9.5562564913765,1207.5176827057544,679.545309991195,981.6,314.9
5440,4098,9.5562564913765,1207.5176827057544,679.545309991195,981.6,314.9
5440,4099,9.5562564913765,1207.5176827057544,679.545309991195,981.6,314.9
5440,4100,9.5562564913765,1207.5176827057544,679.545309991195,981.6,314.9
5440,4101,9.5562564913765,1207.5176827057544,679.545309991195,981.6,314.9
5440,4102,9.5562564913765,1207.5176827057544,679.545309991195,981.6,314.9
5440,4103,9.5562564913765,1207.5176827057544,679.545309991195,981.6,314.9
5440,4104,9.5562564913765,1207.5176827057544,679.545309991195,981.6,314.9
5440,4105,9.5562564913765,1207.5176827057544,679.545309991195,981.6,314.9
5440,4106,9.5562564913765,1207.5176827057544,679.545309991195,981.6,314.9
5440,4107,9.5562564913765,1207.5176827057544,679.545309991195,981.6,314.9
5440,4108,9.5562564913765,1207.5176827057544,679.545309991195,981.6,314.9
5440,4109,9.5562564913765,1207.5176827057544,679.545309991195,981.6,314.9
5440,4110,9.5562564913765,1207.5176827057544,679.545309991195,981.6,314.9
5440,4111,9.5562564913765,1207.5176827057544,679.545309991195,981.6,314.9
5440,4112,9.5562564913765,1207.5176827057544,679.545309991195,981.6,314.9
5440,4113,9.5562564913765,1207.5176827057544,679.545309991195,981.6,314.9
5440,4114,9.5562564913765,1207.5176827057544,679.545309991195,981.6,314.9
5440,4115,9.5562564913765,1207.5176827057544,679.545309991195,981.6,314.9
5440,4116,9.5562564913765,1207.5176827057544,679.545309991195,981.6,314.9
5440,4117,9.5562564913765,1207.5176827057544,679.545309991195,981.6,314.9
5440,4118,9.5562564913765,1207.5176827057544,679.545309991195,981.6,314.9
5440,4119,9.5562564913765,1207.5176827057544,679.545309991195,981.6,314.9
5440,4120,9.5562564913765,1207.5176827057544,679.545309991195,981.6,314.9
5440,4121,9.5562564913765,1207.5176827057544,679.545309991195,981.6,314.9
5440,4122,9.5562564913765,1207.5176827057544,679.545309991195,981.6,314.9
5440,4123,9.5562564913765,1207.5176827057544,679.545309991195,981.6,314.9
5440,4124,9.5562564913765,1207.5176827057544,679.545309991195,981.6,314.9
5440,4125,9.5562564913765,1207.5176827057544,679.545309991195,981.6,314.9
5440,4126,9.5562564913765,1207.5176827057544,679.545309991195,981.6,314.9
5440,4127,9.5562564913765,1207.5176827057544,679.545309991195,981.6,314.9
5440,4128,9.5562564913765,1207.5176827057544,679.545309991195,981.6,314.9
5440,4129,9.5562564913765,1207.5176827057544,679.545309991195,981.6,314.9
5440,4130,9.5562564913765,1207.5176827057544,679.545309991195,981.6,314.9
5440,4131,9.5562564913765,1207.5176827057544,679.545309991195,981.6,314.9
5440,4132,9.5562564913765,1207.5176827057544,679.545309991195,981.6,314.9
5440,4133,9.5562564913765,1207.5176827057544,679.545309991195,981.6,314.9
5440,4134,9.5562564913765,1207.5176827057544,679.545309991195,981.6,314.9
5440,4135,9.5562564913765,1207.5176827057544,679.545309991195,981.6,314.9
5440,4136,9.705523958166593,1207.5176827057544,679.545309991195,981.6,314.9
5440,4137,9.867818863018735,1207.5176827057544,679.545309991195,981.6,314.9
5440,4138,10.044921512583493,1207.5176827057544,679.545309991195,981.6,314.9
5440,4139,10.23895146023989,1207.5176827057544,679.545309991195,981.6,314.9
5440,4140,10.452452180977774,1207.5176827057544,679.545309991195,981.6,314.9
5440,4141,10.688502379165724,1207.5176827057544,679.545309991195,981.6,314.9
5440,4142,10.950864216228267,1207.5176827057544,679.545309991195,981.6,314.9
5440,4143,11.244183537316356,1207.5176827057544,679.545309991195,981.6,314.9
5440,4144,11.574264625703847,1207.5176827057544,679.545309991195,981.6,314.9
5441,4145,11.235512836588335,1207.5176827057544,679.545309991195,981.6,314.9
5442,4146,10.807780742150113,1207.5176827057544,679.545309991195,981.6,314.9
5443,4147,10.314187846382218,1207.5176827057544,679.545309991195,981.6,314.9
5443,4148,9.73834743614563,1207.5176827057544,679.545309991195,981.6,314.9
5443,4149,9.05798559647207,1207.5176827057544,679.545309991195,981.6,314.9
5444,4150,8.242061082627199,1207.5176827057544,679.545309991195,981.6,314.9
5445,4151,7.246031232182277,1207.5176827057544,679.545309991195,981.6,314.9
5446,4152,6.003726572227307,1207.5176827057544,679.545309991195,981.6,314.9
5447,4153,4.412676959936371,1207.5176827057544,679.545309991195,981.6,314.9
5448,4154,2.305966542641736,1207.5176827057544,679.545309991195,981.6,314.9
5449,4155,0.6057392755621234,1207.5176827057544,679.545309991195,981.6,314.9
5450,4155,0.6057392755621234,1207.5176827057544,679.545309991195,981.6,314.9
5451,4155,0.6057392755621234,1207.5176827057544,679.545309991195,981.6,314.9
5452,4155,0.6057392755621234,1207.5176827057544,679.545309991195,981.6,314.9
5453,4155,0.6057392755621234,1207.5176827057544,679.545309991195,981.6,314.9
5454,4155,0.6057392755621234,1207.5176827057544,679.545309991195,981.6,314.9
5455,4155,0.6057392755621234,1207.5176827057544,679.545309991195,981.6,314.9
5456,4155,0.6057392755621234,1207.5176827057544,679.545309991195,981.6,314.9
5457,4155,0.6057392755621234,1207.5176827057544,679.545309991195,981.6,314.9
5458,4155,0.6057392755621234,1207.5176827057544,679.545309991195,981.6,314.9
5459,4155,0.6057392755621234,1207.5176827057544,679.545309991195,981.6,314.9
5460,4155,0.6057392755621234,1207.5176827057544,679.545309991195,981.6,314.9
5461,4155,0.6057392755621234,1207.5176827057544,679.545309991195,981.6,314.9
5462,4155,0.6057392755621234,1207.5176827057544,679.545309991195,981.6,314.9
5463,4155,0.6057392755621234,1207.5176827057544,679.545309991195,981.6,314.9
5464,4156,4.8638782913712735,1207.5176827057544,679.545309991195,981.6,314.9
5465,4157,11.577950434804908,1207.5176827057544,679.545309991195,981.6,314.9
5466,4158,27.293351664565098,1207.5176827057544,679.545309991195,981.6,314.9
5467,4159,5.519071956237957,1207.5176827057544,679.545309991195,981.6,314.9
5468,4159,5.519071956237957,1207.5176827057544,679.545309991195,981.6,314.9
5469,4159,5.519071956237957,1207.5176827057544,679.545309991195,981.6,314.9
5470,4159,5.519071956237957,1207.5176827057544,679.545309991195,981.6,314.9
5471,4159,5.519071956237957,1207.5176827057544,679.545309991195,981.6,314.9
5472,4159,5.519071956237957,1207.5176827057544,679.545309991195,981.6,314.9
5473,4159,5.519071956237957,1207.5176827057544,679.545309991195,981.6,314.9
5474,4159,5.519071956237957,1207.5176827057544,679.545309991195,981.6,314.9
5475,4159,5.519071956237957,1207.5176827057544,679.545309991195,981.6,314.9
5476,4159,5.519071956237957,1207.5176827057544,679.545309991195,981.6,314.9
5477,4159,5.519071956237957,1207.5176827057544,679.545309991195,981.6,314.9
5478,4159,5.519071956237957,1207.5176827057544,679.545309991195,981.6,314.9
5479,4159,5.519071956237957,1207.5176827057544,679.545309991195,981.6,314.9
5480,4159,5.519071956237957,1207.5176827057544,679.545309991195,981.6,314.9
5481,4159,5.519071956237957,1207.5176827057544,679.545309991195,981.6,314.9
5482,4159,5.519071956237957,1207.5176827057544,679.545309991195,981.6,314.9
5483,4159,5.519071956237957,1207.5176827057544,679.545309991195,981.6,314.9
5484,4159,5.519071956237957,1116.5176827057544,501.54530999119504,981.6,314.9
5485,4159,5.519071956237957,1116.5176827057544,501.54530999119504,981.6,314.9
5486,4159,5.519071956237957,1116.5176827057544,501.54530999119504,981.6,314.9
5487,4159,5.519071956237957,1116.5176827057544,501.54530999119504,981.6,314.9
5488,4159,5.519071956237957,1116.5176827057544,501.54530999119504,981.6,314.9
5489,4159,5.519071956237957,1116.5176827057544,501.54530999119504,981.6,314.9
5490,4159,5.519071956237957,1116.5176827057544,501.54530999119504,981.6,314.9
5491,4159,5.519071956237957,1116.5176827057544,501.54530999119504,981.6,314.9
5492,4159,5.519071956237957,1116.5176827057544,501.54530999119504,981.6,314.9
5493,4159,5.519071956237957,1116.5176827057544,501.54530999119504,981.6,314.9
5494,4159,5.519071956237957,1116.5176827057544,501.54530999119504,981.6,314.9
5495,4159,5.519071956237957,1116.5176827057544,501.54530999119504,981.6,314.9
5496,4159,5.519071956237957,1116.5176827057544,501.54530999119504,981.6,314.9
5497,4159,5.519071956237957,1116.5176827057544,501.54530999119504,981.6,314.9
5498,4159,5.519071956237957,1116.5176827057544,501.54530999119504,984.2625,307.34999999999997
5499,4160,29.10082447000971,1116.5176827057544,501.54530999119504,986.925,299.79999999999995
5500,4161,28.25232499032866,1116.5176827057544,501.54530999119504,989.5875,292.25
5501,4162,10.999349131697103,1116.5176827057544,501.54530999119504,992.25,284.7
5502,4163,1.6081836697613459,1116.5176827057544,501.54530999119504,994.9125,277.15
5503,4164,4.009532272786468,1116.5176827057544,501.54530999119504,997.575,269.6
5504,4165,7.681943353543962,1116.5176827057544,501.54530999119504,1000.2375,262.05
5505,4166,7.681943353543962,1116.5176827057544,501.54530999119504,1002.9,254.5
5506,4167,7.681943353543962,1116.5176827057544,501.54530999119504,1002.9,254.5
5507,4168,7.681943353543962,1116.5176827057544,501.54530999119504,1002.9,254.5
5508,4169,7.681943353543962,1116.5176827057544,501.54530999119504,1002.9,254.5
5509,4170,7.681943353543962,1116.5176827057544,501.54530999119504,1002.9,254.5
5510,4171,7.681943353543962,1116.5176827057544,501.54530999119504,1002.9,254.5
5511,4172,7.681943353543962,1116.5176827057544,501.54530999119504,1002.9,254.5
5512,4173,7.681943353543962,1116.5176827057544,501.54530999119504,1002.9,254.5
5513,4174,7.681943353543962,1116.5176827057544,501.54530999119504,1002.9,254.5
5514,4175,7.681943353543962,1116.5176827057544,501.54530999119504,1002.9,254.5
5515,4176,7.681943353543962,1116.5176827057544,501.54530999119504,1002.9,254.5
5516,4177,7.681943353543962,1116.5176827057544,501.54530999119504,1002.9,254.5
5517,4178,7.681943353543962,1116.5176827057544,501.54530999119504,1002.9,254.5
5518,4179,7.681943353543962,1025.5176827057544,323.54530999119504,1002.9,254.5
5519,4180,7.681943353543962,1025.5176827057544,323.54530999119504,1002.9,254.5
5520,4181,7.681943353543962,1025.5176827057544,323.54530999119504,1002.9,254.5
5521,4182,7.681943353543962,1025.5176827057544,323.54530999119504,1002.9,254.5
5522,4183,7.681943353543962,1025.5176827057544,323.54530999119504,1002.9,254.5
5523,4184,7.681943353543962,1025.5176827057544,323.54530999119504,1002.9,254.5
5524,4185,7.681943353543962,1025.5176827057544,323.54530999119504,1002.9,254.5
5525,4186,7.681943353543962,1025.5176827057544,323.54530999119504,1002.9,254.5
5526,4187,7.681943353543962,1025.5176827057544,323.54530999119504,1002.9,254.5
5527,4188,7.681943353543962,1025.5176827057544,323.54530999119504,1002.9,254.5
5528,4189,7.681943353543962,1025.5176827057544,323.54530999119504,1002.9,254.5
5529,4190,7.681943353543962,1025.5176827057544,323.54530999119504,1002.9,254.5
5530,4191,7.681943353543962,1025.5176827057544,323.54530999119504,1002.9,254.5
5531,4192,7.681943353543962,1025.5176827057544,323.54530999119504,1002.9,254.5
5532,4193,7.681943353543962,1025.5176827057544,323.54530999119504,1002.9,254.5
5532,4194,7.681943353543962,1025.5176827057544,323.54530999119504,1002.9,254.5
5532,4195,7.681943353543962,1025.5176827057544,323.54530999119504,1002.9,254.5
5532,4196,7.681943353543962,1025.5176827057544,323.54530999119504,1002.9,254.5
5532,4197,7.681943353543962,1025.5176827057544,323.54530999119504,1002.9,254.5
5532,4198,7.681943353543962,1025.5176827057544,323.54530999119504,1002.9,254.5
5532,4199,7.681943353543962,1025.5176827057544,323.54530999119504,1002.9,254.5
5532,4200,7.681943353543962,1025.5176827057544,323.54530999119504,1002.9,254.5
5532,4201,7.681943353543962,1025.5176827057544,323.54530999119504,1002.9,254.5
5532,4202,7.681943353543962,1025.5176827057544,323.54530999119504,1002.9,254.5
5532,4203,7.681943353543962,1025.5176827057544,323.54530999119504,1002.9,254.5
5532,4204,7.681943353543962,1025.5176827057544,323.54530999119504,1002.9,254.5
5532,4205,7.681943353543962,1025.5176827057544,323.54530999119504,1002.9,254.5
5532,4206,7.681943353543962,1025.5176827057544,323.54530999119504,1002.9,254.5
5532,4207,7.681943353543962,1025.5176827057544,323.54530999119504,1002.9,254.5
5532,4208,7.681943353543962,1025.5176827057544,323.54530999119504,1002.9,254.5
5532,4209,7.681943353543962,1025.5176827057544,323.54530999119504,1002.9,254.5
5532,4210,7.681943353543962,1025.5176827057544,323.54530999119504,1002.9,254.5
5532,4211,7.681943353543962,1025.5176827057544,323.54530999119504,1002.9,254.5
5532,4212,7.681943353543962,1025.5176827057544,323.54530999119504,1002.9,254.5
5532,4213,7.681943353543962,1025.5176827057544,323.54530999119504,1002.9,254.5
5532,4214,7.681943353543962,1025.5176827057544,323.54530999119504,1002.9,254.5
5532,4215,7.681943353543962,1025.5176827057544,323.54530999119504,1002.9,254.5
5532,4216,7.681943353543962,1025.5176827057544,323.54530999119504,1002.9,254.5
5532,4217,7.681943353543962,1025.5176827057544,323.54530999119504,1002.9,254.5
5532,4218,7.681943353543962,1025.5176827057544,323.54530999119504,1002.9,254.5
5532,4219,7.681943353543962,1025.5176827057544,323.54530999119504,1002.9,254.5
5532,4220,7.681943353543962,1025.5176827057544,323.54530999119504,1002.9,254.5
5532,4221,7.681943353543962,1025.5176827057544,323.54530999119504,1002.9,254.5
5532,4222,7.681943353543962,1025.5176827057544,323.54530999119504,1002.9,254.5
5532,4223,7.681943353543962,1025.5176827057544,323.54530999119504,1002.9,254.5
5532,4224,7.681943353543962,1025.5176827057544,323.54530999119504,1002.9,254.5
5532,4225,7.681943353543962,1025.5176827057544,323.54530999119504,1002.9,254.5
5532,4226,7.681943353543962,1025.5176827057544,323.54530999119504,1002.9,254.5
5532,4227,7.681943353543962,1025.5176827057544,323.54530999119504,1002.9,254.5
5532,4228,7.681943353543962,1025.5176827057544,323.54530999119504,1002.9,254.5
5532,4229,7.681943353543962,1025.5176827057544,323.54530999119504,1002.9,254.5
5532,4230,7.681943353543962,1025.5176827057544,323.54530999119504,1002.9,254.5
5532,4231,7.681943353543962,1025.5176827057544,323.54530999119504,1002.9,254.5
5532,4232,7.681943353543962,1025.5176827057544,323.54530999119504,1002.9,254.5
5532,4233,7.681943353543962,1025.5176827057544,323.54530999119504,1002.9,254.5
5532,4234,7.681943353543962,1025.5176827057544,323.54530999119504,1002.9,254.5
5532,4235,7.681943353543962,1025.5176827057544,323.54530999119504,1002.9,254.5
5532,4236,7.681943353543962,1025.5176827057544,323.54530999119504,1002.9,254.5
5532,4237,7.681943353543962,1025.5176827057544,323.54530999119504,1002.9,254.5
5532,4238,7.681943353543962,1025.5176827057544,323.54530999119504,1002.9,254.5
5532,4239,7.681943353543962,1025.5176827057544,323.54530999119504,1002.9,254.5
5532,4240,7.681943353543962,1025.5176827057544,323.54530999119504,1002.9,254.5
5532,4241,7.681943353543962,1025.5176827057544,323.54530999119504,1002.9,254.5
5532,4242,7.681943353543962,1025.5176827057544,323.54530999119504,1002.9,254.5
5532,4243,7.681943353543962,1025.5176827057544,323.54530999119504,1002.9,254.5
5532,4244,7.681943353543962,1025.5176827057544,323.54530999119504,1002.9,254.5
5532,4245,7.681943353543962,1025.5176827057544,323.54530999119504,1002.9,254.5
5532,4246,7.681943353543962,1025.5176827057544,323.54530999119504,1002.9,254.5
5532,4247,7.681943353543962,1025.5176827057544,323.54530999119504,1002.9,254.5
5532,4248,7.681943353543962,1025.5176827057544,323.54530999119504,1002.9,254.5
5532,4249,7.681943353543962,1025.5176827057544,323.54530999119504,1002.9,254.5
5532,4250,7.681943353543962,1025.5176827057544,323.54530999119504,1002.9,254.5
5532,4251,7.681943353543962,1025.5176827057544,323.54530999119504,1002.9,254.5
5532,4252,7.681943353543962,1025.5176827057544,323.54530999119504,1002.9,254.5
5532,4253,7.681943353543962,1025.5176827057544,323.54530999119504,1002.9,254.5
5532,4254,7.681943353543962,1025.5176827057544,323.54530999119504,1002.9,254.5
5532,4255,7.681943353543962,1025.5176827057544,323.54530999119504,1002.9,254.5
5532,4256,7.681943353543962,1025.5176827057544,323.54530999119504,1002.9,254.5
5532,4257,7.681943353543962,1025.5176827057544,323.54530999119504,1002.9,254.5
5532,4258,7.681943353543962,1025.5176827057544,323.54530999119504,1002.9,254.5
5532,4259,7.681943353543962,1025.5176827057544,323.54530999119504,1002.9,254.5
5532,4260,7.681943353543962,1025.5176827057544,323.54530999119504,1002.9,254.5
5532,4261,7.681943353543962,1025.5176827057544,323.54530999119504,1002.9,254.5
5532,4262,7.681943353543962,1025.5176827057544,323.54530999119504,1002.9,254.5
5532,4263,7.681943353543962,1025.5176827057544,323.54530999119504,1002.9,254.5
5532,4264,7.681943353543962,1025.5176827057544,323.54530999119504,1002.9,254.5
5532,4265,7.681943353543962,1025.5176827057544,323.54530999119504,1002.9,254.5
5532,4266,7.681943353543962,1025.5176827057544,323.54530999119504,1002.9,254.5
5532,4267,7.681943353543962,1025.5176827057544,323.54530999119504,1002.9,254.5
5532,4268,7.681943353543962,1025.5176827057544,323.54530999119504,1002.9,254.5
5532,4269,7.681943353543962,1025.5176827057544,323.54530999119504,1002.9,254.5
5532,4270,7.681943353543962,1025.5176827057544,323.54530999119504,1002.9,254.5
5532,4271,7.681943353543962,1025.5176827057544,323.54530999119504,1002.9,254.5
5532,4272,7.681943353543962,1025.5176827057544,323.54530999119504,1002.9,254.5
5532,4273,7.681943353543962,1025.5176827057544,323.54530999119504,1002.9,254.5
5532,4274,7.681943353543962,1025.5176827057544,323.54530999119504,1002.9,254.5
5532,4275,7.681943353543962,1025.5176827057544,323.54530999119504,1002.9,254.5
5532,4276,7.681943353543962,1025.5176827057544,323.54530999119504,1002.9,254.5
5532,4277,7.681943353543962,1025.5176827057544,323.54530999119504,1002.9,254.5
5532,4278,7.681943353543962,1025.5176827057544,323.54530999119504,1002.9,254.5
5532,4279,7.681943353543962,1025.5176827057544,323.54530999119504,1002.9,254.5
5532,4280,7.681943353543962,1025.5176827057544,323.54530999119504,1002.9,254.5
5532,4281,15.026310609428373,1025.5176827057544,323.54530999119504,1002.9,254.5
5533,4282,17.959376240812876,1025.5176827057544,323.54530999119504,1002.9,254.5
5534,4283,13.066781366801338,1025.5176827057544,323.54530999119504,1002.9,254.5
5535,4284,9.055247693920958,1025.5176827057544,323.54530999119504,1002.9,254.5
5536,4285,5.736855830400196,1025.5176827057544,323.54530999119504,1002.9,254.5
5537,4286,2.9636626169399505,1025.5176827057544,323.54530999119504,1002.9,254.5
5538,4287,0.6218015257557262,1025.5176827057544,323.54530999119504,1002.9,254.5
5539,4288,1.3758210438527048,1025.5176827057544,323.54530999119504,1002.9,254.5
5540,4289,3.095967520989247,1025.5176827057544,323.54530999119504,1002.9,254.5
5541,4290,4.59015158876062,1025.5176827057544,323.54530999119504,1002.9,254.5
5542,4291,5.898467921228919,1025.5176827057544,323.54530999119504,1002.9,254.5
5543,4292,7.052424630676595,1025.5176827057544,323.54530999119504,1002.9,254.5
5544,4293,8.07702696750123,1025.5176827057544,323.54530999119504,1002.9,254.5
5545,4294,8.992312742021667,1025.5176827057544,323.54530999119504,1002.9,254.5
5546,4295,8.992312742021667,1025.5176827057544,323.54530999119504,1002.9,254.5
5547,4296,8.992312742021667,1025.5176827057544,323.54530999119504,1002.9,254.5
5548,4297,8.992312742021667,1025.5176827057544,323.54530999119504,1002.9,254.5
5549,4298,8.992312742021667,1025.5176827057544,323.54530999119504,1002.9,254.5
5550,4299,8.992312742021667,1025.5176827057544,323.54530999119504,1002.9,254.5
5551,4300,8.992312742021667,1025.5176827057544,323.54530999119504,1002.9,254.5
5552,4301,8.992312742021667,1025.5176827057544,323.54530999119504,1002.9,254.5
5553,4302,8.992312742021667,1025.5176827057544,323.54530999119504,1002.9,254.5
5554,4303,8.992312742021667,1025.5176827057544,323.54530999119504,1002.9,254.5
5555,4304,8.992312742021667,1025.5176827057544,323.54530999119504,1002.9,254.5
5556,4305,8.992312742021667,1025.5176827057544,323.54530999119504,1002.9,254.5
5557,4306,8.992312742021667,1025.5176827057544,323.54530999119504,1002.9,254.5
5558,4307,8.992312742021667,1025.5176827057544,323.54530999119504,1002.9,254.5
5559,4308,8.992312742021667,1025.5176827057544,323.54530999119504,1002.9,254.5
5560,4309,8.992312742021667,1025.5176827057544,323.54530999119504,1002.9,254.5
5561,4310,8.992312742021667,1025.5176827057544,323.54530999119504,1002.9,254.5
5562,4311,8.992312742021667,1025.5176827057544,323.54530999119504,1002.9,254.5
5563,4312,8.992312742021667,1025.5176827057544,323.54530999119504,1002.9,254.5
5564,4313,8.992312742021667,1025.5176827057544,323.54530999119504,1002.9,254.5
5565,4314,8.992312742021667,1025.5176827057544,323.54530999119504,1002.9,254.5
5566,4315,8.992312742021667,1025.5176827057544,323.54530999119504,1002.9,254.5
5567,4316,8.992312742021667,1025.5176827057544,323.54530999119504,1002.9,254.5
5568,4317,8.992312742021667,1025.5176827057544,323.54530999119504,1002.9,254.5
5569,4318,8.992312742021667,1025.5176827057544,323.54530999119504,1002.9,254.5
5570,4319,8.992312742021667,1025.5176827057544,323.54530999119504,1002.9,254.5
5571,4320,8.992312742021667,1025.5176827057544,323.54530999119504,1002.9,254.5
5572,4321,8.992312742021667,1025.5176827057544,323.54530999119504,1002.9,254.5
5573,4322,8.992312742021667,1025.5176827057544,323.54530999119504,1002.9,254.5
5574,4323,8.992312742021667,1025.5176827057544,323.54530999119504,1002.9,254.5
5575,4324,8.992312742021667,1025.5176827057544,323.54530999119504,1002.9,254.5
5576,4325,8.992312742021667,1025.5176827057544,323.54530999119504,1002.9,254.5
5577,4326,8.992312742021667,1025.5176827057544,323.54530999119504,1002.9,254.5
5578,4327,8.992312742021667,1025.5176827057544,323.54530999119504,1002.9,254.5
5579,4328,8.992312742021667,1025.5176827057544,323.54530999119504,1002.9,254.5
5580,4329,8.992312742021667,1025.5176827057544,323.54530999119504,1002.9,254.5
5581,4330,8.992312742021667,1025.5176827057544,323.54530999119504,1002.9,254.5
5582,4331,8.992312742021667,1025.5176827057544,323.54530999119504,1002.9,254.5
5583,4332,8.992312742021667,1025.5176827057544,323.54530999119504,1002.9,254.5
5584,4333,8.992312742021667,1025.5176827057544,323.54530999119504,1002.9,254.5
5585,4334,8.992312742021667,1025.5176827057544,323.54530999119504,1002.9,254.5
5586,4335,8.992312742021667,1025.5176827057544,323.54530999119504,1002.9,254.5
5587,4336,8.992312742021667,1025.5176827057544,323.54530999119504,1002.9,254.5
5588,4337,8.992312742021667,1025.5176827057544,323.54530999119504,1002.9,254.5
5589,4338,8.992312742021667,1025.5176827057544,323.54530999119504,1002.9,254.5
5590,4339,8.992312742021667,1025.5176827057544,323.54530999119504,1002.9,254.5
5591,4340,8.992312742021667,1025.5176827057544,323.54530999119504,1002.9,254.5
5592,4341,8.992312742021667,1025.5176827057544,323.54530999119504,1002.9,254.5
5593,4342,8.992312742021667,1025.5176827057544,323.54530999119504,1002.9,254.5
5594,4343,8.992312742021667,1025.5176827057544,323.54530999119504,1002.9,254.5
5595,4344,8.992312742021667,1025.5176827057544,323.54530999119504,1002.9,254.5
5596,4345,8.992312742021667,1025.5176827057544,323.54530999119504,1002.9,254.5
5597,4346,8.992312742021667,1025.5176827057544,323.54530999119504,1002.9,254.5
5598,4347,8.992312742021667,1025.5176827057544,323.54530999119504,1002.9,254.5
5599,4348,8.992312742021667,1025.5176827057544,323.54530999119504,1002.9,254.5
5599,4349,8.992312742021667,1025.5176827057544,323.54530999119504,1002.9,254.5
5599,4350,8.992312742021667,1025.5176827057544,323.54530999119504,1002.9,254.5
5599,4351,8.992312742021667,1025.5176827057544,323.54530999119504,1002.9,254.5
5599,4352,8.992312742021667,1025.5176827057544,323.54530999119504,1002.9,254.5
5599,4353,8.992312742021667,1025.5176827057544,323.54530999119504,1002.9,254.5
5599,4354,8.992312742021667,945.5176827057545,387.54530999119504,1002.9,254.5
5599,4355,8.992312742021667,945.5176827057545,387.54530999119504,1002.9,254.5
5599,4356,8.992312742021667,945.5176827057545,387.54530999119504,1002.9,254.5
5599,4357,8.992312742021667,945.5176827057545,387.54530999119504,1002.9,254.5
5599,4358,8.992312742021667,945.5176827057545,387.54530999119504,1002.9,254.5
5599,4359,8.992312742021667,945.5176827057545,387.54530999119504,1002.9,254.5
5599,4360,8.992312742021667,945.5176827057545,387.54530999119504,1002.9,254.5
5599,4361,8.992312742021667,945.5176827057545,387.54530999119504,1002.9,254.5
5599,4362,8.992312742021667,945.5176827057545,387.54530999119504,1002.9,254.5
5599,4363,8.992312742021667,945.5176827057545,387.54530999119504,1002.9,254.5
5599,4364,8.992312742021667,945.5176827057545,387.54530999119504,1002.9,254.5
5599,4365,8.992312742021667,945.5176827057545,387.54530999119504,1002.9,254.5
5599,4366,8.992312742021667,945.5176827057545,387.54530999119504,1002.9,254.5
5599,4367,8.992312742021667,945.5176827057545,387.54530999119504,1002.9,254.5
5599,4368,8.992312742021667,945.5176827057545,387.54530999119504,1002.9,254.5
5599,4369,8.992312742021667,945.5176827057545,387.54530999119504,1002.9,254.5
5599,4370,8.992312742021667,945.5176827057545,387.54530999119504,1002.9,254.5
5599,4371,8.992312742021667,945.5176827057545,387.54530999119504,1002.9,254.5
5599,4372,8.992312742021667,945.5176827057545,387.54530999119504,1002.9,254.5
5599,4373,8.992312742021667,945.5176827057545,387.54530999119504,1002.9,254.5
5599,4374,8.992312742021667,945.5176827057545,387.54530999119504,1002.9,254.5
5599,4375,8.992312742021667,945.5176827057545,387.54530999119504,1002.9,254.5
5599,4376,8.992312742021667,945.5176827057545,387.54530999119504,1002.9,254.5
5599,4377,8.992312742021667,945.5176827057545,387.54530999119504,1002.9,254.5
5599,4378,8.992312742021667,945.5176827057545,387.54530999119504,1002.9,254.5
5599,4379,8.992312742021667,945.5176827057545,387.54530999119504,1002.9,254.5
5599,4380,8.992312742021667,945.5176827057545,387.54530999119504,1002.9,254.5
5599,4381,8.992312742021667,945.5176827057545,387.54530999119504,1002.9,254.5
5599,4382,8.992312742021667,945.5176827057545,387.54530999119504,1002.9,254.5
5599,4383,8.992312742021667,945.5176827057545,387.54530999119504,1002.9,254.5
5599,4384,8.992312742021667,945.5176827057545,387.54530999119504,1002.9,254.5
5599,4385,8.992312742021667,945.5176827057545,387.54530999119504,1002.9,254.5
5599,4386,8.992312742021667,945.5176827057545,387.54530999119504,1002.9,254.5
5599,4387,8.992312742021667,945.5176827057545,387.54530999119504,1002.9,254.5
5599,4388,8.992312742021667,945.5176827057545,387.54530999119504,1002.9,254.5
5599,4389,8.992312742021667,945.5176827057545,387.54530999119504,1002.9,254.5
5599,4390,8.992312742021667,945.5176827057545,387.54530999119504,1002.9,254.5
5599,4391,8.992312742021667,945.5176827057545,387.54530999119504,1002.9,254.5
5599,4392,8.992312742021667,945.5176827057545,387.54530999119504,1002.9,254.5
5599,4393,8.992312742021667,945.5176827057545,387.54530999119504,1002.9,254.5
5599,4394,8.992312742021667,945.5176827057545,387.54530999119504,1002.9,254.5
5599,4395,8.992312742021667,945.5176827057545,387.54530999119504,1002.9,254.5
5599,4396,8.992312742021667,945.5176827057545,387.54530999119504,1002.9,254.5
5599,4397,8.992312742021667,945.5176827057545,387.54530999119504,1002.9,254.5
5599,4398,8.992312742021667,945.5176827057545,387.54530999119504,1002.9,254.5
5599,4399,8.992312742021667,945.5176827057545,387.54530999119504,1002.9,254.5
5599,4400,8.992312742021667,945.5176827057545,387.54530999119504,1002.9,254.5
5599,4401,8.992312742021667,945.5176827057545,387.54530999119504,1002.9,254.5
5599,4402,10.711269457536918,945.5176827057545,387.54530999119504,1002.9,254.5
5599,4403,12.610327179456634,945.5176827057545,387.54530999119504,1002.9,254.5
5599,4404,14.714451704752591,945.5176827057545,387.54530999119504,1002.9,254.5
5599,4405,17.052053372420957,945.5176827057545,387.54530999119504,1002.9,254.5
5599,4406,19.655048646445717,945.5176827057545,387.54530999119504,1002.9,254.5
5599,4407,22.558571971668304,945.5176827057545,387.54530999119504,1002.9,254.5
5599,4408,25.800082520789218,945.5176827057545,387.54530999119504,1002.9,254.5
5599,4409,29.417505993933503,945.5176827057545,387.54530999119504,1002.9,254.5
5599,4410,33.445963462159966,945.5176827057545,387.54530999119504,1002.9,254.5
5599,4411,37.91264775219893,945.5176827057545,387.54530999119504,1002.9,254.5
5599,4412,42.82965986058568,945.5176827057545,387.54530999119504,1002.9,254.5
5599,4413,48.18530016656069,945.5176827057545,387.54530999119504,1002.9,254.5
5599,4414,53.935503061292394,945.5176827057545,387.54530999119504,1002.9,254.5
5599,4415,59.99848615964985,945.5176827057545,387.54530999119504,1002.9,254.5
5599,4416,66.25628651887952,945.5176827057545,387.54530999119504,1002.9,254.5
5599,4417,72.56543267332388,945.5176827057545,387.54530999119504,1002.9,254.5
5599,4418,78.775337471811,945.5176827057545,387.54530999119504,1002.9,254.5
5599,4419,84.74901808100981,945.5176827057545,387.54530999119504,1002.9,254.5
5599,4420,90.37943128073039,945.5176827057545,387.54530999119504,1002.9,254.5
5599,4421,95.59715305352675,945.5176827057545,387.54530999119504,1002.9,254.5
5599,4422,100.36933590219638,945.5176827057545,387.54530999119504,1002.9,254.5
5599,4423,104.69292275467814,945.5176827057545,387.54530999119504,1002.9,254.5
5599,4424,108.58576304537316,945.5176827057545,387.54530999119504,1002.9,254.5
5599,4425,112.07828319052251,945.5176827057545,387.54530999119504,1002.9,254.5
5599,4426,115.20696818735576,945.5176827057545,387.54530999119504,1002.9,254.5
5599,4427,118.00987304115887,945.5176827057545,387.54530999119504,1002.9,254.5
5599,4428,120.5238574532894,945.5176827057545,387.54530999119504,1002.9,254.5
5599,4429,122.78308341328683,945.5176827057545,387.54530999119504,1002.9,254.5
5599,4430,124.81835058690845,945.5176827057545,387.54530999119504,1002.9,254.5
5599,4431,126.65694375971073,945.5176827057545,387.54530999119504,1002.9,254.5
5599,4432,128.3227677624038,945.5176827057545,387.54530999119504,1002.9,254.5
5599,4433,129.83662591024003,945.5176827057545,387.54530999119504,1002.9,254.5
5599,4434,129.83662591024003,945.5176827057545,387.54530999119504,1002.9,254.5
5599,4435,129.83662591024003,945.5176827057545,387.54530999119504,1002.9,254.5
5599,4436,129.83662591024003,945.5176827057545,387.54530999119504,1002.9,254.5
5599,4437,129.83662591024003,945.5176827057545,387.54530999119504,1002.9,254.5
5599,4438,129.83662591024003,945.5176827057545,387.54530999119504,1002.9,254.5
5599,4439,129.83662591024003,945.5176827057545,387.54530999119504,1002.9,254.5
5599,4440,129.83662591024003,945.5176827057545,387.54530999119504,1002.9,254.5
5599,4441,129.83662591024003,945.5176827057545,387.54530999119504,1002.9,254.5
5599,4442,129.83662591024003,945.5176827057545,387.54530999119504,1002.9,254.5
5599,4443,129.83662591024003,945.5176827057545,387.54530999119504,1002.9,254.5
5599,4444,129.83662591024003,945.5176827057545,387.54530999119504,1002.9,254.5
5599,4445,129.83662591024003,945.5176827057545,387.54530999119504,1002.9,254.5
5599,4446,129.83662591024003,945.5176827057545,387.54530999119504,1002.9,254.5
5599,4447,129.83662591024003,945.5176827057545,387.54530999119504,1002.9,254.5
5599,4448,129.83662591024003,945.5176827057545,387.54530999119504,1002.9,254.5
5599,4449,129.83662591024003,945.5176827057545,387.54530999119504,1002.9,254.5
5599,4450,129.83662591024003,945.5176827057545,387.54530999119504,1002.9,254.5
5599,4451,129.83662591024003,945.5176827057545,387.54530999119504,1002.9,254.5
5599,4452,129.83662591024003,945.5176827057545,387.54530999119504,1002.9,254.5
5599,4453,129.83662591024003,945.5176827057545,387.54530999119504,1002.9,254.5
5599,4454,129.83662591024003,945.5176827057545,387.54530999119504,1002.9,254.5
5599,4455,129.83662591024003,945.5176827057545,387.54530999119504,1002.9,254.5
5599,4456,129.83662591024003,945.5176827057545,387.54530999119504,1002.9,254.5
5599,4457,129.83662591024003,945.5176827057545,387.54530999119504,1002.9,254.5
5599,4458,129.83662591024003,945.5176827057545,387.54530999119504,1002.9,254.5
5599,4459,129.83662591024003,945.5176827057545,387.54530999119504,1002.9,254.5
5599,4460,129.83662591024003,945.5176827057545,387.54530999119504,1002.9,254.5
5599,4461,129.83662591024003,945.5176827057545,387.54530999119504,1002.9,254.5
5599,4462,129.83662591024003,945.5176827057545,387.54530999119504,1002.9,254.5
5599,4463,129.83662591024003,945.5176827057545,387.54530999119504,1002.9,254.5
5600,4464,136.3481868963945,945.5176827057545,387.54530999119504,1002.9,254.5
5601,4465,136.3481868963945,945.5176827057545,387.54530999119504,1002.9,254.5
5602,4466,136.3481868963945,945.5176827057545,387.54530999119504,1002.9,254.5
5603,4467,136.3481868963945,945.5176827057545,387.54530999119504,1002.9,254.5
5604,4468,136.3481868963945,945.5176827057545,387.54530999119504,1002.9,254.5
5605,4469,136.3481868963945,945.5176827057545,387.54530999119504,1002.9,254.5
5606,4470,136.3481868963945,945.5176827057545,387.54530999119504,1002.9,254.5
5607,4471,136.3481868963945,945.5176827057545,387.54530999119504,1002.9,254.5
5608,4472,136.3481868963945,945.5176827057545,387.54530999119504,1002.9,254.5
5609,4473,136.3481868963945,945.5176827057545,387.54530999119504,1002.9,254.5
5610,4474,136.3481868963945,945.5176827057545,387.54530999119504,1002.9,254.5
5611,4475,136.3481868963945,945.5176827057545,387.54530999119504,1002.9,254.5
5612,4476,136.3481868963945,945.5176827057545,387.54530999119504,1002.9,254.5
5613,4477,136.3481868963945,945.5176827057545,387.54530999119504,1002.9,254.5
5614,4478,136.3481868963945,945.5176827057545,387.54530999119504,1002.9,254.5
5615,4479,136.3481868963945,945.5176827057545,387.54530999119504,1002.9,254.5
5616,4480,136.3481868963945,945.5176827057545,387.54530999119504,1002.9,254.5
5617,4481,136.3481868963945,945.5176827057545,387.54530999119504,1002.9,254.5
5618,4482,136.3481868963945,945.5176827057545,387.54530999119504,1002.9,254.5
5619,4483,136.3481868963945,945.5176827057545,387.54530999119504,1002.9,254.5
5620,4484,136.3481868963945,945.5176827057545,387.54530999119504,1002.9,254.5
5621,4485,136.3481868963945,945.5176827057545,387.54530999119504,1002.9,254.5
5622,4486,136.3481868963945,945.5176827057545,387.54530999119504,1002.9,254.5
5623,4487,136.3481868963945,945.5176827057545,387.54530999119504,1002.9,254.5
5624,4488,136.3481868963945,945.5176827057545,387.54530999119504,1002.9,254.5
5625,4489,136.3481868963945,945.5176827057545,387.54530999119504,1002.9,254.5
5626,4490,136.3481868963945,945.5176827057545,387.54530999119504,1002.9,254.5
5627,4491,136.3481868963945,945.5176827057545,387.54530999119504,1002.9,254.5
5628,4492,136.3481868963945,945.5176827057545,387.54530999119504,1002.9,254.5
5629,4493,136.3481868963945,945.5176827057545,387.54530999119504,1002.9,254.5
5630,4494,136.3481868963945,945.5176827057545,387.54530999119504,1002.9,254.5
5631,4495,136.3481868963945,945.5176827057545,387.54530999119504,1002.9,254.5
5632,4496,136.3481868963945,945.5176827057545,387.54530999119504,1002.9,254.5
5633,4497,146.66331012008942,945.5176827057545,387.54530999119504,1002.9,254.5
5634,4498,146.66331012008942,945.5176827057545,387.54530999119504,1002.9,254.5
5635,4499,146.66331012008942,945.5176827057545,387.54530999119504,1002.9,254.5
5636,4500,146.66331012008942,945.5176827057545,387.54530999119504,1002.9,254.5
5637,4501,146.66331012008942,945.5176827057545,387.54530999119504,1002.9,254.5
5638,4502,146.66331012008942,945.5176827057545,387.54530999119504,1002.9,254.5
5639,4503,146.66331012008942,945.5176827057545,387.54530999119504,1002.9,254.5
5640,4504,146.66331012008942,945.5176827057545,387.54530999119504,1002.9,254.5
5641,4505,146.66331012008942,945.5176827057545,387.54530999119504,1002.9,254.5
5642,4506,146.66331012008942,945.5176827057545,387.54530999119504,1002.9,254.5
5643,4507,146.66331012008942,945.5176827057545,387.54530999119504,1002.9,254.5
5644,4508,146.66331012008942,945.5176827057545,387.54530999119504,1002.9,254.5
5645,4509,146.66331012008942,945.5176827057545,387.54530999119504,1002.9,254.5
5646,4510,146.66331012008942,945.5176827057545,387.54530999119504,1002.9,254.5
5647,4511,146.66331012008942,945.5176827057545,387.54530999119504,1002.9,254.5
5648,4512,146.66331012008942,945.5176827057545,387.54530999119504,1002.9,254.5
5649,4513,146.66331012008942,945.5176827057545,387.54530999119504,1002.9,254.5
5650,4514,146.66331012008942,945.5176827057545,387.54530999119504,1002.9,254.5
5651,4515,146.66331012008942,945.5176827057545,387.54530999119504,1002.9,254.5
5652,4516,146.66331012008942,945.5176827057545,387.54530999119504,1002.9,254.5
5653,4517,146.66331012008942,945.5176827057545,387.54530999119504,1002.9,254.5
5654,4518,146.66331012008942,945.5176827057545,387.54530999119504,1002.9,254.5
5655,4519,146.66331012008942,945.5176827057545,387.54530999119504,1002.9,254.5
5656,4520,146.66331012008942,986.5176827057545,531.545309991195,1002.9,254.5
5657,4521,146.66331012008942,986.5176827057545,531.545309991195,1002.9,254.5
5658,4522,146.66331012008942,986.5176827057545,531.545309991195,1002.9,254.5
5659,4523,146.66331012008942,986.5176827057545,531.545309991195,1002.9,254.5
5660,4524,148.50294720494486,986.5176827057545,531.545309991195,1002.9,254.5
5661,4525,150.31643206506104,986.5176827057545,531.545309991195,1002.9,254.5
5662,4526,152.1007681428353,986.5176827057545,531.545309991195,1002.9,254.5
5663,4527,153.85327984713646,986.5176827057545,531.545309991195,1002.9,254.5
5664,4528,155.57162364269863,986.5176827057545,531.545309991195,1002.9,254.5
5665,4529,157.25379166417468,986.5176827057545,531.545309991195,1002.9,254.5
5666,4530,176.93211335497935,986.5176827057545,531.545309991195,1002.9,254.5
5667,4531,178.53722713053068,986.5176827057545,531.545309991195,1002.9,254.5
5668,4532,179.89790478588856,986.5176827057545,531.545309991195,1002.9,254.5
5669,4533,178.37403356450773,986.5176827057545,531.545309991195,1002.9,254.5
5670,4534,176.89163983122657,986.5176827057545,531.545309991195,1002.9,254.5
5671,4535,175.4509565135474,986.5176827057545,531.545309991195,1002.9,254.5
5672,4536,174.05199280436193,986.5176827057545,531.545309991195,1002.9,254.5
5673,4537,172.69455850095312,986.5176827057545,531.545309991195,1002.9,254.5
5674,4538,171.37828809792995,986.5176827057545,531.545309991195,1002.9,254.5
5675,4539,170.10266413527611,986.5176827057545,531.545309991195,1002.9,254.5
5676,4540,168.86703941958297,986.5176827057545,531.545309991195,1002.9,254.5
5677,4541,167.67065784326576,986.5176827057545,531.545309991195,1002.9,254.5
5678,4542,166.51267362039408,986.5176827057545,531.545309991195,1002.9,254.5
5679,4543,165.39216883740434,986.5176827057545,531.545309991195,1002.9,254.5
5680,4544,164.30816928228964,986.5176827057545,531.545309991195,1002.9,254.5
5681,4545,163.25965856758455,986.5176827057545,531.545309991195,1002.9,254.5
5682,4546,163.25965856758455,1028.5176827057544,676.545309991195,1002.9,254.5
5683,4547,163.25965856758455,1028.5176827057544,676.545309991195,1002.9,254.5
5684,4548,163.25965856758455,1028.5176827057544,676.545309991195,1002.9,254.5
5685,4549,163.25965856758455,1028.5176827057544,676.545309991195,1002.9,254.5
5686,4550,163.25965856758455,1028.5176827057544,676.545309991195,1002.9,254.5
5687,4551,163.25965856758455,1028.5176827057544,676.545309991195,1002.9,254.5
5688,4552,163.25965856758455,1028.5176827057544,676.545309991195,1002.9,254.5
5689,4553,163.25965856758455,1028.5176827057544,676.545309991195,1002.9,254.5
5690,4554,163.25965856758455,1028.5176827057544,676.545309991195,1002.9,254.5
5691,4555,163.25965856758455,1028.5176827057544,676.545309991195,1002.9,254.5
5692,4556,163.25965856758455,1028.5176827057544,676.545309991195,1002.9,254.5
5693,4557,163.25965856758455,1028.5176827057544,676.545309991195,1002.9,254.5
5694,4558,163.25965856758455,1028.5176827057544,676.545309991195,1002.9,254.5
5695,4559,163.25965856758455,1028.5176827057544,676.545309991195,1002.9,254.5
5696,4560,163.25965856758455,1028.5176827057544,676.545309991195,1002.9,254.5
5697,4561,163.25965856758455,1028.5176827057544,676.545309991195,1002.9,254.5
5698,4562,163.25965856758455,1028.5176827057544,676.545309991195,1002.9,254.5
5699,4563,134.70139168686933,1028.5176827057544,676.545309991195,1002.9,254.5
5700,4564,134.70139168686933,1028.5176827057544,676.545309991195,1002.9,254.5
5701,4565,134.70139168686933,1028.5176827057544,676.545309991195,1002.9,254.5
5702,4566,134.70139168686933,1028.5176827057544,676.545309991195,1002.9,254.5
5703,4567,134.70139168686933,1028.5176827057544,676.545309991195,1002.9,254.5
5704,4568,134.70139168686933,1028.5176827057544,676.545309991195,1002.9,254.5
5705,4569,134.70139168686933,1028.5176827057544,676.545309991195,1002.9,254.5
5706,4570,134.70139168686933,1028.5176827057544,676.545309991195,1002.9,254.5
5707,4571,134.70139168686933,1028.5176827057544,676.545309991195,1002.9,254.5
5708,4572,134.70139168686933,1028.5176827057544,676.545309991195,1002.9,254.5
5709,4573,134.70139168686933,1028.5176827057544,676.545309991195,1002.9,254.5
5710,4574,134.70139168686933,1028.5176827057544,676.545309991195,1002.9,254.5
5711,4575,134.70139168686933,1028.5176827057544,676.545309991195,1002.9,254.5
5712,4576,134.70139168686933,1028.5176827057544,676.545309991195,1002.9,254.5
5713,4577,134.70139168686933,1028.5176827057544,676.545309991195,1002.9,254.5
5714,4578,134.70139168686933,1028.5176827057544,676.545309991195,1002.9,254.5
5715,4579,134.70139168686933,1028.5176827057544,676.545309991195,1002.9,254.5
5716,4580,134.70139168686933,1028.5176827057544,676.545309991195,1002.9,254.5
5717,4581,134.70139168686933,1028.5176827057544,676.545309991195,1002.9,254.5
5718,4582,134.70139168686933,1028.5176827057544,676.545309991195,1002.9,254.5
5719,4583,134.70139168686933,1028.5176827057544,676.545309991195,1002.9,254.5
5720,4584,134.70139168686933,1028.5176827057544,676.545309991195,1002.9,254.5
5721,4585,134.70139168686933,1028.5176827057544,676.545309991195,1002.9,254.5
5722,4586,134.70139168686933,1028.5176827057544,676.545309991195,1002.9,254.5
5723,4587,134.70139168686933,1028.5176827057544,676.545309991195,1002.9,254.5
5724,4588,134.70139168686933,1028.5176827057544,676.545309991195,1002.9,254.5
5725,4589,134.70139168686933,1028.5176827057544,676.545309991195,1002.9,254.5
5726,4590,134.70139168686933,1028.5176827057544,676.545309991195,1002.9,254.5
5727,4591,134.70139168686933,1028.5176827057544,676.545309991195,1002.9,254.5
5728,4592,134.70139168686933,1028.5176827057544,676.545309991195,1002.9,254.5
5729,4593,134.70139168686933,1028.5176827057544,676.545309991195,1003.5038461538461,271.1923076923077
5730,4594,134.70139168686933,1028.5176827057544,676.545309991195,1004.1076923076923,287.88461538461536
5731,4595,134.70139168686933,1028.5176827057544,676.545309991195,1004.7115384615385,304.5769230769231
5732,4596,134.70139168686933,1028.5176827057544,676.545309991195,1005.3153846153846,321.2692307692308
5732,4597,134.70139168686933,1028.5176827057544,676.545309991195,1005.9192307692308,337.96153846153845
5732,4598,134.70139168686933,1028.5176827057544,676.545309991195,1006.5230769230769,354.6538461538462
5732,4599,134.70139168686933,1028.5176827057544,676.545309991195,1007.126923076923,371.34615384615387
5732,4600,134.70139168686933,1028.5176827057544,676.545309991195,1007.7307692307692,388.03846153846155
5732,4601,134.70139168686933,1028.5176827057544,676.545309991195,1008.3346153846154,404.7307692307692
5732,4602,134.70139168686933,1028.5176827057544,676.545309991195,1008.9384615384615,421.4230769230769
5732,4603,134.70139168686933,1028.5176827057544,676.545309991195,1009.5423076923076,438.11538461538464
5732,4604,134.70139168686933,1028.5176827057544,676.545309991195,1010.1461538461539,454.8076923076923
5732,4605,134.70139168686933,1028.5176827057544,676.545309991195,1010.75,471.5
5732,4606,134.70139168686933,1028.5176827057544,676.545309991195,1011.3538461538461,488.19230769230774
5732,4607,134.70139168686933,1028.5176827057544,676.545309991195,1011.9576923076924,504.8846153846154
5732,4608,134.70139168686933,1028.5176827057544,676.545309991195,1012.5615384615385,521.5769230769231
5732,4609,134.70139168686933,1028.5176827057544,676.545309991195,1013.1653846153846,538.2692307692307
5732,4610,134.70139168686933,1028.5176827057544,676.545309991195,1013.7692307692308,554.9615384615385
5732,4611,134.70139168686933,1028.5176827057544,676.545309991195,1014.373076923077,571.6538461538462
5732,4612,134.70139168686933,998.5176827057545,676.545309991195,1014.9769230769231,588.3461538461538
5732,4613,134.70139168686933,998.5176827057545,676.545309991195,1015.5807692307692,605.0384615384615
5732,4614,134.70139168686933,998.5176827057545,676.545309991195,1016.1846153846154,621.7307692307693
5732,4615,134.70139168686933,998.5176827057545,676.545309991195,1016.7884615384615,638.4230769230769
5732,4616,134.70139168686933,998.5176827057545,676.545309991195,1017.3923076923077,655.1153846153846
5732,4617,134.70139168686933,998.5176827057545,676.545309991195,1017.9961538461539,671.8076923076924
5732,4618,134.70139168686933,998.5176827057545,676.545309991195,1018.6,688.5
5732,4619,134.70139168686933,998.5176827057545,676.545309991195,1018.6,688.5
5732,4620,134.70139168686933,998.5176827057545,676.545309991195,1018.6,688.5
5732,4621,134.70139168686933,998.5176827057545,676.545309991195,1018.6,688.5
5732,4622,134.70139168686933,998.5176827057545,676.545309991195,1018.6,688.5
5732,4623,134.70139168686933,998.5176827057545,676.545309991195,1018.6,688.5
5732,4624,134.70139168686933,998.5176827057545,676.545309991195,1018.6,688.5
5732,4625,134.70139168686933,998.5176827057545,676.545309991195,1018.6,688.5
5732,4626,134.70139168686933,998.5176827057545,676.545309991195,1018.6,688.5
5732,4627,134.70139168686933,998.5176827057545,676.545309991195,1018.6,688.5
5732,4628,134.70139168686933,998.5176827057545,676.545309991195,1018.6,688.5
5732,4629,134.70139168686933,998.5176827057545,676.545309991195,1018.6,688.5
5732,4630,134.70139168686933,998.5176827057545,676.545309991195,1018.6,688.5
5732,4631,134.70139168686933,998.5176827057545,676.545309991195,1018.6,688.5
5732,4632,134.70139168686933,998.5176827057545,676.545309991195,1018.6,688.5
5732,4633,134.70139168686933,998.5176827057545,676.545309991195,1018.6,688.5
5732,4634,134.70139168686933,998.5176827057545,676.545309991195,1018.6,688.5
5732,4635,134.70139168686933,998.5176827057545,676.545309991195,1018.6,688.5
5732,4636,134.70139168686933,998.5176827057545,676.545309991195,1018.6,688.5
5732,4637,134.70139168686933,998.5176827057545,676.545309991195,1018.6,688.5
5732,4638,134.70139168686933,998.5176827057545,676.545309991195,1018.6,688.5
5732,4639,134.70139168686933,998.5176827057545,676.545309991195,1018.6,688.5
5732,4640,134.70139168686933,998.5176827057545,676.545309991195,1018.6,688.5
5732,4641,134.70139168686933,998.5176827057545,676.545309991195,1018.6,688.5
5732,4642,134.70139168686933,998.5176827057545,676.545309991195,1018.6,688.5
5732,4643,134.70139168686933,998.5176827057545,676.545309991195,1018.6,688.5
5732,4644,134.70139168686933,998.5176827057545,676.545309991195,1018.6,688.5
5732,4645,134.70139168686933,998.5176827057545,676.545309991195,1018.6,688.5
5732,4646,134.70139168686933,968.5176827057545,676.545309991195,1018.6,688.5
5732,4647,134.70139168686933,968.5176827057545,676.545309991195,1018.6,688.5
5732,4648,134.70139168686933,968.5176827057545,676.545309991195,1018.6,688.5
5732,4649,134.70139168686933,968.5176827057545,676.545309991195,1018.6,688.5
5732,4650,134.70139168686933,968.5176827057545,676.545309991195,1018.6,688.5
5732,4651,134.70139168686933,968.5176827057545,676.545309991195,1018.6,688.5
5732,4652,134.70139168686933,968.5176827057545,676.545309991195,1018.6,688.5
5732,4653,134.70139168686933,968.5176827057545,676.545309991195,1018.6,688.5
5732,4654,134.70139168686933,968.5176827057545,676.545309991195,1018.6,688.5
5732,4655,134.70139168686933,968.5176827057545,676.545309991195,1018.6,688.5
5732,4656,134.70139168686933,968.5176827057545,676.545309991195,1018.6,688.5
5732,4657,134.70139168686933,968.5176827057545,676.545309991195,1018.6,688.5
5732,4658,134.70139168686933,968.5176827057545,676.545309991195,1018.6,688.5
5732,4659,134.70139168686933,968.5176827057545,676.545309991195,1018.6,688.5
5732,4660,134.70139168686933,968.5176827057545,676.545309991195,1018.6,688.5
5732,4661,134.70139168686933,968.5176827057545,676.545309991195,1018.6,688.5
5732,4662,134.70139168686933,968.5176827057545,676.545309991195,1018.6,688.5
5732,4663,134.70139168686933,968.5176827057545,676.545309991195,1018.6,688.5
5732,4664,134.70139168686933,968.5176827057545,676.545309991195,1018.6,688.5
5732,4665,134.70139168686933,968.5176827057545,676.545309991195,1018.6,688.5
5732,4666,134.70139168686933,968.5176827057545,676.545309991195,1018.6,688.5
5732,4667,134.70139168686933,968.5176827057545,676.545309991195,1018.6,688.5
5732,4668,134.70139168686933,968.5176827057545,676.545309991195,1018.6,688.5
5732,4669,134.70139168686933,968.5176827057545,676.545309991195,1018.6,688.5
5732,4670,134.70139168686933,968.5176827057545,676.545309991195,1018.6,688.5
5732,4671,134.70139168686933,968.5176827057545,676.545309991195,1018.6,688.5
5732,4672,134.70139168686933,968.5176827057545,676.545309991195,1018.6,688.5
5732,4673,134.37946892607673,968.5176827057545,676.545309991195,1018.6,688.5
5732,4674,134.02439035696872,968.5176827057545,676.545309991195,1018.6,688.5
5732,4675,133.6307876912803,968.5176827057545,676.545309991195,1018.6,688.5
5732,4676,133.1920758640414,968.5176827057545,676.545309991195,1018.6,688.5
5732,4677,132.70009041796794,968.5176827057545,676.545309991195,1018.6,688.5
5732,4678,132.1445882461836,968.5176827057545,676.545309991195,1018.6,688.5
5732,4679,131.51254829418298,968.5176827057545,676.545309991195,1018.6,688.5
5732,4680,130.78717329799858,968.5176827057545,676.545309991195,1018.6,688.5
5732,4681,129.94643443902658,968.5176827057545,676.545309991195,1018.6,688.5
5732,4682,128.96089941895397,968.5176827057545,676.545309991195,1018.6,688.5
5732,4683,127.79040565980692,968.5176827057545,676.545309991195,1018.6,688.5
5732,4684,126.37881499091459,968.5176827057545,676.545309991195,1018.6,688.5
5732,4685,124.64547487095045,968.5176827057545,676.545309991195,1018.6,688.5
5732,4686,122.47082250591846,968.5176827057545,676.545309991195,1018.6,688.5
5732,4687,119.67123597347198,968.5176827057545,676.545309991195,1018.6,688.5
5732,4688,115.95369196797336,968.5176827057545,676.545309991195,1018.6,688.5
5732,4689,110.83209370841844,968.5176827057545,676.545309991195,1018.6,688.5
5732,4690,103.4793844444055,968.5176827057545,676.545309991195,1018.6,688.5
5732,4691,92.52755256516225,968.5176827057545,676.545309991195,1018.6,688.5
5732,4692,76.19061709664498,968.5176827057545,676.545309991195,1018.6,688.5
5732,4693,54.23899522246274,968.5176827057545,676.545309991195,1018.6,688.5
5732,4694,31.417335875444127,968.5176827057545,676.545309991195,1018.6,688.5
5732,4695,13.524541232856757,968.5176827057545,676.545309991195,1018.6,688.5
5732,4696,1.372800626120015,968.5176827057545,676.545309991195,1018.6,688.5
5732,4697,6.738357902065882,968.5176827057545,676.545309991195,1018.6,688.5
5732,4698,6.738357902065882,968.5176827057545,676.545309991195,1018.6,688.5
5732,4699,6.738357902065882,968.5176827057545,676.545309991195,1018.6,688.5
5732,4700,6.738357902065882,968.5176827057545,676.545309991195,1018.6,688.5
5732,4701,6.738357902065882,968.5176827057545,676.545309991195,1018.6,688.5
5732,4702,6.738357902065882,968.5176827057545,676.545309991195,1018.6,688.5
5732,4703,6.738357902065882,968.5176827057545,676.545309991195,1018.6,688.5
5732,4704,6.738357902065882,968.5176827057545,676.545309991195,1018.6,688.5
5732,4705,6.738357902065882,968.5176827057545,676.545309991195,1018.6,688.5
5732,4706,6.738357902065882,968.5176827057545,676.545309991195,1018.6,688.5
5732,4707,6.738357902065882,968.5176827057545,676.545309991195,1018.6,688.5
5732,4708,6.738357902065882,968.5176827057545,676.545309991195,1018.6,688.5
5732,4709,6.738357902065882,968.5176827057545,676.545309991195,1018.6,688.5
5732,4710,6.738357902065882,968.5176827057545,676.545309991195,1018.6,688.5
5732,4711,6.738357902065882,968.5176827057545,676.545309991195,1018.6,688.5
5732,4712,6.738357902065882,965.5176827057545,669.545309991195,1018.6,688.5
5732,4713,6.738357902065882,965.5176827057545,669.545309991195,1018.6,688.5
5732,4714,6.738357902065882,965.5176827057545,669.545309991195,1018.6,688.5
5732,4715,6.738357902065882,965.5176827057545,669.545309991195,1018.6,688.5
5732,4716,6.738357902065882,965.5176827057545,669.545309991195,1018.6,688.5
5732,4717,6.738357902065882,965.5176827057545,669.545309991195,1018.6,688.5
5732,4718,6.738357902065882,965.5176827057545,669.545309991195,1018.6,688.5
5732,4719,6.738357902065882,965.5176827057545,669.545309991195,1018.6,688.5
5732,4720,6.738357902065882,965.5176827057545,669.545309991195,1018.6,688.5
5732,4721,6.738357902065882,965.5176827057545,669.545309991195,1018.6,688.5
5732,4722,6.738357902065882,965.5176827057545,669.545309991195,1018.6,688.5
5732,4723,6.738357902065882,965.5176827057545,669.545309991195,1018.6,688.5
5732,4724,6.738357902065882,965.5176827057545,669.545309991195,1018.6,688.5
5732,4725,6.738357902065882,965.5176827057545,669.545309991195,1018.6,688.5
5732,4726,6.738357902065882,965.5176827057545,669.545309991195,1018.6,688.5
5732,4727,6.738357902065882,965.5176827057545,669.545309991195,1018.6,688.5
5732,4728,6.738357902065882,965.5176827057545,669.545309991195,1018.6,688.5
5732,4729,6.738357902065882,965.5176827057545,669.545309991195,1018.6,688.5
5732,4730,6.738357902065882,965.5176827057545,669.545309991195,1018.6,688.5
5732,4731,6.738357902065882,965.5176827057545,669.545309991195,1018.6,688.5
5732,4732,6.738357902065882,965.5176827057545,669.545309991195,1018.6,688.5
5732,4733,6.738357902065882,965.5176827057545,669.545309991195,1018.6,688.5
5732,4734,6.738357902065882,965.5176827057545,669.545309991195,1018.6,688.5
5732,4735,6.738357902065882,965.5176827057545,669.545309991195,1018.6,688.5
5732,4736,6.738357902065882,965.5176827057545,669.545309991195,1018.6,688.5
5732,4737,6.738357902065882,965.5176827057545,669.545309991195,1018.6,688.5
5732,4738,6.738357902065882,965.5176827057545,669.545309991195,1018.6,688.5
5732,4739,6.738357902065882,965.5176827057545,669.545309991195,1018.6,688.5
5732,4740,6.738357902065882,965.5176827057545,669.545309991195,1018.6,688.5
5732,4741,6.738357902065882,965.5176827057545,669.545309991195,1018.6,688.5
5732,4742,6.738357902065882,965.5176827057545,669.545309991195,1018.6,688.5
5732,4743,6.738357902065882,965.5176827057545,669.545309991195,1018.6,688.5
5732,4744,6.738357902065882,965.5176827057545,669.545309991195,1018.6,688.5
5732,4745,6.738357902065882,963.5176827057545,662.545309991195,1018.6,688.5
5732,4746,6.738357902065882,963.5176827057545,662.545309991195,1018.6,688.5
5732,4747,6.738357902065882,963.5176827057545,662.545309991195,1018.6,688.5
5732,4748,6.738357902065882,963.5176827057545,662.545309991195,1018.6,688.5
5732,4749,6.738357902065882,963.5176827057545,662.545309991195,1018.6,688.5
5732,4750,6.738357902065882,963.5176827057545,662.545309991195,1018.6,688.5
5732,4751,6.738357902065882,963.5176827057545,662.545309991195,1018.6,688.5
5732,4752,6.738357902065882,963.5176827057545,662.545309991195,1018.7137931034483,673.6620689655173
5732,4753,6.738357902065882,963.5176827057545,662.545309991195,1018.8275862068966,658.8241379310344
5732,4754,6.738357902065882,963.5176827057545,662.545309991195,1018.9413793103448,643.9862068965517
5732,4755,6.738357902065882,963.5176827057545,662.545309991195,1019.0551724137931,629.148275862069
5732,4756,6.738357902065882,963.5176827057545,662.545309991195,1019.1689655172414,614.3103448275862
5732,4757,6.738357902065882,963.5176827057545,662.545309991195,1019.2827586206897,599.4724137931034
5732,4758,6.738357902065882,963.5176827057545,662.545309991195,1019.3965517241379,584.6344827586207
5732,4759,6.738357902065882,963.5176827057545,662.545309991195,1019.5103448275862,569.7965517241379
5732,4760,6.738357902065882,963.5176827057545,662.545309991195,1019.6241379310345,554.9586206896552
5732,4761,6.738357902065882,963.5176827057545,662.545309991195,1019.7379310344828,540.1206896551724
5732,4762,6.738357902065882,963.5176827057545,662.545309991195,1019.851724137931,525.2827586206897
5732,4763,6.738357902065882,963.5176827057545,662.545309991195,1019.9655172413793,510.4448275862069
5732,4764,6.738357902065882,963.5176827057545,662.545309991195,1020.0793103448276,495.60689655172416
5732,4765,6.738357902065882,963.5176827057545,662.545309991195,1020.1931034482759,480.7689655172414
5732,4766,6.738357902065882,963.5176827057545,662.545309991195,1020.3068965517241,465.9310344827586
5732,4767,6.738357902065882,963.5176827057545,662.545309991195,1020.4206896551724,451.0931034482759
5732,4768,6.738357902065882,963.5176827057545,662.545309991195,1020.5344827586207,436.2551724137931
5732,4769,6.738357902065882,963.5176827057545,662.545309991195,1020.648275862069,421.4172413793103
5732,4770,6.738357902065882,963.5176827057545,662.545309991195,1020.7620689655172,406.5793103448276
5732,4771,6.738357902065882,963.5176827057545,662.545309991195,1020.8758620689655,391.7413793103448
5732,4772,6.738357902065882,963.5176827057545,662.545309991195,1020.9896551724138,376.90344827586205
5732,4773,6.738357902065882,963.5176827057545,662.545309991195,1021.1034482758621,362.0655172413793
5732,4774,6.738357902065882,963.5176827057545,662.545309991195,1021.2172413793103,347.22758620689655
5732,4775,6.738357902065882,963.5176827057545,662.545309991195,1021.3310344827586,332.38965517241377
5732,4776,6.738357902065882,963.5176827057545,662.545309991195,1021.4448275862069,317.55172413793105
5732,4777,6.738357902065882,963.5176827057545,662.545309991195,1021.5586206896552,302.71379310344827
5732,4778,6.738357902065882,963.5176827057545,662.545309991195,1021.6724137931034,287.8758620689655
5732,4779,6.738357902065882,961.5176827057545,655.545309991195,1021.7862068965517,273.03793103448277
5732,4780,6.738357902065882,961.5176827057545,655.545309991195,1021.9,258.2
5732,4781,6.738357902065882,961.5176827057545,655.545309991195,1021.9,258.2
5732,4782,6.738357902065882,961.5176827057545,655.545309991195,1021.9,258.2
5732,4783,6.738357902065882,961.5176827057545,655.545309991195,1021.9,258.2
5732,4784,6.738357902065882,961.5176827057545,655.545309991195,1021.9,258.2
5732,4785,6.738357902065882,961.5176827057545,655.545309991195,1021.9,258.2
5732,4786,6.738357902065882,961.5176827057545,655.545309991195,1021.9,258.2
5732,4787,6.738357902065882,961.5176827057545,655.545309991195,1021.9,258.2
5732,4788,6.738357902065882,961.5176827057545,655.545309991195,1021.9,258.2
5732,4789,6.738357902065882,961.5176827057545,655.545309991195,1021.9,258.2
5732,4790,6.738357902065882,961.5176827057545,655.545309991195,1021.9,258.2
5732,4791,6.738357902065882,961.5176827057545,655.545309991195,1021.9,258.2
5732,4792,6.738357902065882,961.5176827057545,655.545309991195,1021.9,258.2
5732,4793,6.738357902065882,961.5176827057545,655.545309991195,1021.9,258.2
5732,4794,6.738357902065882,961.5176827057545,655.545309991195,1021.9,258.2
5732,4795,6.738357902065882,961.5176827057545,655.545309991195,1021.9,258.2
5732,4796,6.738357902065882,961.5176827057545,655.545309991195,1021.9,258.2
5732,4797,6.738357902065882,961.5176827057545,655.545309991195,1021.9,258.2
5732,4798,6.738357902065882,961.5176827057545,655.545309991195,1021.9,258.2
5732,4799,6.738357902065882,961.5176827057545,655.545309991195,1021.9,258.2
5732,4800,6.738357902065882,961.5176827057545,655.545309991195,1021.9,258.2
5732,4801,6.738357902065882,961.5176827057545,655.545309991195,1021.9,258.2
5732,4802,4.879488605789308,961.5176827057545,655.545309991195,1021.9,258.2
5732,4803,3.0587990849823883,961.5176827057545,655.545309991195,1021.9,258.2
5732,4804,1.2786843595410313,961.5176827057545,655.545309991195,1021.9,258.2
5732,4805,0.45887857007286453,961.5176827057545,655.545309991195,1021.9,258.2
5732,4806,2.1523184072541,961.5176827057545,655.545309991195,1021.9,258.2
5732,4807,3.800450363833071,961.5176827057545,655.545309991195,1021.9,258.2
5732,4808,5.402451605333881,961.5176827057545,655.545309991195,1021.9,258.2
5732,4809,6.957832826096111,961.5176827057545,655.545309991195,1021.9,258.2
5732,4810,8.466407340143125,961.5176827057545,655.545309991195,1021.9,258.2
5732,4811,9.928258920530643,961.5176827057545,655.545309991195,1021.9,258.2
5732,4812,11.343709437635624,961.5176827057545,655.545309991195,1021.9,258.2
5732,4813,12.713287153282415,961.5176827057545,655.545309991195,1021.9,258.2
5732,4814,14.037696336844443,961.5176827057545,655.545309991195,1021.9,258.2
5732,4815,15.317788691716306,961.5176827057545,655.545309991195,1021.9,258.2
5732,4816,16.554536922356665,961.5176827057545,655.545309991195,1021.9,258.2
5732,4817,17.749010636924375,961.5176827057545,655.545309991195,1021.9,258.2
5732,4818,17.749010636924375,961.5176827057545,655.545309991195,1021.9,258.2
5732,4819,17.749010636924375,961.5176827057545,655.545309991195,1021.9,258.2
5732,4820,17.749010636924375,961.5176827057545,655.545309991195,1021.9,258.2
5732,4821,17.749010636924375,961.5176827057545,655.545309991195,1021.9,258.2
5732,4822,17.749010636924375,961.5176827057545,655.545309991195,1021.9,258.2
5732,4823,17.749010636924375,961.5176827057545,655.545309991195,1021.9,258.2
5732,4824,17.749010636924375,961.5176827057545,655.545309991195,1021.9,258.2
5732,4825,17.749010636924375,961.5176827057545,655.545309991195,1021.9,258.2
5732,4826,17.749010636924375,961.5176827057545,655.545309991195,1021.9,258.2
5732,4827,17.749010636924375,961.5176827057545,655.545309991195,1021.9,258.2
5732,4828,17.749010636924375,961.5176827057545,655.545309991195,1021.9,258.2
5732,4829,17.749010636924375,961.5176827057545,655.545309991195,1021.9,258.2
5732,4830,17.749010636924375,961.5176827057545,655.545309991195,1021.9,258.2
5732,4831,17.749010636924375,961.5176827057545,655.545309991195,1021.9,258.2
5732,4832,17.749010636924375,961.5176827057545,655.545309991195,1021.9,258.2
5732,4833,17.749010636924375,961.5176827057545,655.545309991195,1021.9,258.2
5732,4834,17.749010636924375,961.5176827057545,655.545309991195,1021.9,258.2
5732,4835,17.749010636924375,961.5176827057545,655.545309991195,1021.9,258.2
5732,4836,17.749010636924375,961.5176827057545,655.545309991195,1021.9,258.2
5732,4837,17.749010636924375,961.5176827057545,655.545309991195,1021.9,258.2
5732,4838,17.749010636924375,961.5176827057545,655.545309991195,1021.9,258.2
5732,4839,17.749010636924375,961.5176827057545,655.545309991195,1021.9,258.2
5732,4840,17.749010636924375,961.5176827057545,655.545309991195,1021.9,258.2
5732,4841,17.749010636924375,961.5176827057545,655.545309991195,1021.9,258.2
5732,4842,17.749010636924375,961.5176827057545,655.545309991195,1021.9,258.2
5732,4843,17.749010636924375,961.5176827057545,655.545309991195,1021.9,258.2
5732,4844,17.749010636924375,961.5176827057545,655.545309991195,1021.9,258.2
5732,4845,17.749010636924375,961.5176827057545,655.545309991195,1021.9,258.2
5732,4846,17.749010636924375,961.5176827057545,655.545309991195,1021.9,258.2
5732,4847,17.749010636924375,961.5176827057545,655.545309991195,1021.9,258.2
5732,4848,17.749010636924375,961.5176827057545,655.545309991195,1021.9,258.2
5732,4849,17.749010636924375,961.5176827057545,655.545309991195,1021.9,258.2
5732,4850,17.749010636924375,961.5176827057545,655.545309991195,1021.9,258.2
5732,4851,17.749010636924375,961.5176827057545,655.545309991195,1021.9,258.2
5732,4852,17.749010636924375,961.5176827057545,655.545309991195,1021.9,258.2
5732,4853,17.749010636924375,961.5176827057545,655.545309991195,1021.9,258.2
5732,4854,17.749010636924375,961.5176827057545,655.545309991195,1021.9,258.2
5732,4855,17.749010636924375,961.5176827057545,655.545309991195,1021.9,258.2
5732,4856,17.749010636924375,961.5176827057545,655.545309991195,1021.9,258.2
5732,4857,17.749010636924375,961.5176827057545,655.545309991195,1021.9,258.2
5732,4858,17.749010636924375,961.5176827057545,655.545309991195,1021.9,258.2
5732,4859,17.749010636924375,961.5176827057545,655.545309991195,1021.9,258.2
5732,4860,24.00174222007099,961.5176827057545,655.545309991195,1021.9,258.2
5732,4861,31.49133774519092,961.5176827057545,655.545309991195,1021.9,258.2
5732,4862,40.28659611071376,961.5176827057545,655.545309991195,1021.9,258.2
5732,4863,50.24224476712182,961.5176827057545,655.545309991195,1021.9,258.2
5732,4864,60.91104778648515,961.5176827057545,655.545309991195,1021.9,258.2
5732,4865,71.60281832030778,961.5176827057545,655.545309991195,1021.9,258.2
5732,4866,81.61878773469093,961.5176827057545,655.545309991195,1021.9,258.2
5733,4867,83.20590224982196,961.5176827057545,655.545309991195,1021.9,258.2
5734,4868,75.6379159273526,961.5176827057545,655.545309991195,1021.9,258.2
5735,4869,69.32383652307091,961.5176827057545,655.545309991195,1021.9,258.2
5736,4870,64.08854853955879,961.5176827057545,655.545309991195,1021.9,258.2
5737,4871,59.73971938183521,961.5176827057545,655.545309991195,1021.9,258.2
5738,4872,56.112900139482164,961.5176827057545,655.545309991195,1021.9,258.2
5739,4873,53.06529021739662,961.5176827057545,655.545309991195,1021.9,258.2
5740,4874,50.48215138969541,961.5176827057545,655.545309991195,1021.9,258.2
5741,4875,48.27327410344793,961.5176827057545,655.545309991195,1021.9,258.2
5742,4876,46.368156777233345,961.5176827057545,655.545309991195,1021.9,258.2
5743,4877,44.71163489361905,961.5176827057545,655.545309991195,1021.9,258.2
5744,4878,43.26032933451696,961.5176827057545,655.545309991195,1021.9,258.2
5745,4879,41.97989009243657,961.5176827057545,655.545309991195,1021.9,258.2
5746,4880,40.8429004100991,961.5176827057545,655.545309991195,1021.9,258.2
5747,4881,39.8272952333373,961.5176827057545,655.545309991195,1021.9,258.2
5748,4882,38.91516861387588,961.5176827057545,655.545309991195,1021.9,258.2
5749,4883,38.091871521656266,961.5176827057545,655.545309991195,1021.9,258.2
5750,4884,37.345325632672655,961.5176827057545,655.545309991195,1021.9,258.2
5751,4885,36.66549789824795,961.5176827057545,655.545309991195,1021.9,258.2
5752,4886,36.04399527470279,961.5176827057545,655.545309991195,1021.9,258.2
5753,4887,35.473749758201755,961.5176827057545,655.545309991195,1021.9,258.2
5754,4888,34.948771732801944,961.5176827057545,655.545309991195,1021.9,258.2
5755,4889,34.948771732801944,961.5176827057545,655.545309991195,1021.9,258.2
5756,4890,34.948771732801944,961.5176827057545,655.545309991195,1021.9,258.2
5757,4891,34.948771732801944,961.5176827057545,655.545309991195,1021.9,258.2
5758,4892,34.948771732801944,961.5176827057545,655.545309991195,1021.9,258.2
5759,4893,34.948771732801944,961.5176827057545,655.545309991195,1021.9,258.2
5760,4894,34.948771732801944,961.5176827057545,655.545309991195,1021.9,258.2
5761,4895,34.948771732801944,961.5176827057545,655.545309991195,1021.9,258.2
5762,4896,34.948771732801944,961.5176827057545,655.545309991195,1021.9,258.2
5763,4897,34.948771732801944,961.5176827057545,655.545309991195,1021.9,258.2
5764,4898,34.948771732801944,961.5176827057545,655.545309991195,1021.9,258.2
5765,4899,34.948771732801944,961.5176827057545,655.545309991195,1021.9,258.2
5765,4900,34.948771732801944,961.5176827057545,655.545309991195,1021.9,258.2
5765,4901,34.948771732801944,961.5176827057545,655.545309991195,1021.9,258.2
5765,4902,34.948771732801944,961.5176827057545,655.545309991195,1021.9,258.2
5765,4903,34.948771732801944,961.5176827057545,655.545309991195,1021.9,258.2
5765,4904,34.948771732801944,961.5176827057545,655.545309991195,1021.9,258.2
5765,4905,34.948771732801944,961.5176827057545,655.545309991195,1021.9,258.2
5765,4906,34.948771732801944,961.5176827057545,655.545309991195,1021.9,258.2
5765,4907,34.948771732801944,961.5176827057545,655.545309991195,1021.9,258.2
5765,4908,34.948771732801944,961.5176827057545,655.545309991195,1021.9,258.2
5765,4909,34.948771732801944,961.5176827057545,655.545309991195,1021.9,258.2
5765,4910,34.948771732801944,961.5176827057545,655.545309991195,1021.9,258.2
5765,4911,34.948771732801944,961.5176827057545,655.545309991195,1021.9,258.2
5765,4912,34.948771732801944,736.5176827057545,663.545309991195,1021.9,258.2
5765,4913,34.948771732801944,736.5176827057545,663.545309991195,1021.9,258.2
5765,4914,34.948771732801944,736.5176827057545,663.545309991195,1021.9,258.2
5765,4915,34.948771732801944,736.5176827057545,663.545309991195,1021.9,258.2
5765,4916,34.948771732801944,736.5176827057545,663.545309991195,1021.9,258.2
5765,4917,34.948771732801944,736.5176827057545,663.545309991195,1021.9,258.2
5765,4918,34.948771732801944,736.5176827057545,663.545309991195,1021.9,258.2
5765,4919,34.948771732801944,736.5176827057545,663.545309991195,1021.9,258.2
5765,4920,34.948771732801944,736.5176827057545,663.545309991195,1021.9,258.2
5765,4921,34.948771732801944,736.5176827057545,663.545309991195,1021.9,258.2
5765,4922,34.948771732801944,736.5176827057545,663.545309991195,1021.9,258.2
5765,4923,34.948771732801944,736.5176827057545,663.545309991195,1021.9,258.2
5765,4924,34.948771732801944,736.5176827057545,663.545309991195,1021.9,258.2
5765,4925,34.948771732801944,736.5176827057545,663.545309991195,1021.9,258.2
5765,4926,34.948771732801944,736.5176827057545,663.545309991195,1021.9,258.2
5765,4927,34.948771732801944,736.5176827057545,663.545309991195,1021.9,258.2
5765,4928,34.948771732801944,736.5176827057545,663.545309991195,1021.9,258.2
5765,4929,34.948771732801944,736.5176827057545,663.545309991195,1021.9,258.2
5765,4930,34.948771732801944,736.5176827057545,663.545309991195,1021.9,258.2
5765,4931,34.948771732801944,736.5176827057545,663.545309991195,1021.9,258.2
5765,4932,34.948771732801944,736.5176827057545,663.545309991195,1021.9,258.2
5765,4933,34.948771732801944,736.5176827057545,663.545309991195,1021.9,258.2
5765,4934,34.948771732801944,736.5176827057545,663.545309991195,1021.9,258.2
5765,4935,34.948771732801944,736.5176827057545,663.545309991195,1021.9,258.2
5765,4936,34.948771732801944,736.5176827057545,663.545309991195,1021.9,258.2
5765,4937,34.948771732801944,736.5176827057545,663.545309991195,1021.9,258.2
5765,4938,34.948771732801944,736.5176827057545,663.545309991195,1021.9,258.2
5765,4939,34.948771732801944,736.5176827057545,663.545309991195,1021.9,258.2
5765,4940,34.948771732801944,736.5176827057545,663.545309991195,1021.9,258.2
5765,4941,34.948771732801944,736.5176827057545,663.545309991195,1021.9,258.2
5765,4942,34.948771732801944,736.5176827057545,663.545309991195,1021.9,258.2
5765,4943,34.948771732801944,736.5176827057545,663.545309991195,1021.9,258.2
5765,4944,34.948771732801944,736.5176827057545,663.545309991195,1021.9,258.2
5765,4945,34.948771732801944,736.5176827057545,663.545309991195,1021.9,258.2
5765,4946,34.948771732801944,736.5176827057545,663.545309991195,1021.9,258.2
5765,4947,34.948771732801944,736.5176827057545,663.545309991195,1021.9,258.2
5765,4948,33.134785213976734,736.5176827057545,663.545309991195,1021.9,258.2
5765,4949,31.23565831548151,736.5176827057545,663.545309991195,1021.9,258.2
5765,4950,29.249726002303994,736.5176827057545,663.545309991195,1021.9,258.2
5765,4951,27.176001686889986,736.5176827057545,663.545309991195,1021.9,258.2
5765,4952,25.014328874079702,736.5176827057545,663.545309991195,1021.9,258.2
5765,4953,22.765537435358947,736.5176827057545,663.545309991195,1021.9,258.2
5765,4954,20.431596556310154,736.5176827057545,663.545309991195,1021.9,258.2
5765,4955,18.015754053198357,736.5176827057545,663.545309991195,1021.9,258.2
5765,4956,15.522649749325785,736.5176827057545,663.545309991195,1021.9,258.2
5765,4957,12.958389394080285,736.5176827057545,663.545309991195,1021.9,258.2
5765,4958,10.330565696046042,736.5176827057545,663.545309991195,1021.9,258.2
5765,4959,7.648214864514303,736.5176827057545,663.545309991195,1021.9,258.2
5765,4960,4.921700852112493,736.5176827057545,663.545309991195,1021.9,258.2
5765,4961,2.1625251700459445,736.5176827057545,663.545309991195,1021.9,258.2
5765,4962,0.6169328134270459,736.5176827057545,663.545309991195,1021.9,258.2
5766,4963,1.121417520045731,736.5176827057545,663.545309991195,1021.9,258.2
5767,4964,3.902412844302744,736.5176827057545,663.545309991195,1021.9,258.2
5768,4965,6.664620184145722,736.5176827057545,663.545309991195,1021.9,258.2
5769,4966,6.664620184145722,736.5176827057545,663.545309991195,1021.9,258.2
5770,4967,6.664620184145722,736.5176827057545,663.545309991195,1021.9,258.2
5771,4968,6.664620184145722,736.5176827057545,663.545309991195,1021.9,258.2
5772,4969,6.664620184145722,736.5176827057545,663.545309991195,1021.9,258.2
5773,4970,6.664620184145722,736.5176827057545,663.545309991195,1021.9,258.2
5774,4971,6.664620184145722,736.5176827057545,663.545309991195,1021.9,258.2
5775,4972,6.664620184145722,736.5176827057545,663.545309991195,1021.9,258.2
5776,4973,6.664620184145722,736.5176827057545,663.545309991195,1021.9,258.2
5777,4974,6.664620184145722,736.5176827057545,663.545309991195,1021.9,258.2
5778,4975,6.664620184145722,736.5176827057545,663.545309991195,1021.9,258.2
5779,4976,6.664620184145722,736.5176827057545,663.545309991195,1021.9,258.2
5780,4977,6.664620184145722,736.5176827057545,663.545309991195,1021.9,258.2
5781,4978,6.664620184145722,736.5176827057545,663.545309991195,1021.9,258.2
5782,4979,6.664620184145722,736.5176827057545,663.545309991195,1021.9,258.2
5783,4980,6.664620184145722,736.5176827057545,663.545309991195,1021.9,258.2
5784,4981,6.664620184145722,736.5176827057545,663.545309991195,1020.5333333333333,257.8222222222222
5785,4982,6.664620184145722,736.5176827057545,663.545309991195,1019.1666666666666,257.44444444444446
5786,4983,6.664620184145722,736.5176827057545,663.545309991195,1017.8,257.06666666666666
5787,4984,6.664620184145722,736.5176827057545,663.545309991195,1016.4333333333333,256.68888888888887
5788,4985,6.664620184145722,736.5176827057545,663.545309991195,1015.0666666666667,256.31111111111113
5789,4986,6.664620184145722,736.5176827057545,663.545309991195,1013.7,255.93333333333334
5790,4987,6.664620184145722,736.5176827057545,663.545309991195,1012.3333333333334,255.55555555555557
5791,4988,6.664620184145722,736.5176827057545,663.545309991195,1010.9666666666667,255.17777777777778
5792,4989,6.664620184145722,736.5176827057545,663.545309991195,1009.6,254.8
5793,4990,6.664620184145722,736.5176827057545,663.545309991195,1009.6,254.8
5794,4991,6.664620184145722,736.5176827057545,663.545309991195,1009.6,254.8
5795,4992,6.664620184145722,736.5176827057545,663.545309991195,1009.6,254.8
5796,4993,6.664620184145722,736.5176827057545,663.545309991195,1009.6,254.8
5797,4994,6.664620184145722,736.5176827057545,663.545309991195,1009.6,254.8
5798,4995,6.664620184145722,736.5176827057545,663.545309991195,1009.6,254.8
5799,4996,6.664620184145722,736.5176827057545,663.545309991195,1009.6,254.8
5800,4997,6.664620184145722,736.5176827057545,663.545309991195,1009.6,254.8
5801,4998,6.664620184145722,736.5176827057545,663.545309991195,1009.6,254.8
5802,4999,6.664620184145722,736.5176827057545,663.545309991195,1009.6,254.8
5803,5000,6.664620184145722,736.5176827057545,663.545309991195,1009.6,254.8
5804,5001,6.664620184145722,736.5176827057545,663.545309991195,1009.6,254.8
5805,5002,6.664620184145722,736.5176827057545,663.545309991195,1009.6,254.8
5806,5003,6.664620184145722,736.5176827057545,663.545309991195,1009.6,254.8
5807,5004,6.664620184145722,736.5176827057545,663.545309991195,1009.6,254.8
5808,5005,6.664620184145722,736.5176827057545,663.545309991195,1009.6,254.8
5809,5006,6.664620184145722,736.5176827057545,663.545309991195,1009.6,254.8
5810,5007,6.664620184145722,736.5176827057545,663.545309991195,1009.6,254.8
5811,5008,6.664620184145722,736.5176827057545,663.545309991195,1009.6,254.8
5812,5009,6.664620184145722,736.5176827057545,663.545309991195,1009.6,254.8
5813,5010,6.664620184145722,736.5176827057545,663.545309991195,1009.6,254.8
5814,5011,6.664620184145722,736.5176827057545,663.545309991195,1009.6,254.8
5815,5012,6.664620184145722,862.5176827057545,485.54530999119504,1009.6,254.8
5816,5013,6.664620184145722,862.5176827057545,485.54530999119504,1009.6,254.8
5817,5014,6.664620184145722,862.5176827057545,485.54530999119504,1009.6,254.8
5818,5015,6.664620184145722,862.5176827057545,485.54530999119504,1009.6,254.8
5819,5016,6.664620184145722,862.5176827057545,485.54530999119504,1009.6,254.8
5820,5017,6.664620184145722,862.5176827057545,485.54530999119504,1009.6,254.8
5821,5018,6.664620184145722,862.5176827057545,485.54530999119504,1009.6,254.8
5822,5019,6.664620184145722,862.5176827057545,485.54530999119504,1009.6,254.8
5823,5020,6.664620184145722,862.5176827057545,485.54530999119504,1009.6,254.8
5824,5021,6.664620184145722,862.5176827057545,485.54530999119504,1009.6,254.8
5825,5022,6.664620184145722,862.5176827057545,485.54530999119504,1009.6,254.8
5826,5023,6.664620184145722,862.5176827057545,485.54530999119504,1009.6,254.8
5827,5024,6.664620184145722,862.5176827057545,485.54530999119504,1009.6,254.8
5828,5025,6.664620184145722,862.5176827057545,485.54530999119504,1009.6,254.8
5829,5026,6.664620184145722,862.5176827057545,485.54530999119504,1009.6,254.8
5830,5027,6.664620184145722,862.5176827057545,485.54530999119504,1009.6,254.8
5831,5028,6.664620184145722,862.5176827057545,485.54530999119504,1009.6,254.8
5832,5029,6.664620184145722,862.5176827057545,485.54530999119504,1009.6,254.8
5833,5030,6.664620184145722,862.5176827057545,485.54530999119504,1009.6,254.8
5834,5031,6.664620184145722,862.5176827057545,485.54530999119504,1009.6,254.8
5835,5032,6.664620184145722,862.5176827057545,485.54530999119504,1009.6,254.8
5836,5033,6.664620184145722,862.5176827057545,485.54530999119504,1009.6,254.8
5837,5034,6.664620184145722,862.5176827057545,485.54530999119504,1009.6,254.8
5838,5035,6.664620184145722,862.5176827057545,485.54530999119504,1009.6,254.8
5839,5036,6.664620184145722,862.5176827057545,485.54530999119504,1009.6,254.8
5840,5037,6.664620184145722,862.5176827057545,485.54530999119504,1009.6,254.8
5841,5038,6.664620184145722,862.5176827057545,485.54530999119504,1009.6,254.8
5842,5039,6.664620184145722,862.5176827057545,485.54530999119504,1009.6,254.8
5843,5040,6.664620184145722,862.5176827057545,485.54530999119504,1009.6,254.8
5844,5041,6.664620184145722,862.5176827057545,485.54530999119504,1009.6,254.8
5845,5042,6.664620184145722,862.5176827057545,485.54530999119504,1009.6,254.8
5846,5043,6.664620184145722,862.5176827057545,485.54530999119504,1009.6,254.8
5847,5044,6.664620184145722,862.5176827057545,485.54530999119504,1009.6,254.8
5848,5045,6.664620184145722,988.5176827057545,306.54530999119504,1009.6,254.8
5849,5046,6.664620184145722,988.5176827057545,306.54530999119504,1009.6,254.8
5850,5047,6.664620184145722,988.5176827057545,306.54530999119504,1009.6,254.8
5851,5048,6.664620184145722,988.5176827057545,306.54530999119504,1009.6,254.8
5852,5049,6.664620184145722,988.5176827057545,306.54530999119504,1006.6578947368421,267.33684210526314
5853,5050,6.664620184145722,988.5176827057545,306.54530999119504,1003.7157894736843,279.87368421052633
5854,5051,6.664620184145722,988.5176827057545,306.54530999119504,1000.7736842105263,292.41052631578947
5855,5052,6.664620184145722,988.5176827057545,306.54530999119504,997.8315789473685,304.94736842105266
5856,5053,6.664620184145722,988.5176827057545,306.54530999119504,994.8894736842105,317.4842105263158
5857,5054,6.664620184145722,988.5176827057545,306.54530999119504,991.9473684210527,330.021052631579
5858,5055,6.664620184145722,988.5176827057545,306.54530999119504,989.0052631578948,342.5578947368421
5859,5056,6.664620184145722,988.5176827057545,306.54530999119504,986.0631578947368,355.09473684210525
5860,5057,6.664620184145722,988.5176827057545,306.54530999119504,983.121052631579,367.63157894736844
5861,5058,6.664620184145722,988.5176827057545,306.54530999119504,980.1789473684211,380.1684210526316
5862,5059,6.664620184145722,988.5176827057545,306.54530999119504,977.2368421052632,392.7052631578947
5863,5060,6.664620184145722,988.5176827057545,306.54530999119504,974.2947368421053,405.2421052631579
5864,5061,6.664620184145722,988.5176827057545,306.54530999119504,971.3526315789475,417.7789473684211
5865,5062,6.664620184145722,988.5176827057545,306.54530999119504,968.4105263157895,430.31578947368416
5865,5063,6.664620184145722,988.5176827057545,306.54530999119504,965.4684210526316,442.85263157894735
5865,5064,6.664620184145722,988.5176827057545,306.54530999119504,962.5263157894738,455.38947368421054
5865,5065,6.664620184145722,988.5176827057545,306.54530999119504,959.5842105263158,467.9263157894737
5865,5066,6.664620184145722,988.5176827057545,306.54530999119504,956.642105263158,480.4631578947368
5865,5067,6.664620184145722,988.5176827057545,306.54530999119504,953.7,493.0
5865,5068,6.664620184145722,988.5176827057545,306.54530999119504,953.7,493.0
5865,5069,6.664620184145722,988.5176827057545,306.54530999119504,953.7,493.0
5865,5070,6.664620184145722,988.5176827057545,306.54530999119504,953.7,493.0
5865,5071,6.664620184145722,988.5176827057545,306.54530999119504,953.7,493.0
5865,5072,6.664620184145722,988.5176827057545,306.54530999119504,953.7,493.0
5865,5073,6.664620184145722,988.5176827057545,306.54530999119504,953.7,493.0
5865,5074,6.664620184145722,988.5176827057545,306.54530999119504,953.7,493.0
5865,5075,8.44873849423264,988.5176827057545,306.54530999119504,953.7,493.0
5865,5076,10.39333378577982,988.5176827057545,306.54530999119504,953.7,493.0
5865,5077,12.51593775597415,988.5176827057545,306.54530999119504,953.7,493.0
5865,5078,14.835467036277382,988.5176827057545,306.54530999119504,953.7,493.0
5865,5079,17.371906363522424,988.5176827057545,306.54530999119504,953.7,493.0
5865,5080,20.145723534166574,988.5176827057545,306.54530999119504,953.7,493.0
5865,5081,23.176912144958443,988.5176827057545,306.54530999119504,953.7,493.0
5865,5082,26.483550367419603,988.5176827057545,306.54530999119504,953.7,493.0
5865,5083,30.079783542347442,988.5176827057545,306.54530999119504,953.7,493.0
5865,5084,33.97320878548898,988.5176827057545,306.54530999119504,953.7,493.0
5865,5085,38.16178632353699,988.5176827057545,306.54530999119504,953.7,493.0
5865,5086,42.63063506917689,988.5176827057545,306.54530999119504,953.7,493.0
5865,5087,47.349354485186645,988.5176827057545,306.54530999119504,953.7,493.0
5865,5088,52.270742718091405,988.5176827057545,306.54530999119504,953.7,493.0
5865,5089,57.33177740048616,988.5176827057545,306.54530999119504,953.7,493.0
5865,5090,62.45733459017878,988.5176827057545,306.54530999119504,953.7,493.0
5865,5091,67.56635733655587,988.5176827057545,306.54530999119504,953.7,493.0
5865,5092,72.57932994037009,988.5176827057545,306.54530999119504,953.7,493.0
5865,5093,77.42540660605356,988.5176827057545,306.54530999119504,953.7,493.0
5865,5094,82.04768060911657,988.5176827057545,306.54530999119504,953.7,493.0
5865,5095,86.40577979547956,988.5176827057545,306.54530999119504,953.7,493.0
5865,5096,90.47584210994955,988.5176827057545,306.54530999119504,953.7,493.0
5865,5097,94.24855631170412,988.5176827057545,306.54530999119504,953.7,493.0
5865,5098,97.7261756616513,988.5176827057545,306.54530999119504,953.7,493.0
5865,5099,100.91929936163872,988.5176827057545,306.54530999119504,953.7,493.0
5865,5100,103.84394742064839,988.5176827057545,306.54530999119504,953.7,493.0
5865,5101,106.51918260275406,988.5176827057545,306.54530999119504,953.7,493.0
5865,5102,108.96533438779633,988.5176827057545,306.54530999119504,953.7,493.0
5865,5103,111.2027667871183,988.5176827057545,306.54530999119504,953.7,493.0
5865,5104,113.25108522942692,988.5176827057545,306.54530999119504,953.7,493.0
5865,5105,115.128671711509,988.5176827057545,306.54530999119504,953.7,493.0
5865,5106,115.128671711509,988.5176827057545,306.54530999119504,953.7,493.0
5865,5107,115.128671711509,988.5176827057545,306.54530999119504,953.7,493.0
5865,5108,115.128671711509,988.5176827057545,306.54530999119504,953.7,493.0
5865,5109,115.128671711509,988.5176827057545,306.54530999119504,953.7,493.0
5865,5110,115.128671711509,988.5176827057545,306.54530999119504,953.7,493.0
5865,5111,115.128671711509,988.5176827057545,306.54530999119504,953.7,493.0
5865,5112,115.128671711509,988.5176827057545,306.54530999119504,953.7,493.0
5865,5113,115.128671711509,988.5176827057545,306.54530999119504,953.7,493.0
5865,5114,115.128671711509,988.5176827057545,306.54530999119504,953.7,493.0
5865,5115,115.128671711509,988.5176827057545,306.54530999119504,953.7,493.0
5865,5116,115.128671711509,988.5176827057545,306.54530999119504,953.7,493.0
5865,5117,115.128671711509,988.5176827057545,306.54530999119504,953.7,493.0
5865,5118,115.128671711509,988.5176827057545,306.54530999119504,953.7,493.0
5865,5119,115.128671711509,988.5176827057545,306.54530999119504,953.7,493.0
5865,5120,115.128671711509,988.5176827057545,306.54530999119504,953.7,493.0
5865,5121,115.128671711509,988.5176827057545,306.54530999119504,953.7,493.0
5865,5122,115.128671711509,988.5176827057545,306.54530999119504,953.7,493.0
5865,5123,115.128671711509,988.5176827057545,306.54530999119504,953.7,493.0
5865,5124,115.128671711509,988.5176827057545,306.54530999119504,953.7,493.0
5865,5125,115.128671711509,988.5176827057545,306.54530999119504,953.7,493.0
5865,5126,115.128671711509,988.5176827057545,306.54530999119504,953.7,493.0
5865,5127,115.128671711509,988.5176827057545,306.54530999119504,953.7,493.0
5865,5128,115.128671711509,988.5176827057545,306.54530999119504,953.7,493.0
5865,5129,115.128671711509,988.5176827057545,306.54530999119504,953.7,493.0
5865,5130,115.128671711509,988.5176827057545,306.54530999119504,953.7,493.0
5865,5131,115.128671711509,988.5176827057545,306.54530999119504,953.7,493.0
5865,5132,115.128671711509,988.5176827057545,306.54530999119504,953.7,493.0
5865,5133,115.128671711509,988.5176827057545,306.54530999119504,953.7,493.0
5865,5134,115.128671711509,988.5176827057545,306.54530999119504,953.7,493.0
5865,5135,115.128671711509,988.5176827057545,306.54530999119504,953.7,493.0
5865,5136,115.128671711509,988.5176827057545,306.54530999119504,953.7,493.0
5865,5137,115.128671711509,988.5176827057545,306.54530999119504,953.7,493.0
5865,5138,115.128671711509,988.5176827057545,306.54530999119504,953.7,493.0
5865,5139,115.128671711509,988.5176827057545,306.54530999119504,953.7,493.0
5865,5140,115.128671711509,988.5176827057545,306.54530999119504,953.7,493.0
5865,5141,115.128671711509,988.5176827057545,306.54530999119504,953.7,493.0
5865,5142,115.128671711509,988.5176827057545,306.54530999119504,953.7,493.0
5865,5143,115.128671711509,988.5176827057545,306.54530999119504,953.7,493.0
5865,5144,115.128671711509,988.5176827057545,306.54530999119504,953.7,493.0
5865,5145,115.128671711509,988.5176827057545,306.54530999119504,953.7,493.0
5865,5146,115.128671711509,988.5176827057545,306.54530999119504,953.7,493.0
5865,5147,115.128671711509,988.5176827057545,306.54530999119504,953.7,493.0
5865,5148,115.128671711509,988.5176827057545,306.54530999119504,953.7,493.0
5865,5149,115.128671711509,988.5176827057545,306.54530999119504,953.7,493.0
5865,5150,115.128671711509,988.5176827057545,306.54530999119504,953.7,493.0
5865,5151,115.128671711509,988.5176827057545,306.54530999119504,953.7,493.0
5865,5152,115.128671711509,988.5176827057545,306.54530999119504,953.7,493.0
5865,5153,115.128671711509,988.5176827057545,306.54530999119504,953.7,493.0
5865,5154,115.128671711509,988.5176827057545,306.54530999119504,953.7,493.0
5865,5155,115.128671711509,988.5176827057545,306.54530999119504,953.7,493.0
5865,5156,115.128671711509,988.5176827057545,306.54530999119504,953.7,493.0
5865,5157,115.128671711509,988.5176827057545,306.54530999119504,953.7,493.0
5865,5158,115.128671711509,988.5176827057545,306.54530999119504,953.7,493.0
5865,5159,115.128671711509,988.5176827057545,306.54530999119504,953.7,493.0
5865,5160,115.128671711509,988.5176827057545,306.54530999119504,953.7,493.0
5865,5161,115.128671711509,988.5176827057545,306.54530999119504,953.7,493.0
5865,5162,115.128671711509,988.5176827057545,306.54530999119504,953.7,493.0
5865,5163,115.128671711509,988.5176827057545,306.54530999119504,953.7,493.0
5865,5164,115.128671711509,988.5176827057545,306.54530999119504,953.7,493.0
5865,5165,115.128671711509,988.5176827057545,306.54530999119504,953.7,493.0
5865,5166,115.128671711509,988.5176827057545,306.54530999119504,953.7,493.0
5865,5167,115.128671711509,988.5176827057545,306.54530999119504,953.7,493.0
5865,5168,115.128671711509,988.5176827057545,306.54530999119504,953.7,493.0
5865,5169,115.128671711509,988.5176827057545,306.54530999119504,953.7,493.0
5865,5170,115.128671711509,988.5176827057545,306.54530999119504,953.7,493.0
5865,5171,115.128671711509,988.5176827057545,306.54530999119504,953.7,493.0
5865,5172,115.128671711509,988.5176827057545,306.54530999119504,953.7,493.0
5865,5173,115.128671711509,988.5176827057545,306.54530999119504,953.7,493.0
5865,5174,115.128671711509,988.5176827057545,306.54530999119504,953.7,493.0
5865,5175,115.128671711509,988.5176827057545,306.54530999119504,953.7,493.0
5865,5176,115.128671711509,988.5176827057545,306.54530999119504,953.7,493.0
5865,5177,115.128671711509,988.5176827057545,306.54530999119504,953.7,493.0
5865,5178,115.128671711509,988.5176827057545,306.54530999119504,953.7,493.0
5865,5179,115.128671711509,960.5176827057545,251.54530999119504,953.7,493.0
5865,5180,115.128671711509,960.5176827057545,251.54530999119504,953.7,493.0
5865,5181,115.128671711509,960.5176827057545,251.54530999119504,953.7,493.0
5865,5182,115.128671711509,960.5176827057545,251.54530999119504,953.7,493.0
5865,5183,115.128671711509,960.5176827057545,251.54530999119504,953.7,493.0
5865,5184,115.128671711509,960.5176827057545,251.54530999119504,953.7,493.0
5865,5185,115.128671711509,960.5176827057545,251.54530999119504,953.7,493.0
5865,5186,115.128671711509,960.5176827057545,251.54530999119504,953.7,493.0
5865,5187,115.128671711509,960.5176827057545,251.54530999119504,953.7,493.0
5865,5188,115.128671711509,960.5176827057545,251.54530999119504,953.7,493.0
5865,5189,115.128671711509,960.5176827057545,251.54530999119504,953.7,493.0
5865,5190,115.128671711509,960.5176827057545,251.54530999119504,953.7,493.0
5865,5191,115.128671711509,960.5176827057545,251.54530999119504,953.7,493.0
5865,5192,115.128671711509,960.5176827057545,251.54530999119504,953.7,493.0
5865,5193,115.128671711509,960.5176827057545,251.54530999119504,953.7,493.0
5865,5194,115.128671711509,960.5176827057545,251.54530999119504,953.7,493.0
5865,5195,115.128671711509,960.5176827057545,251.54530999119504,953.7,493.0
5865,5196,115.128671711509,960.5176827057545,251.54530999119504,953.7,493.0
5865,5197,115.128671711509,960.5176827057545,251.54530999119504,953.7,493.0
5865,5198,115.128671711509,960.5176827057545,251.54530999119504,953.7,493.0
5865,5199,115.128671711509,960.5176827057545,251.54530999119504,953.7,493.0
5865,5200,115.128671711509,960.5176827057545,251.54530999119504,953.7,493.0
5865,5201,115.128671711509,960.5176827057545,251.54530999119504,953.7,493.0
5865,5202,115.128671711509,960.5176827057545,251.54530999119504,953.7,493.0
5865,5203,115.128671711509,960.5176827057545,251.54530999119504,953.7,493.0
5865,5204,115.128671711509,960.5176827057545,251.54530999119504,953.7,493.0
5865,5205,115.128671711509,960.5176827057545,251.54530999119504,953.7,493.0
5865,5206,115.128671711509,960.5176827057545,251.54530999119504,953.7,493.0
5865,5207,115.128671711509,960.5176827057545,251.54530999119504,953.7,493.0
5865,5208,115.128671711509,960.5176827057545,251.54530999119504,953.7,493.0
5865,5209,115.128671711509,960.5176827057545,251.54530999119504,953.7,493.0
5865,5210,115.128671711509,960.5176827057545,251.54530999119504,953.7,493.0
5865,5211,115.128671711509,960.5176827057545,251.54530999119504,953.7,493.0
5865,5212,115.128671711509,960.5176827057545,251.54530999119504,953.7,493.0
5865,5213,115.128671711509,960.5176827057545,251.54530999119504,953.7,493.0
5865,5214,115.128671711509,960.5176827057545,251.54530999119504,953.7,493.0
5865,5215,115.128671711509,960.5176827057545,251.54530999119504,953.7,493.0
5865,5216,115.128671711509,960.5176827057545,251.54530999119504,953.7,493.0
5865,5217,115.128671711509,960.5176827057545,251.54530999119504,953.7,493.0
5865,5218,115.128671711509,960.5176827057545,251.54530999119504,953.7,493.0
5865,5219,115.128671711509,960.5176827057545,251.54530999119504,953.7,493.0
5865,5220,115.128671711509,960.5176827057545,251.54530999119504,953.7,493.0
5865,5221,115.128671711509,960.5176827057545,251.54530999119504,959.1692307692308,498.2230769230769
5865,5222,115.128671711509,960.5176827057545,251.54530999119504,964.6384615384616,503.44615384615383
5865,5223,115.128671711509,960.5176827057545,251.54530999119504,970.1076923076923,508.66923076923075
5865,5224,115.128671711509,960.5176827057545,251.54530999119504,975.5769230769231,513.8923076923077
5865,5225,115.128671711509,960.5176827057545,251.54530999119504,981.0461538461539,519.1153846153846
5865,5226,115.128671711509,960.5176827057545,251.54530999119504,986.5153846153846,524.3384615384615
5865,5227,115.128671711509,960.5176827057545,251.54530999119504,991.9846153846154,529.5615384615385
5865,5228,113.25470036968841,960.5176827057545,251.54530999119504,997.4538461538461,534.7846153846153
5865,5229,111.18367342379722,960.5176827057545,251.54530999119504,1002.9230769230769,540.0076923076923
5865,5230,108.88914531128677,960.5176827057545,251.54530999119504,1008.3923076923077,545.2307692307692
5865,5231,106.34155675831092,960.5176827057545,251.54530999119504,1013.8615384615384,550.4538461538461
5865,5232,103.50852174144092,960.5176827057545,251.54530999119504,1019.3307692307692,555.676923076923
5865,5233,100.35564338006614,960.5176827057545,251.54530999119504,1024.8,560.9
5865,5234,96.84815842782795,960.5176827057545,251.54530999119504,1024.8,560.9
5865,5235,92.95377893416972,960.5176827057545,251.54530999119504,1024.8,560.9
5865,5236,88.64709168271568,960.5176827057545,251.54530999119504,1024.8,560.9
5865,5237,83.91567977891198,960.5176827057545,251.54530999119504,1024.8,560.9
5865,5238,78.76760421060841,960.5176827057545,251.54530999119504,1024.8,560.9
5865,5239,73.2389549149532,960.5176827057545,251.54530999119504,1024.8,560.9
5865,5240,67.39906160528037,960.5176827057545,251.54530999119504,1024.8,560.9
5865,5241,61.35033199367421,960.5176827057545,251.54530999119504,1024.8,560.9
5865,5242,55.220526715024405,960.5176827057545,251.54530999119504,1024.8,560.9
5865,5243,49.14795852997472,960.5176827057545,251.54530999119504,1024.8,560.9
5865,5244,43.2634489457591,960.5176827057545,251.54530999119504,1024.8,560.9
5865,5245,37.67460423538077,960.5176827057545,251.54530999119504,1024.8,560.9
5865,5246,32.45672502006654,956.5176827057545,459.54530999119504,1024.8,560.9
5865,5247,27.65143054425493,956.5176827057545,459.54530999119504,1024.8,560.9
5865,5248,23.271151671292312,956.5176827057545,459.54530999119504,1024.8,560.9
5865,5249,19.30647676483257,956.5176827057545,459.54530999119504,1024.8,560.9
5865,5250,15.733769738288471,956.5176827057545,459.54530999119504,1024.8,560.9
5865,5251,12.521575780471604,956.5176827057545,459.54530999119504,1024.8,560.9
5865,5252,9.635318862117934,956.5176827057545,459.54530999119504,1024.8,560.9
5865,5253,7.040391235931572,956.5176827057545,459.54530999119504,1024.8,560.9
5865,5254,7.040391235931572,956.5176827057545,459.54530999119504,1024.8,560.9
5865,5255,7.040391235931572,956.5176827057545,459.54530999119504,1024.8,560.9
5865,5256,7.040391235931572,956.5176827057545,459.54530999119504,1024.8,560.9
5865,5257,7.040391235931572,956.5176827057545,459.54530999119504,1024.8,560.9
5865,5258,7.040391235931572,956.5176827057545,459.54530999119504,1024.8,560.9
5865,5259,7.040391235931572,956.5176827057545,459.54530999119504,1024.8,560.9
5865,5260,7.040391235931572,956.5176827057545,459.54530999119504,1024.8,560.9
5865,5261,7.040391235931572,956.5176827057545,459.54530999119504,1024.8,560.9
5865,5262,7.040391235931572,956.5176827057545,459.54530999119504,1024.8,560.9
5865,5263,7.040391235931572,956.5176827057545,459.54530999119504,1024.8,560.9
5865,5264,7.040391235931572,956.5176827057545,459.54530999119504,1024.8,560.9
5865,5265,7.040391235931572,956.5176827057545,459.54530999119504,1024.8,560.9
5865,5266,7.040391235931572,956.5176827057545,459.54530999119504,1024.8,560.9
5865,5267,7.040391235931572,956.5176827057545,459.54530999119504,1024.8,560.9
5865,5268,7.040391235931572,956.5176827057545,459.54530999119504,1024.8,560.9
5865,5269,7.040391235931572,956.5176827057545,459.54530999119504,1024.8,560.9
5865,5270,7.040391235931572,956.5176827057545,459.54530999119504,1024.8,560.9
5865,5271,7.040391235931572,956.5176827057545,459.54530999119504,1024.8,560.9
5865,5272,7.040391235931572,956.5176827057545,459.54530999119504,1024.8,560.9
5865,5273,7.040391235931572,956.5176827057545,459.54530999119504,1024.8,560.9
5865,5274,7.040391235931572,956.5176827057545,459.54530999119504,1024.8,560.9
5865,5275,7.040391235931572,956.5176827057545,459.54530999119504,1024.8,560.9
5865,5276,7.040391235931572,956.5176827057545,459.54530999119504,1024.8,560.9
5865,5277,7.040391235931572,956.5176827057545,459.54530999119504,1024.8,560.9
5865,5278,7.040391235931572,956.5176827057545,459.54530999119504,1024.8,560.9
5865,5279,7.040391235931572,956.5176827057545,459.54530999119504,1024.8,560.9
5865,5280,7.040391235931572,956.5176827057545,459.54530999119504,1024.8,560.9
5865,5281,7.040391235931572,956.5176827057545,459.54530999119504,1024.8,560.9
5865,5282,7.040391235931572,956.5176827057545,459.54530999119504,1024.8,560.9
5865,5283,7.040391235931572,956.5176827057545,459.54530999119504,1024.8,560.9
5865,5284,7.040391235931572,956.5176827057545,459.54530999119504,1024.8,560.9
5865,5285,7.040391235931572,956.5176827057545,459.54530999119504,1024.8,560.9
5865,5286,7.040391235931572,956.5176827057545,459.54530999119504,1024.8,560.9
5865,5287,7.040391235931572,951.5176827057545,667.545309991195,1024.8,560.9
5865,5288,7.040391235931572,951.5176827057545,667.545309991195,1024.8,560.9
5865,5289,7.040391235931572,951.5176827057545,667.545309991195,1024.8,560.9
5865,5290,7.040391235931572,951.5176827057545,667.545309991195,1024.8,560.9
5865,5291,7.040391235931572,951.5176827057545,667.545309991195,1024.8,560.9
5865,5292,7.040391235931572,951.5176827057545,667.545309991195,1024.8,560.9
5865,5293,7.040391235931572,951.5176827057545,667.545309991195,1024.8,560.9
5865,5294,7.040391235931572,951.5176827057545,667.545309991195,1024.8,560.9
5865,5295,7.040391235931572,951.5176827057545,667.545309991195,1024.8,560.9
5865,5296,7.040391235931572,951.5176827057545,667.545309991195,1024.8,560.9
5865,5297,7.040391235931572,951.5176827057545,667.545309991195,1024.8,560.9
5865,5298,7.040391235931572,951.5176827057545,667.545309991195,1024.8,560.9
5865,5299,7.040391235931572,951.5176827057545,667.545309991195,1024.8,560.9
5865,5300,7.040391235931572,951.5176827057545,667.545309991195,1024.8,560.9
5865,5301,7.040391235931572,951.5176827057545,667.545309991195,1024.8,560.9
5865,5302,7.040391235931572,951.5176827057545,667.545309991195,1024.8,560.9
5865,5303,7.040391235931572,951.5176827057545,667.545309991195,1024.8,560.9
5865,5304,7.040391235931572,951.5176827057545,667.545309991195,1024.8,560.9
5865,5305,7.040391235931572,951.5176827057545,667.545309991195,1024.8,560.9
5865,5306,7.040391235931572,951.5176827057545,667.545309991195,1025.4603773584906,560.127358490566
5865,5307,7.040391235931572,951.5176827057545,667.545309991195,1026.120754716981,559.354716981132
5865,5308,7.040391235931572,951.5176827057545,667.545309991195,1026.7811320754718,558.5820754716981
5865,5309,7.040391235931572,951.5176827057545,667.545309991195,1027.4415094339622,557.8094339622642
5865,5310,7.040391235931572,951.5176827057545,667.545309991195,1028.101886792453,557.0367924528301
5865,5311,7.040391235931572,951.5176827057545,667.545309991195,1028.7622641509433,556.2641509433962
5865,5312,7.040391235931572,951.5176827057545,667.545309991195,1029.422641509434,555.4915094339623
5865,5313,7.040391235931572,951.5176827057545,667.545309991195,1030.0830188679245,554.7188679245282
5865,5314,7.040391235931572,951.5176827057545,667.545309991195,1030.7433962264151,553.9462264150943
5865,5315,7.040391235931572,951.5176827057545,667.545309991195,1031.4037735849056,553.1735849056604
5865,5316,7.040391235931572,951.5176827057545,667.545309991195,1032.0641509433963,552.4009433962264
5865,5317,7.040391235931572,951.5176827057545,667.545309991195,1032.7245283018867,551.6283018867924
5865,5318,7.040391235931572,951.5176827057545,667.545309991195,1033.3849056603774,550.8556603773585
5865,5319,7.040391235931572,951.5176827057545,667.545309991195,1034.0452830188678,550.0830188679245
5865,5320,7.040391235931572,951.5176827057545,667.545309991195,1034.7056603773585,549.3103773584905
5865,5321,7.040391235931572,951.5176827057545,667.545309991195,1035.366037735849,548.5377358490566
5865,5322,7.040391235931572,951.5176827057545,667.545309991195,1036.0264150943397,547.7650943396226
5865,5323,7.040391235931572,951.5176827057545,667.545309991195,1036.68679245283,546.9924528301887
5865,5324,7.040391235931572,951.5176827057545,667.545309991195,1037.3471698113208,546.2198113207547
5865,5325,7.040391235931572,951.5176827057545,667.545309991195,1038.0075471698112,545.4471698113207
5865,5326,7.040391235931572,951.5176827057545,667.545309991195,1038.667924528302,544.6745283018868
5865,5327,7.040391235931572,951.5176827057545,667.545309991195,1039.3283018867924,543.9018867924528
5865,5328,7.040391235931572,951.5176827057545,667.545309991195,1039.988679245283,543.1292452830188
5865,5329,7.040391235931572,951.5176827057545,667.545309991195,1040.6490566037735,542.3566037735849
5865,5330,7.040391235931572,951.5176827057545,667.545309991195,1041.3094339622642,541.583962264151
5865,5331,7.040391235931572,951.5176827057545,667.545309991195,1041.9698113207546,540.8113207547169
5865,5332,7.040391235931572,951.5176827057545,667.545309991195,1042.6301886792453,540.038679245283
5865,5333,7.040391235931572,951.5176827057545,667.545309991195,1043.2905660377357,539.2660377358491
5865,5334,7.040391235931572,951.5176827057545,667.545309991195,1043.9509433962264,538.493396226415
5865,5335,7.040391235931572,951.5176827057545,667.545309991195,1044.6113207547169,537.7207547169811
5865,5336,7.040391235931572,951.5176827057545,667.545309991195,1045.2716981132075,536.9481132075472
5865,5337,7.040391235931572,951.5176827057545,667.545309991195,1045.932075471698,536.1754716981131
5865,5338,7.040391235931572,951.5176827057545,667.545309991195,1046.5924528301887,535.4028301886792
5865,5339,7.040391235931572,951.5176827057545,667.545309991195,1047.2528301886791,534.6301886792453
5865,5340,7.040391235931572,951.5176827057545,667.545309991195,1047.9132075471698,533.8575471698113
5865,5341,7.040391235931572,951.5176827057545,667.545309991195,1048.5735849056603,533.0849056603773
5865,5342,7.040391235931572,951.5176827057545,667.545309991195,1049.233962264151,532.3122641509434
5865,5343,7.040391235931572,951.5176827057545,667.545309991195,1049.8943396226414,531.5396226415094
5865,5344,7.040391235931572,951.5176827057545,667.545309991195,1050.554716981132,530.7669811320754
5865,5345,7.040391235931572,937.5176827057545,451.54530999119504,1051.2150943396225,529.9943396226415
5865,5346,7.040391235931572,937.5176827057545,451.54530999119504,1051.8754716981132,529.2216981132075
5865,5347,7.040391235931572,937.5176827057545,451.54530999119504,1052.5358490566036,528.4490566037736
5865,5348,7.040391235931572,937.5176827057545,451.54530999119504,1053.1962264150943,527.6764150943396
5865,5349,7.040391235931572,937.5176827057545,451.54530999119504,1053.8566037735848,526.9037735849056
5865,5350,7.040391235931572,937.5176827057545,451.54530999119504,1054.5169811320754,526.1311320754717
5865,5351,7.040391235931572,937.5176827057545,451.54530999119504,1055.177358490566,525.3584905660377
5865,5352,7.040391235931572,937.5176827057545,451.54530999119504,1055.8377358490566,524.5858490566038
5865,5353,7.040391235931572,937.5176827057545,451.54530999119504,1056.498113207547,523.8132075471698
5865,5354,7.040391235931572,937.5176827057545,451.54530999119504,1057.1584905660377,523.0405660377359
5865,5355,7.040391235931572,937.5176827057545,451.54530999119504,1057.8188679245281,522.2679245283018
5865,5356,7.040391235931572,937.5176827057545,451.54530999119504,1058.4792452830188,521.4952830188679
5865,5357,7.040391235931572,937.5176827057545,451.54530999119504,1059.1396226415093,520.722641509434
5865,5358,7.040391235931572,937.5176827057545,451.54530999119504,1059.8,519.95
5865,5359,7.040391235931572,937.5176827057545,451.54530999119504,1060.4603773584904,519.177358490566
5865,5360,7.040391235931572,937.5176827057545,451.54530999119504,1061.120754716981,518.4047169811321
5865,5361,7.040391235931572,937.5176827057545,451.54530999119504,1061.7811320754718,517.632075471698
5865,5362,7.040391235931572,937.5176827057545,451.54530999119504,1062.4415094339622,516.8594339622641
5865,5363,7.040391235931572,937.5176827057545,451.54530999119504,1063.101886792453,516.0867924528302
5865,5364,7.040391235931572,937.5176827057545,451.54530999119504,1063.7622641509433,515.3141509433963
5865,5365,7.040391235931572,937.5176827057545,451.54530999119504,1064.422641509434,514.5415094339622
5865,5366,7.040391235931572,937.5176827057545,451.54530999119504,1065.0830188679245,513.7688679245283
5865,5367,7.040391235931572,937.5176827057545,451.54530999119504,1065.7433962264151,512.9962264150944
5865,5368,7.040391235931572,937.5176827057545,451.54530999119504,1066.4037735849056,512.2235849056603
5865,5369,7.040391235931572,937.5176827057545,451.54530999119504,1067.0641509433963,511.4509433962264
5865,5370,7.040391235931572,937.5176827057545,451.54530999119504,1067.7245283018867,510.67830188679244
5865,5371,7.040391235931572,937.5176827057545,451.54530999119504,1068.3849056603774,509.90566037735846
5865,5372,7.040391235931572,937.5176827057545,451.54530999119504,1069.0452830188678,509.13301886792453
5865,5373,7.040391235931572,937.5176827057545,451.54530999119504,1069.7056603773585,508.36037735849055
5865,5374,7.040391235931572,937.5176827057545,451.54530999119504,1070.366037735849,507.58773584905657
5865,5375,7.040391235931572,937.5176827057545,451.54530999119504,1071.0264150943397,506.81509433962265
5865,5376,7.040391235931572,937.5176827057545,451.54530999119504,1071.68679245283,506.04245283018867
5865,5377,7.040391235931572,937.5176827057545,451.54530999119504,1072.3471698113208,505.2698113207547
5865,5378,7.040391235931572,937.5176827057545,451.54530999119504,1073.0075471698112,504.49716981132076
5865,5379,7.040391235931572,922.5176827057545,236.54530999119504,1073.667924528302,503.7245283018868
5865,5380,6.112619288280609,922.5176827057545,236.54530999119504,1074.3283018867924,502.9518867924528
5865,5381,5.197012400392166,922.5176827057545,236.54530999119504,1074.988679245283,502.1792452830189
5865,5382,4.293791216885099,922.5176827057545,236.54530999119504,1075.6490566037735,501.4066037735849
5865,5383,3.4031458438525912,922.5176827057545,236.54530999119504,1076.3094339622642,500.6339622641509
5865,5384,2.5252368329743424,922.5176827057545,236.54530999119504,1076.9698113207546,499.861320754717
5865,5385,1.6601962668053982,922.5176827057545,236.54530999119504,1077.6301886792453,499.088679245283
5865,5386,0.8081289278972963,922.5176827057545,236.54530999119504,1078.2905660377357,498.316037735849
5865,5387,0.030886464933601688,922.5176827057545,236.54530999119504,1078.9509433962264,497.5433962264151
5865,5388,0.8567959688913708,922.5176827057545,236.54530999119504,1079.6113207547169,496.7707547169811
5865,5389,1.6695690930825642,922.5176827057545,236.54530999119504,1080.2716981132075,495.99811320754714
5865,5390,2.4691974512623527,922.5176827057545,236.54530999119504,1080.932075471698,495.2254716981132
5865,5391,2.4691974512623527,922.5176827057545,236.54530999119504,1081.5924528301887,494.45283018867923
5865,5392,2.4691974512623527,922.5176827057545,236.54530999119504,1082.2528301886791,493.68018867924525
5865,5393,2.4691974512623527,922.5176827057545,236.54530999119504,1082.9132075471698,492.9075471698113
5865,5394,2.4691974512623527,922.5176827057545,236.54530999119504,1083.5735849056603,492.13490566037734
5865,5395,2.4691974512623527,922.5176827057545,236.54530999119504,1084.233962264151,491.36226415094336
5865,5396,2.4691974512623527,922.5176827057545,236.54530999119504,1084.8943396226414,490.58962264150944
5865,5397,2.4691974512623527,922.5176827057545,236.54530999119504,1085.554716981132,489.81698113207545
5865,5398,2.4691974512623527,922.5176827057545,236.54530999119504,1086.2150943396225,489.0443396226415
5865,5399,2.4691974512623527,922.5176827057545,236.54530999119504,1086.8754716981132,488.27169811320755
5865,5400,2.4691974512623527,922.5176827057545,236.54530999119504,1087.5358490566036,487.49905660377357
5865,5401,2.4691974512623527,922.5176827057545,236.54530999119504,1088.1962264150943,486.7264150943396
5865,5402,2.4691974512623527,922.5176827057545,236.54530999119504,1088.8566037735848,485.95377358490566
5865,5403,2.4691974512623527,922.5176827057545,236.54530999119504,1089.5169811320754,485.1811320754717
5865,5404,2.4691974512623527,922.5176827057545,236.54530999119504,1090.177358490566,484.40849056603776
5865,5405,2.4691974512623527,922.5176827057545,236.54530999119504,1090.8377358490566,483.6358490566038
5865,5406,2.4691974512623527,922.5176827057545,236.54530999119504,1091.498113207547,482.8632075471698
5865,5407,2.4691974512623527,922.5176827057545,236.54530999119504,1092.1584905660377,482.09056603773587
5865,5408,2.4691974512623527,922.5176827057545,236.54530999119504,1092.8188679245281,481.3179245283019
5865,5409,2.4691974512623527,922.5176827057545,236.54530999119504,1093.4792452830188,480.5452830188679
5865,5410,2.4691974512623527,922.5176827057545,236.54530999119504,1094.1396226415095,479.772641509434
5865,5411,2.4691974512623527,922.5176827057545,236.54530999119504,1094.8,479.0
5865,5412,2.4691974512623527,922.5176827057545,236.54530999119504,1094.8,479.0
5865,5413,2.4691974512623527,922.5176827057545,236.54530999119504,1094.8,479.0
5865,5414,2.4691974512623527,922.5176827057545,236.54530999119504,1094.8,479.0
5865,5415,2.4691974512623527,922.5176827057545,236.54530999119504,1094.8,479.0
5865,5416,2.4691974512623527,922.5176827057545,236.54530999119504,1094.8,479.0
5865,5417,2.4691974512623527,922.5176827057545,236.54530999119504,1094.8,479.0
5865,5418,2.4691974512623527,922.5176827057545,236.54530999119504,1094.8,479.0
5865,5419,2.4691974512623527,922.5176827057545,236.54530999119504,1094.8,479.0
5865,5420,2.4691974512623527,922.5176827057545,236.54530999119504,1094.8,479.0
5865,5421,2.4691974512623527,922.5176827057545,236.54530999119504,1094.8,479.0
5865,5422,2.4691974512623527,922.5176827057545,236.54530999119504,1094.8,479.0
5865,5423,2.4691974512623527,922.5176827057545,236.54530999119504,1094.8,479.0
5865,5424,2.4691974512623527,922.5176827057545,236.54530999119504,1094.8,479.0
5865,5425,2.4691974512623527,922.5176827057545,236.54530999119504,1094.8,479.0
5865,5426,2.4691974512623527,922.5176827057545,236.54530999119504,1094.8,479.0
5865,5427,2.4691974512623527,922.5176827057545,236.54530999119504,1094.8,479.0
5865,5428,2.4691974512623527,922.5176827057545,236.54530999119504,1094.8,479.0
5865,5429,2.4691974512623527,922.5176827057545,236.54530999119504,1094.8,479.0
5865,5430,2.4691974512623527,922.5176827057545,236.54530999119504,1094.8,479.0
5865,5431,2.4691974512623527,922.5176827057545,236.54530999119504,1094.8,479.0
5865,5432,2.4691974512623527,922.5176827057545,236.54530999119504,1094.8,479.0
5865,5433,2.4691974512623527,922.5176827057545,236.54530999119504,1094.8,479.0
5865,5434,2.4691974512623527,922.5176827057545,236.54530999119504,1094.8,479.0
5865,5435,2.4691974512623527,922.5176827057545,236.54530999119504,1094.8,479.0
5865,5436,2.4691974512623527,922.5176827057545,236.54530999119504,1094.8,479.0
5865,5437,2.4691974512623527,922.5176827057545,236.54530999119504,1094.8,479.0
5865,5438,2.4691974512623527,922.5176827057545,236.54530999119504,1094.8,479.0
5865,5439,2.4691974512623527,922.5176827057545,236.54530999119504,1094.8,479.0
5865,5440,2.4691974512623527,922.5176827057545,236.54530999119504,1094.8,479.0
5865,5441,2.4691974512623527,922.5176827057545,236.54530999119504,1094.8,479.0
5865,5442,2.4691974512623527,922.5176827057545,236.54530999119504,1094.8,479.0
5865,5443,2.4691974512623527,922.5176827057545,236.54530999119504,1094.8,479.0
5865,5444,2.4691974512623527,922.5176827057545,236.54530999119504,1094.8,479.0
5865,5445,2.4691974512623527,922.5176827057545,236.54530999119504,1094.8,479.0
5865,5446,2.4691974512623527,922.5176827057545,236.54530999119504,1094.8,479.0
5865,5447,2.4691974512623527,922.5176827057545,236.54530999119504,1094.8,479.0
5865,5448,2.4691974512623527,922.5176827057545,236.54530999119504,1094.8,479.0
5865,5449,2.4691974512623527,922.5176827057545,236.54530999119504,1094.8,479.0
5865,5450,2.4691974512623527,922.5176827057545,236.54530999119504,1094.8,479.0
5865,5451,2.4691974512623527,922.5176827057545,236.54530999119504,1094.8,479.0
5865,5452,2.4691974512623527,922.5176827057545,236.54530999119504,1094.8,479.0
5865,5453,2.4691974512623527,922.5176827057545,236.54530999119504,1094.8,479.0
5865,5454,2.4691974512623527,922.5176827057545,236.54530999119504,1094.8,479.0
5865,5455,2.4691974512623527,922.5176827057545,236.54530999119504,1094.8,479.0
5865,5456,2.4691974512623527,922.5176827057545,236.54530999119504,1094.8,479.0
5865,5457,2.4691974512623527,922.5176827057545,236.54530999119504,1094.8,479.0
5865,5458,2.4691974512623527,922.5176827057545,236.54530999119504,1094.8,479.0
5865,5459,2.4691974512623527,922.5176827057545,236.54530999119504,1094.8,479.0
5865,5460,2.4691974512623527,922.5176827057545,236.54530999119504,1094.8,479.0
5865,5461,2.4691974512623527,922.5176827057545,236.54530999119504,1094.8,479.0
5865,5462,2.4691974512623527,922.5176827057545,236.54530999119504,1094.8,479.0
5865,5463,2.4691974512623527,922.5176827057545,236.54530999119504,1094.8,479.0
5865,5464,2.4691974512623527,922.5176827057545,236.54530999119504,1094.8,479.0
5865,5465,2.4691974512623527,922.5176827057545,236.54530999119504,1094.8,479.0
5865,5466,2.4691974512623527,922.5176827057545,236.54530999119504,1094.8,479.0
5865,5467,2.4691974512623527,922.5176827057545,236.54530999119504,1094.8,479.0
5865,5468,2.4691974512623527,922.5176827057545,236.54530999119504,1094.8,479.0
5865,5469,2.4691974512623527,922.5176827057545,236.54530999119504,1094.8,479.0
5865,5470,2.4691974512623527,922.5176827057545,236.54530999119504,1094.8,479.0
5865,5471,2.4691974512623527,922.5176827057545,236.54530999119504,1094.8,479.0
5865,5472,2.4691974512623527,922.5176827057545,236.54530999119504,1094.8,479.0
5865,5473,2.4691974512623527,922.5176827057545,236.54530999119504,1094.8,479.0
5865,5474,2.4691974512623527,922.5176827057545,236.54530999119504,1101.096,471.092
5865,5475,2.4691974512623527,922.5176827057545,236.54530999119504,1107.392,463.184
5865,5476,2.4691974512623527,922.5176827057545,236.54530999119504,1113.6879999999999,455.276
5865,5477,2.4691974512623527,922.5176827057545,236.54530999119504,1119.984,447.368
5865,5478,2.4691974512623527,922.5176827057545,236.54530999119504,1126.28,439.46
5865,5479,2.4691974512623527,922.5176827057545,236.54530999119504,1132.576,431.552
5865,5480,2.4691974512623527,922.5176827057545,236.54530999119504,1138.872,423.644
5865,5481,2.4691974512623527,922.5176827057545,236.54530999119504,1145.168,415.736
5865,5482,2.4691974512623527,922.5176827057545,236.54530999119504,1151.464,407.828
5865,5483,2.4691974512623527,922.5176827057545,236.54530999119504,1157.76,399.92
5865,5484,2.4691974512623527,922.5176827057545,236.54530999119504,1164.056,392.012
5865,5485,2.4691974512623527,922.5176827057545,236.54530999119504,1170.352,384.10400000000004
5865,5486,2.4691974512623527,922.5176827057545,236.54530999119504,1176.648,376.196
5865,5487,2.4691974512623527,922.5176827057545,236.54530999119504,1182.944,368.288
5865,5488,2.4691974512623527,922.5176827057545,236.54530999119504,1189.24,360.38
5865,5489,2.4691974512623527,922.5176827057545,236.54530999119504,1195.536,352.472
5865,5490,2.4691974512623527,922.5176827057545,236.54530999119504,1201.832,344.564
5865,5491,2.4691974512623527,922.5176827057545,236.54530999119504,1208.128,336.656
5865,5492,2.4691974512623527,922.5176827057545,236.54530999119504,1214.424,328.74800000000005
5865,5493,2.4691974512623527,922.5176827057545,236.54530999119504,1220.72,320.84000000000003
5865,5494,2.4691974512623527,922.5176827057545,236.54530999119504,1227.016,312.932
5865,5495,2.4691974512623527,922.5176827057545,236.54530999119504,1233.3120000000001,305.024
5865,5496,2.4691974512623527,922.5176827057545,236.54530999119504,1239.608,297.116
5865,5497,2.4691974512623527,922.5176827057545,236.54530999119504,1245.904,289.208
5865,5498,2.4691974512623527,922.5176827057545,236.54530999119504,1252.2,281.3
5865,5499,2.4691974512623527,922.5176827057545,236.54530999119504,1252.2,281.3
5865,5500,2.4691974512623527,922.5176827057545,236.54530999119504,1252.2,281.3
5865,5501,2.4691974512623527,922.5176827057545,236.54530999119504,1252.2,281.3
5865,5502,2.4691974512623527,922.5176827057545,236.54530999119504,1252.2,281.3
5865,5503,2.4691974512623527,922.5176827057545,236.54530999119504,1252.2,281.3
5865,5504,2.4691974512623527,922.5176827057545,236.54530999119504,1252.2,281.3
5865,5505,2.4691974512623527,922.5176827057545,236.54530999119504,1252.2,281.3
5865,5506,2.4691974512623527,922.5176827057545,236.54530999119504,1252.2,281.3
5865,5507,2.4691974512623527,922.5176827057545,236.54530999119504,1252.2,281.3
5865,5508,2.4691974512623527,922.5176827057545,236.54530999119504,1252.2,281.3
5865,5509,2.4691974512623527,922.5176827057545,236.54530999119504,1252.2,281.3
5865,5510,2.4691974512623527,922.5176827057545,236.54530999119504,1252.2,281.3
5865,5511,2.4691974512623527,922.5176827057545,236.54530999119504,1252.2,281.3
5865,5512,2.4691974512623527,704.5176827057545,670.545309991195,1252.2,281.3
5865,5513,2.4691974512623527,704.5176827057545,670.545309991195,1252.2,281.3
5865,5514,2.4691974512623527,704.5176827057545,670.545309991195,1252.2,281.3
5865,5515,2.4691974512623527,704.5176827057545,670.545309991195,1252.2,281.3
5865,5516,2.4691974512623527,704.5176827057545,670.545309991195,1252.2,281.3
5865,5517,2.4691974512623527,704.5176827057545,670.545309991195,1252.2,281.3
5865,5518,2.4691974512623527,704.5176827057545,670.545309991195,1252.2,281.3
5865,5519,2.4691974512623527,704.5176827057545,670.545309991195,1252.2,281.3
5865,5520,2.4691974512623527,704.5176827057545,670.545309991195,1252.2,281.3
5865,5521,2.4691974512623527,704.5176827057545,670.545309991195,1252.2,281.3
5865,5522,2.4691974512623527,704.5176827057545,670.545309991195,1252.2,281.3
5865,5523,2.4691974512623527,704.5176827057545,670.545309991195,1252.2,281.3
5865,5524,2.4691974512623527,704.5176827057545,670.545309991195,1252.2,281.3
5865,5525,2.4691974512623527,704.5176827057545,670.545309991195,1252.2,281.3
5865,5526,2.4691974512623527,704.5176827057545,670.545309991195,1252.2,281.3
5865,5527,2.4691974512623527,704.5176827057545,670.545309991195,1252.2,281.3
5865,5528,2.7646439083248593,704.5176827057545,670.545309991195,1252.2,281.3
5865,5529,3.055588046923282,704.5176827057545,670.545309991195,1252.2,281.3
5865,5530,3.3421173387551897,704.5176827057545,670.545309991195,1252.2,281.3
5865,5531,3.62431750453566,704.5176827057545,670.545309991195,1252.2,281.3
5865,5532,3.90227253462773,704.5176827057545,670.545309991195,1252.2,281.3
5865,5533,3.90227253462773,704.5176827057545,670.545309991195,1252.2,281.3
5865,5534,3.90227253462773,704.5176827057545,670.545309991195,1252.2,281.3
5865,5535,3.90227253462773,704.5176827057545,670.545309991195,1252.2,281.3
5865,5536,3.90227253462773,704.5176827057545,670.545309991195,1252.2,281.3
5865,5537,3.90227253462773,704.5176827057545,670.545309991195,1252.2,281.3
5865,5538,3.90227253462773,704.5176827057545,670.545309991195,1252.2,281.3
5865,5539,3.90227253462773,704.5176827057545,670.545309991195,1252.2,281.3
5865,5540,3.90227253462773,704.5176827057545,670.545309991195,1252.2,281.3
5865,5541,3.90227253462773,704.5176827057545,670.545309991195,1252.2,281.3
5865,5542,3.90227253462773,704.5176827057545,670.545309991195,1252.2,281.3
5865,5543,3.90227253462773,704.5176827057545,670.545309991195,1252.2,281.3
5865,5544,3.90227253462773,704.5176827057545,670.545309991195,1252.2,281.3
5865,5545,3.90227253462773,704.5176827057545,670.545309991195,1252.2,281.3
5865,5546,3.90227253462773,704.5176827057545,670.545309991195,1252.2,281.3
5865,5547,3.90227253462773,704.5176827057545,670.545309991195,1252.2,281.3
5865,5548,3.90227253462773,704.5176827057545,670.545309991195,1252.2,281.3
5865,5549,3.90227253462773,704.5176827057545,670.545309991195,1252.2,281.3
5865,5550,3.90227253462773,704.5176827057545,670.545309991195,1252.2,281.3
5865,5551,3.90227253462773,704.5176827057545,670.545309991195,1252.2,281.3
5865,5552,3.90227253462773,704.5176827057545,670.545309991195,1252.2,281.3
5865,5553,3.90227253462773,704.5176827057545,670.545309991195,1252.2,281.3
5865,5554,3.90227253462773,704.5176827057545,670.545309991195,1252.2,281.3
5865,5555,3.90227253462773,704.5176827057545,670.545309991195,1252.2,281.3
5865,5556,3.90227253462773,704.5176827057545,670.545309991195,1252.2,281.3
5865,5557,3.90227253462773,704.5176827057545,670.545309991195,1252.2,281.3
5865,5558,3.90227253462773,704.5176827057545,670.545309991195,1252.2,281.3
5865,5559,3.90227253462773,704.5176827057545,670.545309991195,1252.2,281.3
5865,5560,3.90227253462773,704.5176827057545,670.545309991195,1252.2,281.3
5865,5561,3.90227253462773,704.5176827057545,670.545309991195,1252.2,281.3
5865,5562,3.90227253462773,704.5176827057545,670.545309991195,1252.2,281.3
5865,5563,3.90227253462773,704.5176827057545,670.545309991195,1252.2,281.3
5865,5564,3.90227253462773,704.5176827057545,670.545309991195,1252.2,281.3
5865,5565,3.90227253462773,704.5176827057545,670.545309991195,1252.2,281.3
5865,5566,3.90227253462773,704.5176827057545,670.545309991195,1252.2,281.3
5865,5567,3.90227253462773,704.5176827057545,670.545309991195,1252.2,281.3
5865,5568,3.90227253462773,704.5176827057545,670.545309991195,1252.2,281.3
5865,5569,3.90227253462773,704.5176827057545,670.545309991195,1252.2,281.3
5865,5570,3.90227253462773,704.5176827057545,670.545309991195,1252.2,281.3
5865,5571,3.90227253462773,704.5176827057545,670.545309991195,1252.2,281.3
5865,5572,3.90227253462773,704.5176827057545,670.545309991195,1252.2,281.3
5865,5573,3.90227253462773,704.5176827057545,670.545309991195,1252.2,281.3
5865,5574,3.90227253462773,704.5176827057545,670.545309991195,1252.2,281.3
5865,5575,3.90227253462773,704.5176827057545,670.545309991195,1252.2,281.3
5865,5576,3.90227253462773,704.5176827057545,670.545309991195,1252.2,281.3
5865,5577,3.90227253462773,704.5176827057545,670.545309991195,1252.2,281.3
5865,5578,3.90227253462773,704.5176827057545,670.545309991195,1252.2,281.3
5865,5579,3.90227253462773,704.5176827057545,670.545309991195,1252.2,281.3
5865,5580,3.90227253462773,704.5176827057545,670.545309991195,1252.2,281.3
5865,5581,3.90227253462773,704.5176827057545,670.545309991195,1252.2,281.3
5865,5582,3.90227253462773,704.5176827057545,670.545309991195,1252.2,281.3
5865,5583,3.90227253462773,704.5176827057545,670.545309991195,1252.2,281.3
5865,5584,3.90227253462773,704.5176827057545,670.545309991195,1235.4444444444446,281.0388888888889
5865,5585,3.90227253462773,704.5176827057545,670.545309991195,1218.6888888888889,280.77777777777777
5865,5586,3.90227253462773,704.5176827057545,670.545309991195,1201.9333333333334,280.51666666666665
5865,5587,3.90227253462773,704.5176827057545,670.545309991195,1185.177777777778,280.2555555555556
5865,5588,3.90227253462773,704.5176827057545,670.545309991195,1168.4222222222222,279.99444444444447
5865,5589,3.90227253462773,704.5176827057545,670.545309991195,1151.6666666666667,279.73333333333335
5865,5590,3.90227253462773,704.5176827057545,670.545309991195,1134.911111111111,279.47222222222223
5865,5591,3.90227253462773,704.5176827057545,670.545309991195,1118.1555555555556,279.2111111111111
5865,5592,3.90227253462773,704.5176827057545,670.545309991195,1101.4,278.95000000000005
5865,5593,3.90227253462773,704.5176827057545,670.545309991195,1084.6444444444444,278.6888888888889
5865,5594,3.90227253462773,704.5176827057545,670.545309991195,1067.888888888889,278.4277777777778
5865,5595,3.90227253462773,704.5176827057545,670.545309991195,1051.1333333333334,278.1666666666667
5865,5596,3.90227253462773,704.5176827057545,670.545309991195,1034.3777777777777,277.90555555555557
5865,5597,3.90227253462773,704.5176827057545,670.545309991195,1017.6222222222223,277.64444444444445
5865,5598,3.90227253462773,704.5176827057545,670.545309991195,1000.8666666666667,277.3833333333334
5865,5599,3.90227253462773,704.5176827057545,670.545309991195,984.1111111111111,277.12222222222226
5865,5600,3.90227253462773,704.5176827057545,670.545309991195,967.3555555555556,276.86111111111114
5865,5601,3.90227253462773,704.5176827057545,670.545309991195,950.6,276.6
5865,5602,3.90227253462773,704.5176827057545,670.545309991195,950.6,276.6
5865,5603,3.90227253462773,704.5176827057545,670.545309991195,950.6,276.6
5865,5604,3.90227253462773,704.5176827057545,670.545309991195,950.6,276.6
5865,5605,3.90227253462773,704.5176827057545,670.545309991195,950.6,276.6
5865,5606,3.90227253462773,704.5176827057545,670.545309991195,950.6,276.6
5865,5607,3.90227253462773,704.5176827057545,670.545309991195,950.6,276.6
5865,5608,3.90227253462773,704.5176827057545,670.545309991195,950.6,276.6
5865,5609,3.90227253462773,704.5176827057545,670.545309991195,950.6,276.6
5865,5610,3.90227253462773,704.5176827057545,670.545309991195,950.6,276.6
5865,5611,3.90227253462773,704.5176827057545,670.545309991195,950.6,276.6
5865,5612,3.90227253462773,704.5176827057545,670.545309991195,950.6,276.6
5865,5613,3.90227253462773,704.5176827057545,670.545309991195,950.6,276.6
5865,5614,3.90227253462773,704.5176827057545,670.545309991195,950.6,276.6
5865,5615,3.90227253462773,704.5176827057545,670.545309991195,950.6,276.6
5865,5616,3.90227253462773,704.5176827057545,670.545309991195,950.6,276.6
5865,5617,3.90227253462773,704.5176827057545,670.545309991195,950.6,276.6
5865,5618,3.90227253462773,704.5176827057545,670.545309991195,950.6,276.6
5865,5619,3.90227253462773,704.5176827057545,670.545309991195,950.6,276.6
5865,5620,3.90227253462773,704.5176827057545,670.545309991195,950.6,276.6
5865,5621,3.90227253462773,704.5176827057545,670.545309991195,950.6,276.6
5865,5622,3.90227253462773,704.5176827057545,670.545309991195,950.6,276.6
5865,5623,3.90227253462773,704.5176827057545,670.545309991195,950.6,276.6
5865,5624,3.90227253462773,704.5176827057545,670.545309991195,950.6,276.6
5865,5625,3.90227253462773,704.5176827057545,670.545309991195,950.6,276.6
5865,5626,3.90227253462773,704.5176827057545,670.545309991195,950.6,276.6
5865,5627,3.90227253462773,704.5176827057545,670.545309991195,950.6,276.6
5865,5628,3.90227253462773,704.5176827057545,670.545309991195,950.6,276.6
5865,5629,3.90227253462773,704.5176827057545,670.545309991195,950.6,276.6
5865,5630,3.90227253462773,704.5176827057545,670.545309991195,950.6,276.6
5865,5631,3.90227253462773,704.5176827057545,670.545309991195,950.6,276.6
5865,5632,3.90227253462773,704.5176827057545,670.545309991195,950.6,276.6
5865,5633,3.90227253462773,704.5176827057545,670.545309991195,950.6,276.6
5865,5634,3.90227253462773,704.5176827057545,670.545309991195,950.6,276.6
5865,5635,3.90227253462773,704.5176827057545,670.545309991195,950.6,276.6
5865,5636,3.90227253462773,704.5176827057545,670.545309991195,950.6,276.6
5865,5637,3.90227253462773,704.5176827057545,670.545309991195,950.6,276.6
5865,5638,3.90227253462773,704.5176827057545,670.545309991195,950.6,276.6
5865,5639,3.90227253462773,704.5176827057545,670.545309991195,950.6,276.6
5865,5640,3.90227253462773,704.5176827057545,670.545309991195,950.6,276.6
5865,5641,3.90227253462773,704.5176827057545,670.545309991195,950.6,276.6
5865,5642,3.90227253462773,704.5176827057545,670.545309991195,950.6,276.6
5865,5643,3.90227253462773,704.5176827057545,670.545309991195,950.6,276.6
5865,5644,3.90227253462773,704.5176827057545,670.545309991195,950.6,276.6
5865,5645,3.90227253462773,704.5176827057545,670.545309991195,950.6,276.6
5865,5646,3.90227253462773,704.5176827057545,670.545309991195,950.6,276.6
5865,5647,3.90227253462773,704.5176827057545,670.545309991195,950.6,276.6
5865,5648,3.90227253462773,704.5176827057545,670.545309991195,950.6,276.6
5865,5649,3.90227253462773,704.5176827057545,670.545309991195,950.6,276.6
5865,5650,3.90227253462773,704.5176827057545,670.545309991195,950.6,276.6
5865,5651,3.90227253462773,704.5176827057545,670.545309991195,950.6,276.6
5865,5652,3.90227253462773,704.5176827057545,670.545309991195,950.6,276.6
5865,5653,3.90227253462773,704.5176827057545,670.545309991195,950.6,276.6
5865,5654,3.90227253462773,704.5176827057545,670.545309991195,950.6,276.6
5865,5655,3.90227253462773,704.5176827057545,670.545309991195,950.6,276.6
5865,5656,3.90227253462773,704.5176827057545,670.545309991195,950.6,276.6
5865,5657,3.90227253462773,704.5176827057545,670.545309991195,950.6,276.6
5865,5658,3.90227253462773,704.5176827057545,670.545309991195,950.6,276.6
5865,5659,3.90227253462773,704.5176827057545,670.545309991195,950.6,276.6
5865,5660,3.90227253462773,704.5176827057545,670.545309991195,950.6,276.6
5865,5661,3.90227253462773,704.5176827057545,670.545309991195,950.6,276.6
5865,5662,3.90227253462773,704.5176827057545,670.545309991195,950.6,276.6
5865,5663,3.90227253462773,704.5176827057545,670.545309991195,950.6,276.6
5865,5664,3.90227253462773,704.5176827057545,670.545309991195,950.6,276.6
5865,5665,3.90227253462773,704.5176827057545,670.545309991195,950.6,276.6
5865,5666,3.90227253462773,704.5176827057545,670.545309991195,950.6,276.6
5865,5667,3.90227253462773,704.5176827057545,670.545309991195,950.6,276.6
5865,5668,3.90227253462773,704.5176827057545,670.545309991195,950.6,276.6
5865,5669,3.90227253462773,704.5176827057545,670.545309991195,950.6,276.6
5865,5670,3.90227253462773,704.5176827057545,670.545309991195,950.6,276.6
5865,5671,3.90227253462773,704.5176827057545,670.545309991195,950.6,276.6
5865,5672,3.90227253462773,704.5176827057545,670.545309991195,950.6,276.6
5865,5673,3.90227253462773,704.5176827057545,670.545309991195,950.6,276.6
5865,5674,3.90227253462773,704.5176827057545,670.545309991195,950.6,276.6
5865,5675,3.90227253462773,704.5176827057545,670.545309991195,950.6,276.6
5865,5676,3.90227253462773,704.5176827057545,670.545309991195,950.6,276.6
5865,5677,3.90227253462773,704.5176827057545,670.545309991195,950.6,276.6
5865,5678,3.90227253462773,704.5176827057545,670.545309991195,950.6,276.6
5865,5679,3.90227253462773,704.5176827057545,670.545309991195,950.6,276.6
5865,5680,3.90227253462773,704.5176827057545,670.545309991195,950.6,276.6
5865,5681,3.90227253462773,704.5176827057545,670.545309991195,950.6,276.6
5865,5682,3.90227253462773,704.5176827057545,670.545309991195,950.6,276.6
5865,5683,3.90227253462773,704.5176827057545,670.545309991195,950.6,276.6
5865,5684,3.90227253462773,704.5176827057545,670.545309991195,950.6,276.6
5865,5685,3.90227253462773,704.5176827057545,670.545309991195,950.6,276.6
5865,5686,3.90227253462773,704.5176827057545,670.545309991195,950.6,276.6
5865,5687,3.90227253462773,704.5176827057545,670.545309991195,950.6,276.6
5865,5688,3.90227253462773,704.5176827057545,670.545309991195,950.6,276.6
5865,5689,3.90227253462773,704.5176827057545,670.545309991195,950.6,276.6
5865,5690,3.90227253462773,704.5176827057545,670.545309991195,953.2583333333333,273.7583333333333
5865,5691,3.90227253462773,704.5176827057545,670.545309991195,955.9166666666667,270.9166666666667
5865,5692,3.90227253462773,704.5176827057545,670.545309991195,958.575,268.07500000000005
5865,5693,3.90227253462773,704.5176827057545,670.545309991195,961.2333333333333,265.23333333333335
5865,5694,3.90227253462773,704.5176827057545,670.545309991195,963.8916666666667,262.39166666666665
5865,5695,3.90227253462773,704.5176827057545,670.545309991195,966.55,259.55
5865,5696,3.90227253462773,704.5176827057545,670.545309991195,969.2083333333334,256.70833333333337
5865,5697,3.90227253462773,704.5176827057545,670.545309991195,971.8666666666667,253.86666666666667
5865,5698,3.90227253462773,704.5176827057545,670.545309991195,974.525,251.025
5865,5699,3.90227253462773,704.5176827057545,670.545309991195,977.1833333333334,248.18333333333334
5865,5700,3.90227253462773,704.5176827057545,670.545309991195,979.8416666666667,245.34166666666667
5865,5701,3.90227253462773,704.5176827057545,670.545309991195,982.5,242.5
5865,5702,3.90227253462773,704.5176827057545,670.545309991195,982.5,242.5
5865,5703,3.90227253462773,704.5176827057545,670.545309991195,982.5,242.5
5865,5704,3.90227253462773,704.5176827057545,670.545309991195,982.5,242.5
5865,5705,3.90227253462773,704.5176827057545,670.545309991195,982.5,242.5
5865,5706,3.90227253462773,704.5176827057545,670.545309991195,982.5,242.5
5865,5707,3.90227253462773,704.5176827057545,670.545309991195,982.5,242.5
5865,5708,3.90227253462773,704.5176827057545,670.545309991195,982.5,242.5
5865,5709,3.90227253462773,704.5176827057545,670.545309991195,982.5,242.5
5865,5710,3.90227253462773,704.5176827057545,670.545309991195,982.5,242.5
5865,5711,3.90227253462773,704.5176827057545,670.545309991195,982.5,242.5
5865,5712,3.90227253462773,704.5176827057545,670.545309991195,982.5,242.5
5865,5713,3.90227253462773,704.5176827057545,670.545309991195,982.5,242.5
5865,5714,3.90227253462773,704.5176827057545,670.545309991195,982.5,242.5
5865,5715,3.90227253462773,704.5176827057545,670.545309991195,982.5,242.5
5865,5716,3.90227253462773,704.5176827057545,670.545309991195,982.5,242.5
5865,5717,3.157459717006869,704.5176827057545,670.545309991195,982.5,242.5
5865,5718,2.4095783965815554,704.5176827057545,670.545309991195,982.5,242.5
5865,5719,1.6588659153440521,704.5176827057545,670.545309991195,982.5,242.5
5865,5720,0.9055653013853051,704.5176827057545,670.545309991195,982.5,242.5
5865,5721,0.14992483807641238,704.5176827057545,670.545309991195,982.5,242.5
5865,5722,0.6078023927369179,704.5176827057545,670.545309991195,982.5,242.5
5866,5723,0.15313539122407455,704.5176827057545,670.545309991195,982.5,242.5
5867,5724,0.15313539122407455,704.5176827057545,670.545309991195,982.5,242.5
5868,5725,0.15313539122407455,704.5176827057545,670.545309991195,982.5,242.5
5869,5726,0.15313539122407455,704.5176827057545,670.545309991195,982.5,242.5
5870,5727,0.15313539122407455,704.5176827057545,670.545309991195,982.5,242.5
5871,5728,0.15313539122407455,704.5176827057545,670.545309991195,982.5,242.5
5872,5729,0.15313539122407455,704.5176827057545,670.545309991195,982.5,242.5
5873,5730,0.15313539122407455,704.5176827057545,670.545309991195,982.5,242.5
5874,5731,0.15313539122407455,704.5176827057545,670.545309991195,982.5,242.5
5875,5732,0.15313539122407455,704.5176827057545,670.545309991195,982.5,242.5
5876,5733,0.15313539122407455,704.5176827057545,670.545309991195,982.5,242.5
5877,5734,0.15313539122407455,704.5176827057545,670.545309991195,982.5,242.5
5878,5735,0.15313539122407455,704.5176827057545,670.545309991195,982.5,242.5
5879,5736,0.15313539122407455,704.5176827057545,670.545309991195,982.5,242.5
5880,5737,0.15313539122407455,704.5176827057545,670.545309991195,982.5,242.5
5881,5738,0.15313539122407455,704.5176827057545,670.545309991195,982.5,242.5
5882,5739,0.15313539122407455,704.5176827057545,670.545309991195,982.5,242.5
5883,5740,0.15313539122407455,704.5176827057545,670.545309991195,982.5,242.5
5884,5741,0.15313539122407455,704.5176827057545,670.545309991195,982.5,242.5
5885,5742,0.15313539122407455,704.5176827057545,670.545309991195,982.5,242.5
5886,5743,0.15313539122407455,704.5176827057545,670.545309991195,982.5,242.5
5887,5744,0.15313539122407455,704.5176827057545,670.545309991195,982.5,242.5
5888,5745,0.15313539122407455,704.5176827057545,670.545309991195,982.5,242.5
5889,5746,0.15313539122407455,704.5176827057545,670.545309991195,982.5,242.5
5890,5747,0.15313539122407455,704.5176827057545,670.545309991195,982.5,242.5
5891,5748,0.15313539122407455,704.5176827057545,670.545309991195,982.5,242.5
5892,5749,0.15313539122407455,704.5176827057545,670.545309991195,982.5,242.5
5893,5750,0.15313539122407455,704.5176827057545,670.545309991195,982.5,242.5
5894,5751,0.15313539122407455,704.5176827057545,670.545309991195,982.5,242.5
5895,5752,0.15313539122407455,704.5176827057545,670.545309991195,982.5,242.5
5896,5753,0.15313539122407455,704.5176827057545,670.545309991195,982.5,242.5
5897,5754,0.15313539122407455,704.5176827057545,670.545309991195,982.5,242.5
5898,5755,0.15313539122407455,704.5176827057545,670.545309991195,982.5,242.5
5899,5756,0.15313539122407455,704.5176827057545,670.545309991195,982.5,242.5
5900,5757,0.15313539122407455,704.5176827057545,670.545309991195,982.5,242.5
5901,5758,0.15313539122407455,704.5176827057545,670.545309991195,982.5,242.5
5902,5759,0.15313539122407455,704.5176827057545,670.545309991195,982.5,242.5
5903,5760,0.15313539122407455,704.5176827057545,670.545309991195,982.5,242.5
5904,5761,0.15313539122407455,704.5176827057545,670.545309991195,982.5,242.5
5905,5762,0.15313539122407455,704.5176827057545,670.545309991195,982.5,242.5
5906,5763,0.15313539122407455,704.5176827057545,670.545309991195,982.5,242.5
5907,5764,0.15313539122407455,704.5176827057545,670.545309991195,982.5,242.5
5907,5765,0.15313539122407455,704.5176827057545,670.545309991195,982.5,242.5
5907,5766,0.15313539122407455,704.5176827057545,670.545309991195,982.5,242.5
5907,5767,0.15313539122407455,704.5176827057545,670.545309991195,982.5,242.5
5907,5768,0.15313539122407455,704.5176827057545,670.545309991195,982.5,242.5
5907,5769,0.15313539122407455,704.5176827057545,670.545309991195,982.5,242.5
5907,5770,0.15313539122407455,704.5176827057545,670.545309991195,982.5,242.5
5907,5771,0.15313539122407455,704.5176827057545,670.545309991195,982.5,242.5
5907,5772,0.15313539122407455,704.5176827057545,670.545309991195,982.5,242.5
5907,5773,0.15313539122407455,704.5176827057545,670.545309991195,982.5,242.5
5907,5774,0.15313539122407455,704.5176827057545,670.545309991195,982.5,242.5
5907,5775,0.15313539122407455,704.5176827057545,670.545309991195,982.5,242.5
5907,5776,0.15313539122407455,704.5176827057545,670.545309991195,982.5,242.5
5907,5777,0.15313539122407455,704.5176827057545,670.545309991195,982.5,242.5
5907,5778,0.15313539122407455,704.5176827057545,670.545309991195,982.5,242.5
5907,5779,0.15313539122407455,928.5176827057545,673.545309991195,982.5,242.5
5907,5780,0.15313539122407455,928.5176827057545,673.545309991195,982.5,242.5
5907,5781,0.15313539122407455,928.5176827057545,673.545309991195,982.5,242.5
5907,5782,0.15313539122407455,928.5176827057545,673.545309991195,982.5,242.5
5907,5783,0.15313539122407455,928.5176827057545,673.545309991195,982.5,242.5
5907,5784,0.15313539122407455,928.5176827057545,673.545309991195,982.5,242.5
5907,5785,0.15313539122407455,928.5176827057545,673.545309991195,982.5,242.5
5907,5786,0.15313539122407455,928.5176827057545,673.545309991195,982.5,242.5
5907,5787,0.15313539122407455,928.5176827057545,673.545309991195,982.5,242.5
5907,5788,0.15313539122407455,928.5176827057545,673.545309991195,982.5,242.5
5907,5789,0.15313539122407455,928.5176827057545,673.545309991195,982.5,242.5
5907,5790,0.15313539122407455,928.5176827057545,673.545309991195,982.5,242.5
5907,5791,0.15313539122407455,928.5176827057545,673.545309991195,982.5,242.5
5907,5792,0.15313539122407455,928.5176827057545,673.545309991195,982.5,242.5
5907,5793,0.15313539122407455,928.5176827057545,673.545309991195,982.5,242.5
5907,5794,0.15313539122407455,928.5176827057545,673.545309991195,982.5,242.5
5907,5795,0.15313539122407455,928.5176827057545,673.545309991195,982.5,242.5
5907,5796,0.15313539122407455,928.5176827057545,673.545309991195,982.5,242.5
5907,5797,0.15313539122407455,928.5176827057545,673.545309991195,982.5,242.5
5907,5798,0.15313539122407455,928.5176827057545,673.545309991195,982.5,242.5
5907,5799,0.15313539122407455,928.5176827057545,673.545309991195,982.5,242.5
5907,5800,0.15313539122407455,928.5176827057545,673.545309991195,982.5,242.5
5907,5801,0.15313539122407455,928.5176827057545,673.545309991195,982.5,242.5
5907,5802,0.15313539122407455,928.5176827057545,673.545309991195,982.5,242.5
5907,5803,0.15313539122407455,928.5176827057545,673.545309991195,982.5,242.5
5907,5804,0.15313539122407455,928.5176827057545,673.545309991195,982.5,242.5
5908,5805,1.7081374580756397,928.5176827057545,673.545309991195,982.5,242.5
5909,5806,1.7081374580756397,928.5176827057545,673.545309991195,982.5,242.5
5910,5807,1.7081374580756397,928.5176827057545,673.545309991195,982.5,242.5
5911,5808,1.7081374580756397,928.5176827057545,673.545309991195,982.5,242.5
5912,5809,1.7081374580756397,928.5176827057545,673.545309991195,982.5,242.5
5913,5810,1.7081374580756397,928.5176827057545,673.545309991195,982.5,242.5
5914,5811,1.7081374580756397,928.5176827057545,673.545309991195,982.5,242.5
5915,5812,1.7081374580756397,1152.5176827057544,675.545309991195,982.5,242.5
5916,5813,1.7081374580756397,1152.5176827057544,675.545309991195,982.5,242.5
5917,5814,1.7081374580756397,1152.5176827057544,675.545309991195,982.5,242.5
5918,5815,1.7081374580756397,1152.5176827057544,675.545309991195,982.5,242.5
5919,5816,1.7081374580756397,1152.5176827057544,675.545309991195,982.5,242.5
5920,5817,1.7081374580756397,1152.5176827057544,675.545309991195,982.5,242.5
5921,5818,1.7081374580756397,1152.5176827057544,675.545309991195,982.5,242.5
5922,5819,1.7081374580756397,1152.5176827057544,675.545309991195,982.5,242.5
5923,5820,1.7081374580756397,1152.5176827057544,675.545309991195,982.5,242.5
5924,5821,1.7081374580756397,1152.5176827057544,675.545309991195,982.5,242.5
5925,5822,1.7081374580756397,1152.5176827057544,675.545309991195,982.5,242.5
5926,5823,1.7081374580756397,1152.5176827057544,675.545309991195,982.5,242.5
5927,5824,1.7081374580756397,1152.5176827057544,675.545309991195,982.5,242.5
5928,5825,1.7081374580756397,1152.5176827057544,675.545309991195,982.5,242.5
5929,5826,1.7081374580756397,1152.5176827057544,675.545309991195,982.5,242.5
5930,5827,1.7081374580756397,1152.5176827057544,675.545309991195,982.5,242.5
5931,5828,1.7081374580756397,1152.5176827057544,675.545309991195,982.5,242.5
5932,5829,1.7081374580756397,1152.5176827057544,675.545309991195,982.5,242.5
5933,5830,2.702297227868536,1152.5176827057544,675.545309991195,982.5,242.5
5934,5831,2.702297227868536,1152.5176827057544,675.545309991195,982.5,242.5
5935,5832,2.702297227868536,1152.5176827057544,675.545309991195,982.5,242.5
5936,5833,2.702297227868536,1152.5176827057544,675.545309991195,982.5,242.5
5937,5834,2.702297227868536,1152.5176827057544,675.545309991195,982.5,242.5
5938,5835,2.702297227868536,1152.5176827057544,675.545309991195,982.5,242.5
5939,5836,2.702297227868536,1152.5176827057544,675.545309991195,982.5,242.5
5940,5837,2.702297227868536,1152.5176827057544,675.545309991195,982.5,242.5
5941,5838,2.702297227868536,1152.5176827057544,675.545309991195,982.5,242.5
5942,5839,2.702297227868536,1152.5176827057544,675.545309991195,982.5,242.5
5943,5840,2.702297227868536,1152.5176827057544,675.545309991195,982.5,242.5
5944,5841,2.702297227868536,1152.5176827057544,675.545309991195,982.5,242.5
5945,5842,2.702297227868536,1152.5176827057544,675.545309991195,982.5,242.5
5946,5843,2.702297227868536,1152.5176827057544,675.545309991195,982.5,242.5
5947,5844,2.702297227868536,1152.5176827057544,675.545309991195,982.5,242.5
5948,5845,2.702297227868536,1152.5176827057544,675.545309991195,982.5,242.5
5949,5846,2.702297227868536,1152.5176827057544,675.545309991195,982.5,242.5
5950,5847,2.702297227868536,1152.5176827057544,675.545309991195,982.5,242.5
5951,5848,2.702297227868536,1152.5176827057544,675.545309991195,982.5,242.5
5952,5849,2.702297227868536,1152.5176827057544,675.545309991195,982.5,242.5
5953,5850,2.702297227868536,1152.5176827057544,675.545309991195,982.5,242.5
5954,5851,2.702297227868536,1152.5176827057544,675.545309991195,982.5,242.5
5955,5852,2.702297227868536,1152.5176827057544,675.545309991195,982.5,242.5
5956,5853,2.702297227868536,1152.5176827057544,675.545309991195,982.5,242.5
5957,5854,2.702297227868536,1152.5176827057544,675.545309991195,982.5,242.5
5958,5855,2.702297227868536,1152.5176827057544,675.545309991195,982.5,242.5
5959,5856,2.702297227868536,1152.5176827057544,675.545309991195,982.5,242.5
5960,5857,2.702297227868536,1152.5176827057544,675.545309991195,982.5,242.5
5961,5858,2.702297227868536,1152.5176827057544,675.545309991195,982.5,242.5
5962,5859,2.702297227868536,1152.5176827057544,675.545309991195,982.5,242.5
5963,5860,2.702297227868536,1152.5176827057544,675.545309991195,982.5,242.5
5964,5861,2.702297227868536,1152.5176827057544,675.545309991195,982.5,242.5
5965,5862,2.702297227868536,1152.5176827057544,675.545309991195,982.5,242.5
5966,5863,5.877800117023612,1152.5176827057544,675.545309991195,982.5,242.5
5967,5864,5.877800117023612,1152.5176827057544,675.545309991195,982.5,242.5
5968,5865,5.877800117023612,1152.5176827057544,675.545309991195,982.5,242.5
5969,5866,5.877800117023612,1152.5176827057544,675.545309991195,982.5,242.5
5970,5867,5.877800117023612,1152.5176827057544,675.545309991195,982.5,242.5
5971,5868,5.877800117023612,1152.5176827057544,675.545309991195,982.5,242.5
5972,5869,5.877800117023612,1152.5176827057544,675.545309991195,982.5,242.5
5973,5870,5.877800117023612,1152.5176827057544,675.545309991195,982.5,242.5
5974,5871,5.877800117023612,1152.5176827057544,675.545309991195,982.5,242.5
5975,5872,5.877800117023612,1152.5176827057544,675.545309991195,982.5,242.5
5976,5873,5.877800117023612,1152.5176827057544,675.545309991195,982.5,242.5
5977,5874,5.877800117023612,1152.5176827057544,675.545309991195,982.5,242.5
5978,5875,5.877800117023612,1152.5176827057544,675.545309991195,982.5,242.5
5979,5876,5.877800117023612,1152.5176827057544,675.545309991195,982.5,242.5
5980,5877,5.877800117023612,1152.5176827057544,675.545309991195,982.5,242.5
5981,5878,5.877800117023612,1152.5176827057544,675.545309991195,982.5,242.5
5982,5879,5.877800117023612,1268.5176827057544,682.545309991195,982.5,242.5
5983,5880,5.945417723685866,1268.5176827057544,682.545309991195,982.5,242.5
5984,5881,6.02015814168141,1268.5176827057544,682.545309991195,982.5,242.5
5985,5882,6.103209116267227,1268.5176827057544,682.545309991195,982.5,242.5
5986,5883,6.19603793503438,1268.5176827057544,682.545309991195,982.5,242.5
5987,5884,6.300478781112841,1268.5176827057544,682.545309991195,982.5,242.5
5988,5885,6.418855013307318,1268.5176827057544,682.545309991195,982.5,242.5
5989,5886,6.55415382159184,1268.5176827057544,682.545309991195,982.5,242.5
5990,5887,6.7102814283009495,1268.5176827057544,682.545309991195,982.5,242.5
5991,5888,6.892445742973779,1268.5176827057544,682.545309991195,982.5,242.5
5992,5889,7.107747215624674,1268.5176827057544,682.545309991195,982.5,242.5
5993,5890,7.36611863530713,1268.5176827057544,682.545309991195,982.5,242.5
5994,5891,7.681782288355376,1268.5176827057544,682.545309991195,982.5,242.5
5995,5892,8.073414077189142,1268.5176827057544,682.545309991195,982.5,242.5
5996,5893,8.55314585977287,1268.5176827057544,682.545309991195,982.5,242.5
5997,5894,9.227029599688924,1268.5176827057544,682.545309991195,982.5,242.5
5998,5895,10.169623797580158,1268.5176827057544,682.545309991195,982.5,242.5
5999,5896,1.8083093939354233,1268.5176827057544,682.545309991195,982.5,242.5
6000,5897,0.09044109866048239,1268.5176827057544,682.545309991195,982.5,242.5
6001,5898,0.004679972267101046,1268.5176827057544,682.545309991195,982.5,242.5
6002,5899,0.004679972267101046,1268.5176827057544,682.545309991195,982.5,242.5
6003,5900,0.004679972267101046,1268.5176827057544,682.545309991195,982.5,242.5
6004,5901,0.004679972267101046,1268.5176827057544,682.545309991195,982.5,242.5
6005,5902,0.004679972267101046,1268.5176827057544,682.545309991195,982.5,242.5
6006,5903,0.004679972267101046,1268.5176827057544,682.545309991195,982.5,242.5
6007,5904,0.004679972267101046,1268.5176827057544,682.545309991195,982.5,242.5
6008,5905,0.004679972267101046,1268.5176827057544,682.545309991195,982.5,242.5
6009,5906,0.004679972267101046,1268.5176827057544,682.545309991195,982.5,242.5
6010,5907,0.004679972267101046,1268.5176827057544,682.545309991195,982.5,242.5
6011,5908,0.004679972267101046,1268.5176827057544,682.545309991195,982.5,242.5
6012,5909,0.004679972267101046,1268.5176827057544,682.545309991195,982.5,242.5
6013,5910,0.004679972267101046,1268.5176827057544,682.545309991195,982.5,242.5
6014,5911,0.004679972267101046,1268.5176827057544,682.545309991195,982.5,242.5
6015,5912,0.004679972267101046,1293.5176827057544,456.54530999119504,982.5,242.5
6016,5913,0.004679972267101046,1293.5176827057544,456.54530999119504,982.5,242.5
6017,5914,0.004679972267101046,1293.5176827057544,456.54530999119504,982.5,242.5
6018,5915,0.004679972267101046,1293.5176827057544,456.54530999119504,982.5,242.5
6019,5916,0.004679972267101046,1293.5176827057544,456.54530999119504,982.5,242.5
6020,5917,0.004679972267101046,1293.5176827057544,456.54530999119504,982.5,242.5
6021,5918,0.004679972267101046,1293.5176827057544,456.54530999119504,982.5,242.5
6022,5919,0.004679972267101046,1293.5176827057544,456.54530999119504,982.5,242.5
6023,5920,0.004679972267101046,1293.5176827057544,456.54530999119504,982.5,242.5
6024,5921,0.004679972267101046,1293.5176827057544,456.54530999119504,982.5,242.5
6025,5922,0.004679972267101046,1293.5176827057544,456.54530999119504,982.5,242.5
6026,5923,0.004679972267101046,1293.5176827057544,456.54530999119504,982.5,242.5
6027,5924,0.004679972267101046,1293.5176827057544,456.54530999119504,982.5,242.5
6028,5925,0.004679972267101046,1293.5176827057544,456.54530999119504,982.5,242.5
6029,5926,0.004679972267101046,1293.5176827057544,456.54530999119504,982.5,242.5
6030,5927,0.004679972267101046,1293.5176827057544,456.54530999119504,982.5,242.5
6031,5928,0.004679972267101046,1293.5176827057544,456.54530999119504,982.5,242.5
6032,5929,0.004679972267101046,1293.5176827057544,456.54530999119504,982.5,242.5
6032,5930,0.004679972267101046,1293.5176827057544,456.54530999119504,982.5,242.5
6032,5931,0.004679972267101046,1293.5176827057544,456.54530999119504,982.5,242.5
6032,5932,0.004679972267101046,1293.5176827057544,456.54530999119504,982.5,242.5
6032,5933,0.004679972267101046,1293.5176827057544,456.54530999119504,982.5,242.5
6032,5934,0.004679972267101046,1293.5176827057544,456.54530999119504,982.5,242.5
6032,5935,0.004679972267101046,1293.5176827057544,456.54530999119504,982.5,242.5
6032,5936,0.004679972267101046,1293.5176827057544,456.54530999119504,982.5,242.5
6032,5937,0.004679972267101046,1293.5176827057544,456.54530999119504,982.5,242.5
6032,5938,0.004679972267101046,1293.5176827057544,456.54530999119504,982.5,242.5
6032,5939,0.004679972267101046,1293.5176827057544,456.54530999119504,982.5,242.5
6032,5940,0.004679972267101046,1293.5176827057544,456.54530999119504,982.5,242.5
6032,5941,0.004679972267101046,1293.5176827057544,456.54530999119504,982.5,242.5
6032,5942,0.004679972267101046,1293.5176827057544,456.54530999119504,982.5,242.5
6032,5943,0.004679972267101046,1293.5176827057544,456.54530999119504,982.5,242.5
6032,5944,0.004679972267101046,1293.5176827057544,456.54530999119504,982.5,242.5
6032,5945,0.004679972267101046,1293.5176827057544,456.54530999119504,982.5,242.5
6032,5946,0.004679972267101046,1293.5176827057544,456.54530999119504,982.5,242.5
6032,5947,0.004679972267101046,1293.5176827057544,456.54530999119504,982.5,242.5
6032,5948,0.004679972267101046,1293.5176827057544,456.54530999119504,982.5,242.5
6032,5949,0.004679972267101046,1293.5176827057544,456.54530999119504,982.5,242.5
6032,5950,0.004679972267101046,1293.5176827057544,456.54530999119504,982.5,242.5
6032,5951,0.004679972267101046,1293.5176827057544,456.54530999119504,982.5,242.5
6032,5952,0.004679972267101046,1293.5176827057544,456.54530999119504,982.5,242.5
6032,5953,0.004679972267101046,1293.5176827057544,456.54530999119504,982.5,242.5
6032,5954,0.004679972267101046,1318.5176827057544,230.54530999119504,982.5,242.5
6032,5955,0.004679972267101046,1318.5176827057544,230.54530999119504,982.5,242.5
6032,5956,0.004679972267101046,1318.5176827057544,230.54530999119504,982.5,242.5
6032,5957,0.004679972267101046,1318.5176827057544,230.54530999119504,982.5,242.5
6032,5958,0.004679972267101046,1318.5176827057544,230.54530999119504,982.5,242.5
6032,5959,0.004679972267101046,1318.5176827057544,230.54530999119504,982.5,242.5
6032,5960,0.004679972267101046,1318.5176827057544,230.54530999119504,982.5,242.5
6032,5961,0.004679972267101046,1318.5176827057544,230.54530999119504,982.5,242.5
6032,5962,0.004679972267101046,1318.5176827057544,230.54530999119504,982.5,242.5
6032,5963,0.004679972267101046,1318.5176827057544,230.54530999119504,982.5,242.5
6032,5964,0.004679972267101046,1318.5176827057544,230.54530999119504,982.5,242.5
6032,5965,0.004679972267101046,1318.5176827057544,230.54530999119504,982.5,242.5
6032,5966,0.004679972267101046,1318.5176827057544,230.54530999119504,982.5,242.5
6032,5967,0.004679972267101046,1318.5176827057544,230.54530999119504,973.21,254.94
6032,5968,0.004679972267101046,1318.5176827057544,230.54530999119504,963.92,267.38
6032,5969,0.004679972267101046,1318.5176827057544,230.54530999119504,954.63,279.82
6032,5970,0.004679972267101046,1318.5176827057544,230.54530999119504,945.34,292.26
6032,5971,0.004679972267101046,1318.5176827057544,230.54530999119504,936.05,304.7
6032,5972,0.004679972267101046,1318.5176827057544,230.54530999119504,926.76,317.14
6032,5973,0.004679972267101046,1318.5176827057544,230.54530999119504,917.47,329.58000000000004
6032,5974,0.004679972267101046,1318.5176827057544,230.54530999119504,908.18,342.02
6032,5975,0.004679972267101046,1318.5176827057544,230.54530999119504,898.89,354.46000000000004
6032,5976,0.004679972267101046,1318.5176827057544,230.54530999119504,889.6,366.9
6032,5977,0.004679972267101046,1318.5176827057544,230.54530999119504,880.31,379.34000000000003
6032,5978,0.004679972267101046,1318.5176827057544,230.54530999119504,871.02,391.78000000000003
6032,5979,0.004679972267101046,1318.5176827057544,230.54530999119504,861.73,404.22
6032,5980,0.004679972267101046,1318.5176827057544,230.54530999119504,852.44,416.66
6032,5981,0.004679972267101046,1318.5176827057544,230.54530999119504,843.15,429.1
6032,5982,0.004679972267101046,1318.5176827057544,230.54530999119504,833.86,441.54
6032,5983,0.004679972267101046,1318.5176827057544,230.54530999119504,824.5699999999999,453.98
6032,5984,0.004679972267101046,1318.5176827057544,230.54530999119504,815.28,466.42
6032,5985,0.004679972267101046,1318.5176827057544,230.54530999119504,805.99,478.86
6032,5986,0.004679972267101046,1318.5176827057544,230.54530999119504,796.7,491.3
6032,5987,0.004679972267101046,1318.5176827057544,230.54530999119504,787.41,503.74
6032,5988,0.004679972267101046,1318.5176827057544,230.54530999119504,778.12,516.1800000000001
6032,5989,0.004679972267101046,1318.5176827057544,230.54530999119504,768.8299999999999,528.62
6032,5990,0.004679972267101046,1318.5176827057544,230.54530999119504,759.54,541.0600000000001
6032,5991,0.004679972267101046,1318.5176827057544,230.54530999119504,750.25,553.5
6032,5992,0.004679972267101046,1318.5176827057544,230.54530999119504,740.96,565.94
6032,5993,0.004679972267101046,1318.5176827057544,230.54530999119504,731.67,578.3800000000001
6032,5994,0.004679972267101046,1318.5176827057544,230.54530999119504,722.38,590.82
6032,5995,0.004679972267101046,1318.5176827057544,230.54530999119504,713.0899999999999,603.26
6032,5996,0.004679972267101046,1318.5176827057544,230.54530999119504,703.8,615.7
6032,5997,0.004679972267101046,1318.5176827057544,230.54530999119504,703.8,615.7
6032,5998,0.004679972267101046,1318.5176827057544,230.54530999119504,703.8,615.7
6032,5999,0.004679972267101046,1318.5176827057544,230.54530999119504,703.8,615.7
6032,6000,0.004679972267101046,1318.5176827057544,230.54530999119504,703.8,615.7
6032,6001,0.004679972267101046,1318.5176827057544,230.54530999119504,703.8,615.7
6032,6002,0.004679972267101046,1318.5176827057544,230.54530999119504,703.8,615.7
6032,6003,0.004679972267101046,1318.5176827057544,230.54530999119504,703.8,615.7
6032,6004,0.004679972267101046,1318.5176827057544,230.54530999119504,703.8,615.7
6032,6005,0.004679972267101046,1318.5176827057544,230.54530999119504,703.8,615.7
6032,6006,0.004679972267101046,1318.5176827057544,230.54530999119504,703.8,615.7
6032,6007,0.004679972267101046,1318.5176827057544,230.54530999119504,703.8,615.7
6032,6008,0.004679972267101046,1318.5176827057544,230.54530999119504,703.8,615.7
6032,6009,0.004679972267101046,1318.5176827057544,230.54530999119504,703.8,615.7
6032,6010,0.004679972267101046,1318.5176827057544,230.54530999119504,703.8,615.7
6032,6011,0.004679972267101046,1318.5176827057544,230.54530999119504,703.8,615.7
6032,6012,0.004679972267101046,1318.5176827057544,230.54530999119504,703.8,615.7
6032,6013,0.004679972267101046,1318.5176827057544,230.54530999119504,703.8,615.7
6032,6014,0.004679972267101046,1318.5176827057544,230.54530999119504,703.8,615.7
6032,6015,0.004679972267101046,1318.5176827057544,230.54530999119504,703.8,615.7
6032,6016,0.004679972267101046,1318.5176827057544,230.54530999119504,703.8,615.7
6032,6017,0.004679972267101046,1318.5176827057544,230.54530999119504,703.8,615.7
6032,6018,0.004679972267101046,1318.5176827057544,230.54530999119504,703.8,615.7
6032,6019,0.004679972267101046,1318.5176827057544,230.54530999119504,703.8,615.7
6032,6020,0.004679972267101046,1318.5176827057544,230.54530999119504,703.8,615.7
6032,6021,0.004679972267101046,1318.5176827057544,230.54530999119504,703.8,615.7
6032,6022,0.004679972267101046,1318.5176827057544,230.54530999119504,703.8,615.7
6032,6023,0.004679972267101046,1318.5176827057544,230.54530999119504,703.8,615.7
6032,6024,0.004679972267101046,1318.5176827057544,230.54530999119504,703.8,615.7
6032,6025,0.004679972267101046,1318.5176827057544,230.54530999119504,703.8,615.7
6032,6026,0.004679972267101046,1318.5176827057544,230.54530999119504,703.8,615.7
6032,6027,0.004679972267101046,1318.5176827057544,230.54530999119504,703.8,615.7
6032,6028,0.004679972267101046,1318.5176827057544,230.54530999119504,703.8,615.7
6032,6029,0.004679972267101046,1242.5176827057544,417.54530999119504,703.8,615.7
6032,6030,0.004679972267101046,1242.5176827057544,417.54530999119504,703.8,615.7
6032,6031,0.004679972267101046,1242.5176827057544,417.54530999119504,703.8,615.7
6032,6032,0.004679972267101046,1242.5176827057544,417.54530999119504,703.8,615.7
6032,6033,0.004679972267101046,1242.5176827057544,417.54530999119504,703.8,615.7
6032,6034,0.004679972267101046,1242.5176827057544,417.54530999119504,703.8,615.7
6032,6035,0.004679972267101046,1242.5176827057544,417.54530999119504,703.8,615.7
6032,6036,0.004679972267101046,1242.5176827057544,417.54530999119504,703.8,615.7
6032,6037,0.004679972267101046,1242.5176827057544,417.54530999119504,703.8,615.7
6032,6038,0.004679972267101046,1242.5176827057544,417.54530999119504,703.8,615.7
6032,6039,0.004679972267101046,1242.5176827057544,417.54530999119504,703.8,615.7
6032,6040,0.004679972267101046,1242.5176827057544,417.54530999119504,703.8,615.7
6032,6041,0.004679972267101046,1242.5176827057544,417.54530999119504,703.8,615.7
6032,6042,0.004679972267101046,1242.5176827057544,417.54530999119504,703.8,615.7
6032,6043,0.004679972267101046,1242.5176827057544,417.54530999119504,703.8,615.7
6032,6044,0.004679972267101046,1242.5176827057544,417.54530999119504,703.8,615.7
6032,6045,0.004679972267101046,1242.5176827057544,417.54530999119504,703.8,615.7
6032,6046,0.004679972267101046,1242.5176827057544,417.54530999119504,703.8,615.7
6032,6047,0.004679972267101046,1242.5176827057544,417.54530999119504,703.8,615.7
6032,6048,0.004679972267101046,1242.5176827057544,417.54530999119504,703.8,615.7
6032,6049,0.004679972267101046,1242.5176827057544,417.54530999119504,703.8,615.7
6032,6050,0.004679972267101046,1242.5176827057544,417.54530999119504,703.8,615.7
6032,6051,0.004679972267101046,1242.5176827057544,417.54530999119504,703.8,615.7
6032,6052,0.004679972267101046,1242.5176827057544,417.54530999119504,703.8,615.7
6032,6053,0.004679972267101046,1242.5176827057544,417.54530999119504,703.8,615.7
6032,6054,0.004679972267101046,1242.5176827057544,417.54530999119504,703.8,615.7
6032,6055,0.004679972267101046,1242.5176827057544,417.54530999119504,703.8,615.7
6032,6056,0.004679972267101046,1242.5176827057544,417.54530999119504,703.8,615.7
6032,6057,0.004679972267101046,1242.5176827057544,417.54530999119504,703.8,615.7
6032,6058,0.004679972267101046,1242.5176827057544,417.54530999119504,703.8,615.7
6032,6059,0.004679972267101046,1242.5176827057544,417.54530999119504,703.8,615.7
6032,6060,0.004679972267101046,1242.5176827057544,417.54530999119504,703.8,615.7
6032,6061,0.004679972267101046,1242.5176827057544,417.54530999119504,703.8,615.7
6032,6062,0.004679972267101046,1166.5176827057544,604.545309991195,703.8,615.7
6032,6063,0.004679972267101046,1166.5176827057544,604.545309991195,703.8,615.7
6032,6064,0.004679972267101046,1166.5176827057544,604.545309991195,703.8,615.7
6032,6065,0.004679972267101046,1166.5176827057544,604.545309991195,703.8,615.7
6032,6066,0.004679972267101046,1166.5176827057544,604.545309991195,703.8,615.7
6032,6067,0.004679972267101046,1166.5176827057544,604.545309991195,703.8,615.7
6032,6068,0.004679972267101046,1166.5176827057544,604.545309991195,703.8,615.7
6032,6069,0.004679972267101046,1166.5176827057544,604.545309991195,703.8,615.7
6032,6070,0.004679972267101046,1166.5176827057544,604.545309991195,703.8,615.7
6032,6071,0.004679972267101046,1166.5176827057544,604.545309991195,703.8,615.7
6032,6072,0.0003889202669185626,1166.5176827057544,604.545309991195,703.8,615.7
6032,6073,0.00015073637931394682,1166.5176827057544,604.545309991195,703.8,615.7
6032,6074,0.0003552332962357803,1166.5176827057544,604.545309991195,703.8,615.7
6032,6075,0.0030569130272240616,1166.5176827057544,604.545309991195,703.8,615.7
6032,6076,0.03847839730446441,1166.5176827057544,604.545309991195,703.8,615.7
6032,6077,0.5530842248401352,1166.5176827057544,604.545309991195,703.8,615.7
6032,6078,5.169611336091827,1166.5176827057544,604.545309991195,703.8,615.7
6032,6079,9.169226899697208,1166.5176827057544,604.545309991195,703.8,615.7
6032,6080,8.420356423675674,1166.5176827057544,604.545309991195,703.8,615.7
6032,6081,7.475180499472673,1166.5176827057544,604.545309991195,703.8,615.7
6032,6082,6.714212407994851,1166.5176827057544,604.545309991195,703.8,615.7
6032,6083,6.0992968024561645,1166.5176827057544,604.545309991195,703.8,615.7
6032,6084,5.592651971316436,1166.5176827057544,604.545309991195,703.8,615.7
6032,6085,5.168079809816991,1166.5176827057544,604.545309991195,703.8,615.7
6032,6086,4.807170014041656,1166.5176827057544,604.545309991195,703.8,615.7
6032,6087,4.4966257199799475,1166.5176827057544,604.545309991195,703.8,615.7
6032,6088,4.226606699786606,1166.5176827057544,604.545309991195,703.8,615.7
6032,6089,3.989676143204188,1166.5176827057544,604.545309991195,703.8,615.7
6032,6090,3.7801099431045877,1166.5176827057544,604.545309991195,703.8,615.7
6032,6091,3.7801099431045877,1166.5176827057544,604.545309991195,703.8,615.7
6032,6092,3.7801099431045877,1166.5176827057544,604.545309991195,703.8,615.7
6032,6093,3.7801099431045877,1166.5176827057544,604.545309991195,703.8,615.7
6032,6094,3.7801099431045877,1166.5176827057544,604.545309991195,703.8,615.7
6032,6095,3.7801099431045877,1166.5176827057544,604.545309991195,703.8,615.7
6032,6096,3.7801099431045877,1166.5176827057544,604.545309991195,703.8,615.7
6032,6097,3.7801099431045877,1166.5176827057544,604.545309991195,703.8,615.7
6032,6098,3.7801099431045877,1166.5176827057544,604.545309991195,703.8,615.7
6032,6099,3.7801099431045877,1166.5176827057544,604.545309991195,703.8,615.7
6032,6100,3.7801099431045877,1166.5176827057544,604.545309991195,703.8,615.7
6032,6101,3.7801099431045877,1166.5176827057544,604.545309991195,703.8,615.7
6032,6102,3.7801099431045877,1166.5176827057544,604.545309991195,703.8,615.7
6032,6103,3.7801099431045877,1166.5176827057544,604.545309991195,703.8,615.7
6032,6104,3.7801099431045877,1166.5176827057544,604.545309991195,703.8,615.7
6032,6105,3.7801099431045877,1166.5176827057544,604.545309991195,703.8,615.7
6032,6106,3.7801099431045877,1166.5176827057544,604.545309991195,703.8,615.7
6032,6107,3.7801099431045877,1166.5176827057544,604.545309991195,703.8,615.7
6032,6108,3.7801099431045877,1166.5176827057544,604.545309991195,703.8,615.7
6032,6109,3.7801099431045877,1166.5176827057544,604.545309991195,703.8,615.7
6032,6110,3.7801099431045877,1166.5176827057544,604.545309991195,703.8,615.7
6032,6111,3.7801099431045877,1166.5176827057544,604.545309991195,703.8,615.7
6032,6112,3.7801099431045877,1166.5176827057544,604.545309991195,703.8,615.7
6032,6113,3.7801099431045877,1166.5176827057544,604.545309991195,703.8,615.7
6032,6114,3.7801099431045877,1166.5176827057544,604.545309991195,703.8,615.7
6032,6115,3.7801099431045877,1166.5176827057544,604.545309991195,703.8,615.7
6032,6116,3.7801099431045877,1166.5176827057544,604.545309991195,703.8,615.7
6032,6117,3.7801099431045877,1166.5176827057544,604.545309991195,703.8,615.7
6032,6118,3.7801099431045877,1166.5176827057544,604.545309991195,703.8,615.7
6032,6119,3.7801099431045877,1166.5176827057544,604.545309991195,703.8,615.7
6032,6120,3.7801099431045877,1166.5176827057544,604.545309991195,703.8,615.7
6032,6121,3.7801099431045877,1166.5176827057544,604.545309991195,703.8,615.7
6032,6122,3.7801099431045877,1166.5176827057544,604.545309991195,703.8,615.7
6032,6123,3.7801099431045877,1166.5176827057544,604.545309991195,703.8,615.7
6032,6124,3.7801099431045877,1166.5176827057544,604.545309991195,703.8,615.7
6032,6125,3.7801099431045877,1166.5176827057544,604.545309991195,703.8,615.7
6032,6126,3.7801099431045877,1166.5176827057544,604.545309991195,703.8,615.7
6032,6127,3.7801099431045877,1166.5176827057544,604.545309991195,703.8,615.7
6032,6128,3.7801099431045877,1166.5176827057544,604.545309991195,703.8,615.7
6032,6129,3.7801099431045877,1166.5176827057544,604.545309991195,703.8,615.7
6032,6130,3.7801099431045877,1166.5176827057544,604.545309991195,703.8,615.7
6032,6131,3.7801099431045877,1166.5176827057544,604.545309991195,703.8,615.7
6032,6132,3.7801099431045877,1166.5176827057544,604.545309991195,703.8,615.7
6032,6133,3.7801099431045877,1166.5176827057544,604.545309991195,703.8,615.7
6032,6134,3.7801099431045877,1166.5176827057544,604.545309991195,703.8,615.7
6032,6135,3.7801099431045877,1166.5176827057544,604.545309991195,703.8,615.7
6032,6136,3.7801099431045877,1166.5176827057544,604.545309991195,703.8,615.7
6032,6137,3.7801099431045877,1166.5176827057544,604.545309991195,703.8,615.7
6032,6138,3.7801099431045877,1166.5176827057544,604.545309991195,703.8,615.7
6032,6139,3.7801099431045877,1166.5176827057544,604.545309991195,703.8,615.7
6032,6140,3.7801099431045877,1166.5176827057544,604.545309991195,703.8,615.7
6032,6141,3.7801099431045877,1166.5176827057544,604.545309991195,703.8,615.7
6032,6142,3.7801099431045877,1166.5176827057544,604.545309991195,703.8,615.7
6032,6143,3.7801099431045877,1166.5176827057544,604.545309991195,703.8,615.7
6032,6144,3.7801099431045877,1166.5176827057544,604.545309991195,703.8,615.7
6032,6145,3.7801099431045877,1166.5176827057544,604.545309991195,703.8,615.7
6032,6146,3.7801099431045877,1166.5176827057544,604.545309991195,703.8,615.7
6032,6147,3.7801099431045877,1166.5176827057544,604.545309991195,703.8,615.7
6032,6148,3.7801099431045877,1166.5176827057544,604.545309991195,703.8,615.7
6032,6149,3.7801099431045877,1166.5176827057544,604.545309991195,703.8,615.7
6032,6150,3.7801099431045877,1166.5176827057544,604.545309991195,703.8,615.7
6032,6151,3.7801099431045877,1166.5176827057544,604.545309991195,703.8,615.7
6032,6152,3.7801099431045877,1166.5176827057544,604.545309991195,703.8,615.7
6032,6153,3.7801099431045877,1166.5176827057544,604.545309991195,703.8,615.7
6032,6154,3.7801099431045877,1166.5176827057544,604.545309991195,703.8,615.7
6032,6155,3.7801099431045877,1166.5176827057544,604.545309991195,703.8,615.7
6032,6156,3.7801099431045877,1166.5176827057544,604.545309991195,703.8,615.7
6032,6157,3.7801099431045877,1166.5176827057544,604.545309991195,703.8,615.7
6032,6158,3.7801099431045877,1166.5176827057544,604.545309991195,703.8,615.7
6032,6159,3.7801099431045877,1166.5176827057544,604.545309991195,703.8,615.7
6032,6160,3.7801099431045877,1166.5176827057544,604.545309991195,703.8,615.7
6032,6161,3.7801099431045877,1166.5176827057544,604.545309991195,703.8,615.7
6032,6162,3.7801099431045877,993.5176827057545,593.545309991195,703.8,615.7
6032,6163,3.7801099431045877,993.5176827057545,593.545309991195,703.8,615.7
6032,6164,3.7801099431045877,993.5176827057545,593.545309991195,703.8,615.7
6032,6165,3.7801099431045877,993.5176827057545,593.545309991195,703.8,615.7
6032,6166,3.7801099431045877,993.5176827057545,593.545309991195,703.8,615.7
6032,6167,3.7801099431045877,993.5176827057545,593.545309991195,703.8,615.7
6032,6168,3.7801099431045877,993.5176827057545,593.545309991195,703.8,615.7
6032,6169,3.7801099431045877,993.5176827057545,593.545309991195,703.8,615.7
6032,6170,3.7801099431045877,993.5176827057545,593.545309991195,703.8,615.7
6032,6171,3.7801099431045877,993.5176827057545,593.545309991195,703.8,615.7
6032,6172,3.7801099431045877,993.5176827057545,593.545309991195,703.8,615.7
6032,6173,3.7801099431045877,993.5176827057545,593.545309991195,703.8,615.7
6032,6174,3.7801099431045877,993.5176827057545,593.545309991195,703.8,615.7
6032,6175,3.7801099431045877,993.5176827057545,593.545309991195,703.8,615.7
6032,6176,3.7801099431045877,993.5176827057545,593.545309991195,703.8,615.7
6032,6177,3.7801099431045877,993.5176827057545,593.545309991195,703.8,615.7
6032,6178,3.7801099431045877,993.5176827057545,593.545309991195,703.8,615.7
6032,6179,3.7801099431045877,993.5176827057545,593.545309991195,703.8,615.7
6032,6180,3.7801099431045877,993.5176827057545,593.545309991195,703.8,615.7
6032,6181,3.7801099431045877,993.5176827057545,593.545309991195,703.8,615.7
6032,6182,3.7801099431045877,993.5176827057545,593.545309991195,703.8,615.7
6032,6183,3.7801099431045877,993.5176827057545,593.545309991195,703.8,615.7
6032,6184,3.7801099431045877,993.5176827057545,593.545309991195,703.8,615.7
6032,6185,3.7801099431045877,993.5176827057545,593.545309991195,703.8,615.7
6032,6186,3.7801099431045877,993.5176827057545,593.545309991195,703.8,615.7
6032,6187,3.7801099431045877,993.5176827057545,593.545309991195,703.8,615.7
6032,6188,3.7801099431045877,993.5176827057545,593.545309991195,703.8,615.7
6033,6189,41.52501064446809,993.5176827057545,593.545309991195,703.8,615.7
6034,6190,41.52501064446809,993.5176827057545,593.545309991195,703.8,615.7
6035,6191,41.52501064446809,993.5176827057545,593.545309991195,703.8,615.7
6036,6192,41.52501064446809,993.5176827057545,593.545309991195,703.8,615.7
6037,6193,41.52501064446809,993.5176827057545,593.545309991195,703.8,615.7
6038,6194,41.52501064446809,993.5176827057545,593.545309991195,703.8,615.7
6039,6195,41.52501064446809,993.5176827057545,593.545309991195,703.8,615.7
6040,6196,41.52501064446809,993.5176827057545,593.545309991195,703.8,615.7
6041,6197,41.52501064446809,993.5176827057545,593.545309991195,703.8,615.7
6042,6198,41.52501064446809,993.5176827057545,593.545309991195,703.8,615.7
6043,6199,41.52501064446809,993.5176827057545,593.545309991195,703.8,615.7
6044,6200,41.52501064446809,993.5176827057545,593.545309991195,703.8,615.7
6045,6201,41.52501064446809,993.5176827057545,593.545309991195,703.8,615.7
6046,6202,41.52501064446809,993.5176827057545,593.545309991195,703.8,615.7
6047,6203,41.52501064446809,993.5176827057545,593.545309991195,703.8,615.7
6048,6204,41.52501064446809,993.5176827057545,593.545309991195,703.8,615.7
6049,6205,41.52501064446809,993.5176827057545,593.545309991195,703.8,615.7
6050,6206,41.52501064446809,993.5176827057545,593.545309991195,703.8,615.7
6051,6207,41.52501064446809,993.5176827057545,593.545309991195,703.8,615.7
6052,6208,41.52501064446809,993.5176827057545,593.545309991195,703.8,615.7
6053,6209,41.52501064446809,993.5176827057545,593.545309991195,703.8,615.7
6054,6210,41.52501064446809,993.5176827057545,593.545309991195,703.8,615.7
6055,6211,41.52501064446809,993.5176827057545,593.545309991195,703.8,615.7
6056,6212,41.52501064446809,993.5176827057545,593.545309991195,703.8,615.7
6057,6213,41.52501064446809,993.5176827057545,593.545309991195,703.8,615.7
6058,6214,41.52501064446809,993.5176827057545,593.545309991195,703.8,615.7
6059,6215,41.52501064446809,993.5176827057545,593.545309991195,703.8,615.7
6060,6216,41.52501064446809,993.5176827057545,593.545309991195,703.8,615.7
6061,6217,41.52501064446809,993.5176827057545,593.545309991195,703.8,615.7
6062,6218,41.52501064446809,993.5176827057545,593.545309991195,703.8,615.7
6063,6219,41.52501064446809,993.5176827057545,593.545309991195,719.6173913043477,614.4000000000001
6064,6220,41.52501064446809,993.5176827057545,593.545309991195,735.4347826086956,613.1
6065,6221,41.52501064446809,993.5176827057545,593.545309991195,751.2521739130434,611.8000000000001
6066,6222,41.52501064446809,993.5176827057545,593.545309991195,767.0695652173913,610.5
6067,6223,41.52501064446809,993.5176827057545,593.545309991195,782.8869565217391,609.2
6068,6224,41.52501064446809,993.5176827057545,593.545309991195,798.7043478260869,607.9
6069,6225,41.52501064446809,993.5176827057545,593.545309991195,814.5217391304348,606.6
6070,6226,41.52501064446809,993.5176827057545,593.545309991195,830.3391304347825,605.3000000000001
6071,6227,41.52501064446809,993.5176827057545,593.545309991195,846.1565217391303,604.0
6072,6228,41.52501064446809,993.5176827057545,593.545309991195,861.9739130434782,602.7
6073,6229,41.52501064446809,993.5176827057545,593.545309991195,877.791304347826,601.4
6074,6230,41.52501064446809,993.5176827057545,593.545309991195,893.6086956521739,600.1
6075,6231,41.52501064446809,993.5176827057545,593.545309991195,909.4260869565217,598.8
6076,6232,41.52501064446809,993.5176827057545,593.545309991195,925.2434782608696,597.5
6077,6233,41.52501064446809,993.5176827057545,593.545309991195,941.0608695652173,596.1999999999999
6078,6234,41.52501064446809,993.5176827057545,593.545309991195,956.8782608695651,594.9
6079,6235,41.52501064446809,993.5176827057545,593.545309991195,972.695652173913,593.6
6080,6236,41.52501064446809,993.5176827057545,593.545309991195,988.5130434782608,592.3
6081,6237,41.52501064446809,970.5176827057545,419.54530999119504,1004.3304347826086,591.0
6082,6238,41.52501064446809,970.5176827057545,419.54530999119504,1020.1478260869565,589.6999999999999
6083,6239,41.52501064446809,970.5176827057545,419.54530999119504,1035.9652173913041,588.4
6084,6240,41.52501064446809,970.5176827057545,419.54530999119504,1051.782608695652,587.0999999999999
6085,6241,41.52501064446809,970.5176827057545,419.54530999119504,1067.6,585.8
6086,6242,41.52501064446809,970.5176827057545,419.54530999119504,1067.6,585.8
6087,6243,41.52501064446809,970.5176827057545,419.54530999119504,1067.6,585.8
6088,6244,41.52501064446809,970.5176827057545,419.54530999119504,1067.6,585.8
6089,6245,41.52501064446809,970.5176827057545,419.54530999119504,1067.6,585.8
6090,6246,41.52501064446809,970.5176827057545,419.54530999119504,1067.6,585.8
6091,6247,41.52501064446809,970.5176827057545,419.54530999119504,1067.6,585.8
6092,6248,41.52501064446809,970.5176827057545,419.54530999119504,1067.6,585.8
6093,6249,41.52501064446809,970.5176827057545,419.54530999119504,1067.6,585.8
6094,6250,41.52501064446809,970.5176827057545,419.54530999119504,1067.6,585.8
6095,6251,41.52501064446809,970.5176827057545,419.54530999119504,1067.6,585.8
6096,6252,41.52501064446809,970.5176827057545,419.54530999119504,1067.6,585.8
6097,6253,41.52501064446809,970.5176827057545,419.54530999119504,1067.6,585.8
6098,6254,41.52501064446809,970.5176827057545,419.54530999119504,1067.6,585.8
6099,6255,41.52501064446809,970.5176827057545,419.54530999119504,1067.6,585.8
6100,6256,39.794674663482674,970.5176827057545,419.54530999119504,1067.6,585.8
6101,6257,37.932715825260544,970.5176827057545,419.54530999119504,1067.6,585.8
6102,6258,35.92793570521091,970.5176827057545,419.54530999119504,1067.6,585.8
6103,6259,33.76875922554472,970.5176827057545,419.54530999119504,1067.6,585.8
6104,6260,31.44352374614532,970.5176827057545,419.54530999119504,1067.6,585.8
6105,6261,28.940902724539306,970.5176827057545,419.54530999119504,1067.6,585.8
6106,6262,26.250494204907376,946.5176827057545,244.54530999119504,1067.6,585.8
6107,6263,23.36359870141922,946.5176827057545,244.54530999119504,1067.6,585.8
6108,6264,20.27419538666706,946.5176827057545,244.54530999119504,1067.6,585.8
6109,6265,16.98009571723287,946.5176827057545,244.54530999119504,1067.6,585.8
6110,6266,13.484207075665406,946.5176827057545,244.54530999119504,1067.6,585.8
6111,6267,9.79577763591839,946.5176827057545,244.54530999119504,1067.6,585.8
6112,6268,5.931427868942167,946.5176827057545,244.54530999119504,1067.6,585.8
6113,6269,5.931427868942167,946.5176827057545,244.54530999119504,1067.6,585.8
6114,6270,5.931427868942167,946.5176827057545,244.54530999119504,1067.6,585.8
6115,6271,5.931427868942167,946.5176827057545,244.54530999119504,1067.6,585.8
6116,6272,5.931427868942167,946.5176827057545,244.54530999119504,1067.6,585.8
6117,6273,5.931427868942167,946.5176827057545,244.54530999119504,1067.6,585.8
6118,6274,5.931427868942167,946.5176827057545,244.54530999119504,1067.6,585.8
6119,6275,5.931427868942167,946.5176827057545,244.54530999119504,1067.6,585.8
6120,6276,5.931427868942167,946.5176827057545,244.54530999119504,1067.6,585.8
6121,6277,5.931427868942167,946.5176827057545,244.54530999119504,1067.6,585.8
6122,6278,5.931427868942167,946.5176827057545,244.54530999119504,1067.6,585.8
6123,6279,5.931427868942167,946.5176827057545,244.54530999119504,1067.6,585.8
6124,6280,5.931427868942167,946.5176827057545,244.54530999119504,1067.6,585.8
6125,6281,5.931427868942167,946.5176827057545,244.54530999119504,1067.6,585.8
6126,6282,5.931427868942167,946.5176827057545,244.54530999119504,1067.6,585.8
6127,6283,5.931427868942167,946.5176827057545,244.54530999119504,1067.6,585.8
6128,6284,5.931427868942167,946.5176827057545,244.54530999119504,1067.6,585.8
6129,6285,5.931427868942167,946.5176827057545,244.54530999119504,1067.6,585.8
6130,6286,5.931427868942167,946.5176827057545,244.54530999119504,1067.6,585.8
6131,6287,5.931427868942167,946.5176827057545,244.54530999119504,1067.6,585.8
6131,6288,5.931427868942167,946.5176827057545,244.54530999119504,1067.6,585.8
6131,6289,5.931427868942167,946.5176827057545,244.54530999119504,1067.6,585.8
6131,6290,5.931427868942167,946.5176827057545,244.54530999119504,1067.6,585.8
6131,6291,5.931427868942167,946.5176827057545,244.54530999119504,1067.6,585.8
6131,6292,5.931427868942167,946.5176827057545,244.54530999119504,1067.6,585.8
6131,6293,5.931427868942167,946.5176827057545,244.54530999119504,1067.6,585.8
6131,6294,5.931427868942167,946.5176827057545,244.54530999119504,1067.6,585.8
6131,6295,5.931427868942167,946.5176827057545,244.54530999119504,1067.6,585.8
6131,6296,5.931427868942167,946.5176827057545,244.54530999119504,1067.6,585.8
6131,6297,5.931427868942167,946.5176827057545,244.54530999119504,1067.6,585.8
6131,6298,5.931427868942167,946.5176827057545,244.54530999119504,1067.6,585.8
6131,6299,5.931427868942167,946.5176827057545,244.54530999119504,1067.6,585.8
6131,6300,5.931427868942167,946.5176827057545,244.54530999119504,1067.6,585.8
6131,6301,5.931427868942167,946.5176827057545,244.54530999119504,1067.6,585.8
6131,6302,5.931427868942167,946.5176827057545,244.54530999119504,1067.6,585.8
6131,6303,5.931427868942167,946.5176827057545,244.54530999119504,1067.6,585.8
6131,6304,5.931427868942167,946.5176827057545,244.54530999119504,1067.6,585.8
6131,6305,5.931427868942167,946.5176827057545,244.54530999119504,1067.6,585.8
6131,6306,5.931427868942167,946.5176827057545,244.54530999119504,1067.6,585.8
6131,6307,5.931427868942167,946.5176827057545,244.54530999119504,1067.6,585.8
6131,6308,5.931427868942167,946.5176827057545,244.54530999119504,1067.6,585.8
6131,6309,5.931427868942167,946.5176827057545,244.54530999119504,1067.6,585.8
6131,6310,5.931427868942167,946.5176827057545,244.54530999119504,1067.6,585.8
6131,6311,5.931427868942167,946.5176827057545,244.54530999119504,1067.6,585.8
6131,6312,5.931427868942167,946.5176827057545,244.54530999119504,1067.6,585.8
6131,6313,5.931427868942167,946.5176827057545,244.54530999119504,1067.6,585.8
6131,6314,5.931427868942167,946.5176827057545,244.54530999119504,1067.6,585.8
6131,6315,5.931427868942167,946.5176827057545,244.54530999119504,1067.6,585.8
6131,6316,5.931427868942167,946.5176827057545,244.54530999119504,1067.6,585.8
6131,6317,5.931427868942167,946.5176827057545,244.54530999119504,1067.6,585.8
6131,6318,5.931427868942167,946.5176827057545,244.54530999119504,1067.6,585.8
6131,6319,5.931427868942167,946.5176827057545,244.54530999119504,1067.6,585.8
6132,6320,7.046645581093761,946.5176827057545,244.54530999119504,1067.6,585.8
6133,6321,7.046645581093761,946.5176827057545,244.54530999119504,1067.6,585.8
6134,6322,7.046645581093761,946.5176827057545,244.54530999119504,1067.6,585.8
6135,6323,7.046645581093761,946.5176827057545,244.54530999119504,1067.6,585.8
6136,6324,7.046645581093761,946.5176827057545,244.54530999119504,1067.6,585.8
6137,6325,7.046645581093761,946.5176827057545,244.54530999119504,1067.6,585.8
6138,6326,7.046645581093761,946.5176827057545,244.54530999119504,1067.6,585.8
6139,6327,7.046645581093761,946.5176827057545,244.54530999119504,1067.6,585.8
6140,6328,7.046645581093761,946.5176827057545,244.54530999119504,1067.6,585.8
6141,6329,7.046645581093761,946.5176827057545,244.54530999119504,1067.6,585.8
6142,6330,7.046645581093761,946.5176827057545,244.54530999119504,1067.6,585.8
6143,6331,7.046645581093761,946.5176827057545,244.54530999119504,1067.6,585.8
6144,6332,7.046645581093761,946.5176827057545,244.54530999119504,1067.6,585.8
6145,6333,7.046645581093761,946.5176827057545,244.54530999119504,1067.6,585.8
6146,6334,7.046645581093761,946.5176827057545,244.54530999119504,1067.6,585.8
6147,6335,7.046645581093761,946.5176827057545,244.54530999119504,1067.6,585.8
6148,6336,7.046645581093761,946.5176827057545,244.54530999119504,1067.6,585.8
6149,6337,7.046645581093761,946.5176827057545,244.54530999119504,1067.6,585.8
6150,6338,7.046645581093761,946.5176827057545,244.54530999119504,1067.6,585.8
6151,6339,7.046645581093761,946.5176827057545,244.54530999119504,1067.6,585.8
6152,6340,7.046645581093761,946.5176827057545,244.54530999119504,1067.6,585.8
6153,6341,7.046645581093761,946.5176827057545,244.54530999119504,1067.6,585.8
6154,6342,7.046645581093761,946.5176827057545,244.54530999119504,1067.6,585.8
6155,6343,7.046645581093761,946.5176827057545,244.54530999119504,1067.6,585.8
6156,6344,7.046645581093761,946.5176827057545,244.54530999119504,1067.6,585.8
6157,6345,7.046645581093761,946.5176827057545,244.54530999119504,1067.6,585.8
6158,6346,7.046645581093761,946.5176827057545,244.54530999119504,1067.6,585.8
6159,6347,7.046645581093761,946.5176827057545,244.54530999119504,1067.6,585.8
6160,6348,1.549845236475082,946.5176827057545,244.54530999119504,1067.6,585.8
6161,6348,1.549845236475082,946.5176827057545,244.54530999119504,1067.6,585.8
6162,6348,1.549845236475082,946.5176827057545,244.54530999119504,1067.6,585.8
6163,6348,1.549845236475082,946.5176827057545,244.54530999119504,1067.6,585.8
6164,6348,1.549845236475082,946.5176827057545,244.54530999119504,1067.6,585.8
6165,6349,3.604390983205327,946.5176827057545,244.54530999119504,1067.6,585.8
6166,6350,1.6884654802564183,946.5176827057545,244.54530999119504,1067.6,585.8
6167,6350,1.6884654802564183,946.5176827057545,244.54530999119504,1067.6,585.8
6168,6350,1.6884654802564183,946.5176827057545,244.54530999119504,1067.6,585.8
6169,6350,1.6884654802564183,946.5176827057545,244.54530999119504,1067.6,585.8
6170,6350,1.6884654802564183,946.5176827057545,244.54530999119504,1067.6,585.8
6171,6350,1.6884654802564183,946.5176827057545,244.54530999119504,1067.6,585.8
6172,6350,1.6884654802564183,946.5176827057545,244.54530999119504,1067.6,585.8
6173,6350,1.6884654802564183,946.5176827057545,244.54530999119504,1067.6,585.8
6174,6350,1.6884654802564183,808.5176827057545,452.54530999119504,1067.6,585.8
6175,6350,1.6884654802564183,808.5176827057545,452.54530999119504,1067.6,585.8
6176,6350,1.6884654802564183,808.5176827057545,452.54530999119504,1067.6,585.8
6177,6350,1.6884654802564183,808.5176827057545,452.54530999119504,1067.6,585.8
6178,6350,1.6884654802564183,808.5176827057545,452.54530999119504,1067.6,585.8
6179,6350,1.6884654802564183,808.5176827057545,452.54530999119504,1067.6,585.8
6180,6350,1.6884654802564183,808.5176827057545,452.54530999119504,1067.6,585.8
6181,6350,1.6884654802564183,808.5176827057545,452.54530999119504,1067.6,585.8
6182,6350,1.6884654802564183,808.5176827057545,452.54530999119504,1067.6,585.8
6183,6350,1.6884654802564183,808.5176827057545,452.54530999119504,1067.6,585.8
6184,6350,1.6884654802564183,808.5176827057545,452.54530999119504,1067.6,585.8
6185,6350,1.6884654802564183,808.5176827057545,452.54530999119504,1067.6,585.8
6186,6350,1.6884654802564183,808.5176827057545,452.54530999119504,1067.6,585.8
6187,6350,1.6884654802564183,808.5176827057545,452.54530999119504,1067.6,585.8
6188,6350,1.6884654802564183,808.5176827057545,452.54530999119504,1067.6,585.8
6189,6350,1.6884654802564183,808.5176827057545,452.54530999119504,1067.6,585.8
6190,6350,1.6884654802564183,808.5176827057545,452.54530999119504,1067.6,585.8
6191,6350,1.6884654802564183,808.5176827057545,452.54530999119504,1067.6,585.8
6192,6350,1.6884654802564183,808.5176827057545,452.54530999119504,1067.6,585.8
6193,6350,1.6884654802564183,808.5176827057545,452.54530999119504,1067.6,585.8
6194,6350,1.6884654802564183,808.5176827057545,452.54530999119504,1067.6,585.8
6195,6350,1.6884654802564183,808.5176827057545,452.54530999119504,1067.6,585.8
6196,6350,1.6884654802564183,808.5176827057545,452.54530999119504,1067.6,585.8
6197,6350,1.6884654802564183,808.5176827057545,452.54530999119504,1067.6,585.8
6198,6351,2.6761527529944127,808.5176827057545,452.54530999119504,1067.6,585.8
6199,6352,0.5080229535535704,808.5176827057545,452.54530999119504,1067.6,585.8
6200,6352,0.5080229535535704,808.5176827057545,452.54530999119504,1067.6,585.8
6201,6352,0.5080229535535704,808.5176827057545,452.54530999119504,1067.6,585.8
6202,6352,0.5080229535535704,808.5176827057545,452.54530999119504,1061.4461538461537,578.6153846153845
6203,6352,0.5080229535535704,808.5176827057545,452.54530999119504,1055.2923076923075,571.4307692307692
6204,6352,0.5080229535535704,808.5176827057545,452.54530999119504,1049.1384615384616,564.2461538461538
6205,6352,0.5080229535535704,808.5176827057545,452.54530999119504,1042.9846153846154,557.0615384615385
6206,6352,0.5080229535535704,808.5176827057545,452.54530999119504,1036.8307692307692,549.876923076923
6207,6352,0.5080229535535704,808.5176827057545,452.54530999119504,1030.676923076923,542.6923076923076
6208,6352,0.5080229535535704,669.5176827057545,660.545309991195,1024.5230769230768,535.5076923076923
6209,6352,0.5080229535535704,669.5176827057545,660.545309991195,1018.3692307692307,528.3230769230769
6210,6352,0.5080229535535704,669.5176827057545,660.545309991195,1012.2153846153846,521.1384615384616
6211,6352,0.5080229535535704,669.5176827057545,660.545309991195,1006.0615384615385,513.9538461538461
6212,6352,0.5080229535535704,669.5176827057545,660.545309991195,999.9076923076923,506.7692307692307
6213,6352,0.5080229535535704,669.5176827057545,660.545309991195,993.7538461538462,499.58461538461535
6214,6352,0.5080229535535704,669.5176827057545,660.545309991195,987.6,492.4
6215,6352,0.5080229535535704,669.5176827057545,660.545309991195,987.6,492.4
6216,6352,0.5080229535535704,669.5176827057545,660.545309991195,987.6,492.4
6217,6352,0.5080229535535704,669.5176827057545,660.545309991195,987.6,492.4
6218,6352,0.5080229535535704,669.5176827057545,660.545309991195,987.6,492.4
6219,6352,0.5080229535535704,669.5176827057545,660.545309991195,987.6,492.4
6220,6352,0.5080229535535704,669.5176827057545,660.545309991195,987.6,492.4
6221,6352,0.5080229535535704,669.5176827057545,660.545309991195,987.6,492.4
6222,6352,0.5080229535535704,669.5176827057545,660.545309991195,987.6,492.4
6223,6352,0.5080229535535704,669.5176827057545,660.545309991195,987.6,492.4
6224,6352,0.5080229535535704,669.5176827057545,660.545309991195,987.6,492.4
6225,6352,0.5080229535535704,669.5176827057545,660.545309991195,987.6,492.4
6226,6352,0.5080229535535704,669.5176827057545,660.545309991195,987.6,492.4
6227,6352,0.5080229535535704,669.5176827057545,660.545309991195,987.6,492.4
6228,6352,0.5080229535535704,669.5176827057545,660.545309991195,987.6,492.4
6229,6353,3.0789410415451868,669.5176827057545,660.545309991195,987.6,492.4
6230,6354,6.314231104679254,669.5176827057545,660.545309991195,987.6,492.4
6231,6355,9.229332459334351,669.5176827057545,660.545309991195,987.6,492.4
6232,6356,6.502530208467235,669.5176827057545,660.545309991195,987.6,492.4
6233,6357,8.872877491928598,669.5176827057545,660.545309991195,987.6,492.4
6234,6358,11.0152755011935,669.5176827057545,660.545309991195,987.6,492.4
6235,6359,12.955893928972854,669.5176827057545,660.545309991195,987.6,492.4
6236,6360,14.71807757109572,669.5176827057545,660.545309991195,987.6,492.4
6237,6361,14.71807757109572,669.5176827057545,660.545309991195,987.6,492.4
6238,6362,14.71807757109572,669.5176827057545,660.545309991195,987.6,492.4
6239,6363,14.71807757109572,669.5176827057545,660.545309991195,987.6,492.4
6240,6364,14.71807757109572,669.5176827057545,660.545309991195,987.6,492.4
6241,6365,14.71807757109572,669.5176827057545,660.545309991195,987.6,492.4
6242,6366,14.71807757109572,669.5176827057545,660.545309991195,987.6,492.4
6243,6367,14.71807757109572,669.5176827057545,660.545309991195,987.6,492.4
6244,6368,14.71807757109572,669.5176827057545,660.545309991195,987.6,492.4
6245,6369,14.71807757109572,669.5176827057545,660.545309991195,987.6,492.4
6246,6370,14.71807757109572,669.5176827057545,660.545309991195,987.6,492.4
6247,6371,14.71807757109572,669.5176827057545,660.545309991195,987.6,492.4
6248,6372,14.71807757109572,669.5176827057545,660.545309991195,987.6,492.4
6249,6373,14.71807757109572,669.5176827057545,660.545309991195,987.6,492.4
6250,6374,14.71807757109572,669.5176827057545,660.545309991195,987.6,492.4
6251,6375,14.71807757109572,669.5176827057545,660.545309991195,987.6,492.4
6252,6376,14.71807757109572,669.5176827057545,660.545309991195,987.6,492.4
6253,6377,14.71807757109572,669.5176827057545,660.545309991195,987.6,492.4
6254,6378,14.71807757109572,669.5176827057545,660.545309991195,987.6,492.4
6255,6379,14.71807757109572,669.5176827057545,660.545309991195,987.6,492.4
6256,6380,14.71807757109572,669.5176827057545,660.545309991195,987.6,492.4
6257,6381,14.71807757109572,669.5176827057545,660.545309991195,987.6,492.4
6258,6382,14.71807757109572,669.5176827057545,660.545309991195,987.6,492.4
6259,6383,14.71807757109572,669.5176827057545,660.545309991195,987.6,492.4
6260,6384,14.71807757109572,669.5176827057545,660.545309991195,987.6,492.4
6261,6385,14.71807757109572,669.5176827057545,660.545309991195,987.6,492.4
6262,6386,14.71807757109572,669.5176827057545,660.545309991195,987.6,492.4
6263,6387,14.71807757109572,669.5176827057545,660.545309991195,987.6,492.4
6264,6388,14.71807757109572,669.5176827057545,660.545309991195,987.6,492.4
6265,6389,14.71807757109572,669.5176827057545,660.545309991195,987.6,492.4
6266,6390,14.71807757109572,669.5176827057545,660.545309991195,987.6,492.4
6267,6391,14.71807757109572,669.5176827057545,660.545309991195,987.6,492.4
6268,6392,14.71807757109572,669.5176827057545,660.545309991195,987.6,492.4
6269,6393,14.71807757109572,669.5176827057545,660.545309991195,987.6,492.4
6270,6394,14.71807757109572,669.5176827057545,660.545309991195,987.6,492.4
6271,6395,14.71807757109572,669.5176827057545,660.545309991195,987.6,492.4
6272,6396,14.71807757109572,669.5176827057545,660.545309991195,987.6,492.4
6273,6397,14.71807757109572,669.5176827057545,660.545309991195,987.6,492.4
6274,6398,14.71807757109572,669.5176827057545,660.545309991195,987.6,492.4
6275,6399,14.71807757109572,669.5176827057545,660.545309991195,987.6,492.4
6276,6400,14.71807757109572,669.5176827057545,660.545309991195,987.6,492.4
6277,6401,14.71807757109572,669.5176827057545,660.545309991195,987.6,492.4
6278,6402,14.71807757109572,669.5176827057545,660.545309991195,987.6,492.4
6279,6403,14.71807757109572,669.5176827057545,660.545309991195,987.6,492.4
6280,6404,14.71807757109572,669.5176827057545,660.545309991195,987.6,492.4
6281,6405,14.71807757109572,669.5176827057545,660.545309991195,987.6,492.4
6282,6406,14.71807757109572,669.5176827057545,660.545309991195,987.6,492.4
6283,6407,14.71807757109572,669.5176827057545,660.545309991195,987.6,492.4
6284,6408,14.71807757109572,669.5176827057545,660.545309991195,987.6,492.4
6285,6409,14.71807757109572,669.5176827057545,660.545309991195,987.6,492.4
6286,6410,14.71807757109572,669.5176827057545,660.545309991195,987.6,492.4
6287,6411,14.71807757109572,669.5176827057545,660.545309991195,987.6,492.4
6288,6412,14.71807757109572,669.5176827057545,660.545309991195,987.6,492.4
6289,6413,14.71807757109572,669.5176827057545,660.545309991195,987.6,492.4
6290,6414,14.71807757109572,669.5176827057545,660.545309991195,987.6,492.4
6291,6415,14.71807757109572,669.5176827057545,660.545309991195,987.6,492.4
6292,6416,14.71807757109572,669.5176827057545,660.545309991195,987.6,492.4
6293,6417,14.71807757109572,669.5176827057545,660.545309991195,987.6,492.4
6294,6418,14.71807757109572,669.5176827057545,660.545309991195,987.6,492.4
6295,6419,14.71807757109572,669.5176827057545,660.545309991195,987.6,492.4
6296,6420,14.71807757109572,669.5176827057545,660.545309991195,987.6,492.4
6297,6421,14.71807757109572,669.5176827057545,660.545309991195,987.6,492.4
6298,6422,14.71807757109572,669.5176827057545,660.545309991195,987.6,492.4
6299,6423,14.71807757109572,669.5176827057545,660.545309991195,987.6,492.4
6300,6424,14.71807757109572,669.5176827057545,660.545309991195,987.6,492.4
6301,6425,14.71807757109572,669.5176827057545,660.545309991195,987.6,492.4
6302,6426,14.71807757109572,669.5176827057545,660.545309991195,987.6,492.4
6303,6427,14.71807757109572,669.5176827057545,660.545309991195,987.6,492.4
6304,6428,14.71807757109572,669.5176827057545,660.545309991195,987.6,492.4
6305,6429,14.71807757109572,669.5176827057545,660.545309991195,987.6,492.4
6306,6430,14.71807757109572,669.5176827057545,660.545309991195,987.6,492.4
6307,6431,14.71807757109572,669.5176827057545,660.545309991195,987.6,492.4
6308,6432,14.71807757109572,669.5176827057545,660.545309991195,987.6,492.4
6309,6433,14.71807757109572,669.5176827057545,660.545309991195,987.6,492.4
6310,6434,14.71807757109572,669.5176827057545,660.545309991195,987.6,492.4
6311,6435,14.71807757109572,669.5176827057545,660.545309991195,987.6,492.4
6312,6436,14.71807757109572,669.5176827057545,660.545309991195,987.6,492.4
6313,6437,14.71807757109572,669.5176827057545,660.545309991195,987.6,492.4
6314,6438,14.71807757109572,669.5176827057545,660.545309991195,987.6,492.4
6315,6439,14.71807757109572,669.5176827057545,660.545309991195,987.6,492.4
6316,6440,14.71807757109572,669.5176827057545,660.545309991195,987.6,492.4
6317,6441,14.71807757109572,669.5176827057545,660.545309991195,987.6,492.4
6318,6442,14.71807757109572,669.5176827057545,660.545309991195,987.6,492.4
6319,6443,14.71807757109572,669.5176827057545,660.545309991195,987.6,492.4
6320,6444,14.71807757109572,669.5176827057545,660.545309991195,987.6,492.4
6321,6445,14.71807757109572,669.5176827057545,660.545309991195,987.6,492.4
6322,6446,14.71807757109572,669.5176827057545,660.545309991195,987.6,492.4
6323,6447,14.71807757109572,669.5176827057545,660.545309991195,987.6,492.4
6324,6448,14.71807757109572,669.5176827057545,660.545309991195,987.6,492.4
6325,6449,14.71807757109572,669.5176827057545,660.545309991195,987.6,492.4
6326,6450,14.71807757109572,669.5176827057545,660.545309991195,987.6,492.4
6327,6451,14.71807757109572,669.5176827057545,660.545309991195,987.6,492.4
6328,6452,14.71807757109572,669.5176827057545,660.545309991195,987.6,492.4
6329,6453,14.71807757109572,669.5176827057545,660.545309991195,987.6,492.4
6330,6454,14.71807757109572,669.5176827057545,660.545309991195,987.6,492.4
6331,6455,14.71807757109572,669.5176827057545,660.545309991195,987.6,492.4
6332,6456,14.71807757109572,669.5176827057545,660.545309991195,987.6,492.4
6332,6457,14.71807757109572,669.5176827057545,660.545309991195,987.6,492.4
6332,6458,14.71807757109572,669.5176827057545,660.545309991195,987.6,492.4
6332,6459,14.71807757109572,669.5176827057545,660.545309991195,987.6,492.4
6332,6460,14.71807757109572,669.5176827057545,660.545309991195,987.6,492.4
6332,6461,14.71807757109572,669.5176827057545,660.545309991195,987.6,492.4
6332,6462,14.71807757109572,669.5176827057545,660.545309991195,987.6,492.4
6332,6463,14.71807757109572,669.5176827057545,660.545309991195,987.6,492.4
6332,6464,14.71807757109572,669.5176827057545,660.545309991195,987.6,492.4
6332,6465,14.71807757109572,669.5176827057545,660.545309991195,987.6,492.4
6332,6466,14.71807757109572,669.5176827057545,660.545309991195,987.6,492.4
6332,6467,14.71807757109572,669.5176827057545,660.545309991195,987.6,492.4
6332,6468,14.71807757109572,669.5176827057545,660.545309991195,987.6,492.4
6332,6469,14.71807757109572,669.5176827057545,660.545309991195,987.6,492.4
6332,6470,14.71807757109572,669.5176827057545,660.545309991195,987.6,492.4
6332,6471,14.71807757109572,669.5176827057545,660.545309991195,987.6,492.4
6332,6472,14.71807757109572,669.5176827057545,660.545309991195,987.6,492.4
6332,6473,14.71807757109572,669.5176827057545,660.545309991195,987.6,492.4
6332,6474,14.71807757109572,669.5176827057545,660.545309991195,987.6,492.4
6332,6475,14.71807757109572,669.5176827057545,660.545309991195,987.6,492.4
6332,6476,14.71807757109572,669.5176827057545,660.545309991195,987.6,492.4
6332,6477,14.71807757109572,669.5176827057545,660.545309991195,987.6,492.4
6332,6478,14.71807757109572,669.5176827057545,660.545309991195,987.6,492.4
6332,6479,14.71807757109572,669.5176827057545,660.545309991195,987.6,492.4
6332,6480,14.71807757109572,669.5176827057545,660.545309991195,987.6,492.4
6332,6481,14.71807757109572,669.5176827057545,660.545309991195,987.6,492.4
6332,6482,14.71807757109572,669.5176827057545,660.545309991195,987.6,492.4
6332,6483,14.71807757109572,669.5176827057545,660.545309991195,987.6,492.4
6332,6484,14.71807757109572,669.5176827057545,660.545309991195,987.6,492.4
6332,6485,14.71807757109572,669.5176827057545,660.545309991195,987.6,492.4
6332,6486,14.71807757109572,669.5176827057545,660.545309991195,987.6,492.4
6332,6487,14.71807757109572,669.5176827057545,660.545309991195,987.6,492.4
6332,6488,14.71807757109572,669.5176827057545,660.545309991195,987.6,492.4
6332,6489,14.71807757109572,669.5176827057545,660.545309991195,987.6,492.4
6332,6490,14.71807757109572,669.5176827057545,660.545309991195,987.6,492.4
6332,6491,14.71807757109572,669.5176827057545,660.545309991195,987.6,492.4
6332,6492,14.71807757109572,669.5176827057545,660.545309991195,987.6,492.4
6332,6493,14.71807757109572,669.5176827057545,660.545309991195,987.6,492.4
6332,6494,14.71807757109572,669.5176827057545,660.545309991195,987.6,492.4
6332,6495,14.71807757109572,669.5176827057545,660.545309991195,987.6,492.4
6332,6496,14.71807757109572,669.5176827057545,660.545309991195,987.6,492.4
6332,6497,14.71807757109572,669.5176827057545,660.545309991195,987.6,492.4
6332,6498,14.71807757109572,806.5176827057545,464.54530999119504,987.6,492.4
6332,6499,14.71807757109572,806.5176827057545,464.54530999119504,987.6,492.4
6332,6500,14.71807757109572,806.5176827057545,464.54530999119504,987.6,492.4
6332,6501,14.71807757109572,806.5176827057545,464.54530999119504,986.5307692307692,480.8153846153846
6332,6502,14.71807757109572,806.5176827057545,464.54530999119504,985.4615384615385,469.2307692307692
6332,6503,14.71807757109572,806.5176827057545,464.54530999119504,984.3923076923077,457.6461538461538
6332,6504,14.71807757109572,806.5176827057545,464.54530999119504,983.323076923077,446.0615384615385
6332,6505,14.71807757109572,806.5176827057545,464.54530999119504,982.2538461538462,434.4769230769231
6332,6506,14.71807757109572,806.5176827057545,464.54530999119504,981.1846153846154,422.89230769230767
6332,6507,14.71807757109572,806.5176827057545,464.54530999119504,980.1153846153846,411.30769230769226
6332,6508,14.71807757109572,806.5176827057545,464.54530999119504,979.0461538461539,399.7230769230769
6332,6509,14.71807757109572,806.5176827057545,464.54530999119504,977.9769230769231,388.13846153846157
6332,6510,14.71807757109572,806.5176827057545,464.54530999119504,976.9076923076924,376.55384615384617
6332,6511,13.378175651106632,806.5176827057545,464.54530999119504,975.8384615384616,364.96923076923076
6332,6512,11.914020971123593,806.5176827057545,464.54530999119504,974.7692307692308,353.38461538461536
6332,6513,10.309695879926881,806.5176827057545,464.54530999119504,973.7,341.8
6332,6514,8.54697525338667,806.5176827057545,464.54530999119504,973.7,341.8
6332,6515,6.605067907772568,806.5176827057545,464.54530999119504,973.7,341.8
6332,6516,4.460404412953048,806.5176827057545,464.54530999119504,973.7,341.8
6332,6517,2.086534789614459,806.5176827057545,464.54530999119504,973.7,341.8
6332,6518,0.5457614974303737,806.5176827057545,464.54530999119504,973.7,341.8
6332,6519,3.467996701355998,806.5176827057545,464.54530999119504,973.7,341.8
6332,6520,6.7129028043978956,806.5176827057545,464.54530999119504,973.7,341.8
6332,6521,10.312473027311153,806.5176827057545,464.54530999119504,973.7,341.8
6332,6522,14.294787467690448,806.5176827057545,464.54530999119504,973.7,341.8
6333,6523,12.923897141929485,806.5176827057545,464.54530999119504,973.7,341.8
6334,6524,8.132234585881996,806.5176827057545,464.54530999119504,973.7,341.8
6335,6525,2.9503096284968917,806.5176827057545,464.54530999119504,973.7,341.8
6336,6526,2.9503096284968917,806.5176827057545,464.54530999119504,973.7,341.8
6337,6527,2.9503096284968917,806.5176827057545,464.54530999119504,973.7,341.8
6338,6528,2.9503096284968917,806.5176827057545,464.54530999119504,973.7,341.8
6339,6529,2.9503096284968917,806.5176827057545,464.54530999119504,973.7,341.8
6340,6530,2.9503096284968917,806.5176827057545,464.54530999119504,973.7,341.8
6341,6531,2.9503096284968917,806.5176827057545,464.54530999119504,973.7,341.8
6342,6532,2.9503096284968917,944.5176827057545,268.54530999119504,973.7,341.8
6343,6533,2.9503096284968917,944.5176827057545,268.54530999119504,973.7,341.8
6344,6534,2.9503096284968917,944.5176827057545,268.54530999119504,973.7,341.8
6345,6535,2.9503096284968917,944.5176827057545,268.54530999119504,973.7,341.8
6346,6536,2.9503096284968917,944.5176827057545,268.54530999119504,973.7,341.8
6347,6537,2.9503096284968917,944.5176827057545,268.54530999119504,973.7,341.8
6348,6538,2.9503096284968917,944.5176827057545,268.54530999119504,973.7,341.8
6349,6539,2.9503096284968917,944.5176827057545,268.54530999119504,973.7,341.8
6350,6540,2.9503096284968917,944.5176827057545,268.54530999119504,973.7,341.8
6351,6541,2.9503096284968917,944.5176827057545,268.54530999119504,973.7,341.8
6352,6542,2.9503096284968917,944.5176827057545,268.54530999119504,973.7,341.8
6353,6543,2.9503096284968917,944.5176827057545,268.54530999119504,973.7,341.8
6354,6544,2.9503096284968917,944.5176827057545,268.54530999119504,973.7,341.8
6355,6545,2.9503096284968917,944.5176827057545,268.54530999119504,973.7,341.8
6356,6546,2.9503096284968917,944.5176827057545,268.54530999119504,973.7,341.8
6357,6547,2.9503096284968917,944.5176827057545,268.54530999119504,973.7,341.8
6358,6548,2.9503096284968917,944.5176827057545,268.54530999119504,973.7,341.8
6359,6549,2.9503096284968917,944.5176827057545,268.54530999119504,973.7,341.8
6360,6550,2.9503096284968917,944.5176827057545,268.54530999119504,973.7,341.8
6361,6551,2.9503096284968917,944.5176827057545,268.54530999119504,973.7,341.8
6362,6552,2.9503096284968917,944.5176827057545,268.54530999119504,973.7,341.8
6363,6553,2.9503096284968917,944.5176827057545,268.54530999119504,973.7,341.8
6364,6554,2.9503096284968917,944.5176827057545,268.54530999119504,973.7,341.8
6365,6555,2.9503096284968917,944.5176827057545,268.54530999119504,973.7,341.8
6366,6556,2.9503096284968917,944.5176827057545,268.54530999119504,973.7,341.8
6367,6557,2.9503096284968917,944.5176827057545,268.54530999119504,973.7,341.8
6368,6558,2.9503096284968917,944.5176827057545,268.54530999119504,973.7,341.8
6369,6559,2.9503096284968917,944.5176827057545,268.54530999119504,973.7,341.8
6370,6560,2.9503096284968917,944.5176827057545,268.54530999119504,973.7,341.8
6371,6561,2.9503096284968917,944.5176827057545,268.54530999119504,973.7,341.8
6372,6562,2.9503096284968917,944.5176827057545,268.54530999119504,973.7,341.8
6373,6563,2.9503096284968917,944.5176827057545,268.54530999119504,973.7,341.8
6374,6564,2.9503096284968917,944.5176827057545,268.54530999119504,973.7,341.8
6375,6565,2.9503096284968917,944.5176827057545,268.54530999119504,973.7,341.8
6376,6566,2.9503096284968917,944.5176827057545,268.54530999119504,973.7,341.8
6377,6567,2.9503096284968917,944.5176827057545,268.54530999119504,973.7,341.8
6378,6568,2.9503096284968917,944.5176827057545,268.54530999119504,973.7,341.8
6379,6569,2.9503096284968917,944.5176827057545,268.54530999119504,973.7,341.8
6380,6570,2.9503096284968917,944.5176827057545,268.54530999119504,973.7,341.8
6381,6571,2.9503096284968917,944.5176827057545,268.54530999119504,973.7,341.8
6382,6572,2.9503096284968917,944.5176827057545,268.54530999119504,973.7,341.8
6383,6573,2.9503096284968917,944.5176827057545,268.54530999119504,973.7,341.8
6384,6574,2.9503096284968917,944.5176827057545,268.54530999119504,973.7,341.8
6385,6575,2.9503096284968917,944.5176827057545,268.54530999119504,973.7,341.8
6386,6576,2.9503096284968917,944.5176827057545,268.54530999119504,973.7,341.8
6387,6577,2.9503096284968917,944.5176827057545,268.54530999119504,973.7,341.8
6388,6578,2.9503096284968917,944.5176827057545,268.54530999119504,973.7,341.8
6389,6579,2.9503096284968917,944.5176827057545,268.54530999119504,973.7,341.8
6390,6580,2.9503096284968917,944.5176827057545,268.54530999119504,973.7,341.8
6391,6581,2.9503096284968917,944.5176827057545,268.54530999119504,973.7,341.8
6392,6582,2.9503096284968917,944.5176827057545,268.54530999119504,973.7,341.8
6393,6583,2.9503096284968917,944.5176827057545,268.54530999119504,973.7,341.8
6394,6584,2.9503096284968917,944.5176827057545,268.54530999119504,973.7,341.8
6395,6585,2.9503096284968917,944.5176827057545,268.54530999119504,973.7,341.8
6396,6586,2.9503096284968917,944.5176827057545,268.54530999119504,973.7,341.8
6397,6587,2.9503096284968917,944.5176827057545,268.54530999119504,973.7,341.8
6398,6588,2.9503096284968917,944.5176827057545,268.54530999119504,973.7,341.8
6399,6589,2.9503096284968917,944.5176827057545,268.54530999119504,973.7,341.8
6399,6590,2.9503096284968917,944.5176827057545,268.54530999119504,973.7,341.8
6399,6591,2.9503096284968917,944.5176827057545,268.54530999119504,973.7,341.8
6399,6592,2.9503096284968917,944.5176827057545,268.54530999119504,973.7,341.8
6399,6593,2.9503096284968917,944.5176827057545,268.54530999119504,973.7,341.8
6399,6594,2.9503096284968917,944.5176827057545,268.54530999119504,973.7,341.8
6399,6595,2.9503096284968917,944.5176827057545,268.54530999119504,973.7,341.8
6399,6596,2.9503096284968917,944.5176827057545,268.54530999119504,973.7,341.8
6399,6597,2.9503096284968917,944.5176827057545,268.54530999119504,973.7,341.8
6399,6598,2.9503096284968917,944.5176827057545,268.54530999119504,973.7,341.8
6399,6599,2.9503096284968917,944.5176827057545,268.54530999119504,973.7,341.8
6399,6600,2.9503096284968917,944.5176827057545,268.54530999119504,973.7,341.8
6399,6601,2.9503096284968917,944.5176827057545,268.54530999119504,973.7,341.8
6399,6602,2.9503096284968917,944.5176827057545,268.54530999119504,973.7,341.8
6399,6603,2.9503096284968917,944.5176827057545,268.54530999119504,973.7,341.8
6399,6604,2.9503096284968917,944.5176827057545,268.54530999119504,973.7,341.8
6399,6605,2.9503096284968917,944.5176827057545,268.54530999119504,973.7,341.8
6399,6606,2.9503096284968917,944.5176827057545,268.54530999119504,973.7,341.8
6399,6607,2.9503096284968917,944.5176827057545,268.54530999119504,973.7,341.8
6399,6608,2.9503096284968917,944.5176827057545,268.54530999119504,973.7,341.8
6399,6609,2.9503096284968917,944.5176827057545,268.54530999119504,973.7,341.8
6399,6610,2.9503096284968917,944.5176827057545,268.54530999119504,973.7,341.8
6399,6611,2.9503096284968917,944.5176827057545,268.54530999119504,973.7,341.8
6399,6612,2.9503096284968917,944.5176827057545,268.54530999119504,973.7,341.8
6399,6613,2.9503096284968917,944.5176827057545,268.54530999119504,973.7,341.8
6399,6614,2.9503096284968917,944.5176827057545,268.54530999119504,973.7,341.8
6399,6615,2.9503096284968917,944.5176827057545,268.54530999119504,973.7,341.8
6399,6616,2.9503096284968917,944.5176827057545,268.54530999119504,973.7,341.8
6399,6617,2.9503096284968917,944.5176827057545,268.54530999119504,973.7,341.8
6399,6618,2.9503096284968917,944.5176827057545,268.54530999119504,973.7,341.8
6399,6619,2.9503096284968917,944.5176827057545,268.54530999119504,973.7,341.8
6399,6620,2.9503096284968917,944.5176827057545,268.54530999119504,973.7,341.8
6399,6621,2.9503096284968917,944.5176827057545,268.54530999119504,973.7,341.8
6399,6622,2.9503096284968917,944.5176827057545,268.54530999119504,973.7,341.8
6399,6623,2.9503096284968917,944.5176827057545,268.54530999119504,973.7,341.8
6399,6624,2.9503096284968917,944.5176827057545,268.54530999119504,973.7,341.8
6399,6625,2.9503096284968917,944.5176827057545,268.54530999119504,973.7,341.8
6399,6626,2.9503096284968917,944.5176827057545,268.54530999119504,973.7,341.8
6399,6627,2.9503096284968917,944.5176827057545,268.54530999119504,973.7,341.8
6399,6628,2.9503096284968917,944.5176827057545,268.54530999119504,973.7,341.8
6399,6629,2.9503096284968917,944.5176827057545,268.54530999119504,973.7,341.8
6399,6630,2.9503096284968917,944.5176827057545,268.54530999119504,973.7,341.8
6399,6631,2.9503096284968917,927.5176827057545,510.54530999119504,973.7,341.8
6399,6632,2.9503096284968917,927.5176827057545,510.54530999119504,973.7,341.8
6399,6633,2.9503096284968917,927.5176827057545,510.54530999119504,973.7,341.8
6399,6634,2.9503096284968917,927.5176827057545,510.54530999119504,973.7,341.8
6399,6635,2.9503096284968917,927.5176827057545,510.54530999119504,973.7,341.8
6399,6636,2.9503096284968917,927.5176827057545,510.54530999119504,973.7,341.8
6399,6637,2.9503096284968917,927.5176827057545,510.54530999119504,973.7,341.8
6399,6638,2.9503096284968917,927.5176827057545,510.54530999119504,973.7,341.8
6399,6639,2.9503096284968917,927.5176827057545,510.54530999119504,973.7,341.8
6399,6640,2.9503096284968917,927.5176827057545,510.54530999119504,973.7,341.8
6399,6641,2.9503096284968917,927.5176827057545,510.54530999119504,973.7,341.8
6399,6642,2.9503096284968917,927.5176827057545,510.54530999119504,973.7,341.8
6399,6643,2.9503096284968917,927.5176827057545,510.54530999119504,973.7,341.8
6399,6644,2.9503096284968917,927.5176827057545,510.54530999119504,973.7,341.8
6399,6645,2.9503096284968917,927.5176827057545,510.54530999119504,973.7,341.8
6399,6646,2.9503096284968917,927.5176827057545,510.54530999119504,973.7,341.8
6399,6647,2.9503096284968917,927.5176827057545,510.54530999119504,973.7,341.8
6399,6648,2.9503096284968917,927.5176827057545,510.54530999119504,973.7,341.8
6399,6649,2.9503096284968917,927.5176827057545,510.54530999119504,973.7,341.8
6399,6650,2.9503096284968917,927.5176827057545,510.54530999119504,973.7,341.8
6399,6651,2.9503096284968917,927.5176827057545,510.54530999119504,973.7,341.8
6399,6652,2.9503096284968917,927.5176827057545,510.54530999119504,973.7,341.8
6399,6653,2.9503096284968917,927.5176827057545,510.54530999119504,973.7,341.8
6399,6654,2.9503096284968917,927.5176827057545,510.54530999119504,973.7,341.8
6399,6655,2.9503096284968917,927.5176827057545,510.54530999119504,973.7,341.8
6399,6656,2.9503096284968917,927.5176827057545,510.54530999119504,973.7,341.8
6399,6657,2.9503096284968917,927.5176827057545,510.54530999119504,973.7,341.8
6399,6658,2.9503096284968917,927.5176827057545,510.54530999119504,973.7,341.8
6399,6659,2.9503096284968917,927.5176827057545,510.54530999119504,973.7,341.8
6399,6660,2.9503096284968917,927.5176827057545,510.54530999119504,973.7,341.8
6399,6661,2.9503096284968917,927.5176827057545,510.54530999119504,973.7,341.8
6399,6662,2.9503096284968917,927.5176827057545,510.54530999119504,973.7,341.8
6399,6663,2.9503096284968917,927.5176827057545,510.54530999119504,973.7,341.8
6399,6664,2.9503096284968917,927.5176827057545,510.54530999119504,973.7,341.8
6399,6665,2.9503096284968917,911.5176827057545,751.545309991195,973.7,341.8
6399,6666,2.9503096284968917,911.5176827057545,751.545309991195,973.7,341.8
6399,6667,2.9503096284968917,911.5176827057545,751.545309991195,973.7,341.8
6399,6668,2.9503096284968917,911.5176827057545,751.545309991195,973.7,341.8
6399,6669,2.9503096284968917,911.5176827057545,751.545309991195,973.7,341.8
6399,6670,2.9503096284968917,911.5176827057545,751.545309991195,973.7,341.8
6399,6671,2.9503096284968917,911.5176827057545,751.545309991195,973.7,341.8
6399,6672,2.9503096284968917,911.5176827057545,751.545309991195,973.7,341.8
6399,6673,2.9503096284968917,911.5176827057545,751.545309991195,973.7,341.8
6399,6674,2.9503096284968917,911.5176827057545,751.545309991195,973.7,341.8
6399,6675,2.9503096284968917,911.5176827057545,751.545309991195,973.7,341.8
6399,6676,2.9503096284968917,911.5176827057545,751.545309991195,973.7,341.8
6399,6677,2.9503096284968917,911.5176827057545,751.545309991195,973.7,341.8
6399,6678,2.9503096284968917,911.5176827057545,751.545309991195,973.7,341.8
6399,6679,2.9503096284968917,911.5176827057545,751.545309991195,973.7,341.8
6399,6680,2.9503096284968917,911.5176827057545,751.545309991195,973.7,341.8
6399,6681,2.9503096284968917,911.5176827057545,751.545309991195,973.7,341.8
6399,6682,2.9503096284968917,911.5176827057545,751.545309991195,973.7,341.8
6399,6683,2.9503096284968917,911.5176827057545,751.545309991195,973.7,341.8
6399,6684,2.9503096284968917,911.5176827057545,751.545309991195,973.7,341.8
6399,6685,2.9503096284968917,911.5176827057545,751.545309991195,973.7,341.8
6399,6686,2.9503096284968917,911.5176827057545,751.545309991195,973.7,341.8
6399,6687,2.9503096284968917,911.5176827057545,751.545309991195,973.7,341.8
6399,6688,2.9503096284968917,911.5176827057545,751.545309991195,973.7,341.8
6399,6689,2.9503096284968917,911.5176827057545,751.545309991195,973.7,341.8
6399,6690,2.9503096284968917,911.5176827057545,751.545309991195,973.7,341.8
6399,6691,2.9503096284968917,911.5176827057545,751.545309991195,973.7,341.8
6399,6692,2.9503096284968917,911.5176827057545,751.545309991195,973.7,341.8
6399,6693,2.9503096284968917,911.5176827057545,751.545309991195,973.7,341.8
6399,6694,8.552886119179757,911.5176827057545,751.545309991195,973.7,341.8
6399,6695,13.818758026970269,911.5176827057545,751.545309991195,973.7,341.8
6399,6696,18.697187526361205,911.5176827057545,751.545309991195,973.7,341.8
6399,6697,23.166700628349393,911.5176827057545,751.545309991195,973.7,341.8
6399,6698,27.228992499810914,911.5176827057545,751.545309991195,973.7,341.8
6400,6699,24.935949425169827,911.5176827057545,751.545309991195,973.7,341.8
6401,6700,21.62526648859755,911.5176827057545,751.545309991195,973.7,341.8
6402,6701,18.644742852838995,911.5176827057545,751.545309991195,973.7,341.8
6403,6702,15.961246495334423,911.5176827057545,751.545309991195,973.7,341.8
6404,6703,13.542646517761657,911.5176827057545,751.545309991195,973.7,341.8
6405,6704,11.359020131549162,911.5176827057545,751.545309991195,973.7,341.8
6406,6705,9.383212986790042,911.5176827057545,751.545309991195,973.7,341.8
6407,6706,7.5909937650006665,911.5176827057545,751.545309991195,973.7,341.8
6408,6707,7.5909937650006665,911.5176827057545,751.545309991195,973.7,341.8
6409,6708,7.5909937650006665,911.5176827057545,751.545309991195,973.7,341.8
6410,6709,7.5909937650006665,911.5176827057545,751.545309991195,973.7,341.8
6411,6710,7.5909937650006665,911.5176827057545,751.545309991195,973.7,341.8
6412,6711,7.5909937650006665,911.5176827057545,751.545309991195,973.7,341.8
6413,6712,7.5909937650006665,911.5176827057545,751.545309991195,973.7,341.8
6414,6713,7.5909937650006665,911.5176827057545,751.545309991195,973.7,341.8
6415,6714,7.5909937650006665,911.5176827057545,751.545309991195,973.7,341.8
6416,6715,7.5909937650006665,911.5176827057545,751.545309991195,973.7,341.8
6417,6716,7.5909937650006665,911.5176827057545,751.545309991195,973.7,341.8
6418,6717,7.5909937650006665,911.5176827057545,751.545309991195,973.7,341.8
6419,6718,7.5909937650006665,911.5176827057545,751.545309991195,973.7,341.8
6420,6719,7.5909937650006665,911.5176827057545,751.545309991195,973.7,341.8
6421,6720,7.5909937650006665,911.5176827057545,751.545309991195,973.7,341.8
6422,6721,7.5909937650006665,911.5176827057545,751.545309991195,973.7,341.8
6423,6722,7.5909937650006665,911.5176827057545,751.545309991195,973.7,341.8
6424,6723,7.5909937650006665,911.5176827057545,751.545309991195,973.7,341.8
6425,6724,7.5909937650006665,911.5176827057545,751.545309991195,973.7,341.8
6426,6725,7.5909937650006665,911.5176827057545,751.545309991195,973.7,341.8
6427,6726,7.5909937650006665,911.5176827057545,751.545309991195,973.7,341.8
6428,6727,7.5909937650006665,911.5176827057545,751.545309991195,973.7,341.8
6429,6728,7.5909937650006665,911.5176827057545,751.545309991195,973.7,341.8
6430,6729,7.5909937650006665,911.5176827057545,751.545309991195,973.7,341.8
6431,6730,7.5909937650006665,911.5176827057545,751.545309991195,973.7,341.8
6432,6731,7.5909937650006665,911.5176827057545,751.545309991195,973.7,341.8
6433,6732,7.5909937650006665,951.5176827057545,680.545309991195,973.7,341.8
6434,6733,7.5909937650006665,951.5176827057545,680.545309991195,973.7,341.8
6435,6734,7.5909937650006665,951.5176827057545,680.545309991195,973.7,341.8
6436,6735,7.5909937650006665,951.5176827057545,680.545309991195,973.7,341.8
6437,6736,7.5909937650006665,951.5176827057545,680.545309991195,973.7,341.8
6438,6737,7.5909937650006665,951.5176827057545,680.545309991195,973.7,341.8
6439,6738,7.5909937650006665,951.5176827057545,680.545309991195,973.7,341.8
6440,6739,7.5909937650006665,951.5176827057545,680.545309991195,973.7,341.8
6441,6740,7.5909937650006665,951.5176827057545,680.545309991195,973.7,341.8
6442,6741,7.5909937650006665,951.5176827057545,680.545309991195,973.7,341.8
6443,6742,7.5909937650006665,951.5176827057545,680.545309991195,973.7,341.8
6444,6743,7.5909937650006665,951.5176827057545,680.545309991195,975.5600000000001,349.12
6445,6744,7.5909937650006665,951.5176827057545,680.545309991195,977.4200000000001,356.44
6446,6745,7.5909937650006665,951.5176827057545,680.545309991195,979.28,363.76
6447,6746,7.5909937650006665,951.5176827057545,680.545309991195,981.14,371.08
6448,6747,7.5909937650006665,951.5176827057545,680.545309991195,983.0,378.4
6449,6748,7.5909937650006665,951.5176827057545,680.545309991195,984.86,385.72
6450,6749,7.5909937650006665,951.5176827057545,680.545309991195,986.72,393.04
6451,6750,7.5909937650006665,951.5176827057545,680.545309991195,988.5799999999999,400.36
6452,6751,7.5909937650006665,951.5176827057545,680.545309991195,990.4399999999999,407.68
6453,6752,7.5909937650006665,951.5176827057545,680.545309991195,992.3,415.0
6454,6753,7.5909937650006665,951.5176827057545,680.545309991195,992.3,415.0
6455,6754,7.5909937650006665,951.5176827057545,680.545309991195,992.3,415.0
6456,6755,7.5909937650006665,951.5176827057545,680.545309991195,992.3,415.0
6457,6756,7.5909937650006665,951.5176827057545,680.545309991195,992.3,415.0
6458,6757,7.5909937650006665,951.5176827057545,680.545309991195,992.3,415.0
6459,6758,7.5909937650006665,951.5176827057545,680.545309991195,992.3,415.0
6460,6759,7.5909937650006665,951.5176827057545,680.545309991195,992.3,415.0
6461,6760,7.5909937650006665,951.5176827057545,680.545309991195,992.3,415.0
6462,6761,7.5909937650006665,951.5176827057545,680.545309991195,992.3,415.0
6463,6762,7.5909937650006665,951.5176827057545,680.545309991195,992.3,415.0
6464,6763,7.5909937650006665,951.5176827057545,680.545309991195,992.3,415.0
6465,6764,7.5909937650006665,951.5176827057545,680.545309991195,992.3,415.0
6466,6765,7.5909937650006665,951.5176827057545,680.545309991195,992.3,415.0
6467,6766,7.5909937650006665,951.5176827057545,680.545309991195,992.3,415.0
6468,6767,7.5909937650006665,951.5176827057545,680.545309991195,992.3,415.0
6469,6768,7.5909937650006665,951.5176827057545,680.545309991195,992.3,415.0
6470,6769,7.5909937650006665,951.5176827057545,680.545309991195,992.3,415.0
6471,6770,7.5909937650006665,951.5176827057545,680.545309991195,992.3,415.0
6472,6771,7.5909937650006665,951.5176827057545,680.545309991195,992.3,415.0
6473,6772,7.5909937650006665,951.5176827057545,680.545309991195,992.3,415.0
6474,6773,7.5909937650006665,951.5176827057545,680.545309991195,992.3,415.0
6475,6774,7.5909937650006665,951.5176827057545,680.545309991195,992.3,415.0
6476,6775,7.5909937650006665,951.5176827057545,680.545309991195,992.3,415.0
6477,6776,7.5909937650006665,951.5176827057545,680.545309991195,992.3,415.0
6478,6777,7.5909937650006665,951.5176827057545,680.545309991195,992.3,415.0
6479,6778,7.5909937650006665,951.5176827057545,680.545309991195,992.3,415.0
6480,6779,7.5909937650006665,951.5176827057545,680.545309991195,992.3,415.0
6481,6780,7.5909937650006665,951.5176827057545,680.545309991195,992.3,415.0
6482,6781,7.5909937650006665,951.5176827057545,680.545309991195,992.3,415.0
6483,6782,7.5909937650006665,951.5176827057545,680.545309991195,992.3,415.0
6484,6783,7.5909937650006665,951.5176827057545,680.545309991195,992.3,415.0
6485,6784,7.5909937650006665,951.5176827057545,680.545309991195,992.3,415.0
6486,6785,7.5909937650006665,951.5176827057545,680.545309991195,992.3,415.0
6487,6786,7.5909937650006665,951.5176827057545,680.545309991195,992.3,415.0
6488,6787,7.5909937650006665,951.5176827057545,680.545309991195,992.3,415.0
6489,6788,7.5909937650006665,951.5176827057545,680.545309991195,992.3,415.0
6490,6789,7.5909937650006665,951.5176827057545,680.545309991195,992.3,415.0
6491,6790,7.5909937650006665,951.5176827057545,680.545309991195,992.3,415.0
6492,6791,7.5909937650006665,951.5176827057545,680.545309991195,992.3,415.0
6493,6792,7.5909937650006665,951.5176827057545,680.545309991195,992.3,415.0
6494,6793,6.844449649038771,951.5176827057545,680.545309991195,992.3,415.0
6495,6794,6.1336069355748,951.5176827057545,680.545309991195,992.3,415.0
6496,6795,5.4561683657769295,951.5176827057545,680.545309991195,992.3,415.0
6497,6796,4.810010100997689,951.5176827057545,680.545309991195,992.3,415.0
6498,6797,4.193168041045192,951.5176827057545,680.545309991195,992.3,415.0
6499,6798,3.6038250534585825,951.5176827057545,680.545309991195,992.3,415.0
6500,6799,3.0402991163636175,951.5176827057545,680.545309991195,992.3,415.0
6501,6800,2.5010323551132396,951.5176827057545,680.545309991195,992.3,415.0
6502,6801,1.984580938041844,951.5176827057545,680.545309991195,992.3,415.0
6503,6802,1.4896057873146002,951.5176827057545,680.545309991195,992.3,415.0
6504,6803,1.0148640555265998,951.5176827057545,680.545309991195,992.3,415.0
6505,6804,0.5592013162514595,951.5176827057545,680.545309991195,992.3,415.0
6506,6805,0.5592013162514595,951.5176827057545,680.545309991195,992.3,415.0
6507,6806,0.5592013162514595,951.5176827057545,680.545309991195,992.3,415.0
6508,6807,0.5592013162514595,951.5176827057545,680.545309991195,992.3,415.0
6509,6808,0.5592013162514595,951.5176827057545,680.545309991195,992.3,415.0
6510,6809,0.5592013162514595,951.5176827057545,680.545309991195,992.3,415.0
6511,6810,0.5592013162514595,951.5176827057545,680.545309991195,992.3,415.0
6512,6811,0.5592013162514595,951.5176827057545,680.545309991195,992.3,415.0
6513,6812,0.5592013162514595,951.5176827057545,680.545309991195,992.3,415.0
6514,6813,0.5592013162514595,951.5176827057545,680.545309991195,992.3,415.0
6515,6814,0.5592013162514595,951.5176827057545,680.545309991195,992.3,415.0
6516,6815,0.5592013162514595,951.5176827057545,680.545309991195,992.3,415.0
6517,6816,0.5592013162514595,951.5176827057545,680.545309991195,992.3,415.0
6518,6817,0.5592013162514595,951.5176827057545,680.545309991195,992.3,415.0
6519,6818,0.5592013162514595,951.5176827057545,680.545309991195,992.3,415.0
6520,6819,0.5592013162514595,951.5176827057545,680.545309991195,992.3,415.0
6521,6820,0.5592013162514595,951.5176827057545,680.545309991195,992.3,415.0
6522,6821,0.5592013162514595,951.5176827057545,680.545309991195,992.3,415.0
6523,6822,0.5592013162514595,951.5176827057545,680.545309991195,992.3,415.0
6524,6823,0.5592013162514595,951.5176827057545,680.545309991195,992.3,415.0
6525,6824,0.5592013162514595,951.5176827057545,680.545309991195,992.3,415.0
6526,6825,0.5592013162514595,951.5176827057545,680.545309991195,992.3,415.0
6527,6826,0.5592013162514595,951.5176827057545,680.545309991195,992.3,415.0
6528,6827,0.5592013162514595,951.5176827057545,680.545309991195,992.3,415.0
6529,6828,0.5592013162514595,951.5176827057545,680.545309991195,992.3,415.0
6530,6829,0.5592013162514595,951.5176827057545,680.545309991195,992.3,415.0
6531,6830,0.5592013162514595,951.5176827057545,680.545309991195,992.3,415.0
6532,6831,0.5592013162514595,951.5176827057545,680.545309991195,992.3,415.0
6533,6832,0.5592013162514595,951.5176827057545,680.545309991195,992.3,415.0
6534,6833,0.5592013162514595,951.5176827057545,680.545309991195,992.3,415.0
6535,6834,0.5592013162514595,951.5176827057545,680.545309991195,992.3,415.0
6536,6835,0.5592013162514595,951.5176827057545,680.545309991195,992.3,415.0
6537,6836,0.5592013162514595,951.5176827057545,680.545309991195,992.3,415.0
6538,6837,0.5592013162514595,951.5176827057545,680.545309991195,992.3,415.0
6539,6838,0.5592013162514595,951.5176827057545,680.545309991195,992.3,415.0
6540,6839,0.5592013162514595,951.5176827057545,680.545309991195,992.3,415.0
6541,6840,0.5592013162514595,951.5176827057545,680.545309991195,992.3,415.0
6542,6841,0.5592013162514595,951.5176827057545,680.545309991195,992.3,415.0
6543,6842,0.5592013162514595,951.5176827057545,680.545309991195,992.3,415.0
6544,6843,0.5592013162514595,951.5176827057545,680.545309991195,992.3,415.0
6545,6844,0.5592013162514595,951.5176827057545,680.545309991195,992.3,415.0
6546,6845,0.5592013162514595,951.5176827057545,680.545309991195,992.3,415.0
6547,6846,0.5592013162514595,951.5176827057545,680.545309991195,992.3,415.0
6548,6847,0.5592013162514595,951.5176827057545,680.545309991195,992.3,415.0
6549,6848,0.5592013162514595,951.5176827057545,680.545309991195,992.3,415.0
6550,6849,0.5592013162514595,951.5176827057545,680.545309991195,992.3,415.0
6551,6850,0.5592013162514595,951.5176827057545,680.545309991195,992.3,415.0
6552,6851,0.5592013162514595,951.5176827057545,680.545309991195,992.3,415.0
6553,6852,0.5592013162514595,951.5176827057545,680.545309991195,992.3,415.0
6554,6853,0.5592013162514595,951.5176827057545,680.545309991195,992.3,415.0
6555,6854,0.5592013162514595,951.5176827057545,680.545309991195,992.3,415.0
6556,6855,0.5592013162514595,951.5176827057545,680.545309991195,992.3,415.0
6557,6856,0.5592013162514595,951.5176827057545,680.545309991195,992.3,415.0
6558,6857,0.5592013162514595,951.5176827057545,680.545309991195,992.3,415.0
6559,6858,0.5592013162514595,951.5176827057545,680.545309991195,992.3,415.0
6560,6859,0.5592013162514595,951.5176827057545,680.545309991195,992.3,415.0
6561,6860,0.5592013162514595,951.5176827057545,680.545309991195,992.3,415.0
6562,6861,0.5592013162514595,951.5176827057545,680.545309991195,992.3,415.0
6563,6862,0.5592013162514595,951.5176827057545,680.545309991195,992.3,415.0
6564,6863,0.5592013162514595,951.5176827057545,680.545309991195,992.3,415.0
6565,6864,0.5592013162514595,951.5176827057545,680.545309991195,992.3,415.0
6566,6865,0.5592013162514595,951.5176827057545,680.545309991195,992.3,415.0
6567,6866,0.5592013162514595,951.5176827057545,680.545309991195,992.3,415.0
6568,6867,0.5592013162514595,951.5176827057545,680.545309991195,992.3,415.0
6569,6868,0.5592013162514595,951.5176827057545,680.545309991195,992.3,415.0
6570,6869,0.5592013162514595,951.5176827057545,680.545309991195,992.3,415.0
6571,6870,0.5592013162514595,951.5176827057545,680.545309991195,992.3,415.0
6572,6871,0.5592013162514595,951.5176827057545,680.545309991195,992.3,415.0
6573,6872,0.5592013162514595,951.5176827057545,680.545309991195,992.3,415.0
6574,6873,0.5592013162514595,951.5176827057545,680.545309991195,992.3,415.0
6575,6874,0.5592013162514595,951.5176827057545,680.545309991195,992.3,415.0
6576,6875,0.5592013162514595,951.5176827057545,680.545309991195,992.3,415.0
6577,6876,0.5592013162514595,951.5176827057545,680.545309991195,992.3,415.0
6578,6877,0.5592013162514595,951.5176827057545,680.545309991195,992.3,415.0
6579,6878,0.5592013162514595,951.5176827057545,680.545309991195,992.3,415.0
6580,6879,0.5592013162514595,951.5176827057545,680.545309991195,992.3,415.0
6581,6880,0.5592013162514595,951.5176827057545,680.545309991195,992.3,415.0
6582,6881,0.5592013162514595,951.5176827057545,680.545309991195,992.3,415.0
6583,6882,0.5592013162514595,951.5176827057545,680.545309991195,992.3,415.0
6584,6883,0.5592013162514595,951.5176827057545,680.545309991195,992.3,415.0
6585,6884,0.5592013162514595,951.5176827057545,680.545309991195,992.3,415.0
6586,6885,0.5592013162514595,951.5176827057545,680.545309991195,992.3,415.0
6587,6886,0.5592013162514595,951.5176827057545,680.545309991195,992.3,415.0
6588,6887,0.5592013162514595,951.5176827057545,680.545309991195,992.3,415.0
6589,6888,0.5592013162514595,951.5176827057545,680.545309991195,992.3,415.0
6590,6889,0.5592013162514595,951.5176827057545,680.545309991195,992.3,415.0
6591,6890,0.5592013162514595,951.5176827057545,680.545309991195,992.3,415.0
6592,6891,0.5592013162514595,951.5176827057545,680.545309991195,992.3,415.0
6593,6892,0.5592013162514595,951.5176827057545,680.545309991195,992.3,415.0
6594,6893,0.5592013162514595,951.5176827057545,680.545309991195,992.3,415.0
6595,6894,0.5592013162514595,951.5176827057545,680.545309991195,992.3,415.0
6596,6895,0.5592013162514595,951.5176827057545,680.545309991195,992.3,415.0
6597,6896,0.5592013162514595,951.5176827057545,680.545309991195,992.3,415.0
6598,6897,0.5592013162514595,951.5176827057545,680.545309991195,992.3,415.0
6599,6898,0.5592013162514595,1012.5176827057545,569.545309991195,992.3,415.0
6600,6899,0.5592013162514595,1012.5176827057545,569.545309991195,992.3,415.0
6601,6900,0.5592013162514595,1012.5176827057545,569.545309991195,992.3,415.0
6602,6901,0.5592013162514595,1012.5176827057545,569.545309991195,992.3,415.0
6603,6902,0.5592013162514595,1012.5176827057545,569.545309991195,992.3,415.0
6604,6903,0.5592013162514595,1012.5176827057545,569.545309991195,992.3,415.0
6605,6904,0.5592013162514595,1012.5176827057545,569.545309991195,992.3,415.0
6606,6905,0.5592013162514595,1012.5176827057545,569.545309991195,992.3,415.0
6607,6906,0.5592013162514595,1012.5176827057545,569.545309991195,992.3,415.0
6608,6907,0.5592013162514595,1012.5176827057545,569.545309991195,992.3,415.0
6609,6908,0.5592013162514595,1012.5176827057545,569.545309991195,992.3,415.0
6610,6909,0.5592013162514595,1012.5176827057545,569.545309991195,992.3,415.0
6611,6910,0.5592013162514595,1012.5176827057545,569.545309991195,992.3,415.0
6612,6911,0.5592013162514595,1012.5176827057545,569.545309991195,992.3,415.0
6613,6912,0.5592013162514595,1012.5176827057545,569.545309991195,992.3,415.0
6614,6913,0.5592013162514595,1012.5176827057545,569.545309991195,992.3,415.0
6615,6914,0.5592013162514595,1012.5176827057545,569.545309991195,992.3,415.0
6616,6915,0.5592013162514595,1012.5176827057545,569.545309991195,992.3,415.0
6617,6916,0.5592013162514595,1012.5176827057545,569.545309991195,992.3,415.0
6618,6917,0.5592013162514595,1012.5176827057545,569.545309991195,992.3,415.0
6619,6918,0.5592013162514595,1012.5176827057545,569.545309991195,992.3,415.0
6620,6919,0.5592013162514595,1012.5176827057545,569.545309991195,992.3,415.0
6621,6920,0.5592013162514595,1012.5176827057545,569.545309991195,992.3,415.0
6622,6921,0.5592013162514595,1012.5176827057545,569.545309991195,992.3,415.0
6623,6922,0.5592013162514595,1012.5176827057545,569.545309991195,992.3,415.0
6624,6923,0.5592013162514595,1012.5176827057545,569.545309991195,992.3,415.0
6625,6924,0.5592013162514595,1012.5176827057545,569.545309991195,992.3,415.0
6626,6925,0.5592013162514595,1012.5176827057545,569.545309991195,992.3,415.0
6627,6926,0.5592013162514595,1012.5176827057545,569.545309991195,992.3,415.0
6628,6927,0.5592013162514595,1012.5176827057545,569.545309991195,992.3,415.0
6629,6928,0.5592013162514595,1012.5176827057545,569.545309991195,992.3,415.0
6630,6929,0.5592013162514595,1012.5176827057545,569.545309991195,992.3,415.0
6631,6930,0.5592013162514595,1012.5176827057545,569.545309991195,992.3,415.0
6632,6931,0.5592013162514595,1012.5176827057545,569.545309991195,992.3,415.0
6633,6932,0.5592013162514595,1072.5176827057544,459.54530999119504,992.3,415.0
6634,6932,0.5592013162514595,1072.5176827057544,459.54530999119504,992.3,415.0
6635,6932,0.5592013162514595,1072.5176827057544,459.54530999119504,992.3,415.0
6636,6932,0.5592013162514595,1072.5176827057544,459.54530999119504,992.3,415.0
6637,6932,0.5592013162514595,1072.5176827057544,459.54530999119504,992.3,415.0
6638,6932,0.5592013162514595,1072.5176827057544,459.54530999119504,992.3,415.0
6639,6932,0.5592013162514595,1072.5176827057544,459.54530999119504,992.3,415.0
6640,6932,0.5592013162514595,1072.5176827057544,459.54530999119504,992.3,415.0
6641,6932,0.5592013162514595,1072.5176827057544,459.54530999119504,992.3,415.0
6642,6932,0.5592013162514595,1072.5176827057544,459.54530999119504,992.3,415.0
6643,6932,0.5592013162514595,1072.5176827057544,459.54530999119504,992.3,415.0
6644,6932,0.5592013162514595,1072.5176827057544,459.54530999119504,992.3,415.0
6645,6932,0.5592013162514595,1072.5176827057544,459.54530999119504,992.3,415.0
6646,6932,0.5592013162514595,1072.5176827057544,459.54530999119504,992.3,415.0
6647,6932,0.5592013162514595,1072.5176827057544,459.54530999119504,992.3,415.0
6648,6932,0.5592013162514595,1072.5176827057544,459.54530999119504,992.3,415.0
6649,6932,0.5592013162514595,1072.5176827057544,459.54530999119504,992.3,415.0
6650,6932,0.5592013162514595,1072.5176827057544,459.54530999119504,992.3,415.0
6651,6932,0.5592013162514595,1072.5176827057544,459.54530999119504,992.3,415.0
6652,6932,0.5592013162514595,1072.5176827057544,459.54530999119504,992.3,415.0
6653,6932,0.5592013162514595,1072.5176827057544,459.54530999119504,992.3,415.0
6654,6932,0.5592013162514595,1072.5176827057544,459.54530999119504,992.3,415.0
6655,6932,0.5592013162514595,1072.5176827057544,459.54530999119504,992.3,415.0
6656,6932,0.5592013162514595,1072.5176827057544,459.54530999119504,992.3,415.0
6657,6932,0.5592013162514595,1072.5176827057544,459.54530999119504,992.3,415.0
6658,6932,0.5592013162514595,1072.5176827057544,459.54530999119504,992.3,415.0
6659,6932,0.5592013162514595,1072.5176827057544,459.54530999119504,992.3,415.0
6660,6932,0.5592013162514595,1072.5176827057544,459.54530999119504,992.3,415.0
6661,6932,0.5592013162514595,1072.5176827057544,459.54530999119504,992.3,415.0
6662,6932,0.5592013162514595,1072.5176827057544,459.54530999119504,992.3,415.0
6663,6932,0.5592013162514595,1072.5176827057544,459.54530999119504,992.3,415.0
6664,6932,0.5592013162514595,1072.5176827057544,459.54530999119504,992.3,415.0
6665,6932,0.5592013162514595,1072.5176827057544,459.54530999119504,992.3,415.0
6666,6932,0.5592013162514595,1072.5176827057544,459.54530999119504,992.3,415.0
6667,6932,0.5592013162514595,1072.5176827057544,459.54530999119504,992.3,415.0
6668,6932,0.5592013162514595,1072.5176827057544,459.54530999119504,992.3,415.0
6669,6932,0.5592013162514595,1072.5176827057544,459.54530999119504,992.3,415.0
6670,6932,0.5592013162514595,1072.5176827057544,459.54530999119504,992.3,415.0
6671,6932,0.5592013162514595,1072.5176827057544,459.54530999119504,992.3,415.0
6672,6932,0.5592013162514595,1072.5176827057544,459.54530999119504,992.3,415.0
6673,6932,0.5592013162514595,1072.5176827057544,459.54530999119504,992.3,415.0
6674,6932,0.5592013162514595,1072.5176827057544,459.54530999119504,992.3,415.0
6675,6932,0.5592013162514595,1072.5176827057544,459.54530999119504,992.3,415.0
6676,6932,0.5592013162514595,1072.5176827057544,459.54530999119504,992.3,415.0
6677,6932,0.5592013162514595,1072.5176827057544,459.54530999119504,992.3,415.0
6678,6932,0.5592013162514595,1072.5176827057544,459.54530999119504,992.3,415.0
6679,6932,0.5592013162514595,1072.5176827057544,459.54530999119504,992.3,415.0
6680,6932,0.5592013162514595,1072.5176827057544,459.54530999119504,992.3,415.0
6681,6932,0.5592013162514595,1072.5176827057544,459.54530999119504,992.3,415.0
6682,6932,0.5592013162514595,1072.5176827057544,459.54530999119504,992.3,415.0
6683,6932,0.5592013162514595,1072.5176827057544,459.54530999119504,992.3,415.0
6684,6932,0.5592013162514595,1072.5176827057544,459.54530999119504,992.3,415.0
6685,6932,0.5592013162514595,1072.5176827057544,459.54530999119504,992.3,415.0
6686,6932,0.5592013162514595,1072.5176827057544,459.54530999119504,992.3,415.0
6687,6932,0.5592013162514595,1072.5176827057544,459.54530999119504,992.3,415.0
6688,6932,0.5592013162514595,1072.5176827057544,459.54530999119504,992.3,415.0
6689,6932,0.5592013162514595,1072.5176827057544,459.54530999119504,992.3,415.0
6690,6932,0.5592013162514595,1072.5176827057544,459.54530999119504,992.3,415.0
6691,6932,0.5592013162514595,1072.5176827057544,459.54530999119504,992.3,415.0
6692,6932,0.5592013162514595,1072.5176827057544,459.54530999119504,992.3,415.0
6693,6932,0.5592013162514595,1072.5176827057544,459.54530999119504,992.3,415.0
6694,6932,0.5592013162514595,1072.5176827057544,459.54530999119504,992.3,415.0
6695,6932,0.5592013162514595,1072.5176827057544,459.54530999119504,992.3,415.0
6696,6932,0.5592013162514595,1072.5176827057544,459.54530999119504,992.3,415.0
6697,6932,0.5592013162514595,1072.5176827057544,459.54530999119504,992.3,415.0
6698,6932,0.5592013162514595,1072.5176827057544,459.54530999119504,992.3,415.0
6699,6932,0.5592013162514595,1072.5176827057544,459.54530999119504,992.3,415.0
6700,6932,0.5592013162514595,1072.5176827057544,459.54530999119504,992.3,415.0
6701,6932,0.5592013162514595,1072.5176827057544,459.54530999119504,992.3,415.0
6702,6932,0.5592013162514595,1072.5176827057544,459.54530999119504,992.3,415.0
6703,6932,0.5592013162514595,1072.5176827057544,459.54530999119504,992.3,415.0
6704,6932,0.5592013162514595,1072.5176827057544,459.54530999119504,992.3,415.0
6705,6932,0.5592013162514595,1072.5176827057544,459.54530999119504,992.3,415.0
6706,6932,0.5592013162514595,1072.5176827057544,459.54530999119504,992.3,415.0
6707,6932,0.5592013162514595,1072.5176827057544,459.54530999119504,992.3,415.0
6708,6932,0.5592013162514595,1072.5176827057544,459.54530999119504,992.3,415.0
6709,6932,0.5592013162514595,1072.5176827057544,459.54530999119504,992.3,415.0
6710,6932,0.5592013162514595,1072.5176827057544,459.54530999119504,992.3,415.0
6711,6932,0.5592013162514595,1072.5176827057544,459.54530999119504,992.3,415.0
6712,6932,0.5592013162514595,1072.5176827057544,459.54530999119504,992.3,415.0
6713,6932,0.5592013162514595,1072.5176827057544,459.54530999119504,992.3,415.0
6714,6932,0.5592013162514595,1072.5176827057544,459.54530999119504,992.3,415.0
6715,6932,0.5592013162514595,1072.5176827057544,459.54530999119504,992.3,415.0
6716,6932,0.5592013162514595,1072.5176827057544,459.54530999119504,992.3,415.0
6717,6932,0.5592013162514595,1072.5176827057544,459.54530999119504,992.3,415.0
6718,6932,0.5592013162514595,1072.5176827057544,459.54530999119504,992.3,415.0
6719,6932,0.5592013162514595,1072.5176827057544,459.54530999119504,992.3,415.0
6720,6932,0.5592013162514595,1072.5176827057544,459.54530999119504,992.3,415.0
6721,6932,0.5592013162514595,1072.5176827057544,459.54530999119504,992.3,415.0
6722,6932,0.5592013162514595,1072.5176827057544,459.54530999119504,992.3,415.0
6723,6932,0.5592013162514595,1072.5176827057544,459.54530999119504,992.3,415.0
6724,6932,0.5592013162514595,1072.5176827057544,459.54530999119504,992.3,415.0
6725,6932,0.5592013162514595,1072.5176827057544,459.54530999119504,992.3,415.0
6726,6932,0.5592013162514595,1072.5176827057544,459.54530999119504,992.3,415.0
6727,6932,0.5592013162514595,1072.5176827057544,459.54530999119504,992.3,415.0
6728,6932,0.5592013162514595,1072.5176827057544,459.54530999119504,992.3,415.0
6729,6932,0.5592013162514595,1072.5176827057544,459.54530999119504,992.3,415.0
6730,6932,0.5592013162514595,1072.5176827057544,459.54530999119504,992.3,415.0
6731,6932,0.5592013162514595,1072.5176827057544,459.54530999119504,992.3,415.0
6732,6932,0.5592013162514595,995.5176827057545,505.54530999119504,992.3,415.0
6733,6932,0.5592013162514595,995.5176827057545,505.54530999119504,992.3,415.0
6734,6932,0.5592013162514595,995.5176827057545,505.54530999119504,992.3,415.0
6735,6932,0.5592013162514595,995.5176827057545,505.54530999119504,992.3,415.0
6736,6932,0.5592013162514595,995.5176827057545,505.54530999119504,992.3,415.0
6737,6932,0.5592013162514595,995.5176827057545,505.54530999119504,992.3,415.0
6738,6932,0.5592013162514595,995.5176827057545,505.54530999119504,992.3,415.0
6739,6932,0.5592013162514595,995.5176827057545,505.54530999119504,992.3,415.0
6740,6932,0.5592013162514595,995.5176827057545,505.54530999119504,992.3,415.0
6741,6932,0.5592013162514595,995.5176827057545,505.54530999119504,992.3,415.0
6742,6932,0.5592013162514595,995.5176827057545,505.54530999119504,992.3,415.0
6743,6932,0.5592013162514595,995.5176827057545,505.54530999119504,992.3,415.0
6744,6932,0.5592013162514595,995.5176827057545,505.54530999119504,992.3,415.0
6745,6932,0.5592013162514595,995.5176827057545,505.54530999119504,992.3,415.0
6746,6932,0.5592013162514595,995.5176827057545,505.54530999119504,992.3,415.0
6747,6932,0.5592013162514595,995.5176827057545,505.54530999119504,992.3,415.0
6748,6932,0.5592013162514595,995.5176827057545,505.54530999119504,992.3,415.0
6749,6932,0.5592013162514595,995.5176827057545,505.54530999119504,992.3,415.0
6750,6932,0.5592013162514595,995.5176827057545,505.54530999119504,992.3,415.0
6751,6932,0.5592013162514595,995.5176827057545,505.54530999119504,992.3,415.0
6752,6932,0.5592013162514595,995.5176827057545,505.54530999119504,992.3,415.0
6753,6932,0.5592013162514595,995.5176827057545,505.54530999119504,992.3,415.0
6754,6932,0.5592013162514595,995.5176827057545,505.54530999119504,992.3,415.0
6755,6932,0.5592013162514595,995.5176827057545,505.54530999119504,992.3,415.0
6756,6932,0.5592013162514595,995.5176827057545,505.54530999119504,992.3,415.0
6757,6932,0.5592013162514595,995.5176827057545,505.54530999119504,992.3,415.0
6758,6932,0.5592013162514595,995.5176827057545,505.54530999119504,992.3,415.0
6759,6932,0.5592013162514595,995.5176827057545,505.54530999119504,992.3,415.0
6760,6932,0.5592013162514595,995.5176827057545,505.54530999119504,992.3,415.0
6761,6932,0.5592013162514595,995.5176827057545,505.54530999119504,992.3,415.0
6762,6932,0.5592013162514595,995.5176827057545,505.54530999119504,992.3,415.0
6763,6932,0.5592013162514595,995.5176827057545,505.54530999119504,992.3,415.0
6764,6932,0.5592013162514595,995.5176827057545,505.54530999119504,992.3,415.0
6765,6932,0.5592013162514595,995.5176827057545,505.54530999119504,992.3,415.0
6766,6932,0.09425154011630242,918.5176827057545,551.545309991195,992.3,415.0
6767,6932,0.09425154011630242,918.5176827057545,551.545309991195,992.3,415.0
6768,6932,0.09425154011630242,918.5176827057545,551.545309991195,992.3,415.0
6769,6932,0.09425154011630242,918.5176827057545,551.545309991195,992.3,415.0
6770,6932,0.09425154011630242,918.5176827057545,551.545309991195,992.3,415.0
6771,6932,0.09425154011630242,918.5176827057545,551.545309991195,992.3,415.0
6772,6932,0.09425154011630242,918.5176827057545,551.545309991195,992.3,415.0
6773,6932,0.09425154011630242,918.5176827057545,551.545309991195,992.3,415.0
6774,6932,0.09425154011630242,918.5176827057545,551.545309991195,992.3,415.0
6775,6932,0.09425154011630242,918.5176827057545,551.545309991195,992.3,415.0
6776,6932,0.09425154011630242,918.5176827057545,551.545309991195,992.3,415.0
6777,6932,0.09425154011630242,918.5176827057545,551.545309991195,992.3,415.0
6778,6932,0.09425154011630242,918.5176827057545,551.545309991195,992.3,415.0
6779,6932,0.09425154011630242,918.5176827057545,551.545309991195,992.3,415.0
6780,6932,0.09425154011630242,918.5176827057545,551.545309991195,992.3,415.0
6781,6932,0.09425154011630242,918.5176827057545,551.545309991195,992.3,415.0
6782,6932,0.09425154011630242,918.5176827057545,551.545309991195,992.3,415.0
6783,6932,0.09425154011630242,918.5176827057545,551.545309991195,992.3,415.0
6784,6932,0.09425154011630242,918.5176827057545,551.545309991195,992.3,415.0
6785,6932,0.09425154011630242,918.5176827057545,551.545309991195,992.3,415.0
6786,6932,0.09425154011630242,918.5176827057545,551.545309991195,992.3,415.0
6787,6932,0.09425154011630242,918.5176827057545,551.545309991195,992.3,415.0
6788,6932,0.09425154011630242,918.5176827057545,551.545309991195,992.3,415.0
6789,6932,0.09425154011630242,918.5176827057545,551.545309991195,992.3,415.0
6790,6932,0.09425154011630242,918.5176827057545,551.545309991195,992.3,415.0
6791,6932,0.09425154011630242,918.5176827057545,551.545309991195,992.3,415.0
6792,6932,0.09425154011630242,918.5176827057545,551.545309991195,992.3,415.0
6793,6932,0.09425154011630242,918.5176827057545,551.545309991195,992.3,415.0
6794,6932,0.09425154011630242,918.5176827057545,551.545309991195,992.3,415.0
6795,6932,0.09425154011630242,918.5176827057545,551.545309991195,992.3,415.0
6796,6932,0.09425154011630242,918.5176827057545,551.545309991195,992.3,415.0
6797,6932,0.09425154011630242,918.5176827057545,551.545309991195,992.3,415.0
6798,6932,0.09425154011630242,918.5176827057545,551.545309991195,992.3,415.0
6799,6932,0.09425154011630242,842.5176827057545,598.545309991195,992.3,415.0
6800,6933,0.1677909223968728,842.5176827057545,598.545309991195,992.3,415.0
6801,6933,0.1677909223968728,842.5176827057545,598.545309991195,992.3,415.0
6802,6933,0.1677909223968728,842.5176827057545,598.545309991195,992.3,415.0
6803,6933,0.1677909223968728,842.5176827057545,598.545309991195,992.3,415.0
6804,6933,0.1677909223968728,842.5176827057545,598.545309991195,992.3,415.0
6805,6933,0.1677909223968728,842.5176827057545,598.545309991195,992.3,415.0
6806,6933,0.1677909223968728,842.5176827057545,598.545309991195,992.3,415.0
6807,6933,0.1677909223968728,842.5176827057545,598.545309991195,992.3,415.0
6808,6933,0.1677909223968728,842.5176827057545,598.545309991195,992.3,415.0
6809,6933,0.1677909223968728,842.5176827057545,598.545309991195,992.3,415.0
6810,6933,0.1677909223968728,842.5176827057545,598.545309991195,992.3,415.0
6811,6933,0.1677909223968728,842.5176827057545,598.545309991195,992.3,415.0
6812,6933,0.1677909223968728,842.5176827057545,598.545309991195,992.3,415.0
6813,6933,0.1677909223968728,842.5176827057545,598.545309991195,992.3,415.0
6814,6933,0.1677909223968728,842.5176827057545,598.545309991195,992.3,415.0
6815,6933,0.1677909223968728,842.5176827057545,598.545309991195,992.3,415.0
6816,6933,0.1677909223968728,842.5176827057545,598.545309991195,992.3,415.0
6817,6933,0.1677909223968728,842.5176827057545,598.545309991195,992.3,415.0
6818,6933,0.1677909223968728,842.5176827057545,598.545309991195,992.3,415.0
6819,6933,0.1677909223968728,842.5176827057545,598.545309991195,992.3,415.0
6820,6933,0.1677909223968728,842.5176827057545,598.545309991195,992.3,415.0
6821,6933,0.1677909223968728,842.5176827057545,598.545309991195,992.3,415.0
6822,6933,0.1677909223968728,842.5176827057545,598.545309991195,992.3,415.0
6823,6933,0.1677909223968728,842.5176827057545,598.545309991195,992.3,415.0
6824,6933,0.1677909223968728,842.5176827057545,598.545309991195,992.3,415.0
6825,6933,0.1677909223968728,842.5176827057545,598.545309991195,992.3,415.0
6826,6933,0.1677909223968728,842.5176827057545,598.545309991195,992.3,415.0
6827,6933,0.1677909223968728,842.5176827057545,598.545309991195,992.3,415.0
6828,6933,0.1677909223968728,842.5176827057545,598.545309991195,980.75,423.33181818181816
6829,6933,0.1677909223968728,842.5176827057545,598.545309991195,969.1999999999999,431.6636363636364
6830,6933,0.1677909223968728,842.5176827057545,598.545309991195,957.65,439.99545454545455
6831,6933,0.1677909223968728,842.5176827057545,598.545309991195,946.1,448.3272727272727
6832,6933,0.1677909223968728,842.5176827057545,598.545309991195,934.55,456.6590909090909
6833,6933,0.1677909223968728,766.5176827057545,645.545309991195,923.0,464.9909090909091
6834,6933,0.1677909223968728,766.5176827057545,645.545309991195,911.45,473.32272727272726
6835,6933,0.1677909223968728,766.5176827057545,645.545309991195,899.9,481.6545454545454
6836,6933,0.1677909223968728,766.5176827057545,645.545309991195,888.35,489.98636363636365
6837,6933,0.1677909223968728,766.5176827057545,645.545309991195,876.8,498.3181818181818
6838,6933,0.1677909223968728,766.5176827057545,645.545309991195,865.25,506.65
6839,6933,0.1677909223968728,766.5176827057545,645.545309991195,853.7,514.9818181818182
6840,6933,0.1677909223968728,766.5176827057545,645.545309991195,842.15,523.3136363636363
6841,6933,0.1677909223968728,766.5176827057545,645.545309991195,830.6,531.6454545454545
6842,6933,0.1677909223968728,766.5176827057545,645.545309991195,819.05,539.9772727272727
6843,6933,0.1677909223968728,766.5176827057545,645.545309991195,807.5,548.3090909090909
6844,6933,0.1677909223968728,766.5176827057545,645.545309991195,795.95,556.6409090909091
6845,6933,0.1677909223968728,766.5176827057545,645.545309991195,784.4000000000001,564.9727272727273
6846,6933,0.1677909223968728,766.5176827057545,645.545309991195,772.85,573.3045454545454
6847,6933,0.1677909223968728,766.5176827057545,645.545309991195,761.3000000000001,581.6363636363636
6848,6933,0.1677909223968728,766.5176827057545,645.545309991195,749.75,589.9681818181818
6849,6933,0.1677909223968728,766.5176827057545,645.545309991195,738.2,598.3
6850,6933,0.1677909223968728,766.5176827057545,645.545309991195,738.2,598.3
6851,6933,0.1677909223968728,766.5176827057545,645.545309991195,738.2,598.3
6852,6933,0.1677909223968728,766.5176827057545,645.545309991195,738.2,598.3
6853,6933,0.1677909223968728,766.5176827057545,645.545309991195,738.2,598.3
6854,6933,0.1677909223968728,766.5176827057545,645.545309991195,738.2,598.3
6855,6933,0.1677909223968728,766.5176827057545,645.545309991195,738.2,598.3
6856,6933,0.1677909223968728,766.5176827057545,645.545309991195,738.2,598.3
6857,6933,0.1677909223968728,766.5176827057545,645.545309991195,738.2,598.3
6858,6933,0.1677909223968728,766.5176827057545,645.545309991195,738.2,598.3
6859,6933,0.1677909223968728,766.5176827057545,645.545309991195,738.2,598.3
6860,6933,0.1677909223968728,766.5176827057545,645.545309991195,738.2,598.3
6861,6933,0.1677909223968728,766.5176827057545,645.545309991195,738.2,598.3
6862,6933,0.1677909223968728,766.5176827057545,645.545309991195,738.2,598.3
6863,6933,0.1677909223968728,766.5176827057545,645.545309991195,738.2,598.3
6864,6933,0.1677909223968728,766.5176827057545,645.545309991195,738.2,598.3
6865,6933,0.1677909223968728,766.5176827057545,645.545309991195,738.2,598.3
6866,6933,0.1677909223968728,766.5176827057545,645.545309991195,738.2,598.3
6867,6933,0.1677909223968728,766.5176827057545,645.545309991195,738.2,598.3
6868,6933,0.1677909223968728,766.5176827057545,645.545309991195,738.2,598.3
6869,6933,0.1677909223968728,766.5176827057545,645.545309991195,738.2,598.3
6870,6933,0.1677909223968728,766.5176827057545,645.545309991195,738.2,598.3
6871,6933,0.1677909223968728,766.5176827057545,645.545309991195,738.2,598.3
6872,6933,0.1677909223968728,766.5176827057545,645.545309991195,738.2,598.3
6873,6933,0.1677909223968728,766.5176827057545,645.545309991195,738.2,598.3
6874,6933,0.1677909223968728,766.5176827057545,645.545309991195,738.2,598.3
6875,6933,0.1677909223968728,766.5176827057545,645.545309991195,738.2,598.3
6876,6933,0.1677909223968728,766.5176827057545,645.545309991195,738.2,598.3
6877,6933,0.1677909223968728,766.5176827057545,645.545309991195,738.2,598.3
6878,6933,0.1677909223968728,766.5176827057545,645.545309991195,738.2,598.3
6879,6933,0.1677909223968728,766.5176827057545,645.545309991195,738.2,598.3
6880,6933,0.1677909223968728,766.5176827057545,645.545309991195,738.2,598.3
6881,6933,0.1677909223968728,766.5176827057545,645.545309991195,738.2,598.3
6882,6933,0.1677909223968728,766.5176827057545,645.545309991195,738.2,598.3
6883,6933,0.1677909223968728,766.5176827057545,645.545309991195,738.2,598.3
6884,6933,0.1677909223968728,766.5176827057545,645.545309991195,738.2,598.3
6885,6933,0.1677909223968728,766.5176827057545,645.545309991195,738.2,598.3
6886,6933,0.1677909223968728,766.5176827057545,645.545309991195,738.2,598.3
6887,6933,0.1677909223968728,766.5176827057545,645.545309991195,738.2,598.3
6888,6933,0.1677909223968728,766.5176827057545,645.545309991195,738.2,598.3
6889,6933,0.1677909223968728,766.5176827057545,645.545309991195,738.2,598.3
6890,6933,0.1677909223968728,766.5176827057545,645.545309991195,738.2,598.3
6891,6933,0.1677909223968728,766.5176827057545,645.545309991195,738.2,598.3
6892,6933,0.1677909223968728,766.5176827057545,645.545309991195,738.2,598.3
6893,6933,0.1677909223968728,766.5176827057545,645.545309991195,738.2,598.3
6894,6933,0.1677909223968728,766.5176827057545,645.545309991195,738.2,598.3
6895,6933,0.1677909223968728,766.5176827057545,645.545309991195,738.2,598.3
6896,6933,0.1677909223968728,766.5176827057545,645.545309991195,738.2,598.3
6897,6933,0.1677909223968728,766.5176827057545,645.545309991195,738.2,598.3
6898,6933,0.1677909223968728,766.5176827057545,645.545309991195,738.2,598.3
6899,6933,0.1677909223968728,700.5176827057545,627.545309991195,738.2,598.3
6900,6933,0.1677909223968728,700.5176827057545,627.545309991195,738.2,598.3
6901,6933,0.1677909223968728,700.5176827057545,627.545309991195,738.2,598.3
6902,6933,0.1677909223968728,700.5176827057545,627.545309991195,738.2,598.3
6903,6933,0.1677909223968728,700.5176827057545,627.545309991195,738.2,598.3
6904,6933,0.1677909223968728,700.5176827057545,627.545309991195,738.2,598.3
6905,6933,0.1677909223968728,700.5176827057545,627.545309991195,738.2,598.3
6906,6933,0.1677909223968728,700.5176827057545,627.545309991195,738.2,598.3
6907,6933,0.1677909223968728,700.5176827057545,627.545309991195,738.2,598.3
6908,6933,0.1677909223968728,700.5176827057545,627.545309991195,738.2,598.3
6909,6933,0.1677909223968728,700.5176827057545,627.545309991195,738.2,598.3
6910,6933,0.1677909223968728,700.5176827057545,627.545309991195,738.2,598.3
6911,6933,0.1677909223968728,700.5176827057545,627.545309991195,738.2,598.3
6912,6933,0.1677909223968728,700.5176827057545,627.545309991195,738.2,598.3
6913,6933,0.1677909223968728,700.5176827057545,627.545309991195,738.2,598.3
6914,6933,0.1677909223968728,700.5176827057545,627.545309991195,738.2,598.3
6915,6933,0.1677909223968728,700.5176827057545,627.545309991195,738.2,598.3
6916,6933,0.1677909223968728,700.5176827057545,627.545309991195,738.2,598.3
6917,6933,0.1677909223968728,700.5176827057545,627.545309991195,738.2,598.3
6918,6933,0.1677909223968728,700.5176827057545,627.545309991195,738.2,598.3
6919,6933,0.1677909223968728,700.5176827057545,627.545309991195,738.2,598.3
6920,6933,0.1677909223968728,700.5176827057545,627.545309991195,738.2,598.3
6921,6933,0.1677909223968728,700.5176827057545,627.545309991195,738.2,598.3
6922,6934,1.3618209767324951,700.5176827057545,627.545309991195,738.2,598.3
6923,6935,2.652748499379222,700.5176827057545,627.545309991195,738.2,598.3
6924,6936,4.0513827001100955,700.5176827057545,627.545309991195,738.2,598.3
6925,6937,5.56989517095923,700.5176827057545,627.545309991195,738.2,598.3
6926,6938,7.221955122006464,700.5176827057545,627.545309991195,738.2,598.3
6927,6939,9.022846739901334,700.5176827057545,627.545309991195,738.2,598.3
6928,6940,10.989545985169304,700.5176827057545,627.545309991195,738.2,598.3
6929,6941,13.140721852946191,700.5176827057545,627.545309991195,738.2,598.3
6930,6942,15.496610287948268,700.5176827057545,627.545309991195,738.2,598.3
6931,6943,18.078687318113136,700.5176827057545,627.545309991195,738.2,598.3
6932,6944,18.002070346636696,700.5176827057545,627.545309991195,738.2,598.3
6933,6945,14.901779799221357,700.5176827057545,627.545309991195,738.2,598.3
6934,6946,11.511933961974671,700.5176827057545,627.545309991195,738.2,598.3
6935,6947,7.817218191558146,700.5176827057545,627.545309991195,738.2,598.3
6936,6948,3.809589602634756,700.5176827057545,627.545309991195,738.2,598.3
6937,6949,0.5082091925090984,700.5176827057545,627.545309991195,738.2,598.3
6938,6949,0.5082091925090984,700.5176827057545,627.545309991195,738.2,598.3
6939,6949,0.5082091925090984,700.5176827057545,627.545309991195,738.2,598.3
6940,6949,0.5082091925090984,700.5176827057545,627.545309991195,738.2,598.3
6941,6949,0.5082091925090984,700.5176827057545,627.545309991195,738.2,598.3
6942,6949,0.5082091925090984,700.5176827057545,627.545309991195,738.2,598.3
6943,6949,0.5082091925090984,700.5176827057545,627.545309991195,738.2,598.3
6944,6949,0.5082091925090984,700.5176827057545,627.545309991195,738.2,598.3
6945,6949,0.5082091925090984,700.5176827057545,627.545309991195,738.2,598.3
6946,6949,0.5082091925090984,700.5176827057545,627.545309991195,738.2,598.3
6947,6949,0.5082091925090984,700.5176827057545,627.545309991195,738.2,598.3
6948,6949,0.5082091925090984,700.5176827057545,627.545309991195,738.2,598.3
6949,6949,0.5082091925090984,700.5176827057545,627.545309991195,738.2,598.3
6950,6949,0.5082091925090984,700.5176827057545,627.545309991195,738.2,598.3
6951,6949,0.5082091925090984,700.5176827057545,627.545309991195,738.2,598.3
6952,6949,0.5082091925090984,700.5176827057545,627.545309991195,738.2,598.3
6953,6949,0.5082091925090984,700.5176827057545,627.545309991195,738.2,598.3
6954,6949,0.5082091925090984,700.5176827057545,627.545309991195,738.2,598.3
6955,6949,0.5082091925090984,700.5176827057545,627.545309991195,738.2,598.3
6956,6949,0.5082091925090984,700.5176827057545,627.545309991195,738.2,598.3
6957,6949,0.5082091925090984,700.5176827057545,627.545309991195,738.2,598.3
6958,6949,0.5082091925090984,700.5176827057545,627.545309991195,738.2,598.3
6959,6949,0.5082091925090984,700.5176827057545,627.545309991195,738.2,598.3
6960,6949,0.5082091925090984,700.5176827057545,627.545309991195,738.2,598.3
6961,6949,0.5082091925090984,700.5176827057545,627.545309991195,738.2,598.3
6962,6949,0.5082091925090984,700.5176827057545,627.545309991195,738.2,598.3
6963,6949,0.5082091925090984,700.5176827057545,627.545309991195,738.2,598.3
6964,6949,0.5082091925090984,700.5176827057545,627.545309991195,738.2,598.3
6965,6949,0.5082091925090984,700.5176827057545,627.545309991195,738.2,598.3
6966,6949,0.5082091925090984,700.5176827057545,627.545309991195,738.2,598.3
6967,6949,0.5082091925090984,700.5176827057545,627.545309991195,738.2,598.3
6968,6949,0.5082091925090984,700.5176827057545,627.545309991195,738.2,598.3
6969,6949,0.5082091925090984,700.5176827057545,627.545309991195,738.2,598.3
6970,6949,0.5082091925090984,700.5176827057545,627.545309991195,738.2,598.3
6971,6949,0.5082091925090984,700.5176827057545,627.545309991195,738.2,598.3
6972,6949,0.5082091925090984,700.5176827057545,627.545309991195,738.2,598.3
6973,6949,0.5082091925090984,700.5176827057545,627.545309991195,738.2,598.3
6974,6949,0.5082091925090984,700.5176827057545,627.545309991195,738.2,598.3
6975,6949,0.5082091925090984,700.5176827057545,627.545309991195,738.2,598.3
6976,6949,0.5082091925090984,700.5176827057545,627.545309991195,738.2,598.3
6977,6949,0.5082091925090984,700.5176827057545,627.545309991195,738.2,598.3
6978,6949,0.5082091925090984,700.5176827057545,627.545309991195,738.2,598.3
6979,6949,0.5082091925090984,700.5176827057545,627.545309991195,738.2,598.3
6980,6949,0.5082091925090984,700.5176827057545,627.545309991195,738.2,598.3
6981,6949,0.5082091925090984,700.5176827057545,627.545309991195,738.2,598.3
6982,6949,0.5082091925090984,700.5176827057545,627.545309991195,738.2,598.3
6983,6949,0.5082091925090984,700.5176827057545,627.545309991195,738.2,598.3
6984,6949,0.5082091925090984,700.5176827057545,627.545309991195,738.2,598.3
6985,6949,0.5082091925090984,700.5176827057545,627.545309991195,738.2,598.3
6986,6949,0.5082091925090984,700.5176827057545,627.545309991195,738.2,598.3
6987,6949,0.5082091925090984,700.5176827057545,627.545309991195,738.2,598.3
6988,6949,0.5082091925090984,700.5176827057545,627.545309991195,738.2,598.3
6989,6949,0.5082091925090984,700.5176827057545,627.545309991195,738.2,598.3
6990,6949,0.5082091925090984,700.5176827057545,627.545309991195,738.2,598.3
6991,6949,0.5082091925090984,700.5176827057545,627.545309991195,738.2,598.3
6992,6949,0.5082091925090984,700.5176827057545,627.545309991195,738.2,598.3
6993,6949,0.5082091925090984,700.5176827057545,627.545309991195,738.2,598.3
6994,6949,0.5082091925090984,700.5176827057545,627.545309991195,738.2,598.3
6995,6949,0.5082091925090984,700.5176827057545,627.545309991195,738.2,598.3
6996,6949,0.5082091925090984,700.5176827057545,627.545309991195,738.2,598.3
6997,6949,0.5082091925090984,700.5176827057545,627.545309991195,738.2,598.3
6998,6949,0.5082091925090984,700.5176827057545,627.545309991195,738.2,598.3
6999,6949,0.5082091925090984,700.5176827057545,627.545309991195,738.2,598.3
7000,6949,0.5082091925090984,700.5176827057545,627.545309991195,738.2,598.3
7001,6949,0.5082091925090984,700.5176827057545,627.545309991195,738.2,598.3
7002,6949,0.5082091925090984,700.5176827057545,627.545309991195,738.2,598.3
7003,6949,0.5082091925090984,700.5176827057545,627.545309991195,738.2,598.3
7004,6949,0.5082091925090984,700.5176827057545,627.545309991195,738.2,598.3
7005,6949,0.5082091925090984,700.5176827057545,627.545309991195,738.2,598.3
7006,6949,0.5082091925090984,700.5176827057545,627.545309991195,738.2,598.3
7007,6949,0.5082091925090984,700.5176827057545,627.545309991195,738.2,598.3
7008,6949,0.5082091925090984,700.5176827057545,627.545309991195,738.2,598.3
7009,6949,0.5082091925090984,700.5176827057545,627.545309991195,738.2,598.3
7010,6949,0.5082091925090984,700.5176827057545,627.545309991195,738.2,598.3
7011,6949,0.5082091925090984,700.5176827057545,627.545309991195,738.2,598.3
7012,6949,0.5082091925090984,700.5176827057545,627.545309991195,738.2,598.3
7013,6949,0.5082091925090984,700.5176827057545,627.545309991195,738.2,598.3
7014,6949,0.5082091925090984,700.5176827057545,627.545309991195,738.2,598.3
7015,6949,0.5082091925090984,700.5176827057545,627.545309991195,738.2,598.3
7016,6949,0.5082091925090984,700.5176827057545,627.545309991195,738.2,598.3
7017,6949,0.5082091925090984,700.5176827057545,627.545309991195,738.2,598.3
7018,6949,0.5082091925090984,700.5176827057545,627.545309991195,738.2,598.3
7019,6949,0.5082091925090984,700.5176827057545,627.545309991195,738.2,598.3
7020,6949,0.5082091925090984,700.5176827057545,627.545309991195,738.2,598.3
7021,6949,0.5082091925090984,700.5176827057545,627.545309991195,738.2,598.3
7022,6949,0.5082091925090984,700.5176827057545,627.545309991195,738.2,598.3
7023,6949,0.5082091925090984,700.5176827057545,627.545309991195,738.2,598.3
7024,6949,0.5082091925090984,700.5176827057545,627.545309991195,738.2,598.3
7025,6949,0.5082091925090984,700.5176827057545,627.545309991195,738.2,598.3
7026,6949,0.5082091925090984,700.5176827057545,627.545309991195,738.2,598.3
7027,6949,0.5082091925090984,700.5176827057545,627.545309991195,738.2,598.3
7028,6949,0.5082091925090984,700.5176827057545,627.545309991195,738.2,598.3
7029,6949,0.5082091925090984,700.5176827057545,627.545309991195,738.2,598.3
7030,6949,0.5082091925090984,700.5176827057545,627.545309991195,738.2,598.3
7031,6949,0.5082091925090984,700.5176827057545,627.545309991195,738.2,598.3
7032,6949,0.5082091925090984,700.5176827057545,627.545309991195,738.2,598.3
7033,6949,0.5082091925090984,700.5176827057545,627.545309991195,738.2,598.3
7034,6949,0.5082091925090984,700.5176827057545,627.545309991195,738.2,598.3
7035,6949,0.5082091925090984,700.5176827057545,627.545309991195,738.2,598.3
7036,6949,0.5082091925090984,700.5176827057545,627.545309991195,738.2,598.3
7037,6949,0.5082091925090984,700.5176827057545,627.545309991195,738.2,598.3
7038,6949,0.5082091925090984,700.5176827057545,627.545309991195,738.2,598.3
7039,6949,0.5082091925090984,700.5176827057545,627.545309991195,738.2,598.3
7040,6949,0.5082091925090984,700.5176827057545,627.545309991195,738.2,598.3
7041,6949,0.5082091925090984,700.5176827057545,627.545309991195,738.2,598.3
7042,6949,0.5082091925090984,700.5176827057545,627.545309991195,738.2,598.3
7043,6949,0.5082091925090984,700.5176827057545,627.545309991195,738.2,598.3
7044,6949,0.5082091925090984,700.5176827057545,627.545309991195,738.2,598.3
7045,6949,0.5082091925090984,700.5176827057545,627.545309991195,738.2,598.3
7046,6949,0.5082091925090984,700.5176827057545,627.545309991195,753.2612903225806,600.8354838709677
7047,6949,0.5082091925090984,700.5176827057545,627.545309991195,768.3225806451613,603.3709677419355
7048,6949,0.5082091925090984,700.5176827057545,627.545309991195,783.3838709677419,605.9064516129032
7049,6949,0.5082091925090984,700.5176827057545,627.545309991195,798.4451612903226,608.4419354838709
7050,6949,0.5082091925090984,700.5176827057545,627.545309991195,813.5064516129032,610.9774193548386
7051,6949,0.5082091925090984,700.5176827057545,627.545309991195,828.5677419354839,613.5129032258064
7052,6949,0.5082091925090984,700.5176827057545,627.545309991195,843.6290322580645,616.0483870967741
7053,6949,0.5082091925090984,700.5176827057545,627.545309991195,858.6903225806452,618.5838709677419
7054,6949,0.5082091925090984,700.5176827057545,627.545309991195,873.7516129032258,621.1193548387097
7055,6949,0.5082091925090984,700.5176827057545,627.545309991195,888.8129032258064,623.6548387096774
7056,6949,0.5082091925090984,700.5176827057545,627.545309991195,903.8741935483871,626.1903225806451
7057,6949,0.5082091925090984,700.5176827057545,627.545309991195,918.9354838709678,628.7258064516128
7058,6949,0.5082091925090984,700.5176827057545,627.545309991195,933.9967741935484,631.2612903225806
7059,6949,0.5082091925090984,700.5176827057545,627.545309991195,949.058064516129,633.7967741935483
7060,6949,0.5082091925090984,700.5176827057545,627.545309991195,964.1193548387097,636.332258064516
7061,6949,0.5082091925090984,700.5176827057545,627.545309991195,979.1806451612903,638.8677419354839
7062,6949,0.5082091925090984,700.5176827057545,627.545309991195,994.241935483871,641.4032258064516
7063,6949,0.5082091925090984,700.5176827057545,627.545309991195,1009.3032258064516,643.9387096774193
7064,6949,0.5082091925090984,700.5176827057545,627.545309991195,1024.3645161290322,646.4741935483871
7065,6949,0.5082091925090984,700.5176827057545,627.545309991195,1039.425806451613,649.0096774193548
7066,6950,5.119022887324648,700.5176827057545,627.545309991195,1054.4870967741936,651.5451612903225
7067,6951,9.988324488606176,700.5176827057545,627.545309991195,1069.5483870967741,654.0806451612902
7068,6952,15.062972546905362,700.5176827057545,627.545309991195,1084.6096774193547,656.6161290322581
7069,6953,20.272691646238535,700.5176827057545,627.545309991195,1099.6709677419353,659.1516129032258
7070,6954,25.53474811638503,700.5176827057545,627.545309991195,1114.7322580645161,661.6870967741935
7071,6955,25.53474811638503,700.5176827057545,627.545309991195,1129.7935483870967,664.2225806451613
7072,6956,25.53474811638503,700.5176827057545,627.545309991195,1144.8548387096773,666.758064516129
7073,6957,25.53474811638503,700.5176827057545,627.545309991195,1159.916129032258,669.2935483870967
7074,6958,25.53474811638503,700.5176827057545,627.545309991195,1174.9774193548387,671.8290322580644
7075,6959,25.53474811638503,700.5176827057545,627.545309991195,1190.0387096774193,674.3645161290323
7076,6960,25.53474811638503,700.5176827057545,627.545309991195,1205.1,676.9
7077,6961,25.53474811638503,700.5176827057545,627.545309991195,1205.1,676.9
7078,6962,25.53474811638503,700.5176827057545,627.545309991195,1205.1,676.9
7079,6963,25.53474811638503,700.5176827057545,627.545309991195,1205.1,676.9
7080,6964,25.53474811638503,700.5176827057545,627.545309991195,1205.1,676.9
7081,6965,25.53474811638503,700.5176827057545,627.545309991195,1205.1,676.9
7082,6966,25.53474811638503,700.5176827057545,627.545309991195,1205.1,676.9
7083,6967,25.53474811638503,700.5176827057545,627.545309991195,1205.1,676.9
7084,6968,25.53474811638503,700.5176827057545,627.545309991195,1205.1,676.9
7085,6969,25.53474811638503,700.5176827057545,627.545309991195,1205.1,676.9
7086,6970,25.53474811638503,700.5176827057545,627.545309991195,1205.1,676.9
7087,6971,25.53474811638503,700.5176827057545,627.545309991195,1205.1,676.9
7088,6972,25.53474811638503,700.5176827057545,627.545309991195,1205.1,676.9
7089,6973,25.53474811638503,700.5176827057545,627.545309991195,1205.1,676.9
7090,6974,25.53474811638503,700.5176827057545,627.545309991195,1205.1,676.9
7091,6975,25.53474811638503,700.5176827057545,627.545309991195,1205.1,676.9
7092,6976,25.53474811638503,700.5176827057545,627.545309991195,1205.1,676.9
7093,6977,25.53474811638503,700.5176827057545,627.545309991195,1205.1,676.9
7094,6978,25.53474811638503,700.5176827057545,627.545309991195,1205.1,676.9
7095,6979,25.53474811638503,700.5176827057545,627.545309991195,1205.1,676.9
7096,6980,25.53474811638503,700.5176827057545,627.545309991195,1205.1,676.9
7097,6981,25.53474811638503,700.5176827057545,627.545309991195,1205.1,676.9
7098,6982,25.53474811638503,700.5176827057545,627.545309991195,1205.1,676.9
7099,6983,25.53474811638503,1166.5176827057544,692.545309991195,1205.1,676.9
7100,6984,61.50357559847286,1166.5176827057544,692.545309991195,1205.1,676.9
7101,6985,61.50357559847286,1166.5176827057544,692.545309991195,1205.1,676.9
7102,6986,61.50357559847286,1166.5176827057544,692.545309991195,1205.1,676.9
7103,6987,61.50357559847286,1166.5176827057544,692.545309991195,1205.1,676.9
7104,6988,61.50357559847286,1166.5176827057544,692.545309991195,1205.1,676.9
7105,6989,61.50357559847286,1166.5176827057544,692.545309991195,1205.1,676.9
7106,6990,61.50357559847286,1166.5176827057544,692.545309991195,1205.1,676.9
7107,6991,61.50357559847286,1166.5176827057544,692.545309991195,1205.1,676.9
7108,6992,61.50357559847286,1166.5176827057544,692.545309991195,1205.1,676.9
7109,6993,61.50357559847286,1166.5176827057544,692.545309991195,1205.1,676.9
7110,6994,61.50357559847286,1166.5176827057544,692.545309991195,1205.1,676.9
7111,6995,61.50357559847286,1166.5176827057544,692.545309991195,1205.1,676.9
7112,6996,61.50357559847286,1166.5176827057544,692.545309991195,1205.1,676.9
7113,6997,61.50357559847286,1166.5176827057544,692.545309991195,1205.1,676.9
7114,6998,61.50357559847286,1166.5176827057544,692.545309991195,1205.1,676.9
7115,6999,61.50357559847286,1166.5176827057544,692.545309991195,1205.1,676.9
7116,7000,61.50357559847286,1166.5176827057544,692.545309991195,1205.1,676.9
7117,7001,61.50357559847286,1166.5176827057544,692.545309991195,1205.1,676.9
7118,7002,61.50357559847286,1166.5176827057544,692.545309991195,1205.1,676.9
7119,7003,61.50357559847286,1166.5176827057544,692.545309991195,1205.1,676.9
7120,7004,61.50357559847286,1166.5176827057544,692.545309991195,1205.1,676.9
7121,7005,61.50357559847286,1166.5176827057544,692.545309991195,1205.1,676.9
7122,7006,61.50357559847286,1166.5176827057544,692.545309991195,1205.1,676.9
7123,7007,61.50357559847286,1166.5176827057544,692.545309991195,1205.1,676.9
7124,7008,61.50357559847286,1166.5176827057544,692.545309991195,1205.1,676.9
7125,7009,61.50357559847286,1166.5176827057544,692.545309991195,1205.1,676.9
7126,7010,61.50357559847286,1166.5176827057544,692.545309991195,1205.1,676.9
7127,7011,61.50357559847286,1166.5176827057544,692.545309991195,1205.1,676.9
7128,7012,61.50357559847286,1166.5176827057544,692.545309991195,1205.1,676.9
7129,7013,61.50357559847286,1166.5176827057544,692.545309991195,1205.1,676.9
7130,7014,61.50357559847286,1166.5176827057544,692.545309991195,1205.1,676.9
7131,7015,61.50357559847286,1166.5176827057544,692.545309991195,1205.1,676.9
7132,7016,61.50357559847286,1166.5176827057544,692.545309991195,1205.1,676.9
7133,7017,61.50357559847286,1166.5176827057544,692.545309991195,1205.1,676.9
7134,7018,61.50357559847286,1166.5176827057544,692.545309991195,1205.1,676.9
7135,7019,61.50357559847286,1166.5176827057544,692.545309991195,1205.1,676.9
7136,7020,61.50357559847286,1166.5176827057544,692.545309991195,1205.1,676.9
7137,7021,61.50357559847286,1166.5176827057544,692.545309991195,1205.1,676.9
7138,7022,61.50357559847286,1166.5176827057544,692.545309991195,1205.1,676.9
7139,7023,61.50357559847286,1166.5176827057544,692.545309991195,1205.1,676.9
7140,7024,61.50357559847286,1166.5176827057544,692.545309991195,1205.1,676.9
7141,7025,61.50357559847286,1166.5176827057544,692.545309991195,1205.1,676.9
7142,7026,61.50357559847286,1166.5176827057544,692.545309991195,1205.1,676.9
7143,7027,61.50357559847286,1166.5176827057544,692.545309991195,1205.1,676.9
7144,7028,61.50357559847286,1166.5176827057544,692.545309991195,1205.1,676.9
7145,7029,61.50357559847286,1166.5176827057544,692.545309991195,1205.1,676.9
7146,7030,61.50357559847286,1166.5176827057544,692.545309991195,1205.1,676.9
7147,7031,61.50357559847286,1166.5176827057544,692.545309991195,1205.1,676.9
7148,7032,61.50357559847286,1166.5176827057544,692.545309991195,1205.1,676.9
7149,7033,61.50357559847286,1166.5176827057544,692.545309991195,1205.1,676.9
7150,7034,61.50357559847286,1166.5176827057544,692.545309991195,1205.1,676.9
7151,7035,61.50357559847286,1166.5176827057544,692.545309991195,1205.1,676.9
7152,7036,61.50357559847286,1166.5176827057544,692.545309991195,1205.1,676.9
7153,7037,61.50357559847286,1166.5176827057544,692.545309991195,1205.1,676.9
7154,7038,61.50357559847286,1166.5176827057544,692.545309991195,1205.1,676.9
7155,7039,61.50357559847286,1166.5176827057544,692.545309991195,1205.1,676.9
7156,7040,61.50357559847286,1166.5176827057544,692.545309991195,1205.1,676.9
7157,7041,61.50357559847286,1166.5176827057544,692.545309991195,1205.1,676.9
7158,7042,61.50357559847286,1166.5176827057544,692.545309991195,1205.1,676.9
7159,7043,61.50357559847286,1166.5176827057544,692.545309991195,1205.1,676.9
7160,7044,61.50357559847286,1166.5176827057544,692.545309991195,1205.1,676.9
7161,7045,61.50357559847286,1166.5176827057544,692.545309991195,1205.1,676.9
7162,7046,61.50357559847286,1166.5176827057544,692.545309991195,1205.1,676.9
7163,7047,61.50357559847286,1166.5176827057544,692.545309991195,1205.1,676.9
7164,7048,61.50357559847286,1166.5176827057544,692.545309991195,1205.1,676.9
7165,7049,61.50357559847286,1166.5176827057544,692.545309991195,1205.1,676.9
7166,7050,61.50357559847286,1166.5176827057544,692.545309991195,1205.1,676.9
7167,7051,61.50357559847286,1166.5176827057544,692.545309991195,1205.1,676.9
7168,7052,61.50357559847286,1166.5176827057544,692.545309991195,1205.1,676.9
7169,7053,61.50357559847286,1166.5176827057544,692.545309991195,1205.1,676.9
7170,7054,61.50357559847286,1166.5176827057544,692.545309991195,1205.1,676.9
7171,7055,61.50357559847286,1166.5176827057544,692.545309991195,1205.1,676.9
7172,7056,61.50357559847286,1166.5176827057544,692.545309991195,1205.1,676.9
7173,7057,61.50357559847286,1166.5176827057544,692.545309991195,1205.1,676.9
7174,7058,61.50357559847286,1166.5176827057544,692.545309991195,1205.1,676.9
7175,7059,61.50357559847286,1166.5176827057544,692.545309991195,1205.1,676.9
7176,7060,61.50357559847286,1166.5176827057544,692.545309991195,1205.1,676.9
7177,7061,61.50357559847286,1166.5176827057544,692.545309991195,1205.1,676.9
7178,7062,61.50357559847286,1166.5176827057544,692.545309991195,1205.1,676.9
7179,7063,61.50357559847286,1166.5176827057544,692.545309991195,1205.1,676.9
7180,7064,61.50357559847286,1166.5176827057544,692.545309991195,1205.1,676.9
7181,7065,61.50357559847286,1166.5176827057544,692.545309991195,1205.1,676.9
7182,7066,61.50357559847286,1166.5176827057544,692.545309991195,1205.1,676.9
7183,7067,61.50357559847286,1166.5176827057544,692.545309991195,1205.1,676.9
7184,7068,61.50357559847286,1166.5176827057544,692.545309991195,1205.1,676.9
7185,7069,61.50357559847286,1166.5176827057544,692.545309991195,1205.1,676.9
7186,7070,61.50357559847286,1166.5176827057544,692.545309991195,1205.1,676.9
7187,7071,61.50357559847286,1166.5176827057544,692.545309991195,1205.1,676.9
7188,7072,61.50357559847286,1166.5176827057544,692.545309991195,1205.1,676.9
7189,7073,61.50357559847286,1166.5176827057544,692.545309991195,1205.1,676.9
7190,7074,61.50357559847286,1166.5176827057544,692.545309991195,1205.1,676.9
7191,7075,61.50357559847286,1166.5176827057544,692.545309991195,1205.1,676.9
7192,7076,61.50357559847286,1166.5176827057544,692.545309991195,1205.1,676.9
7193,7077,61.50357559847286,1166.5176827057544,692.545309991195,1205.1,676.9
7194,7078,61.50357559847286,1166.5176827057544,692.545309991195,1205.1,676.9
7195,7079,61.50357559847286,1166.5176827057544,692.545309991195,1205.1,676.9
7196,7080,61.50357559847286,1166.5176827057544,692.545309991195,1205.1,676.9
7197,7081,61.50357559847286,1166.5176827057544,692.545309991195,1205.1,676.9
7198,7082,61.50357559847286,1166.5176827057544,692.545309991195,1205.1,676.9
7199,7083,61.50357559847286,1257.5176827057544,675.545309991195,1197.0181818181818,666.7590909090909
7200,7084,61.50357559847286,1257.5176827057544,675.545309991195,1188.9363636363635,656.6181818181818
7201,7085,61.50357559847286,1257.5176827057544,675.545309991195,1180.8545454545454,646.4772727272727
7202,7086,61.50357559847286,1257.5176827057544,675.545309991195,1172.7727272727273,636.3363636363637
7203,7087,61.50357559847286,1257.5176827057544,675.545309991195,1164.690909090909,626.1954545454545
7204,7088,61.50357559847286,1257.5176827057544,675.545309991195,1156.6090909090908,616.0545454545454
7205,7089,61.50357559847286,1257.5176827057544,675.545309991195,1148.5272727272727,605.9136363636363
7206,7090,61.50357559847286,1257.5176827057544,675.545309991195,1140.4454545454544,595.7727272727273
7207,7091,61.50357559847286,1257.5176827057544,675.545309991195,1132.3636363636363,585.6318181818182
7208,7092,61.50357559847286,1257.5176827057544,675.545309991195,1124.2818181818182,575.4909090909091
7209,7093,61.50357559847286,1257.5176827057544,675.545309991195,1116.1999999999998,565.35
7210,7094,61.50357559847286,1257.5176827057544,675.545309991195,1108.1181818181817,555.209090909091
7211,7095,61.50357559847286,1257.5176827057544,675.545309991195,1100.0363636363636,545.0681818181818
7212,7096,61.50357559847286,1257.5176827057544,675.545309991195,1091.9545454545455,534.9272727272728
7213,7097,61.50357559847286,1257.5176827057544,675.545309991195,1083.8727272727272,524.7863636363636
7214,7098,61.50357559847286,1257.5176827057544,675.545309991195,1075.790909090909,514.6454545454545
7215,7099,61.50357559847286,1257.5176827057544,675.545309991195,1067.7090909090907,504.50454545454545
7216,7100,61.15245865751418,1257.5176827057544,675.545309991195,1059.6272727272726,494.3636363636364
7217,7101,60.70041280618121,1257.5176827057544,675.545309991195,1051.5454545454545,484.2227272727273
7218,7102,60.096706417512266,1257.5176827057544,675.545309991195,1043.4636363636364,474.0818181818182
7219,7103,59.24987045204388,1257.5176827057544,675.545309991195,1035.381818181818,463.94090909090914
7220,7104,57.97674726762659,1257.5176827057544,675.545309991195,1027.3,453.8
7221,7105,55.85031040617421,1257.5176827057544,675.545309991195,1027.3,453.8
7222,7106,51.6013696814611,1257.5176827057544,675.545309991195,1027.3,453.8
7223,7107,39.285445824951154,1257.5176827057544,675.545309991195,1027.3,453.8
7224,7108,34.38161396836858,1257.5176827057544,675.545309991195,1027.3,453.8
7225,7108,34.38161396836858,1257.5176827057544,675.545309991195,1027.3,453.8
7226,7108,34.38161396836858,1257.5176827057544,675.545309991195,1027.3,453.8
7227,7108,34.38161396836858,1257.5176827057544,675.545309991195,1027.3,453.8
7228,7108,34.38161396836858,1257.5176827057544,675.545309991195,1027.3,453.8
7229,7108,34.38161396836858,1257.5176827057544,675.545309991195,1027.3,453.8
7230,7108,34.38161396836858,1257.5176827057544,675.545309991195,1027.3,453.8
7231,7108,34.38161396836858,1257.5176827057544,675.545309991195,1027.3,453.8
7232,7108,8.835325593739231,1257.5176827057544,675.545309991195,1027.3,453.8
7233,7108,8.835325593739231,1257.5176827057544,675.545309991195,1027.3,453.8
7234,7108,8.835325593739231,1257.5176827057544,675.545309991195,1027.3,453.8
7235,7108,8.835325593739231,1257.5176827057544,675.545309991195,1027.3,453.8
7236,7108,8.835325593739231,1257.5176827057544,675.545309991195,1027.3,453.8
7237,7108,8.835325593739231,1257.5176827057544,675.545309991195,1027.3,453.8
7238,7108,8.835325593739231,1257.5176827057544,675.545309991195,1027.3,453.8
7239,7108,8.835325593739231,1257.5176827057544,675.545309991195,1027.3,453.8
7240,7108,8.835325593739231,1257.5176827057544,675.545309991195,1027.3,453.8
7241,7108,8.835325593739231,1257.5176827057544,675.545309991195,1027.3,453.8
7242,7108,8.835325593739231,1257.5176827057544,675.545309991195,1027.3,453.8
7243,7108,8.835325593739231,1257.5176827057544,675.545309991195,1027.3,453.8
7244,7108,8.835325593739231,1257.5176827057544,675.545309991195,1027.3,453.8
7245,7108,8.835325593739231,1257.5176827057544,675.545309991195,1027.3,453.8
7246,7108,8.835325593739231,1257.5176827057544,675.545309991195,1027.3,453.8
7247,7108,8.835325593739231,1257.5176827057544,675.545309991195,1027.3,453.8
7248,7108,8.835325593739231,1257.5176827057544,675.545309991195,1027.3,453.8
7249,7108,8.835325593739231,1257.5176827057544,675.545309991195,1027.3,453.8
7250,7108,8.835325593739231,1257.5176827057544,675.545309991195,1027.3,453.8
7251,7108,8.835325593739231,1257.5176827057544,675.545309991195,1027.3,453.8
7252,7108,8.835325593739231,1257.5176827057544,675.545309991195,1027.3,453.8
7253,7108,8.835325593739231,1257.5176827057544,675.545309991195,1027.3,453.8
7254,7108,8.835325593739231,1257.5176827057544,675.545309991195,1027.3,453.8
7255,7108,8.835325593739231,1257.5176827057544,675.545309991195,1027.3,453.8
7256,7108,8.835325593739231,1257.5176827057544,675.545309991195,1027.3,453.8
7257,7109,50.275422959417874,1257.5176827057544,675.545309991195,1027.3,453.8
7258,7110,60.587860806129676,1257.5176827057544,675.545309991195,1027.3,453.8
7259,7111,64.4055050873475,1257.5176827057544,675.545309991195,1027.3,453.8
7260,7112,66.37579247767898,1257.5176827057544,675.545309991195,1027.3,453.8
7261,7113,67.57569451398125,1257.5176827057544,675.545309991195,1027.3,453.8
7262,7114,68.3825013105386,1257.5176827057544,675.545309991195,1027.3,453.8
7263,7115,68.96198406020822,1257.5176827057544,675.545309991195,1027.3,453.8
7264,7116,69.39827253306403,1257.5176827057544,675.545309991195,1027.3,453.8
7265,7117,69.73857016457562,1257.5176827057544,675.545309991195,1027.3,453.8
7266,7118,10.655240586312402,1257.5176827057544,675.545309991195,1027.3,453.8
7267,7119,10.87884635527419,1257.5176827057544,675.545309991195,1027.3,453.8
7268,7120,11.065442596029968,1257.5176827057544,675.545309991195,1027.3,453.8
7269,7121,11.223512197013223,1257.5176827057544,675.545309991195,1027.3,453.8
7270,7122,11.359130366244573,1257.5176827057544,675.545309991195,1027.3,453.8
7271,7123,11.359130366244573,1257.5176827057544,675.545309991195,1027.3,453.8
7272,7124,11.359130366244573,1257.5176827057544,675.545309991195,1027.3,453.8
7273,7125,11.359130366244573,1257.5176827057544,675.545309991195,1027.3,453.8
7274,7126,11.359130366244573,1257.5176827057544,675.545309991195,1027.3,453.8
7275,7127,11.359130366244573,1257.5176827057544,675.545309991195,1027.3,453.8
7276,7128,11.359130366244573,1257.5176827057544,675.545309991195,1027.3,453.8
7277,7129,11.359130366244573,1257.5176827057544,675.545309991195,1027.3,453.8
7278,7130,11.359130366244573,1257.5176827057544,675.545309991195,1027.3,453.8
7279,7131,11.359130366244573,1257.5176827057544,675.545309991195,1027.3,453.8
7280,7132,11.359130366244573,1257.5176827057544,675.545309991195,1027.3,453.8
7281,7133,11.359130366244573,1257.5176827057544,675.545309991195,1027.3,453.8
7282,7134,11.359130366244573,1257.5176827057544,675.545309991195,1027.3,453.8
7283,7135,11.359130366244573,1257.5176827057544,675.545309991195,1027.3,453.8
7284,7136,11.359130366244573,1257.5176827057544,675.545309991195,1027.3,453.8
7285,7137,11.359130366244573,1257.5176827057544,675.545309991195,1027.3,453.8
7286,7138,11.359130366244573,1257.5176827057544,675.545309991195,1027.3,453.8
7287,7139,11.359130366244573,1257.5176827057544,675.545309991195,1027.3,453.8
7288,7140,11.359130366244573,1257.5176827057544,675.545309991195,1027.3,453.8
7289,7141,11.359130366244573,1257.5176827057544,675.545309991195,1027.3,453.8
7290,7142,11.359130366244573,1257.5176827057544,675.545309991195,1027.3,453.8
7291,7143,11.359130366244573,1257.5176827057544,675.545309991195,1027.3,453.8
7292,7144,11.359130366244573,1257.5176827057544,675.545309991195,1027.3,453.8
7293,7145,11.359130366244573,1257.5176827057544,675.545309991195,1027.3,453.8
7294,7146,11.359130366244573,1257.5176827057544,675.545309991195,1027.3,453.8
7295,7147,11.359130366244573,1257.5176827057544,675.545309991195,1027.3,453.8
7296,7148,11.359130366244573,1257.5176827057544,675.545309991195,1027.3,453.8
7297,7149,11.359130366244573,1257.5176827057544,675.545309991195,1027.3,453.8
7298,7150,11.359130366244573,1257.5176827057544,675.545309991195,1027.3,453.8
7299,7151,11.359130366244573,1257.5176827057544,675.545309991195,1027.3,453.8
7300,7152,11.359130366244573,1257.5176827057544,675.545309991195,1027.3,453.8
7301,7153,11.359130366244573,1257.5176827057544,675.545309991195,1027.3,453.8
7302,7154,11.359130366244573,1257.5176827057544,675.545309991195,1027.3,453.8
7303,7155,11.359130366244573,1257.5176827057544,675.545309991195,1027.3,453.8
7304,7156,11.359130366244573,1257.5176827057544,675.545309991195,1027.3,453.8
7305,7157,11.359130366244573,1257.5176827057544,675.545309991195,1027.3,453.8
7306,7158,11.359130366244573,1257.5176827057544,675.545309991195,1027.3,453.8
7307,7159,11.359130366244573,1257.5176827057544,675.545309991195,1027.3,453.8
7308,7160,11.359130366244573,1257.5176827057544,675.545309991195,1027.3,453.8
7309,7161,11.359130366244573,1257.5176827057544,675.545309991195,1027.3,453.8
7310,7162,11.359130366244573,1257.5176827057544,675.545309991195,1027.3,453.8
7311,7163,11.359130366244573,1257.5176827057544,675.545309991195,1027.3,453.8
7312,7164,11.359130366244573,1257.5176827057544,675.545309991195,1027.3,453.8
7313,7165,11.359130366244573,1257.5176827057544,675.545309991195,1027.3,453.8
7314,7166,11.359130366244573,1257.5176827057544,675.545309991195,1027.3,453.8
7315,7167,11.359130366244573,1257.5176827057544,675.545309991195,1027.3,453.8
7316,7168,11.359130366244573,1257.5176827057544,675.545309991195,1027.3,453.8
7317,7169,11.359130366244573,1257.5176827057544,675.545309991195,1027.3,453.8
7318,7170,11.359130366244573,1257.5176827057544,675.545309991195,1027.3,453.8
7319,7171,11.359130366244573,1257.5176827057544,675.545309991195,1027.3,453.8
7320,7172,11.359130366244573,1257.5176827057544,675.545309991195,1027.3,453.8
7321,7173,11.359130366244573,1257.5176827057544,675.545309991195,1027.3,453.8
7322,7174,11.359130366244573,1257.5176827057544,675.545309991195,1027.3,453.8
7323,7175,11.359130366244573,1257.5176827057544,675.545309991195,1027.3,453.8
7324,7176,11.359130366244573,1257.5176827057544,675.545309991195,1027.3,453.8
7325,7177,11.359130366244573,1257.5176827057544,675.545309991195,1027.3,453.8
7326,7178,11.359130366244573,1257.5176827057544,675.545309991195,1027.3,453.8
7327,7179,11.359130366244573,1257.5176827057544,675.545309991195,1027.3,453.8
7328,7180,11.359130366244573,1257.5176827057544,675.545309991195,1027.3,453.8
7329,7181,11.359130366244573,1257.5176827057544,675.545309991195,1027.3,453.8
7330,7182,11.359130366244573,1257.5176827057544,675.545309991195,1027.3,453.8
7331,7183,11.359130366244573,1257.5176827057544,675.545309991195,1027.3,453.8
7332,7184,11.359130366244573,1257.5176827057544,675.545309991195,1027.3,453.8
7333,7185,11.359130366244573,1278.5176827057544,552.545309991195,1027.3,453.8
7334,7186,11.359130366244573,1278.5176827057544,552.545309991195,1027.3,453.8
7335,7187,11.359130366244573,1278.5176827057544,552.545309991195,1027.3,453.8
7336,7188,11.359130366244573,1278.5176827057544,552.545309991195,1027.3,453.8
7337,7189,11.359130366244573,1278.5176827057544,552.545309991195,1027.3,453.8
7338,7190,11.359130366244573,1278.5176827057544,552.545309991195,1027.3,453.8
7339,7191,11.359130366244573,1278.5176827057544,552.545309991195,1027.3,453.8
7340,7192,11.359130366244573,1278.5176827057544,552.545309991195,1027.3,453.8
7341,7193,11.359130366244573,1278.5176827057544,552.545309991195,1027.3,453.8
7342,7194,11.359130366244573,1278.5176827057544,552.545309991195,1027.3,453.8
7343,7195,11.359130366244573,1278.5176827057544,552.545309991195,1027.3,453.8
7344,7196,11.359130366244573,1278.5176827057544,552.545309991195,1027.3,453.8
7345,7197,11.359130366244573,1278.5176827057544,552.545309991195,1027.3,453.8
7346,7198,11.359130366244573,1278.5176827057544,552.545309991195,1027.3,453.8
7347,7199,11.359130366244573,1278.5176827057544,552.545309991195,1027.3,453.8
7348,7200,11.359130366244573,1278.5176827057544,552.545309991195,1027.3,453.8
7349,7201,11.359130366244573,1278.5176827057544,552.545309991195,1027.3,453.8
7350,7202,11.359130366244573,1278.5176827057544,552.545309991195,1027.3,453.8
7351,7203,11.359130366244573,1278.5176827057544,552.545309991195,1027.3,453.8
7352,7204,11.359130366244573,1278.5176827057544,552.545309991195,1027.3,453.8
7353,7205,11.359130366244573,1278.5176827057544,552.545309991195,1027.3,453.8
7354,7206,11.359130366244573,1278.5176827057544,552.545309991195,1027.3,453.8
7355,7207,11.359130366244573,1278.5176827057544,552.545309991195,1027.3,453.8
7356,7208,11.359130366244573,1278.5176827057544,552.545309991195,1027.3,453.8
7357,7209,11.359130366244573,1278.5176827057544,552.545309991195,1027.3,453.8
7358,7210,11.359130366244573,1278.5176827057544,552.545309991195,1027.3,453.8
7359,7211,11.359130366244573,1278.5176827057544,552.545309991195,1027.3,453.8
7360,7212,11.359130366244573,1278.5176827057544,552.545309991195,1027.3,453.8
7361,7213,11.359130366244573,1278.5176827057544,552.545309991195,1027.3,453.8
7362,7214,11.359130366244573,1278.5176827057544,552.545309991195,1027.3,453.8
7363,7215,11.359130366244573,1278.5176827057544,552.545309991195,1027.3,453.8
7364,7216,11.359130366244573,1278.5176827057544,552.545309991195,1027.3,453.8
7365,7217,11.359130366244573,1278.5176827057544,552.545309991195,1027.3,453.8
7366,7218,11.359130366244573,1278.5176827057544,552.545309991195,1027.3,453.8
7367,7219,11.359130366244573,1278.5176827057544,552.545309991195,1027.3,453.8
7368,7220,11.359130366244573,1278.5176827057544,552.545309991195,1027.3,453.8
7369,7221,11.359130366244573,1278.5176827057544,552.545309991195,1027.3,453.8
7370,7222,11.359130366244573,1278.5176827057544,552.545309991195,1027.3,453.8
7371,7223,11.359130366244573,1278.5176827057544,552.545309991195,1027.3,453.8
7372,7224,11.359130366244573,1278.5176827057544,552.545309991195,1027.3,453.8
7373,7225,11.359130366244573,1278.5176827057544,552.545309991195,1027.3,453.8
7374,7226,11.359130366244573,1278.5176827057544,552.545309991195,1027.3,453.8
7375,7227,11.359130366244573,1278.5176827057544,552.545309991195,1027.3,453.8
7376,7228,11.359130366244573,1278.5176827057544,552.545309991195,1027.3,453.8
7377,7229,11.359130366244573,1278.5176827057544,552.545309991195,1027.3,453.8
7378,7230,11.359130366244573,1278.5176827057544,552.545309991195,1027.3,453.8
7379,7231,11.359130366244573,1278.5176827057544,552.545309991195,1027.3,453.8
7380,7232,11.359130366244573,1278.5176827057544,552.545309991195,1027.3,453.8
7381,7233,11.359130366244573,1278.5176827057544,552.545309991195,1027.3,453.8
7382,7234,11.359130366244573,1278.5176827057544,552.545309991195,1027.3,453.8
7383,7235,11.359130366244573,1278.5176827057544,552.545309991195,1027.3,453.8
7384,7236,11.359130366244573,1278.5176827057544,552.545309991195,1027.3,453.8
7385,7237,11.359130366244573,1278.5176827057544,552.545309991195,1027.3,453.8
7386,7238,11.359130366244573,1278.5176827057544,552.545309991195,1027.3,453.8
7387,7239,11.359130366244573,1278.5176827057544,552.545309991195,1027.3,453.8
7388,7240,11.359130366244573,1278.5176827057544,552.545309991195,1027.3,453.8
7389,7241,11.359130366244573,1278.5176827057544,552.545309991195,1027.3,453.8
7390,7242,11.359130366244573,1278.5176827057544,552.545309991195,1027.3,453.8
7391,7243,11.359130366244573,1278.5176827057544,552.545309991195,1027.3,453.8
7392,7244,11.359130366244573,1278.5176827057544,552.545309991195,1027.3,453.8
7393,7245,11.359130366244573,1278.5176827057544,552.545309991195,1027.3,453.8
7394,7246,10.886584490263564,1278.5176827057544,552.545309991195,1027.3,453.8
7395,7247,10.444480246726839,1278.5176827057544,552.545309991195,1027.3,453.8
7396,7248,10.030015748336032,1278.5176827057544,552.545309991195,1027.3,453.8
7397,7249,9.64071715229126,1278.5176827057544,552.545309991195,1027.3,453.8
7398,7250,9.27439280832555,1278.5176827057544,552.545309991195,1027.3,453.8
7399,7251,8.929094756029754,1278.5176827057544,552.545309991195,1027.3,453.8
7400,7252,8.60308625818791,1278.5176827057544,552.545309991195,1027.3,453.8
7401,7253,8.294814312955436,1278.5176827057544,552.545309991195,1027.3,453.8
7402,7254,8.294814312955436,1278.5176827057544,552.545309991195,1027.3,453.8
7403,7255,8.294814312955436,1278.5176827057544,552.545309991195,1027.3,453.8
7404,7256,8.294814312955436,1278.5176827057544,552.545309991195,1027.3,453.8
7405,7257,8.294814312955436,1278.5176827057544,552.545309991195,1027.3,453.8
7406,7258,8.294814312955436,1278.5176827057544,552.545309991195,1027.3,453.8
7407,7259,8.294814312955436,1278.5176827057544,552.545309991195,1027.3,453.8
7408,7260,8.294814312955436,1278.5176827057544,552.545309991195,1027.3,453.8
7409,7261,8.294814312955436,1278.5176827057544,552.545309991195,1027.3,453.8
7410,7262,8.294814312955436,1278.5176827057544,552.545309991195,1027.3,453.8
7411,7263,8.294814312955436,1278.5176827057544,552.545309991195,1027.3,453.8
7412,7264,8.294814312955436,1278.5176827057544,552.545309991195,1027.3,453.8
7413,7265,8.294814312955436,1278.5176827057544,552.545309991195,1027.3,453.8
7414,7266,8.294814312955436,1278.5176827057544,552.545309991195,1027.3,453.8
7415,7267,8.294814312955436,1278.5176827057544,552.545309991195,1027.3,453.8
7416,7268,8.294814312955436,1278.5176827057544,552.545309991195,1027.3,453.8
7417,7269,8.294814312955436,1278.5176827057544,552.545309991195,1027.3,453.8
7418,7270,8.294814312955436,1278.5176827057544,552.545309991195,1027.3,453.8
7419,7271,8.294814312955436,1278.5176827057544,552.545309991195,1027.3,453.8
7420,7272,8.294814312955436,1278.5176827057544,552.545309991195,1027.3,453.8
7421,7273,8.294814312955436,1278.5176827057544,552.545309991195,1027.3,453.8
7422,7274,8.294814312955436,1278.5176827057544,552.545309991195,1027.3,453.8
7423,7275,8.294814312955436,1278.5176827057544,552.545309991195,1027.3,453.8
7424,7276,8.294814312955436,1278.5176827057544,552.545309991195,1027.3,453.8
7425,7277,8.294814312955436,1278.5176827057544,552.545309991195,1027.3,453.8
7426,7278,8.294814312955436,1278.5176827057544,552.545309991195,1027.3,453.8
7427,7279,8.294814312955436,1278.5176827057544,552.545309991195,1027.3,453.8
7428,7280,8.294814312955436,1278.5176827057544,552.545309991195,1027.3,453.8
7429,7281,8.294814312955436,1278.5176827057544,552.545309991195,1027.3,453.8
7430,7282,8.294814312955436,1278.5176827057544,552.545309991195,1027.3,453.8
7431,7283,8.294814312955436,1278.5176827057544,552.545309991195,1027.3,453.8
7432,7284,8.294814312955436,1278.5176827057544,552.545309991195,1027.3,453.8
7433,7285,8.294814312955436,1278.5176827057544,552.545309991195,1027.3,453.8
7434,7286,8.294814312955436,1278.5176827057544,552.545309991195,1027.3,453.8
7435,7287,8.294814312955436,1278.5176827057544,552.545309991195,1027.3,453.8
7436,7288,8.294814312955436,1278.5176827057544,552.545309991195,1027.3,453.8
7437,7289,8.294814312955436,1278.5176827057544,552.545309991195,1027.3,453.8
7438,7290,8.294814312955436,1278.5176827057544,552.545309991195,1027.3,453.8
7439,7291,8.294814312955436,1278.5176827057544,552.545309991195,1027.3,453.8
7440,7292,8.294814312955436,1278.5176827057544,552.545309991195,1027.3,453.8
7440,7293,8.294814312955436,1278.5176827057544,552.545309991195,1027.3,453.8
7440,7294,8.294814312955436,1278.5176827057544,552.545309991195,1027.3,453.8
7440,7295,8.294814312955436,1278.5176827057544,552.545309991195,1027.3,453.8
7440,7296,8.294814312955436,1278.5176827057544,552.545309991195,1027.3,453.8
7440,7297,8.294814312955436,1278.5176827057544,552.545309991195,1027.3,453.8
7440,7298,8.294814312955436,1278.5176827057544,552.545309991195,1027.3,453.8
7440,7299,8.294814312955436,1278.5176827057544,552.545309991195,1027.3,453.8
7440,7300,8.294814312955436,1278.5176827057544,552.545309991195,1027.3,453.8
7440,7301,8.294814312955436,1278.5176827057544,552.545309991195,1027.3,453.8
7440,7302,8.294814312955436,1278.5176827057544,552.545309991195,1027.3,453.8
7440,7303,8.294814312955436,1278.5176827057544,552.545309991195,1027.3,453.8
7440,7304,8.294814312955436,1278.5176827057544,552.545309991195,1027.3,453.8
7440,7305,8.294814312955436,1278.5176827057544,552.545309991195,1027.3,453.8
7440,7306,8.294814312955436,1278.5176827057544,552.545309991195,1027.3,453.8
7440,7307,8.294814312955436,1278.5176827057544,552.545309991195,1027.3,453.8
7440,7308,8.294814312955436,1278.5176827057544,552.545309991195,1027.3,453.8
7440,7309,8.294814312955436,1278.5176827057544,552.545309991195,1027.3,453.8
7440,7310,8.294814312955436,1278.5176827057544,552.545309991195,1027.3,453.8
7440,7311,8.294814312955436,1278.5176827057544,552.545309991195,1027.3,453.8
7440,7312,8.294814312955436,1278.5176827057544,552.545309991195,1027.3,453.8
7440,7313,8.294814312955436,1278.5176827057544,552.545309991195,1027.3,453.8
7440,7314,8.294814312955436,1278.5176827057544,552.545309991195,1027.3,453.8
7440,7315,8.294814312955436,1278.5176827057544,552.545309991195,1027.3,453.8
7440,7316,8.294814312955436,1278.5176827057544,552.545309991195,1027.3,453.8
7440,7317,8.294814312955436,1278.5176827057544,552.545309991195,1027.3,453.8
7440,7318,8.294814312955436,1278.5176827057544,552.545309991195,1027.3,453.8
7440,7319,8.294814312955436,1278.5176827057544,552.545309991195,1027.3,453.8
7440,7320,8.294814312955436,1278.5176827057544,552.545309991195,1027.3,453.8
7440,7321,8.294814312955436,1278.5176827057544,552.545309991195,1027.3,453.8
7440,7322,8.294814312955436,1278.5176827057544,552.545309991195,1027.3,453.8
7440,7323,8.294814312955436,1278.5176827057544,552.545309991195,1027.3,453.8
7440,7324,8.294814312955436,1278.5176827057544,552.545309991195,1027.3,453.8
7440,7325,8.294814312955436,1278.5176827057544,552.545309991195,1027.3,453.8
7440,7326,8.294814312955436,1278.5176827057544,552.545309991195,1027.3,453.8
7440,7327,8.294814312955436,1278.5176827057544,552.545309991195,1027.3,453.8
7440,7328,8.294814312955436,1278.5176827057544,552.545309991195,1027.3,453.8
7440,7329,8.294814312955436,1278.5176827057544,552.545309991195,1027.3,453.8
7440,7330,8.294814312955436,1278.5176827057544,552.545309991195,1027.3,453.8
7440,7331,8.294814312955436,1278.5176827057544,552.545309991195,1027.3,453.8
7440,7332,8.294814312955436,1278.5176827057544,552.545309991195,1027.3,453.8
7440,7333,8.294814312955436,1278.5176827057544,552.545309991195,1027.3,453.8
7440,7334,8.294814312955436,1278.5176827057544,552.545309991195,1027.3,453.8
7440,7335,8.294814312955436,1278.5176827057544,552.545309991195,1027.3,453.8
7440,7336,8.294814312955436,1278.5176827057544,552.545309991195,1027.3,453.8
7440,7337,8.294814312955436,1278.5176827057544,552.545309991195,1027.3,453.8
7440,7338,8.294814312955436,1278.5176827057544,552.545309991195,1027.3,453.8
7440,7339,8.294814312955436,1278.5176827057544,552.545309991195,1027.3,453.8
7440,7340,8.294814312955436,1278.5176827057544,552.545309991195,1027.3,453.8
7440,7341,8.294814312955436,1278.5176827057544,552.545309991195,1027.3,453.8
7440,7342,8.294814312955436,1278.5176827057544,552.545309991195,1027.3,453.8
7440,7343,8.294814312955436,1278.5176827057544,552.545309991195,1027.3,453.8
7440,7344,8.294814312955436,1278.5176827057544,552.545309991195,1027.3,453.8
7440,7345,8.294814312955436,1278.5176827057544,552.545309991195,1027.3,453.8
7440,7346,8.294814312955436,1278.5176827057544,552.545309991195,1027.3,453.8
7440,7347,8.294814312955436,1278.5176827057544,552.545309991195,1027.3,453.8
7440,7348,8.294814312955436,1278.5176827057544,552.545309991195,1027.3,453.8
7440,7349,8.294814312955436,1278.5176827057544,552.545309991195,1027.3,453.8
7440,7350,8.294814312955436,1278.5176827057544,552.545309991195,1027.3,453.8
7440,7351,8.294814312955436,1278.5176827057544,552.545309991195,1027.3,453.8
7440,7352,8.294814312955436,-,-,-,-
7440,7353,8.294814312955436,-,-,-,-
7440,7354,8.294814312955436,-,-,-,-
7440,7355,8.294814312955436,-,-,-,-
7440,7356,8.294814312955436,-,-,-,-
7440,7357,8.294814312955436,-,-,-,-
7440,7358,8.294814312955436,-,-,-,-
7440,7359,8.294814312955436,-,-,-,-
7440,7360,8.294814312955436,-,-,-,-
7440,7361,8.294814312955436,-,-,-,-
7440,7362,8.294814312955436,-,-,-,-
7440,7363,8.294814312955436,-,-,-,-
7440,7364,8.294814312955436,-,-,-,-
7440,7365,8.294814312955436,-,-,-,-
7440,7366,8.294814312955436,-,-,-,-
7440,7367,8.294814312955436,-,-,-,-
7440,7368,8.294814312955436,-,-,-,-
7440,7369,8.294814312955436,-,-,-,-
7440,7370,8.294814312955436,-,-,-,-
7440,7371,8.294814312955436,-,-,-,-
7440,7372,8.294814312955436,-,-,-,-
7440,7373,8.294814312955436,-,-,-,-
7440,7374,8.294814312955436,-,-,-,-
7440,7375,8.294814312955436,-,-,-,-
7440,7376,8.294814312955436,-,-,-,-
7440,7377,8.294814312955436,-,-,-,-
7440,7378,8.294814312955436,-,-,-,-
7440,7379,8.294814312955436,-,-,-,-
7440,7380,8.294814312955436,-,-,-,-
7440,7381,8.294814312955436,-,-,-,-
7440,7382,8.294814312955436,-,-,-,-
7440,7383,8.294814312955436,-,-,-,-
7440,7384,8.294814312955436,-,-,-,-
7440,7385,8.294814312955436,-,-,-,-
7440,7386,8.294814312955436,-,-,-,-
7440,7387,8.294814312955436,-,-,-,-
7440,7388,8.294814312955436,-,-,-,-
7440,7389,8.294814312955436,-,-,-,-
7440,7390,8.294814312955436,-,-,-,-
7440,7391,8.294814312955436,-,-,-,-
7440,7392,8.294814312955436,-,-,-,-
7440,7393,8.294814312955436,-,-,-,-
7440,7394,8.294814312955436,-,-,-,-
7440,7395,8.294814312955436,-,-,-,-
7440,7396,8.294814312955436,-,-,-,-
7440,7397,8.294814312955436,-,-,-,-
7440,7398,8.294814312955436,-,-,-,-
7440,7399,8.294814312955436,-,-,-,-
7440,7400,8.294814312955436,-,-,-,-
7440,7401,8.294814312955436,-,-,-,-
7440,7402,8.294814312955436,-,-,-,-
7440,7403,8.294814312955436,-,-,-,-
7440,7404,8.294814312955436,-,-,-,-
7440,7405,8.294814312955436,-,-,-,-
7440,7406,8.294814312955436,-,-,-,-
7440,7407,8.294814312955436,-,-,-,-
7440,7408,8.294814312955436,-,-,-,-
7440,7409,8.294814312955436,-,-,-,-
7440,7410,8.294814312955436,-,-,-,-
7440,7411,8.294814312955436,-,-,-,-
7440,7412,8.294814312955436,-,-,-,-
7440,7413,8.294814312955436,-,-,-,-
7440,7414,8.294814312955436,-,-,-,-
7440,7415,8.294814312955436,-,-,-,-
7440,7416,8.294814312955436,-,-,-,-
7440,7417,8.294814312955436,-,-,-,-
7440,7418,8.294814312955436,-,-,-,-
7440,7419,8.294814312955436,-,-,-,-
7440,7420,8.294814312955436,-,-,-,-
7440,7421,8.294814312955436,-,-,-,-
7440,7422,8.294814312955436,-,-,-,-
7440,7423,8.294814312955436,-,-,-,-
7440,7424,8.294814312955436,-,-,-,-
7440,7425,8.294814312955436,-,-,-,-
7440,7426,8.294814312955436,-,-,-,-
7440,7427,8.294814312955436,-,-,-,-
7440,7428,8.294814312955436,-,-,-,-
7440,7429,8.294814312955436,-,-,-,-
7440,7430,8.294814312955436,-,-,-,-
7440,7431,8.294814312955436,-,-,-,-
7440,7432,8.294814312955436,-,-,-,-
7440,7433,8.294814312955436,-,-,-,-
7440,7434,8.294814312955436,-,-,-,-
7440,7435,8.294814312955436,-,-,-,-
7440,7436,8.294814312955436,-,-,-,-
7440,7437,8.294814312955436,-,-,-,-
7440,7438,8.294814312955436,-,-,-,-
7440,7439,8.294814312955436,-,-,-,-
7440,7440,8.294814312955436,-,-,-,-
7440,7441,8.294814312955436,-,-,-,-
7440,7442,8.294814312955436,-,-,-,-
7440,7443,8.294814312955436,-,-,-,-
7440,7444,8.294814312955436,-,-,-,-
7440,7445,8.294814312955436,-,-,-,-
7440,7446,8.294814312955436,-,-,-,-
7440,7447,8.294814312955436,-,-,-,-
7440,7448,8.294814312955436,-,-,-,-
7440,7449,8.294814312955436,-,-,-,-
7440,7450,8.294814312955436,-,-,-,-
7440,7451,8.294814312955436,-,-,-,-
7440,7452,8.294814312955436,-,-,-,-
7440,7453,8.294814312955436,-,-,-,-
7440,7454,8.294814312955436,-,-,-,-
7440,7455,8.294814312955436,-,-,-,-
7440,7456,8.294814312955436,-,-,-,-
7440,7457,8.294814312955436,-,-,-,-
7440,7458,8.294814312955436,-,-,-,-
7440,7459,8.294814312955436,-,-,-,-
7440,7460,8.294814312955436,-,-,-,-
7440,7461,8.294814312955436,-,-,-,-
7440,7462,8.294814312955436,-,-,-,-
7440,7463,8.294814312955436,-,-,-,-
7440,7464,8.294814312955436,-,-,-,-
7440,7465,8.294814312955436,-,-,-,-
7440,7466,8.294814312955436,-,-,-,-
7440,7467,8.294814312955436,-,-,-,-
7440,7468,8.294814312955436,-,-,-,-
7440,7469,8.294814312955436,-,-,-,-
7440,7470,8.294814312955436,-,-,-,-
7440,7471,8.294814312955436,-,-,-,-
7440,7472,8.294814312955436,-,-,-,-
7440,7473,8.294814312955436,-,-,-,-
7440,7474,8.294814312955436,-,-,-,-
7440,7475,8.294814312955436,-,-,-,-
7440,7476,8.294814312955436,-,-,-,-
7440,7477,8.294814312955436,-,-,-,-
7440,7478,8.294814312955436,-,-,-,-
7440,7479,8.294814312955436,-,-,-,-
7440,7480,8.294814312955436,-,-,-,-
7440,7481,8.294814312955436,-,-,-,-
7440,7482,8.294814312955436,-,-,-,-
7440,7483,8.294814312955436,-,-,-,-
7440,7484,8.294814312955436,-,-,-,-
7440,7485,8.294814312955436,-,-,-,-
7440,7486,8.294814312955436,-,-,-,-
7440,7487,8.294814312955436,-,-,-,-
7440,7488,8.294814312955436,-,-,-,-
7440,7489,8.294814312955436,-,-,-,-
7440,7490,8.294814312955436,-,-,-,-
7440,7491,8.294814312955436,-,-,-,-
7440,7492,8.294814312955436,-,-,-,-
7440,7493,8.294814312955436,-,-,-,-
7440,7494,8.294814312955436,-,-,-,-
7440,7495,8.294814312955436,-,-,-,-
7440,7496,8.294814312955436,-,-,-,-
7440,7497,8.294814312955436,-,-,-,-
7440,7498,8.294814312955436,-,-,-,-
7440,7499,8.294814312955436,-,-,-,-
7440,7500,8.294814312955436,-,-,-,-
7441,7501,13.971970650721238,-,-,-,-
7442,7502,13.971970650721238,-,-,-,-
7443,7503,13.971970650721238,-,-,-,-
7444,7504,13.971970650721238,-,-,-,-
7445,7505,13.971970650721238,-,-,-,-
7446,7506,13.971970650721238,-,-,-,-
7447,7507,13.971970650721238,-,-,-,-
7448,7508,13.971970650721238,-,-,-,-
7449,7509,13.971970650721238,-,-,-,-
7450,7510,13.971970650721238,-,-,-,-
7451,7511,13.971970650721238,-,-,-,-
7452,7512,13.971970650721238,-,-,-,-
7453,7513,13.971970650721238,-,-,-,-
7454,7514,13.971970650721238,-,-,-,-
7455,7515,13.971970650721238,-,-,-,-
7456,7516,13.971970650721238,-,-,-,-
7457,7517,13.971970650721238,-,-,-,-
7458,7518,13.971970650721238,-,-,-,-
7459,7519,13.971970650721238,-,-,-,-
7460,7520,13.971970650721238,-,-,-,-
7461,7521,13.971970650721238,-,-,-,-
7462,7522,13.971970650721238,-,-,-,-
7463,7523,13.971970650721238,-,-,-,-
7464,7524,13.971970650721238,-,-,-,-
7465,7525,13.971970650721238,-,-,-,-
7466,7526,13.971970650721238,-,-,-,-
7467,7527,13.971970650721238,-,-,-,-
7468,7528,13.971970650721238,-,-,-,-
7469,7529,13.971970650721238,-,-,-,-
7470,7530,13.971970650721238,-,-,-,-
7471,7531,13.971970650721238,-,-,-,-
7472,7532,13.971970650721238,-,-,-,-
7473,7533,13.971970650721238,-,-,-,-
7474,7534,13.971970650721238,-,-,-,-
7475,7535,13.971970650721238,-,-,-,-
7476,7536,13.971970650721238,-,-,-,-
7477,7537,13.971970650721238,-,-,-,-
7478,7538,13.971970650721238,-,-,-,-
7479,7539,13.971970650721238,-,-,-,-
7480,7540,13.971970650721238,-,-,-,-
7481,7541,13.971970650721238,-,-,-,-
7482,7542,13.971970650721238,-,-,-,-
7483,7543,13.971970650721238,-,-,-,-
7484,7544,13.971970650721238,-,-,-,-
7485,7545,13.971970650721238,-,-,-,-
7486,7546,13.971970650721238,-,-,-,-
7487,7547,13.971970650721238,-,-,-,-
7488,7548,13.971970650721238,-,-,-,-
7489,7549,13.971970650721238,-,-,-,-
7490,7550,13.971970650721238,-,-,-,-
7491,7551,13.971970650721238,-,-,-,-
7492,7552,13.971970650721238,-,-,-,-
7493,7553,13.971970650721238,-,-,-,-
7494,7554,13.971970650721238,-,-,-,-
7495,7555,13.971970650721238,-,-,-,-
7496,7556,13.971970650721238,-,-,-,-
7497,7557,13.971970650721238,-,-,-,-
7498,7558,13.971970650721238,-,-,-,-
7499,7559,13.971970650721238,-,-,-,-
7500,7560,13.971970650721238,-,-,-,-
7501,7561,13.971970650721238,-,-,-,-
7502,7562,13.971970650721238,-,-,-,-
7503,7563,13.971970650721238,-,-,-,-
7504,7564,13.971970650721238,-,-,-,-
7505,7565,13.971970650721238,-,-,-,-
7506,7566,13.971970650721238,-,-,-,-
7507,7567,13.971970650721238,-,-,-,-
7508,7568,13.971970650721238,-,-,-,-
7509,7569,13.971970650721238,-,-,-,-
7510,7570,13.971970650721238,-,-,-,-
7511,7571,13.971970650721238,-,-,-,-
7512,7572,13.971970650721238,-,-,-,-
7513,7573,13.971970650721238,-,-,-,-
7514,7574,13.971970650721238,-,-,-,-
7515,7575,13.971970650721238,-,-,-,-
7516,7576,13.971970650721238,-,-,-,-
7517,7577,13.971970650721238,-,-,-,-
7518,7578,13.971970650721238,-,-,-,-
7519,7579,13.971970650721238,-,-,-,-
7520,7580,13.971970650721238,-,-,-,-
7521,7581,13.971970650721238,-,-,-,-
7522,7582,13.971970650721238,-,-,-,-
7523,7583,13.971970650721238,-,-,-,-
7524,7584,13.971970650721238,-,-,-,-
7525,7585,13.971970650721238,-,-,-,-
7526,7586,13.971970650721238,-,-,-,-
7527,7587,13.971970650721238,-,-,-,-
7528,7588,13.971970650721238,-,-,-,-
7529,7589,13.971970650721238,-,-,-,-
7530,7590,13.971970650721238,-,-,-,-
7531,7591,13.971970650721238,-,-,-,-
7532,7592,13.971970650721238,-,-,-,-
7533,7593,13.971970650721238,-,-,-,-
7534,7594,13.971970650721238,-,-,-,-
7535,7595,13.971970650721238,-,-,-,-
7536,7596,13.971970650721238,-,-,-,-
7537,7597,13.971970650721238,-,-,-,-
7538,7598,13.971970650721238,-,-,-,-
7539,7599,13.971970650721238,-,-,-,-
7540,7600,13.971970650721238,-,-,-,-
7541,7601,13.971970650721238,-,-,-,-
7542,7602,13.971970650721238,-,-,-,-
7543,7603,13.971970650721238,-,-,-,-
7544,7604,13.971970650721238,-,-,-,-
7545,7605,13.971970650721238,-,-,-,-
7546,7606,13.971970650721238,-,-,-,-
7547,7607,13.971970650721238,-,-,-,-
7548,7608,13.971970650721238,-,-,-,-
7549,7609,13.971970650721238,-,-,-,-
7550,7610,13.971970650721238,-,-,-,-
7551,7611,13.971970650721238,-,-,-,-
7552,7612,13.971970650721238,-,-,-,-
7553,7613,13.971970650721238,-,-,-,-
7554,7614,13.971970650721238,-,-,-,-
7555,7615,13.971970650721238,-,-,-,-
7556,7616,13.971970650721238,-,-,-,-
7557,7617,13.971970650721238,-,-,-,-
7558,7618,13.971970650721238,-,-,-,-
7559,7619,13.971970650721238,-,-,-,-
7560,7620,13.971970650721238,-,-,-,-
7561,7621,13.971970650721238,-,-,-,-
7562,7622,13.971970650721238,-,-,-,-
7563,7623,13.971970650721238,-,-,-,-
7564,7624,13.971970650721238,-,-,-,-
7565,7625,13.971970650721238,-,-,-,-
7566,7626,13.971970650721238,-,-,-,-
7567,7627,13.971970650721238,-,-,-,-
7568,7628,13.971970650721238,-,-,-,-
7569,7629,13.971970650721238,-,-,-,-
7570,7630,13.971970650721238,-,-,-,-
7571,7631,13.971970650721238,-,-,-,-
7572,7632,13.971970650721238,-,-,-,-
7573,7633,13.971970650721238,-,-,-,-
7574,7634,13.971970650721238,-,-,-,-
7575,7635,13.971970650721238,-,-,-,-
7576,7636,13.971970650721238,-,-,-,-
7577,7637,13.971970650721238,-,-,-,-
7578,7638,13.971970650721238,-,-,-,-
7579,7639,13.971970650721238,-,-,-,-
7580,7640,13.971970650721238,-,-,-,-
7581,7641,13.971970650721238,-,-,-,-
7582,7642,13.971970650721238,-,-,-,-
7583,7643,13.971970650721238,-,-,-,-
7584,7644,13.971970650721238,-,-,-,-
7585,7645,13.971970650721238,-,-,-,-
7586,7646,13.971970650721238,-,-,-,-
7587,7647,13.971970650721238,-,-,-,-
7588,7648,13.971970650721238,-,-,-,-
7589,7649,13.971970650721238,-,-,-,-
7590,7650,13.971970650721238,-,-,-,-
7591,7651,13.971970650721238,-,-,-,-
7592,7652,13.971970650721238,-,-,-,-
7593,7653,13.971970650721238,-,-,-,-
7594,7654,13.971970650721238,-,-,-,-
7595,7655,13.971970650721238,-,-,-,-
7596,7656,13.971970650721238,-,-,-,-
7597,7657,13.971970650721238,-,-,-,-
7598,7658,13.971970650721238,-,-,-,-
7599,7659,13.971970650721238,-,-,-,-
7600,7660,13.971970650721238,-,-,-,-
7601,7661,13.971970650721238,-,-,-,-
7602,7662,13.971970650721238,-,-,-,-
7603,7663,13.971970650721238,-,-,-,-
7604,7664,13.971970650721238,-,-,-,-
7605,7665,13.971970650721238,-,-,-,-
7606,7666,13.971970650721238,-,-,-,-
7606,7667,13.971970650721238,-,-,-,-
7606,7668,13.971970650721238,-,-,-,-
7606,7669,13.971970650721238,-,-,-,-
7606,7670,13.971970650721238,-,-,-,-
7606,7671,13.971970650721238,-,-,-,-
7606,7672,13.971970650721238,-,-,-,-
7606,7673,13.971970650721238,-,-,-,-
7606,7674,13.971970650721238,-,-,-,-
7606,7675,13.971970650721238,-,-,-,-
7606,7676,13.971970650721238,-,-,-,-
7606,7677,13.971970650721238,-,-,-,-
7606,7678,13.971970650721238,-,-,-,-
7606,7679,13.971970650721238,-,-,-,-
7606,7680,14.619527352483198,-,-,-,-
7606,7681,15.34997452722123,-,-,-,-
7606,7682,16.180025557649707,-,-,-,-
7606,7683,17.131111916588793,-,-,-,-
7606,7684,18.231128593989315,-,-,-,-
7606,7685,19.516988320237825,-,-,-,-
7606,7686,21.038436388562534,-,-,-,-
7606,7687,22.86386905198755,-,-,-,-
7606,7688,25.089390513079945,-,-,-,-
7606,7689,27.853153729448042,-,-,-,-
7606,7690,31.35823854075998,-,-,-,-
7606,7691,35.90853174761497,-,-,-,-
7607,7692,34.382438740452,-,-,-,-
7608,7693,16.13561889104019,-,-,-,-
7609,7694,1.8971801576284248,-,-,-,-
7610,7695,0.04092554720485226,-,-,-,-
7611,7695,0.04092554720485226,-,-,-,-
7612,7695,0.04092554720485226,-,-,-,-
7613,7695,0.04092554720485226,-,-,-,-
7614,7695,0.04092554720485226,-,-,-,-
7615,7695,0.04092554720485226,-,-,-,-
7616,7695,0.04092554720485226,-,-,-,-
7617,7695,0.04092554720485226,-,-,-,-
7618,7695,0.04092554720485226,-,-,-,-
7619,7695,0.04092554720485226,-,-,-,-
7620,7695,0.04092554720485226,-,-,-,-
7621,7695,0.04092554720485226,-,-,-,-
7622,7695,0.04092554720485226,-,-,-,-
7623,7695,0.04092554720485226,-,-,-,-
7624,7695,0.04092554720485226,-,-,-,-
7625,7695,0.04092554720485226,-,-,-,-
7626,7695,0.04092554720485226,-,-,-,-
7627,7695,0.04092554720485226,-,-,-,-
7628,7695,0.04092554720485226,-,-,-,-
7629,7695,0.04092554720485226,-,-,-,-
7630,7696,0.22435633728048596,-,-,-,-
7631,7697,0.855486387216662,-,-,-,-
7632,7698,5.788033450275197,-,-,-,-
7633,7699,22.024682143768118,-,-,-,-
7634,7700,13.869395058395003,-,-,-,-
7635,7701,7.858760400290679,-,-,-,-
7636,7702,3.3369786999294595,-,-,-,-
7637,7703,0.14808446314071785,-,-,-,-
7638,7703,0.14808446314071785,-,-,-,-
7639,7703,0.14808446314071785,-,-,-,-
7640,7703,0.14808446314071785,-,-,-,-
7641,7703,0.14808446314071785,-,-,-,-
7642,7703,0.14808446314071785,-,-,-,-
7643,7703,0.14808446314071785,-,-,-,-
7644,7703,0.14808446314071785,-,-,-,-
7645,7703,0.14808446314071785,-,-,-,-
7646,7703,0.14808446314071785,-,-,-,-
7647,7703,0.14808446314071785,-,-,-,-
7648,7703,0.14808446314071785,-,-,-,-
7649,7703,0.14808446314071785,-,-,-,-
7650,7703,0.14808446314071785,-,-,-,-
7651,7703,0.14808446314071785,-,-,-,-
7652,7703,0.14808446314071785,-,-,-,-
7653,7703,0.14808446314071785,-,-,-,-
7654,7703,0.14808446314071785,-,-,-,-
7655,7703,0.14808446314071785,-,-,-,-
7656,7703,0.14808446314071785,-,-,-,-
7657,7703,0.14808446314071785,-,-,-,-
7658,7703,0.14808446314071785,-,-,-,-
7659,7703,0.14808446314071785,-,-,-,-
7660,7703,0.14808446314071785,-,-,-,-
7661,7703,0.14808446314071785,-,-,-,-
7662,7703,0.14808446314071785,-,-,-,-
7663,7703,0.14808446314071785,-,-,-,-
7664,7703,0.14808446314071785,-,-,-,-
7665,7703,0.14808446314071785,-,-,-,-
7666,7703,0.14808446314071785,-,-,-,-
7667,7703,0.14808446314071785,-,-,-,-
7668,7703,0.14808446314071785,-,-,-,-
7669,7703,0.14808446314071785,-,-,-,-
7670,7703,0.14808446314071785,-,-,-,-
7671,7703,0.14808446314071785,-,-,-,-
7672,7703,0.14808446314071785,-,-,-,-
7673,7703,0.14808446314071785,-,-,-,-
7674,7703,0.14808446314071785,-,-,-,-
7675,7703,0.14808446314071785,-,-,-,-
7676,7703,0.14808446314071785,-,-,-,-
7677,7703,0.14808446314071785,-,-,-,-
7678,7703,0.14808446314071785,-,-,-,-
7679,7703,0.14808446314071785,-,-,-,-
7680,7703,0.14808446314071785,-,-,-,-
7681,7703,0.14808446314071785,-,-,-,-
7682,7703,0.14808446314071785,-,-,-,-
7683,7703,0.14808446314071785,-,-,-,-
7684,7703,0.14808446314071785,-,-,-,-
7685,7703,0.14808446314071785,-,-,-,-
7686,7703,0.14808446314071785,-,-,-,-
7687,7703,0.14808446314071785,-,-,-,-
7688,7703,0.14808446314071785,-,-,-,-
7689,7703,0.14808446314071785,-,-,-,-
7690,7703,0.14808446314071785,-,-,-,-
7691,7703,0.14808446314071785,-,-,-,-
7692,7703,0.14808446314071785,-,-,-,-
7693,7703,0.14808446314071785,-,-,-,-
7694,7703,0.14808446314071785,-,-,-,-
7695,7703,0.14808446314071785,-,-,-,-
7696,7703,0.14808446314071785,-,-,-,-
7697,7703,0.14808446314071785,-,-,-,-
7698,7703,0.14808446314071785,-,-,-,-
7699,7704,7.996694874723541,-,-,-,-
7700,7705,5.7817470376222,-,-,-,-
7701,7706,5.7817470376222,-,-,-,-
7702,7707,5.7817470376222,-,-,-,-
7703,7708,5.7817470376222,-,-,-,-
7704,7709,5.7817470376222,-,-,-,-
7705,7710,5.7817470376222,-,-,-,-
7706,7711,5.7817470376222,-,-,-,-
7707,7712,5.7817470376222,-,-,-,-
7708,7713,5.7817470376222,-,-,-,-
7709,7714,5.7817470376222,-,-,-,-
7710,7715,5.7817470376222,-,-,-,-
7711,7716,5.7817470376222,-,-,-,-
7712,7717,5.7817470376222,-,-,-,-
7713,7718,5.7817470376222,-,-,-,-
7714,7719,5.7817470376222,-,-,-,-
7715,7720,5.7817470376222,-,-,-,-
7716,7721,5.7817470376222,-,-,-,-
7717,7722,5.7817470376222,-,-,-,-
7718,7723,5.7817470376222,-,-,-,-
7719,7724,5.7817470376222,-,-,-,-
7720,7725,5.7817470376222,-,-,-,-
7721,7726,5.7817470376222,-,-,-,-
7722,7727,5.7817470376222,-,-,-,-
7723,7728,5.7817470376222,-,-,-,-
7724,7729,5.7817470376222,-,-,-,-
7725,7730,5.7817470376222,-,-,-,-
7726,7731,5.7817470376222,-,-,-,-
7727,7732,5.7817470376222,-,-,-,-
7728,7733,5.7817470376222,-,-,-,-
7729,7734,5.7817470376222,-,-,-,-
7730,7735,5.7817470376222,-,-,-,-
7731,7736,5.7817470376222,-,-,-,-
7732,7737,5.7817470376222,-,-,-,-
7733,7738,17.96534655078125,-,-,-,-
7734,7739,17.96534655078125,-,-,-,-
7735,7740,17.96534655078125,-,-,-,-
7736,7741,17.96534655078125,-,-,-,-
7737,7742,17.96534655078125,-,-,-,-
7738,7743,17.96534655078125,-,-,-,-
7739,7744,17.96534655078125,-,-,-,-
7740,7745,17.96534655078125,-,-,-,-
7741,7746,17.96534655078125,-,-,-,-
7742,7747,17.96534655078125,-,-,-,-
7743,7748,17.96534655078125,-,-,-,-
7744,7749,17.96534655078125,-,-,-,-
7745,7750,17.96534655078125,-,-,-,-
7746,7751,17.96534655078125,-,-,-,-
7747,7752,17.96534655078125,-,-,-,-
7748,7753,17.96534655078125,-,-,-,-
7749,7754,17.96534655078125,-,-,-,-
7750,7755,17.96534655078125,-,-,-,-
7751,7756,17.96534655078125,-,-,-,-
7752,7757,17.96534655078125,-,-,-,-
7753,7758,17.96534655078125,-,-,-,-
7754,7759,17.96534655078125,-,-,-,-
7755,7760,17.96534655078125,-,-,-,-
7756,7761,17.96534655078125,-,-,-,-
7757,7762,17.96534655078125,-,-,-,-
7758,7763,17.96534655078125,-,-,-,-
7759,7764,17.96534655078125,-,-,-,-
7760,7765,17.96534655078125,-,-,-,-
7761,7766,17.96534655078125,-,-,-,-
7762,7767,17.96534655078125,-,-,-,-
7763,7768,17.96534655078125,-,-,-,-
7764,7769,17.96534655078125,-,-,-,-
7765,7770,17.96534655078125,-,-,-,-
7766,7771,17.96534655078125,-,-,-,-
7767,7772,17.96534655078125,-,-,-,-
7768,7773,17.96534655078125,-,-,-,-
7769,7774,17.96534655078125,-,-,-,-
7770,7775,17.96534655078125,-,-,-,-
7771,7776,17.96534655078125,-,-,-,-
7772,7777,17.96534655078125,-,-,-,-
7773,7778,17.96534655078125,-,-,-,-
7774,7779,17.96534655078125,-,-,-,-
7775,7780,17.96534655078125,-,-,-,-
7776,7781,17.96534655078125,-,-,-,-
7777,7782,17.96534655078125,-,-,-,-
7778,7783,17.96534655078125,-,-,-,-
7779,7784,17.96534655078125,-,-,-,-
7780,7785,17.96534655078125,-,-,-,-
7781,7786,17.96534655078125,-,-,-,-
7782,7787,17.96534655078125,-,-,-,-
7783,7788,17.96534655078125,-,-,-,-
7784,7789,17.96534655078125,-,-,-,-
7785,7790,17.96534655078125,-,-,-,-
7786,7791,17.96534655078125,-,-,-,-
7787,7792,17.96534655078125,-,-,-,-
7788,7793,17.96534655078125,-,-,-,-
7789,7794,17.96534655078125,-,-,-,-
7790,7795,17.96534655078125,-,-,-,-
7791,7796,17.96534655078125,-,-,-,-
7792,7797,17.96534655078125,-,-,-,-
7793,7798,17.96534655078125,-,-,-,-
7794,7799,17.96534655078125,-,-,-,-
7795,7800,17.96534655078125,-,-,-,-
7796,7801,17.96534655078125,-,-,-,-
7797,7802,17.96534655078125,-,-,-,-
7798,7803,17.96534655078125,-,-,-,-
7799,7804,19.095919373765724,-,-,-,-
7800,7805,19.095919373765724,-,-,-,-
7801,7806,19.095919373765724,-,-,-,-
7802,7807,19.095919373765724,-,-,-,-
7803,7808,19.095919373765724,-,-,-,-
7804,7809,19.095919373765724,-,-,-,-
7805,7810,19.095919373765724,-,-,-,-
7806,7811,19.095919373765724,-,-,-,-
7807,7812,19.095919373765724,-,-,-,-
7808,7813,19.095919373765724,-,-,-,-
7809,7814,19.095919373765724,-,-,-,-
7810,7815,19.095919373765724,-,-,-,-
7811,7816,19.095919373765724,-,-,-,-
7812,7817,19.095919373765724,-,-,-,-
7813,7818,19.095919373765724,-,-,-,-
7814,7819,19.095919373765724,-,-,-,-
7815,7820,19.095919373765724,-,-,-,-
7816,7821,19.095919373765724,-,-,-,-
7817,7822,19.095919373765724,-,-,-,-
7818,7823,19.095919373765724,-,-,-,-
7819,7824,19.095919373765724,-,-,-,-
7820,7825,19.095919373765724,-,-,-,-
7821,7826,19.095919373765724,-,-,-,-
7822,7827,19.095919373765724,-,-,-,-
7823,7828,19.095919373765724,-,-,-,-
7824,7829,19.095919373765724,-,-,-,-
7825,7830,19.095919373765724,-,-,-,-
7826,7831,19.095919373765724,-,-,-,-
7827,7832,19.095919373765724,-,-,-,-
7828,7833,19.095919373765724,-,-,-,-
7829,7834,19.095919373765724,-,-,-,-
7830,7835,19.095919373765724,-,-,-,-
7831,7836,19.095919373765724,-,-,-,-
7832,7837,19.890593394571212,-,-,-,-
7833,7838,19.890593394571212,-,-,-,-
7834,7838,19.890593394571212,-,-,-,-
7835,7838,19.890593394571212,-,-,-,-
7836,7838,19.890593394571212,-,-,-,-
7837,7838,19.890593394571212,-,-,-,-
7838,7838,19.890593394571212,-,-,-,-
7839,7838,19.890593394571212,-,-,-,-
7840,7838,19.890593394571212,-,-,-,-
7841,7838,19.890593394571212,-,-,-,-
7842,7838,19.890593394571212,-,-,-,-
7843,7838,19.890593394571212,-,-,-,-
7844,7838,19.890593394571212,-,-,-,-
7845,7838,19.890593394571212,-,-,-,-
7846,7838,19.890593394571212,-,-,-,-
7847,7838,19.890593394571212,-,-,-,-
7848,7838,19.890593394571212,-,-,-,-
7849,7838,19.890593394571212,-,-,-,-
7850,7838,19.890593394571212,-,-,-,-
7851,7838,19.890593394571212,-,-,-,-
7852,7838,19.890593394571212,-,-,-,-
7853,7838,19.890593394571212,-,-,-,-
7854,7838,19.890593394571212,-,-,-,-
7855,7838,19.890593394571212,-,-,-,-
7856,7838,19.890593394571212,-,-,-,-
7857,7838,19.890593394571212,-,-,-,-
7858,7838,19.890593394571212,-,-,-,-
7859,7838,19.890593394571212,-,-,-,-
7860,7838,19.890593394571212,-,-,-,-
7861,7838,19.890593394571212,-,-,-,-
7862,7838,19.890593394571212,-,-,-,-
7863,7838,19.890593394571212,-,-,-,-
7864,7838,19.890593394571212,-,-,-,-
7865,7838,19.890593394571212,-,-,-,-
7866,7838,20.78229205256312,-,-,-,-
7867,7838,20.78229205256312,-,-,-,-
7868,7838,20.78229205256312,-,-,-,-
7869,7838,20.78229205256312,-,-,-,-
7870,7838,20.78229205256312,-,-,-,-
7871,7838,20.78229205256312,-,-,-,-
7872,7838,20.78229205256312,-,-,-,-
7873,7838,20.78229205256312,-,-,-,-
7874,7838,20.78229205256312,-,-,-,-
7875,7838,20.78229205256312,-,-,-,-
7876,7838,20.78229205256312,-,-,-,-
7877,7838,20.78229205256312,-,-,-,-
7878,7838,20.78229205256312,-,-,-,-
7879,7838,20.78229205256312,-,-,-,-
7880,7838,20.78229205256312,-,-,-,-
7881,7838,20.78229205256312,-,-,-,-
7882,7838,20.78229205256312,-,-,-,-
7883,7838,20.78229205256312,-,-,-,-
7884,7838,20.78229205256312,-,-,-,-
7885,7838,20.78229205256312,-,-,-,-
7886,7838,20.78229205256312,-,-,-,-
7887,7838,20.78229205256312,-,-,-,-
7888,7838,20.78229205256312,-,-,-,-
7889,7838,20.78229205256312,-,-,-,-
7890,7838,20.78229205256312,-,-,-,-
7891,7838,20.78229205256312,-,-,-,-
7892,7838,20.78229205256312,-,-,-,-
7893,7838,20.78229205256312,-,-,-,-
7894,7838,20.78229205256312,-,-,-,-
7895,7838,20.78229205256312,-,-,-,-
7896,7838,20.78229205256312,-,-,-,-
7897,7838,20.78229205256312,-,-,-,-
7898,7838,20.78229205256312,-,-,-,-
7899,7838,20.78229205256312,-,-,-,-
7900,7838,20.78229205256312,-,-,-,-
7901,7838,20.78229205256312,-,-,-,-
7902,7838,20.78229205256312,-,-,-,-
7903,7838,20.78229205256312,-,-,-,-
7904,7838,20.78229205256312,-,-,-,-
7905,7838,20.78229205256312,-,-,-,-
7906,7838,20.78229205256312,-,-,-,-
7907,7838,20.78229205256312,-,-,-,-
7908,7838,20.78229205256312,-,-,-,-
7909,7838,20.78229205256312,-,-,-,-
7910,7838,20.78229205256312,-,-,-,-
7911,7838,20.78229205256312,-,-,-,-
7912,7838,20.78229205256312,-,-,-,-
7913,7838,20.78229205256312,-,-,-,-
7914,7838,20.78229205256312,-,-,-,-
7915,7838,20.78229205256312,-,-,-,-
7916,7838,20.78229205256312,-,-,-,-
7917,7838,20.78229205256312,-,-,-,-
7918,7838,20.78229205256312,-,-,-,-
7919,7838,20.78229205256312,-,-,-,-
7920,7838,20.78229205256312,-,-,-,-
7921,7838,20.78229205256312,-,-,-,-
7922,7838,20.78229205256312,-,-,-,-
7923,7838,20.78229205256312,-,-,-,-
7924,7838,20.78229205256312,-,-,-,-
7925,7838,20.78229205256312,-,-,-,-
7926,7838,20.78229205256312,-,-,-,-
7927,7838,20.78229205256312,-,-,-,-
7928,7838,20.78229205256312,-,-,-,-
7929,7838,20.78229205256312,-,-,-,-
7930,7838,20.78229205256312,-,-,-,-
7931,7838,20.78229205256312,-,-,-,-
7932,7838,20.78229205256312,-,-,-,-
7933,7838,20.78229205256312,-,-,-,-
7934,7838,20.78229205256312,-,-,-,-
7935,7838,20.78229205256312,-,-,-,-
7936,7838,20.78229205256312,-,-,-,-
7937,7838,20.78229205256312,-,-,-,-
7938,7838,20.78229205256312,-,-,-,-
7939,7838,20.78229205256312,-,-,-,-
7940,7838,20.78229205256312,-,-,-,-
7941,7838,20.78229205256312,-,-,-,-
7942,7838,20.78229205256312,-,-,-,-
7943,7838,20.78229205256312,-,-,-,-
7944,7838,20.78229205256312,-,-,-,-
7945,7838,20.78229205256312,-,-,-,-
7946,7838,20.78229205256312,-,-,-,-
7947,7838,20.78229205256312,-,-,-,-
7948,7838,20.78229205256312,-,-,-,-
7949,7838,20.78229205256312,-,-,-,-
7950,7838,20.78229205256312,-,-,-,-
7951,7838,20.78229205256312,-,-,-,-
7952,7838,20.78229205256312,-,-,-,-
7953,7838,20.78229205256312,-,-,-,-
7954,7838,20.78229205256312,-,-,-,-
7955,7838,20.78229205256312,-,-,-,-
7956,7838,20.78229205256312,-,-,-,-
7957,7838,20.78229205256312,-,-,-,-
7958,7838,20.78229205256312,-,-,-,-
7959,7838,20.78229205256312,-,-,-,-
7960,7838,20.78229205256312,-,-,-,-
7961,7838,20.78229205256312,-,-,-,-
7962,7838,20.78229205256312,-,-,-,-
7963,7838,20.78229205256312,-,-,-,-
7964,7838,20.78229205256312,-,-,-,-
7965,7838,20.78229205256312,-,-,-,-
7966,7838,20.78229205256312,-,-,-,-
7967,7838,20.78229205256312,-,-,-,-
7968,7838,20.78229205256312,-,-,-,-
7969,7838,20.78229205256312,-,-,-,-
7970,7838,20.78229205256312,-,-,-,-
7971,7838,20.78229205256312,-,-,-,-
7972,7838,20.78229205256312,-,-,-,-
7973,7838,20.78229205256312,-,-,-,-
7974,7838,20.78229205256312,-,-,-,-
7975,7838,20.78229205256312,-,-,-,-
7976,7838,20.78229205256312,-,-,-,-
7977,7838,20.78229205256312,-,-,-,-
7978,7838,20.78229205256312,-,-,-,-
7979,7838,20.78229205256312,-,-,-,-
7980,7838,20.78229205256312,-,-,-,-
7981,7838,20.78229205256312,-,-,-,-
7982,7838,20.78229205256312,-,-,-,-
7983,7838,20.78229205256312,-,-,-,-
7984,7838,20.78229205256312,-,-,-,-
7985,7838,20.78229205256312,-,-,-,-
7986,7838,20.78229205256312,-,-,-,-
7987,7838,20.78229205256312,-,-,-,-
7988,7838,20.78229205256312,-,-,-,-
7989,7838,20.78229205256312,-,-,-,-
7990,7838,20.78229205256312,-,-,-,-
7991,7838,20.78229205256312,-,-,-,-
7992,7838,20.78229205256312,-,-,-,-
7993,7838,20.78229205256312,-,-,-,-
7994,7838,20.78229205256312,-,-,-,-
7995,7838,20.78229205256312,-,-,-,-
7996,7838,20.78229205256312,-,-,-,-
7997,7838,20.78229205256312,-,-,-,-
7998,7838,20.78229205256312,-,-,-,-
7999,7838,82.60016745654019,-,-,-,-
8000,7838,82.60016745654019,-,-,-,-
8001,7838,82.60016745654019,-,-,-,-
8002,7838,82.60016745654019,-,-,-,-
8003,7838,82.60016745654019,-,-,-,-
8004,7838,82.60016745654019,-,-,-,-
8005,7838,82.60016745654019,-,-,-,-
8006,7838,82.60016745654019,-,-,-,-
8007,7838,82.60016745654019,-,-,-,-
8008,7838,82.60016745654019,-,-,-,-
8009,7838,82.60016745654019,-,-,-,-
8010,7838,82.60016745654019,-,-,-,-
8011,7838,82.60016745654019,-,-,-,-
8012,7838,82.60016745654019,-,-,-,-
8013,7838,82.60016745654019,-,-,-,-
8014,7838,82.60016745654019,-,-,-,-
8015,7838,82.60016745654019,-,-,-,-
8016,7838,82.60016745654019,-,-,-,-
8017,7838,82.60016745654019,-,-,-,-
8018,7838,82.60016745654019,-,-,-,-
8019,7838,82.60016745654019,-,-,-,-
8020,7838,82.60016745654019,-,-,-,-
8021,7838,82.60016745654019,-,-,-,-
8022,7838,82.60016745654019,-,-,-,-
8023,7838,82.60016745654019,-,-,-,-
8024,7838,82.60016745654019,-,-,-,-
8025,7838,82.60016745654019,-,-,-,-
8026,7838,82.60016745654019,-,-,-,-
8027,7838,82.60016745654019,-,-,-,-
8028,7838,82.60016745654019,-,-,-,-
8029,7838,82.60016745654019,-,-,-,-
8030,7838,82.60016745654019,-,-,-,-
8031,7838,82.60016745654019,-,-,-,-
8032,7838,82.60016745654019,-,-,-,-
8033,7838,82.60016745654019,-,-,-,-
8034,7838,82.60016745654019,-,-,-,-
8035,7838,82.60016745654019,-,-,-,-
8036,7838,82.60016745654019,-,-,-,-
8037,7838,82.60016745654019,-,-,-,-
8038,7838,82.60016745654019,-,-,-,-
8039,7838,82.60016745654019,-,-,-,-
8040,7838,82.60016745654019,-,-,-,-
8041,7838,82.60016745654019,-,-,-,-
8042,7838,82.60016745654019,-,-,-,-
8043,7838,82.60016745654019,-,-,-,-
8044,7838,82.60016745654019,-,-,-,-
8045,7838,82.60016745654019,-,-,-,-
8046,7838,82.60016745654019,-,-,-,-
8047,7838,82.60016745654019,-,-,-,-
8048,7838,82.60016745654019,-,-,-,-
8049,7838,82.60016745654019,-,-,-,-
8050,7838,82.60016745654019,-,-,-,-
8051,7838,82.60016745654019,-,-,-,-
8052,7838,82.60016745654019,-,-,-,-
8053,7838,82.60016745654019,-,-,-,-
8054,7838,82.60016745654019,-,-,-,-
8055,7838,82.60016745654019,-,-,-,-
8056,7838,82.60016745654019,-,-,-,-
8057,7838,82.60016745654019,-,-,-,-
8058,7838,82.60016745654019,-,-,-,-
8059,7838,82.60016745654019,-,-,-,-
8060,7838,82.60016745654019,-,-,-,-
8061,7838,82.60016745654019,-,-,-,-
8062,7838,82.60016745654019,-,-,-,-
8063,7838,82.60016745654019,-,-,-,-
8064,7838,82.60016745654019,-,-,-,-
8065,7838,82.60016745654019,-,-,-,-
8066,7838,82.60016745654019,-,-,-,-
8067,7838,82.60016745654019,-,-,-,-
8068,7838,82.60016745654019,-,-,-,-
8069,7838,82.60016745654019,-,-,-,-
8070,7838,82.60016745654019,-,-,-,-
8071,7838,82.60016745654019,-,-,-,-
8072,7838,82.60016745654019,-,-,-,-
8073,7838,82.60016745654019,-,-,-,-
8074,7838,82.60016745654019,-,-,-,-
8075,7838,82.60016745654019,-,-,-,-
8076,7838,82.60016745654019,-,-,-,-
8077,7838,82.60016745654019,-,-,-,-
8078,7838,82.60016745654019,-,-,-,-
8079,7838,82.60016745654019,-,-,-,-
8080,7838,82.60016745654019,-,-,-,-
8081,7838,82.60016745654019,-,-,-,-
8082,7838,82.60016745654019,-,-,-,-
8083,7838,82.60016745654019,-,-,-,-
8084,7838,82.60016745654019,-,-,-,-
8085,7838,82.60016745654019,-,-,-,-
8086,7838,82.60016745654019,-,-,-,-
8087,7838,82.60016745654019,-,-,-,-
8088,7838,82.60016745654019,-,-,-,-
8089,7839,84.77980442868655,-,-,-,-
8090,7840,87.40448362779776,-,-,-,-
8091,7841,90.61073843745802,-,-,-,-
8092,7842,94.58733063192682,-,-,-,-
8093,7843,99.59359265070398,-,-,-,-
8094,7844,105.97383823130656,-,-,-,-
8095,7845,114.14172795080366,-,-,-,-
8096,7846,124.46842716139611,-,-,-,-
8097,7847,136.98154727655154,-,-,-,-
8098,7848,150.94958546554278,-,-,-,-
8099,7849,136.98500541339217,-,-,-,-
8100,7850,124.56349257334742,-,-,-,-
8101,7851,114.34067329242032,-,-,-,-
8102,7852,106.2639513528797,-,-,-,-
8103,7853,99.95540582931542,-,-,-,-
8104,7854,95.00322352319584,-,-,-,-
8105,7855,91.07396821863027,-,-,-,-
8106,7856,87.8988814796303,-,-,-,-
8107,7857,85.29712699588072,-,-,-,-
8108,7858,83.13513781039413,-,-,-,-
8109,7859,81.31498712673246,-,-,-,-
8110,7860,79.76448287237429,-,-,-,-
8111,7861,78.42967945324556,-,-,-,-
8112,7862,77.26968254392618,-,-,-,-
8113,7863,76.25305285530523,-,-,-,-
8114,7864,75.35529531706099,-,-,-,-
8115,7865,74.55708536822742,-,-,-,-
8116,7866,73.84299966281642,-,-,-,-
8117,7867,73.20059569237178,-,-,-,-
8118,7868,73.20059569237178,-,-,-,-
8119,7869,73.20059569237178,-,-,-,-
8120,7870,73.20059569237178,-,-,-,-
8121,7871,73.20059569237178,-,-,-,-
8122,7872,73.20059569237178,-,-,-,-
8123,7873,73.20059569237178,-,-,-,-
8124,7874,73.20059569237178,-,-,-,-
8125,7875,73.20059569237178,-,-,-,-
8126,7876,73.20059569237178,-,-,-,-
8127,7877,73.20059569237178,-,-,-,-
8128,7878,73.20059569237178,-,-,-,-
8129,7879,73.20059569237178,-,-,-,-
8130,7880,73.20059569237178,-,-,-,-
8131,7881,73.20059569237178,-,-,-,-
8132,7882,5.424331597372167,-,-,-,-
8133,7883,5.424331597372167,-,-,-,-
8134,7884,5.424331597372167,-,-,-,-
8135,7885,5.424331597372167,-,-,-,-
8136,7886,5.424331597372167,-,-,-,-
8137,7887,5.424331597372167,-,-,-,-
8138,7888,5.424331597372167,-,-,-,-
8139,7889,5.424331597372167,-,-,-,-
8140,7890,5.424331597372167,-,-,-,-
8141,7891,5.424331597372167,-,-,-,-
8142,7892,5.424331597372167,-,-,-,-
8143,7893,5.424331597372167,-,-,-,-
8144,7894,5.424331597372167,-,-,-,-
8145,7895,5.424331597372167,-,-,-,-
8146,7896,5.424331597372167,-,-,-,-
8147,7897,5.424331597372167,-,-,-,-
8148,7898,5.424331597372167,-,-,-,-
8149,7899,5.424331597372167,-,-,-,-
8150,7900,5.424331597372167,-,-,-,-
8151,7901,5.424331597372167,-,-,-,-
8152,7902,5.424331597372167,-,-,-,-
8153,7903,5.424331597372167,-,-,-,-
8154,7904,5.424331597372167,-,-,-,-
8155,7905,5.424331597372167,-,-,-,-
8156,7906,5.424331597372167,-,-,-,-
8157,7907,5.424331597372167,-,-,-,-
8158,7908,5.424331597372167,-,-,-,-
8159,7909,5.424331597372167,-,-,-,-
8160,7910,5.424331597372167,-,-,-,-
8161,7911,5.424331597372167,-,-,-,-
8162,7912,5.424331597372167,-,-,-,-
8163,7913,5.424331597372167,-,-,-,-
8164,7914,5.424331597372167,-,-,-,-
8165,7915,5.424331597372167,-,-,-,-
8166,7916,5.424331597372167,-,-,-,-
8167,7917,5.424331597372167,-,-,-,-
8168,7918,5.424331597372167,-,-,-,-
8169,7919,5.424331597372167,-,-,-,-
8170,7920,5.424331597372167,-,-,-,-
8171,7921,5.424331597372167,-,-,-,-
8172,7922,5.424331597372167,-,-,-,-
8173,7923,5.424331597372167,-,-,-,-
8174,7924,5.424331597372167,-,-,-,-
8175,7925,5.424331597372167,-,-,-,-
8176,7926,5.424331597372167,-,-,-,-
8177,7927,5.424331597372167,-,-,-,-
8178,7928,5.424331597372167,-,-,-,-
8179,7929,5.424331597372167,-,-,-,-
8180,7930,5.424331597372167,-,-,-,-
8181,7931,5.424331597372167,-,-,-,-
8182,7932,5.424331597372167,-,-,-,-
8183,7933,5.424331597372167,-,-,-,-
8184,7934,5.424331597372167,-,-,-,-
8185,7935,5.424331597372167,-,-,-,-
8186,7936,5.424331597372167,-,-,-,-
8187,7937,5.424331597372167,-,-,-,-
8188,7938,5.424331597372167,-,-,-,-
8189,7939,5.424331597372167,-,-,-,-
8190,7940,5.424331597372167,-,-,-,-
8191,7941,5.424331597372167,-,-,-,-
8192,7942,5.424331597372167,-,-,-,-
8193,7943,5.424331597372167,-,-,-,-
8194,7944,5.424331597372167,-,-,-,-
8195,7945,5.424331597372167,-,-,-,-
8196,7946,5.424331597372167,-,-,-,-
8197,7947,5.424331597372167,-,-,-,-
8198,7948,5.424331597372167,-,-,-,-
8199,7949,5.424331597372167,-,-,-,-
8200,7950,5.424331597372167,-,-,-,-
8201,7951,5.424331597372167,-,-,-,-
8202,7952,5.424331597372167,-,-,-,-
8203,7953,5.424331597372167,-,-,-,-
8204,7954,5.424331597372167,-,-,-,-
8205,7955,5.424331597372167,-,-,-,-
8206,7956,5.424331597372167,-,-,-,-
8207,7957,5.424331597372167,-,-,-,-
8208,7958,5.424331597372167,-,-,-,-
8209,7959,5.424331597372167,-,-,-,-
8210,7960,5.424331597372167,-,-,-,-
8211,7961,5.424331597372167,-,-,-,-
8212,7962,5.424331597372167,-,-,-,-
8213,7963,5.424331597372167,-,-,-,-
8214,7964,5.424331597372167,-,-,-,-
8215,7965,5.424331597372167,-,-,-,-
8216,7966,5.424331597372167,-,-,-,-
8217,7967,5.424331597372167,-,-,-,-
8218,7968,5.424331597372167,-,-,-,-
8219,7969,5.424331597372167,-,-,-,-
8220,7970,5.424331597372167,-,-,-,-
8221,7971,5.424331597372167,-,-,-,-
8222,7972,5.424331597372167,-,-,-,-
8223,7973,5.424331597372167,-,-,-,-
8224,7974,5.424331597372167,-,-,-,-
8225,7975,5.424331597372167,-,-,-,-
8226,7976,5.424331597372167,-,-,-,-
8227,7977,5.424331597372167,-,-,-,-
8228,7978,5.424331597372167,-,-,-,-
8229,7979,5.424331597372167,-,-,-,-
8230,7980,5.424331597372167,-,-,-,-
8231,7981,5.424331597372167,-,-,-,-
8232,7982,5.424331597372167,-,-,-,-
8233,7983,5.424331597372167,-,-,-,-
8234,7984,5.424331597372167,-,-,-,-
8235,7985,5.424331597372167,-,-,-,-
8236,7986,5.424331597372167,-,-,-,-
8237,7987,5.424331597372167,-,-,-,-
8238,7988,5.424331597372167,-,-,-,-
8239,7989,5.424331597372167,-,-,-,-
8240,7990,5.424331597372167,-,-,-,-
8241,7991,5.424331597372167,-,-,-,-
8242,7992,5.424331597372167,-,-,-,-
8243,7993,5.424331597372167,-,-,-,-
8244,7994,5.424331597372167,-,-,-,-
8245,7995,5.424331597372167,-,-,-,-
8246,7996,5.424331597372167,-,-,-,-
8247,7997,5.424331597372167,-,-,-,-
8248,7998,5.424331597372167,-,-,-,-
8249,7999,5.424331597372167,-,-,-,-
8250,8000,5.424331597372167,-,-,-,-
8251,8001,5.424331597372167,-,-,-,-
8252,8002,5.424331597372167,-,-,-,-
8253,8003,5.424331597372167,-,-,-,-
8254,8004,5.424331597372167,-,-,-,-
8255,8005,5.424331597372167,-,-,-,-
8256,8006,5.424331597372167,-,-,-,-
8257,8007,5.424331597372167,-,-,-,-
8258,8008,5.424331597372167,-,-,-,-
8259,8009,5.424331597372167,-,-,-,-
8260,8010,5.424331597372167,-,-,-,-
8261,8011,5.424331597372167,-,-,-,-
8262,8012,5.424331597372167,-,-,-,-
8263,8013,5.424331597372167,-,-,-,-
8264,8014,5.424331597372167,-,-,-,-
8265,8015,5.424331597372167,-,-,-,-
8265,8016,5.424331597372167,-,-,-,-
8265,8017,5.424331597372167,-,-,-,-
8265,8018,5.424331597372167,-,-,-,-
8265,8019,5.424331597372167,-,-,-,-
8265,8020,5.424331597372167,-,-,-,-
8265,8021,5.424331597372167,-,-,-,-
8265,8022,5.424331597372167,-,-,-,-
8265,8023,5.424331597372167,-,-,-,-
8265,8024,5.424331597372167,-,-,-,-
8265,8025,5.424331597372167,-,-,-,-
8265,8026,5.424331597372167,-,-,-,-
8265,8027,5.424331597372167,-,-,-,-
8265,8028,5.424331597372167,-,-,-,-
8265,8029,5.424331597372167,-,-,-,-
8265,8030,5.424331597372167,-,-,-,-
8265,8031,5.424331597372167,-,-,-,-
8265,8032,5.424331597372167,-,-,-,-
8265,8033,5.424331597372167,-,-,-,-
8265,8034,5.424331597372167,-,-,-,-
8265,8035,5.424331597372167,-,-,-,-
8265,8036,5.424331597372167,-,-,-,-
8265,8037,5.424331597372167,-,-,-,-
8265,8038,5.424331597372167,-,-,-,-
8265,8039,5.424331597372167,-,-,-,-
8265,8040,5.424331597372167,-,-,-,-
8265,8041,5.424331597372167,-,-,-,-
8265,8042,5.424331597372167,-,-,-,-
8265,8043,5.424331597372167,-,-,-,-
8265,8044,5.424331597372167,-,-,-,-
8265,8045,5.424331597372167,-,-,-,-
8265,8046,5.424331597372167,-,-,-,-
8265,8047,5.424331597372167,-,-,-,-
8265,8048,5.424331597372167,-,-,-,-
8265,8049,5.424331597372167,-,-,-,-
8265,8050,5.424331597372167,-,-,-,-
8265,8051,5.424331597372167,-,-,-,-
8265,8052,5.424331597372167,-,-,-,-
8265,8053,5.424331597372167,-,-,-,-
8265,8054,5.424331597372167,-,-,-,-
8265,8055,5.424331597372167,-,-,-,-
8265,8056,5.424331597372167,-,-,-,-
8265,8057,5.424331597372167,-,-,-,-
8265,8058,5.424331597372167,-,-,-,-
8265,8059,5.424331597372167,-,-,-,-
8265,8060,5.424331597372167,-,-,-,-
8265,8061,5.424331597372167,-,-,-,-
8265,8062,5.424331597372167,-,-,-,-
8265,8063,5.424331597372167,-,-,-,-
8265,8064,5.424331597372167,-,-,-,-
8265,8065,5.424331597372167,-,-,-,-
8265,8066,5.424331597372167,-,-,-,-
8265,8067,5.424331597372167,-,-,-,-
8265,8068,5.143230823188077,-,-,-,-
8265,8069,4.862291134620726,-,-,-,-
8265,8070,4.58152589001635,-,-,-,-
8265,8071,4.300948397629786,-,-,-,-
8265,8072,4.02057191190625,-,-,-,-
8265,8073,3.740409629804089,-,-,-,-
8265,8074,3.4604746871559464,-,-,-,-
8265,8075,3.180780155074771,-,-,-,-
8265,8076,2.9013390364045244,-,-,-,-
8265,8077,2.9013390364045244,-,-,-,-
8265,8078,2.9013390364045244,-,-,-,-
8265,8079,2.9013390364045244,-,-,-,-
8265,8080,2.9013390364045244,-,-,-,-
8265,8081,2.9013390364045244,-,-,-,-
8265,8082,2.9013390364045244,-,-,-,-
8265,8083,2.9013390364045244,-,-,-,-
8265,8084,2.9013390364045244,-,-,-,-
8265,8085,2.9013390364045244,-,-,-,-
8265,8086,2.9013390364045244,-,-,-,-
8265,8087,2.9013390364045244,-,-,-,-
8265,8088,2.9013390364045244,-,-,-,-
8265,8089,2.9013390364045244,-,-,-,-
8265,8090,2.9013390364045244,-,-,-,-
8265,8091,2.9013390364045244,-,-,-,-
8265,8092,2.9013390364045244,-,-,-,-
8265,8093,2.9013390364045244,-,-,-,-
8265,8094,2.9013390364045244,-,-,-,-
8265,8095,2.9013390364045244,-,-,-,-
8265,8096,2.9013390364045244,-,-,-,-
8265,8097,2.9013390364045244,-,-,-,-
8265,8098,2.9013390364045244,-,-,-,-
8265,8099,2.9013390364045244,-,-,-,-
8265,8100,2.9013390364045244,-,-,-,-
8265,8101,2.9013390364045244,-,-,-,-
8265,8102,2.9013390364045244,-,-,-,-
8265,8103,2.9013390364045244,-,-,-,-
8265,8104,2.9013390364045244,-,-,-,-
8265,8105,2.9013390364045244,-,-,-,-
8265,8106,2.9013390364045244,-,-,-,-
8265,8107,2.9013390364045244,-,-,-,-
8265,8108,2.9013390364045244,-,-,-,-
8265,8109,2.9013390364045244,-,-,-,-
8265,8110,2.9013390364045244,-,-,-,-
8265,8111,2.9013390364045244,-,-,-,-
8265,8112,2.9013390364045244,-,-,-,-
8265,8113,2.9013390364045244,-,-,-,-
8265,8114,2.9013390364045244,-,-,-,-
8265,8115,2.9013390364045244,-,-,-,-
8265,8116,2.9013390364045244,-,-,-,-
8265,8117,2.9013390364045244,-,-,-,-
8265,8118,2.9013390364045244,-,-,-,-
8265,8119,2.9013390364045244,-,-,-,-
8265,8120,2.9013390364045244,-,-,-,-
8265,8121,2.9013390364045244,-,-,-,-
8265,8122,2.9013390364045244,-,-,-,-
8265,8123,2.9013390364045244,-,-,-,-
8265,8124,2.9013390364045244,-,-,-,-
8265,8125,2.9013390364045244,-,-,-,-
8265,8126,2.9013390364045244,-,-,-,-
8265,8127,2.9013390364045244,-,-,-,-
8265,8128,2.9013390364045244,-,-,-,-
8265,8129,2.9013390364045244,-,-,-,-
8265,8130,2.9013390364045244,-,-,-,-
8265,8131,2.9013390364045244,-,-,-,-
8265,8132,2.9013390364045244,-,-,-,-
8265,8133,2.9013390364045244,-,-,-,-
8265,8134,2.9013390364045244,-,-,-,-
8265,8135,2.9013390364045244,-,-,-,-
8265,8136,2.745888756948823,-,-,-,-
8265,8137,2.57528860276383,-,-,-,-
8265,8138,2.3872139313931933,-,-,-,-
8265,8139,2.1788397086455165,-,-,-,-
8265,8140,1.9466984808445353,-,-,-,-
8265,8141,1.686487171427808,-,-,-,-
8265,8142,1.3927998708206737,-,-,-,-
8265,8143,1.058751390874608,-,-,-,-
8265,8144,0.6754358595620286,-,-,-,-
8265,8145,0.23112972645746743,-,-,-,-
8265,8146,0.28991291725348683,-,-,-,-
8265,8147,0.9093372189792933,-,-,-,-
8265,8148,1.6577158471189526,-,-,-,-
8265,8149,2.579638777746071,-,-,-,-
8266,8150,3.118949707644592,-,-,-,-
8267,8151,1.6074119749196172,-,-,-,-
8268,8152,0.4333600643210722,-,-,-,-
8269,8152,0.4333600643210722,-,-,-,-
8270,8152,0.4333600643210722,-,-,-,-
8271,8152,0.4333600643210722,-,-,-,-
8272,8152,0.4333600643210722,-,-,-,-
8273,8152,0.4333600643210722,-,-,-,-
8274,8152,0.4333600643210722,-,-,-,-
8275,8152,0.4333600643210722,-,-,-,-
8276,8152,0.4333600643210722,-,-,-,-
8277,8152,0.4333600643210722,-,-,-,-
8278,8152,0.4333600643210722,-,-,-,-
8279,8152,0.4333600643210722,-,-,-,-
8280,8152,0.4333600643210722,-,-,-,-
8281,8152,0.4333600643210722,-,-,-,-
8282,8152,0.4333600643210722,-,-,-,-
8283,8152,0.4333600643210722,-,-,-,-
8284,8152,0.4333600643210722,-,-,-,-
8285,8152,0.4333600643210722,-,-,-,-
8286,8152,0.4333600643210722,-,-,-,-
8287,8152,0.4333600643210722,-,-,-,-
8288,8152,0.4333600643210722,-,-,-,-
8289,8152,0.4333600643210722,-,-,-,-
8290,8152,0.4333600643210722,-,-,-,-
8291,8152,0.4333600643210722,-,-,-,-
8292,8152,0.4333600643210722,-,-,-,-
8293,8152,0.4333600643210722,-,-,-,-
8294,8152,0.4333600643210722,-,-,-,-
8295,8152,0.4333600643210722,-,-,-,-
8296,8152,0.4333600643210722,-,-,-,-
8297,8152,0.4333600643210722,-,-,-,-
8298,8152,0.4333600643210722,-,-,-,-
8299,8152,0.4333600643210722,-,-,-,-
8300,8152,0.4333600643210722,-,-,-,-
8301,8152,0.4333600643210722,-,-,-,-
8302,8152,0.4333600643210722,-,-,-,-
8303,8152,0.4333600643210722,-,-,-,-
8304,8152,0.4333600643210722,-,-,-,-
8305,8152,0.4333600643210722,-,-,-,-
8306,8152,0.4333600643210722,-,-,-,-
8307,8152,0.4333600643210722,-,-,-,-
8308,8152,0.4333600643210722,-,-,-,-
8309,8152,0.4333600643210722,-,-,-,-
8310,8152,0.4333600643210722,-,-,-,-
8311,8152,0.4333600643210722,-,-,-,-
8312,8152,0.4333600643210722,-,-,-,-
8313,8152,0.4333600643210722,-,-,-,-
8314,8152,0.4333600643210722,-,-,-,-
8315,8152,0.4333600643210722,-,-,-,-
8316,8152,0.4333600643210722,-,-,-,-
8317,8152,0.4333600643210722,-,-,-,-
8318,8152,0.4333600643210722,-,-,-,-
8319,8152,0.4333600643210722,-,-,-,-
8320,8152,0.4333600643210722,-,-,-,-
8321,8152,0.4333600643210722,-,-,-,-
8322,8152,0.4333600643210722,-,-,-,-
8323,8152,0.4333600643210722,-,-,-,-
8324,8152,0.4333600643210722,-,-,-,-
8325,8152,0.4333600643210722,-,-,-,-
8326,8152,0.4333600643210722,-,-,-,-
8327,8152,0.4333600643210722,-,-,-,-
8328,8152,0.4333600643210722,-,-,-,-
8329,8152,0.4333600643210722,-,-,-,-
8330,8152,0.4333600643210722,-,-,-,-
8331,8152,0.4333600643210722,-,-,-,-
8332,8152,0.4333600643210722,-,-,-,-
8333,8153,0.6682754873862962,-,-,-,-
8334,8153,0.6682754873862962,-,-,-,-
8335,8153,0.6682754873862962,-,-,-,-
8336,8153,0.6682754873862962,-,-,-,-
8337,8153,0.6682754873862962,-,-,-,-
8338,8153,0.6682754873862962,-,-,-,-
8339,8153,0.6682754873862962,-,-,-,-
8340,8153,0.6682754873862962,-,-,-,-
8341,8153,0.6682754873862962,-,-,-,-
8342,8153,0.6682754873862962,-,-,-,-
8343,8153,0.6682754873862962,-,-,-,-
8344,8153,0.6682754873862962,-,-,-,-
8345,8153,0.6682754873862962,-,-,-,-
8346,8153,0.6682754873862962,-,-,-,-
8347,8153,0.6682754873862962,-,-,-,-
8348,8153,0.6682754873862962,-,-,-,-
8349,8153,0.6682754873862962,-,-,-,-
8350,8153,0.6682754873862962,-,-,-,-
8351,8153,0.6682754873862962,-,-,-,-
8352,8153,0.6682754873862962,-,-,-,-
8353,8153,0.6682754873862962,-,-,-,-
8354,8153,0.6682754873862962,-,-,-,-
8355,8153,0.6682754873862962,-,-,-,-
8356,8153,0.6682754873862962,-,-,-,-
8357,8153,0.6682754873862962,-,-,-,-
8358,8154,4.5962071658801635,-,-,-,-
8359,8155,4.5962071658801635,-,-,-,-
8360,8156,4.5962071658801635,-,-,-,-
8361,8157,4.5962071658801635,-,-,-,-
8362,8158,4.5962071658801635,-,-,-,-
8363,8159,4.5962071658801635,-,-,-,-
8364,8160,4.5962071658801635,-,-,-,-
8365,8161,4.5962071658801635,-,-,-,-
8366,8162,4.5962071658801635,-,-,-,-
8367,8163,4.5962071658801635,-,-,-,-
8368,8164,4.5962071658801635,-,-,-,-
8369,8165,4.5962071658801635,-,-,-,-
8370,8166,4.5962071658801635,-,-,-,-
8371,8167,4.5962071658801635,-,-,-,-
8372,8168,4.5962071658801635,-,-,-,-
8373,8169,4.5962071658801635,-,-,-,-
8373,8170,4.5962071658801635,-,-,-,-
8373,8171,4.5962071658801635,-,-,-,-
8373,8172,4.5962071658801635,-,-,-,-
8373,8173,4.5962071658801635,-,-,-,-
8373,8174,4.5962071658801635,-,-,-,-
8373,8175,4.5962071658801635,-,-,-,-
8373,8176,4.5962071658801635,-,-,-,-
8373,8177,4.5962071658801635,-,-,-,-
8373,8178,4.5962071658801635,-,-,-,-
8373,8179,4.5962071658801635,-,-,-,-
8373,8180,4.5962071658801635,-,-,-,-
8373,8181,4.5962071658801635,-,-,-,-
8373,8182,4.5962071658801635,-,-,-,-
8373,8183,4.5962071658801635,-,-,-,-
8373,8184,4.5962071658801635,-,-,-,-
8373,8185,4.5962071658801635,-,-,-,-
8373,8186,4.5962071658801635,-,-,-,-
8373,8187,4.5962071658801635,-,-,-,-
8373,8188,4.5962071658801635,-,-,-,-
8373,8189,4.5962071658801635,-,-,-,-
8373,8190,4.5962071658801635,-,-,-,-
8373,8191,4.5962071658801635,-,-,-,-
8373,8192,4.5962071658801635,-,-,-,-
8373,8193,4.5962071658801635,-,-,-,-
8373,8194,4.5962071658801635,-,-,-,-
8373,8195,4.5962071658801635,-,-,-,-
8373,8196,4.5962071658801635,-,-,-,-
8373,8197,4.5962071658801635,-,-,-,-
8373,8198,4.5962071658801635,-,-,-,-
8373,8199,4.5962071658801635,-,-,-,-
8373,8200,4.5962071658801635,-,-,-,-
8373,8201,4.5962071658801635,-,-,-,-
8373,8202,4.5962071658801635,-,-,-,-
8373,8203,4.5962071658801635,-,-,-,-
8373,8204,4.5962071658801635,-,-,-,-
8373,8205,4.5962071658801635,-,-,-,-
8373,8206,4.5962071658801635,-,-,-,-
8373,8207,4.5962071658801635,-,-,-,-
8373,8208,4.5962071658801635,-,-,-,-
8373,8209,4.5962071658801635,-,-,-,-
8373,8210,4.5962071658801635,-,-,-,-
8373,8211,4.5962071658801635,-,-,-,-
8373,8212,4.5962071658801635,-,-,-,-
8373,8213,4.5962071658801635,-,-,-,-
8373,8214,4.5962071658801635,-,-,-,-
8373,8215,4.5962071658801635,-,-,-,-
8373,8216,4.5962071658801635,-,-,-,-
8373,8217,4.5962071658801635,-,-,-,-
8373,8218,4.5962071658801635,-,-,-,-
8373,8219,4.5962071658801635,-,-,-,-
8373,8220,4.5962071658801635,-,-,-,-
8373,8221,4.5962071658801635,-,-,-,-
8373,8222,4.5962071658801635,-,-,-,-
8373,8223,4.5962071658801635,-,-,-,-
8373,8224,4.5962071658801635,-,-,-,-
8373,8225,4.5962071658801635,-,-,-,-
8373,8226,4.5962071658801635,-,-,-,-
8373,8227,4.5962071658801635,-,-,-,-
8373,8228,4.5962071658801635,-,-,-,-
8373,8229,4.5962071658801635,-,-,-,-
8373,8230,4.5962071658801635,-,-,-,-
8373,8231,4.5962071658801635,-,-,-,-
8373,8232,4.5962071658801635,-,-,-,-
8373,8233,4.5962071658801635,-,-,-,-
8373,8234,4.5962071658801635,-,-,-,-
8373,8235,4.5962071658801635,-,-,-,-
8373,8236,4.5962071658801635,-,-,-,-
8373,8237,4.5962071658801635,-,-,-,-
8373,8238,4.5962071658801635,-,-,-,-
8373,8239,4.5962071658801635,-,-,-,-
8373,8240,4.5962071658801635,-,-,-,-
8373,8241,4.5962071658801635,-,-,-,-
8373,8242,4.5962071658801635,-,-,-,-
8373,8243,4.5962071658801635,-,-,-,-
8373,8244,4.5962071658801635,-,-,-,-
8373,8245,4.5962071658801635,-,-,-,-
8373,8246,4.5962071658801635,-,-,-,-
8373,8247,4.5962071658801635,-,-,-,-
8373,8248,4.5962071658801635,-,-,-,-
8373,8249,4.5962071658801635,-,-,-,-
8373,8250,4.5962071658801635,-,-,-,-
8373,8251,4.5962071658801635,-,-,-,-
8373,8252,4.5962071658801635,-,-,-,-
8373,8253,4.5962071658801635,-,-,-,-
8373,8254,4.5962071658801635,-,-,-,-
8373,8255,4.5962071658801635,-,-,-,-
8373,8256,4.5962071658801635,-,-,-,-
8373,8257,4.5962071658801635,-,-,-,-
8373,8258,4.5962071658801635,-,-,-,-
8373,8259,4.5962071658801635,-,-,-,-
8373,8260,4.5962071658801635,-,-,-,-
8373,8261,4.5962071658801635,-,-,-,-
8373,8262,4.5962071658801635,-,-,-,-
8373,8263,4.5962071658801635,-,-,-,-
8373,8264,4.5962071658801635,-,-,-,-
8373,8265,4.5962071658801635,-,-,-,-
8373,8266,4.5962071658801635,-,-,-,-
8373,8267,4.5962071658801635,-,-,-,-
8373,8268,4.5962071658801635,-,-,-,-
8373,8269,4.5962071658801635,-,-,-,-
8373,8270,4.5962071658801635,-,-,-,-
8373,8271,4.5962071658801635,-,-,-,-
8373,8272,4.5962071658801635,-,-,-,-
8373,8273,4.5962071658801635,-,-,-,-
8373,8274,4.5962071658801635,-,-,-,-
8373,8275,4.5962071658801635,-,-,-,-
8373,8276,4.5962071658801635,-,-,-,-
8373,8277,4.5962071658801635,-,-,-,-
8373,8278,4.5962071658801635,-,-,-,-
8373,8279,4.5962071658801635,-,-,-,-
8373,8280,4.5962071658801635,-,-,-,-
8373,8281,4.5962071658801635,-,-,-,-
8373,8282,4.5962071658801635,-,-,-,-
8373,8283,4.5962071658801635,-,-,-,-
8373,8284,4.5962071658801635,-,-,-,-
8373,8285,4.5962071658801635,-,-,-,-
8373,8286,4.5962071658801635,-,-,-,-
8373,8287,4.5962071658801635,-,-,-,-
8373,8288,4.5962071658801635,-,-,-,-
8373,8289,4.5962071658801635,-,-,-,-
8373,8290,4.5962071658801635,-,-,-,-
8373,8291,4.5962071658801635,-,-,-,-
8373,8292,4.5962071658801635,-,-,-,-
8373,8293,4.5962071658801635,-,-,-,-
8373,8294,4.5962071658801635,-,-,-,-
8373,8295,4.5962071658801635,-,-,-,-
8373,8296,4.5962071658801635,-,-,-,-
8373,8297,4.5962071658801635,-,-,-,-
8373,8298,4.5962071658801635,-,-,-,-
8373,8299,4.5962071658801635,-,-,-,-
8373,8300,4.5962071658801635,-,-,-,-
8373,8301,4.5962071658801635,-,-,-,-
8373,8302,4.5962071658801635,-,-,-,-
8373,8303,4.5962071658801635,-,-,-,-
8373,8304,4.5962071658801635,-,-,-,-
8373,8305,4.5962071658801635,-,-,-,-
8373,8306,4.5962071658801635,-,-,-,-
8373,8307,4.5962071658801635,-,-,-,-
8373,8308,1.1937235572084839,-,-,-,-
8373,8309,8.655667037002447,-,-,-,-
8373,8310,18.147717499185248,-,-,-,-
8373,8311,29.683916868314224,-,-,-,-
8373,8312,42.51887477014177,-,-,-,-
8373,8313,55.18624306634583,-,-,-,-
8373,8314,66.32339531081908,-,-,-,-
8373,8315,75.36857175698428,-,-,-,-
8373,8316,82.44415850946503,-,-,-,-
8374,8317,87.63543187709097,-,-,-,-
8375,8318,82.82081585797144,-,-,-,-
8376,8319,79.00369691049553,-,-,-,-
8377,8320,75.92854488248136,-,-,-,-
8378,8321,75.92854488248136,-,-,-,-
8379,8322,75.92854488248136,-,-,-,-
8380,8323,75.92854488248136,-,-,-,-
8381,8324,75.92854488248136,-,-,-,-
8381,8325,75.92854488248136,-,-,-,-
8381,8326,75.92854488248136,-,-,-,-
8381,8327,75.92854488248136,-,-,-,-
8381,8328,75.92854488248136,-,-,-,-
8381,8329,75.92854488248136,-,-,-,-
8381,8330,75.92854488248136,-,-,-,-
8381,8331,75.92854488248136,-,-,-,-
8381,8332,75.92854488248136,-,-,-,-
8381,8333,75.92854488248136,-,-,-,-
8381,8334,75.92854488248136,-,-,-,-
8381,8335,75.92854488248136,-,-,-,-
8381,8336,75.92854488248136,-,-,-,-
8381,8337,75.92854488248136,-,-,-,-
8381,8338,75.92854488248136,-,-,-,-
8381,8339,75.92854488248136,-,-,-,-
8381,8340,75.92854488248136,-,-,-,-
8381,8341,75.92854488248136,-,-,-,-
8381,8342,75.92854488248136,-,-,-,-
8381,8343,75.92854488248136,-,-,-,-
8381,8344,75.92854488248136,-,-,-,-
8381,8345,75.92854488248136,-,-,-,-
8381,8346,75.92854488248136,-,-,-,-
8381,8347,75.92854488248136,-,-,-,-
8381,8348,75.92854488248136,-,-,-,-
8381,8349,75.92854488248136,-,-,-,-
8381,8350,75.92854488248136,-,-,-,-
8381,8351,75.92854488248136,-,-,-,-
8381,8352,75.92854488248136,-,-,-,-
8381,8353,75.92854488248136,-,-,-,-
8381,8354,75.92854488248136,-,-,-,-
8381,8355,75.92854488248136,-,-,-,-
8381,8356,75.92854488248136,-,-,-,-
8381,8357,75.92854488248136,-,-,-,-
8381,8358,75.92854488248136,-,-,-,-
8381,8359,75.92854488248136,-,-,-,-
8381,8360,75.92854488248136,-,-,-,-
8381,8361,75.92854488248136,-,-,-,-
8381,8362,75.92854488248136,-,-,-,-
8381,8363,75.92854488248136,-,-,-,-
8381,8364,75.92854488248136,-,-,-,-
8381,8365,75.92854488248136,-,-,-,-
8381,8366,75.92854488248136,-,-,-,-
8381,8367,75.92854488248136,-,-,-,-
8381,8368,75.92854488248136,-,-,-,-
8381,8369,75.92854488248136,-,-,-,-
8381,8370,75.92854488248136,-,-,-,-
8381,8371,75.92854488248136,-,-,-,-
8381,8372,75.92854488248136,-,-,-,-
8381,8373,75.92854488248136,-,-,-,-
8381,8374,75.92854488248136,-,-,-,-
8381,8375,75.92854488248136,-,-,-,-
8381,8376,75.92854488248136,-,-,-,-
8381,8377,75.92854488248136,-,-,-,-
8381,8378,75.92854488248136,-,-,-,-
8381,8379,75.92854488248136,-,-,-,-
8381,8380,75.92854488248136,-,-,-,-
8381,8381,75.92854488248136,-,-,-,-
8381,8382,75.92854488248136,-,-,-,-
8381,8383,75.92854488248136,-,-,-,-
8381,8384,75.92854488248136,-,-,-,-
8381,8385,75.92854488248136,-,-,-,-
8381,8386,75.92854488248136,-,-,-,-
8381,8387,75.92854488248136,-,-,-,-
8381,8388,75.92854488248136,-,-,-,-
8381,8389,75.92854488248136,-,-,-,-
8381,8390,75.92854488248136,-,-,-,-
8381,8391,75.92854488248136,-,-,-,-
8381,8392,75.92854488248136,-,-,-,-
8381,8393,76.71335891812629,-,-,-,-
8381,8394,77.4889658429679,-,-,-,-
8381,8395,78.25524751136058,-,-,-,-
8381,8396,79.0121019403198,-,-,-,-
8381,8397,79.75944279605463,-,-,-,-
8382,8398,80.49719884610373,-,-,-,-
8383,8399,81.22531338293958,-,-,-,-
8384,8400,81.94374362464771,-,-,-,-
8385,8401,82.65246009800154,-,-,-,-
8386,8402,83.35144600892995,-,-,-,-
8387,8403,84.04069660503136,-,-,-,-
8388,8404,84.7202185344302,-,-,-,-
8389,8405,85.39002920490682,-,-,-,-
8390,8406,86.05015614685901,-,-,-,-
8391,8407,86.700636383291,-,-,-,-
8392,8408,87.3415158096652,-,-,-,-
8393,8409,87.97284858610263,-,-,-,-
8394,8410,88.5946965440851,-,-,-,-
8395,8411,89.20712860949531,-,-,-,-
8396,8412,89.81022024352868,-,-,-,-
8397,8413,90.40405290273264,-,-,-,-
8398,8414,90.98871351917059,-,-,-,-
8399,8415,91.56429400146548,-,-,-,-
8400,8416,92.1308907572633,-,-,-,-
8401,8417,92.68860423745878,-,-,-,-
8402,8418,93.23753850234708,-,-,-,-
8403,8419,93.77780080970882,-,-,-,-
8404,8420,94.30950122469812,-,-,-,-
8405,8421,94.83275225127814,-,-,-,-
8406,8422,95.34766848484742,-,-,-,-
8407,8423,95.85436628560983,-,-,-,-
8408,8424,96.35296347216405,-,-,-,-
8409,8425,96.84357903472845,-,-,-,-
8410,8426,97.32633286736716,-,-,-,-
8411,8427,97.80134551854142,-,-,-,-
8412,8428,98.2687379592833,-,-,-,-
8413,8429,98.72863136826771,-,-,-,-
8414,8430,99.18114693304304,-,-,-,-
8415,8431,99.6264056666773,-,-,-,-
8416,8432,100.0645282390753,-,-,-,-
8417,8433,100.4956348222257,-,-,-,-
8418,8434,100.9198449486476,-,-,-,-
8419,8435,101.33727738231876,-,-,-,-
8420,8436,101.74805000138268,-,-,-,-
8421,8437,102.15227969195027,-,-,-,-
8422,8438,102.55008225233482,-,-,-,-
8423,8439,102.94157230707636,-,-,-,-
8424,8440,103.32686323014028,-,-,-,-
8425,8441,103.70606707669508,-,-,-,-
8426,8442,104.07929452290196,-,-,-,-
8427,8443,104.44665481317159,-,-,-,-
8428,8444,104.80825571437158,-,-,-,-
8429,8445,105.16420347649004,-,-,-,-
8430,8446,105.51460279928892,-,-,-,-
8431,8447,105.85955680450189,-,-,-,-
8432,8448,91.82036549022678,-,-,-,-
8433,8449,91.49401219989318,-,-,-,-
8434,8450,91.17142774462582,-,-,-,-
8435,8451,90.85274708163062,-,-,-,-
8436,8452,90.53806886051207,-,-,-,-
8437,8453,90.2274614442925,-,-,-,-
8438,8454,89.92096801437745,-,-,-,-
8439,8455,89.6186108896005,-,-,-,-
8440,8456,89.32039517286191,-,-,-,-
8441,8457,89.02631182394684,-,-,-,-
8442,8458,88.73634024381644,-,-,-,-
8443,8459,88.45045044390045,-,-,-,-
8444,8460,88.16860486358313,-,-,-,-
8445,8461,87.89075989002967,-,-,-,-
8446,8462,87.61686712662964,-,-,-,-
8447,8463,87.34687444950679,-,-,-,-
8448,8464,87.08072688565305,-,-,-,-
8449,8465,86.81836734116634,-,-,-,-
8450,8466,86.5597372037193,-,-,-,-
8451,8467,86.3047768396566,-,-,-,-
8452,8468,86.05342600293794,-,-,-,-
8453,8469,85.80562417043298,-,-,-,-
8454,8470,85.56131081577357,-,-,-,-
8455,8471,85.32042563201355,-,-,-,-
8456,8472,85.08290871169794,-,-,-,-
8457,8473,84.84870069154334,-,-,-,-
8458,8474,84.61774286775888,-,-,-,-
8459,8475,84.38997728704118,-,-,-,-
8460,8476,84.16534681744935,-,-,-,-
8461,8477,83.9437952026616,-,-,-,-
8462,8478,83.72526710253342,-,-,-,-
8463,8479,83.50970812238339,-,-,-,-
8464,8480,83.29706483302539,-,-,-,-
8465,8481,83.0872847832207,-,-,-,-
8466,8482,75.66103355954387,-,-,-,-
8467,8483,75.45681764369374,-,-,-,-
8468,8484,75.25531520589098,-,-,-,-
8469,8485,75.05647740747847,-,-,-,-
8470,8486,74.86025643616335,-,-,-,-
8471,8487,74.66660548428504,-,-,-,-
8472,8488,74.47547872739267,-,-,-,-
8473,8489,74.28683130314118,-,-,-,-
8474,8490,74.10061929051656,-,-,-,-
8475,8491,73.9167996893966,-,-,-,-
8476,8492,73.7353304004542,-,-,-,-
8477,8493,73.55617020540738,-,-,-,-
8478,8494,73.37927874762052,-,-,-,-
8479,8495,73.20461651305837,-,-,-,-
8480,8496,73.03214481159628,-,-,-,-
8481,8497,72.86182575868561,-,-,-,-
8482,8498,72.69362225737562,-,-,-,-
8483,8499,72.69362225737562,-,-,-,-
8484,8500,72.69362225737562,-,-,-,-
8485,8501,72.69362225737562,-,-,-,-
8486,8502,72.69362225737562,-,-,-,-
8487,8503,72.69362225737562,-,-,-,-
8488,8504,72.69362225737562,-,-,-,-
8489,8505,72.69362225737562,-,-,-,-
8490,8506,72.69362225737562,-,-,-,-
8491,8507,72.69362225737562,-,-,-,-
8492,8508,72.69362225737562,-,-,-,-
8493,8509,72.69362225737562,-,-,-,-
8494,8510,72.69362225737562,-,-,-,-
8495,8511,72.69362225737562,-,-,-,-
8496,8512,72.69362225737562,-,-,-,-
8497,8513,72.69362225737562,-,-,-,-
8498,8514,72.69362225737562,-,-,-,-
8499,8515,72.69362225737562,-,-,-,-
8500,8516,72.69362225737562,-,-,-,-
8501,8517,72.69362225737562,-,-,-,-
8502,8518,72.69362225737562,-,-,-,-
8503,8519,72.69362225737562,-,-,-,-
8504,8520,72.69362225737562,-,-,-,-
8505,8521,72.69362225737562,-,-,-,-
8506,8522,72.69362225737562,-,-,-,-
8507,8523,72.69362225737562,-,-,-,-
8508,8524,72.69362225737562,-,-,-,-
8509,8525,72.69362225737562,-,-,-,-
8510,8526,72.69362225737562,-,-,-,-
8511,8527,72.69362225737562,-,-,-,-
8512,8528,72.69362225737562,-,-,-,-
8513,8529,72.69362225737562,-,-,-,-
8514,8530,72.69362225737562,-,-,-,-
8515,8531,72.69362225737562,-,-,-,-
8516,8532,72.69362225737562,-,-,-,-
8517,8533,72.69362225737562,-,-,-,-
8518,8534,72.69362225737562,-,-,-,-
8519,8535,72.69362225737562,-,-,-,-
8520,8536,72.69362225737562,-,-,-,-
8521,8537,72.69362225737562,-,-,-,-
8522,8538,72.69362225737562,-,-,-,-
8523,8539,72.69362225737562,-,-,-,-
8524,8540,72.69362225737562,-,-,-,-
8525,8541,72.69362225737562,-,-,-,-
8526,8542,72.69362225737562,-,-,-,-
8527,8543,72.69362225737562,-,-,-,-
8528,8544,72.69362225737562,-,-,-,-
8529,8545,72.69362225737562,-,-,-,-
8530,8546,72.69362225737562,-,-,-,-
8531,8547,72.69362225737562,-,-,-,-
8532,8548,72.69362225737562,-,-,-,-
8533,8549,72.69362225737562,-,-,-,-
8534,8550,72.69362225737562,-,-,-,-
8535,8551,72.69362225737562,-,-,-,-
8536,8552,72.69362225737562,-,-,-,-
8537,8553,72.69362225737562,-,-,-,-
8538,8554,72.69362225737562,-,-,-,-
8539,8555,72.69362225737562,-,-,-,-
8540,8556,72.69362225737562,-,-,-,-
8541,8557,72.69362225737562,-,-,-,-
8542,8558,72.69362225737562,-,-,-,-
8543,8559,72.69362225737562,-,-,-,-
8544,8560,72.69362225737562,-,-,-,-
8545,8561,71.01162682371564,-,-,-,-
8546,8562,69.51434671810209,-,-,-,-
8547,8563,68.17468358970369,-,-,-,-
8548,8564,66.97025217249426,-,-,-,-
8549,8565,65.88248008798652,-,-,-,-
8550,8566,64.89588284109443,-,-,-,-
8551,8567,63.997483564488064,-,-,-,-
8552,8568,63.17634957105859,-,-,-,-
8553,8569,62.42322198404642,-,-,-,-
8554,8570,61.73021907572638,-,-,-,-
8555,8571,61.09059784494241,-,-,-,-
8556,8572,60.49856162348295,-,-,-,-
8557,8573,59.9491041313749,-,-,-,-
8558,8574,59.437882481862474,-,-,-,-
8559,8575,58.961113265038314,-,-,-,-
8560,8576,58.515487106111976,-,-,-,-
8561,8577,58.098098078068645,-,-,-,-
8562,8578,57.706385112314386,-,-,-,-
8563,8579,57.33808314486236,-,-,-,-
8564,8580,56.99118219862154,-,-,-,-
8565,8581,56.66389296441962,-,-,-,-
8566,8582,56.354617727552125,-,-,-,-
8567,8583,56.0619257105426,-,-,-,-
8568,8584,55.78453207992624,-,-,-,-
8569,8585,55.52128000558938,-,-,-,-
8570,8586,55.52128000558938,-,-,-,-
8571,8587,55.52128000558938,-,-,-,-
8572,8588,55.52128000558938,-,-,-,-
8573,8589,55.52128000558938,-,-,-,-
8574,8590,55.52128000558938,-,-,-,-
8575,8591,55.52128000558938,-,-,-,-
8576,8592,55.52128000558938,-,-,-,-
8577,8593,55.52128000558938,-,-,-,-
8578,8594,55.52128000558938,-,-,-,-
8579,8595,55.52128000558938,-,-,-,-
8580,8596,55.52128000558938,-,-,-,-
8581,8597,55.52128000558938,-,-,-,-
8582,8598,55.52128000558938,-,-,-,-
8583,8599,55.52128000558938,-,-,-,-
8584,8600,55.52128000558938,-,-,-,-
8585,8601,55.52128000558938,-,-,-,-
8586,8602,55.52128000558938,-,-,-,-
8587,8603,55.52128000558938,-,-,-,-
8588,8604,55.52128000558938,-,-,-,-
8589,8605,55.52128000558938,-,-,-,-
8590,8606,55.52128000558938,-,-,-,-
8591,8607,55.52128000558938,-,-,-,-
8592,8608,55.52128000558938,-,-,-,-
8593,8609,55.52128000558938,-,-,-,-
8594,8610,55.52128000558938,-,-,-,-
8595,8611,55.52128000558938,-,-,-,-
8596,8612,55.52128000558938,-,-,-,-
8597,8613,55.52128000558938,-,-,-,-
8598,8614,55.52128000558938,-,-,-,-
8598,8615,55.52128000558938,-,-,-,-
8598,8616,55.52128000558938,-,-,-,-
8598,8617,55.52128000558938,-,-,-,-
8598,8618,55.52128000558938,-,-,-,-
8598,8619,55.52128000558938,-,-,-,-
8598,8620,55.52128000558938,-,-,-,-
8598,8621,55.52128000558938,-,-,-,-
8598,8622,55.52128000558938,-,-,-,-
8598,8623,55.52128000558938,-,-,-,-
8598,8624,55.52128000558938,-,-,-,-
8598,8625,55.52128000558938,-,-,-,-
8598,8626,55.52128000558938,-,-,-,-
8598,8627,55.52128000558938,-,-,-,-
8598,8628,55.52128000558938,-,-,-,-
8598,8629,55.52128000558938,-,-,-,-
8598,8630,55.52128000558938,-,-,-,-
8598,8631,55.52128000558938,-,-,-,-
8598,8632,55.52128000558938,-,-,-,-
8598,8633,55.52128000558938,-,-,-,-
8598,8634,55.52128000558938,-,-,-,-
8598,8635,55.52128000558938,-,-,-,-
8598,8636,55.52128000558938,-,-,-,-
8598,8637,55.52128000558938,-,-,-,-
8598,8638,55.52128000558938,-,-,-,-
8598,8639,55.52128000558938,-,-,-,-
8598,8640,55.52128000558938,-,-,-,-
8598,8641,55.52128000558938,-,-,-,-
8598,8642,55.52128000558938,-,-,-,-
8598,8643,55.52128000558938,-,-,-,-
8598,8644,55.52128000558938,-,-,-,-
8598,8645,55.52128000558938,-,-,-,-
8598,8646,55.52128000558938,-,-,-,-
8598,8647,55.52128000558938,-,-,-,-
8598,8648,55.52128000558938,-,-,-,-
8598,8649,55.52128000558938,-,-,-,-
8598,8650,55.52128000558938,-,-,-,-
8598,8651,55.52128000558938,-,-,-,-
8598,8652,55.52128000558938,-,-,-,-
8598,8653,55.52128000558938,-,-,-,-
8598,8654,55.52128000558938,-,-,-,-
8598,8655,55.52128000558938,-,-,-,-
8598,8656,55.52128000558938,-,-,-,-
8598,8657,55.52128000558938,-,-,-,-
8598,8658,55.52128000558938,-,-,-,-
8598,8659,55.52128000558938,-,-,-,-
8598,8660,55.52128000558938,-,-,-,-
8598,8661,55.52128000558938,-,-,-,-
8598,8662,55.52128000558938,-,-,-,-
8598,8663,55.52128000558938,-,-,-,-
8598,8664,55.52128000558938,-,-,-,-
8598,8665,55.52128000558938,-,-,-,-
8598,8666,55.52128000558938,-,-,-,-
8598,8667,55.52128000558938,-,-,-,-
8598,8668,55.52128000558938,-,-,-,-
8598,8669,55.52128000558938,-,-,-,-
8598,8670,55.52128000558938,-,-,-,-
8598,8671,53.8081171893689,-,-,-,-
8598,8672,51.982430617897805,-,-,-,-
8598,8673,50.03685092992444,-,-,-,-
8598,8674,47.964119295708244,-,-,-,-
8598,8675,45.75733278993147,-,-,-,-
8598,8676,43.41026190516073,-,-,-,-
8598,8677,40.91774660997534,-,-,-,-
8598,8678,38.2761711456606,-,-,-,-
8598,8679,35.48400761046663,-,-,-,-
8598,8680,32.54240387202161,-,-,-,-
8598,8681,29.455773048963056,-,-,-,-
8598,8682,26.23232193916205,-,-,-,-
8598,8683,22.88443868919307,-,-,-,-
8598,8684,19.42885196730217,-,-,-,-
8598,8685,15.886481767304845,-,-,-,-
8598,8686,12.281930522023737,-,-,-,-
8598,8687,8.642611930596502,-,-,-,-
8598,8688,4.997575790399766,-,-,-,-
8598,8689,4.997575790399766,-,-,-,-
8598,8690,4.997575790399766,-,-,-,-
8598,8691,4.997575790399766,-,-,-,-
8598,8692,4.997575790399766,-,-,-,-
8598,8693,4.997575790399766,-,-,-,-
8598,8694,4.997575790399766,-,-,-,-
8598,8695,4.997575790399766,-,-,-,-
8598,8696,4.997575790399766,-,-,-,-
8598,8697,4.997575790399766,-,-,-,-
8598,8698,4.997575790399766,-,-,-,-
8598,8699,4.997575790399766,-,-,-,-
8598,8700,4.997575790399766,-,-,-,-
8598,8701,4.997575790399766,-,-,-,-
8598,8702,4.997575790399766,-,-,-,-
8598,8703,4.997575790399766,-,-,-,-
8598,8704,4.997575790399766,-,-,-,-
8598,8705,4.997575790399766,-,-,-,-
8598,8706,4.997575790399766,-,-,-,-
8598,8707,4.997575790399766,-,-,-,-
8598,8708,4.997575790399766,-,-,-,-
8598,8709,4.997575790399766,-,-,-,-
8598,8710,4.997575790399766,-,-,-,-
8598,8711,4.997575790399766,-,-,-,-
8598,8712,4.997575790399766,-,-,-,-
8598,8713,4.997575790399766,-,-,-,-
8598,8714,4.997575790399766,-,-,-,-
8598,8715,4.997575790399766,-,-,-,-
8598,8716,4.997575790399766,-,-,-,-
8598,8717,4.997575790399766,-,-,-,-
8598,8718,4.997575790399766,-,-,-,-
8598,8719,4.997575790399766,-,-,-,-
8598,8720,4.997575790399766,-,-,-,-
8598,8721,4.997575790399766,-,-,-,-
8598,8722,4.997575790399766,-,-,-,-
8598,8723,4.997575790399766,-,-,-,-
8598,8724,4.997575790399766,-,-,-,-
8598,8725,4.997575790399766,-,-,-,-
8598,8726,4.997575790399766,-,-,-,-
8598,8727,4.997575790399766,-,-,-,-
8598,8728,4.997575790399766,-,-,-,-
8598,8729,4.997575790399766,-,-,-,-
8598,8730,4.997575790399766,-,-,-,-
8598,8731,4.997575790399766,-,-,-,-
8598,8732,4.997575790399766,-,-,-,-
8598,8733,4.997575790399766,-,-,-,-
8598,8734,4.997575790399766,-,-,-,-
8598,8735,4.997575790399766,-,-,-,-
8598,8736,4.997575790399766,-,-,-,-
8598,8737,4.997575790399766,-,-,-,-
8598,8738,4.997575790399766,-,-,-,-
8598,8739,4.997575790399766,-,-,-,-
8598,8740,4.997575790399766,-,-,-,-
8598,8741,4.997575790399766,-,-,-,-
8598,8742,4.997575790399766,-,-,-,-
8598,8743,4.997575790399766,-,-,-,-
8598,8744,4.997575790399766,-,-,-,-
8598,8745,4.997575790399766,-,-,-,-
8598,8746,4.997575790399766,-,-,-,-
8598,8747,4.997575790399766,-,-,-,-
8598,8748,4.997575790399766,-,-,-,-
8598,8749,4.997575790399766,-,-,-,-
8598,8750,4.997575790399766,-,-,-,-
8598,8751,4.997575790399766,-,-,-,-
8598,8752,4.997575790399766,-,-,-,-
8598,8753,4.997575790399766,-,-,-,-
8598,8754,4.997575790399766,-,-,-,-
8598,8755,4.997575790399766,-,-,-,-
8598,8756,4.997575790399766,-,-,-,-
8598,8757,4.997575790399766,-,-,-,-
8598,8758,4.997575790399766,-,-,-,-
8598,8759,4.997575790399766,-,-,-,-
8598,8760,4.997575790399766,-,-,-,-
8598,8761,4.997575790399766,-,-,-,-
8598,8762,4.997575790399766,-,-,-,-
8598,8763,4.997575790399766,-,-,-,-
8598,8764,4.997575790399766,-,-,-,-
8598,8765,4.997575790399766,-,-,-,-
8598,8766,4.997575790399766,-,-,-,-
8598,8767,4.997575790399766,-,-,-,-
8598,8768,4.997575790399766,-,-,-,-
8598,8769,4.997575790399766,-,-,-,-
8598,8770,4.997575790399766,-,-,-,-
8598,8771,4.997575790399766,-,-,-,-
8598,8772,4.997575790399766,-,-,-,-
8598,8773,4.997575790399766,-,-,-,-
8598,8774,4.997575790399766,-,-,-,-
8598,8775,4.997575790399766,-,-,-,-
8598,8776,4.997575790399766,-,-,-,-
8598,8777,5.590921305049336,-,-,-,-
8598,8778,6.172037122727494,-,-,-,-
8598,8779,6.7411815695924036,-,-,-,-
8598,8780,7.298611892356257,-,-,-,-
8598,8781,7.84458373172774,-,-,-,-
8598,8782,8.379350654080651,-,-,-,-
8598,8783,8.903163737202087,-,-,-,-
8598,8784,9.41627120611012,-,-,-,-
8598,8785,9.918918115087141,-,-,-,-
8598,8786,10.411346072248616,-,-,-,-
8598,8787,10.893793003146595,-,-,-,-
8598,8788,11.366492950098035,-,-,-,-
8598,8789,11.366492950098035,-,-,-,-
8598,8790,11.366492950098035,-,-,-,-
8598,8791,11.366492950098035,-,-,-,-
8598,8792,11.366492950098035,-,-,-,-
8598,8793,11.366492950098035,-,-,-,-
8598,8794,11.366492950098035,-,-,-,-
8598,8795,11.366492950098035,-,-,-,-
8598,8796,11.366492950098035,-,-,-,-
8598,8797,11.366492950098035,-,-,-,-
8598,8798,11.366492950098035,-,-,-,-
8598,8799,11.366492950098035,-,-,-,-
8598,8800,11.366492950098035,-,-,-,-
8598,8801,11.366492950098035,-,-,-,-
8598,8802,11.366492950098035,-,-,-,-
8598,8803,11.366492950098035,-,-,-,-
8598,8804,11.366492950098035,-,-,-,-
8598,8805,11.366492950098035,-,-,-,-
8598,8806,11.366492950098035,-,-,-,-
8598,8807,11.366492950098035,-,-,-,-
8598,8808,11.366492950098035,-,-,-,-
8598,8809,11.366492950098035,-,-,-,-
8598,8810,11.366492950098035,-,-,-,-
8598,8811,11.366492950098035,-,-,-,-
8598,8812,11.366492950098035,-,-,-,-
8598,8813,11.366492950098035,-,-,-,-
8598,8814,11.366492950098035,-,-,-,-
8598,8815,11.366492950098035,-,-,-,-
8598,8816,11.366492950098035,-,-,-,-
8598,8817,11.366492950098035,-,-,-,-
8598,8818,11.366492950098035,-,-,-,-
8598,8819,11.366492950098035,-,-,-,-
8598,8820,11.366492950098035,-,-,-,-
8598,8821,11.366492950098035,-,-,-,-
8598,8822,11.366492950098035,-,-,-,-
8598,8823,11.366492950098035,-,-,-,-
8598,8824,11.366492950098035,-,-,-,-
8598,8825,11.366492950098035,-,-,-,-
8598,8826,11.366492950098035,-,-,-,-
8598,8827,11.366492950098035,-,-,-,-
8598,8828,11.366492950098035,-,-,-,-
8598,8829,11.366492950098035,-,-,-,-
8598,8830,11.366492950098035,-,-,-,-
8598,8831,11.366492950098035,-,-,-,-
8598,8832,11.366492950098035,-,-,-,-
8598,8833,11.366492950098035,-,-,-,-
8598,8834,11.366492950098035,-,-,-,-
8598,8835,11.366492950098035,-,-,-,-
8598,8836,11.366492950098035,-,-,-,-
8598,8837,11.366492950098035,-,-,-,-
8598,8838,11.366492950098035,-,-,-,-
8598,8839,11.366492950098035,-,-,-,-
8598,8840,11.366492950098035,-,-,-,-
8598,8841,11.366492950098035,-,-,-,-
8598,8842,11.366492950098035,-,-,-,-
8598,8843,11.366492950098035,-,-,-,-
8598,8844,11.366492950098035,-,-,-,-
8598,8845,11.366492950098035,-,-,-,-
8598,8846,11.366492950098035,-,-,-,-
8598,8847,11.366492950098035,-,-,-,-
8598,8848,11.366492950098035,-,-,-,-
8598,8849,11.366492950098035,-,-,-,-
8598,8850,11.366492950098035,-,-,-,-
8598,8851,11.366492950098035,-,-,-,-
8598,8852,11.366492950098035,-,-,-,-
8598,8853,11.366492950098035,-,-,-,-
8598,8854,11.366492950098035,-,-,-,-
8598,8855,11.366492950098035,-,-,-,-
8598,8856,11.366492950098035,-,-,-,-
8598,8857,11.366492950098035,-,-,-,-
8598,8858,11.366492950098035,-,-,-,-
8598,8859,11.366492950098035,-,-,-,-
8598,8860,11.366492950098035,-,-,-,-
8598,8861,11.366492950098035,-,-,-,-
8598,8862,11.366492950098035,-,-,-,-
8598,8863,11.366492950098035,-,-,-,-
8598,8864,11.366492950098035,-,-,-,-
8598,8865,11.366492950098035,-,-,-,-
8598,8866,11.366492950098035,-,-,-,-
8598,8867,11.366492950098035,-,-,-,-
8598,8868,11.366492950098035,-,-,-,-
8598,8869,11.366492950098035,-,-,-,-
8598,8870,11.366492950098035,-,-,-,-
8598,8871,11.366492950098035,-,-,-,-
8598,8872,11.366492950098035,-,-,-,-
8598,8873,11.366492950098035,-,-,-,-
8598,8874,11.366492950098035,-,-,-,-
8598,8875,11.366492950098035,-,-,-,-
8598,8876,11.366492950098035,-,-,-,-
8598,8877,11.366492950098035,-,-,-,-
8598,8878,11.366492950098035,-,-,-,-
8598,8879,11.366492950098035,-,-,-,-
8598,8880,11.366492950098035,-,-,-,-
8598,8881,11.366492950098035,-,-,-,-
8598,8882,11.366492950098035,-,-,-,-
8598,8883,11.366492950098035,-,-,-,-
8598,8884,11.366492950098035,-,-,-,-
8598,8885,11.366492950098035,-,-,-,-
8598,8886,11.366492950098035,-,-,-,-
8598,8887,11.366492950098035,-,-,-,-
8598,8888,11.366492950098035,-,-,-,-
8598,8889,11.366492950098035,-,-,-,-
8598,8890,11.366492950098035,-,-,-,-
8598,8891,11.366492950098035,-,-,-,-
8598,8892,11.366492950098035,-,-,-,-
8598,8893,11.366492950098035,-,-,-,-
8598,8894,11.366492950098035,-,-,-,-
8598,8895,11.366492950098035,-,-,-,-
8598,8896,11.366492950098035,-,-,-,-
8598,8897,11.366492950098035,-,-,-,-
8598,8898,11.366492950098035,-,-,-,-
8598,8899,11.366492950098035,-,-,-,-
8598,8900,11.366492950098035,-,-,-,-
8598,8901,11.366492950098035,-,-,-,-
8598,8902,11.366492950098035,-,-,-,-
8598,8903,11.366492950098035,-,-,-,-
8598,8904,11.366492950098035,-,-,-,-
8598,8905,11.366492950098035,-,-,-,-
8598,8906,11.366492950098035,-,-,-,-
8598,8907,11.366492950098035,-,-,-,-
8598,8908,11.366492950098035,-,-,-,-
8598,8909,11.366492950098035,-,-,-,-
8598,8910,11.366492950098035,-,-,-,-
8598,8911,11.366492950098035,-,-,-,-
8598,8912,11.366492950098035,-,-,-,-
8598,8913,11.366492950098035,-,-,-,-
8598,8914,11.366492950098035,-,-,-,-
8598,8915,11.366492950098035,-,-,-,-
8598,8916,11.366492950098035,-,-,-,-
8598,8917,11.366492950098035,-,-,-,-
8598,8918,11.366492950098035,-,-,-,-
8598,8919,11.366492950098035,-,-,-,-
8598,8920,11.366492950098035,-,-,-,-
8598,8921,11.366492950098035,-,-,-,-
8598,8922,11.366492950098035,-,-,-,-
8598,8923,11.366492950098035,-,-,-,-
8598,8924,11.366492950098035,-,-,-,-
8598,8925,11.366492950098035,-,-,-,-
8598,8926,11.366492950098035,-,-,-,-
8598,8927,11.366492950098035,-,-,-,-
8598,8928,11.366492950098035,-,-,-,-
8598,8929,11.366492950098035,-,-,-,-
8598,8930,11.366492950098035,-,-,-,-
8598,8931,11.366492950098035,-,-,-,-
8598,8932,11.366492950098035,-,-,-,-
8598,8933,11.366492950098035,-,-,-,-
8598,8934,11.366492950098035,-,-,-,-
8598,8935,11.366492950098035,-,-,-,-
8598,8936,11.366492950098035,-,-,-,-
8598,8937,11.366492950098035,-,-,-,-
8598,8938,11.366492950098035,-,-,-,-
8598,8939,11.366492950098035,-,-,-,-
8598,8940,11.366492950098035,-,-,-,-
8598,8941,11.366492950098035,-,-,-,-
8598,8942,11.366492950098035,-,-,-,-
8598,8943,11.366492950098035,-,-,-,-
8598,8944,11.366492950098035,-,-,-,-
8598,8945,11.366492950098035,-,-,-,-
8598,8946,11.366492950098035,-,-,-,-
8598,8947,11.366492950098035,-,-,-,-
8598,8948,11.366492950098035,-,-,-,-
8598,8949,11.366492950098035,-,-,-,-
8598,8950,11.366492950098035,-,-,-,-
8598,8951,11.366492950098035,-,-,-,-
8598,8952,11.366492950098035,-,-,-,-
8598,8953,11.366492950098035,-,-,-,-
8598,8954,11.366492950098035,-,-,-,-
8598,8955,11.366492950098035,-,-,-,-
8598,8956,11.366492950098035,-,-,-,-
8598,8957,11.366492950098035,-,-,-,-
8598,8958,11.366492950098035,-,-,-,-
8598,8959,11.366492950098035,-,-,-,-
8598,8960,11.366492950098035,-,-,-,-
8598,8961,11.366492950098035,-,-,-,-
8598,8962,11.366492950098035,-,-,-,-
8598,8963,11.366492950098035,-,-,-,-
8598,8964,11.366492950098035,-,-,-,-
8598,8965,11.366492950098035,-,-,-,-
8598,8966,11.366492950098035,-,-,-,-
8598,8967,11.366492950098035,-,-,-,-
8598,8968,11.366492950098035,-,-,-,-
8598,8969,11.366492950098035,-,-,-,-
8598,8970,11.366492950098035,-,-,-,-
8598,8971,11.366492950098035,-,-,-,-
8598,8972,11.366492950098035,-,-,-,-
8598,8973,11.366492950098035,-,-,-,-
8598,8974,11.366492950098035,-,-,-,-
8598,8975,11.366492950098035,-,-,-,-
8598,8976,11.366492950098035,-,-,-,-
8598,8977,11.366492950098035,-,-,-,-
8598,8978,11.366492950098035,-,-,-,-
8598,8979,11.366492950098035,-,-,-,-
8598,8980,11.366492950098035,-,-,-,-
8598,8981,11.366492950098035,-,-,-,-
8598,8982,11.366492950098035,-,-,-,-
8598,8983,11.366492950098035,-,-,-,-
8598,8984,11.366492950098035,-,-,-,-
8598,8985,11.366492950098035,-,-,-,-
8598,8986,11.366492950098035,-,-,-,-
8598,8987,11.366492950098035,-,-,-,-
8598,8988,11.366492950098035,-,-,-,-
8598,8989,11.366492950098035,-,-,-,-
8598,8990,11.366492950098035,-,-,-,-
8598,8991,11.366492950098035,-,-,-,-
8598,8992,11.366492950098035,-,-,-,-
8598,8993,11.366492950098035,-,-,-,-
8598,8994,11.366492950098035,-,-,-,-
8598,8995,11.366492950098035,-,-,-,-
8598,8996,11.366492950098035,-,-,-,-
8598,8997,11.366492950098035,-,-,-,-
8598,8998,11.366492950098035,-,-,-,-
8598,8999,11.366492950098035,-,-,-,-
8598,9000,11.366492950098035,-,-,-,-
8598,9001,11.366492950098035,-,-,-,-
8598,9002,11.366492950098035,-,-,-,-
8598,9003,11.366492950098035,-,-,-,-
8598,9004,11.366492950098035,-,-,-,-
8598,9005,11.366492950098035,-,-,-,-
8598,9006,11.366492950098035,-,-,-,-
8598,9007,11.366492950098035,-,-,-,-
8598,9008,11.366492950098035,-,-,-,-
8598,9009,11.366492950098035,-,-,-,-
8598,9010,11.366492950098035,-,-,-,-
8598,9011,11.366492950098035,-,-,-,-
8598,9012,11.366492950098035,-,-,-,-
8598,9013,11.366492950098035,-,-,-,-
8598,9014,11.366492950098035,-,-,-,-
8598,9015,11.366492950098035,-,-,-,-
8598,9016,11.366492950098035,-,-,-,-
8598,9017,11.366492950098035,-,-,-,-
8598,9018,11.366492950098035,-,-,-,-
8598,9019,11.366492950098035,-,-,-,-
8598,9020,11.366492950098035,-,-,-,-
8598,9021,11.366492950098035,-,-,-,-
8598,9022,11.366492950098035,-,-,-,-
8598,9023,11.366492950098035,-,-,-,-
8598,9024,11.366492950098035,-,-,-,-
8598,9025,11.366492950098035,-,-,-,-
8598,9026,11.366492950098035,-,-,-,-
8598,9027,11.366492950098035,-,-,-,-
8598,9028,11.366492950098035,-,-,-,-
8598,9029,11.366492950098035,-,-,-,-
8598,9030,11.366492950098035,-,-,-,-
8598,9031,11.366492950098035,-,-,-,-
8598,9032,11.366492950098035,-,-,-,-
8598,9033,11.366492950098035,-,-,-,-
8598,9034,11.366492950098035,-,-,-,-
8598,9035,11.366492950098035,-,-,-,-
8598,9036,11.366492950098035,-,-,-,-
8598,9037,11.366492950098035,-,-,-,-
8598,9038,11.366492950098035,-,-,-,-
8598,9039,11.366492950098035,-,-,-,-
8598,9040,11.366492950098035,-,-,-,-
8598,9041,11.366492950098035,-,-,-,-
8598,9042,11.366492950098035,-,-,-,-
8598,9043,11.366492950098035,-,-,-,-
8598,9044,11.366492950098035,-,-,-,-
8598,9045,11.366492950098035,-,-,-,-
8598,9046,11.366492950098035,-,-,-,-
8598,9047,11.366492950098035,-,-,-,-
8598,9048,11.366492950098035,-,-,-,-
8598,9049,11.366492950098035,-,-,-,-
8598,9050,11.366492950098035,-,-,-,-
8598,9051,11.366492950098035,-,-,-,-
8598,9052,11.366492950098035,-,-,-,-
8598,9053,11.366492950098035,-,-,-,-
8598,9054,9.694684976474985,-,-,-,-
8598,9055,7.865231130892546,-,-,-,-
8598,9056,5.859040872209111,-,-,-,-
8598,9057,3.654907267284016,-,-,-,-
8598,9058,1.2295995438232703,-,-,-,-
8598,9059,1.4418058180766895,-,-,-,-
8598,9060,4.38522379370608,-,-,-,-
8598,9061,7.626319677960348,-,-,-,-
8598,9062,11.188534952447064,-,-,-,-
8598,9063,15.090208354671747,-,-,-,-
8598,9064,19.340734572272837,-,-,-,-
8598,9065,23.93596532739938,-,-,-,-
8598,9066,28.85349233605864,-,-,-,-
8598,9067,34.0489800117152,-,-,-,-
8598,9068,39.45508717842426,-,-,-,-
8598,9069,44.98434762255743,-,-,-,-
8598,9070,50.53640281993349,-,-,-,-
8599,9071,54.016090831583156,-,-,-,-
8600,9072,48.7183825354575,-,-,-,-
8601,9073,43.67178805443098,-,-,-,-
8602,9074,38.93083610759547,-,-,-,-
8603,9075,34.52724154249192,-,-,-,-
8604,9076,30.472630648480497,-,-,-,-
8605,9077,26.76297004123891,-,-,-,-
8606,9078,23.383327276236464,-,-,-,-
8607,9079,20.3120924445902,-,-,-,-
8608,9080,17.52428474306626,-,-,-,-
8609,9081,14.993907294288048,-,-,-,-
8610,9082,12.695486588247746,-,-,-,-
8611,9083,10.604988289323604,-,-,-,-
8612,9084,10.604988289323604,-,-,-,-
8613,9085,10.604988289323604,-,-,-,-
8614,9086,10.604988289323604,-,-,-,-
8615,9087,10.604988289323604,-,-,-,-
8616,9088,10.604988289323604,-,-,-,-
8617,9089,10.604988289323604,-,-,-,-
8618,9090,10.604988289323604,-,-,-,-
8619,9091,10.604988289323604,-,-,-,-
8620,9092,10.604988289323604,-,-,-,-
8621,9093,10.604988289323604,-,-,-,-
8622,9094,10.604988289323604,-,-,-,-
8623,9095,10.604988289323604,-,-,-,-
8624,9096,10.604988289323604,-,-,-,-
8625,9097,10.604988289323604,-,-,-,-
8626,9098,10.604988289323604,-,-,-,-
8627,9099,10.604988289323604,-,-,-,-
8628,9100,10.604988289323604,-,-,-,-
8629,9101,10.604988289323604,-,-,-,-
8630,9102,10.604988289323604,-,-,-,-
8631,9103,10.604988289323604,-,-,-,-
8632,9104,10.604988289323604,-,-,-,-
8633,9105,10.604988289323604,-,-,-,-
8634,9106,10.604988289323604,-,-,-,-
8635,9107,10.604988289323604,-,-,-,-
8636,9108,10.604988289323604,-,-,-,-
8637,9109,10.604988289323604,-,-,-,-
8638,9110,10.604988289323604,-,-,-,-
8639,9111,10.604988289323604,-,-,-,-
8640,9112,10.604988289323604,-,-,-,-
8641,9113,10.604988289323604,-,-,-,-
8642,9114,10.604988289323604,-,-,-,-
8643,9115,10.604988289323604,-,-,-,-
8644,9116,10.604988289323604,-,-,-,-
8645,9117,10.604988289323604,-,-,-,-
8646,9118,10.604988289323604,-,-,-,-
8647,9119,10.604988289323604,-,-,-,-
8648,9120,10.604988289323604,-,-,-,-
8649,9121,10.604988289323604,-,-,-,-
8650,9122,10.604988289323604,-,-,-,-
8651,9123,10.604988289323604,-,-,-,-
8652,9124,10.604988289323604,-,-,-,-
8653,9125,10.604988289323604,-,-,-,-
8654,9126,10.604988289323604,-,-,-,-
8655,9127,10.604988289323604,-,-,-,-
8656,9128,10.604988289323604,-,-,-,-
8657,9129,10.604988289323604,-,-,-,-
8658,9130,10.604988289323604,-,-,-,-
8659,9131,10.604988289323604,-,-,-,-
8660,9132,10.604988289323604,-,-,-,-
8661,9133,10.604988289323604,-,-,-,-
8662,9134,10.604988289323604,-,-,-,-
8663,9135,10.604988289323604,-,-,-,-
8664,9136,10.604988289323604,-,-,-,-
8665,9137,10.604988289323604,-,-,-,-
8666,9138,10.604988289323604,-,-,-,-
8667,9139,10.604988289323604,-,-,-,-
8668,9140,10.604988289323604,-,-,-,-
8669,9141,10.604988289323604,-,-,-,-
8670,9142,10.604988289323604,-,-,-,-
8671,9143,10.604988289323604,-,-,-,-
8672,9144,10.604988289323604,-,-,-,-
8673,9145,10.604988289323604,-,-,-,-
8674,9146,10.604988289323604,-,-,-,-
8675,9147,10.604988289323604,-,-,-,-
8676,9148,10.604988289323604,-,-,-,-
8677,9149,10.604988289323604,-,-,-,-
8678,9150,10.604988289323604,-,-,-,-
8679,9151,10.604988289323604,-,-,-,-
8680,9152,10.604988289323604,-,-,-,-
8681,9153,10.604988289323604,-,-,-,-
8682,9154,10.604988289323604,-,-,-,-
8683,9155,10.604988289323604,-,-,-,-
8684,9156,10.604988289323604,-,-,-,-
8685,9157,10.604988289323604,-,-,-,-
8686,9158,10.604988289323604,-,-,-,-
8687,9159,10.604988289323604,-,-,-,-
8688,9160,10.604988289323604,-,-,-,-
8689,9161,10.604988289323604,-,-,-,-
8690,9162,10.604988289323604,-,-,-,-
8691,9163,10.604988289323604,-,-,-,-
8692,9164,10.604988289323604,-,-,-,-
8693,9165,10.604988289323604,-,-,-,-
8694,9166,10.604988289323604,-,-,-,-
8695,9167,10.604988289323604,-,-,-,-
8696,9168,10.604988289323604,-,-,-,-
8697,9169,10.604988289323604,-,-,-,-
8698,9170,10.604988289323604,-,-,-,-
8699,9171,10.604988289323604,-,-,-,-
8700,9172,10.604988289323604,-,-,-,-
8701,9173,10.604988289323604,-,-,-,-
8702,9174,10.604988289323604,-,-,-,-
8703,9175,10.604988289323604,-,-,-,-
8704,9176,10.604988289323604,-,-,-,-
8705,9177,10.604988289323604,-,-,-,-
8706,9178,10.604988289323604,-,-,-,-
8707,9179,10.604988289323604,-,-,-,-
8708,9180,10.604988289323604,-,-,-,-
8709,9181,10.604988289323604,-,-,-,-
8710,9182,10.604988289323604,-,-,-,-
8711,9183,10.604988289323604,-,-,-,-
8712,9184,10.604988289323604,-,-,-,-
8713,9185,10.604988289323604,-,-,-,-
8714,9186,10.604988289323604,-,-,-,-
8715,9187,10.604988289323604,-,-,-,-
8716,9188,10.604988289323604,-,-,-,-
8717,9189,10.604988289323604,-,-,-,-
8718,9190,10.604988289323604,-,-,-,-
8719,9191,10.604988289323604,-,-,-,-
8720,9192,10.604988289323604,-,-,-,-
8721,9193,10.604988289323604,-,-,-,-
8722,9194,10.604988289323604,-,-,-,-
8723,9195,10.604988289323604,-,-,-,-
8724,9196,10.604988289323604,-,-,-,-
8725,9197,10.604988289323604,-,-,-,-
8726,9198,10.604988289323604,-,-,-,-
8727,9199,10.604988289323604,-,-,-,-
8728,9200,10.604988289323604,-,-,-,-
8729,9201,10.604988289323604,-,-,-,-
8730,9202,10.604988289323604,-,-,-,-
8731,9203,10.604988289323604,-,-,-,-
8732,9204,10.604988289323604,-,-,-,-
8733,9205,10.604988289323604,-,-,-,-
8734,9206,10.604988289323604,-,-,-,-
8735,9207,10.604988289323604,-,-,-,-
8736,9208,10.604988289323604,-,-,-,-
8737,9209,10.604988289323604,-,-,-,-
8738,9210,10.604988289323604,-,-,-,-
8739,9211,10.604988289323604,-,-,-,-
8740,9212,10.604988289323604,-,-,-,-
8741,9213,10.604988289323604,-,-,-,-
8742,9214,10.604988289323604,-,-,-,-
8743,9215,10.604988289323604,-,-,-,-
8744,9216,10.604988289323604,-,-,-,-
8745,9217,10.604988289323604,-,-,-,-
8746,9218,10.604988289323604,-,-,-,-
8747,9219,10.604988289323604,-,-,-,-
8748,9220,10.604988289323604,-,-,-,-
8749,9221,10.604988289323604,-,-,-,-
8750,9222,10.604988289323604,-,-,-,-
8751,9223,10.604988289323604,-,-,-,-
8752,9224,10.604988289323604,-,-,-,-
8753,9225,10.604988289323604,-,-,-,-
8754,9226,10.604988289323604,-,-,-,-
8755,9227,10.604988289323604,-,-,-,-
8756,9228,10.604988289323604,-,-,-,-
8757,9229,10.604988289323604,-,-,-,-
8758,9230,10.604988289323604,-,-,-,-
8759,9231,10.604988289323604,-,-,-,-
8760,9232,10.604988289323604,-,-,-,-
8761,9233,10.604988289323604,-,-,-,-
8762,9234,10.604988289323604,-,-,-,-
8763,9235,10.604988289323604,-,-,-,-
8764,9236,10.604988289323604,-,-,-,-
8765,9237,10.604988289323604,-,-,-,-
8766,9238,10.604988289323604,-,-,-,-
8767,9239,10.604988289323604,-,-,-,-
8768,9240,10.604988289323604,-,-,-,-
8769,9241,10.604988289323604,-,-,-,-
8770,9242,10.604988289323604,-,-,-,-
8771,9243,10.604988289323604,-,-,-,-
8772,9244,10.604988289323604,-,-,-,-
8773,9245,10.604988289323604,-,-,-,-
8774,9246,10.604988289323604,-,-,-,-
8775,9247,10.604988289323604,-,-,-,-
8776,9248,10.604988289323604,-,-,-,-
8777,9249,10.604988289323604,-,-,-,-
8778,9250,10.604988289323604,-,-,-,-
8779,9251,10.604988289323604,-,-,-,-
8780,9252,10.604988289323604,-,-,-,-
8781,9253,10.604988289323604,-,-,-,-
8782,9254,10.604988289323604,-,-,-,-
8783,9255,10.604988289323604,-,-,-,-
8784,9256,10.604988289323604,-,-,-,-
8785,9257,10.604988289323604,-,-,-,-
8786,9258,10.604988289323604,-,-,-,-
8787,9259,10.604988289323604,-,-,-,-
8788,9260,10.604988289323604,-,-,-,-
8789,9261,10.604988289323604,-,-,-,-
8790,9262,10.604988289323604,-,-,-,-
8791,9263,10.604988289323604,-,-,-,-
8792,9264,10.604988289323604,-,-,-,-
8793,9265,10.604988289323604,-,-,-,-
8794,9266,10.604988289323604,-,-,-,-
8795,9267,10.604988289323604,-,-,-,-
8796,9268,10.604988289323604,-,-,-,-
8797,9269,10.604988289323604,-,-,-,-
8798,9270,10.604988289323604,-,-,-,-
8799,9271,10.604988289323604,-,-,-,-
8800,9272,10.604988289323604,-,-,-,-
8801,9273,10.604988289323604,-,-,-,-
8802,9274,10.604988289323604,-,-,-,-
8803,9275,10.604988289323604,-,-,-,-
8804,9276,10.604988289323604,-,-,-,-
8805,9277,10.604988289323604,-,-,-,-
8806,9278,10.604988289323604,-,-,-,-
8807,9279,10.604988289323604,-,-,-,-
8808,9280,10.604988289323604,-,-,-,-
8809,9281,10.604988289323604,-,-,-,-
8810,9282,10.604988289323604,-,-,-,-
8811,9283,10.604988289323604,-,-,-,-
8812,9284,10.604988289323604,-,-,-,-
8813,9285,10.604988289323604,-,-,-,-
8814,9286,10.604988289323604,-,-,-,-
8815,9287,10.604988289323604,-,-,-,-
8816,9288,10.604988289323604,-,-,-,-
8817,9289,10.604988289323604,-,-,-,-
8818,9290,10.604988289323604,-,-,-,-
8819,9291,10.604988289323604,-,-,-,-
8820,9292,10.604988289323604,-,-,-,-
8821,9293,10.604988289323604,-,-,-,-
8822,9294,10.604988289323604,-,-,-,-
8823,9295,10.604988289323604,-,-,-,-
8824,9296,10.604988289323604,-,-,-,-
8825,9297,10.604988289323604,-,-,-,-
8826,9298,10.604988289323604,-,-,-,-
8827,9299,10.604988289323604,-,-,-,-
8828,9300,10.604988289323604,-,-,-,-
8829,9301,10.604988289323604,-,-,-,-
8830,9302,10.604988289323604,-,-,-,-
8831,9303,10.604988289323604,-,-,-,-
8832,9304,10.604988289323604,-,-,-,-
8833,9305,10.604988289323604,-,-,-,-
8834,9306,9.86829747759629,-,-,-,-
8835,9307,9.034941379292293,-,-,-,-
8836,9308,8.08499175258734,-,-,-,-
8837,9309,6.992791109962496,-,-,-,-
8838,9310,5.724807763351502,-,-,-,-
8839,9311,4.2364957578403155,-,-,-,-
8840,9312,2.467614231320794,-,-,-,-
8841,9313,0.3351306565515643,-,-,-,-
8842,9313,0.3351306565515643,-,-,-,-
8843,9313,0.3351306565515643,-,-,-,-
8844,9313,0.3351306565515643,-,-,-,-
8845,9313,0.3351306565515643,-,-,-,-
8846,9313,0.3351306565515643,-,-,-,-
8847,9313,0.3351306565515643,-,-,-,-
8848,9313,0.3351306565515643,-,-,-,-
8849,9313,0.3351306565515643,-,-,-,-
8850,9313,0.3351306565515643,-,-,-,-
8851,9313,0.3351306565515643,-,-,-,-
8852,9313,0.3351306565515643,-,-,-,-
8853,9313,0.3351306565515643,-,-,-,-
8854,9313,0.3351306565515643,-,-,-,-
8855,9313,0.3351306565515643,-,-,-,-
8856,9313,0.3351306565515643,-,-,-,-
8857,9313,0.3351306565515643,-,-,-,-
8858,9313,0.3351306565515643,-,-,-,-
8859,9313,0.3351306565515643,-,-,-,-
8860,9313,0.3351306565515643,-,-,-,-
8861,9314,2.2776844300545207,-,-,-,-
8862,9315,5.538086497416116,-,-,-,-
8863,9316,9.689366281294419,-,-,-,-
8864,9317,15.086685300373293,-,-,-,-
8865,9318,22.235218982117168,-,-,-,-
8866,9319,17.8864663760069,-,-,-,-
8867,9320,5.3587033006716025,-,-,-,-
8868,9320,5.3587033006716025,-,-,-,-
8869,9320,5.3587033006716025,-,-,-,-
8870,9320,5.3587033006716025,-,-,-,-
8871,9320,5.3587033006716025,-,-,-,-
8872,9320,5.3587033006716025,-,-,-,-
8873,9320,5.3587033006716025,-,-,-,-
8874,9320,5.3587033006716025,-,-,-,-
8875,9320,5.3587033006716025,-,-,-,-
8876,9320,5.3587033006716025,-,-,-,-
8877,9320,5.3587033006716025,-,-,-,-
8878,9320,5.3587033006716025,-,-,-,-
8879,9320,5.3587033006716025,-,-,-,-
8880,9320,5.3587033006716025,-,-,-,-
8881,9320,5.3587033006716025,-,-,-,-
8882,9320,5.3587033006716025,-,-,-,-
8883,9320,5.3587033006716025,-,-,-,-
8884,9320,5.3587033006716025,-,-,-,-
8885,9320,5.3587033006716025,-,-,-,-
8886,9320,5.3587033006716025,-,-,-,-
8887,9320,5.3587033006716025,-,-,-,-
8888,9320,5.3587033006716025,-,-,-,-
8889,9320,5.3587033006716025,-,-,-,-
8890,9320,5.3587033006716025,-,-,-,-
8891,9320,5.3587033006716025,-,-,-,-
8892,9320,5.3587033006716025,-,-,-,-
8893,9320,5.3587033006716025,-,-,-,-
8894,9320,5.3587033006716025,-,-,-,-
8895,9320,5.3587033006716025,-,-,-,-
8896,9320,5.3587033006716025,-,-,-,-
8897,9321,10.010398688701386,-,-,-,-
8898,9322,26.59031658427063,-,-,-,-
8899,9323,26.25345102977478,-,-,-,-
8900,9324,13.85393589972026,-,-,-,-
8901,9325,4.418733649539248,-,-,-,-
8902,9326,2.645519330616734,-,-,-,-
8903,9326,2.645519330616734,-,-,-,-
8904,9326,2.645519330616734,-,-,-,-
8905,9326,2.645519330616734,-,-,-,-
8906,9326,2.645519330616734,-,-,-,-
8907,9326,2.645519330616734,-,-,-,-
8908,9326,2.645519330616734,-,-,-,-
8909,9326,2.645519330616734,-,-,-,-
8910,9326,2.645519330616734,-,-,-,-
8911,9326,2.645519330616734,-,-,-,-
8912,9326,2.645519330616734,-,-,-,-
8913,9326,2.645519330616734,-,-,-,-
8914,9326,2.645519330616734,-,-,-,-
8915,9326,2.645519330616734,-,-,-,-
8916,9326,2.645519330616734,-,-,-,-
8917,9326,2.645519330616734,-,-,-,-
8918,9326,2.645519330616734,-,-,-,-
8919,9326,2.645519330616734,-,-,-,-
8920,9326,2.645519330616734,-,-,-,-
8921,9326,2.645519330616734,-,-,-,-
8922,9326,2.645519330616734,-,-,-,-
8923,9326,2.645519330616734,-,-,-,-
8924,9326,2.645519330616734,-,-,-,-
8925,9326,2.645519330616734,-,-,-,-
8926,9326,2.645519330616734,-,-,-,-
8927,9326,2.645519330616734,-,-,-,-
8928,9326,2.645519330616734,-,-,-,-
8929,9326,2.645519330616734,-,-,-,-
8930,9326,2.645519330616734,-,-,-,-
8931,9327,7.982610817314643,-,-,-,-
8932,9328,12.0910485050155,-,-,-,-
8933,9329,12.0910485050155,-,-,-,-
8934,9330,12.0910485050155,-,-,-,-
8935,9331,12.0910485050155,-,-,-,-
8936,9332,12.0910485050155,-,-,-,-
8937,9333,12.0910485050155,-,-,-,-
8938,9334,12.0910485050155,-,-,-,-
8939,9335,12.0910485050155,-,-,-,-
8940,9336,12.0910485050155,-,-,-,-
8941,9337,12.0910485050155,-,-,-,-
8942,9338,12.0910485050155,-,-,-,-
8943,9339,12.0910485050155,-,-,-,-
8944,9340,12.0910485050155,-,-,-,-
8945,9341,12.0910485050155,-,-,-,-
8946,9342,12.0910485050155,-,-,-,-
8947,9343,12.0910485050155,-,-,-,-
8948,9344,12.0910485050155,-,-,-,-
8949,9345,12.0910485050155,-,-,-,-
8950,9346,12.0910485050155,-,-,-,-
8951,9347,12.0910485050155,-,-,-,-
8952,9348,12.0910485050155,-,-,-,-
8953,9349,12.0910485050155,-,-,-,-
8954,9350,12.0910485050155,-,-,-,-
8955,9351,12.0910485050155,-,-,-,-
8956,9352,12.0910485050155,-,-,-,-
8957,9353,12.0910485050155,-,-,-,-
8958,9354,12.0910485050155,-,-,-,-
8959,9355,12.0910485050155,-,-,-,-
8960,9356,12.0910485050155,-,-,-,-
8961,9357,12.0910485050155,-,-,-,-
8962,9358,12.0910485050155,-,-,-,-
8963,9359,12.0910485050155,-,-,-,-
8964,9360,12.0910485050155,-,-,-,-
8965,9361,12.0910485050155,-,-,-,-
8966,9362,1.7414328431261836,-,-,-,-
8967,9363,1.7414328431261836,-,-,-,-
8968,9364,1.7414328431261836,-,-,-,-
8969,9365,1.7414328431261836,-,-,-,-
8970,9366,1.7414328431261836,-,-,-,-
8971,9367,1.7414328431261836,-,-,-,-
8972,9368,1.7414328431261836,-,-,-,-
8973,9369,1.7414328431261836,-,-,-,-
8974,9370,1.7414328431261836,-,-,-,-
8975,9371,1.7414328431261836,-,-,-,-
8976,9372,1.7414328431261836,-,-,-,-
8977,9373,1.7414328431261836,-,-,-,-
8978,9374,1.7414328431261836,-,-,-,-
8979,9375,1.7414328431261836,-,-,-,-
8980,9376,1.7414328431261836,-,-,-,-
8981,9377,1.7414328431261836,-,-,-,-
8982,9378,1.7414328431261836,-,-,-,-
8983,9379,1.7414328431261836,-,-,-,-
8984,9380,1.7414328431261836,-,-,-,-
8985,9381,1.7414328431261836,-,-,-,-
8986,9382,1.7414328431261836,-,-,-,-
8987,9383,1.7414328431261836,-,-,-,-
8988,9384,1.7414328431261836,-,-,-,-
8989,9385,1.7414328431261836,-,-,-,-
8990,9386,1.7414328431261836,-,-,-,-
8991,9387,1.7414328431261836,-,-,-,-
8992,9388,1.7414328431261836,-,-,-,-
8993,9389,1.7414328431261836,-,-,-,-
8994,9390,1.7414328431261836,-,-,-,-
8995,9391,1.7414328431261836,-,-,-,-
8996,9392,1.7414328431261836,-,-,-,-
8997,9393,1.7414328431261836,-,-,-,-
8998,9394,1.7414328431261836,-,-,-,-
8998,9395,1.7414328431261836,-,-,-,-
8998,9396,1.7414328431261836,-,-,-,-
8998,9397,1.7414328431261836,-,-,-,-
8998,9398,1.7414328431261836,-,-,-,-
8998,9399,1.7414328431261836,-,-,-,-
8998,9400,1.7414328431261836,-,-,-,-
8998,9401,1.7414328431261836,-,-,-,-
8998,9402,1.7414328431261836,-,-,-,-
8998,9403,1.7414328431261836,-,-,-,-
8998,9404,1.7414328431261836,-,-,-,-
8998,9405,1.7414328431261836,-,-,-,-
8998,9406,1.7414328431261836,-,-,-,-
8998,9407,1.7414328431261836,-,-,-,-
8998,9408,1.7414328431261836,-,-,-,-
8998,9409,1.7414328431261836,-,-,-,-
8998,9410,1.7414328431261836,-,-,-,-
8998,9411,1.7414328431261836,-,-,-,-
8998,9412,1.7414328431261836,-,-,-,-
8998,9413,1.7414328431261836,-,-,-,-
8998,9414,1.7414328431261836,-,-,-,-
8998,9415,1.7414328431261836,-,-,-,-
8998,9416,1.7414328431261836,-,-,-,-
8998,9417,1.7414328431261836,-,-,-,-
8998,9418,1.7414328431261836,-,-,-,-
8998,9419,1.7414328431261836,-,-,-,-
8998,9420,1.7414328431261836,-,-,-,-
8998,9421,1.7414328431261836,-,-,-,-
8998,9422,1.7414328431261836,-,-,-,-
8998,9423,1.7414328431261836,-,-,-,-
8998,9424,1.7414328431261836,-,-,-,-
8998,9425,1.7414328431261836,-,-,-,-
8998,9426,1.7414328431261836,-,-,-,-
8998,9427,1.7414328431261836,-,-,-,-
8998,9428,1.7414328431261836,-,-,-,-
8998,9429,1.7414328431261836,-,-,-,-
8998,9430,1.7414328431261836,-,-,-,-
8998,9431,1.7414328431261836,-,-,-,-
8998,9432,1.7414328431261836,-,-,-,-
8998,9433,1.7414328431261836,-,-,-,-
8998,9434,1.7414328431261836,-,-,-,-
8998,9435,1.7414328431261836,-,-,-,-
8998,9436,1.7414328431261836,-,-,-,-
8998,9437,1.7414328431261836,-,-,-,-
8998,9438,1.7414328431261836,-,-,-,-
8998,9439,1.7414328431261836,-,-,-,-
8998,9440,1.7414328431261836,-,-,-,-
8998,9441,1.7414328431261836,-,-,-,-
8998,9442,1.7414328431261836,-,-,-,-
8998,9443,1.7414328431261836,-,-,-,-
8998,9444,1.7414328431261836,-,-,-,-
8998,9445,1.7414328431261836,-,-,-,-
8998,9446,1.7414328431261836,-,-,-,-
8998,9447,1.7414328431261836,-,-,-,-
8998,9448,1.7414328431261836,-,-,-,-
8998,9449,1.7414328431261836,-,-,-,-
8998,9450,1.7414328431261836,-,-,-,-
8998,9451,1.7414328431261836,-,-,-,-
8998,9452,1.7414328431261836,-,-,-,-
8998,9453,1.7414328431261836,-,-,-,-
8998,9454,1.7414328431261836,-,-,-,-
8998,9455,1.7414328431261836,-,-,-,-
8998,9456,1.7414328431261836,-,-,-,-
8998,9457,1.7414328431261836,-,-,-,-
8998,9458,1.7414328431261836,-,-,-,-
8998,9459,1.7414328431261836,-,-,-,-
8998,9460,1.7414328431261836,-,-,-,-
8998,9461,1.7414328431261836,-,-,-,-
8998,9462,1.7414328431261836,-,-,-,-
8998,9463,1.7414328431261836,-,-,-,-
8998,9464,1.7414328431261836,-,-,-,-
8998,9465,1.7414328431261836,-,-,-,-
8998,9466,1.7414328431261836,-,-,-,-
8998,9467,1.7414328431261836,-,-,-,-
8998,9468,1.7414328431261836,-,-,-,-
8998,9469,1.7414328431261836,-,-,-,-
8998,9470,1.7414328431261836,-,-,-,-
8998,9471,1.7414328431261836,-,-,-,-
8998,9472,1.7414328431261836,-,-,-,-
8998,9473,1.7414328431261836,-,-,-,-
8998,9474,1.7414328431261836,-,-,-,-
8998,9475,1.7414328431261836,-,-,-,-
8998,9476,1.7414328431261836,-,-,-,-
8998,9477,3.9592083115715893,-,-,-,-
8998,9478,6.544108141000118,-,-,-,-
8998,9479,9.581867689736791,-,-,-,-
8998,9480,13.18044092148219,-,-,-,-
8998,9481,17.473049788093608,-,-,-,-
8999,9482,16.229935682326698,-,-,-,-
9000,9483,10.06572022001869,-,-,-,-
9001,9484,2.7355762722969117,-,-,-,-
9002,9484,2.7355762722969117,-,-,-,-
9003,9484,2.7355762722969117,-,-,-,-
9004,9484,2.7355762722969117,-,-,-,-
9005,9484,2.7355762722969117,-,-,-,-
9006,9484,2.7355762722969117,-,-,-,-
9007,9484,2.7355762722969117,-,-,-,-
9008,9484,2.7355762722969117,-,-,-,-
9009,9484,2.7355762722969117,-,-,-,-
9010,9484,2.7355762722969117,-,-,-,-
9011,9484,2.7355762722969117,-,-,-,-
9012,9484,2.7355762722969117,-,-,-,-
9013,9484,2.7355762722969117,-,-,-,-
9014,9484,2.7355762722969117,-,-,-,-
9015,9484,2.7355762722969117,-,-,-,-
9016,9484,2.7355762722969117,-,-,-,-
9017,9484,2.7355762722969117,-,-,-,-
9018,9484,2.7355762722969117,-,-,-,-
9019,9484,2.7355762722969117,-,-,-,-
9020,9484,2.7355762722969117,-,-,-,-
9021,9484,2.7355762722969117,-,-,-,-
9022,9484,2.7355762722969117,-,-,-,-
9023,9484,2.7355762722969117,-,-,-,-
9024,9484,2.7355762722969117,-,-,-,-
9025,9484,2.7355762722969117,-,-,-,-
9026,9484,2.7355762722969117,-,-,-,-
9027,9484,2.7355762722969117,-,-,-,-
9028,9484,2.7355762722969117,-,-,-,-
9029,9484,2.7355762722969117,-,-,-,-
9030,9484,2.7355762722969117,-,-,-,-
9031,9484,2.7355762722969117,-,-,-,-
9032,9484,2.7355762722969117,-,-,-,-
9033,9484,2.7355762722969117,-,-,-,-
9034,9484,2.7355762722969117,-,-,-,-
9035,9484,2.7355762722969117,-,-,-,-
9036,9484,2.7355762722969117,-,-,-,-
9037,9484,2.7355762722969117,-,-,-,-
9038,9484,2.7355762722969117,-,-,-,-
9039,9484,2.7355762722969117,-,-,-,-
9040,9484,2.7355762722969117,-,-,-,-
9041,9485,20.938110669290786,-,-,-,-
9042,9485,20.938110669290786,-,-,-,-
9043,9485,20.938110669290786,-,-,-,-
9044,9485,20.938110669290786,-,-,-,-
9045,9485,20.938110669290786,-,-,-,-
9046,9485,20.938110669290786,-,-,-,-
9047,9485,20.938110669290786,-,-,-,-
9048,9485,20.938110669290786,-,-,-,-
9049,9485,20.938110669290786,-,-,-,-
9050,9485,20.938110669290786,-,-,-,-
9051,9485,20.938110669290786,-,-,-,-
9052,9485,20.938110669290786,-,-,-,-
9053,9485,20.938110669290786,-,-,-,-
9054,9485,20.938110669290786,-,-,-,-
9055,9485,20.938110669290786,-,-,-,-
9056,9485,20.938110669290786,-,-,-,-
9057,9485,20.938110669290786,-,-,-,-
9058,9485,20.938110669290786,-,-,-,-
9059,9485,20.938110669290786,-,-,-,-
9060,9485,20.938110669290786,-,-,-,-
9061,9485,20.938110669290786,-,-,-,-
9062,9485,20.938110669290786,-,-,-,-
9063,9485,20.938110669290786,-,-,-,-
9064,9485,20.938110669290786,-,-,-,-
9065,9485,20.938110669290786,-,-,-,-
9066,9485,20.938110669290786,-,-,-,-
9067,9485,20.938110669290786,-,-,-,-
9068,9485,20.938110669290786,-,-,-,-
9069,9485,20.938110669290786,-,-,-,-
9070,9485,20.938110669290786,-,-,-,-
9071,9485,20.938110669290786,-,-,-,-
9072,9485,20.938110669290786,-,-,-,-
9073,9485,20.938110669290786,-,-,-,-
9074,9485,20.938110669290786,-,-,-,-
9075,9485,20.938110669290786,-,-,-,-
9076,9485,20.938110669290786,-,-,-,-
9077,9485,20.938110669290786,-,-,-,-
9078,9485,20.938110669290786,-,-,-,-
9079,9485,20.938110669290786,-,-,-,-
9080,9485,20.938110669290786,-,-,-,-
9081,9485,20.938110669290786,-,-,-,-
9082,9485,20.938110669290786,-,-,-,-
9083,9485,20.938110669290786,-,-,-,-
9084,9485,20.938110669290786,-,-,-,-
9085,9485,20.938110669290786,-,-,-,-
9086,9485,20.938110669290786,-,-,-,-
9087,9485,20.938110669290786,-,-,-,-
9088,9485,20.938110669290786,-,-,-,-
9089,9485,20.938110669290786,-,-,-,-
9090,9485,20.938110669290786,-,-,-,-
9091,9485,20.938110669290786,-,-,-,-
9092,9485,20.938110669290786,-,-,-,-
9093,9485,20.938110669290786,-,-,-,-
9094,9485,20.938110669290786,-,-,-,-
9095,9485,20.938110669290786,-,-,-,-
9096,9485,20.938110669290786,-,-,-,-
9097,9485,20.938110669290786,-,-,-,-
9098,9485,20.938110669290786,-,-,-,-
9099,9485,20.938110669290786,-,-,-,-
9100,9485,20.938110669290786,-,-,-,-
9101,9485,20.938110669290786,-,-,-,-
9102,9485,20.938110669290786,-,-,-,-
9103,9485,20.938110669290786,-,-,-,-
9104,9485,20.938110669290786,-,-,-,-
9105,9485,20.938110669290786,-,-,-,-
9106,9485,20.938110669290786,-,-,-,-
9107,9485,20.938110669290786,-,-,-,-
9108,9485,20.938110669290786,-,-,-,-
9109,9485,20.938110669290786,-,-,-,-
9110,9485,20.938110669290786,-,-,-,-
9111,9485,20.938110669290786,-,-,-,-
9112,9485,20.938110669290786,-,-,-,-
9113,9485,20.938110669290786,-,-,-,-
9114,9485,20.938110669290786,-,-,-,-
9115,9485,20.938110669290786,-,-,-,-
9116,9485,3.5728546421004097,-,-,-,-
9117,9485,3.5728546421004097,-,-,-,-
9118,9485,3.5728546421004097,-,-,-,-
9119,9485,3.5728546421004097,-,-,-,-
9120,9485,3.5728546421004097,-,-,-,-
9121,9485,3.5728546421004097,-,-,-,-
9122,9485,3.5728546421004097,-,-,-,-
9123,9485,3.5728546421004097,-,-,-,-
9124,9485,3.5728546421004097,-,-,-,-
9125,9485,3.5728546421004097,-,-,-,-
9126,9485,3.5728546421004097,-,-,-,-
9127,9485,3.5728546421004097,-,-,-,-
9128,9485,3.5728546421004097,-,-,-,-
9129,9485,3.5728546421004097,-,-,-,-
9130,9485,3.5728546421004097,-,-,-,-
9131,9485,3.5728546421004097,-,-,-,-
9132,9485,3.5728546421004097,-,-,-,-
9133,9485,3.5728546421004097,-,-,-,-
9134,9485,3.5728546421004097,-,-,-,-
9135,9485,3.5728546421004097,-,-,-,-
9136,9485,3.5728546421004097,-,-,-,-
9137,9485,3.5728546421004097,-,-,-,-
9138,9485,3.5728546421004097,-,-,-,-
9139,9485,3.5728546421004097,-,-,-,-
9140,9485,3.5728546421004097,-,-,-,-
9141,9485,3.5728546421004097,-,-,-,-
9142,9485,3.5728546421004097,-,-,-,-
9143,9485,3.5728546421004097,-,-,-,-
9144,9485,3.5728546421004097,-,-,-,-
9145,9485,3.5728546421004097,-,-,-,-
9146,9485,3.5728546421004097,-,-,-,-
9147,9485,3.5728546421004097,-,-,-,-
9148,9485,3.5728546421004097,-,-,-,-
9149,9485,37.2172035057491,-,-,-,-
9150,9485,37.2172035057491,-,-,-,-
9151,9485,37.2172035057491,-,-,-,-
9152,9485,37.2172035057491,-,-,-,-
9153,9485,37.2172035057491,-,-,-,-
9154,9485,37.2172035057491,-,-,-,-
9155,9485,37.2172035057491,-,-,-,-
9156,9485,37.2172035057491,-,-,-,-
9157,9485,37.2172035057491,-,-,-,-
9158,9485,37.2172035057491,-,-,-,-
9159,9485,37.2172035057491,-,-,-,-
9160,9485,37.2172035057491,-,-,-,-
9161,9485,37.2172035057491,-,-,-,-
9162,9485,37.2172035057491,-,-,-,-
9163,9485,37.2172035057491,-,-,-,-
9164,9485,37.2172035057491,-,-,-,-
9165,9485,37.2172035057491,-,-,-,-
9166,9485,37.2172035057491,-,-,-,-
9167,9485,37.2172035057491,-,-,-,-
9168,9485,37.2172035057491,-,-,-,-
9169,9485,37.2172035057491,-,-,-,-
9170,9485,37.2172035057491,-,-,-,-
9171,9485,37.2172035057491,-,-,-,-
9172,9485,37.2172035057491,-,-,-,-
9173,9485,37.2172035057491,-,-,-,-
9174,9485,37.2172035057491,-,-,-,-
9175,9485,37.2172035057491,-,-,-,-
9176,9485,37.2172035057491,-,-,-,-
9177,9485,37.2172035057491,-,-,-,-
9178,9485,37.2172035057491,-,-,-,-
9179,9485,37.2172035057491,-,-,-,-
9180,9485,37.2172035057491,-,-,-,-
9181,9485,37.2172035057491,-,-,-,-
9182,9485,37.2172035057491,-,-,-,-
9183,9485,37.2172035057491,-,-,-,-
9184,9485,37.2172035057491,-,-,-,-
9185,9485,37.2172035057491,-,-,-,-
9186,9485,37.2172035057491,-,-,-,-
9187,9485,37.2172035057491,-,-,-,-
9188,9485,37.2172035057491,-,-,-,-
9189,9485,37.2172035057491,-,-,-,-
9190,9485,37.2172035057491,-,-,-,-
9191,9485,37.2172035057491,-,-,-,-
9192,9485,37.2172035057491,-,-,-,-
9193,9485,37.2172035057491,-,-,-,-
9194,9485,37.2172035057491,-,-,-,-
9195,9485,37.2172035057491,-,-,-,-
9196,9485,37.2172035057491,-,-,-,-
9197,9485,37.2172035057491,-,-,-,-
9198,9485,37.2172035057491,-,-,-,-
9199,9485,37.2172035057491,-,-,-,-
9200,9485,37.2172035057491,-,-,-,-
9201,9485,37.2172035057491,-,-,-,-
9202,9485,37.2172035057491,-,-,-,-
9203,9485,37.2172035057491,-,-,-,-
9204,9485,37.2172035057491,-,-,-,-
9205,9485,37.2172035057491,-,-,-,-
9206,9485,37.2172035057491,-,-,-,-
9207,9485,37.2172035057491,-,-,-,-
9208,9485,37.2172035057491,-,-,-,-
9209,9485,37.2172035057491,-,-,-,-
9210,9485,37.2172035057491,-,-,-,-
9211,9485,37.2172035057491,-,-,-,-
9212,9485,37.2172035057491,-,-,-,-
9213,9485,37.2172035057491,-,-,-,-
9214,9485,37.2172035057491,-,-,-,-
9215,9485,37.2172035057491,-,-,-,-
9216,9485,37.2172035057491,-,-,-,-
9217,9485,37.2172035057491,-,-,-,-
9218,9485,37.2172035057491,-,-,-,-
9219,9485,37.2172035057491,-,-,-,-
9220,9485,37.2172035057491,-,-,-,-
9221,9485,37.2172035057491,-,-,-,-
9222,9485,37.2172035057491,-,-,-,-
9223,9485,37.2172035057491,-,-,-,-
9224,9485,37.2172035057491,-,-,-,-
9225,9485,37.2172035057491,-,-,-,-
9226,9485,37.2172035057491,-,-,-,-
9227,9485,37.2172035057491,-,-,-,-
9228,9485,37.2172035057491,-,-,-,-
9229,9485,37.2172035057491,-,-,-,-
9230,9485,37.2172035057491,-,-,-,-
9231,9485,37.2172035057491,-,-,-,-
9232,9485,37.2172035057491,-,-,-,-
9233,9485,37.2172035057491,-,-,-,-
9234,9485,37.2172035057491,-,-,-,-
9235,9485,37.2172035057491,-,-,-,-
9236,9485,37.2172035057491,-,-,-,-
9237,9485,37.2172035057491,-,-,-,-
9238,9485,37.2172035057491,-,-,-,-
9239,9485,37.2172035057491,-,-,-,-
9240,9485,37.2172035057491,-,-,-,-
9241,9485,37.2172035057491,-,-,-,-
9242,9485,37.2172035057491,-,-,-,-
9243,9485,37.2172035057491,-,-,-,-
9244,9485,37.2172035057491,-,-,-,-
9245,9485,37.2172035057491,-,-,-,-
9246,9485,37.2172035057491,-,-,-,-
9247,9485,37.2172035057491,-,-,-,-
9248,9485,37.2172035057491,-,-,-,-
9249,9485,9.905202198039973,-,-,-,-
9250,9485,9.905202198039973,-,-,-,-
9251,9485,9.905202198039973,-,-,-,-
9252,9485,9.905202198039973,-,-,-,-
9253,9485,9.905202198039973,-,-,-,-
9254,9485,9.905202198039973,-,-,-,-
9255,9485,9.905202198039973,-,-,-,-
9256,9485,9.905202198039973,-,-,-,-
9257,9485,9.905202198039973,-,-,-,-
9258,9485,9.905202198039973,-,-,-,-
9259,9485,9.905202198039973,-,-,-,-
9260,9485,9.905202198039973,-,-,-,-
9261,9485,9.905202198039973,-,-,-,-
9262,9485,9.905202198039973,-,-,-,-
9263,9485,9.905202198039973,-,-,-,-
9264,9485,9.905202198039973,-,-,-,-
9265,9485,9.905202198039973,-,-,-,-
9266,9486,11.130447437432226,-,-,-,-
9267,9487,12.441186644488752,-,-,-,-
9268,9488,13.758443484337441,-,-,-,-
9269,9489,15.000951212497004,-,-,-,-
9270,9490,15.000951212497004,-,-,-,-
9271,9491,15.000951212497004,-,-,-,-
9272,9492,15.000951212497004,-,-,-,-
9273,9493,15.000951212497004,-,-,-,-
9274,9494,15.000951212497004,-,-,-,-
9275,9495,15.000951212497004,-,-,-,-
9276,9496,15.000951212497004,-,-,-,-
9277,9497,15.000951212497004,-,-,-,-
9278,9498,15.000951212497004,-,-,-,-
9279,9499,15.000951212497004,-,-,-,-
9280,9500,15.000951212497004,-,-,-,-
9281,9501,15.000951212497004,-,-,-,-
9282,9502,15.000951212497004,-,-,-,-
9283,9503,15.000951212497004,-,-,-,-
9284,9504,15.000951212497004,-,-,-,-
9285,9505,15.000951212497004,-,-,-,-
9286,9506,15.000951212497004,-,-,-,-
9287,9507,15.000951212497004,-,-,-,-
9288,9508,15.000951212497004,-,-,-,-
9289,9509,15.000951212497004,-,-,-,-
9290,9510,15.000951212497004,-,-,-,-
9291,9511,15.000951212497004,-,-,-,-
9292,9512,15.000951212497004,-,-,-,-
9293,9513,15.000951212497004,-,-,-,-
9294,9514,15.000951212497004,-,-,-,-
9295,9515,15.000951212497004,-,-,-,-
9296,9516,15.000951212497004,-,-,-,-
9297,9517,15.000951212497004,-,-,-,-
9298,9518,15.000951212497004,-,-,-,-
9299,9519,15.000951212497004,-,-,-,-
9300,9520,15.000951212497004,-,-,-,-
9301,9521,15.000951212497004,-,-,-,-
9302,9522,15.000951212497004,-,-,-,-
9303,9523,15.000951212497004,-,-,-,-
9304,9524,15.000951212497004,-,-,-,-
9305,9525,15.000951212497004,-,-,-,-
9306,9526,15.000951212497004,-,-,-,-
9307,9527,15.000951212497004,-,-,-,-
9308,9528,15.000951212497004,-,-,-,-
9309,9529,15.000951212497004,-,-,-,-
9310,9530,15.000951212497004,-,-,-,-
9311,9531,15.000951212497004,-,-,-,-
9312,9532,15.000951212497004,-,-,-,-
9313,9533,15.000951212497004,-,-,-,-
9314,9534,15.000951212497004,-,-,-,-
9315,9535,15.000951212497004,-,-,-,-
9316,9536,15.000951212497004,-,-,-,-
9317,9537,15.000951212497004,-,-,-,-
9318,9538,15.000951212497004,-,-,-,-
9319,9539,15.000951212497004,-,-,-,-
9320,9540,15.000951212497004,-,-,-,-
9321,9541,15.000951212497004,-,-,-,-
9322,9542,15.000951212497004,-,-,-,-
9323,9543,15.000951212497004,-,-,-,-
9323,9544,15.000951212497004,-,-,-,-
9323,9545,15.000951212497004,-,-,-,-
9323,9546,15.000951212497004,-,-,-,-
9323,9547,15.000951212497004,-,-,-,-
9323,9548,15.000951212497004,-,-,-,-
9323,9549,15.000951212497004,-,-,-,-
9323,9550,15.000951212497004,-,-,-,-
9323,9551,15.000951212497004,-,-,-,-
9323,9552,15.000951212497004,-,-,-,-
9323,9553,15.000951212497004,-,-,-,-
9323,9554,15.000951212497004,-,-,-,-
9323,9555,15.000951212497004,-,-,-,-
9323,9556,15.000951212497004,-,-,-,-
9323,9557,15.000951212497004,-,-,-,-
9323,9558,15.000951212497004,-,-,-,-
9323,9559,15.000951212497004,-,-,-,-
9323,9560,15.000951212497004,-,-,-,-
9323,9561,15.000951212497004,-,-,-,-
9323,9562,15.000951212497004,-,-,-,-
9323,9563,15.000951212497004,-,-,-,-
9323,9564,15.000951212497004,-,-,-,-
9323,9565,15.000951212497004,-,-,-,-
9323,9566,15.000951212497004,-,-,-,-
9323,9567,15.000951212497004,-,-,-,-
9323,9568,15.000951212497004,-,-,-,-
9323,9569,15.000951212497004,-,-,-,-
9323,9570,15.000951212497004,-,-,-,-
9323,9571,15.000951212497004,-,-,-,-
9323,9572,15.000951212497004,-,-,-,-
9323,9573,15.000951212497004,-,-,-,-
9323,9574,15.000951212497004,-,-,-,-
9323,9575,15.000951212497004,-,-,-,-
9323,9576,15.000951212497004,-,-,-,-
9323,9577,15.000951212497004,-,-,-,-
9323,9578,15.000951212497004,-,-,-,-
9323,9579,15.000951212497004,-,-,-,-
9323,9580,15.000951212497004,-,-,-,-
9323,9581,15.000951212497004,-,-,-,-
9323,9582,15.000951212497004,-,-,-,-
9323,9583,15.000951212497004,-,-,-,-
9323,9584,15.000951212497004,-,-,-,-
9323,9585,15.000951212497004,-,-,-,-
9323,9586,15.000951212497004,-,-,-,-
9323,9587,15.000951212497004,-,-,-,-
9323,9588,15.000951212497004,-,-,-,-
9323,9589,15.000951212497004,-,-,-,-
9323,9590,15.000951212497004,-,-,-,-
9323,9591,15.000951212497004,-,-,-,-
9323,9592,15.000951212497004,-,-,-,-
9323,9593,15.000951212497004,-,-,-,-
9323,9594,15.000951212497004,-,-,-,-
9323,9595,15.000951212497004,-,-,-,-
9323,9596,15.000951212497004,-,-,-,-
9323,9597,15.000951212497004,-,-,-,-
9323,9598,15.000951212497004,-,-,-,-
9323,9599,15.000951212497004,-,-,-,-
9323,9600,15.000951212497004,-,-,-,-
9323,9601,15.000951212497004,-,-,-,-
9323,9602,15.000951212497004,-,-,-,-
9323,9603,15.000951212497004,-,-,-,-
9323,9604,15.000951212497004,-,-,-,-
9323,9605,15.000951212497004,-,-,-,-
9323,9606,15.000951212497004,-,-,-,-
9323,9607,15.000951212497004,-,-,-,-
9323,9608,15.000951212497004,-,-,-,-
9323,9609,15.000951212497004,-,-,-,-
9323,9610,15.000951212497004,-,-,-,-
9323,9611,15.000951212497004,-,-,-,-
9323,9612,15.000951212497004,-,-,-,-
9323,9613,15.000951212497004,-,-,-,-
9323,9614,15.000951212497004,-,-,-,-
9323,9615,15.000951212497004,-,-,-,-
9323,9616,15.000951212497004,-,-,-,-
9323,9617,15.000951212497004,-,-,-,-
9323,9618,15.000951212497004,-,-,-,-
9323,9619,15.000951212497004,-,-,-,-
9323,9620,15.000951212497004,-,-,-,-
9323,9621,15.000951212497004,-,-,-,-
9323,9622,15.000951212497004,-,-,-,-
9323,9623,15.000951212497004,-,-,-,-
9323,9624,15.000951212497004,-,-,-,-
9323,9625,15.000951212497004,-,-,-,-
9323,9626,15.000951212497004,-,-,-,-
9323,9627,15.000951212497004,-,-,-,-
9323,9628,15.000951212497004,-,-,-,-
9323,9629,15.000951212497004,-,-,-,-
9323,9630,15.000951212497004,-,-,-,-
9323,9631,15.000951212497004,-,-,-,-
9323,9632,15.000951212497004,-,-,-,-
9323,9633,15.000951212497004,-,-,-,-
9323,9634,15.000951212497004,-,-,-,-
9323,9635,15.000951212497004,-,-,-,-
9323,9636,15.000951212497004,-,-,-,-
9323,9637,15.000951212497004,-,-,-,-
9323,9638,15.000951212497004,-,-,-,-
9323,9639,15.000951212497004,-,-,-,-
9323,9640,15.000951212497004,-,-,-,-
9323,9641,15.000951212497004,-,-,-,-
9323,9642,15.000951212497004,-,-,-,-
9323,9643,15.000951212497004,-,-,-,-
9323,9644,15.000951212497004,-,-,-,-
9323,9645,15.000951212497004,-,-,-,-
9323,9646,15.000951212497004,-,-,-,-
9323,9647,15.000951212497004,-,-,-,-
9323,9648,15.000951212497004,-,-,-,-
9323,9649,15.000951212497004,-,-,-,-
9323,9650,15.000951212497004,-,-,-,-
9323,9651,15.000951212497004,-,-,-,-
9324,9652,19.154919398211955,-,-,-,-
9325,9653,14.797485291927526,-,-,-,-
9326,9654,11.50838276220177,-,-,-,-
9327,9655,8.953171372205526,-,-,-,-
9328,9656,6.918371342670691,-,-,-,-
9329,9657,5.263569780304448,-,-,-,-
9330,9658,3.893577794302964,-,-,-,-
9331,9659,2.7418634955325785,-,-,-,-
9332,9660,1.7608776101045145,-,-,-,-
9333,9661,0.9157462133185432,-,-,-,-
9334,9662,0.18037816058582903,-,-,-,-
9335,9663,0.4651047254847929,-,-,-,-
9336,9664,1.036095769634474,-,-,-,-
9337,9665,1.036095769634474,-,-,-,-
9338,9666,1.036095769634474,-,-,-,-
9339,9667,1.036095769634474,-,-,-,-
9340,9668,1.036095769634474,-,-,-,-
9341,9669,1.036095769634474,-,-,-,-
9342,9670,1.036095769634474,-,-,-,-
9343,9671,1.036095769634474,-,-,-,-
9344,9672,1.036095769634474,-,-,-,-
9345,9673,1.036095769634474,-,-,-,-
9346,9674,1.036095769634474,-,-,-,-
9347,9675,1.036095769634474,-,-,-,-
9348,9676,1.036095769634474,-,-,-,-
9348,9677,1.036095769634474,-,-,-,-
9348,9678,1.036095769634474,-,-,-,-
9348,9679,1.036095769634474,-,-,-,-
9348,9680,1.036095769634474,-,-,-,-
9348,9681,1.036095769634474,-,-,-,-
9348,9682,1.036095769634474,-,-,-,-
9348,9683,1.036095769634474,-,-,-,-
9348,9684,1.036095769634474,-,-,-,-
9348,9685,1.036095769634474,-,-,-,-
9348,9686,1.036095769634474,-,-,-,-
9348,9687,1.036095769634474,-,-,-,-
9348,9688,1.036095769634474,-,-,-,-
9348,9689,1.036095769634474,-,-,-,-
9348,9690,1.036095769634474,-,-,-,-
9348,9691,1.036095769634474,-,-,-,-
9348,9692,1.036095769634474,-,-,-,-
9348,9693,1.036095769634474,-,-,-,-
9348,9694,1.036095769634474,-,-,-,-
9348,9695,1.036095769634474,-,-,-,-
9348,9696,1.036095769634474,-,-,-,-
9348,9697,1.036095769634474,-,-,-,-
9348,9698,1.036095769634474,-,-,-,-
9348,9699,1.036095769634474,-,-,-,-
9348,9700,1.036095769634474,-,-,-,-
9348,9701,1.036095769634474,-,-,-,-
9348,9702,1.036095769634474,-,-,-,-
9348,9703,1.036095769634474,-,-,-,-
9348,9704,1.036095769634474,-,-,-,-
9348,9705,1.036095769634474,-,-,-,-
9348,9706,1.036095769634474,-,-,-,-
9348,9707,1.036095769634474,-,-,-,-
9348,9708,1.036095769634474,-,-,-,-
9348,9709,1.036095769634474,-,-,-,-
9348,9710,1.036095769634474,-,-,-,-
9348,9711,1.036095769634474,-,-,-,-
9348,9712,1.036095769634474,-,-,-,-
9348,9713,1.036095769634474,-,-,-,-
9348,9714,1.036095769634474,-,-,-,-
9348,9715,1.036095769634474,-,-,-,-
9348,9716,1.036095769634474,-,-,-,-
9348,9717,1.036095769634474,-,-,-,-
9348,9718,1.036095769634474,-,-,-,-
9348,9719,1.036095769634474,-,-,-,-
9348,9720,1.036095769634474,-,-,-,-
9348,9721,1.036095769634474,-,-,-,-
9348,9722,1.036095769634474,-,-,-,-
9348,9723,1.036095769634474,-,-,-,-
9348,9724,1.036095769634474,-,-,-,-
9348,9725,1.036095769634474,-,-,-,-
9348,9726,1.036095769634474,-,-,-,-
9348,9727,1.036095769634474,-,-,-,-
9348,9728,1.036095769634474,-,-,-,-
9348,9729,1.036095769634474,-,-,-,-
9348,9730,1.036095769634474,-,-,-,-
9348,9731,1.036095769634474,-,-,-,-
9348,9732,1.036095769634474,-,-,-,-
9348,9733,1.036095769634474,-,-,-,-
9348,9734,1.036095769634474,-,-,-,-
9348,9735,1.036095769634474,-,-,-,-
9348,9736,1.036095769634474,-,-,-,-
9348,9737,1.036095769634474,-,-,-,-
9348,9738,1.036095769634474,-,-,-,-
9348,9739,1.036095769634474,-,-,-,-
9348,9740,1.036095769634474,-,-,-,-
9348,9741,1.036095769634474,-,-,-,-
9348,9742,1.036095769634474,-,-,-,-
9348,9743,1.036095769634474,-,-,-,-
9348,9744,1.036095769634474,-,-,-,-
9348,9745,1.036095769634474,-,-,-,-
9348,9746,1.036095769634474,-,-,-,-
9348,9747,1.036095769634474,-,-,-,-
9348,9748,1.036095769634474,-,-,-,-
9348,9749,1.036095769634474,-,-,-,-
9348,9750,1.036095769634474,-,-,-,-
9348,9751,1.036095769634474,-,-,-,-
9348,9752,1.036095769634474,-,-,-,-
9348,9753,1.036095769634474,-,-,-,-
9348,9754,1.036095769634474,-,-,-,-
9348,9755,1.036095769634474,-,-,-,-
9348,9756,1.036095769634474,-,-,-,-
9348,9757,1.036095769634474,-,-,-,-
9348,9758,1.036095769634474,-,-,-,-
9348,9759,1.036095769634474,-,-,-,-
9348,9760,1.036095769634474,-,-,-,-
9348,9761,1.036095769634474,-,-,-,-
9348,9762,1.036095769634474,-,-,-,-
9348,9763,1.036095769634474,-,-,-,-
9348,9764,1.036095769634474,-,-,-,-
9348,9765,1.036095769634474,-,-,-,-
9348,9766,1.036095769634474,-,-,-,-
9348,9767,1.036095769634474,-,-,-,-
9348,9768,1.036095769634474,-,-,-,-
9348,9769,1.036095769634474,-,-,-,-
9348,9770,1.036095769634474,-,-,-,-
9348,9771,1.036095769634474,-,-,-,-
9348,9772,1.036095769634474,-,-,-,-
9348,9773,1.036095769634474,-,-,-,-
9348,9774,1.036095769634474,-,-,-,-
9348,9775,1.036095769634474,-,-,-,-
9348,9776,1.036095769634474,-,-,-,-
9348,9777,1.036095769634474,-,-,-,-
9348,9778,1.036095769634474,-,-,-,-
9348,9779,1.036095769634474,-,-,-,-
9348,9780,1.036095769634474,-,-,-,-
9348,9781,1.036095769634474,-,-,-,-
9348,9782,1.036095769634474,-,-,-,-
9348,9783,1.036095769634474,-,-,-,-
9348,9784,1.036095769634474,-,-,-,-
9348,9785,1.036095769634474,-,-,-,-
9348,9786,1.036095769634474,-,-,-,-
9348,9787,1.036095769634474,-,-,-,-
9348,9788,1.036095769634474,-,-,-,-
9348,9789,1.036095769634474,-,-,-,-
9348,9790,1.036095769634474,-,-,-,-
9348,9791,1.036095769634474,-,-,-,-
9348,9792,1.036095769634474,-,-,-,-
9348,9793,1.036095769634474,-,-,-,-
9348,9794,1.036095769634474,-,-,-,-
9348,9795,1.036095769634474,-,-,-,-
9348,9796,1.036095769634474,-,-,-,-
9348,9797,1.036095769634474,-,-,-,-
9348,9798,1.036095769634474,-,-,-,-
9348,9799,1.036095769634474,-,-,-,-
9348,9800,1.036095769634474,-,-,-,-
9348,9801,1.036095769634474,-,-,-,-
9348,9802,1.036095769634474,-,-,-,-
9348,9803,1.036095769634474,-,-,-,-
9348,9804,1.036095769634474,-,-,-,-
9348,9805,1.036095769634474,-,-,-,-
9348,9806,1.036095769634474,-,-,-,-
9348,9807,1.036095769634474,-,-,-,-
9348,9808,1.036095769634474,-,-,-,-
9348,9809,1.036095769634474,-,-,-,-
9348,9810,1.036095769634474,-,-,-,-
9348,9811,1.036095769634474,-,-,-,-
9348,9812,1.036095769634474,-,-,-,-
9348,9813,1.036095769634474,-,-,-,-
9348,9814,1.036095769634474,-,-,-,-
9348,9815,1.036095769634474,-,-,-,-
9348,9816,1.036095769634474,-,-,-,-
9348,9817,1.036095769634474,-,-,-,-
9348,9818,1.036095769634474,-,-,-,-
9348,9819,1.036095769634474,-,-,-,-
9348,9820,1.036095769634474,-,-,-,-
9348,9821,1.036095769634474,-,-,-,-
9348,9822,1.036095769634474,-,-,-,-
9348,9823,1.036095769634474,-,-,-,-
9348,9824,1.036095769634474,-,-,-,-
9348,9825,1.036095769634474,-,-,-,-
9348,9826,1.036095769634474,-,-,-,-
9348,9827,1.036095769634474,-,-,-,-
9348,9828,1.036095769634474,-,-,-,-
9348,9829,1.036095769634474,-,-,-,-
9348,9830,1.036095769634474,-,-,-,-
9348,9831,1.036095769634474,-,-,-,-
9348,9832,1.036095769634474,-,-,-,-
9348,9833,1.036095769634474,-,-,-,-
9348,9834,1.036095769634474,-,-,-,-
9348,9835,1.036095769634474,-,-,-,-
9348,9836,1.036095769634474,-,-,-,-
9348,9837,1.036095769634474,-,-,-,-
9348,9838,1.036095769634474,-,-,-,-
9348,9839,1.036095769634474,-,-,-,-
9348,9840,1.036095769634474,-,-,-,-
9348,9841,1.036095769634474,-,-,-,-
9348,9842,1.036095769634474,-,-,-,-
9348,9843,1.036095769634474,-,-,-,-
9348,9844,1.036095769634474,-,-,-,-
9348,9845,1.036095769634474,-,-,-,-
9348,9846,1.036095769634474,-,-,-,-
9348,9847,1.036095769634474,-,-,-,-
9348,9848,1.036095769634474,-,-,-,-
9348,9849,1.036095769634474,-,-,-,-
9348,9850,1.036095769634474,-,-,-,-
9348,9851,1.036095769634474,-,-,-,-
9348,9852,1.036095769634474,-,-,-,-
9348,9853,1.036095769634474,-,-,-,-
9348,9854,1.036095769634474,-,-,-,-
9348,9855,1.036095769634474,-,-,-,-
9348,9856,1.036095769634474,-,-,-,-
9348,9857,1.036095769634474,-,-,-,-
9348,9858,1.036095769634474,-,-,-,-
9348,9859,1.036095769634474,-,-,-,-
9348,9860,1.036095769634474,-,-,-,-
9348,9861,1.036095769634474,-,-,-,-
9348,9862,1.036095769634474,-,-,-,-
9348,9863,1.036095769634474,-,-,-,-
9348,9864,1.036095769634474,-,-,-,-
9348,9865,1.036095769634474,-,-,-,-
9348,9866,1.036095769634474,-,-,-,-
9348,9867,1.036095769634474,-,-,-,-
9348,9868,1.036095769634474,-,-,-,-
9348,9869,1.036095769634474,-,-,-,-
9348,9870,1.036095769634474,-,-,-,-
9348,9871,1.036095769634474,-,-,-,-
9348,9872,1.036095769634474,-,-,-,-
9348,9873,1.036095769634474,-,-,-,-
9348,9874,1.036095769634474,-,-,-,-
9348,9875,1.036095769634474,-,-,-,-
9348,9876,1.036095769634474,-,-,-,-
9348,9877,1.036095769634474,-,-,-,-
9348,9878,1.036095769634474,-,-,-,-
9348,9879,1.036095769634474,-,-,-,-
9348,9880,1.036095769634474,-,-,-,-
9348,9881,1.036095769634474,-,-,-,-
9348,9882,1.036095769634474,-,-,-,-
9348,9883,1.036095769634474,-,-,-,-
9348,9884,1.036095769634474,-,-,-,-
9348,9885,1.036095769634474,-,-,-,-
9348,9886,1.036095769634474,-,-,-,-
9348,9887,1.036095769634474,-,-,-,-
9348,9888,1.036095769634474,-,-,-,-
9348,9889,1.036095769634474,-,-,-,-
9348,9890,1.036095769634474,-,-,-,-
9348,9891,1.036095769634474,-,-,-,-
9348,9892,1.036095769634474,-,-,-,-
9348,9893,1.036095769634474,-,-,-,-
9348,9894,0.32992471042390625,-,-,-,-
9348,9895,0.4309714710255078,-,-,-,-
9348,9896,1.2529081592709557,-,-,-,-
9348,9897,2.143154558611527,-,-,-,-
9348,9898,3.110106781954652,-,-,-,-
9348,9899,4.163495608643449,-,-,-,-
9348,9900,5.314635492816614,-,-,-,-
9348,9901,6.5767218507530725,-,-,-,-
9348,9902,7.965182998878699,-,-,-,-
9348,9903,9.498088711332665,-,-,-,-
9348,9904,9.498088711332665,-,-,-,-
9348,9905,9.498088711332665,-,-,-,-
9348,9906,9.498088711332665,-,-,-,-
9348,9907,9.498088711332665,-,-,-,-
9348,9908,9.498088711332665,-,-,-,-
9348,9909,9.498088711332665,-,-,-,-
9348,9910,9.498088711332665,-,-,-,-
9348,9911,9.498088711332665,-,-,-,-
9348,9912,9.498088711332665,-,-,-,-
9348,9913,9.498088711332665,-,-,-,-
9348,9914,9.498088711332665,-,-,-,-
9348,9915,9.498088711332665,-,-,-,-
9348,9916,9.498088711332665,-,-,-,-
9348,9917,9.498088711332665,-,-,-,-
9348,9918,9.498088711332665,-,-,-,-
9348,9919,9.498088711332665,-,-,-,-
9348,9920,9.498088711332665,-,-,-,-
9348,9921,9.498088711332665,-,-,-,-
9348,9922,9.498088711332665,-,-,-,-
9348,9923,9.498088711332665,-,-,-,-
9348,9924,9.498088711332665,-,-,-,-
9348,9925,9.498088711332665,-,-,-,-
9348,9926,9.498088711332665,-,-,-,-
9348,9927,9.498088711332665,-,-,-,-
9348,9928,9.498088711332665,-,-,-,-
9348,9929,9.498088711332665,-,-,-,-
9348,9930,9.498088711332665,-,-,-,-
9348,9931,9.498088711332665,-,-,-,-
9348,9932,9.498088711332665,-,-,-,-
9348,9933,9.498088711332665,-,-,-,-
9348,9934,9.498088711332665,-,-,-,-
9348,9935,9.498088711332665,-,-,-,-
9348,9936,9.498088711332665,-,-,-,-
9348,9937,9.498088711332665,-,-,-,-
9348,9938,9.498088711332665,-,-,-,-
9348,9939,9.498088711332665,-,-,-,-
9348,9940,9.498088711332665,-,-,-,-
9348,9941,9.498088711332665,-,-,-,-
9348,9942,9.498088711332665,-,-,-,-
9348,9943,9.498088711332665,-,-,-,-
9348,9944,9.498088711332665,-,-,-,-
9348,9945,9.498088711332665,-,-,-,-
9348,9946,9.498088711332665,-,-,-,-
9348,9947,9.498088711332665,-,-,-,-
9348,9948,9.498088711332665,-,-,-,-
9348,9949,9.498088711332665,-,-,-,-
9348,9950,9.498088711332665,-,-,-,-
9348,9951,9.498088711332665,-,-,-,-
9348,9952,9.498088711332665,-,-,-,-
9348,9953,9.498088711332665,-,-,-,-
9348,9954,9.498088711332665,-,-,-,-
9348,9955,9.498088711332665,-,-,-,-
9348,9956,9.498088711332665,-,-,-,-
9348,9957,9.498088711332665,-,-,-,-
9348,9958,9.498088711332665,-,-,-,-
9348,9959,9.498088711332665,-,-,-,-
9348,9960,9.498088711332665,-,-,-,-
9348,9961,9.498088711332665,-,-,-,-
9348,9962,9.498088711332665,-,-,-,-
9348,9963,9.498088711332665,-,-,-,-
9348,9964,9.498088711332665,-,-,-,-
9348,9965,9.498088711332665,-,-,-,-
9348,9966,9.498088711332665,-,-,-,-
9348,9967,9.498088711332665,-,-,-,-
9348,9968,9.498088711332665,-,-,-,-
9348,9969,9.498088711332665,-,-,-,-
9348,9970,9.498088711332665,-,-,-,-
9348,9971,9.498088711332665,-,-,-,-
9348,9972,9.498088711332665,-,-,-,-
9348,9973,9.498088711332665,-,-,-,-
9348,9974,9.498088711332665,-,-,-,-
9348,9975,9.498088711332665,-,-,-,-
9348,9976,9.498088711332665,-,-,-,-
9348,9977,9.498088711332665,-,-,-,-
9348,9978,9.498088711332665,-,-,-,-
9348,9979,9.498088711332665,-,-,-,-
9348,9980,9.498088711332665,-,-,-,-
9348,9981,9.498088711332665,-,-,-,-
9348,9982,9.498088711332665,-,-,-,-
9348,9983,9.498088711332665,-,-,-,-
9348,9984,9.498088711332665,-,-,-,-
9348,9985,9.498088711332665,-,-,-,-
9348,9986,9.498088711332665,-,-,-,-
9348,9987,9.498088711332665,-,-,-,-
9348,9988,9.498088711332665,-,-,-,-
9348,9989,9.498088711332665,-,-,-,-
9348,9990,9.498088711332665,-,-,-,-
9348,9991,9.498088711332665,-,-,-,-
9348,9992,9.498088711332665,-,-,-,-
9348,9993,9.498088711332665,-,-,-,-
9348,9994,9.498088711332665,-,-,-,-
9348,9995,9.498088711332665,-,-,-,-
9348,9996,9.498088711332665,-,-,-,-
9348,9997,9.498088711332665,-,-,-,-
9348,9998,9.498088711332665,-,-,-,-
9348,9999,9.498088711332665,-,-,-,-
9348,10000,9.498088711332665,-,-,-,-
9348,10001,9.498088711332665,-,-,-,-
9348,10002,9.498088711332665,-,-,-,-
9348,10003,9.498088711332665,-,-,-,-
9348,10004,9.498088711332665,-,-,-,-
9348,10005,9.498088711332665,-,-,-,-
9348,10006,9.498088711332665,-,-,-,-
9348,10007,9.498088711332665,-,-,-,-
9348,10008,9.498088711332665,-,-,-,-
9348,10009,9.498088711332665,-,-,-,-
9348,10010,9.498088711332665,-,-,-,-
9348,10011,9.498088711332665,-,-,-,-
9348,10012,9.498088711332665,-,-,-,-
9348,10013,9.498088711332665,-,-,-,-
9348,10014,9.498088711332665,-,-,-,-
9348,10015,9.498088711332665,-,-,-,-
9348,10016,9.498088711332665,-,-,-,-
9348,10017,9.498088711332665,-,-,-,-
9348,10018,9.498088711332665,-,-,-,-
9348,10019,9.498088711332665,-,-,-,-
9348,10020,9.498088711332665,-,-,-,-
9348,10021,9.498088711332665,-,-,-,-
9348,10022,9.498088711332665,-,-,-,-
9348,10023,9.498088711332665,-,-,-,-
9348,10024,9.498088711332665,-,-,-,-
9348,10025,9.498088711332665,-,-,-,-
9348,10026,9.498088711332665,-,-,-,-
9348,10027,9.498088711332665,-,-,-,-
9348,10028,9.498088711332665,-,-,-,-
9348,10029,9.498088711332665,-,-,-,-
9348,10030,9.498088711332665,-,-,-,-
9348,10031,9.498088711332665,-,-,-,-
9348,10032,9.498088711332665,-,-,-,-
9348,10033,9.498088711332665,-,-,-,-
9348,10034,9.498088711332665,-,-,-,-
9348,10035,9.498088711332665,-,-,-,-
9348,10036,9.498088711332665,-,-,-,-
9348,10037,9.498088711332665,-,-,-,-
9348,10038,9.498088711332665,-,-,-,-
9348,10039,9.498088711332665,-,-,-,-
9348,10040,9.498088711332665,-,-,-,-
9348,10041,9.498088711332665,-,-,-,-
9348,10042,9.498088711332665,-,-,-,-
9348,10043,9.498088711332665,-,-,-,-
9348,10044,9.498088711332665,-,-,-,-
9348,10045,9.498088711332665,-,-,-,-
9348,10046,9.498088711332665,-,-,-,-
9348,10047,9.498088711332665,-,-,-,-
9348,10048,9.498088711332665,-,-,-,-
9348,10049,9.498088711332665,-,-,-,-
9348,10050,9.498088711332665,-,-,-,-
9348,10051,9.498088711332665,-,-,-,-
9348,10052,9.498088711332665,-,-,-,-
9348,10053,9.498088711332665,-,-,-,-
9348,10054,9.498088711332665,-,-,-,-
9348,10055,9.498088711332665,-,-,-,-
9348,10056,9.498088711332665,-,-,-,-
9348,10057,9.498088711332665,-,-,-,-
9348,10058,9.498088711332665,-,-,-,-
9348,10059,9.498088711332665,-,-,-,-
9348,10060,9.498088711332665,-,-,-,-
9348,10061,9.498088711332665,-,-,-,-
9348,10062,9.498088711332665,-,-,-,-
9348,10063,9.498088711332665,-,-,-,-
9348,10064,9.498088711332665,-,-,-,-
9348,10065,9.498088711332665,-,-,-,-
9348,10066,9.498088711332665,-,-,-,-
9348,10067,9.498088711332665,-,-,-,-
9348,10068,9.498088711332665,-,-,-,-
9348,10069,9.498088711332665,-,-,-,-
9348,10070,9.498088711332665,-,-,-,-
9348,10071,9.498088711332665,-,-,-,-
9348,10072,9.498088711332665,-,-,-,-
9348,10073,9.498088711332665,-,-,-,-
9348,10074,9.498088711332665,-,-,-,-
9348,10075,9.498088711332665,-,-,-,-
9348,10076,9.498088711332665,-,-,-,-
9348,10077,9.498088711332665,-,-,-,-
9348,10078,9.498088711332665,-,-,-,-
9348,10079,9.498088711332665,-,-,-,-
9348,10080,9.498088711332665,-,-,-,-
9348,10081,9.498088711332665,-,-,-,-
9348,10082,9.498088711332665,-,-,-,-
9348,10083,9.498088711332665,-,-,-,-
9348,10084,9.498088711332665,-,-,-,-
9348,10085,9.498088711332665,-,-,-,-
9348,10086,9.498088711332665,-,-,-,-
9348,10087,9.498088711332665,-,-,-,-
9348,10088,9.498088711332665,-,-,-,-
9348,10089,9.498088711332665,-,-,-,-
9348,10090,9.498088711332665,-,-,-,-
9348,10091,9.498088711332665,-,-,-,-
9348,10092,9.498088711332665,-,-,-,-
9348,10093,9.498088711332665,-,-,-,-
9348,10094,9.498088711332665,-,-,-,-
9348,10095,9.498088711332665,-,-,-,-
9348,10096,9.498088711332665,-,-,-,-
9348,10097,9.498088711332665,-,-,-,-
9348,10098,9.498088711332665,-,-,-,-
9348,10099,9.498088711332665,-,-,-,-
9348,10100,9.498088711332665,-,-,-,-
9348,10101,9.498088711332665,-,-,-,-
9348,10102,9.498088711332665,-,-,-,-
9348,10103,9.498088711332665,-,-,-,-
9348,10104,9.498088711332665,-,-,-,-
9348,10105,9.498088711332665,-,-,-,-
9348,10106,9.498088711332665,-,-,-,-
9348,10107,9.498088711332665,-,-,-,-
9348,10108,9.498088711332665,-,-,-,-
9348,10109,9.498088711332665,-,-,-,-
9348,10110,9.498088711332665,-,-,-,-
9348,10111,9.498088711332665,-,-,-,-
9348,10112,9.498088711332665,-,-,-,-
9348,10113,9.498088711332665,-,-,-,-
9348,10114,9.498088711332665,-,-,-,-
9348,10115,9.498088711332665,-,-,-,-
9348,10116,9.498088711332665,-,-,-,-
9348,10117,9.498088711332665,-,-,-,-
9348,10118,9.498088711332665,-,-,-,-
9348,10119,9.498088711332665,-,-,-,-
9348,10120,9.498088711332665,-,-,-,-
9348,10121,9.498088711332665,-,-,-,-
9348,10122,9.498088711332665,-,-,-,-
9348,10123,9.498088711332665,-,-,-,-
9348,10124,9.498088711332665,-,-,-,-
9348,10125,9.498088711332665,-,-,-,-
9348,10126,9.498088711332665,-,-,-,-
9348,10127,9.498088711332665,-,-,-,-
9348,10128,9.498088711332665,-,-,-,-
9348,10129,9.498088711332665,-,-,-,-
9348,10130,9.498088711332665,-,-,-,-
9348,10131,9.498088711332665,-,-,-,-
9348,10132,9.498088711332665,-,-,-,-
9348,10133,9.498088711332665,-,-,-,-
9348,10134,9.498088711332665,-,-,-,-
9348,10135,9.498088711332665,-,-,-,-
9348,10136,9.498088711332665,-,-,-,-
9348,10137,9.498088711332665,-,-,-,-
9348,10138,9.498088711332665,-,-,-,-
9348,10139,9.498088711332665,-,-,-,-
9348,10140,9.498088711332665,-,-,-,-
9348,10141,9.498088711332665,-,-,-,-
9348,10142,9.498088711332665,-,-,-,-
9348,10143,9.498088711332665,-,-,-,-
9348,10144,9.498088711332665,-,-,-,-
9348,10145,9.498088711332665,-,-,-,-
9348,10146,9.498088711332665,-,-,-,-
9348,10147,9.498088711332665,-,-,-,-
9348,10148,9.498088711332665,-,-,-,-
9348,10149,9.498088711332665,-,-,-,-
9348,10150,9.498088711332665,-,-,-,-
9348,10151,9.498088711332665,-,-,-,-
9348,10152,9.498088711332665,-,-,-,-
9348,10153,9.498088711332665,-,-,-,-
9348,10154,9.498088711332665,-,-,-,-
9348,10155,9.498088711332665,-,-,-,-
9348,10156,9.498088711332665,-,-,-,-
9348,10157,9.498088711332665,-,-,-,-
9348,10158,9.498088711332665,-,-,-,-
9348,10159,9.498088711332665,-,-,-,-
9348,10160,9.498088711332665,-,-,-,-
9348,10161,9.498088711332665,-,-,-,-
9348,10162,9.498088711332665,-,-,-,-
9348,10163,9.498088711332665,-,-,-,-
9348,10164,9.498088711332665,-,-,-,-
9348,10165,9.498088711332665,-,-,-,-
9348,10166,9.498088711332665,-,-,-,-
9348,10167,9.498088711332665,-,-,-,-
9348,10168,9.498088711332665,-,-,-,-
9348,10169,9.498088711332665,-,-,-,-
9348,10170,9.498088711332665,-,-,-,-
9348,10171,9.498088711332665,-,-,-,-
9348,10172,9.498088711332665,-,-,-,-
9348,10173,9.498088711332665,-,-,-,-
9348,10174,9.498088711332665,-,-,-,-
9348,10175,9.498088711332665,-,-,-,-
9348,10176,9.498088711332665,-,-,-,-
9348,10177,9.498088711332665,-,-,-,-
9348,10178,9.498088711332665,-,-,-,-
9348,10179,9.498088711332665,-,-,-,-
9348,10180,9.498088711332665,-,-,-,-
9348,10181,9.498088711332665,-,-,-,-
9348,10182,9.498088711332665,-,-,-,-
9348,10183,9.498088711332665,-,-,-,-
9348,10184,9.498088711332665,-,-,-,-
9348,10185,9.498088711332665,-,-,-,-
9348,10186,9.498088711332665,-,-,-,-
9348,10187,9.498088711332665,-,-,-,-
9348,10188,9.498088711332665,-,-,-,-
9348,10189,9.498088711332665,-,-,-,-
9348,10190,9.498088711332665,-,-,-,-
9348,10191,9.498088711332665,-,-,-,-
9348,10192,9.498088711332665,-,-,-,-
9348,10193,9.498088711332665,-,-,-,-
9348,10194,9.498088711332665,-,-,-,-
9348,10195,9.498088711332665,-,-,-,-
9348,10196,9.498088711332665,-,-,-,-
9348,10197,9.498088711332665,-,-,-,-
9348,10198,9.498088711332665,-,-,-,-
9348,10199,9.498088711332665,-,-,-,-
9348,10200,9.498088711332665,-,-,-,-
9348,10201,9.498088711332665,-,-,-,-
9348,10202,9.498088711332665,-,-,-,-
9348,10203,9.498088711332665,-,-,-,-
9348,10204,9.498088711332665,-,-,-,-
9348,10205,9.498088711332665,-,-,-,-
9348,10206,9.498088711332665,-,-,-,-
9348,10207,9.498088711332665,-,-,-,-
9348,10208,9.498088711332665,-,-,-,-
9349,10209,17.10104775008833,-,-,-,-
9350,10210,17.10104775008833,-,-,-,-
9351,10211,17.10104775008833,-,-,-,-
9352,10212,17.10104775008833,-,-,-,-
9353,10213,17.10104775008833,-,-,-,-
9354,10214,17.10104775008833,-,-,-,-
9355,10215,17.10104775008833,-,-,-,-
9356,10216,17.10104775008833,-,-,-,-
9357,10217,17.10104775008833,-,-,-,-
9358,10218,17.10104775008833,-,-,-,-
9359,10219,17.10104775008833,-,-,-,-
9360,10220,17.10104775008833,-,-,-,-
9361,10221,17.10104775008833,-,-,-,-
9362,10222,17.10104775008833,-,-,-,-
9363,10223,17.10104775008833,-,-,-,-
9364,10224,17.10104775008833,-,-,-,-
9365,10225,17.10104775008833,-,-,-,-
9366,10226,17.10104775008833,-,-,-,-
9367,10227,17.10104775008833,-,-,-,-
9368,10228,17.10104775008833,-,-,-,-
9369,10229,17.10104775008833,-,-,-,-
9370,10230,17.10104775008833,-,-,-,-
9371,10231,17.10104775008833,-,-,-,-
9372,10232,17.10104775008833,-,-,-,-
9373,10233,17.10104775008833,-,-,-,-
9374,10234,17.10104775008833,-,-,-,-
9375,10235,17.10104775008833,-,-,-,-
9376,10236,17.10104775008833,-,-,-,-
9377,10237,17.10104775008833,-,-,-,-
9378,10238,17.10104775008833,-,-,-,-
9379,10239,17.10104775008833,-,-,-,-
9380,10240,17.10104775008833,-,-,-,-
9381,10241,17.10104775008833,-,-,-,-
9382,10242,17.10104775008833,-,-,-,-
9383,10243,17.10104775008833,-,-,-,-
9384,10244,17.10104775008833,-,-,-,-
9385,10245,17.10104775008833,-,-,-,-
9386,10246,17.10104775008833,-,-,-,-
9387,10247,17.10104775008833,-,-,-,-
9388,10248,17.10104775008833,-,-,-,-
9389,10249,17.10104775008833,-,-,-,-
9390,10250,17.10104775008833,-,-,-,-
9391,10251,17.10104775008833,-,-,-,-
9392,10252,17.10104775008833,-,-,-,-
9393,10253,17.10104775008833,-,-,-,-
9394,10254,17.10104775008833,-,-,-,-
9395,10255,17.10104775008833,-,-,-,-
9396,10256,17.10104775008833,-,-,-,-
9397,10257,17.10104775008833,-,-,-,-
9398,10258,17.10104775008833,-,-,-,-
9399,10259,17.10104775008833,-,-,-,-
9400,10260,17.10104775008833,-,-,-,-
9401,10261,17.10104775008833,-,-,-,-
9402,10262,17.10104775008833,-,-,-,-
9403,10263,17.10104775008833,-,-,-,-
9404,10264,17.10104775008833,-,-,-,-
9405,10265,17.10104775008833,-,-,-,-
9406,10266,17.10104775008833,-,-,-,-
9407,10267,17.10104775008833,-,-,-,-
9408,10268,17.10104775008833,-,-,-,-
9409,10269,17.10104775008833,-,-,-,-
9410,10270,17.10104775008833,-,-,-,-
9411,10271,17.10104775008833,-,-,-,-
9412,10272,17.10104775008833,-,-,-,-
9413,10273,17.10104775008833,-,-,-,-
9414,10274,17.10104775008833,-,-,-,-
9415,10275,17.10104775008833,-,-,-,-
9416,10276,17.10104775008833,-,-,-,-
9417,10277,17.10104775008833,-,-,-,-
9418,10278,12.69761110819327,-,-,-,-
9419,10279,7.466685506133968,-,-,-,-
9420,10280,1.266591618734695,-,-,-,-
9421,10280,1.266591618734695,-,-,-,-
9422,10280,1.266591618734695,-,-,-,-
9423,10280,1.266591618734695,-,-,-,-
9424,10280,1.266591618734695,-,-,-,-
9425,10280,1.266591618734695,-,-,-,-
9426,10280,1.266591618734695,-,-,-,-
9427,10280,1.266591618734695,-,-,-,-
9428,10280,1.266591618734695,-,-,-,-
9429,10280,1.266591618734695,-,-,-,-
9430,10280,1.266591618734695,-,-,-,-
9431,10280,1.266591618734695,-,-,-,-
9432,10280,1.266591618734695,-,-,-,-
9433,10280,1.266591618734695,-,-,-,-
9434,10280,1.266591618734695,-,-,-,-
9435,10280,1.266591618734695,-,-,-,-
9436,10280,1.266591618734695,-,-,-,-
9437,10280,1.266591618734695,-,-,-,-
9438,10280,1.266591618734695,-,-,-,-
9439,10280,1.266591618734695,-,-,-,-
9440,10280,1.266591618734695,-,-,-,-
9441,10280,1.266591618734695,-,-,-,-
9442,10280,1.266591618734695,-,-,-,-
9443,10280,1.266591618734695,-,-,-,-
9444,10280,1.266591618734695,-,-,-,-
9445,10280,1.266591618734695,-,-,-,-
9446,10281,6.009142180769841,-,-,-,-
9447,10282,14.368482925941837,-,-,-,-
9448,10283,23.64317079321935,-,-,-,-
9449,10284,23.941398181995044,-,-,-,-
9450,10285,14.15237358237293,-,-,-,-
9451,10286,4.917122140422194,-,-,-,-
9452,10287,3.388851052398658,-,-,-,-
9453,10287,3.388851052398658,-,-,-,-
9454,10287,3.388851052398658,-,-,-,-
9455,10287,3.388851052398658,-,-,-,-
9456,10287,3.388851052398658,-,-,-,-
9457,10287,3.388851052398658,-,-,-,-
9458,10287,3.388851052398658,-,-,-,-
9459,10287,3.388851052398658,-,-,-,-
9460,10287,3.388851052398658,-,-,-,-
9461,10287,3.388851052398658,-,-,-,-
9462,10287,3.388851052398658,-,-,-,-
9463,10287,3.388851052398658,-,-,-,-
9464,10287,3.388851052398658,-,-,-,-
9465,10287,3.388851052398658,-,-,-,-
9466,10287,3.388851052398658,-,-,-,-
9467,10287,3.388851052398658,-,-,-,-
9468,10287,3.388851052398658,-,-,-,-
9469,10287,3.388851052398658,-,-,-,-
9470,10287,3.388851052398658,-,-,-,-
9471,10287,3.388851052398658,-,-,-,-
9472,10287,3.388851052398658,-,-,-,-
9473,10287,3.388851052398658,-,-,-,-
9474,10287,3.388851052398658,-,-,-,-
9475,10287,3.388851052398658,-,-,-,-
9476,10287,3.388851052398658,-,-,-,-
9477,10287,3.388851052398658,-,-,-,-
9478,10287,3.388851052398658,-,-,-,-
9479,10287,3.388851052398658,-,-,-,-
9480,10288,10.607967422641682,-,-,-,-
9481,10289,16.755162594320105,-,-,-,-
9482,10290,21.940028493454076,-,-,-,-
9483,10291,26.231735145787347,-,-,-,-
9484,10292,22.546872243037523,-,-,-,-
9485,10293,19.41890863335774,-,-,-,-
9486,10294,16.745474831201324,-,-,-,-
9487,10295,14.443663298745399,-,-,-,-
9488,10296,12.447113692342423,-,-,-,-
9489,10297,10.702888244835579,-,-,-,-
9490,10298,9.168694668031252,-,-,-,-
9491,10299,7.810602008187906,-,-,-,-
9492,10300,7.810602008187906,-,-,-,-
9493,10301,7.810602008187906,-,-,-,-
9494,10302,7.810602008187906,-,-,-,-
9495,10303,7.810602008187906,-,-,-,-
9496,10304,7.810602008187906,-,-,-,-
9497,10305,7.810602008187906,-,-,-,-
9498,10306,7.810602008187906,-,-,-,-
9499,10307,7.810602008187906,-,-,-,-
9500,10308,7.810602008187906,-,-,-,-
9501,10309,7.810602008187906,-,-,-,-
9502,10310,7.810602008187906,-,-,-,-
9503,10311,7.810602008187906,-,-,-,-
9504,10312,7.810602008187906,-,-,-,-
9505,10313,7.810602008187906,-,-,-,-
9506,10314,7.810602008187906,-,-,-,-
9507,10315,7.810602008187906,-,-,-,-
9508,10316,7.810602008187906,-,-,-,-
9509,10317,7.810602008187906,-,-,-,-
9510,10318,7.810602008187906,-,-,-,-
9511,10319,7.810602008187906,-,-,-,-
9512,10320,7.810602008187906,-,-,-,-
9513,10321,7.810602008187906,-,-,-,-
9514,10322,7.810602008187906,-,-,-,-
9515,10323,7.810602008187906,-,-,-,-
9516,10324,7.810602008187906,-,-,-,-
9517,10325,7.810602008187906,-,-,-,-
9518,10326,7.810602008187906,-,-,-,-
9519,10327,7.810602008187906,-,-,-,-
9520,10328,7.810602008187906,-,-,-,-
9521,10329,7.810602008187906,-,-,-,-
9522,10330,7.810602008187906,-,-,-,-
9523,10331,7.810602008187906,-,-,-,-
9524,10332,7.810602008187906,-,-,-,-
9525,10333,7.810602008187906,-,-,-,-
9526,10334,7.810602008187906,-,-,-,-
9527,10335,7.810602008187906,-,-,-,-
9528,10336,7.810602008187906,-,-,-,-
9529,10337,7.810602008187906,-,-,-,-
9530,10338,7.810602008187906,-,-,-,-
9531,10339,7.810602008187906,-,-,-,-
9532,10340,7.810602008187906,-,-,-,-
9533,10341,7.810602008187906,-,-,-,-
9534,10342,7.810602008187906,-,-,-,-
9535,10343,7.810602008187906,-,-,-,-
9536,10344,7.810602008187906,-,-,-,-
9537,10345,7.810602008187906,-,-,-,-
9538,10346,7.810602008187906,-,-,-,-
9539,10347,7.810602008187906,-,-,-,-
9540,10348,7.810602008187906,-,-,-,-
9541,10349,7.810602008187906,-,-,-,-
9542,10350,7.810602008187906,-,-,-,-
9543,10351,7.810602008187906,-,-,-,-
9544,10352,7.810602008187906,-,-,-,-
9545,10353,7.810602008187906,-,-,-,-
9546,10354,7.810602008187906,-,-,-,-
9547,10355,7.810602008187906,-,-,-,-
9548,10356,7.810602008187906,-,-,-,-
9549,10357,7.810602008187906,-,-,-,-
9550,10358,7.810602008187906,-,-,-,-
9551,10359,7.810602008187906,-,-,-,-
9552,10360,7.810602008187906,-,-,-,-
9553,10361,7.810602008187906,-,-,-,-
9554,10362,7.810602008187906,-,-,-,-
9555,10363,7.810602008187906,-,-,-,-
9556,10364,7.810602008187906,-,-,-,-
9557,10365,7.810602008187906,-,-,-,-
9558,10366,7.810602008187906,-,-,-,-
9559,10367,7.810602008187906,-,-,-,-
9560,10368,7.810602008187906,-,-,-,-
9561,10369,7.810602008187906,-,-,-,-
9562,10370,7.810602008187906,-,-,-,-
9563,10371,7.810602008187906,-,-,-,-
9564,10372,7.810602008187906,-,-,-,-
9565,10373,7.810602008187906,-,-,-,-
9566,10374,7.810602008187906,-,-,-,-
9567,10375,7.810602008187906,-,-,-,-
9568,10376,7.810602008187906,-,-,-,-
9569,10377,7.810602008187906,-,-,-,-
9570,10378,7.810602008187906,-,-,-,-
9571,10379,7.810602008187906,-,-,-,-
9572,10380,7.810602008187906,-,-,-,-
9573,10381,7.810602008187906,-,-,-,-
9574,10382,7.810602008187906,-,-,-,-
9575,10383,7.810602008187906,-,-,-,-
9576,10384,7.810602008187906,-,-,-,-
9577,10385,7.810602008187906,-,-,-,-
9578,10386,7.810602008187906,-,-,-,-
9579,10387,7.810602008187906,-,-,-,-
9580,10388,7.810602008187906,-,-,-,-
9581,10389,7.810602008187906,-,-,-,-
9582,10390,7.810602008187906,-,-,-,-
9583,10391,7.810602008187906,-,-,-,-
9584,10392,7.810602008187906,-,-,-,-
9585,10393,7.810602008187906,-,-,-,-
9586,10394,7.810602008187906,-,-,-,-
9587,10395,7.810602008187906,-,-,-,-
9588,10396,7.810602008187906,-,-,-,-
9589,10397,7.810602008187906,-,-,-,-
9590,10398,7.810602008187906,-,-,-,-
9591,10399,7.810602008187906,-,-,-,-
9592,10400,7.810602008187906,-,-,-,-
9593,10401,7.810602008187906,-,-,-,-
9594,10402,7.810602008187906,-,-,-,-
9595,10403,7.810602008187906,-,-,-,-
9596,10404,7.810602008187906,-,-,-,-
9597,10405,7.810602008187906,-,-,-,-
9598,10406,7.810602008187906,-,-,-,-
9599,10407,7.810602008187906,-,-,-,-
9600,10408,7.810602008187906,-,-,-,-
9601,10409,7.810602008187906,-,-,-,-
9602,10410,7.810602008187906,-,-,-,-
9603,10411,7.810602008187906,-,-,-,-
9604,10412,7.810602008187906,-,-,-,-
9605,10413,7.810602008187906,-,-,-,-
9606,10414,7.810602008187906,-,-,-,-
9607,10415,7.810602008187906,-,-,-,-
9608,10416,7.810602008187906,-,-,-,-
9609,10417,7.810602008187906,-,-,-,-
9610,10418,7.810602008187906,-,-,-,-
9611,10419,7.810602008187906,-,-,-,-
9612,10420,7.810602008187906,-,-,-,-
9613,10421,7.810602008187906,-,-,-,-
9614,10422,7.810602008187906,-,-,-,-
9615,10423,7.810602008187906,-,-,-,-
9616,10424,7.810602008187906,-,-,-,-
9617,10425,7.810602008187906,-,-,-,-
9618,10426,7.810602008187906,-,-,-,-
9619,10427,7.810602008187906,-,-,-,-
9620,10428,7.810602008187906,-,-,-,-
9621,10429,7.810602008187906,-,-,-,-
9622,10430,7.810602008187906,-,-,-,-
9623,10431,7.810602008187906,-,-,-,-
9624,10432,7.810602008187906,-,-,-,-
9625,10433,7.810602008187906,-,-,-,-
9626,10434,7.810602008187906,-,-,-,-
9627,10435,7.810602008187906,-,-,-,-
9628,10436,7.810602008187906,-,-,-,-
9629,10437,7.810602008187906,-,-,-,-
9630,10438,7.810602008187906,-,-,-,-
9631,10439,7.810602008187906,-,-,-,-
9632,10440,7.810602008187906,-,-,-,-
9633,10441,7.810602008187906,-,-,-,-
9634,10442,7.810602008187906,-,-,-,-
9635,10443,7.810602008187906,-,-,-,-
9636,10444,7.810602008187906,-,-,-,-
9637,10445,7.810602008187906,-,-,-,-
9638,10446,7.810602008187906,-,-,-,-
9639,10447,7.810602008187906,-,-,-,-
9640,10448,7.810602008187906,-,-,-,-
9641,10449,7.810602008187906,-,-,-,-
9642,10450,7.810602008187906,-,-,-,-
9643,10451,7.810602008187906,-,-,-,-
9644,10452,7.810602008187906,-,-,-,-
9645,10453,7.810602008187906,-,-,-,-
9646,10454,7.810602008187906,-,-,-,-
9647,10455,7.810602008187906,-,-,-,-
9648,10456,7.810602008187906,-,-,-,-
9649,10457,40.90659964570467,-,-,-,-
9650,10458,40.90659964570467,-,-,-,-
9651,10459,40.90659964570467,-,-,-,-
9652,10460,40.90659964570467,-,-,-,-
9653,10461,40.90659964570467,-,-,-,-
9654,10462,40.90659964570467,-,-,-,-
9655,10463,40.90659964570467,-,-,-,-
9656,10464,40.90659964570467,-,-,-,-
9657,10465,40.90659964570467,-,-,-,-
9658,10466,40.90659964570467,-,-,-,-
9659,10467,40.90659964570467,-,-,-,-
9660,10468,40.90659964570467,-,-,-,-
9661,10469,40.90659964570467,-,-,-,-
9662,10470,40.90659964570467,-,-,-,-
9663,10471,40.90659964570467,-,-,-,-
9664,10472,40.90659964570467,-,-,-,-
9665,10473,40.90659964570467,-,-,-,-
9666,10474,40.90659964570467,-,-,-,-
9667,10475,40.90659964570467,-,-,-,-
9668,10476,40.90659964570467,-,-,-,-
9669,10477,40.90659964570467,-,-,-,-
9670,10478,40.90659964570467,-,-,-,-
9671,10479,40.90659964570467,-,-,-,-
9672,10480,40.90659964570467,-,-,-,-
9673,10481,40.90659964570467,-,-,-,-
9674,10482,40.90659964570467,-,-,-,-
9675,10483,40.90659964570467,-,-,-,-
9676,10484,40.90659964570467,-,-,-,-
9677,10485,40.90659964570467,-,-,-,-
9678,10486,40.90659964570467,-,-,-,-
9679,10487,40.90659964570467,-,-,-,-
9680,10488,40.90659964570467,-,-,-,-
9681,10489,40.90659964570467,-,-,-,-
9682,10490,40.90659964570467,-,-,-,-
9683,10491,101.46272466136912,-,-,-,-
9684,10492,101.46272466136912,-,-,-,-
9685,10493,101.46272466136912,-,-,-,-
9686,10494,101.46272466136912,-,-,-,-
9687,10495,101.46272466136912,-,-,-,-
9688,10495,101.46272466136912,-,-,-,-
9689,10495,101.46272466136912,-,-,-,-
9690,10495,101.46272466136912,-,-,-,-
9691,10495,101.46272466136912,-,-,-,-
9692,10495,101.46272466136912,-,-,-,-
9693,10495,101.46272466136912,-,-,-,-
9694,10495,101.46272466136912,-,-,-,-
9695,10495,101.46272466136912,-,-,-,-
9696,10495,101.46272466136912,-,-,-,-
9697,10495,101.46272466136912,-,-,-,-
9698,10495,101.46272466136912,-,-,-,-
9699,10495,101.46272466136912,-,-,-,-
9700,10495,101.46272466136912,-,-,-,-
9701,10495,101.46272466136912,-,-,-,-
9702,10495,101.46272466136912,-,-,-,-
9703,10495,101.46272466136912,-,-,-,-
9704,10495,101.46272466136912,-,-,-,-
9705,10495,101.46272466136912,-,-,-,-
9706,10495,101.46272466136912,-,-,-,-
9707,10495,101.46272466136912,-,-,-,-
9708,10495,101.46272466136912,-,-,-,-
9709,10495,101.46272466136912,-,-,-,-
9710,10495,101.46272466136912,-,-,-,-
9711,10495,101.46272466136912,-,-,-,-
9712,10495,101.46272466136912,-,-,-,-
9713,10495,101.46272466136912,-,-,-,-
9714,10495,101.46272466136912,-,-,-,-
9715,10495,101.46272466136912,-,-,-,-
9716,10495,101.46272466136912,-,-,-,-
9717,10495,101.46272466136912,-,-,-,-
9718,10495,101.46272466136912,-,-,-,-
9719,10495,101.46272466136912,-,-,-,-
9720,10495,101.46272466136912,-,-,-,-
9721,10495,101.46272466136912,-,-,-,-
9722,10495,101.46272466136912,-,-,-,-
9723,10495,101.46272466136912,-,-,-,-
9724,10495,101.46272466136912,-,-,-,-
9725,10495,101.46272466136912,-,-,-,-
9726,10495,101.46272466136912,-,-,-,-
9727,10495,101.46272466136912,-,-,-,-
9728,10495,101.46272466136912,-,-,-,-
9729,10495,101.46272466136912,-,-,-,-
9730,10495,101.46272466136912,-,-,-,-
9731,10495,101.46272466136912,-,-,-,-
9732,10495,101.46272466136912,-,-,-,-
9733,10495,101.46272466136912,-,-,-,-
9734,10495,101.46272466136912,-,-,-,-
9735,10495,101.46272466136912,-,-,-,-
9736,10495,101.46272466136912,-,-,-,-
9737,10495,101.46272466136912,-,-,-,-
9738,10495,101.46272466136912,-,-,-,-
9739,10495,101.46272466136912,-,-,-,-
9740,10495,101.46272466136912,-,-,-,-
9741,10495,101.46272466136912,-,-,-,-
9742,10495,101.46272466136912,-,-,-,-
9743,10495,101.46272466136912,-,-,-,-
9744,10495,101.46272466136912,-,-,-,-
9745,10495,101.46272466136912,-,-,-,-
9746,10495,101.46272466136912,-,-,-,-
9747,10495,101.46272466136912,-,-,-,-
9748,10495,101.46272466136912,-,-,-,-
9749,10495,101.46272466136912,-,-,-,-
9750,10495,101.46272466136912,-,-,-,-
9751,10495,101.46272466136912,-,-,-,-
9752,10495,101.46272466136912,-,-,-,-
9753,10495,101.46272466136912,-,-,-,-
9754,10495,101.46272466136912,-,-,-,-
9755,10495,101.46272466136912,-,-,-,-
9756,10495,101.46272466136912,-,-,-,-
9757,10495,101.46272466136912,-,-,-,-
9758,10495,101.46272466136912,-,-,-,-
9759,10495,101.46272466136912,-,-,-,-
9760,10495,101.46272466136912,-,-,-,-
9761,10495,101.46272466136912,-,-,-,-
9762,10495,101.46272466136912,-,-,-,-
9763,10495,101.46272466136912,-,-,-,-
9764,10495,101.46272466136912,-,-,-,-
9765,10495,101.46272466136912,-,-,-,-
9766,10495,101.46272466136912,-,-,-,-
9767,10495,101.46272466136912,-,-,-,-
9768,10495,101.46272466136912,-,-,-,-
9769,10495,101.46272466136912,-,-,-,-
9770,10495,101.46272466136912,-,-,-,-
9771,10495,101.46272466136912,-,-,-,-
9772,10495,101.46272466136912,-,-,-,-
9773,10495,101.46272466136912,-,-,-,-
9774,10495,101.46272466136912,-,-,-,-
9775,10495,101.46272466136912,-,-,-,-
9776,10495,101.46272466136912,-,-,-,-
9777,10495,101.46272466136912,-,-,-,-
9778,10495,101.46272466136912,-,-,-,-
9779,10495,101.46272466136912,-,-,-,-
9780,10495,101.46272466136912,-,-,-,-
9781,10495,101.46272466136912,-,-,-,-
9782,10495,56.92850615277265,-,-,-,-
9783,10495,56.92850615277265,-,-,-,-
9784,10495,56.92850615277265,-,-,-,-
9785,10495,56.92850615277265,-,-,-,-
9786,10495,56.92850615277265,-,-,-,-
9787,10495,56.92850615277265,-,-,-,-
9788,10495,56.92850615277265,-,-,-,-
9789,10495,56.92850615277265,-,-,-,-
9790,10495,56.92850615277265,-,-,-,-
9791,10495,56.92850615277265,-,-,-,-
9792,10495,56.92850615277265,-,-,-,-
9793,10495,56.92850615277265,-,-,-,-
9794,10495,56.92850615277265,-,-,-,-
9795,10495,56.92850615277265,-,-,-,-
9796,10495,56.92850615277265,-,-,-,-
9797,10495,56.92850615277265,-,-,-,-
9798,10495,56.92850615277265,-,-,-,-
9799,10495,56.92850615277265,-,-,-,-
9800,10495,56.92850615277265,-,-,-,-
9801,10495,56.92850615277265,-,-,-,-
9802,10495,56.92850615277265,-,-,-,-
9803,10495,56.92850615277265,-,-,-,-
9804,10495,56.92850615277265,-,-,-,-
9805,10495,56.92850615277265,-,-,-,-
9806,10495,56.92850615277265,-,-,-,-
9807,10495,56.92850615277265,-,-,-,-
9808,10495,56.92850615277265,-,-,-,-
9809,10495,56.92850615277265,-,-,-,-
9810,10495,56.92850615277265,-,-,-,-
9811,10495,56.92850615277265,-,-,-,-
9812,10495,56.92850615277265,-,-,-,-
9813,10495,56.92850615277265,-,-,-,-
9814,10496,58.59866195399703,-,-,-,-
9815,10497,60.49601050198794,-,-,-,-
9816,10498,56.62810210283785,-,-,-,-
9817,10499,54.13205953906384,-,-,-,-
9818,10500,51.24117357756636,-,-,-,-
9819,10500,51.24117357756636,-,-,-,-
9820,10500,51.24117357756636,-,-,-,-
9821,10500,51.24117357756636,-,-,-,-
9822,10500,51.24117357756636,-,-,-,-
9823,10500,51.24117357756636,-,-,-,-
9824,10500,51.24117357756636,-,-,-,-
9825,10500,51.24117357756636,-,-,-,-
9826,10500,51.24117357756636,-,-,-,-
9827,10500,51.24117357756636,-,-,-,-
9828,10500,51.24117357756636,-,-,-,-
9829,10500,51.24117357756636,-,-,-,-
9830,10500,51.24117357756636,-,-,-,-
9831,10500,51.24117357756636,-,-,-,-
9832,10500,51.24117357756636,-,-,-,-
9833,10500,51.24117357756636,-,-,-,-
9834,10500,51.24117357756636,-,-,-,-
9835,10500,51.24117357756636,-,-,-,-
9836,10500,51.24117357756636,-,-,-,-
9837,10500,51.24117357756636,-,-,-,-
9838,10500,51.24117357756636,-,-,-,-
9839,10500,51.24117357756636,-,-,-,-
9840,10500,51.24117357756636,-,-,-,-
9841,10500,51.24117357756636,-,-,-,-
9842,10500,51.24117357756636,-,-,-,-
9843,10500,51.24117357756636,-,-,-,-
9844,10500,51.24117357756636,-,-,-,-
9845,10500,51.24117357756636,-,-,-,-
9846,10500,51.24117357756636,-,-,-,-
9847,10500,51.24117357756636,-,-,-,-
9848,10500,51.24117357756636,-,-,-,-
9849,10500,51.24117357756636,-,-,-,-
9850,10500,51.24117357756636,-,-,-,-
9851,10500,51.24117357756636,-,-,-,-
9852,10500,51.24117357756636,-,-,-,-
9853,10500,51.24117357756636,-,-,-,-
9854,10500,51.24117357756636,-,-,-,-
9855,10500,51.24117357756636,-,-,-,-
9856,10500,51.24117357756636,-,-,-,-
9857,10500,51.24117357756636,-,-,-,-
9858,10500,51.24117357756636,-,-,-,-
9859,10500,51.24117357756636,-,-,-,-
9860,10500,51.24117357756636,-,-,-,-
9861,10500,51.24117357756636,-,-,-,-
9862,10500,51.24117357756636,-,-,-,-
9863,10500,51.24117357756636,-,-,-,-
9864,10500,51.24117357756636,-,-,-,-
9865,10500,51.24117357756636,-,-,-,-
9866,10500,51.24117357756636,-,-,-,-
9867,10500,51.24117357756636,-,-,-,-
9868,10500,51.24117357756636,-,-,-,-
9869,10500,51.24117357756636,-,-,-,-
9870,10500,51.24117357756636,-,-,-,-
9871,10500,51.24117357756636,-,-,-,-
9872,10500,51.24117357756636,-,-,-,-
9873,10500,51.24117357756636,-,-,-,-
9874,10500,51.24117357756636,-,-,-,-
9875,10500,51.24117357756636,-,-,-,-
9876,10500,51.24117357756636,-,-,-,-
9877,10500,51.24117357756636,-,-,-,-
9878,10500,51.24117357756636,-,-,-,-
9879,10500,51.24117357756636,-,-,-,-
9880,10500,51.24117357756636,-,-,-,-
9881,10500,51.24117357756636,-,-,-,-
9882,10500,51.24117357756636,-,-,-,-
9883,10500,60.695624292282965,-,-,-,-
9884,10500,60.695624292282965,-,-,-,-
9885,10500,60.695624292282965,-,-,-,-
9886,10500,60.695624292282965,-,-,-,-
9887,10500,60.695624292282965,-,-,-,-
9888,10500,60.695624292282965,-,-,-,-
9889,10500,60.695624292282965,-,-,-,-
9890,10500,60.695624292282965,-,-,-,-
9891,10500,60.695624292282965,-,-,-,-
9892,10500,60.695624292282965,-,-,-,-
9893,10500,60.695624292282965,-,-,-,-
9894,10500,60.695624292282965,-,-,-,-
9895,10500,60.695624292282965,-,-,-,-
9896,10500,60.695624292282965,-,-,-,-
9897,10500,60.695624292282965,-,-,-,-
9898,10500,60.695624292282965,-,-,-,-
9899,10500,60.695624292282965,-,-,-,-
9900,10500,60.695624292282965,-,-,-,-
9901,10500,60.695624292282965,-,-,-,-
9902,10500,60.695624292282965,-,-,-,-
9903,10500,60.695624292282965,-,-,-,-
9904,10500,60.695624292282965,-,-,-,-
9905,10500,60.695624292282965,-,-,-,-
9906,10500,60.695624292282965,-,-,-,-
9907,10500,60.695624292282965,-,-,-,-
9908,10500,60.695624292282965,-,-,-,-
9909,10500,60.695624292282965,-,-,-,-
9910,10500,60.695624292282965,-,-,-,-
9911,10500,60.695624292282965,-,-,-,-
9912,10500,60.695624292282965,-,-,-,-
9913,10500,60.695624292282965,-,-,-,-
9914,10500,60.695624292282965,-,-,-,-
9915,10500,60.695624292282965,-,-,-,-
9916,10500,60.695624292282965,-,-,-,-
9917,10500,60.695624292282965,-,-,-,-
9918,10500,60.695624292282965,-,-,-,-
9919,10500,60.695624292282965,-,-,-,-
9920,10500,60.695624292282965,-,-,-,-
9921,10500,60.695624292282965,-,-,-,-
9922,10500,60.695624292282965,-,-,-,-
9923,10500,60.695624292282965,-,-,-,-
9924,10500,60.695624292282965,-,-,-,-
9925,10500,60.695624292282965,-,-,-,-
9926,10500,60.695624292282965,-,-,-,-
9927,10500,60.695624292282965,-,-,-,-
9928,10500,60.695624292282965,-,-,-,-
9929,10500,60.695624292282965,-,-,-,-
9930,10500,60.695624292282965,-,-,-,-
9931,10500,60.695624292282965,-,-,-,-
9932,10500,60.695624292282965,-,-,-,-
9933,10500,60.695624292282965,-,-,-,-
9934,10500,60.695624292282965,-,-,-,-
9935,10500,60.695624292282965,-,-,-,-
9936,10500,60.695624292282965,-,-,-,-
9937,10500,60.695624292282965,-,-,-,-
9938,10500,60.695624292282965,-,-,-,-
9939,10500,60.695624292282965,-,-,-,-
9940,10500,60.695624292282965,-,-,-,-
9941,10500,60.695624292282965,-,-,-,-
9942,10500,60.695624292282965,-,-,-,-
9943,10500,60.695624292282965,-,-,-,-
9944,10500,60.695624292282965,-,-,-,-
9945,10500,60.695624292282965,-,-,-,-
9946,10500,60.695624292282965,-,-,-,-
9947,10500,60.695624292282965,-,-,-,-
9948,10500,60.695624292282965,-,-,-,-
9949,10500,60.695624292282965,-,-,-,-
9950,10500,60.695624292282965,-,-,-,-
9951,10500,60.695624292282965,-,-,-,-
9952,10500,60.695624292282965,-,-,-,-
9953,10500,60.695624292282965,-,-,-,-
9954,10500,60.695624292282965,-,-,-,-
9955,10500,60.695624292282965,-,-,-,-
9956,10500,60.695624292282965,-,-,-,-
9957,10500,60.695624292282965,-,-,-,-
9958,10500,60.695624292282965,-,-,-,-
9959,10500,60.695624292282965,-,-,-,-
9960,10500,60.695624292282965,-,-,-,-
9961,10500,60.695624292282965,-,-,-,-
9962,10500,60.695624292282965,-,-,-,-
9963,10500,60.695624292282965,-,-,-,-
9964,10500,60.695624292282965,-,-,-,-
9965,10500,60.695624292282965,-,-,-,-
9966,10500,60.695624292282965,-,-,-,-
9967,10500,60.695624292282965,-,-,-,-
9968,10500,60.695624292282965,-,-,-,-
9969,10500,60.695624292282965,-,-,-,-
9970,10500,60.695624292282965,-,-,-,-
9971,10500,60.695624292282965,-,-,-,-
9972,10500,60.695624292282965,-,-,-,-
9973,10500,60.695624292282965,-,-,-,-
9974,10500,60.695624292282965,-,-,-,-
9975,10500,60.695624292282965,-,-,-,-
9976,10500,60.695624292282965,-,-,-,-
9977,10500,60.695624292282965,-,-,-,-
9978,10500,60.695624292282965,-,-,-,-
9979,10500,60.695624292282965,-,-,-,-
9980,10500,60.695624292282965,-,-,-,-
9981,10500,60.695624292282965,-,-,-,-
9982,10500,60.695624292282965,-,-,-,-
9983,10500,60.695624292282965,-,-,-,-
9984,10500,60.695624292282965,-,-,-,-
9985,10500,60.695624292282965,-,-,-,-
9986,10500,60.695624292282965,-,-,-,-
9987,10500,60.695624292282965,-,-,-,-
9988,10500,60.695624292282965,-,-,-,-
9989,10500,60.695624292282965,-,-,-,-
9990,10500,60.695624292282965,-,-,-,-
9991,10500,60.695624292282965,-,-,-,-
9992,10500,60.695624292282965,-,-,-,-
9993,10500,60.695624292282965,-,-,-,-
9994,10500,60.695624292282965,-,-,-,-
9995,10500,60.695624292282965,-,-,-,-
9996,10500,60.695624292282965,-,-,-,-
9997,10500,60.695624292282965,-,-,-,-
9998,10500,60.695624292282965,-,-,-,-
9999,10500,60.695624292282965,-,-,-,-
10000,10500,60.695624292282965,-,-,-,-
10001,10500,60.695624292282965,-,-,-,-
10002,10500,60.695624292282965,-,-,-,-
10003,10500,60.695624292282965,-,-,-,-
10004,10500,60.695624292282965,-,-,-,-
10005,10500,60.695624292282965,-,-,-,-
10006,10500,60.695624292282965,-,-,-,-
10007,10500,60.695624292282965,-,-,-,-
10008,10500,60.695624292282965,-,-,-,-
10009,10500,60.695624292282965,-,-,-,-
10010,10500,60.695624292282965,-,-,-,-
10011,10500,60.695624292282965,-,-,-,-
10012,10500,60.695624292282965,-,-,-,-
10013,10500,60.695624292282965,-,-,-,-
10014,10500,60.695624292282965,-,-,-,-
10015,10500,60.695624292282965,-,-,-,-
10016,10500,60.695624292282965,-,-,-,-
10017,10500,60.695624292282965,-,-,-,-
10018,10500,60.695624292282965,-,-,-,-
10019,10500,60.695624292282965,-,-,-,-
10020,10500,60.695624292282965,-,-,-,-
10021,10500,60.695624292282965,-,-,-,-
10022,10500,60.695624292282965,-,-,-,-
10023,10500,60.695624292282965,-,-,-,-
10024,10500,60.695624292282965,-,-,-,-
10025,10500,60.695624292282965,-,-,-,-
10026,10500,60.695624292282965,-,-,-,-
10027,10500,60.695624292282965,-,-,-,-
10028,10500,60.695624292282965,-,-,-,-
10029,10500,60.695624292282965,-,-,-,-
10030,10500,60.695624292282965,-,-,-,-
10031,10500,60.695624292282965,-,-,-,-
10032,10500,60.695624292282965,-,-,-,-
10033,10500,60.695624292282965,-,-,-,-
10034,10500,60.695624292282965,-,-,-,-
10035,10500,60.695624292282965,-,-,-,-
10036,10500,60.695624292282965,-,-,-,-
10037,10500,60.695624292282965,-,-,-,-
10038,10500,60.695624292282965,-,-,-,-
10039,10500,60.695624292282965,-,-,-,-
10040,10500,60.695624292282965,-,-,-,-
10041,10500,60.695624292282965,-,-,-,-
10042,10500,60.695624292282965,-,-,-,-
10043,10500,60.695624292282965,-,-,-,-
10044,10500,60.695624292282965,-,-,-,-
10045,10500,60.695624292282965,-,-,-,-
10046,10500,60.695624292282965,-,-,-,-
10047,10500,60.695624292282965,-,-,-,-
10048,10500,60.695624292282965,-,-,-,-
10049,10500,124.78823894891903,-,-,-,-
10050,10500,124.78823894891903,-,-,-,-
10051,10500,124.78823894891903,-,-,-,-
10052,10500,124.78823894891903,-,-,-,-
10053,10500,124.78823894891903,-,-,-,-
10054,10500,124.78823894891903,-,-,-,-
10055,10500,124.78823894891903,-,-,-,-
10056,10500,124.78823894891903,-,-,-,-
10057,10500,124.78823894891903,-,-,-,-
10058,10500,124.78823894891903,-,-,-,-
10059,10500,124.78823894891903,-,-,-,-
10060,10500,124.78823894891903,-,-,-,-
10061,10500,124.78823894891903,-,-,-,-
10062,10500,124.78823894891903,-,-,-,-
10063,10500,124.78823894891903,-,-,-,-
10064,10500,124.78823894891903,-,-,-,-
10065,10500,124.78823894891903,-,-,-,-
10066,10500,124.78823894891903,-,-,-,-
10067,10500,124.78823894891903,-,-,-,-
10068,10500,124.78823894891903,-,-,-,-
10069,10500,124.78823894891903,-,-,-,-
10070,10500,124.78823894891903,-,-,-,-
10071,10500,124.78823894891903,-,-,-,-
10072,10500,124.78823894891903,-,-,-,-
10073,10500,124.78823894891903,-,-,-,-
10074,10500,124.78823894891903,-,-,-,-
10075,10500,124.78823894891903,-,-,-,-
10076,10500,124.78823894891903,-,-,-,-
10077,10500,124.78823894891903,-,-,-,-
10078,10500,124.78823894891903,-,-,-,-
10079,10500,124.78823894891903,-,-,-,-
10080,10500,124.78823894891903,-,-,-,-
10081,10500,124.78823894891903,-,-,-,-
10082,10500,124.78823894891903,-,-,-,-
10083,10500,170.28429831493878,-,-,-,-
10084,10500,170.28429831493878,-,-,-,-
10085,10500,170.28429831493878,-,-,-,-
10086,10500,170.28429831493878,-,-,-,-
10087,10500,170.28429831493878,-,-,-,-
10088,10500,170.28429831493878,-,-,-,-
10089,10500,170.28429831493878,-,-,-,-
10090,10500,170.28429831493878,-,-,-,-
10091,10500,170.28429831493878,-,-,-,-
10092,10500,170.28429831493878,-,-,-,-
10093,10500,170.28429831493878,-,-,-,-
10094,10500,170.28429831493878,-,-,-,-
10095,10500,170.28429831493878,-,-,-,-
10096,10500,170.28429831493878,-,-,-,-
10097,10500,170.28429831493878,-,-,-,-
10098,10500,170.28429831493878,-,-,-,-
10099,10500,170.28429831493878,-,-,-,-
10100,10500,170.28429831493878,-,-,-,-
10101,10500,170.28429831493878,-,-,-,-
10102,10500,170.28429831493878,-,-,-,-
10103,10500,170.28429831493878,-,-,-,-
10104,10500,170.28429831493878,-,-,-,-
10105,10500,170.28429831493878,-,-,-,-
10106,10500,170.28429831493878,-,-,-,-
10107,10500,170.28429831493878,-,-,-,-
10108,10500,170.28429831493878,-,-,-,-
10109,10500,170.28429831493878,-,-,-,-
10110,10500,170.28429831493878,-,-,-,-
10111,10500,170.28429831493878,-,-,-,-
10112,10500,170.28429831493878,-,-,-,-
10113,10500,170.28429831493878,-,-,-,-
10114,10500,170.28429831493878,-,-,-,-
10115,10500,170.28429831493878,-,-,-,-
10116,10500,170.28429831493878,-,-,-,-
10117,10500,170.28429831493878,-,-,-,-
10118,10500,170.28429831493878,-,-,-,-
10119,10500,170.28429831493878,-,-,-,-
10120,10500,170.28429831493878,-,-,-,-
10121,10500,170.28429831493878,-,-,-,-
10122,10500,170.28429831493878,-,-,-,-
10123,10500,170.28429831493878,-,-,-,-
10124,10500,170.28429831493878,-,-,-,-
10125,10500,170.28429831493878,-,-,-,-
10126,10500,170.28429831493878,-,-,-,-
10127,10500,170.28429831493878,-,-,-,-
10128,10500,170.28429831493878,-,-,-,-
10129,10500,170.28429831493878,-,-,-,-
10130,10500,170.28429831493878,-,-,-,-
10131,10500,170.28429831493878,-,-,-,-
10132,10500,170.28429831493878,-,-,-,-
10133,10500,170.28429831493878,-,-,-,-
10134,10500,170.28429831493878,-,-,-,-
10135,10500,170.28429831493878,-,-,-,-
10136,10500,170.28429831493878,-,-,-,-
10137,10500,170.28429831493878,-,-,-,-
10138,10500,170.28429831493878,-,-,-,-
10139,10500,170.28429831493878,-,-,-,-
10140,10500,170.28429831493878,-,-,-,-
10141,10500,170.28429831493878,-,-,-,-
10142,10500,170.28429831493878,-,-,-,-
10143,10500,170.28429831493878,-,-,-,-
10144,10500,170.28429831493878,-,-,-,-
10145,10500,170.28429831493878,-,-,-,-
10146,10500,170.28429831493878,-,-,-,-
10147,10500,170.28429831493878,-,-,-,-
10148,10500,170.28429831493878,-,-,-,-
10149,10500,170.28429831493878,-,-,-,-
10150,10500,170.28429831493878,-,-,-,-
10151,10500,170.28429831493878,-,-,-,-
10152,10500,170.28429831493878,-,-,-,-
10153,10500,170.28429831493878,-,-,-,-
10154,10500,170.28429831493878,-,-,-,-
10155,10500,170.28429831493878,-,-,-,-
10156,10500,170.28429831493878,-,-,-,-
10157,10500,170.28429831493878,-,-,-,-
10158,10500,170.28429831493878,-,-,-,-
10159,10500,170.28429831493878,-,-,-,-
10160,10500,170.28429831493878,-,-,-,-
10161,10500,170.28429831493878,-,-,-,-
10162,10500,170.28429831493878,-,-,-,-
10163,10500,170.28429831493878,-,-,-,-
10164,10500,170.28429831493878,-,-,-,-
10165,10500,170.28429831493878,-,-,-,-
10166,10500,170.28429831493878,-,-,-,-
10167,10500,170.28429831493878,-,-,-,-
10168,10500,170.28429831493878,-,-,-,-
10169,10500,170.28429831493878,-,-,-,-
10170,10500,170.28429831493878,-,-,-,-
10171,10500,170.28429831493878,-,-,-,-
10172,10500,170.28429831493878,-,-,-,-
10173,10500,170.28429831493878,-,-,-,-
10174,10500,170.28429831493878,-,-,-,-
10175,10500,170.28429831493878,-,-,-,-
10176,10500,170.28429831493878,-,-,-,-
10177,10500,170.28429831493878,-,-,-,-
10178,10500,170.28429831493878,-,-,-,-
10179,10500,170.28429831493878,-,-,-,-
10180,10500,170.28429831493878,-,-,-,-
10181,10500,170.28429831493878,-,-,-,-
10182,10500,161.72094631988156,-,-,-,-
10183,10500,161.72094631988156,-,-,-,-
10184,10500,161.72094631988156,-,-,-,-
10185,10500,161.72094631988156,-,-,-,-
10186,10500,161.72094631988156,-,-,-,-
10187,10500,161.72094631988156,-,-,-,-
10188,10500,161.72094631988156,-,-,-,-
10189,10500,161.72094631988156,-,-,-,-
10190,10500,161.72094631988156,-,-,-,-
10191,10500,161.72094631988156,-,-,-,-
10192,10500,161.72094631988156,-,-,-,-
10193,10500,161.72094631988156,-,-,-,-
10194,10500,161.72094631988156,-,-,-,-
10195,10500,161.72094631988156,-,-,-,-
10196,10500,161.72094631988156,-,-,-,-
10197,10500,161.72094631988156,-,-,-,-
10198,10500,161.72094631988156,-,-,-,-
10199,10500,161.72094631988156,-,-,-,-
10200,10500,161.72094631988156,-,-,-,-
10201,10500,161.72094631988156,-,-,-,-
10202,10500,161.72094631988156,-,-,-,-
10203,10500,161.72094631988156,-,-,-,-
10204,10500,161.72094631988156,-,-,-,-
10205,10500,161.72094631988156,-,-,-,-
10206,10500,161.72094631988156,-,-,-,-
10207,10500,161.72094631988156,-,-,-,-
10208,10500,161.72094631988156,-,-,-,-
10209,10500,161.72094631988156,-,-,-,-
10210,10500,161.72094631988156,-,-,-,-
10211,10500,161.72094631988156,-,-,-,-
10212,10500,161.72094631988156,-,-,-,-
10213,10500,161.72094631988156,-,-,-,-
10214,10500,161.72094631988156,-,-,-,-
10215,10500,161.72094631988156,-,-,-,-
10216,10500,10.297712146067278,-,-,-,-
10217,10500,10.297712146067278,-,-,-,-
10218,10500,10.297712146067278,-,-,-,-
10219,10500,10.297712146067278,-,-,-,-
10220,10500,10.297712146067278,-,-,-,-
10221,10500,10.297712146067278,-,-,-,-
10222,10500,10.297712146067278,-,-,-,-
10223,10500,10.297712146067278,-,-,-,-
10224,10500,10.297712146067278,-,-,-,-
10225,10500,10.297712146067278,-,-,-,-
10226,10500,10.297712146067278,-,-,-,-
10227,10500,10.297712146067278,-,-,-,-
10228,10500,10.297712146067278,-,-,-,-
10229,10500,10.297712146067278,-,-,-,-
10230,10500,10.297712146067278,-,-,-,-
10231,10500,10.297712146067278,-,-,-,-
10232,10500,10.297712146067278,-,-,-,-
10233,10500,10.297712146067278,-,-,-,-
10234,10500,10.297712146067278,-,-,-,-
10235,10500,10.297712146067278,-,-,-,-
10236,10500,10.297712146067278,-,-,-,-
10237,10500,10.297712146067278,-,-,-,-
10238,10500,10.297712146067278,-,-,-,-
10239,10500,10.297712146067278,-,-,-,-
10240,10500,10.297712146067278,-,-,-,-
10241,10500,10.297712146067278,-,-,-,-
10242,10500,10.297712146067278,-,-,-,-
10243,10500,10.297712146067278,-,-,-,-
10244,10500,10.297712146067278,-,-,-,-
10245,10500,10.297712146067278,-,-,-,-
10246,10500,10.297712146067278,-,-,-,-
10247,10500,10.297712146067278,-,-,-,-
10248,10500,10.297712146067278,-,-,-,-
10249,10500,0.6379899067300421,-,-,-,-
10250,10500,0.6379899067300421,-,-,-,-
10251,10500,0.6379899067300421,-,-,-,-
10252,10500,0.6379899067300421,-,-,-,-
10253,10500,0.6379899067300421,-,-,-,-
10254,10500,0.6379899067300421,-,-,-,-
10255,10500,0.6379899067300421,-,-,-,-
10256,10500,0.6379899067300421,-,-,-,-
10257,10500,0.6379899067300421,-,-,-,-
10258,10500,0.6379899067300421,-,-,-,-
10259,10500,0.6379899067300421,-,-,-,-
10260,10500,0.6379899067300421,-,-,-,-
10261,10500,0.6379899067300421,-,-,-,-
10262,10500,0.6379899067300421,-,-,-,-
10263,10500,0.6379899067300421,-,-,-,-
10264,10500,0.6379899067300421,-,-,-,-
10265,10500,0.6379899067300421,-,-,-,-
10266,10500,0.6379899067300421,-,-,-,-
10267,10500,0.6379899067300421,-,-,-,-
10268,10500,0.6379899067300421,-,-,-,-
10269,10500,0.6379899067300421,-,-,-,-
10270,10500,0.6379899067300421,-,-,-,-
10271,10500,0.6379899067300421,-,-,-,-
10272,10500,0.6379899067300421,-,-,-,-
10273,10500,0.6379899067300421,-,-,-,-
10274,10500,0.6379899067300421,-,-,-,-
10275,10500,0.6379899067300421,-,-,-,-
10276,10500,0.6379899067300421,-,-,-,-
10277,10500,0.6379899067300421,-,-,-,-
10278,10500,0.6379899067300421,-,-,-,-
10279,10500,0.6379899067300421,-,-,-,-
10280,10500,0.6379899067300421,-,-,-,-
10281,10500,0.6379899067300421,-,-,-,-
10282,10500,0.6379899067300421,-,-,-,-
10283,10500,2.7620294261493283,-,-,-,-
10284,10500,2.7620294261493283,-,-,-,-
10285,10500,2.7620294261493283,-,-,-,-
10286,10500,2.7620294261493283,-,-,-,-
10287,10500,2.7620294261493283,-,-,-,-
10288,10500,2.7620294261493283,-,-,-,-
10289,10500,2.7620294261493283,-,-,-,-
10290,10500,2.7620294261493283,-,-,-,-
10291,10500,2.7620294261493283,-,-,-,-
10292,10500,2.7620294261493283,-,-,-,-
10293,10500,2.7620294261493283,-,-,-,-
10294,10500,2.7620294261493283,-,-,-,-
10295,10500,2.7620294261493283,-,-,-,-
10296,10500,2.7620294261493283,-,-,-,-
10297,10500,2.7620294261493283,-,-,-,-
10298,10500,2.7620294261493283,-,-,-,-
10299,10500,2.7620294261493283,-,-,-,-
10300,10500,2.7620294261493283,-,-,-,-
10301,10500,2.7620294261493283,-,-,-,-
10302,10500,2.7620294261493283,-,-,-,-
10303,10500,2.7620294261493283,-,-,-,-
10304,10500,2.7620294261493283,-,-,-,-
10305,10500,2.7620294261493283,-,-,-,-
10306,10500,2.7620294261493283,-,-,-,-
10307,10500,2.7620294261493283,-,-,-,-
10308,10500,2.7620294261493283,-,-,-,-
10309,10500,2.7620294261493283,-,-,-,-
10310,10500,2.7620294261493283,-,-,-,-
10311,10500,2.7620294261493283,-,-,-,-
10312,10500,2.7620294261493283,-,-,-,-
10313,10500,2.7620294261493283,-,-,-,-
10314,10500,2.7620294261493283,-,-,-,-
10315,10500,2.7620294261493283,-,-,-,-
10316,10500,2.7620294261493283,-,-,-,-
10317,10500,2.7620294261493283,-,-,-,-
10318,10500,2.7620294261493283,-,-,-,-
10319,10500,2.7620294261493283,-,-,-,-
10320,10500,2.7620294261493283,-,-,-,-
10321,10500,2.7620294261493283,-,-,-,-
10322,10500,2.7620294261493283,-,-,-,-
10323,10500,2.7620294261493283,-,-,-,-
10324,10500,2.7620294261493283,-,-,-,-
10325,10500,2.7620294261493283,-,-,-,-
10326,10500,2.7620294261493283,-,-,-,-
10327,10500,2.7620294261493283,-,-,-,-
10328,10500,2.7620294261493283,-,-,-,-
10329,10500,2.7620294261493283,-,-,-,-
10330,10500,2.7620294261493283,-,-,-,-
10331,10500,2.7620294261493283,-,-,-,-
10332,10500,2.7620294261493283,-,-,-,-
10333,10500,2.7620294261493283,-,-,-,-
10334,10500,2.7620294261493283,-,-,-,-
10335,10500,2.7620294261493283,-,-,-,-
10336,10500,2.7620294261493283,-,-,-,-
10337,10500,2.7620294261493283,-,-,-,-
10338,10500,2.7620294261493283,-,-,-,-
10339,10500,2.7620294261493283,-,-,-,-
10340,10500,2.7620294261493283,-,-,-,-
10341,10500,2.7620294261493283,-,-,-,-
10342,10500,2.7620294261493283,-,-,-,-
10343,10500,2.7620294261493283,-,-,-,-
10344,10500,2.7620294261493283,-,-,-,-
10345,10500,2.7620294261493283,-,-,-,-
10346,10500,2.7620294261493283,-,-,-,-
10347,10500,2.7620294261493283,-,-,-,-
10348,10500,2.7620294261493283,-,-,-,-
10349,10500,7.207001258333303,-,-,-,-
10350,10500,7.207001258333303,-,-,-,-
10351,10500,7.207001258333303,-,-,-,-
10352,10500,7.207001258333303,-,-,-,-
10353,10500,7.207001258333303,-,-,-,-
10354,10500,7.207001258333303,-,-,-,-
10355,10500,7.207001258333303,-,-,-,-
10356,10500,7.207001258333303,-,-,-,-
10357,10500,7.207001258333303,-,-,-,-
10358,10500,7.207001258333303,-,-,-,-
10359,10500,7.207001258333303,-,-,-,-
10360,10500,7.207001258333303,-,-,-,-
10361,10500,7.207001258333303,-,-,-,-
10362,10500,7.207001258333303,-,-,-,-
10363,10500,7.207001258333303,-,-,-,-
10364,10500,7.207001258333303,-,-,-,-
10365,10500,7.207001258333303,-,-,-,-
10366,10500,7.207001258333303,-,-,-,-
10367,10500,7.207001258333303,-,-,-,-
10368,10500,7.207001258333303,-,-,-,-
10369,10500,7.207001258333303,-,-,-,-
10370,10500,7.207001258333303,-,-,-,-
10371,10500,7.207001258333303,-,-,-,-
10372,10500,7.207001258333303,-,-,-,-
10373,10500,7.207001258333303,-,-,-,-
10374,10500,7.207001258333303,-,-,-,-
10375,10500,7.207001258333303,-,-,-,-
10376,10500,7.207001258333303,-,-,-,-
10377,10500,7.207001258333303,-,-,-,-
10378,10500,7.207001258333303,-,-,-,-
10379,10500,7.207001258333303,-,-,-,-
10380,10500,7.207001258333303,-,-,-,-
10381,10500,7.207001258333303,-,-,-,-
10382,10500,7.207001258333303,-,-,-,-
10383,10500,7.207001258333303,-,-,-,-
10384,10500,7.207001258333303,-,-,-,-
10385,10500,7.207001258333303,-,-,-,-
10386,10500,7.207001258333303,-,-,-,-
10387,10500,7.207001258333303,-,-,-,-
10388,10500,7.207001258333303,-,-,-,-
10389,10500,7.207001258333303,-,-,-,-
10390,10500,7.207001258333303,-,-,-,-
10391,10500,7.207001258333303,-,-,-,-
10392,10500,7.207001258333303,-,-,-,-
10393,10500,7.207001258333303,-,-,-,-
10394,10500,7.207001258333303,-,-,-,-
10395,10500,7.207001258333303,-,-,-,-
10396,10500,7.207001258333303,-,-,-,-
10397,10500,7.207001258333303,-,-,-,-
10398,10500,7.207001258333303,-,-,-,-
10399,10500,7.207001258333303,-,-,-,-
10400,10500,7.207001258333303,-,-,-,-
10401,10500,7.207001258333303,-,-,-,-
10402,10500,7.207001258333303,-,-,-,-
10403,10500,7.207001258333303,-,-,-,-
10404,10500,7.207001258333303,-,-,-,-
10405,10500,7.207001258333303,-,-,-,-
10406,10500,7.207001258333303,-,-,-,-
10407,10500,7.207001258333303,-,-,-,-
10408,10500,7.207001258333303,-,-,-,-
10409,10500,7.207001258333303,-,-,-,-
10410,10500,7.207001258333303,-,-,-,-
10411,10500,7.207001258333303,-,-,-,-
10412,10500,7.207001258333303,-,-,-,-
10413,10500,7.207001258333303,-,-,-,-
10414,10500,7.207001258333303,-,-,-,-
10415,10500,7.207001258333303,-,-,-,-
10416,10500,7.207001258333303,-,-,-,-
10417,10500,7.207001258333303,-,-,-,-
10418,10500,7.207001258333303,-,-,-,-
10419,10500,7.207001258333303,-,-,-,-
10420,10500,7.207001258333303,-,-,-,-
10421,10500,7.207001258333303,-,-,-,-
10422,10500,7.207001258333303,-,-,-,-
10423,10500,7.207001258333303,-,-,-,-
10424,10500,7.207001258333303,-,-,-,-
10425,10500,7.207001258333303,-,-,-,-
10426,10500,7.207001258333303,-,-,-,-
10427,10500,7.207001258333303,-,-,-,-
10428,10500,7.207001258333303,-,-,-,-
10429,10500,7.207001258333303,-,-,-,-
10430,10500,7.207001258333303,-,-,-,-
10431,10500,7.207001258333303,-,-,-,-
10432,10500,7.207001258333303,-,-,-,-
10433,10500,7.207001258333303,-,-,-,-
10434,10500,7.207001258333303,-,-,-,-
10435,10500,7.207001258333303,-,-,-,-
10436,10500,7.207001258333303,-,-,-,-
10437,10500,7.207001258333303,-,-,-,-
10438,10500,7.207001258333303,-,-,-,-
10439,10500,7.207001258333303,-,-,-,-
10440,10500,7.207001258333303,-,-,-,-
10441,10500,7.207001258333303,-,-,-,-
10442,10500,7.207001258333303,-,-,-,-
10443,10500,7.207001258333303,-,-,-,-
10444,10500,7.207001258333303,-,-,-,-
10445,10500,7.207001258333303,-,-,-,-
10446,10500,7.207001258333303,-,-,-,-
10447,10500,7.207001258333303,-,-,-,-
10448,10500,7.207001258333303,-,-,-,-
10449,10500,7.207001258333303,-,-,-,-
10450,10500,7.207001258333303,-,-,-,-
10451,10500,7.207001258333303,-,-,-,-
10452,10500,7.207001258333303,-,-,-,-
10453,10500,7.207001258333303,-,-,-,-
10454,10500,7.207001258333303,-,-,-,-
10455,10500,7.207001258333303,-,-,-,-
10456,10500,7.207001258333303,-,-,-,-
10457,10500,7.207001258333303,-,-,-,-
10458,10500,7.207001258333303,-,-,-,-
10459,10500,7.207001258333303,-,-,-,-
10460,10500,7.207001258333303,-,-,-,-
10461,10500,7.207001258333303,-,-,-,-
10462,10500,7.207001258333303,-,-,-,-
10463,10500,7.207001258333303,-,-,-,-
10464,10500,7.207001258333303,-,-,-,-
10465,10500,7.207001258333303,-,-,-,-
10466,10500,7.207001258333303,-,-,-,-
10467,10500,7.207001258333303,-,-,-,-
10468,10500,7.207001258333303,-,-,-,-
10469,10500,7.207001258333303,-,-,-,-
10470,10500,7.207001258333303,-,-,-,-
10471,10500,7.207001258333303,-,-,-,-
10472,10500,7.207001258333303,-,-,-,-
10473,10500,7.207001258333303,-,-,-,-
10474,10500,7.207001258333303,-,-,-,-
10475,10500,7.207001258333303,-,-,-,-
10476,10500,7.207001258333303,-,-,-,-
10477,10500,7.207001258333303,-,-,-,-
10478,10500,7.207001258333303,-,-,-,-
10479,10500,7.207001258333303,-,-,-,-
10480,10500,7.207001258333303,-,-,-,-
10481,10500,7.207001258333303,-,-,-,-
10482,10500,7.207001258333303,-,-,-,-
10483,10500,7.207001258333303,-,-,-,-
10484,10500,7.207001258333303,-,-,-,-
10485,10500,7.207001258333303,-,-,-,-
10486,10500,7.207001258333303,-,-,-,-
10487,10500,7.207001258333303,-,-,-,-
10488,10500,7.207001258333303,-,-,-,-
10489,10500,7.207001258333303,-,-,-,-
10490,10500,7.207001258333303,-,-,-,-
10491,10500,7.207001258333303,-,-,-,-
10492,10500,7.207001258333303,-,-,-,-
10493,10500,7.207001258333303,-,-,-,-
10494,10500,7.207001258333303,-,-,-,-
10495,10500,7.207001258333303,-,-,-,-
10496,10500,7.207001258333303,-,-,-,-
10497,10500,7.207001258333303,-,-,-,-
10498,10500,7.207001258333303,-,-,-,-
10499,10500,7.207001258333303,-,-,-,-
10500,10500,7.207001258333303,-,-,-,-
10501,10500,7.207001258333303,-,-,-,-
10502,10500,7.207001258333303,-,-,-,-
10503,10500,7.207001258333303,-,-,-,-
10504,10500,7.207001258333303,-,-,-,-
10505,10500,7.207001258333303,-,-,-,-
10506,10500,7.207001258333303,-,-,-,-
10507,10500,7.207001258333303,-,-,-,-
10508,10500,7.207001258333303,-,-,-,-
10509,10500,7.207001258333303,-,-,-,-
10510,10500,7.207001258333303,-,-,-,-
10511,10500,7.207001258333303,-,-,-,-
10512,10500,7.207001258333303,-,-,-,-
10513,10500,7.207001258333303,-,-,-,-
10514,10500,7.207001258333303,-,-,-,-
10515,10500,7.207001258333303,-,-,-,-
10516,10500,7.207001258333303,-,-,-,-
10517,10500,7.207001258333303,-,-,-,-
10518,10500,7.207001258333303,-,-,-,-
10519,10500,7.207001258333303,-,-,-,-
10520,10500,7.207001258333303,-,-,-,-
10521,10500,7.207001258333303,-,-,-,-
10522,10500,7.207001258333303,-,-,-,-
10523,10500,7.207001258333303,-,-,-,-
10524,10500,7.207001258333303,-,-,-,-
10525,10500,7.207001258333303,-,-,-,-
10526,10500,7.207001258333303,-,-,-,-
10527,10500,7.207001258333303,-,-,-,-
10528,10500,7.207001258333303,-,-,-,-
10529,10500,7.207001258333303,-,-,-,-
10530,10500,7.207001258333303,-,-,-,-
10531,10500,7.207001258333303,-,-,-,-
10532,10500,7.207001258333303,-,-,-,-
10533,10500,7.207001258333303,-,-,-,-
10534,10500,7.207001258333303,-,-,-,-
10535,10500,7.207001258333303,-,-,-,-
10536,10500,7.207001258333303,-,-,-,-
10537,10500,7.207001258333303,-,-,-,-
10538,10500,7.207001258333303,-,-,-,-
10539,10500,7.207001258333303,-,-,-,-
10540,10501,10.575631314731753,-,-,-,-
10541,10502,14.521004839540725,-,-,-,-
10542,10503,19.156413344788525,-,-,-,-
10543,10504,24.601106598495626,-,-,-,-
10544,10505,30.959879095761508,-,-,-,-
10545,10506,38.28484945730229,-,-,-,-
10546,10507,46.520526290588286,-,-,-,-
10547,10508,55.45247533989426,-,-,-,-
10548,10509,64.70259334162638,-,-,-,-
10549,10510,51.09980028039367,-,-,-,-
10550,10511,42.5692164831886,-,-,-,-
10551,10512,34.8895429185748,-,-,-,-
10552,10513,28.1711089583708,-,-,-,-
10553,10514,22.39508438444781,-,-,-,-
10554,10515,17.470841259456332,-,-,-,-
10555,10516,13.281292456253384,-,-,-,-
10556,10517,9.709434104191754,-,-,-,-
10557,10518,6.650460206336519,-,-,-,-
10558,10519,4.015481124597664,-,-,-,-
10559,10520,1.7311904834699632,-,-,-,-
10560,10521,0.2620538284635671,-,-,-,-
10561,10521,0.2620538284635671,-,-,-,-
10562,10521,0.2620538284635671,-,-,-,-
10563,10521,0.2620538284635671,-,-,-,-
10564,10521,0.2620538284635671,-,-,-,-
10565,10521,0.2620538284635671,-,-,-,-
10566,10521,0.2620538284635671,-,-,-,-
10567,10521,0.2620538284635671,-,-,-,-
10568,10521,0.2620538284635671,-,-,-,-
10569,10521,0.2620538284635671,-,-,-,-
10570,10521,0.2620538284635671,-,-,-,-
10571,10521,0.2620538284635671,-,-,-,-
10572,10521,0.2620538284635671,-,-,-,-
10573,10521,0.2620538284635671,-,-,-,-
10574,10521,0.2620538284635671,-,-,-,-
10575,10521,0.2620538284635671,-,-,-,-
10576,10521,0.2620538284635671,-,-,-,-
10577,10521,0.2620538284635671,-,-,-,-
10578,10521,0.2620538284635671,-,-,-,-
10579,10521,0.2620538284635671,-,-,-,-
10580,10521,0.2620538284635671,-,-,-,-
10581,10521,0.2620538284635671,-,-,-,-
10582,10521,0.2620538284635671,-,-,-,-
10583,10521,0.2620538284635671,-,-,-,-
10584,10521,0.2620538284635671,-,-,-,-
10585,10521,0.2620538284635671,-,-,-,-
10586,10521,0.2620538284635671,-,-,-,-
10587,10521,0.2620538284635671,-,-,-,-
10588,10521,0.2620538284635671,-,-,-,-
10589,10521,0.2620538284635671,-,-,-,-
10590,10521,0.2620538284635671,-,-,-,-
10591,10521,0.2620538284635671,-,-,-,-
10592,10521,0.2620538284635671,-,-,-,-
10593,10521,0.2620538284635671,-,-,-,-
10594,10521,0.2620538284635671,-,-,-,-
10595,10521,0.2620538284635671,-,-,-,-
10596,10521,0.2620538284635671,-,-,-,-
10597,10521,0.2620538284635671,-,-,-,-
10598,10521,0.2620538284635671,-,-,-,-
10599,10521,0.2620538284635671,-,-,-,-
10600,10521,0.2620538284635671,-,-,-,-
10601,10521,0.2620538284635671,-,-,-,-
10602,10521,0.2620538284635671,-,-,-,-
10603,10521,0.2620538284635671,-,-,-,-
10604,10521,0.2620538284635671,-,-,-,-
10605,10521,0.2620538284635671,-,-,-,-
10606,10521,0.2620538284635671,-,-,-,-
10607,10521,0.2620538284635671,-,-,-,-
10608,10521,0.2620538284635671,-,-,-,-
10609,10521,0.2620538284635671,-,-,-,-
10610,10521,0.2620538284635671,-,-,-,-
10611,10521,0.2620538284635671,-,-,-,-
10612,10521,0.2620538284635671,-,-,-,-
10613,10521,0.2620538284635671,-,-,-,-
10614,10522,2.012525971553485,-,-,-,-
10615,10523,3.559289775035535,-,-,-,-
10616,10524,4.9340417683967175,-,-,-,-
10617,10525,6.16261503588743,-,-,-,-
10618,10526,7.26617817616163,-,-,-,-
10619,10527,7.26617817616163,-,-,-,-
10620,10528,7.26617817616163,-,-,-,-
10621,10529,7.26617817616163,-,-,-,-
10622,10530,7.26617817616163,-,-,-,-
10623,10531,7.26617817616163,-,-,-,-
10624,10532,7.26617817616163,-,-,-,-
10625,10533,7.26617817616163,-,-,-,-
10626,10534,7.26617817616163,-,-,-,-
10627,10535,7.26617817616163,-,-,-,-
10628,10536,7.26617817616163,-,-,-,-
10629,10537,7.26617817616163,-,-,-,-
10630,10538,7.26617817616163,-,-,-,-
10631,10539,7.26617817616163,-,-,-,-
10632,10540,7.26617817616163,-,-,-,-
10633,10541,7.26617817616163,-,-,-,-
10634,10542,7.26617817616163,-,-,-,-
10635,10543,7.26617817616163,-,-,-,-
10636,10544,7.26617817616163,-,-,-,-
10637,10545,7.26617817616163,-,-,-,-
10638,10546,7.26617817616163,-,-,-,-
10639,10547,7.26617817616163,-,-,-,-
10640,10548,7.26617817616163,-,-,-,-
10641,10549,7.26617817616163,-,-,-,-
10642,10550,7.26617817616163,-,-,-,-
10643,10551,7.26617817616163,-,-,-,-
10644,10552,7.26617817616163,-,-,-,-
10645,10553,7.26617817616163,-,-,-,-
10646,10554,7.26617817616163,-,-,-,-
10647,10555,7.26617817616163,-,-,-,-
10648,10556,7.26617817616163,-,-,-,-
10649,10557,4.692021874429301,-,-,-,-
10650,10558,4.692021874429301,-,-,-,-
10651,10559,4.692021874429301,-,-,-,-
10651,10560,4.692021874429301,-,-,-,-
10651,10561,4.692021874429301,-,-,-,-
10651,10562,4.692021874429301,-,-,-,-
10651,10563,4.692021874429301,-,-,-,-
10651,10564,4.692021874429301,-,-,-,-
10651,10565,4.692021874429301,-,-,-,-
10651,10566,4.692021874429301,-,-,-,-
10651,10567,4.692021874429301,-,-,-,-
10651,10568,4.692021874429301,-,-,-,-
10651,10569,4.692021874429301,-,-,-,-
10651,10570,4.692021874429301,-,-,-,-
10651,10571,4.692021874429301,-,-,-,-
10651,10572,4.692021874429301,-,-,-,-
10651,10573,4.692021874429301,-,-,-,-
10651,10574,4.692021874429301,-,-,-,-
10651,10575,4.692021874429301,-,-,-,-
10651,10576,4.692021874429301,-,-,-,-
10651,10577,4.692021874429301,-,-,-,-
10651,10578,4.692021874429301,-,-,-,-
10651,10579,4.692021874429301,-,-,-,-
10651,10580,4.692021874429301,-,-,-,-
10651,10581,4.692021874429301,-,-,-,-
10651,10582,4.692021874429301,-,-,-,-
10651,10583,4.692021874429301,-,-,-,-
10651,10584,4.692021874429301,-,-,-,-
10651,10585,4.692021874429301,-,-,-,-
10651,10586,4.692021874429301,-,-,-,-
10651,10587,4.692021874429301,-,-,-,-
10651,10588,4.692021874429301,-,-,-,-
10651,10589,4.692021874429301,-,-,-,-
10651,10590,4.692021874429301,-,-,-,-
10651,10591,4.692021874429301,-,-,-,-
10651,10592,4.692021874429301,-,-,-,-
10651,10593,4.692021874429301,-,-,-,-
10651,10594,4.692021874429301,-,-,-,-
10651,10595,4.692021874429301,-,-,-,-
10651,10596,4.692021874429301,-,-,-,-
10651,10597,4.692021874429301,-,-,-,-
10651,10598,4.692021874429301,-,-,-,-
10651,10599,4.692021874429301,-,-,-,-
10651,10600,4.692021874429301,-,-,-,-
10651,10601,4.692021874429301,-,-,-,-
10651,10602,4.692021874429301,-,-,-,-
10651,10603,4.692021874429301,-,-,-,-
10651,10604,4.692021874429301,-,-,-,-
10651,10605,4.692021874429301,-,-,-,-
10651,10606,4.692021874429301,-,-,-,-
10651,10607,4.692021874429301,-,-,-,-
10651,10608,4.692021874429301,-,-,-,-
10651,10609,4.692021874429301,-,-,-,-
10651,10610,4.692021874429301,-,-,-,-
10651,10611,4.692021874429301,-,-,-,-
10651,10612,4.692021874429301,-,-,-,-
10651,10613,4.692021874429301,-,-,-,-
10651,10614,4.692021874429301,-,-,-,-
10651,10615,4.692021874429301,-,-,-,-
10651,10616,4.692021874429301,-,-,-,-
10651,10617,4.692021874429301,-,-,-,-
10651,10618,4.692021874429301,-,-,-,-
10651,10619,4.692021874429301,-,-,-,-
10651,10620,4.692021874429301,-,-,-,-
10651,10621,4.692021874429301,-,-,-,-
10651,10622,4.692021874429301,-,-,-,-
10651,10623,4.692021874429301,-,-,-,-
10651,10624,4.692021874429301,-,-,-,-
10651,10625,4.692021874429301,-,-,-,-
10651,10626,4.692021874429301,-,-,-,-
10651,10627,4.692021874429301,-,-,-,-
10651,10628,4.692021874429301,-,-,-,-
10651,10629,4.692021874429301,-,-,-,-
10651,10630,4.692021874429301,-,-,-,-
10651,10631,4.692021874429301,-,-,-,-
10652,10632,4.692021874429301,-,-,-,-
10653,10633,4.692021874429301,-,-,-,-
10654,10634,4.692021874429301,-,-,-,-
10655,10635,4.692021874429301,-,-,-,-
10656,10636,4.692021874429301,-,-,-,-
10657,10637,4.692021874429301,-,-,-,-
10658,10638,4.692021874429301,-,-,-,-
10659,10639,4.692021874429301,-,-,-,-
10660,10640,4.692021874429301,-,-,-,-
10661,10641,4.692021874429301,-,-,-,-
10662,10642,4.692021874429301,-,-,-,-
10663,10643,4.692021874429301,-,-,-,-
10664,10644,4.692021874429301,-,-,-,-
10665,10645,4.692021874429301,-,-,-,-
10666,10646,4.692021874429301,-,-,-,-
10667,10647,4.692021874429301,-,-,-,-
10668,10648,4.692021874429301,-,-,-,-
10669,10649,3.6447911519627105,-,-,-,-
10670,10650,2.5004832678777835,-,-,-,-
10671,10651,1.2459974484933845,-,-,-,-
10672,10652,0.1339874561693988,-,-,-,-
10673,10652,0.1339874561693988,-,-,-,-
10674,10652,0.1339874561693988,-,-,-,-
10675,10652,0.1339874561693988,-,-,-,-
10676,10652,0.1339874561693988,-,-,-,-
10677,10652,0.1339874561693988,-,-,-,-
10678,10652,0.1339874561693988,-,-,-,-
10679,10652,0.1339874561693988,-,-,-,-
10680,10652,0.1339874561693988,-,-,-,-
10681,10652,0.1339874561693988,-,-,-,-
10682,10652,0.1339874561693988,-,-,-,-
10683,10652,0.1339874561693988,-,-,-,-
10684,10652,0.1339874561693988,-,-,-,-
10685,10652,0.1339874561693988,-,-,-,-
10686,10652,0.1339874561693988,-,-,-,-
10687,10652,0.1339874561693988,-,-,-,-
10688,10652,0.1339874561693988,-,-,-,-
10689,10652,0.1339874561693988,-,-,-,-
10690,10652,0.1339874561693988,-,-,-,-
10691,10652,0.1339874561693988,-,-,-,-
10692,10652,0.1339874561693988,-,-,-,-
10693,10652,0.1339874561693988,-,-,-,-
10694,10652,0.1339874561693988,-,-,-,-
10695,10652,0.1339874561693988,-,-,-,-
10696,10652,0.1339874561693988,-,-,-,-
10697,10652,0.1339874561693988,-,-,-,-
10698,10652,0.1339874561693988,-,-,-,-
10699,10652,0.1339874561693988,-,-,-,-
10700,10652,0.1339874561693988,-,-,-,-
10701,10652,0.1339874561693988,-,-,-,-
10702,10652,0.1339874561693988,-,-,-,-
10703,10652,0.1339874561693988,-,-,-,-
10704,10652,0.1339874561693988,-,-,-,-
10705,10652,0.1339874561693988,-,-,-,-
10706,10652,0.1339874561693988,-,-,-,-
10707,10652,0.1339874561693988,-,-,-,-
10708,10652,0.1339874561693988,-,-,-,-
10709,10652,0.1339874561693988,-,-,-,-
10710,10652,0.1339874561693988,-,-,-,-
10711,10652,0.1339874561693988,-,-,-,-
10712,10652,0.1339874561693988,-,-,-,-
10713,10652,0.1339874561693988,-,-,-,-
10714,10652,0.1339874561693988,-,-,-,-
10715,10652,0.1339874561693988,-,-,-,-
10716,10652,0.1339874561693988,-,-,-,-
10717,10652,0.1339874561693988,-,-,-,-
10718,10652,0.1339874561693988,-,-,-,-
10719,10652,0.1339874561693988,-,-,-,-
10720,10652,0.1339874561693988,-,-,-,-
10721,10652,0.1339874561693988,-,-,-,-
10722,10652,0.1339874561693988,-,-,-,-
10723,10652,0.1339874561693988,-,-,-,-
10724,10652,0.1339874561693988,-,-,-,-
10725,10652,0.1339874561693988,-,-,-,-
10726,10652,0.1339874561693988,-,-,-,-
10727,10652,0.1339874561693988,-,-,-,-
10728,10652,0.1339874561693988,-,-,-,-
10729,10652,0.1339874561693988,-,-,-,-
10730,10652,0.1339874561693988,-,-,-,-
10731,10652,0.1339874561693988,-,-,-,-
10732,10652,0.1339874561693988,-,-,-,-
10733,10652,0.1339874561693988,-,-,-,-
10734,10652,0.1339874561693988,-,-,-,-
10735,10652,0.1339874561693988,-,-,-,-
10736,10652,0.1339874561693988,-,-,-,-
10737,10652,0.1339874561693988,-,-,-,-
10738,10652,0.1339874561693988,-,-,-,-
10739,10652,0.1339874561693988,-,-,-,-
10740,10652,0.1339874561693988,-,-,-,-
10741,10652,0.1339874561693988,-,-,-,-
10742,10652,0.1339874561693988,-,-,-,-
10743,10652,0.1339874561693988,-,-,-,-
10744,10652,0.1339874561693988,-,-,-,-
10745,10652,0.1339874561693988,-,-,-,-
10746,10652,0.1339874561693988,-,-,-,-
10747,10652,0.1339874561693988,-,-,-,-
10748,10652,0.1339874561693988,-,-,-,-
10749,10652,0.1339874561693988,-,-,-,-
10750,10652,0.1339874561693988,-,-,-,-
10751,10652,0.1339874561693988,-,-,-,-
10752,10652,0.1339874561693988,-,-,-,-
10753,10652,0.1339874561693988,-,-,-,-
10754,10652,0.1339874561693988,-,-,-,-
10755,10652,0.1339874561693988,-,-,-,-
10756,10652,0.1339874561693988,-,-,-,-
10757,10652,0.1339874561693988,-,-,-,-
10758,10652,0.1339874561693988,-,-,-,-
10759,10652,0.1339874561693988,-,-,-,-
10760,10652,0.1339874561693988,-,-,-,-
10761,10652,0.1339874561693988,-,-,-,-
10762,10652,0.1339874561693988,-,-,-,-
10763,10652,0.1339874561693988,-,-,-,-
10764,10652,0.1339874561693988,-,-,-,-
10765,10652,0.1339874561693988,-,-,-,-
10766,10652,0.1339874561693988,-,-,-,-
10767,10652,0.1339874561693988,-,-,-,-
10768,10652,0.1339874561693988,-,-,-,-
10769,10652,0.1339874561693988,-,-,-,-
10770,10652,0.1339874561693988,-,-,-,-
10771,10652,0.1339874561693988,-,-,-,-
10772,10652,0.1339874561693988,-,-,-,-
10773,10652,0.1339874561693988,-,-,-,-
10774,10652,0.1339874561693988,-,-,-,-
10775,10652,0.1339874561693988,-,-,-,-
10776,10652,0.1339874561693988,-,-,-,-
10777,10652,0.1339874561693988,-,-,-,-
10778,10653,1.6574261295133097,-,-,-,-
10779,10654,3.3453833190373015,-,-,-,-
10780,10655,5.222566769001776,-,-,-,-
10781,10656,7.317892019077599,-,-,-,-
10782,10657,9.665022041770237,-,-,-,-
10783,10658,9.935127851495407,-,-,-,-
10784,10659,6.962754459849252,-,-,-,-
10785,10660,3.6071890136379805,-,-,-,-
10786,10661,0.18277842222151078,-,-,-,-
10787,10662,4.457053746323635,-,-,-,-
10788,10663,9.257329374583906,-,-,-,-
10789,10664,14.606543261507142,-,-,-,-
10790,10665,20.49511589039407,-,-,-,-
10791,10666,26.866658666248842,-,-,-,-
10792,10667,33.608841760421875,-,-,-,-
10793,10668,40.55660484400199,-,-,-,-
10794,10669,47.51175274611283,-,-,-,-
10795,10670,54.27484689584143,-,-,-,-
10796,10671,54.27484689584143,-,-,-,-
10797,10672,54.27484689584143,-,-,-,-
10798,10673,54.27484689584143,-,-,-,-
10799,10674,54.27484689584143,-,-,-,-
10800,10675,54.27484689584143,-,-,-,-
10801,10676,54.27484689584143,-,-,-,-
10802,10677,54.27484689584143,-,-,-,-
10803,10678,54.27484689584143,-,-,-,-
10804,10679,54.27484689584143,-,-,-,-
10805,10680,54.27484689584143,-,-,-,-
10806,10681,54.27484689584143,-,-,-,-
10807,10682,54.27484689584143,-,-,-,-
10808,10683,54.27484689584143,-,-,-,-
10809,10684,54.27484689584143,-,-,-,-
10810,10685,54.27484689584143,-,-,-,-
10811,10686,54.27484689584143,-,-,-,-
10812,10687,54.27484689584143,-,-,-,-
10813,10688,54.27484689584143,-,-,-,-
10814,10689,54.27484689584143,-,-,-,-
10815,10690,54.27484689584143,-,-,-,-
10816,10691,54.27484689584143,-,-,-,-
10817,10692,54.27484689584143,-,-,-,-
10818,10693,54.27484689584143,-,-,-,-
10819,10694,54.27484689584143,-,-,-,-
10820,10695,54.27484689584143,-,-,-,-
10821,10696,54.27484689584143,-,-,-,-
10822,10697,54.27484689584143,-,-,-,-
10823,10698,54.27484689584143,-,-,-,-
10824,10699,54.27484689584143,-,-,-,-
10825,10700,54.27484689584143,-,-,-,-
10826,10701,54.27484689584143,-,-,-,-
10827,10702,54.27484689584143,-,-,-,-
10828,10703,54.27484689584143,-,-,-,-
10829,10704,54.27484689584143,-,-,-,-
10830,10705,54.27484689584143,-,-,-,-
10831,10706,54.27484689584143,-,-,-,-
10832,10707,54.27484689584143,-,-,-,-
10833,10708,54.27484689584143,-,-,-,-
10834,10709,54.27484689584143,-,-,-,-
10835,10710,54.27484689584143,-,-,-,-
10836,10711,54.27484689584143,-,-,-,-
10837,10712,54.27484689584143,-,-,-,-
10838,10713,54.27484689584143,-,-,-,-
10839,10714,54.27484689584143,-,-,-,-
10840,10715,54.27484689584143,-,-,-,-
10841,10716,54.27484689584143,-,-,-,-
10842,10717,54.27484689584143,-,-,-,-
10843,10718,54.27484689584143,-,-,-,-
10844,10719,54.27484689584143,-,-,-,-
10845,10720,54.27484689584143,-,-,-,-
10846,10721,54.27484689584143,-,-,-,-
10847,10722,54.27484689584143,-,-,-,-
10848,10723,54.27484689584143,-,-,-,-
10849,10724,54.27484689584143,-,-,-,-
10850,10725,54.27484689584143,-,-,-,-
10851,10726,54.27484689584143,-,-,-,-
10852,10727,54.27484689584143,-,-,-,-
10853,10728,54.27484689584143,-,-,-,-
10854,10729,54.27484689584143,-,-,-,-
10855,10730,54.27484689584143,-,-,-,-
10856,10731,54.27484689584143,-,-,-,-
10857,10732,54.27484689584143,-,-,-,-
10858,10733,54.27484689584143,-,-,-,-
10859,10734,54.27484689584143,-,-,-,-
10860,10735,54.27484689584143,-,-,-,-
10861,10736,54.27484689584143,-,-,-,-
10862,10737,54.27484689584143,-,-,-,-
10863,10738,54.27484689584143,-,-,-,-
10864,10739,54.27484689584143,-,-,-,-
10865,10740,54.27484689584143,-,-,-,-
10866,10741,54.27484689584143,-,-,-,-
10867,10742,54.27484689584143,-,-,-,-
10868,10743,54.27484689584143,-,-,-,-
10869,10744,54.27484689584143,-,-,-,-
10870,10745,54.27484689584143,-,-,-,-
10871,10746,54.27484689584143,-,-,-,-
10872,10747,54.27484689584143,-,-,-,-
10873,10748,54.27484689584143,-,-,-,-
10874,10749,54.27484689584143,-,-,-,-
10875,10750,54.27484689584143,-,-,-,-
10876,10751,54.27484689584143,-,-,-,-
10877,10752,54.27484689584143,-,-,-,-
10878,10753,54.27484689584143,-,-,-,-
10879,10754,54.27484689584143,-,-,-,-
10880,10755,54.27484689584143,-,-,-,-
10881,10756,54.27484689584143,-,-,-,-
10882,10757,54.27484689584143,-,-,-,-
10883,10758,54.27484689584143,-,-,-,-
10884,10759,54.27484689584143,-,-,-,-
10885,10760,54.27484689584143,-,-,-,-
10886,10761,54.27484689584143,-,-,-,-
10887,10762,54.27484689584143,-,-,-,-
10888,10763,54.27484689584143,-,-,-,-
10889,10764,54.27484689584143,-,-,-,-
10890,10765,54.27484689584143,-,-,-,-
10891,10766,54.27484689584143,-,-,-,-
10892,10767,54.27484689584143,-,-,-,-
10893,10768,54.27484689584143,-,-,-,-
10894,10769,54.27484689584143,-,-,-,-
10895,10770,54.27484689584143,-,-,-,-
10896,10771,54.27484689584143,-,-,-,-
10897,10772,54.27484689584143,-,-,-,-
10898,10773,54.27484689584143,-,-,-,-
10899,10774,54.27484689584143,-,-,-,-
10900,10775,54.27484689584143,-,-,-,-
10901,10776,54.27484689584143,-,-,-,-
10902,10777,54.27484689584143,-,-,-,-
10903,10778,54.27484689584143,-,-,-,-
10904,10779,54.27484689584143,-,-,-,-
10905,10780,54.27484689584143,-,-,-,-
10906,10781,54.27484689584143,-,-,-,-
10907,10782,54.27484689584143,-,-,-,-
10908,10783,54.27484689584143,-,-,-,-
10909,10784,54.27484689584143,-,-,-,-
10910,10785,54.27484689584143,-,-,-,-
10911,10786,54.27484689584143,-,-,-,-
10912,10787,54.27484689584143,-,-,-,-
10913,10788,54.27484689584143,-,-,-,-
10914,10789,54.27484689584143,-,-,-,-
10915,10790,54.27484689584143,-,-,-,-
10916,10791,54.27484689584143,-,-,-,-
10917,10792,54.27484689584143,-,-,-,-
10918,10793,54.27484689584143,-,-,-,-
10919,10794,54.27484689584143,-,-,-,-
10920,10795,54.27484689584143,-,-,-,-
10921,10796,54.27484689584143,-,-,-,-
10922,10797,54.27484689584143,-,-,-,-
10923,10798,54.27484689584143,-,-,-,-
10924,10799,54.27484689584143,-,-,-,-
10925,10800,54.27484689584143,-,-,-,-
10926,10801,54.27484689584143,-,-,-,-
10927,10802,54.27484689584143,-,-,-,-
10928,10803,54.27484689584143,-,-,-,-
10929,10804,54.27484689584143,-,-,-,-
10930,10805,54.27484689584143,-,-,-,-
10931,10806,54.27484689584143,-,-,-,-
10932,10807,54.27484689584143,-,-,-,-
10933,10808,54.27484689584143,-,-,-,-
10934,10809,54.27484689584143,-,-,-,-
10935,10810,54.27484689584143,-,-,-,-
10936,10811,54.27484689584143,-,-,-,-
10937,10812,54.27484689584143,-,-,-,-
10938,10813,54.27484689584143,-,-,-,-
10939,10814,54.27484689584143,-,-,-,-
10940,10815,54.27484689584143,-,-,-,-
10941,10816,54.27484689584143,-,-,-,-
10942,10817,54.27484689584143,-,-,-,-
10943,10818,54.27484689584143,-,-,-,-
10944,10819,54.27484689584143,-,-,-,-
10945,10820,54.27484689584143,-,-,-,-
10946,10821,54.27484689584143,-,-,-,-
10947,10822,54.27484689584143,-,-,-,-
10948,10823,54.27484689584143,-,-,-,-
10949,10824,54.27484689584143,-,-,-,-
10949,10825,54.27484689584143,-,-,-,-
10949,10826,54.27484689584143,-,-,-,-
10949,10827,54.27484689584143,-,-,-,-
10949,10828,54.27484689584143,-,-,-,-
10949,10829,54.27484689584143,-,-,-,-
10949,10830,54.27484689584143,-,-,-,-
10949,10831,54.27484689584143,-,-,-,-
10949,10832,54.27484689584143,-,-,-,-
10949,10833,54.27484689584143,-,-,-,-
10949,10834,54.27484689584143,-,-,-,-
10949,10835,54.27484689584143,-,-,-,-
10949,10836,54.27484689584143,-,-,-,-
10949,10837,54.27484689584143,-,-,-,-
10949,10838,54.27484689584143,-,-,-,-
10949,10839,54.27484689584143,-,-,-,-
10949,10840,54.27484689584143,-,-,-,-
10949,10841,54.27484689584143,-,-,-,-
10949,10842,54.27484689584143,-,-,-,-
10949,10843,54.27484689584143,-,-,-,-
10949,10844,54.27484689584143,-,-,-,-
10949,10845,54.27484689584143,-,-,-,-
10949,10846,54.27484689584143,-,-,-,-
10949,10847,54.27484689584143,-,-,-,-
10949,10848,54.27484689584143,-,-,-,-
10949,10849,54.27484689584143,-,-,-,-
10949,10850,54.27484689584143,-,-,-,-
10949,10851,54.27484689584143,-,-,-,-
10949,10852,54.27484689584143,-,-,-,-
10949,10853,54.27484689584143,-,-,-,-
10949,10854,54.27484689584143,-,-,-,-
10949,10855,54.27484689584143,-,-,-,-
10949,10856,54.27484689584143,-,-,-,-
10949,10857,54.27484689584143,-,-,-,-
10949,10858,54.27484689584143,-,-,-,-
10949,10859,54.27484689584143,-,-,-,-
10949,10860,54.27484689584143,-,-,-,-
10949,10861,54.27484689584143,-,-,-,-
10949,10862,54.27484689584143,-,-,-,-
10949,10863,54.27484689584143,-,-,-,-
10949,10864,54.27484689584143,-,-,-,-
10949,10865,54.27484689584143,-,-,-,-
10949,10866,54.27484689584143,-,-,-,-
10949,10867,54.27484689584143,-,-,-,-
10949,10868,54.27484689584143,-,-,-,-
10949,10869,54.27484689584143,-,-,-,-
10949,10870,54.27484689584143,-,-,-,-
10949,10871,54.27484689584143,-,-,-,-
10949,10872,54.27484689584143,-,-,-,-
10949,10873,54.27484689584143,-,-,-,-
10949,10874,54.27484689584143,-,-,-,-
10949,10875,54.27484689584143,-,-,-,-
10949,10876,54.27484689584143,-,-,-,-
10949,10877,54.27484689584143,-,-,-,-
10949,10878,54.27484689584143,-,-,-,-
10949,10879,54.27484689584143,-,-,-,-
10949,10880,54.27484689584143,-,-,-,-
10949,10881,54.27484689584143,-,-,-,-
10949,10882,54.27484689584143,-,-,-,-
10949,10883,54.27484689584143,-,-,-,-
10949,10884,54.27484689584143,-,-,-,-
10949,10885,54.27484689584143,-,-,-,-
10949,10886,54.27484689584143,-,-,-,-
10949,10887,54.27484689584143,-,-,-,-
10949,10888,54.27484689584143,-,-,-,-
10949,10889,54.27484689584143,-,-,-,-
10949,10890,54.27484689584143,-,-,-,-
10949,10891,54.27484689584143,-,-,-,-
10949,10892,54.27484689584143,-,-,-,-
10949,10893,54.27484689584143,-,-,-,-
10949,10894,54.27484689584143,-,-,-,-
10949,10895,54.27484689584143,-,-,-,-
10949,10896,54.27484689584143,-,-,-,-
10949,10897,54.27484689584143,-,-,-,-
10949,10898,54.27484689584143,-,-,-,-
10949,10899,54.27484689584143,-,-,-,-
10949,10900,54.27484689584143,-,-,-,-
10949,10901,54.27484689584143,-,-,-,-
10949,10902,54.27484689584143,-,-,-,-
10949,10903,54.27484689584143,-,-,-,-
10949,10904,54.27484689584143,-,-,-,-
10949,10905,54.27484689584143,-,-,-,-
10949,10906,54.27484689584143,-,-,-,-
10949,10907,54.27484689584143,-,-,-,-
10949,10908,54.27484689584143,-,-,-,-
10949,10909,54.27484689584143,-,-,-,-
10949,10910,54.27484689584143,-,-,-,-
10949,10911,54.27484689584143,-,-,-,-
10949,10912,54.27484689584143,-,-,-,-
10949,10913,54.27484689584143,-,-,-,-
10949,10914,54.27484689584143,-,-,-,-
10949,10915,54.27484689584143,-,-,-,-
10949,10916,54.27484689584143,-,-,-,-
10949,10917,54.27484689584143,-,-,-,-
10949,10918,54.27484689584143,-,-,-,-
10949,10919,54.27484689584143,-,-,-,-
10949,10920,54.27484689584143,-,-,-,-
10949,10921,54.27484689584143,-,-,-,-
10949,10922,54.27484689584143,-,-,-,-
10949,10923,54.27484689584143,-,-,-,-
10949,10924,54.27484689584143,-,-,-,-
10949,10925,54.27484689584143,-,-,-,-
10949,10926,54.27484689584143,-,-,-,-
10949,10927,54.27484689584143,-,-,-,-
10949,10928,54.27484689584143,-,-,-,-
10949,10929,54.27484689584143,-,-,-,-
10949,10930,54.27484689584143,-,-,-,-
10949,10931,54.27484689584143,-,-,-,-
10949,10932,54.27484689584143,-,-,-,-
10949,10933,54.27484689584143,-,-,-,-
10949,10934,54.27484689584143,-,-,-,-
10949,10935,54.27484689584143,-,-,-,-
10949,10936,54.27484689584143,-,-,-,-
10949,10937,54.27484689584143,-,-,-,-
10949,10938,54.27484689584143,-,-,-,-
10949,10939,54.27484689584143,-,-,-,-
10949,10940,54.27484689584143,-,-,-,-
10949,10941,54.27484689584143,-,-,-,-
10949,10942,54.27484689584143,-,-,-,-
10949,10943,54.27484689584143,-,-,-,-
10949,10944,54.27484689584143,-,-,-,-
10949,10945,54.27484689584143,-,-,-,-
10949,10946,54.27484689584143,-,-,-,-
10949,10947,54.27484689584143,-,-,-,-
10949,10948,54.27484689584143,-,-,-,-
10949,10949,54.27484689584143,-,-,-,-
