450683.7801217815
9355
