122052.48513359272
2628
