887896.935809382
9883
